'138.0.1',16500,55000,,'',1,7000,,'',1,3000,,'',1,7000,,'',1,3000,,'',1,7000,,'',1,3000,,'',1,7000,,'',1,3000,,'',1,9000,,'',1,9000,,'',1,9000,,'',1,9000,,'',1,14700,,'',1,7800,,'',1,7800,,'',1,3800,,'',1,7800,,'',1,7800,,'',1,3800,,'',1,7800,,'',1,7700,,'',1,3700,,'',1,7700,,'',1,3700,,'',1,7700,,'',1,7700,,'',1,3700,,'',1,7700,,'',1
'138.0.1',16501,54500,4,'',1,9000,4,'',1,7000,4,'',1,3500,4,'',1,7000,4,'',1,3000,4,'',1,7000,4,'',1,2500,4,'',1,7000,4,'',1,3000,4,'',1,8400,4,'',1,9000,4,'',1,5000,4,'',1,9000,4,'',1,9600,4,'',1,19800,4,'',1,7800,4,'',1,3700,4,'',1,7800,4,'',1,7200,4,'',1,3200,4,'',1,1900,4,'',1,7300,4,'',1,7400,4,'',1,3700,4,'',1,7700,4,'',1,3700,4,'',1,7700,4,'',1,7300,4,'',1
'138.0.2',16500,60800,,'',1,3600,,'',1,7600,,'',1,3600,,'',1,7600,,'',1,7600,,'',1,3600,,'',1,7600,,'',1,3600,,'',1,8000,,'',1,8000,,'',1,4000,,'',1,8000,,'',1,8000,,'',1,4000,,'',1,8000,,'',1,8000,,'',1,4000,,'',1,8000,,'',1,7500,,'',1,3500,,'',1,7500,,'',1,3500,,'',1,7500,,'',1,7500,,'',1,3500,,'',1,7500,,'',1,3500,,'',1,7500,,'',1,7500,,'',1,2400,,'',1
'138.0.2',16501,71100,4,'',1,3600,4,'',1,7600,4,'',1,7900,4,'',1,3600,4,'',1,7600,4,'',1,3600,4,'',1,7600,4,'',1,8500,4,'',1,4000,4,'',1,8000,4,'',1,8000,4,'',1,4000,4,'',1,8000,4,'',1,8000,4,'',1,4000,4,'',1,8000,4,'',1,7500,4,'',1,3500,4,'',1,7500,4,'',1,3500,4,'',1,7500,4,'',1,7500,4,'',1,3500,4,'',1,7500,4,'',1,3300,4,'',1,7500,4,'',1,3500,4,'',1,6600,4,'',1
'138.0.3',16500,74900,,'',1,7300,,'',1,3300,,'',1,7300,,'',1,7300,,'',1,3300,,'',1,7300,,'',1,3300,,'',1,7300,,'',1,3300,,'',1,7300,,'',1,3300,,'',1,7300,,'',1,3300,,'',1,7300,,'',1,7300,,'',1,3300,,'',1,7300,,'',1,3300,,'',1,7300,,'',1,3300,,'',1,7400,,'',1,3200,,'',1,7300,,'',1,7300,,'',1,3300,,'',1,7300,,'',1,3300,,'',1,7300,,'',1,3300,,'',1,7300,,'',1
'138.0.3',16501,84800,4,'',1,7300,4,'',1,3300,4,'',1,7300,4,'',1,7300,4,'',1,3500,4,'',1,7300,4,'',1,3300,4,'',1,7300,4,'',1,3300,4,'',1,7300,4,'',1,3300,4,'',1,7300,4,'',1,3300,4,'',1,7300,4,'',1,7300,4,'',1,3300,4,'',1,7300,4,'',1,3300,4,'',1,7400,4,'',1,3200,4,'',1,7200,4,'',1,3300,4,'',1,7300,4,'',1,7300,4,'',1,3300,4,'',1,7300,4,'',1,3100,4,'',1,7300,4,'',1
'138.0.74',16500,60800,,'',1,3600,,'',1,7600,,'',1,3600,,'',1,7600,,'',1,7600,,'',1,3600,,'',1,7600,,'',1,3600,,'',1,8000,,'',1,8000,,'',1,4000,,'',1,8000,,'',1,8000,,'',1,4000,,'',1,8000,,'',1,8000,,'',1,4000,,'',1,8000,,'',1,7500,,'',1,3500,,'',1,7500,,'',1,3500,,'',1,7500,,'',1,7500,,'',1,3500,,'',1,7500,,'',1,3500,,'',1,7500,,'',1,7500,,'',1,2400,,'',1
'138.0.74',16501,71100,4,'',1,3600,4,'',1,7600,4,'',1,7900,4,'',1,3600,4,'',1,7600,4,'',1,3600,4,'',1,7600,4,'',1,8500,4,'',1,4000,4,'',1,8000,4,'',1,8000,4,'',1,4000,4,'',1,8000,4,'',1,8000,4,'',1,4000,4,'',1,8000,4,'',1,7500,4,'',1,3500,4,'',1,7500,4,'',1,3500,4,'',1,7500,4,'',1,7500,4,'',1,3500,4,'',1,7500,4,'',1,3300,4,'',1,7500,4,'',1,3500,4,'',1,6600,4,'',1
'138.0.75',16500,60800,,'',1,3600,,'',1,7600,,'',1,3600,,'',1,7600,,'',1,7600,,'',1,3600,,'',1,7600,,'',1,3600,,'',1,8000,,'',1,8000,,'',1,4000,,'',1,8000,,'',1,8000,,'',1,4000,,'',1,8000,,'',1,8000,,'',1,4000,,'',1,8000,,'',1,7500,,'',1,3500,,'',1,7500,,'',1,3500,,'',1,7500,,'',1,7500,,'',1,3500,,'',1,7500,,'',1,3500,,'',1,7500,,'',1,7500,,'',1,2400,,'',1
'138.0.75',16501,71100,4,'',1,3600,4,'',1,7600,4,'',1,7900,4,'',1,3600,4,'',1,7600,4,'',1,3600,4,'',1,7600,4,'',1,8500,4,'',1,4000,4,'',1,8000,4,'',1,8000,4,'',1,4000,4,'',1,8000,4,'',1,8000,4,'',1,4000,4,'',1,8000,4,'',1,7500,4,'',1,3500,4,'',1,7500,4,'',1,3500,4,'',1,7500,4,'',1,7500,4,'',1,3500,4,'',1,7500,4,'',1,3300,4,'',1,7500,4,'',1,3500,4,'',1,6600,4,'',1
'138.0.80',16500,74900,,'',1,7300,,'',1,3300,,'',1,7300,,'',1,7300,,'',1,3300,,'',1,7300,,'',1,3300,,'',1,7300,,'',1,3300,,'',1,7300,,'',1,3300,,'',1,7300,,'',1,3300,,'',1,7300,,'',1,7300,,'',1,3300,,'',1,7300,,'',1,3300,,'',1,7300,,'',1,3300,,'',1,7400,,'',1,3200,,'',1,7300,,'',1,7300,,'',1,3300,,'',1,7300,,'',1,3300,,'',1,7300,,'',1,3300,,'',1,7300,,'',1
'138.0.80',16501,84800,4,'',1,7300,4,'',1,3300,4,'',1,7300,4,'',1,7300,4,'',1,3500,4,'',1,7300,4,'',1,3300,4,'',1,7300,4,'',1,3300,4,'',1,7300,4,'',1,3300,4,'',1,7300,4,'',1,3300,4,'',1,7300,4,'',1,7300,4,'',1,3300,4,'',1,7300,4,'',1,3300,4,'',1,7400,4,'',1,3200,4,'',1,7200,4,'',1,3300,4,'',1,7300,4,'',1,7300,4,'',1,3300,4,'',1,7300,4,'',1,3100,4,'',1,7300,4,'',1
'138.35070.3',16500,245200,,'',1,7300,,'',1,3300,,'',1,7300,,'',1,8500,,'',1
'138.35070.3',16501,244200,4,'',1,7300,4,'',1,3300,4,'',1,7300,4,'',1,3300,4,'',1
'138.0.1',1650600,60500,,'',1,3000,,'',1,7000,,'',1,3000,,'',1,7000,,'',1,3000,,'',1,7000,,'',1,45100,,'',1,8200,,'',1,7800,,'',1,3800,,'',1,7800,,'',1,7800,,'',1,3800,,'',1,7800,,'',1,7800,,'',1
'138.0.1',1650601,65600,4,'',1,7000,4,'',1,3300,4,'',1,7000,4,'',1,3000,4,'',1,7000,4,'',1,2700,4,'',1,7000,4,'',1,51000,4,'',1,8200,4,'',1,3800,4,'',1,8700,4,'',1,7800,4,'',1,3300,4,'',1,7200,4,'',1
