'133.0.1',201,54130,4,'',1,5990,4,'',1,2210,4,'',1,1990,4,'',1,1100,4,'',1,6100,4,'',1,2100,4,'',1,6590,4,'',1,2100,4,'',1,2500,4,'',1,5900,4,'',1,2300,4,'',1,1230,4,'',1,6100,4,'',1,2100,4,'',1,2200,4,'',1,7300,4,'',1,8900,4,'',1,2900,4,'',1,7900,4,'',1,4100,4,'',1,7700,4,'',1,7400,4,'',1,4510,4,'',1,5500,4,'',1,2200,4,'',1,7500,4,'',1,1800,4,'',1,3500,4,'',1,6500,4,'',1,1870,4,'',1,6500,4,'',1,2000,4,'',1,1880,4,'',1,5600,4,'',1,2600,4,'',1,8400,4,'',1,9010,4,'',1,5300,4,'',1,8820,4,'',1
'133.0.2',201,85610,4,'',1,7700,4,'',1,8390,4,'',1,3700,4,'',1,7700,4,'',1,7640,4,'',1,3900,4,'',1,8080,4,'',1,7900,4,'',1,3900,4,'',1,7900,4,'',1,7900,4,'',1,3920,4,'',1,8100,4,'',1,8100,4,'',1,4100,4,'',1,7660,4,'',1,8100,4,'',1,3700,4,'',1,7700,4,'',1,3600,4,'',1,7110,4,'',1,3500,4,'',1,7500,4,'',1,7040,4,'',1,3500,4,'',1
'133.0.3',201,94710,4,'',1,11200,4,'',1,15200,4,'',1,11200,4,'',1,11200,4,'',1,11730,4,'',1,15700,4,'',1,11700,4,'',1,11700,4,'',1,10990,4,'',1,14900,4,'',1,10900,4,'',1,10900,4,'',1
'133.0.74',201,85610,4,'',1,7700,4,'',1,8390,4,'',1,3700,4,'',1,7700,4,'',1,7640,4,'',1,3900,4,'',1,8080,4,'',1,7900,4,'',1,3900,4,'',1,7900,4,'',1,7900,4,'',1,3920,4,'',1,8100,4,'',1,8100,4,'',1,4100,4,'',1,7660,4,'',1,8100,4,'',1,3700,4,'',1,7700,4,'',1,3600,4,'',1,7110,4,'',1,3500,4,'',1,7500,4,'',1,7040,4,'',1,3500,4,'',1
'133.0.80',201,94710,4,'',1,11200,4,'',1,15200,4,'',1,11200,4,'',1,11200,4,'',1,11730,4,'',1,15700,4,'',1,11700,4,'',1,11700,4,'',1,10990,4,'',1,14900,4,'',1,10900,4,'',1,10900,4,'',1
'133.0.1',500,53100,4,'',1,2200,4,'',1,6200,4,'',1,2200,4,'',1,2200,4,'',1,6420,4,'',1,2200,4,'',1,6610,4,'',1,1990,4,'',1,2200,4,'',1,6200,4,'',1,2200,4,'',1,7200,4,'',1,3200,4,'',1,7200,4,'',1,3200,4,'',1,7200,4,'',1,3200,4,'',1,7200,4,'',1,3200,4,'',1,7200,4,'',1,3200,4,'',1,6510,4,'',1,2300,4,'',1,6100,4,'',1,2300,4,'',1,2300,4,'',1,6200,4,'',1,2300,4,'',1,6300,4,'',1,2300,4,'',1,2090,4,'',1,6300,4,'',1,2300,4,'',1,2800,4,'',1,6800,4,'',1,2800,4,'',1,6800,4,'',1,2680,4,'',1,6800,4,'',1,2300,4,'',1
'133.0.2',500,70520,4,'',1,2800,4,'',1,6800,4,'',1,2800,4,'',1,2800,4,'',1,6800,4,'',1,2800,4,'',1,6800,4,'',1,2800,4,'',1,6800,4,'',1,3000,4,'',1,6800,4,'',1,2800,4,'',1,6800,4,'',1,3000,4,'',1,7000,4,'',1,2900,4,'',1,6900,4,'',1,2900,4,'',1,6900,4,'',1,2900,4,'',1,6900,4,'',1,2900,4,'',1,6700,4,'',1,2600,4,'',1,2600,4,'',1,6700,4,'',1,2480,4,'',1,6500,4,'',1
'133.0.74',500,70520,4,'',1,2800,4,'',1,6800,4,'',1,2800,4,'',1,2800,4,'',1,6800,4,'',1,2800,4,'',1,6800,4,'',1,2800,4,'',1,6800,4,'',1,3000,4,'',1,6800,4,'',1,2800,4,'',1,6800,4,'',1,3000,4,'',1,7000,4,'',1,2900,4,'',1,6900,4,'',1,2900,4,'',1,6900,4,'',1,2900,4,'',1,6900,4,'',1,2900,4,'',1,6700,4,'',1,2600,4,'',1,2600,4,'',1,6700,4,'',1,2480,4,'',1,6500,4,'',1
'133.0.1',2301,60350,4,'',1,10600,4,'',1,11300,4,'',1,10600,4,'',1,61770,4,'',1,7600,4,'',1,9000,4,'',1,9000,4,'',1,4700,4,'',1,8580,4,'',1
'133.0.1',7700,42200,4,'',1,1600,4,'',1,1400,4,'',1,5500,4,'',1,1500,4,'',1,800,4,'',1,1500,4,'',1,5940,4,'',1,1500,4,'',1,1500,4,'',1,1680,4,'',1,300,4,'',1,5500,4,'',1,1500,4,'',1,1730,4,'',1,6280,4,'',1,1500,4,'',1,1200,4,'',1,1500,4,'',1,5500,4,'',1,1200,4,'',1,2000,4,'',1,1400,4,'',1,720,4,'',1,5500,4,'',1,1500,4,'',1,1500,4,'',1,6400,4,'',1,3300,4,'',1,6560,4,'',1,2900,4,'',1,6900,4,'',1,3200,4,'',1,2700,4,'',1,4200,4,'',1,2900,4,'',1,2300,4,'',1,5000,4,'',1,2300,4,'',1,2040,4,'',1,400,4,'',1,6300,4,'',1,1800,4,'',1,1400,4,'',1,6200,4,'',1,1800,4,'',1,1800,4,'',1,6100,4,'',1,1800,4,'',1,1060,4,'',1,1800,4,'',1,340,4,'',1,5800,4,'',1,1000,4,'',1,2200,4,'',1,5800,4,'',1,1800,4,'',1,1700,4,'',1,7300,4,'',1,2470,4,'',1,6800,4,'',1,2800,4,'',1,2800,4,'',1,8000,4,'',1,7180,4,'',1,3100,4,'',1,7100,4,'',1,3100,4,'',1,7100,4,'',1,3100,4,'',1,6400,4,'',1
'133.0.2',7700,50220,4,'',1,3000,4,'',1,7500,4,'',1,3500,4,'',1,7600,4,'',1,3500,4,'',1,7500,4,'',1,7630,4,'',1,3500,4,'',1,7500,4,'',1,8960,4,'',1,4100,4,'',1,8100,4,'',1,8810,4,'',1,4100,4,'',1,8100,4,'',1,7930,4,'',1,4100,4,'',1,7760,4,'',1,8100,4,'',1,4100,4,'',1,7840,4,'',1,8100,4,'',1,4060,4,'',1,8100,4,'',1,6940,4,'',1,3600,4,'',1,7600,4,'',1,3980,4,'',1,7600,4,'',1,7090,4,'',1,3600,4,'',1,7930,4,'',1,8300,4,'',1,4300,4,'',1,8600,4,'',1
'133.0.3',7700,84730,4,'',1,9200,4,'',1,9170,4,'',1,9700,4,'',1,9700,4,'',1,8900,4,'',1,9200,4,'',1,9500,4,'',1,5200,4,'',1,8830,4,'',1,9200,4,'',1,9700,4,'',1,8870,4,'',1,9000,4,'',1,9100,4,'',1,4330,4,'',1,8700,4,'',1,8800,4,'',1,8600,4,'',1,4700,4,'',1,8000,4,'',1,8000,4,'',1,3600,4,'',1,8000,4,'',1
'133.0.74',7700,50220,4,'',1,3000,4,'',1,7500,4,'',1,3500,4,'',1,7600,4,'',1,3500,4,'',1,7500,4,'',1,7630,4,'',1,3500,4,'',1,7500,4,'',1,8960,4,'',1,4100,4,'',1,8100,4,'',1,8810,4,'',1,4100,4,'',1,8100,4,'',1,7930,4,'',1,4100,4,'',1,7760,4,'',1,8100,4,'',1,4100,4,'',1,7840,4,'',1,8100,4,'',1,4060,4,'',1,8100,4,'',1,6940,4,'',1,3600,4,'',1,7600,4,'',1,3980,4,'',1,7600,4,'',1,7090,4,'',1,3600,4,'',1,7930,4,'',1,8300,4,'',1,4300,4,'',1,8600,4,'',1
'133.0.80',7700,84730,4,'',1,9200,4,'',1,9170,4,'',1,9700,4,'',1,9700,4,'',1,8900,4,'',1,9200,4,'',1,9500,4,'',1,5200,4,'',1,8830,4,'',1,9200,4,'',1,9700,4,'',1,8870,4,'',1,9000,4,'',1,9100,4,'',1,4330,4,'',1,8700,4,'',1,8800,4,'',1,8600,4,'',1,4700,4,'',1,8000,4,'',1,8000,4,'',1,3600,4,'',1,8000,4,'',1
'133.0.1',8801,53240,4,'',1,7110,4,'',1,2900,4,'',1,6900,4,'',1,1500,4,'',1,2100,4,'',1,1900,4,'',1,5900,4,'',1,2060,4,'',1,2000,4,'',1,5800,4,'',1,440,4,'',1,1600,4,'',1,1100,4,'',1,5600,4,'',1,1300,4,'',1,1600,4,'',1,1600,4,'',1,5600,4,'',1,1700,4,'',1,3600,4,'',1,8060,4,'',1,7700,4,'',1,4100,4,'',1,7700,4,'',1,8300,4,'',1,1100,4,'',1,1600,4,'',1,6700,4,'',1,1600,4,'',1,1600,4,'',1,700,4,'',1,5600,4,'',1,1600,4,'',1,1600,4,'',1,1300,4,'',1,5600,4,'',1,1600,4,'',1,1600,4,'',1,1100,4,'',1,5600,4,'',1,1300,4,'',1,1600,4,'',1,1600,4,'',1,5600,4,'',1,1600,4,'',1,1340,4,'',1,1600,4,'',1,5200,4,'',1,3900,4,'',1,7500,4,'',1,3900,4,'',1,7690,4,'',1,7900,4,'',1
'133.0.2',8801,63650,4,'',1,7400,4,'',1,3400,4,'',1,7400,4,'',1,3800,4,'',1,7500,4,'',1,7400,4,'',1,3400,4,'',1,7600,4,'',1,3700,4,'',1,7600,4,'',1,7600,4,'',1,3800,4,'',1,7760,4,'',1,3600,4,'',1,7600,4,'',1,7800,4,'',1,3600,4,'',1,7400,4,'',1,3200,4,'',1,7600,4,'',1,7600,4,'',1,3240,4,'',1,7500,4,'',1,3600,4,'',1,7600,4,'',1,3000,4,'',1,7000,4,'',1,3200,4,'',1,7200,4,'',1
'133.0.3',8801,83150,4,'',1,7500,4,'',1,3300,4,'',1,7300,4,'',1,3300,4,'',1,7300,4,'',1,3660,4,'',1,7300,4,'',1,7300,4,'',1,2700,4,'',1,2700,4,'',1,6700,4,'',1,2700,4,'',1,6700,4,'',1,2700,4,'',1,6700,4,'',1,2500,4,'',1,6700,4,'',1,2700,4,'',1,2700,4,'',1,6700,4,'',1,2340,4,'',1,6700,4,'',1,2700,4,'',1,6700,4,'',1,2700,4,'',1,2300,4,'',1,6700,4,'',1
'133.0.74',8801,63650,4,'',1,7400,4,'',1,3400,4,'',1,7400,4,'',1,3800,4,'',1,7500,4,'',1,7400,4,'',1,3400,4,'',1,7600,4,'',1,3700,4,'',1,7600,4,'',1,7600,4,'',1,3800,4,'',1,7760,4,'',1,3600,4,'',1,7600,4,'',1,7800,4,'',1,3600,4,'',1,7400,4,'',1,3200,4,'',1,7600,4,'',1,7600,4,'',1,3240,4,'',1,7500,4,'',1,3600,4,'',1,7600,4,'',1,3000,4,'',1,7000,4,'',1,3200,4,'',1,7200,4,'',1
'133.0.80',8801,83150,4,'',1,7500,4,'',1,3300,4,'',1,7300,4,'',1,3300,4,'',1,7300,4,'',1,3660,4,'',1,7300,4,'',1,7300,4,'',1,2700,4,'',1,2700,4,'',1,6700,4,'',1,2700,4,'',1,6700,4,'',1,2700,4,'',1,6700,4,'',1,2500,4,'',1,6700,4,'',1,2700,4,'',1,2700,4,'',1,6700,4,'',1,2340,4,'',1,6700,4,'',1,2700,4,'',1,6700,4,'',1,2700,4,'',1,2300,4,'',1,6700,4,'',1
'133.0.1',9101,54800,4,'',1,7300,4,'',1,2500,4,'',1,6540,4,'',1,2200,4,'',1,2100,4,'',1,8480,4,'',1,6600,4,'',1,2600,4,'',1,1720,4,'',1,6600,4,'',1,2600,4,'',1,6600,4,'',1,4100,4,'',1,8600,4,'',1,8400,4,'',1,8500,4,'',1,10400,4,'',1,4000,4,'',1,7300,4,'',1,2400,4,'',1,6400,4,'',1,2400,4,'',1,2400,4,'',1,6400,4,'',1,1760,4,'',1,6500,4,'',1,2500,4,'',1,1740,4,'',1,6400,4,'',1,2400,4,'',1,2300,4,'',1,7800,4,'',1,8380,4,'',1,3900,4,'',1,7500,4,'',1
'133.0.2',9101,74900,4,'',1,9900,4,'',1,9600,4,'',1,9820,4,'',1,9600,4,'',1,10700,4,'',1,10580,4,'',1,10200,4,'',1,9700,4,'',1,10200,4,'',1,10200,4,'',1,10200,4,'',1,10020,4,'',1,9700,4,'',1,9000,4,'',1,9000,4,'',1,8400,4,'',1,8400,4,'',1
'133.0.3',9101,74220,4,'',1,10400,4,'',1,11220,4,'',1,7800,4,'',1,8000,4,'',1,4000,4,'',1,8000,4,'',1,8000,4,'',1,4000,4,'',1,8000,4,'',1,8000,4,'',1,4000,4,'',1,8000,4,'',1,8000,4,'',1,3700,4,'',1,8200,4,'',1,8000,4,'',1,3580,4,'',1,7500,4,'',1,3200,4,'',1,7200,4,'',1,7200,4,'',1,3200,4,'',1,7200,4,'',1,9600,4,'',1,10400,4,'',1
'133.0.74',9101,74900,4,'',1,9900,4,'',1,9600,4,'',1,9820,4,'',1,9600,4,'',1,10700,4,'',1,10580,4,'',1,10200,4,'',1,9700,4,'',1,10200,4,'',1,10200,4,'',1,10200,4,'',1,10020,4,'',1,9700,4,'',1,9000,4,'',1,9000,4,'',1,8400,4,'',1,8400,4,'',1
'133.0.80',9101,74220,4,'',1,10400,4,'',1,11220,4,'',1,7800,4,'',1,8000,4,'',1,4000,4,'',1,8000,4,'',1,8000,4,'',1,4000,4,'',1,8000,4,'',1,8000,4,'',1,4000,4,'',1,8000,4,'',1,8000,4,'',1,3700,4,'',1,8200,4,'',1,8000,4,'',1,3580,4,'',1,7500,4,'',1,3200,4,'',1,7200,4,'',1,7200,4,'',1,3200,4,'',1,7200,4,'',1,9600,4,'',1,10400,4,'',1
'133.0.1',9901,42600,4,'',1,7500,4,'',1,3500,4,'',1,7500,4,'',1,4210,4,'',1,7400,4,'',1,3200,4,'',1,7200,4,'',1,7200,4,'',1,3200,4,'',1,7200,4,'',1,3500,4,'',1,9100,4,'',1,9100,4,'',1,9100,4,'',1,9100,4,'',1,5100,4,'',1,9100,4,'',1,7620,4,'',1,3200,4,'',1,7200,4,'',1,2800,4,'',1,7200,4,'',1,7200,4,'',1,3300,4,'',1,6780,4,'',1,2300,4,'',1,7700,4,'',1,3400,4,'',1,7400,4,'',1
'133.0.2',9901,54800,4,'',1,7900,4,'',1,7900,4,'',1,3900,4,'',1,7900,4,'',1,7900,4,'',1,3900,4,'',1,8400,4,'',1,8310,4,'',1,5000,4,'',1,9000,4,'',1,9120,4,'',1,9000,4,'',1,9000,4,'',1,9000,4,'',1,9000,4,'',1,5000,4,'',1,8680,4,'',1,8500,4,'',1,9500,4,'',1,3490,4,'',1,6300,4,'',1,8700,4,'',1
'133.0.3',9901,55100,4,'',1,8000,4,'',1,8000,4,'',1,4000,4,'',1,8000,4,'',1,8000,4,'',1,4500,4,'',1,8000,4,'',1,8000,4,'',1,4000,4,'',1,8810,4,'',1,8500,4,'',1,8500,4,'',1,4500,4,'',1,8500,4,'',1,8500,4,'',1,8500,4,'',1,4500,4,'',1,8500,4,'',1,8500,4,'',1,8500,4,'',1,3290,4,'',1,7700,4,'',1,8300,4,'',1
'133.0.74',9901,54800,4,'',1,7900,4,'',1,7900,4,'',1,3900,4,'',1,7900,4,'',1,7900,4,'',1,3900,4,'',1,8400,4,'',1,8310,4,'',1,5000,4,'',1,9000,4,'',1,9120,4,'',1,9000,4,'',1,9000,4,'',1,9000,4,'',1,9000,4,'',1,5000,4,'',1,8680,4,'',1,8500,4,'',1,9500,4,'',1,3490,4,'',1,6300,4,'',1,8700,4,'',1
'133.0.80',9901,55100,4,'',1,8000,4,'',1,8000,4,'',1,4000,4,'',1,8000,4,'',1,8000,4,'',1,4500,4,'',1,8000,4,'',1,8000,4,'',1,4000,4,'',1,8810,4,'',1,8500,4,'',1,8500,4,'',1,4500,4,'',1,8500,4,'',1,8500,4,'',1,8500,4,'',1,4500,4,'',1,8500,4,'',1,8500,4,'',1,8500,4,'',1,3290,4,'',1,7700,4,'',1,8300,4,'',1
'133.0.1',76001,102810,4,'',1,3040,4,'',1,6650,4,'',1,2600,4,'',1,6850,4,'',1,8400,4,'',1,4500,4,'',1,8500,4,'',1,8500,4,'',1,8960,4,'',1,4890,4,'',1,8500,4,'',1,7940,4,'',1,8500,4,'',1,4560,4,'',1,8210,4,'',1,8500,4,'',1,8200,4,'',1,3000,4,'',1,2300,4,'',1,6600,4,'',1,2600,4,'',1
'133.0.2',76001,102500,4,'',1,2800,4,'',1,6800,4,'',1,2250,4,'',1,7200,4,'',1,8650,4,'',1,4100,4,'',1,7950,4,'',1,8100,4,'',1,4190,4,'',1,8100,4,'',1,8310,4,'',1,3800,4,'',1,8100,4,'',1,8870,4,'',1,3590,4,'',1,8100,4,'',1,8410,4,'',1,8730,4,'',1,2900,4,'',1,6900,4,'',1,2900,4,'',1
'133.0.3',76001,102110,4,'',1,2700,4,'',1,6410,4,'',1,2700,4,'',1,6700,4,'',1,2890,4,'',1,7900,4,'',1,4000,4,'',1,7900,4,'',1,8090,4,'',1,3900,4,'',1,7950,4,'',1,7900,4,'',1,3900,4,'',1,7950,4,'',1,7900,4,'',1,3720,4,'',1,7890,4,'',1,7700,4,'',1,3900,4,'',1,7730,4,'',1,2700,4,'',1,6700,4,'',1,2700,4,'',1
'133.0.74',76001,102500,4,'',1,2800,4,'',1,6800,4,'',1,2250,4,'',1,7200,4,'',1,8650,4,'',1,4100,4,'',1,7950,4,'',1,8100,4,'',1,4190,4,'',1,8100,4,'',1,8310,4,'',1,3800,4,'',1,8100,4,'',1,8870,4,'',1,3590,4,'',1,8100,4,'',1,8410,4,'',1,8730,4,'',1,2900,4,'',1,6900,4,'',1,2900,4,'',1
'133.0.80',76001,102110,4,'',1,2700,4,'',1,6410,4,'',1,2700,4,'',1,6700,4,'',1,2890,4,'',1,7900,4,'',1,4000,4,'',1,7900,4,'',1,8090,4,'',1,3900,4,'',1,7950,4,'',1,7900,4,'',1,3900,4,'',1,7950,4,'',1,7900,4,'',1,3720,4,'',1,7890,4,'',1,7700,4,'',1,3900,4,'',1,7730,4,'',1,2700,4,'',1,6700,4,'',1,2700,4,'',1
'133.0.1',910101,70000,4,'',1,2540,4,'',1,2200,4,'',1,7900,4,'',1,2880,4,'',1,6000,4,'',1,2120,4,'',1,6600,4,'',1,2400,4,'',1,2600,4,'',1,6600,4,'',1,9300,4,'',1,4400,4,'',1,8800,4,'',1,8800,4,'',1,9200,4,'',1,8500,4,'',1,2300,4,'',1,2400,4,'',1,6400,4,'',1,2400,4,'',1,6400,4,'',1,2400,4,'',1,2360,4,'',1,5400,4,'',1,2500,4,'',1,2400,4,'',1,6240,4,'',1,2400,4,'',1,6880,4,'',1,4200,4,'',1,8200,4,'',1,7400,4,'',1,3700,4,'',1
'133.0.2',910101,91420,4,'',1,10600,4,'',1,9600,4,'',1,10420,4,'',1,9860,4,'',1,10200,4,'',1,10600,4,'',1,9800,4,'',1,10200,4,'',1,10200,4,'',1,9820,4,'',1,10100,4,'',1,9080,4,'',1,8400,4,'',1,5000,4,'',1
'133.0.74',910101,91420,4,'',1,10600,4,'',1,9600,4,'',1,10420,4,'',1,9860,4,'',1,10200,4,'',1,10600,4,'',1,9800,4,'',1,10200,4,'',1,10200,4,'',1,9820,4,'',1,10100,4,'',1,9080,4,'',1,8400,4,'',1,5000,4,'',1
'133.0.1',989901,225300,4,'',1,6800,4,'',1,3800,4,'',1,7400,4,'',1,7500,4,'',1,2900,4,'',1,7500,4,'',1,3500,4,'',1
'133.0.2',989901,224800,4,'',1,8200,4,'',1,8400,4,'',1,8700,4,'',1,4440,4,'',1,8700,4,'',1
'133.0.3',989901,225910,4,'',1,8600,4,'',1,8290,4,'',1,8600,4,'',1,4300,4,'',1,8300,4,'',1
'133.0.74',989901,224800,4,'',1,8200,4,'',1,8400,4,'',1,8700,4,'',1,4440,4,'',1,8700,4,'',1
'133.0.80',989901,225910,4,'',1,8600,4,'',1,8290,4,'',1,8600,4,'',1,4300,4,'',1,8300,4,'',1
