'140.0.1',10700,44000,,'',1,6400,,'',1,2400,,'',1,2400,,'',1,5600,,'',1,1600,,'',1,2100,,'',1,1100,,'',1,5300,,'',1,1900,,'',1,1600,,'',1,1200,,'',1,6000,,'',1,1600,,'',1,1500,,'',1,8300,,'',1,8200,,'',1,4200,,'',1,8200,,'',1,8200,,'',1,8200,,'',1,4200,,'',1,5800,,'',1,1800,,'',1,1800,,'',1,1900,,'',1,5700,,'',1,1800,,'',1,1800,,'',1,6000,,'',1,1600,,'',1,1800,,'',1,5800,,'',1,2000,,'',1,1600,,'',1,1800,,'',1,5800,,'',1,1800,,'',1,8100,,'',1,4100,,'',1,8100,,'',1,8100,,'',1,3400,,'',1,7400,,'',1,3400,,'',1,7400,,'',1,7400,,'',1,3400,,'',1,7400,,'',1,3400,,'',1,7400,,'',1,3400,,'',1
'140.0.1',10701,54500,4,'',1,6400,4,'',1,3100,4,'',1,6400,4,'',1,2400,4,'',1,2100,4,'',1,6000,4,'',1,1200,4,'',1,1900,4,'',1,1600,4,'',1,5600,4,'',1,1000,4,'',1,8000,4,'',1,4000,4,'',1,8200,4,'',1,8200,4,'',1,4200,4,'',1,8900,4,'',1,8200,4,'',1,2800,4,'',1,5400,4,'',1,2300,4,'',1,2400,4,'',1,5800,4,'',1,1800,4,'',1,2200,4,'',1,5800,4,'',1,1800,4,'',1,2000,4,'',1,5800,4,'',1,1800,4,'',1,1500,4,'',1,1200,4,'',1,5800,4,'',1,2600,4,'',1,1800,4,'',1,7800,4,'',1,8100,4,'',1,3300,4,'',1,7800,4,'',1,3100,4,'',1,7400,4,'',1,3400,4,'',1,7400,4,'',1,7400,4,'',1,3400,4,'',1,7400,4,'',1,3400,4,'',1
'140.0.2',10700,61500,,'',1,3700,,'',1,7700,,'',1,7700,,'',1,3700,,'',1,7700,,'',1,3700,,'',1,7700,,'',1,7700,,'',1,3700,,'',1,7700,,'',1,7700,,'',1,3700,,'',1,7700,,'',1,3700,,'',1,7700,,'',1,7700,,'',1,3700,,'',1,7700,,'',1,3700,,'',1,7700,,'',1,7700,,'',1,3700,,'',1,7700,,'',1,7700,,'',1,3700,,'',1,7700,,'',1,3700,,'',1,7700,,'',1,7700,,'',1,3700,,'',1,7700,,'',1,3700,,'',1,7700,,'',1
'140.0.2',10701,71800,4,'',1,3900,4,'',1,7700,4,'',1,7700,4,'',1,3700,4,'',1,7700,4,'',1,7700,4,'',1,3700,4,'',1,7700,4,'',1,3700,4,'',1,7600,4,'',1,7700,4,'',1,3500,4,'',1,7700,4,'',1,3700,4,'',1,7700,4,'',1,7500,4,'',1,3700,4,'',1,7700,4,'',1,3700,4,'',1,7700,4,'',1,7700,4,'',1,3700,4,'',1,7700,4,'',1,7700,4,'',1,3700,4,'',1,7700,4,'',1,3700,4,'',1,7700,4,'',1,7700,4,'',1,3500,4,'',1,7500,4,'',1
'140.0.3',10700,80600,,'',1,3700,,'',1,7700,,'',1,3700,,'',1,7700,,'',1,7700,,'',1,3700,,'',1,7700,,'',1,7700,,'',1,3700,,'',1,7700,,'',1,3700,,'',1,7700,,'',1,7700,,'',1,3700,,'',1,7700,,'',1,3700,,'',1,7700,,'',1,7700,,'',1,3700,,'',1,7700,,'',1,7700,,'',1,3700,,'',1,7700,,'',1,3700,,'',1,7700,,'',1,7700,,'',1,3700,,'',1,7700,,'',1,3700,,'',1,7700,,'',1
'140.0.3',10701,75600,4,'',1,7700,4,'',1,7400,4,'',1,3700,4,'',1,7800,4,'',1,3700,4,'',1,7700,4,'',1,7700,4,'',1,3700,4,'',1,7700,4,'',1,7700,4,'',1,3600,4,'',1,7500,4,'',1,3700,4,'',1,7700,4,'',1,7700,4,'',1,3700,4,'',1,7700,4,'',1,3700,4,'',1,7700,4,'',1,7700,4,'',1,3700,4,'',1,7700,4,'',1,7700,4,'',1,3700,4,'',1,7700,4,'',1,3700,4,'',1,7700,4,'',1,7600,4,'',1,3700,4,'',1,7700,4,'',1
'140.0.80',10700,80600,,'',1,3700,,'',1,7700,,'',1,3700,,'',1,7700,,'',1,7700,,'',1,3700,,'',1,7700,,'',1,7700,,'',1,3700,,'',1,7700,,'',1,3700,,'',1,7700,,'',1,7700,,'',1,3700,,'',1,7700,,'',1,3700,,'',1,7700,,'',1,7700,,'',1,3700,,'',1,7700,,'',1,7700,,'',1,3700,,'',1,7700,,'',1,3700,,'',1,7700,,'',1,7700,,'',1,3700,,'',1,7700,,'',1,3700,,'',1,7700,,'',1
'140.0.80',10701,75600,4,'',1,7700,4,'',1,7400,4,'',1,3700,4,'',1,7800,4,'',1,3700,4,'',1,7700,4,'',1,7700,4,'',1,3700,4,'',1,7700,4,'',1,7700,4,'',1,3600,4,'',1,7500,4,'',1,3700,4,'',1,7700,4,'',1,7700,4,'',1,3700,4,'',1,7700,4,'',1,3700,4,'',1,7700,4,'',1,7700,4,'',1,3700,4,'',1,7700,4,'',1,7700,4,'',1,3700,4,'',1,7700,4,'',1,3700,4,'',1,7700,4,'',1,7600,4,'',1,3700,4,'',1,7700,4,'',1
'140.0.1',1070200,50000,,'',1,1200,,'',1,1200,,'',1,1200,,'',1,1200,,'',1,5200,,'',1,1200,,'',1,1600,,'',1,800,,'',1,1300,,'',1,5100,,'',1,1200,,'',1,1200,,'',1,1200,,'',1,1200,,'',1,5200,,'',1,1200,,'',1,1200,,'',1,2700,,'',1,6500,,'',1,2600,,'',1,6600,,'',1,2600,,'',1,6600,,'',1,2600,,'',1,2600,,'',1,7000,,'',1,2200,,'',1,6600,,'',1,2600,,'',1,6800,,'',1,2400,,'',1,2300,,'',1,6500,,'',1,2400,,'',1,6400,,'',1,2400,,'',1,2400,,'',1,6400,,'',1,2400,,'',1,6800,,'',1,3000,,'',1
'140.0.1',1070201,60600,4,'',1,1200,4,'',1,1200,4,'',1,1200,4,'',1,1200,4,'',1,5200,4,'',1,1200,4,'',1,2400,4,'',1,1200,4,'',1,5200,4,'',1,1200,4,'',1,1200,4,'',1,900,4,'',1,1200,4,'',1,5200,4,'',1,3100,4,'',1,6600,4,'',1,2600,4,'',1,2100,4,'',1,6600,4,'',1,2600,4,'',1,6600,4,'',1,2700,4,'',1,2600,4,'',1,6600,4,'',1,2700,4,'',1,6600,4,'',1,2800,4,'',1,1300,4,'',1,6600,4,'',1,2400,4,'',1,6400,4,'',1,3300,4,'',1,6400,4,'',1,2400,4,'',1,2600,4,'',1,7000,4,'',1,2900,4,'',1,6400,4,'',1
