'132.0.1',300,52400,4,'',1,7900,4,'',1,2800,4,'',1,7300,4,'',1,3000,4,'',1,7700,4,'',1,3000,4,'',1,7000,4,'',1,3100,4,'',1,6500,4,'',1,3100,4,'',1,7300,4,'',1,9100,4,'',1,4600,4,'',1,8300,4,'',1,8500,4,'',1,3900,4,'',1,7500,4,'',1,7500,4,'',1,3300,4,'',1,7300,4,'',1,3800,4,'',1,7500,4,'',1,3000,4,'',1,6300,4,'',1,3100,4,'',1,7300,4,'',1,8900,4,'',1,9100,4,'',1
'132.0.1',301,53100,,'',1,7700,,'',1,3300,,'',1,6800,,'',1,3000,,'',1,7700,,'',1,3100,,'',1,7100,,'',1,3100,,'',1,7100,,'',1,9600,,'',1,9100,,'',1,4600,,'',1,8300,,'',1,9700,,'',1,6700,,'',1,3500,,'',1,7500,,'',1,3500,,'',1,7400,,'',1,3500,,'',1,7500,,'',1,7300,,'',1,3300,,'',1,9400,,'',1,9400,0,'WB-Yonge',1
'132.0.2',300,84700,4,'',1,10100,4,'',1,10200,4,'',1,10500,4,'',1,14500,4,'',1,10500,4,'',1,10500,4,'',1,10500,4,'',1,10500,4,'',1,10500,4,'',1,10200,4,'',1,10400,4,'',1,9700,4,'',1,10000,4,'',1
'132.0.2',301,75000,,'',1,10200,,'',1,10200,,'',1,10200,,'',1,14500,,'',1,10500,,'',1,10500,,'',1,10500,,'',1,10500,,'',1,10500,,'',1,10500,,'',1,10500,,'',1,10000,,'',1,10000,0,'WB-Yonge',1
'132.0.3',300,100700,4,'',1,9900,4,'',1,10500,4,'',1,10200,4,'',1,10100,4,'',1,10200,4,'',1,10200,4,'',1,10000,4,'',1,10200,4,'',1,10200,4,'',1,10100,4,'',1,9800,4,'',1,9800,4,'',1
'132.0.3',301,91000,,'',1,10200,,'',1,10200,,'',1,10200,,'',1,10200,,'',1,10200,,'',1,10200,,'',1,10200,,'',1,10200,,'',1,10200,,'',1,10200,,'',1,9800,,'',1,9800,0,'WB-Yonge',1
'132.0.74',300,84700,4,'',1,10100,4,'',1,10200,4,'',1,10500,4,'',1,14500,4,'',1,10500,4,'',1,10500,4,'',1,10500,4,'',1,10500,4,'',1,10500,4,'',1,10200,4,'',1,10400,4,'',1,9700,4,'',1,10000,4,'',1
'132.0.74',301,75000,,'',1,10200,,'',1,10200,,'',1,10200,,'',1,14500,,'',1,10500,,'',1,10500,,'',1,10500,,'',1,10500,,'',1,10500,,'',1,10500,,'',1,10500,,'',1,10000,,'',1,10000,0,'WB-Yonge',1
'132.0.80',300,100700,4,'',1,9900,4,'',1,10500,4,'',1,10200,4,'',1,10100,4,'',1,10200,4,'',1,10200,4,'',1,10000,4,'',1,10200,4,'',1,10200,4,'',1,10100,4,'',1,9800,4,'',1,9800,4,'',1
'132.0.80',301,91000,,'',1,10200,,'',1,10200,,'',1,10200,,'',1,10200,,'',1,10200,,'',1,10200,,'',1,10200,,'',1,10200,,'',1,10200,,'',1,10200,,'',1,9800,,'',1,9800,0,'WB-Yonge',1
