'133.0.1',60300,45000,,'',1,6000,,'',1,2000,,'',1,2000,,'',1,6000,,'',1,2000,,'',1,2000,,'',1,6100,,'',1,2200,,'',1,2200,,'',1,6200,,'',1,2200,,'',1,6200,,'',1,2200,,'',1,2600,,'',1,6600,,'',1,2600,,'',1,6600,,'',1,2600,,'',1,2600,,'',1,6600,,'',1,2600,,'',1,6600,,'',1,2600,,'',1,6600,,'',1,2600,,'',1,6600,,'',1,2200,,'',1,2200,,'',1,6200,,'',1,2200,,'',1,2200,,'',1,6200,,'',1,2200,,'',1,2200,,'',1,6200,,'',1,2200,,'',1,6200,,'',1,3800,,'',1,7800,,'',1,3800,,'',1,7800,,'',1,8000,,'',1,4200,,'',1,8200,,'',1,8200,,'',1
'133.0.1',60301,44700,4,'',1,6000,4,'',1,2000,4,'',1,2000,4,'',1,6000,4,'',1,1400,4,'',1,2000,4,'',1,6000,4,'',1,2400,4,'',1,2000,4,'',1,7200,4,'',1,2200,4,'',1,6300,4,'',1,2200,4,'',1,2000,4,'',1,6200,4,'',1,2900,4,'',1,6600,4,'',1,2700,4,'',1,2700,4,'',1,6600,4,'',1,2600,4,'',1,6600,4,'',1,2800,4,'',1,6600,4,'',1,2600,4,'',1,2600,4,'',1,6600,4,'',1,2900,4,'',1,6000,4,'',1,2200,4,'',1,2200,4,'',1,6200,4,'',1,2200,4,'',1,6200,4,'',1,1900,4,'',1,2200,4,'',1,6100,4,'',1,1800,4,'',1,2200,4,'',1,8100,4,'',1,7800,4,'',1,3600,4,'',1,7700,4,'',1,8800,4,'',1,3700,4,'',1,7700,4,'',1
'133.0.2',60300,51800,,'',1,3600,,'',1,7600,,'',1,7600,,'',1,3600,,'',1,7600,,'',1,3600,,'',1,8200,,'',1,8200,,'',1,8200,,'',1,4200,,'',1,7600,,'',1,3600,,'',1,7600,,'',1,7600,,'',1,3600,,'',1,7600,,'',1,3600,,'',1,7600,,'',1,7600,,'',1,3600,,'',1,7600,,'',1,3600,,'',1,7600,,'',1,7600,,'',1,3600,,'',1,7600,,'',1,3600,,'',1,9000,,'',1,9000,,'',1,9000,,'',1
'133.0.2',60301,51500,4,'',1,3600,4,'',1,5800,4,'',1,1600,4,'',1,10300,4,'',1,7600,4,'',1,3800,4,'',1,7800,4,'',1,8000,4,'',1,4500,4,'',1,8300,4,'',1,8200,4,'',1,4800,4,'',1,7600,4,'',1,7600,4,'',1,3700,4,'',1,7800,4,'',1,7600,4,'',1,3400,4,'',1,7600,4,'',1,3500,4,'',1,7600,4,'',1,3200,4,'',1,7600,4,'',1,7600,4,'',1,4300,4,'',1,7300,4,'',1,3600,4,'',1,7600,4,'',1,8800,4,'',1,8500,4,'',1,5000,4,'',1,9000,4,'',1
'133.0.3',60300,70300,,'',1,3600,,'',1,7600,,'',1,3600,,'',1,8200,,'',1,8200,,'',1,4200,,'',1,8200,,'',1,8200,,'',1,8200,,'',1,4200,,'',1,8200,,'',1,8200,,'',1,3600,,'',1,7600,,'',1,3600,,'',1,7600,,'',1,7600,,'',1,3600,,'',1,7600,,'',1,3600,,'',1,7600,,'',1,9100,,'',1,10600,,'',1,10600,,'',1,10600,,'',1
'133.0.3',60301,65800,4,'',1,7600,4,'',1,7600,4,'',1,2800,4,'',1,7700,4,'',1,3600,4,'',1,7900,4,'',1,9100,4,'',1,8200,4,'',1,4300,4,'',1,8200,4,'',1,8200,4,'',1,4200,4,'',1,8200,4,'',1,8200,4,'',1,4200,4,'',1,7600,4,'',1,7600,4,'',1,3300,4,'',1,7600,4,'',1,3600,4,'',1,7100,4,'',1,7600,4,'',1,2800,4,'',1,7400,4,'',1,4600,4,'',1,10500,4,'',1,10300,4,'',1
'133.0.74',60300,51800,,'',1,3600,,'',1,7600,,'',1,7600,,'',1,3600,,'',1,7600,,'',1,3600,,'',1,8200,,'',1,8200,,'',1,8200,,'',1,4200,,'',1,7600,,'',1,3600,,'',1,7600,,'',1,7600,,'',1,3600,,'',1,7600,,'',1,3600,,'',1,7600,,'',1,7600,,'',1,3600,,'',1,7600,,'',1,3600,,'',1,7600,,'',1,7600,,'',1,3600,,'',1,7600,,'',1,3600,,'',1,9000,,'',1,9000,,'',1,9000,,'',1
'133.0.74',60301,51500,4,'',1,3600,4,'',1,5800,4,'',1,1600,4,'',1,10300,4,'',1,7600,4,'',1,3800,4,'',1,7800,4,'',1,8000,4,'',1,4500,4,'',1,8300,4,'',1,8200,4,'',1,4800,4,'',1,7600,4,'',1,7600,4,'',1,3700,4,'',1,7800,4,'',1,7600,4,'',1,3400,4,'',1,7600,4,'',1,3500,4,'',1,7600,4,'',1,3200,4,'',1,7600,4,'',1,7600,4,'',1,4300,4,'',1,7300,4,'',1,3600,4,'',1,7600,4,'',1,8800,4,'',1,8500,4,'',1,5000,4,'',1,9000,4,'',1
'133.0.80',60300,70300,,'',1,3600,,'',1,7600,,'',1,3600,,'',1,8200,,'',1,8200,,'',1,4200,,'',1,8200,,'',1,8200,,'',1,8200,,'',1,4200,,'',1,8200,,'',1,8200,,'',1,3600,,'',1,7600,,'',1,3600,,'',1,7600,,'',1,7600,,'',1,3600,,'',1,7600,,'',1,3600,,'',1,7600,,'',1,9100,,'',1,10600,,'',1,10600,,'',1,10600,,'',1
'133.0.80',60301,65800,4,'',1,7600,4,'',1,7600,4,'',1,2800,4,'',1,7700,4,'',1,3600,4,'',1,7900,4,'',1,9100,4,'',1,8200,4,'',1,4300,4,'',1,8200,4,'',1,8200,4,'',1,4200,4,'',1,8200,4,'',1,8200,4,'',1,4200,4,'',1,7600,4,'',1,7600,4,'',1,3300,4,'',1,7600,4,'',1,3600,4,'',1,7100,4,'',1,7600,4,'',1,2800,4,'',1,7400,4,'',1,4600,4,'',1,10500,4,'',1,10300,4,'',1
'133.0.1',6030100,50000,,'',1,2000,,'',1,2000,,'',1,6000,,'',1,2000,,'',1,2000,,'',1,6000,,'',1,2200,,'',1,2200,,'',1,6200,,'',1,2200,,'',1,2200,,'',1,6200,,'',1,2400,,'',1,6600,,'',1,2600,,'',1,2600,,'',1,6600,,'',1,2600,,'',1,6600,,'',1,2600,,'',1,6600,,'',1,2600,,'',1,2600,,'',1,6600,,'',1,2600,,'',1,6400,,'',1,2200,,'',1,2200,,'',1,6200,,'',1,2200,,'',1,6200,,'',1,2200,,'',1,2200,,'',1,6200,,'',1,2200,,'',1,2200,,'',1,7000,,'',1,7800,,'',1,3800,,'',1,7800,,'',1,3800,,'',1,8200,,'',1,8200,,'',1,8200,,'',1
'133.0.1',6030101,45700,4,'',1,6000,4,'',1,2000,4,'',1,2000,4,'',1,6000,4,'',1,2000,4,'',1,100,4,'',1,2000,4,'',1,6400,4,'',1,2000,4,'',1,6600,4,'',1,2800,4,'',1,6500,4,'',1,2200,4,'',1,1800,4,'',1,6200,4,'',1,2700,4,'',1,2600,4,'',1,6600,4,'',1,2600,4,'',1,6600,4,'',1,2600,4,'',1,6600,4,'',1,2900,4,'',1,6600,4,'',1,2600,4,'',1,2600,4,'',1,6600,4,'',1,2600,4,'',1,6500,4,'',1,2200,4,'',1,2200,4,'',1,6200,4,'',1,2200,4,'',1,6200,4,'',1,2200,4,'',1,1900,4,'',1,6200,4,'',1,1600,4,'',1,2200,4,'',1,7300,4,'',1,3800,4,'',1,7800,4,'',1,7500,4,'',1,3800,4,'',1,8600,4,'',1,8200,4,'',1,3700,4,'',1
'133.0.2',6030100,50000,,'',1,3600,,'',1,7600,,'',1,3600,,'',1,7600,,'',1,7600,,'',1,3600,,'',1,7900,,'',1,4200,,'',1,8200,,'',1,8200,,'',1,7900,,'',1,3600,,'',1,7600,,'',1,3600,,'',1,7600,,'',1,7600,,'',1,3600,,'',1,7600,,'',1,3600,,'',1,7600,,'',1,7600,,'',1,3600,,'',1,7600,,'',1,3600,,'',1,7600,,'',1,7600,,'',1,3600,,'',1,8300,,'',1,9000,,'',1,5000,,'',1
'133.0.2',6030101,45700,4,'',1,7600,4,'',1,10600,4,'',1,1800,4,'',1,5800,4,'',1,3600,4,'',1,7600,4,'',1,7800,4,'',1,3800,4,'',1,8600,4,'',1,8200,4,'',1,4500,4,'',1,8200,4,'',1,8500,4,'',1,3600,4,'',1,7600,4,'',1,7600,4,'',1,3800,4,'',1,7400,4,'',1,3600,4,'',1,7500,4,'',1,7600,4,'',1,3600,4,'',1,7300,4,'',1,3600,4,'',1,7100,4,'',1,8600,4,'',1,3300,4,'',1,7600,4,'',1,8100,4,'',1,5000,4,'',1,8700,4,'',1,9000,4,'',1
'133.0.3',6030100,64500,,'',1,7600,,'',1,3600,,'',1,7600,,'',1,7900,,'',1,4200,,'',1,8200,,'',1,8200,,'',1,8200,,'',1,4200,,'',1,8200,,'',1,8200,,'',1,4200,,'',1,7900,,'',1,7600,,'',1,3600,,'',1,7600,,'',1,3600,,'',1,7600,,'',1,7600,,'',1,3600,,'',1,7600,,'',1,3600,,'',1,10600,,'',1,14600,,'',1,10600,,'',1
'133.0.3',6030101,64200,4,'',1,7600,4,'',1,3600,4,'',1,7300,4,'',1,7400,4,'',1,3700,4,'',1,7800,4,'',1,8700,4,'',1,4400,4,'',1,8400,4,'',1,8200,4,'',1,4200,4,'',1,8200,4,'',1,8100,4,'',1,8200,4,'',1,4200,4,'',1,8000,4,'',1,3600,4,'',1,7600,4,'',1,7400,4,'',1,3600,4,'',1,7100,4,'',1,3600,4,'',1,6800,4,'',1,3600,4,'',1,7500,4,'',1,10000,4,'',1,10500,4,'',1,10400,4,'',1
'133.0.74',6030100,50000,,'',1,3600,,'',1,7600,,'',1,3600,,'',1,7600,,'',1,7600,,'',1,3600,,'',1,7900,,'',1,4200,,'',1,8200,,'',1,8200,,'',1,7900,,'',1,3600,,'',1,7600,,'',1,3600,,'',1,7600,,'',1,7600,,'',1,3600,,'',1,7600,,'',1,3600,,'',1,7600,,'',1,7600,,'',1,3600,,'',1,7600,,'',1,3600,,'',1,7600,,'',1,7600,,'',1,3600,,'',1,8300,,'',1,9000,,'',1,5000,,'',1
'133.0.74',6030101,45700,4,'',1,7600,4,'',1,10600,4,'',1,1800,4,'',1,5800,4,'',1,3600,4,'',1,7600,4,'',1,7800,4,'',1,3800,4,'',1,8600,4,'',1,8200,4,'',1,4500,4,'',1,8200,4,'',1,8500,4,'',1,3600,4,'',1,7600,4,'',1,7600,4,'',1,3800,4,'',1,7400,4,'',1,3600,4,'',1,7500,4,'',1,7600,4,'',1,3600,4,'',1,7300,4,'',1,3600,4,'',1,7100,4,'',1,8600,4,'',1,3300,4,'',1,7600,4,'',1,8100,4,'',1,5000,4,'',1,8700,4,'',1,9000,4,'',1
'133.0.80',6030100,64500,,'',1,7600,,'',1,3600,,'',1,7600,,'',1,7900,,'',1,4200,,'',1,8200,,'',1,8200,,'',1,8200,,'',1,4200,,'',1,8200,,'',1,8200,,'',1,4200,,'',1,7900,,'',1,7600,,'',1,3600,,'',1,7600,,'',1,3600,,'',1,7600,,'',1,7600,,'',1,3600,,'',1,7600,,'',1,3600,,'',1,10600,,'',1,14600,,'',1,10600,,'',1
'133.0.80',6030101,64200,4,'',1,7600,4,'',1,3600,4,'',1,7300,4,'',1,7400,4,'',1,3700,4,'',1,7800,4,'',1,8700,4,'',1,4400,4,'',1,8400,4,'',1,8200,4,'',1,4200,4,'',1,8200,4,'',1,8100,4,'',1,8200,4,'',1,4200,4,'',1,8000,4,'',1,3600,4,'',1,7600,4,'',1,7400,4,'',1,3600,4,'',1,7100,4,'',1,3600,4,'',1,6800,4,'',1,3600,4,'',1,7500,4,'',1,10000,4,'',1,10500,4,'',1,10400,4,'',1
