'138.0.1',2300,62600,,'',1,10600,,'',1,10600,,'',1,76200,,'',1,5000,,'',1,9000,,'',1,9000,,'',1,9000,,'',1
'138.0.1',2301,60700,4,'',1,10600,4,'',1,11300,4,'',1,10600,4,'',1,61900,4,'',1,7600,4,'',1,9000,4,'',1,9000,4,'',1,4700,4,'',1,8500,4,'',1
'138.0.2',76000,83000,,'',1,2800,,'',1,6800,,'',1,2800,,'',1,6800,,'',1,2800,,'',1,8000,,'',1,8000,,'',1,4000,,'',1,8000,,'',1,8000,,'',1,4000,,'',1,8000,,'',1,8000,,'',1,4000,,'',1,8000,,'',1,8000,,'',1,4000,,'',1,8000,,'',1,7000,,'',1,3000,,'',1,7000,,'',1
'138.0.2',76001,101400,4,'',1,2800,4,'',1,6800,4,'',1,2800,4,'',1,6300,4,'',1,3000,4,'',1,8500,4,'',1,4000,4,'',1,7900,4,'',1,8000,4,'',1,4100,4,'',1,8000,4,'',1,8200,4,'',1,3700,4,'',1,8000,4,'',1,8800,4,'',1,3100,4,'',1,8300,4,'',1,8500,4,'',1,2700,4,'',1,6800,4,'',1,3000,4,'',1
'138.0.74',76000,70600,,'',1,2800,,'',1,6800,,'',1,2800,,'',1,2800,,'',1,6800,,'',1,2800,,'',1,6800,,'',1,2800,,'',1,8000,,'',1,8000,,'',1,4000,,'',1,8000,,'',1,8000,,'',1,4000,,'',1,8000,,'',1,8000,,'',1,4000,,'',1,8000,,'',1,8000,,'',1,4000,,'',1,8000,,'',1,7000,,'',1,3000,,'',1,7000,,'',1
'138.0.74',76001,85000,4,'',1,6800,4,'',1,2800,4,'',1,6800,4,'',1,2800,4,'',1,6800,4,'',1,2800,4,'',1,6300,4,'',1,3000,4,'',1,8500,4,'',1,4000,4,'',1,7900,4,'',1,8000,4,'',1,4100,4,'',1,8000,4,'',1,8200,4,'',1,3700,4,'',1,8000,4,'',1,8800,4,'',1,3100,4,'',1,8300,4,'',1,8500,4,'',1,2700,4,'',1,6800,4,'',1,3000,4,'',1
'138.0.75',76000,85800,,'',1,6800,,'',1,2800,,'',1,6800,,'',1,2800,,'',1,8000,,'',1,8000,,'',1,4000,,'',1,8000,,'',1,8000,,'',1,4000,,'',1,8000,,'',1,8000,,'',1,4000,,'',1,8000,,'',1,8000,,'',1,4000,,'',1,8000,,'',1,7000,,'',1,3000,,'',1,7000,,'',1
'138.0.75',76001,104200,4,'',1,6800,4,'',1,2800,4,'',1,6300,4,'',1,3000,4,'',1,8500,4,'',1,4000,4,'',1,7900,4,'',1,8000,4,'',1,4100,4,'',1,8000,4,'',1,8200,4,'',1,3700,4,'',1,8000,4,'',1,8800,4,'',1,3100,4,'',1,8300,4,'',1,8500,4,'',1,2700,4,'',1,6800,4,'',1,3000,4,'',1
'138.32681.3',76000,74600,,'',1,6600,,'',1,2600,,'',1,6600,,'',1,2600,,'',1,2600,,'',1,6600,,'',1,2600,,'',1,6600,,'',1,2600,,'',1,7600,,'',1,3600,,'',1,7600,,'',1,7600,,'',1,3600,,'',1,7600,,'',1,3600,,'',1,7600,,'',1,7600,,'',1,3600,,'',1,7100,,'',1,3100,,'',1,7100,,'',1
'138.32681.3',76001,92400,4,'',1,2600,4,'',1,6600,4,'',1,2600,4,'',1,6600,4,'',1,2300,4,'',1,2600,4,'',1,6800,4,'',1,2600,4,'',1,6600,4,'',1,3700,4,'',1,7600,4,'',1,7400,4,'',1,4000,4,'',1,7600,4,'',1,3700,4,'',1,7600,4,'',1,7300,4,'',1,3900,4,'',1,8200,4,'',1,2400,4,'',1,7100,4,'',1,3100,4,'',1
'138.35027.3',76000,85600,,'',1,7400,,'',1,2600,,'',1,6600,,'',1,2600,,'',1,6600,,'',1,2600,,'',1,7600,,'',1,3600,,'',1,7600,,'',1,7600,,'',1,3600,,'',1,7600,,'',1,3600,,'',1,7600,,'',1,7600,,'',1,3600,,'',1,7100,,'',1,3100,,'',1,7100,,'',1,3100,,'',1,7500,,'',1,3500,,'',1,7500,,'',1
'138.35027.3',76001,103200,4,'',1,7600,4,'',1,2300,4,'',1,2600,4,'',1,6800,4,'',1,2600,4,'',1,6600,4,'',1,3700,4,'',1,7600,4,'',1,7400,4,'',1,4000,4,'',1,7600,4,'',1,3700,4,'',1,7600,4,'',1,7600,4,'',1,3600,4,'',1,8200,4,'',1,2400,4,'',1,7100,4,'',1,3100,4,'',1,7000,4,'',1,3500,4,'',1,7200,4,'',1,7500,4,'',1
'138.35141.1',76000,73000,,'',1,2800,,'',1,6800,,'',1,2800,,'',1,6800,,'',1,2800,,'',1,8500,,'',1,8500,,'',1,8500,,'',1,4500,,'',1,8500,,'',1,8500,,'',1,8500,,'',1,4500,,'',1,8500,,'',1,8500,,'',1,8500,,'',1,4500,,'',1,8500,,'',1,8500,,'',1,8500,,'',1
'138.35141.1',76001,91600,4,'',1,2800,4,'',1,6800,4,'',1,2800,4,'',1,7000,4,'',1,3500,4,'',1,8700,4,'',1,8500,4,'',1,8500,4,'',1,4500,4,'',1,8500,4,'',1,9000,4,'',1,8900,4,'',1,4500,4,'',1,7900,4,'',1,8500,4,'',1,8500,4,'',1,4200,4,'',1,7800,4,'',1,2500,4,'',1,6500,4,'',1,2500,4,'',1
'138.35143.1',76000,140000,,'',1,4400,,'',1,8400,,'',1,8400,,'',1,4400,,'',1,8400,,'',1,8400,,'',1,8400,,'',1,4400,,'',1,8400,,'',1,8400,,'',1
'138.35143.1',76001,160200,4,'',1,4400,4,'',1,8800,4,'',1,8200,4,'',1,4000,4,'',1,8400,4,'',1,8100,4,'',1,8400,4,'',1,4100,4,'',1,8400,4,'',1,8400,4,'',1
