'136.0.1',9100,51900,4,'',1,3300,4,'',1,6200,4,'',1,1600,4,'',1,2200,4,'',1,6200,4,'',1,2800,4,'',1,7300,4,'',1,2400,4,'',1,6600,4,'',1,2200,4,'',1,2600,4,'',1,6900,4,'',1,3500,4,'',1,8800,4,'',1,8200,4,'',1,8600,4,'',1,4600,4,'',1,8000,4,'',1,6400,4,'',1,2400,4,'',1,2400,4,'',1,600,4,'',1,6400,4,'',1,2400,4,'',1,7300,4,'',1,2400,4,'',1,6400,4,'',1,2100,4,'',1,1800,4,'',1,5900,4,'',1,2400,4,'',1,2500,4,'',1,8200,4,'',1,8200,4,'',1,4200,4,'',1,7500,4,'',1,8000,4,'',1,4000,4,'',1,8000,4,'',1
'136.0.1',9101,52200,,'',1,3300,,'',1,6200,,'',1,2200,,'',1,6300,,'',1,2700,,'',1,2600,,'',1,6600,,'',1,2600,,'',1,6600,,'',1,2600,,'',1,8800,,'',1,8100,,'',1,4600,,'',1,8600,,'',1,8600,,'',1,9200,,'',1,2600,,'',1,6400,,'',1,2400,,'',1,2400,,'',1,6200,,'',1,2400,,'',1,6400,,'',1,2400,,'',1,2400,,'',1,6400,,'',1,2400,,'',1,7700,,'',1,8200,,'',1,4200,,'',1,8200,,'',1,8100,,'',1,4000,,'',1,8000,,'',1
'136.0.2',9100,71700,4,'',1,9600,4,'',1,10100,4,'',1,9600,4,'',1,9600,4,'',1,10700,4,'',1,10200,4,'',1,10200,4,'',1,10200,4,'',1,10200,4,'',1,10200,4,'',1,10200,4,'',1,10200,4,'',1,9700,4,'',1,9000,4,'',1,9000,4,'',1,4400,4,'',1,9000,4,'',1
'136.0.2',9101,72500,,'',1,9600,,'',1,9600,,'',1,9600,,'',1,9600,,'',1,10700,,'',1,10200,,'',1,10200,,'',1,10200,,'',1,10200,,'',1,10200,,'',1,10200,,'',1,10200,,'',1,9700,,'',1,9000,,'',1,9000,,'',1,5000,,'',1,8400,,'',1
'136.0.3',9100,71800,4,'',1,10400,4,'',1,10400,4,'',1,7800,4,'',1,4000,4,'',1,8000,4,'',1,8000,4,'',1,4000,4,'',1,8000,4,'',1,8000,4,'',1,4000,4,'',1,8000,4,'',1,8000,4,'',1,4000,4,'',1,8000,4,'',1,8200,4,'',1,4000,4,'',1,8000,4,'',1,7600,4,'',1,3200,4,'',1,7200,4,'',1,3200,4,'',1,7200,4,'',1,3200,4,'',1,10000,4,'',1,10400,4,'',1
'136.0.3',9101,72200,,'',1,10400,,'',1,10400,,'',1,7800,,'',1,4000,,'',1,8000,,'',1,8000,,'',1,4000,,'',1,8000,,'',1,8000,,'',1,4000,,'',1,8000,,'',1,8000,,'',1,4000,,'',1,8000,,'',1,8200,,'',1,4000,,'',1,8000,,'',1,7500,,'',1,3200,,'',1,7200,,'',1,3200,,'',1,7200,,'',1,3200,,'',1,10000,,'',1,10400,,'',1
'136.0.80',9100,71800,4,'',1,10400,4,'',1,10400,4,'',1,7800,4,'',1,4000,4,'',1,8000,4,'',1,8000,4,'',1,4000,4,'',1,8000,4,'',1,8000,4,'',1,4000,4,'',1,8000,4,'',1,8000,4,'',1,4000,4,'',1,8000,4,'',1,8200,4,'',1,4000,4,'',1,8000,4,'',1,7600,4,'',1,3200,4,'',1,7200,4,'',1,3200,4,'',1,7200,4,'',1,3200,4,'',1,10000,4,'',1,10400,4,'',1
'136.0.80',9101,72200,,'',1,10400,,'',1,10400,,'',1,7800,,'',1,4000,,'',1,8000,,'',1,8000,,'',1,4000,,'',1,8000,,'',1,8000,,'',1,4000,,'',1,8000,,'',1,8000,,'',1,4000,,'',1,8000,,'',1,8200,,'',1,4000,,'',1,8000,,'',1,7500,,'',1,3200,,'',1,7200,,'',1,3200,,'',1,7200,,'',1,3200,,'',1,10000,,'',1,10400,,'',1
'136.0.81',9100,71800,4,'',1,10400,4,'',1,10400,4,'',1,7800,4,'',1,4000,4,'',1,8000,4,'',1,8000,4,'',1,4000,4,'',1,8000,4,'',1,8000,4,'',1,4000,4,'',1,8000,4,'',1,8000,4,'',1,4000,4,'',1,8000,4,'',1,8200,4,'',1,4000,4,'',1,8000,4,'',1,7600,4,'',1,3200,4,'',1,7200,4,'',1,3200,4,'',1,7200,4,'',1,3200,4,'',1,10000,4,'',1,10400,4,'',1
'136.0.81',9101,72200,,'',1,10400,,'',1,10400,,'',1,7800,,'',1,4000,,'',1,8000,,'',1,8000,,'',1,4000,,'',1,8000,,'',1,8000,,'',1,4000,,'',1,8000,,'',1,8000,,'',1,4000,,'',1,8000,,'',1,8200,,'',1,4000,,'',1,8000,,'',1,7500,,'',1,3200,,'',1,7200,,'',1,3200,,'',1,7200,,'',1,3200,,'',1,10000,,'',1,10400,,'',1
'136.0.1',910101,62700,,'',1,2400,,'',1,6400,,'',1,2700,,'',1,6700,,'',1,2500,,'',1,6800,,'',1,2400,,'',1,2600,,'',1,9300,,'',1,8600,,'',1,8600,,'',1,8600,,'',1,4600,,'',1,8600,,'',1,1900,,'',1,6400,,'',1,2400,,'',1,6400,,'',1,2400,,'',1,2400,,'',1,6400,,'',1,2400,,'',1,6400,,'',1,2400,,'',1,2400,,'',1,8600,,'',1,8200,,'',1,8200,,'',1,4300,,'',1,7900,,'',1,8000,,'',1,4000,,'',1
'136.0.2',910101,84900,,'',1,10300,,'',1,9600,,'',1,9700,,'',1,10400,,'',1,10200,,'',1,10200,,'',1,10200,,'',1,10200,,'',1,10200,,'',1,14200,,'',1,10100,,'',1,5500,,'',1,8400,,'',1,9000,,'',1
'136.0.1',910201,65500,,'',1,8500,,'',1,8500,,'',1,8500,,'',1,71500,,'',1,8500,,'',1,4500,,'',1,8500,,'',1,8400,,'',1
'136.0.1',910501,70600,,'',1,2100,,'',1,2000,,'',1
