'132.0.74',76000,93300,4,'',1,6900,4,'',1,2900,4,'',1,6900,4,'',1,2900,4,'',1,8400,4,'',1,4200,4,'',1,8200,4,'',1,8200,4,'',1,8200,4,'',1,4200,4,'',1,8200,4,'',1,8100,4,'',1,4200,4,'',1,8400,4,'',1,7900,4,'',1,4200,4,'',1,7000,4,'',1,3000,4,'',1,7300,4,'',1,2900,4,'',1,7000,4,'',1,3000,4,'',1
'132.0.74',76001,94300,,'',1,6900,,'',1,2900,,'',1,6900,,'',1,2900,,'',1,8500,,'',1,8200,,'',1,4200,,'',1,8200,,'',1,8200,,'',1,4200,,'',1,8200,,'',1,8200,,'',1,8200,,'',1,4200,,'',1,8200,,'',1,7900,,'',1,3000,,'',1,7000,,'',1,3000,,'',1,7000,,'',1,3000,,'',1,7000,,'',1
'132.0.80',76000,92900,4,'',1,2800,4,'',1,6800,4,'',1,2800,4,'',1,7000,4,'',1,7900,4,'',1,3700,4,'',1,7900,4,'',1,3900,4,'',1,7900,4,'',1,8100,4,'',1,3900,4,'',1,7700,4,'',1,7900,4,'',1,3900,4,'',1,8100,4,'',1,7900,4,'',1,2800,4,'',1,6800,4,'',1,2500,4,'',1,6800,4,'',1
'132.0.80',76001,94100,,'',1,6800,,'',1,2800,,'',1,6800,,'',1,2800,,'',1,7900,,'',1,3900,,'',1,7900,,'',1,7900,,'',1,3900,,'',1,7900,,'',1,7900,,'',1,3900,,'',1,7900,,'',1,7900,,'',1,3900,,'',1,7900,,'',1,2800,,'',1,6800,,'',1,2800,,'',1,6800,,'',1
'132.24603.2',76000,93300,4,'',1,6900,4,'',1,2900,4,'',1,6900,4,'',1,2900,4,'',1,8400,4,'',1,4200,4,'',1,8200,4,'',1,8200,4,'',1,8200,4,'',1,4200,4,'',1,8200,4,'',1,8100,4,'',1,4200,4,'',1,8400,4,'',1,7900,4,'',1,4200,4,'',1,7000,4,'',1,3000,4,'',1,7300,4,'',1,2900,4,'',1
'132.24603.2',76001,94300,,'',1,6900,,'',1,2900,,'',1,6900,,'',1,2900,,'',1,8500,,'',1,8200,,'',1,4200,,'',1,8200,,'',1,8200,,'',1,4200,,'',1,8200,,'',1,8200,,'',1,8200,,'',1,4200,,'',1,8200,,'',1,7900,,'',1,3000,,'',1,7000,,'',1,3000,,'',1,7000,,'',1
'132.24603.3',76000,92900,4,'',1,2800,4,'',1,6800,4,'',1,2800,4,'',1,7000,4,'',1,7900,4,'',1,3700,4,'',1,7900,4,'',1,3900,4,'',1,7900,4,'',1,8100,4,'',1,3900,4,'',1,7700,4,'',1,7900,4,'',1,3900,4,'',1,8100,4,'',1,7900,4,'',1,2800,4,'',1,6800,4,'',1,2500,4,'',1,6800,4,'',1
'132.24603.3',76001,94100,,'',1,6800,,'',1,2800,,'',1,6800,,'',1,2800,,'',1,7900,,'',1,3900,,'',1,7900,,'',1,7900,,'',1,3900,,'',1,7900,,'',1,7900,,'',1,3900,,'',1,7900,,'',1,7900,,'',1,3900,,'',1,7900,,'',1,2800,,'',1,6800,,'',1,2800,,'',1,6800,,'',1
'132.24604.2',76000,222500,4,'',1,3000,4,'',1
'132.24604.2',76001,223300,,'',1,7000,,'',1
'132.24604.3',76000,213100,4,'',1,2800,4,'',1,6800,4,'',1,2800,4,'',1
'132.24604.3',76001,214100,,'',1,6800,,'',1,2800,,'',1,6800,,'',1
