101,4453,1,0
101,2351,2,0
101,1029,3,0
101,4255,4,0
101,4257,5,0
101,4256,6,0
101,4922,7,0
101,6632,8,0
101,9724,9,0
101,4161,10,0
101,6145,11,0
101,6636,12,0
101,4162,13,0
101,6637,14,0
101,6634,15,0
101,6638,16,0
101,6788,17,0
101,4163,18,0
101,3217,19,0
101,6790,20,0
101,6792,21,0
101,4164,22,0
101,6488,23,0
101,9865,24,0
101,4166,25,0
101,4167,26,0
101,9867,27,0
101,9869,28,0
101,9884,29,0
101,9861,30,0
101,4177,31,0
101,9749,32,0
101,4178,33,0
101,9751,34,0
101,4179,35,0
101,4180,36,0
101,9833,37,0
101,4182,38,0
101,9753,39,0
101,4712,40,0
101,4719,41,0
101,9755,42,0
101,4718,43,0
101,4711,44,0
101,6652,45,0
101,5095,46,0
101,5626,47,0
101,6575,48,0
101,5625,49,0
101,6656,50,0
101,6813,51,0
101,7287,52,1
102,7287,1,0
102,6592,2,0
102,6593,3,0
102,6554,4,0
102,6678,5,0
102,5480,6,0
102,5296,7,0
102,1546,8,0
102,1548,9,0
102,5622,10,0
102,5624,11,0
102,6594,12,0
102,5627,13,0
102,5628,14,0
102,1555,15,0
102,1561,16,0
102,6155,17,0
102,4697,18,0
102,9756,19,0
102,4699,20,0
102,4700,21,0
102,9754,22,0
102,4701,23,0
102,9834,24,0
102,4703,25,0
102,4704,26,0
102,9752,27,0
102,4717,28,0
102,9750,29,0
102,4394,30,0
102,9862,31,0
102,9885,32,0
102,9870,33,0
102,9868,34,0
102,4727,35,0
102,9866,36,0
102,1549,37,0
102,4298,38,0
102,6793,39,0
102,6791,40,0
102,4715,41,0
102,6789,42,0
102,6639,43,0
102,6635,44,0
102,6640,45,0
102,6641,46,0
102,6146,47,0
102,4299,48,0
102,9725,49,0
102,4920,50,0
102,4332,51,0
102,4669,52,0
102,4361,53,0
102,4339,54,0
102,5054,55,0
102,5299,56,0
102,4453,57,1
201,2332,1,0
201,4915,2,0
201,2338,3,0
201,5055,4,0
201,4916,5,0
201,2339,6,0
201,9770,7,0
201,2340,8,0
201,1031,9,0
201,1033,10,0
201,1035,11,0
201,1037,12,0
201,1039,13,0
201,1041,14,0
201,1043,15,0
201,5873,16,0
201,1045,17,0
201,1047,18,0
201,1049,19,0
201,1051,20,0
201,1053,21,0
201,1055,22,0
201,1057,23,0
201,1059,24,0
201,1061,25,0
201,1064,26,0
201,1066,27,0
201,1068,28,0
201,1070,29,0
201,1072,30,0
201,1074,31,0
201,5189,32,0
201,1076,33,0
201,1078,34,0
201,1080,35,0
201,1082,36,0
201,1084,37,0
201,1086,38,0
201,1088,39,0
201,1090,40,0
201,1092,41,0
201,1094,42,0
201,1096,43,0
201,1098,44,0
201,1100,45,0
201,1102,46,0
201,1104,47,0
201,1106,48,0
201,1108,49,0
201,1110,50,0
201,1111,51,0
201,1113,52,0
201,1115,53,0
201,1117,54,0
201,1119,55,0
201,1121,56,0
201,1123,57,0
201,1125,58,0
201,1127,59,0
201,1228,60,0
201,1230,61,0
201,1232,62,0
201,1234,63,0
201,1236,64,0
201,5771,65,0
201,5772,66,0
201,5773,67,0
201,5774,68,0
201,5775,69,0
201,5776,70,0
201,1238,71,0
201,1240,72,0
201,3117,73,0
201,3118,74,0
201,3119,75,0
201,1508,76,0
201,1510,77,0
201,1512,78,0
201,1514,79,0
201,1516,80,0
201,1518,81,0
201,1520,82,0
201,1522,83,0
201,1524,84,0
201,1526,85,0
201,1528,86,0
201,5283,87,0
201,1530,88,0
201,1544,89,0
201,5550,90,0
201,6233,91,0
201,5618,92,0
201,5481,93,0
201,5482,94,0
201,6676,95,0
201,6677,96,0
201,7287,97,0
201,6592,98,0
201,6593,99,0
201,6554,100,0
201,6678,101,1
202,7287,1,0
202,6592,2,0
202,6593,3,0
202,6554,4,0
202,6678,5,0
202,1567,6,0
202,1569,7,0
202,1575,8,0
202,5284,9,0
202,4789,10,0
202,1577,11,0
202,1579,12,0
202,1587,13,0
202,1589,14,0
202,6091,15,0
202,1591,16,0
202,1593,17,0
202,1595,18,0
202,1597,19,0
202,1599,20,0
202,3139,21,0
202,3140,22,0
202,3141,23,0
202,3142,24,0
202,1242,25,0
202,1240,26,0
202,5760,27,0
202,5761,28,0
202,5762,29,0
202,5763,30,0
202,5764,31,0
202,1262,32,0
202,1264,33,0
202,7249,34,0
202,1266,35,0
202,5975,36,0
202,1244,37,0
202,1246,38,0
202,1248,39,0
202,1250,40,0
202,1252,41,0
202,1254,42,0
202,1256,43,0
202,1258,44,0
202,5771,45,0
202,5772,46,0
202,5773,47,0
202,5774,48,0
202,5775,49,0
202,5776,50,0
202,6116,51,0
202,6117,52,0
202,1272,53,0
202,1274,54,0
202,1276,55,0
202,1278,56,0
202,1280,57,0
202,1282,58,0
202,1284,59,0
202,1286,60,0
202,1288,61,0
202,1289,62,0
202,1291,63,0
202,1293,64,0
202,1295,65,0
202,1297,66,0
202,1299,67,0
202,1301,68,0
202,1303,69,0
202,1305,70,0
202,1307,71,0
202,1309,72,0
202,1311,73,0
202,1313,74,0
202,1315,75,0
202,1317,76,0
202,1319,77,0
202,1321,78,0
202,1323,79,0
202,1325,80,0
202,1327,81,0
202,1329,82,0
202,1331,83,0
202,1333,84,0
202,1335,85,0
202,1337,86,0
202,5129,87,0
202,1338,88,0
202,1339,89,0
202,1341,90,0
202,1343,91,0
202,1345,92,0
202,1347,93,0
202,1349,94,0
202,1351,95,0
202,1353,96,0
202,1355,97,0
202,5874,98,0
202,1357,99,0
202,1359,100,0
202,1361,101,0
202,1363,102,0
202,1365,103,0
202,1367,104,0
202,1369,105,0
202,1371,106,0
202,9817,107,0
202,5314,108,0
202,5315,109,0
202,5316,110,0
202,6169,111,0
202,5317,112,0
202,5318,113,0
202,2332,114,1
301,7195,1,0
301,3694,2,0
301,3696,3,0
301,3698,4,0
301,3700,5,0
301,3702,6,0
301,3704,7,0
301,3705,8,0
301,3706,9,0
301,3707,10,0
301,3708,11,0
301,3710,12,0
301,3364,13,0
301,3366,14,0
301,3368,15,0
301,3370,16,0
301,3372,17,0
301,3374,18,0
301,4027,19,0
301,4046,20,0
301,3376,21,0
301,3378,22,0
301,3380,23,0
301,3382,24,0
301,3322,25,0
301,3324,26,0
301,3326,27,0
301,3328,28,0
301,3330,29,0
301,6755,30,0
301,4034,31,0
301,4035,32,0
301,4036,33,0
301,4037,34,0
301,4039,35,0
301,9775,36,0
301,3384,37,0
301,3386,38,0
301,3388,39,0
301,3389,40,0
301,3391,41,0
301,3393,42,0
301,3395,43,0
301,3397,44,0
301,5337,45,0
301,1349,46,0
301,2895,47,0
301,2896,48,0
301,5330,49,0
301,4894,50,0
301,3399,51,0
301,3401,52,0
301,3403,53,0
301,3405,54,0
301,3407,55,0
301,3409,56,0
301,3411,57,0
301,3413,58,0
301,3415,59,0
301,6364,60,0
301,3417,61,0
301,3419,62,0
301,1929,63,0
301,1930,64,0
301,1931,65,0
301,1932,66,0
301,1933,67,0
301,4289,68,0
301,3421,69,0
301,3423,70,0
301,3425,71,0
301,3427,72,1
302,4289,1,0
302,1936,2,0
302,1937,3,0
302,3421,4,0
302,3423,5,0
302,3425,6,0
302,3427,7,0
302,3429,8,0
302,3431,9,0
302,3433,10,0
302,3435,11,0
302,3437,12,0
302,3439,13,0
302,1939,14,0
302,1940,15,0
302,1941,16,0
302,4884,17,0
302,5331,18,0
302,4919,19,0
302,4885,20,0
302,4886,21,0
302,4887,22,0
302,4888,23,0
302,4889,24,0
302,4890,25,0
302,4891,26,0
302,4892,27,0
302,4893,28,0
302,4895,29,0
302,2883,30,0
302,5337,31,0
302,1349,32,0
302,2895,33,0
302,4896,34,0
302,4897,35,0
302,4898,36,0
302,4899,37,0
302,4900,38,0
302,4901,39,0
302,4902,40,0
302,9774,41,0
302,4040,42,0
302,4041,43,0
302,4042,44,0
302,4043,45,0
302,4044,46,0
302,3342,47,0
302,3344,48,0
302,3345,49,0
302,3347,50,0
302,3348,51,0
302,3350,52,0
302,3352,53,0
302,4026,54,0
302,5336,55,0
302,3354,56,0
302,3356,57,0
302,3358,58,0
302,3360,59,0
302,3362,60,0
302,3605,61,0
302,3607,62,0
302,3611,63,0
302,3613,64,0
302,3615,65,0
302,3617,66,0
302,3619,67,0
302,3621,68,0
302,7240,69,0
302,7241,70,0
302,7195,71,1
401,3319,1,0
401,3824,2,0
401,6696,3,0
401,5946,4,0
401,5954,5,0
401,5955,6,0
401,5956,7,0
401,5957,8,0
401,2934,9,0
401,2935,10,0
401,2945,11,0
401,2946,12,0
401,2947,13,0
401,4796,14,0
401,2948,15,0
401,2949,16,0
401,2950,17,0
401,5261,18,0
401,5262,19,0
401,2951,20,0
401,6096,21,0
401,6185,22,0
401,2952,23,0
401,2953,24,0
401,2960,25,0
401,2961,26,0
401,2962,27,0
401,2963,28,0
401,2964,29,0
401,2965,30,0
401,2966,31,0
401,4265,32,0
401,2968,33,0
401,2969,34,0
401,6605,35,0
401,2970,36,0
401,5045,37,0
401,5046,38,0
401,5047,39,0
401,5048,40,0
401,5049,41,0
401,6334,42,0
401,5050,43,0
401,1678,44,0
401,1680,45,0
401,1664,46,0
401,1666,47,0
401,1668,48,0
401,1670,49,0
401,1672,50,0
401,1674,51,0
401,3207,52,0
401,3208,53,0
401,3209,54,1
402,3209,1,0
402,3210,2,0
402,1622,3,0
402,1624,4,0
402,1616,5,0
402,6654,6,0
402,5934,7,0
402,4795,8,0
402,6333,9,0
402,1682,10,0
402,1686,11,0
402,1688,12,0
402,1691,13,0
402,1693,14,0
402,1695,15,0
402,1697,16,0
402,1699,17,0
402,1701,18,0
402,1703,19,0
402,1705,20,0
402,1707,21,0
402,4950,22,0
402,1709,23,0
402,1711,24,0
402,1713,25,0
402,1715,26,0
402,1717,27,0
402,6341,28,0
402,6095,29,0
402,1719,30,0
402,5260,31,0
402,1721,32,0
402,1723,33,0
402,1725,34,0
402,1727,35,0
402,1729,36,0
402,1731,37,0
402,2937,38,0
402,1735,39,0
402,4911,40,0
402,4913,41,0
402,5953,42,0
402,7285,43,0
402,5947,44,0
402,6697,45,0
402,3841,46,0
402,3842,47,0
402,3319,48,1
501,1400,1,0
501,1402,2,0
501,1404,3,0
501,1406,4,0
501,1408,5,0
501,1410,6,0
501,1412,7,0
501,5313,8,0
501,1414,9,0
501,1416,10,0
501,1420,11,0
501,1422,12,0
501,1424,13,0
501,1426,14,0
501,1428,15,0
501,1430,16,0
501,2318,17,0
501,2319,18,0
501,9817,19,0
501,5314,20,0
501,5315,21,0
501,5316,22,0
501,6169,23,0
501,5317,24,0
501,5318,25,0
501,2333,26,1
502,2333,1,0
502,4915,2,0
502,2338,3,0
502,5055,4,0
502,4916,5,0
502,2339,6,0
502,9770,7,0
502,2340,8,0
502,1373,9,0
502,1375,10,0
502,1377,11,0
502,1378,12,0
502,1380,13,0
502,1382,14,0
502,1384,15,0
502,1386,16,0
502,5312,17,0
502,1388,18,0
502,1390,19,0
502,1392,20,0
502,1394,21,0
502,1396,22,0
502,1398,23,0
502,1663,24,0
502,1460,25,0
502,1462,26,0
502,1464,27,0
502,1665,28,0
502,1669,29,0
502,1671,30,0
502,1673,31,0
502,1677,32,0
502,1679,33,0
502,1681,34,0
502,1683,35,0
502,1685,36,0
502,1400,37,1
703,4944,1,0
703,4945,2,0
703,4487,3,0
703,4494,4,0
703,4485,5,0
703,4486,6,0
703,6951,7,0
703,4482,8,0
703,4481,9,0
703,4479,10,0
703,4478,11,0
703,5118,12,0
703,6307,13,0
703,4480,14,0
703,5265,15,0
703,5266,16,0
703,5267,17,0
703,5268,18,0
703,5269,19,0
703,6270,20,0
703,3441,21,0
703,3504,22,0
703,3506,23,0
703,3509,24,0
703,3511,25,0
703,3515,26,0
703,3517,27,0
703,3519,28,0
703,3521,29,0
703,3523,30,0
703,3525,31,0
703,3527,32,0
703,3529,33,0
703,3472,34,0
703,3473,35,0
703,3474,36,0
703,3475,37,0
703,3476,38,0
703,3531,39,0
703,3533,40,0
703,3535,41,0
703,3537,42,0
703,5945,43,0
703,5115,44,0
703,6475,45,0
703,3479,46,0
703,3480,47,0
703,3481,48,0
703,3482,49,0
703,3483,50,0
703,5187,51,0
703,5277,52,0
703,4918,53,0
703,3484,54,0
703,3485,55,0
703,3486,56,0
703,4411,57,1
704,4411,1,0
704,3375,2,0
704,3377,3,0
704,3379,4,0
704,5844,5,0
704,6367,6,0
704,5824,7,0
704,7109,8,0
704,3541,9,0
704,3543,10,0
704,3545,11,0
704,3548,12,0
704,6476,13,0
704,6370,14,0
704,6371,15,0
704,6372,16,0
704,6374,17,0
704,3550,18,0
704,3552,19,0
704,3487,20,0
704,3488,21,0
704,3489,22,0
704,3490,23,0
704,3554,24,0
704,3556,25,0
704,3558,26,0
704,3560,27,0
704,3562,28,0
704,3564,29,0
704,3566,30,0
704,6978,31,0
704,3568,32,0
704,6271,33,0
704,5270,34,0
704,4493,35,0
704,4492,36,0
704,4491,37,0
704,4490,38,0
704,4489,39,0
704,4488,40,0
704,4487,41,0
704,4494,42,0
704,4484,43,0
704,4485,44,0
704,4486,45,0
704,6951,46,0
704,4482,47,0
704,4481,48,0
704,4479,49,0
704,4478,50,0
704,5118,51,0
704,4943,52,0
704,4944,53,0
704,3662,54,0
704,3664,55,0
704,3666,56,0
704,3668,57,0
704,3441,58,1
803,1891,1,0
803,1892,2,0
803,1897,3,0
803,1898,4,0
803,1899,5,0
803,6338,6,0
803,1900,7,0
803,1901,8,0
803,1902,9,0
803,1903,10,0
803,1904,11,0
803,1905,12,0
803,4905,13,0
803,4906,14,0
803,4171,15,0
803,4907,16,0
803,4904,17,0
803,1906,18,0
803,1907,19,0
803,6850,20,0
803,1909,21,0
803,7279,22,0
803,5000,23,0
803,5001,24,0
803,6799,25,0
803,5002,26,0
803,5003,27,0
803,5004,28,0
803,6821,29,0
803,6822,30,0
803,5005,31,0
803,5875,32,0
803,1344,33,0
803,1346,34,0
803,1866,35,0
803,1867,36,0
803,1868,37,0
803,1869,38,0
803,1870,39,0
803,7312,40,1
804,7312,1,0
804,4798,2,0
804,1870,3,0
804,1871,4,0
804,1342,5,0
804,1873,6,0
804,6870,7,0
804,6869,8,0
804,1874,9,0
804,1875,10,0
804,1876,11,0
804,6798,12,0
804,1877,13,0
804,1878,14,0
804,9748,15,0
804,1880,16,0
804,1881,17,0
804,1882,18,0
804,1883,19,0
804,4905,20,0
804,4906,21,0
804,4172,22,0
804,4907,23,0
804,4904,24,0
804,1884,25,0
804,1885,26,0
804,1886,27,0
804,1887,28,0
804,1888,29,0
804,1889,30,0
804,1890,31,0
804,6653,32,0
804,1892,33,0
804,1897,34,0
804,1898,35,0
804,1899,36,1
903,5619,1,0
903,6156,2,0
903,5480,3,0
903,5296,4,0
903,1546,5,0
903,1548,6,0
903,4711,7,0
903,6652,8,0
903,4724,9,0
903,4725,10,0
903,4726,11,0
903,1770,12,0
903,4766,13,0
903,4765,14,0
903,1771,15,0
903,5852,16,0
903,5856,17,0
903,5854,18,0
903,5725,19,0
903,5090,20,0
903,5457,21,0
903,5640,22,0
903,6510,23,0
903,5642,24,0
903,6866,25,0
903,4940,26,0
903,4941,27,0
903,4942,28,0
903,5678,29,0
903,5425,30,0
903,5679,31,0
903,5680,32,0
903,6717,33,0
903,5681,34,0
903,1788,35,0
903,5682,36,0
903,1789,37,0
903,1790,38,0
903,5961,39,0
903,1792,40,0
903,1794,41,0
903,5188,42,0
903,6422,43,0
903,5435,44,0
903,5436,45,0
903,5437,46,0
903,6303,47,0
903,5454,48,0
903,5633,49,0
903,5634,50,0
903,5635,51,0
903,5636,52,0
903,5637,53,0
903,5444,54,0
903,5445,55,0
903,5446,56,0
903,5083,57,1
904,5083,1,0
904,5638,2,0
904,5639,3,0
904,5084,4,0
904,5086,5,0
904,1808,6,0
904,1809,7,0
904,1810,8,0
904,1811,9,0
904,6078,10,0
904,4940,11,0
904,6867,12,0
904,5088,13,0
904,6511,14,0
904,5641,15,0
904,5089,16,0
904,5722,17,0
904,5855,18,0
904,5857,19,0
904,5853,20,0
904,1763,21,0
904,1764,22,0
904,4754,23,0
904,1765,24,0
904,1766,25,0
904,1767,26,0
904,1768,27,0
904,1769,28,0
904,6561,29,0
904,1561,30,0
904,6155,31,0
904,6595,32,0
904,1565,33,0
904,5297,34,0
904,5479,35,0
904,5618,36,0
904,5481,37,0
904,6692,38,0
904,6688,39,0
904,6945,40,0
904,6946,41,0
904,6947,42,0
904,7157,43,0
904,5485,44,0
904,5619,45,1
1203,3441,1,0
1203,3672,2,0
1203,3674,3,0
1203,3722,4,0
1203,3723,5,0
1203,5591,6,0
1203,3724,7,0
1203,3725,8,0
1203,3726,9,0
1203,3727,10,0
1203,3728,11,0
1203,3729,12,0
1203,3730,13,0
1203,4285,14,0
1203,4264,15,0
1203,3691,16,0
1203,3693,17,0
1203,3695,18,0
1203,3697,19,0
1203,4280,20,0
1203,4282,21,0
1203,4283,22,0
1203,4254,23,0
1203,4315,24,0
1203,3810,25,0
1203,4316,26,0
1203,4329,27,0
1203,4318,28,0
1203,6304,29,0
1203,4308,30,0
1203,3317,31,1
1204,3317,1,0
1204,4320,2,0
1204,6306,3,0
1204,4321,4,0
1204,4322,5,0
1204,4323,6,0
1204,4275,7,0
1204,4273,8,0
1204,4477,9,0
1204,4245,10,0
1204,4314,11,0
1204,4281,12,0
1204,3632,13,0
1204,4424,14,0
1204,4276,15,0
1204,4277,16,0
1204,4278,17,0
1204,4274,18,0
1204,3732,19,0
1204,3733,20,0
1204,3734,21,0
1204,3735,22,0
1204,3736,23,0
1204,3737,24,0
1204,3738,25,0
1204,5592,26,0
1204,3739,27,0
1204,3740,28,0
1204,3648,29,0
1204,6736,30,0
1204,3441,31,1
1303,3441,1,0
1303,3442,2,0
1303,3443,3,0
1303,3444,4,0
1303,3445,5,0
1303,3446,6,0
1303,3447,7,0
1303,3448,8,0
1303,3449,9,0
1303,3450,10,0
1303,3451,11,0
1303,3452,12,0
1303,3453,13,0
1303,3454,14,0
1303,3455,15,0
1303,3456,16,0
1303,3457,17,0
1303,3458,18,0
1303,3459,19,0
1303,3375,20,0
1303,3377,21,0
1303,3379,22,0
1303,5844,23,0
1303,3381,24,0
1303,3383,25,0
1303,3385,26,0
1303,3387,27,0
1303,3390,28,0
1303,3392,29,0
1303,3394,30,0
1303,3396,31,0
1303,3398,32,0
1303,3400,33,0
1303,3402,34,0
1303,3404,35,0
1303,3406,36,0
1303,4634,37,0
1303,4633,38,0
1303,4632,39,0
1303,4631,40,0
1303,3349,41,0
1303,4620,42,0
1303,3353,43,0
1303,3355,44,0
1303,3357,45,0
1303,3359,46,0
1303,5309,47,0
1303,3361,48,1
1304,3361,1,0
1304,3363,2,0
1304,3365,3,0
1304,3367,4,0
1304,3369,5,0
1304,4629,6,0
1304,3371,7,0
1304,4638,8,0
1304,4627,9,0
1304,3406,10,0
1304,5044,11,0
1304,4626,12,0
1304,4625,13,0
1304,3373,14,0
1304,3408,15,0
1304,3410,16,0
1304,3412,17,0
1304,3414,18,0
1304,3416,19,0
1304,3418,20,0
1304,3420,21,0
1304,3422,22,0
1304,3424,23,0
1304,3426,24,0
1304,3428,25,0
1304,3430,26,0
1304,3432,27,0
1304,3434,28,0
1304,3436,29,0
1304,3438,30,0
1304,3440,31,0
1304,3441,32,1
1401,1655,1,0
1401,3272,2,0
1401,1080,3,0
1401,1082,4,0
1401,1084,5,0
1401,1086,6,0
1401,1466,7,0
1401,1468,8,0
1401,1470,9,0
1401,1472,10,0
1401,1474,11,0
1401,1476,12,0
1401,1478,13,0
1401,1480,14,0
1401,1482,15,0
1401,1484,16,0
1401,1486,17,0
1401,1488,18,0
1401,1490,19,0
1401,1492,20,0
1401,1494,21,0
1401,1496,22,0
1401,1498,23,0
1401,1500,24,0
1401,1502,25,0
1401,4949,26,0
1401,1504,27,0
1401,1506,28,0
1401,1508,29,0
1401,1510,30,0
1401,1512,31,0
1401,1514,32,0
1401,1516,33,0
1401,1518,34,0
1401,1520,35,0
1401,1522,36,0
1401,1524,37,0
1401,6668,38,0
1401,1526,39,0
1401,1528,40,0
1401,5283,41,0
1401,1530,42,0
1401,1581,43,0
1401,1583,44,0
1401,1585,45,0
1401,1573,46,0
1401,4788,47,0
1401,1544,48,0
1401,5550,49,0
1401,6233,50,0
1401,5618,51,0
1401,5481,52,0
1401,6692,53,0
1401,6688,54,0
1401,6674,55,0
1401,6675,56,0
1401,6676,57,0
1401,6677,58,0
1401,7287,59,0
1401,6592,60,0
1401,6593,61,0
1401,6554,62,0
1401,6678,63,1
1402,7287,1,0
1402,6592,2,0
1402,6593,3,0
1402,6554,4,0
1402,6678,5,0
1402,1567,6,0
1402,1569,7,0
1402,1575,8,0
1402,5284,9,0
1402,4789,10,0
1402,1532,11,0
1402,1534,12,0
1402,1536,13,0
1402,1538,14,0
1402,1540,15,0
1402,1542,16,0
1402,1577,17,0
1402,6669,18,0
1402,1579,19,0
1402,1587,20,0
1402,1589,21,0
1402,6091,22,0
1402,1591,23,0
1402,1593,24,0
1402,1595,25,0
1402,1597,26,0
1402,1599,27,0
1402,1601,28,0
1402,1603,29,0
1402,1605,30,0
1402,4948,31,0
1402,1607,32,0
1402,1609,33,0
1402,1611,34,0
1402,1613,35,0
1402,1615,36,0
1402,1617,37,0
1402,1619,38,0
1402,1621,39,0
1402,1623,40,0
1402,1625,41,0
1402,6786,42,0
1402,6787,43,0
1402,1631,44,0
1402,1633,45,0
1402,1635,46,0
1402,1639,47,0
1402,1643,48,0
1402,1645,49,0
1402,1647,50,0
1402,1088,51,0
1402,1090,52,0
1402,1649,53,0
1402,1651,54,0
1402,1653,55,0
1402,1655,56,1
1601,6695,1,0
1601,3064,2,0
1601,1864,3,0
1601,3065,4,0
1601,3066,5,0
1601,3067,6,0
1601,3068,7,0
1601,3069,8,0
1601,3070,9,0
1601,3071,10,0
1601,3072,11,0
1601,3073,12,0
1601,3074,13,0
1601,3075,14,0
1601,2908,15,0
1601,2909,16,0
1601,2910,17,0
1601,2911,18,0
1601,5031,19,0
1601,5032,20,0
1601,3077,21,0
1601,3078,22,0
1601,3079,23,0
1601,3080,24,0
1601,3081,25,0
1601,3082,26,0
1601,3083,27,0
1601,3084,28,0
1601,3085,29,0
1601,3086,30,0
1601,5937,31,0
1601,2981,32,0
1601,2982,33,0
1601,2983,34,0
1601,2984,35,0
1601,2985,36,0
1601,2986,37,0
1601,4923,38,0
1601,2987,39,0
1601,2988,40,0
1601,2989,41,0
1601,2990,42,0
1601,2991,43,0
1601,4924,44,0
1601,2992,45,0
1601,4925,46,0
1601,2993,47,0
1601,2994,48,0
1601,1766,49,0
1601,1767,50,0
1601,1768,51,0
1601,1769,52,0
1601,4786,53,0
1601,5095,54,1
1602,5095,1,0
1602,5626,2,0
1602,1285,3,0
1602,1287,4,0
1602,4768,5,0
1602,1290,6,0
1602,1292,7,0
1602,1294,8,0
1602,5199,9,0
1602,5631,10,0
1602,4926,11,0
1602,2979,12,0
1602,4927,13,0
1602,2980,14,0
1602,5645,15,0
1602,2995,16,0
1602,2996,17,0
1602,2997,18,0
1602,2998,19,0
1602,2999,20,0
1602,4929,21,0
1602,3000,22,0
1602,3001,23,0
1602,3002,24,0
1602,3003,25,0
1602,3004,26,0
1602,3005,27,0
1602,5936,28,0
1602,3006,29,0
1602,3007,30,0
1602,3008,31,0
1602,3009,32,0
1602,3010,33,0
1602,3011,34,0
1602,3012,35,0
1602,3013,36,0
1602,3014,37,0
1602,6274,38,0
1602,3017,39,0
1602,3018,40,0
1602,3019,41,0
1602,3020,42,0
1602,3021,43,0
1602,5033,44,0
1602,3023,45,0
1602,3024,46,0
1602,3025,47,0
1602,7126,48,0
1602,3026,49,0
1602,1702,50,0
1602,1704,51,0
1602,1273,52,0
1602,1275,53,0
1602,1277,54,0
1602,1279,55,0
1602,1281,56,0
1602,3287,57,0
1602,6681,58,0
1602,6072,59,0
1602,6694,60,0
1602,6693,61,0
1602,6695,62,1
1801,1340,1,0
1801,6831,2,0
1801,6833,3,0
1801,6835,4,0
1801,6837,5,0
1801,6839,6,0
1801,6830,7,0
1801,6828,8,0
1801,4955,9,0
1801,5875,10,0
1801,1344,11,0
1801,1346,12,0
1801,1348,13,0
1801,1350,14,0
1801,1352,15,0
1801,1354,16,0
1801,1356,17,0
1801,1358,18,0
1801,1360,19,0
1801,1362,20,0
1801,5127,21,0
1801,1366,22,0
1801,1368,23,0
1801,1370,24,0
1801,5125,25,0
1801,5099,26,0
1801,1374,27,0
1801,4815,28,0
1801,1328,29,0
1801,1330,30,0
1801,1332,31,0
1801,1334,32,0
1801,5097,33,0
1801,1336,34,0
1801,6077,35,0
1801,4764,36,0
1801,4763,37,0
1801,4762,38,0
1801,4761,39,0
1801,4760,40,0
1801,4784,41,0
1801,5286,42,0
1801,1306,43,0
1801,1308,44,0
1801,4767,45,0
1801,1310,46,0
1801,1312,47,0
1801,6574,48,0
1801,5627,49,0
1801,5628,50,0
1801,1555,51,1
1802,1555,1,0
1802,1561,2,0
1802,5622,3,0
1802,5624,4,0
1802,6594,5,0
1802,1285,6,0
1802,1287,7,0
1802,4768,8,0
1802,1290,9,0
1802,1292,10,0
1802,1294,11,0
1802,5199,12,0
1802,4759,13,0
1802,4758,14,0
1802,4757,15,0
1802,4756,16,0
1802,4755,17,0
1802,6122,18,0
1802,1314,19,0
1802,5096,20,0
1802,1316,21,0
1802,1318,22,0
1802,1320,23,0
1802,1322,24,0
1802,1324,25,0
1802,1326,26,0
1802,5098,27,0
1802,5124,28,0
1802,1381,29,0
1802,6049,30,0
1802,1383,31,0
1802,1385,32,0
1802,5126,33,0
1802,1389,34,0
1802,1391,35,0
1802,1393,36,0
1802,1397,37,0
1802,1399,38,0
1802,6092,39,0
1802,1401,40,0
1802,1403,41,0
1802,1405,42,0
1802,1407,43,0
1802,1409,44,0
1802,5876,45,0
1802,6827,46,0
1802,6829,47,0
1802,6840,48,0
1802,6838,49,0
1802,6836,50,0
1802,6834,51,0
1802,6832,52,0
1802,4465,53,0
1802,1340,54,1
2003,7197,1,0
2003,3631,2,0
2003,3793,3,0
2003,3794,4,0
2003,3795,5,0
2003,7201,6,0
2003,3796,7,0
2003,3803,8,0
2003,3804,9,0
2003,7206,10,0
2003,6346,11,0
2003,6347,12,0
2003,6348,13,0
2003,6349,14,0
2003,6350,15,0
2003,3821,16,0
2003,3822,17,0
2003,3323,18,0
2003,3824,19,0
2003,6696,20,0
2003,5946,21,0
2003,5954,22,0
2003,5955,23,0
2003,5956,24,0
2003,5957,25,0
2003,7266,26,0
2003,2938,27,0
2003,2939,28,0
2003,2940,29,0
2003,6336,30,0
2003,3831,31,0
2003,3832,32,0
2003,3833,33,1
2004,3833,1,0
2004,3834,2,0
2004,6337,3,0
2004,3835,4,0
2004,2932,5,0
2004,2933,6,0
2004,7267,7,0
2004,4619,8,0
2004,4911,9,0
2004,4913,10,0
2004,5953,11,0
2004,7285,12,0
2004,5947,13,0
2004,6697,14,0
2004,3841,15,0
2004,3842,16,0
2004,3313,17,0
2004,3843,18,0
2004,3844,19,0
2004,3845,20,0
2004,6351,21,0
2004,6352,22,0
2004,3817,23,0
2004,3818,24,0
2004,3819,25,0
2004,7204,26,0
2004,3820,27,0
2004,5109,28,0
2004,4783,29,0
2004,7200,30,0
2004,3801,31,0
2004,3688,32,0
2004,3690,33,0
2004,7197,34,1
2303,2335,1,0
2303,4915,2,0
2303,2338,3,0
2303,5055,4,0
2303,4916,5,0
2303,2339,6,0
2303,3591,7,0
2303,3593,8,0
2303,3595,9,0
2303,4572,10,0
2303,4573,11,0
2303,5192,12,0
2303,1378,13,0
2303,1380,14,0
2303,4578,15,0
2303,4579,16,0
2303,4580,17,0
2303,4045,18,0
2303,4031,19,0
2303,3278,20,0
2303,5751,21,0
2303,7298,22,0
2303,3280,23,0
2303,4591,24,0
2303,4592,25,0
2303,4593,26,0
2303,4594,27,0
2303,4595,28,0
2303,4596,29,0
2303,5157,30,0
2303,3902,31,0
2303,3903,32,0
2303,4617,33,0
2303,4582,34,0
2303,4583,35,0
2303,4584,36,0
2303,4585,37,0
2303,5900,38,0
2303,5901,39,0
2303,5902,40,0
2303,5903,41,0
2303,5904,42,0
2303,6056,43,0
2303,6057,44,0
2303,6058,45,0
2303,3292,46,0
2303,5805,47,0
2303,5788,48,0
2303,5789,49,0
2303,5790,50,0
2303,5791,51,0
2303,5792,52,0
2303,6059,53,0
2303,6221,54,0
2303,6060,55,0
2303,6236,56,1
2304,6236,1,0
2304,5797,2,0
2304,5798,3,0
2304,5799,4,0
2304,5800,5,0
2304,5801,6,0
2304,5802,7,0
2304,5803,8,0
2304,5804,9,0
2304,3305,10,0
2304,1958,11,0
2304,6061,12,0
2304,6062,13,0
2304,6063,14,0
2304,6064,15,0
2304,6065,16,0
2304,6066,17,0
2304,4586,18,0
2304,4587,19,0
2304,4588,20,0
2304,4589,21,0
2304,4590,22,0
2304,3895,23,0
2304,3896,24,0
2304,5168,25,0
2304,5169,26,0
2304,4597,27,0
2304,5974,28,0
2304,4598,29,0
2304,4599,30,0
2304,4600,31,0
2304,3306,32,0
2304,3307,33,0
2304,7299,34,0
2304,5750,35,0
2304,3309,36,0
2304,5332,37,0
2304,4032,38,0
2304,4033,39,0
2304,3334,40,0
2304,3336,41,0
2304,3338,42,0
2304,1422,43,0
2304,1424,44,0
2304,5191,45,0
2304,4574,46,0
2304,4575,47,0
2304,4576,48,0
2304,3718,49,0
2304,3719,50,0
2304,5314,51,0
2304,5315,52,0
2304,5316,53,0
2304,6169,54,0
2304,5317,55,0
2304,5318,56,0
2304,2335,57,1
2403,9767,1,0
2403,7079,2,0
2403,7078,3,0
2403,7076,4,0
2403,7074,5,0
2403,7071,6,0
2403,7069,7,0
2403,7067,8,0
2403,7065,9,0
2403,7063,10,0
2403,7061,11,0
2403,7059,12,0
2403,7057,13,0
2403,7055,14,0
2403,7053,15,0
2403,7051,16,0
2403,7049,17,0
2403,7047,18,0
2403,7045,19,0
2403,7043,20,0
2403,7041,21,0
2403,7039,22,0
2403,3265,23,0
2403,3267,24,0
2403,3268,25,0
2403,3255,26,0
2403,1653,27,0
2403,1655,28,0
2403,3272,29,0
2403,3241,30,0
2403,3261,31,0
2403,3262,32,0
2403,1646,33,0
2403,7098,34,0
2403,1648,35,0
2403,1650,36,0
2403,1652,37,0
2403,1654,38,0
2403,1656,39,0
2403,3228,40,0
2403,3229,41,0
2403,3230,42,0
2403,3231,43,0
2403,3232,44,0
2403,3233,45,0
2403,3216,46,0
2403,3217,47,0
2403,6076,48,0
2403,3218,49,0
2403,3219,50,0
2403,3220,51,0
2403,3234,52,0
2403,3235,53,0
2403,3236,54,0
2403,3238,55,0
2403,3239,56,0
2403,3240,57,0
2403,1658,58,0
2403,1660,59,0
2403,5103,60,0
2403,5123,61,0
2403,1421,62,0
2403,1616,63,0
2403,1662,64,0
2403,1670,65,0
2403,1672,66,0
2403,3204,67,0
2403,3205,68,0
2403,3206,69,0
2403,6815,70,0
2403,1676,71,0
2403,1678,72,0
2403,1680,73,0
2403,6158,74,0
2403,6159,75,0
2403,6160,76,0
2403,6161,77,0
2403,6162,78,0
2403,6163,79,0
2403,7107,80,0
2403,6599,81,0
2403,6600,82,0
2403,6601,83,0
2403,6602,84,0
2403,6603,85,0
2403,6165,86,0
2403,7230,87,0
2403,6756,88,0
2403,6405,89,0
2403,6166,90,1
2404,6166,1,0
2404,6406,2,0
2404,6757,3,0
2404,6167,4,0
2404,6168,5,0
2404,7080,6,0
2404,7081,7,0
2404,7082,8,0
2404,5494,9,0
2404,5495,10,0
2404,3202,11,0
2404,3203,12,0
2404,4953,13,0
2404,1618,14,0
2404,6654,15,0
2404,5934,16,0
2404,1620,17,0
2404,3207,18,0
2404,3208,19,0
2404,3209,20,0
2404,3210,21,0
2404,1622,22,0
2404,1624,23,0
2404,1664,24,0
2404,1666,25,0
2404,1668,26,0
2404,1626,27,0
2404,1628,28,0
2404,1630,29,0
2404,1632,30,0
2404,3211,31,0
2404,3212,32,0
2404,5121,33,0
2404,3213,34,0
2404,3214,35,0
2404,3215,36,0
2404,3221,37,0
2404,3222,38,0
2404,3223,39,0
2404,3224,40,0
2404,3225,41,0
2404,3226,42,0
2404,3227,43,0
2404,1634,44,0
2404,1636,45,0
2404,1638,46,0
2404,1640,47,0
2404,1642,48,0
2404,1644,49,0
2404,3263,50,0
2404,6339,51,0
2404,3264,52,0
2404,1657,53,0
2404,1659,54,0
2404,5122,55,0
2404,3269,56,0
2404,3270,57,0
2404,7040,58,0
2404,7042,59,0
2404,7044,60,0
2404,7046,61,0
2404,7048,62,0
2404,7050,63,0
2404,7052,64,0
2404,7054,65,0
2404,7056,66,0
2404,7058,67,0
2404,7060,68,0
2404,7062,69,0
2404,7064,70,0
2404,7066,71,0
2404,7068,72,0
2404,7070,73,0
2404,7072,74,0
2404,7073,75,0
2404,7075,76,0
2404,7077,77,0
2404,4215,78,1
2501,7311,1,0
2501,4623,2,0
2501,2777,3,0
2501,6013,4,0
2501,6125,5,0
2501,2815,6,0
2501,2962,7,0
2501,2963,8,0
2501,2964,9,0
2501,2965,10,0
2501,2966,11,0
2501,4265,12,0
2501,2968,13,0
2501,2969,14,0
2501,6605,15,0
2501,2970,16,0
2501,5045,17,0
2501,5046,18,0
2501,5047,19,0
2501,5048,20,0
2501,5049,21,0
2501,6334,22,0
2501,7243,23,0
2501,5050,24,0
2501,1678,25,0
2501,1680,26,0
2501,4266,27,0
2501,4956,28,0
2501,4269,29,0
2501,4272,30,0
2501,5052,31,0
2501,4794,32,0
2501,8010,33,0
2501,4798,34,0
2501,4793,35,0
2501,5287,36,0
2501,2971,37,0
2501,5646,38,0
2501,2978,39,0
2501,4812,40,0
2501,4797,41,0
2501,6816,42,0
2501,4799,43,0
2501,4818,44,0
2501,4817,45,0
2501,5906,46,0
2501,6500,47,0
2501,5907,48,0
2501,5908,49,0
2501,5909,50,0
2501,5910,51,0
2501,6876,52,0
2501,6868,53,0
2501,5912,54,0
2501,5929,55,0
2501,5930,56,0
2501,6879,57,0
2501,6880,58,0
2501,6882,59,0
2501,6884,60,0
2501,6573,61,0
2501,5915,62,0
2501,5624,63,0
2501,6594,64,0
2501,5627,65,0
2501,1555,66,1
2502,1555,1,0
2502,1561,2,0
2502,5622,3,0
2502,5916,4,0
2502,6572,5,0
2502,6885,6,0
2502,6883,7,0
2502,6881,8,0
2502,6878,9,0
2502,6877,10,0
2502,5928,11,0
2502,6875,12,0
2502,5919,13,0
2502,5488,14,0
2502,5920,15,0
2502,5921,16,0
2502,5922,17,0
2502,5923,18,0
2502,6499,19,0
2502,5924,20,0
2502,4806,21,0
2502,5051,22,0
2502,4813,23,0
2502,4819,24,0
2502,4811,25,0
2502,5837,26,0
2502,5647,27,0
2502,4809,28,0
2502,5288,29,0
2502,4808,30,0
2502,4807,31,0
2502,1413,32,0
2502,4465,33,0
2502,4270,34,0
2502,4271,35,0
2502,4268,36,0
2502,4267,37,0
2502,1618,38,0
2502,6654,39,0
2502,5934,40,0
2502,4795,41,0
2502,7243,42,0
2502,6333,43,0
2502,1682,44,0
2502,1686,45,0
2502,1688,46,0
2502,1691,47,0
2502,1693,48,0
2502,1695,49,0
2502,1697,50,0
2502,1699,51,0
2502,1701,52,0
2502,1703,53,0
2502,1705,54,0
2502,1707,55,0
2502,4950,56,0
2502,1709,57,0
2502,2775,58,0
2502,2776,59,0
2502,4623,60,0
2502,2777,61,0
2502,7311,62,1
2603,7207,1,0
2603,3773,2,0
2603,3805,3,0
2603,3806,4,0
2603,3807,5,0
2603,3808,6,0
2603,3809,7,0
2603,4315,8,0
2603,3810,9,0
2603,4316,10,0
2603,4329,11,0
2603,4318,12,0
2603,6304,13,0
2603,4308,14,0
2603,3319,15,0
2603,6768,16,0
2603,5604,17,0
2603,5602,18,0
2603,6803,19,0
2603,6642,20,0
2603,3970,21,0
2603,3827,22,0
2603,4499,23,0
2603,4611,24,0
2603,3829,25,0
2603,4803,26,0
2603,3830,27,0
2603,6230,28,0
2603,2928,29,0
2603,2929,30,0
2603,2930,31,0
2603,2931,32,0
2603,4501,33,1
2604,4501,1,0
2604,3978,2,0
2604,3979,3,0
2604,3980,4,0
2604,3981,5,0
2604,4610,6,0
2604,3982,7,0
2604,3983,8,0
2604,6643,9,0
2604,6644,10,0
2604,6645,11,0
2604,6646,12,0
2604,5809,13,0
2604,4804,14,0
2604,3836,15,0
2604,3837,16,0
2604,4636,17,0
2604,3838,18,0
2604,3984,19,0
2604,4305,20,0
2604,6804,21,0
2604,5601,22,0
2604,5603,23,0
2604,6767,24,0
2604,3319,25,0
2604,4320,26,0
2604,6306,27,0
2604,4321,28,0
2604,4322,29,0
2604,4323,30,0
2604,4275,31,0
2604,4273,32,0
2604,7159,33,0
2604,7160,34,0
2604,7161,35,0
2604,7162,36,0
2604,7207,37,1
3203,4428,1,0
3203,4426,2,0
3203,2406,3,0
3203,2407,4,0
3203,2408,5,0
3203,5655,6,0
3203,5237,7,0
3203,6204,8,0
3203,6205,9,0
3203,6206,10,0
3203,6207,11,0
3203,6208,12,0
3203,1147,13,0
3203,6226,14,0
3203,4667,15,0
3203,4675,16,0
3203,4381,17,0
3203,4666,18,0
3203,1728,19,0
3203,1730,20,0
3203,1732,21,0
3203,1734,22,0
3203,6004,23,0
3203,5249,24,0
3203,5250,25,0
3203,6823,26,0
3203,5251,27,0
3203,4665,28,0
3203,1159,29,0
3203,1161,30,0
3203,1163,31,0
3203,1165,32,0
3203,1167,33,0
3203,1169,34,0
3203,4664,35,0
3203,4663,36,0
3203,4450,37,0
3203,7110,38,0
3203,4425,39,0
3203,4644,40,0
3203,4609,41,0
3203,4618,42,0
3203,1193,43,0
3203,1195,44,0
3203,1197,45,0
3203,1199,46,0
3203,6244,47,0
3203,5254,48,0
3203,1745,49,0
3203,4683,50,0
3203,4684,51,0
3203,5329,52,0
3203,1746,53,0
3203,5253,54,0
3203,6423,55,0
3203,2211,56,0
3203,6301,57,0
3203,4752,58,0
3203,4751,59,0
3203,2258,60,1
3204,2258,1,0
3204,2265,2,0
3204,2266,3,0
3204,2267,4,0
3204,5988,5,0
3204,2268,6,0
3204,2269,7,0
3204,2270,8,0
3204,2271,9,0
3204,5547,10,0
3204,4750,11,0
3204,6824,12,0
3204,6093,13,0
3204,5253,14,0
3204,6423,15,0
3204,2211,16,0
3204,1758,17,0
3204,1759,18,0
3204,4749,19,0
3204,1187,20,0
3204,6391,21,0
3204,1189,22,0
3204,1191,23,0
3204,4748,24,0
3204,4747,25,0
3204,4746,26,0
3204,4745,27,0
3204,4658,28,0
3204,4661,29,0
3204,4432,30,0
3204,4670,31,0
3204,4659,32,0
3204,1177,33,0
3204,1179,34,0
3204,1181,35,0
3204,1183,36,0
3204,1185,37,0
3204,5252,38,0
3204,1153,39,0
3204,1155,40,0
3204,1157,41,0
3204,5718,42,0
3204,1129,43,0
3204,1131,44,0
3204,1133,45,0
3204,1135,46,0
3204,1137,47,0
3204,1139,48,0
3204,1141,49,0
3204,4668,50,0
3204,1143,51,0
3204,1145,52,0
3204,1147,53,0
3204,1149,54,0
3204,4547,55,0
3204,4548,56,0
3204,5193,57,0
3204,4560,58,1
3301,4748,1,0
3301,5079,2,0
3301,4738,3,0
3301,1197,4,0
3301,1199,5,0
3301,6244,6,0
3301,5254,7,0
3301,1745,8,0
3301,1746,9,0
3301,4752,10,0
3301,4751,11,0
3301,5080,12,0
3301,5081,13,0
3301,6131,14,0
3301,5607,15,0
3301,5608,16,0
3301,5074,17,1
3302,5074,1,0
3302,5609,2,0
3302,5610,3,0
3302,5611,4,0
3302,5612,5,0
3302,5075,6,0
3302,5076,7,0
3302,5077,8,0
3302,5078,9,0
3302,5547,10,0
3302,4750,11,0
3302,6824,12,0
3302,6093,13,0
3302,1758,14,0
3302,1759,15,0
3302,4749,16,0
3302,1187,17,0
3302,6391,18,0
3302,1189,19,0
3302,1191,20,0
3302,4748,21,1
5003,7313,1,0
5003,7310,2,0
5003,2600,3,0
5003,5022,4,0
5003,2601,5,0
5003,2602,6,0
5003,2603,7,0
5003,2604,8,0
5003,2605,9,0
5003,2606,10,0
5003,2607,11,0
5003,2608,12,0
5003,2609,13,0
5003,2610,14,0
5003,2611,15,0
5003,2612,16,0
5003,9849,17,0
5003,2614,18,0
5003,2615,19,0
5003,4431,20,0
5003,6987,21,0
5003,4908,22,0
5003,4909,23,0
5003,4910,24,0
5003,4463,25,0
5003,4438,26,0
5003,4441,27,0
5003,2574,28,0
5003,2575,29,0
5003,2576,30,0
5003,2577,31,0
5003,6434,32,0
5003,7212,33,0
5003,5498,34,0
5003,5358,35,0
5003,5359,36,0
5003,5499,37,0
5003,6809,38,0
5003,5360,39,0
5003,4061,40,0
5003,4062,41,0
5003,4063,42,0
5003,5170,43,0
5003,4064,44,0
5003,5171,45,0
5003,6802,46,0
5003,6474,47,0
5003,6740,48,0
5003,6739,49,0
5003,7255,50,0
5003,4072,51,0
5003,4066,52,0
5003,5172,53,0
5003,4067,54,0
5003,4074,55,0
5003,4075,56,0
5003,5173,57,0
5003,4102,58,0
5003,4103,59,0
5003,4104,60,0
5003,4105,61,0
5003,4106,62,0
5003,6825,63,0
5003,4107,64,0
5003,4108,65,0
5003,4109,66,0
5003,6490,67,0
5003,4110,68,0
5003,5174,69,0
5003,6276,70,0
5003,4113,71,0
5003,6796,72,0
5003,6472,73,0
5003,6453,74,0
5003,6455,75,0
5003,6428,76,0
5003,5376,77,0
5003,6485,78,0
5003,6231,79,0
5003,6223,80,0
5003,6492,81,0
5003,6470,82,0
5003,6329,83,0
5003,6437,84,0
5003,6438,85,0
5003,6441,86,0
5003,6442,87,0
5003,6444,88,0
5003,6225,89,0
5003,6446,90,0
5003,6467,91,0
5003,6468,92,0
5003,5382,93,0
5003,6461,94,0
5003,6462,95,0
5003,6463,96,0
5003,5404,97,0
5003,6448,98,0
5003,6464,99,0
5003,6429,100,0
5003,5388,101,0
5003,6457,102,0
5003,5389,103,1
5004,5389,1,0
5004,6456,2,0
5004,5401,3,0
5004,6430,4,0
5004,6458,5,0
5004,6449,6,0
5004,6483,7,0
5004,5384,8,0
5004,6459,9,0
5004,6460,10,0
5004,5407,11,0
5004,6465,12,0
5004,6466,13,0
5004,6447,14,0
5004,6224,15,0
5004,6445,16,0
5004,6443,17,0
5004,6440,18,0
5004,6439,19,0
5004,6436,20,0
5004,6330,21,0
5004,6469,22,0
5004,6491,23,0
5004,6222,24,0
5004,6232,25,0
5004,6486,26,0
5004,5413,27,0
5004,6487,28,0
5004,6454,29,0
5004,6452,30,0
5004,6471,31,0
5004,6797,32,0
5004,5416,33,0
5004,6473,34,0
5004,5417,35,0
5004,5175,36,0
5004,6489,37,0
5004,4118,38,0
5004,4079,39,0
5004,4080,40,0
5004,4119,41,0
5004,4120,42,0
5004,4121,43,0
5004,4122,44,0
5004,5178,45,0
5004,4124,46,0
5004,4125,47,0
5004,5180,48,0
5004,5181,49,0
5004,5182,50,0
5004,5418,51,0
5004,6802,52,0
5004,6474,53,0
5004,6740,54,0
5004,6739,55,0
5004,7255,56,0
5004,4072,57,0
5004,4101,58,0
5004,4127,59,0
5004,5183,60,0
5004,5354,61,0
5004,6479,62,0
5004,6128,63,0
5004,6808,64,0
5004,6810,65,0
5004,5500,66,0
5004,5355,67,0
5004,5356,68,0
5004,5497,69,0
5004,7213,70,0
5004,6435,71,0
5004,5357,72,0
5004,2578,73,0
5004,5723,74,0
5004,2579,75,0
5004,2580,76,0
5004,2581,77,0
5004,4474,78,0
5004,2307,79,0
5004,2308,80,0
5004,4443,81,0
5004,5186,82,0
5004,6982,83,0
5004,5024,84,0
5004,9852,85,0
5004,2585,86,0
5004,2586,87,0
5004,2587,88,0
5004,9850,89,0
5004,2589,90,0
5004,7122,91,0
5004,2590,92,0
5004,2591,93,0
5004,2592,94,0
5004,2593,95,0
5004,2594,96,0
5004,6986,97,0
5004,2596,98,0
5004,2597,99,0
5004,2598,100,0
5004,2599,101,0
5004,1981,102,0
5004,7313,103,1
5203,4691,1,0
5203,5257,2,0
5203,5526,3,0
5203,2518,4,0
5203,2519,5,0
5203,1973,6,0
5203,1974,7,0
5203,1975,8,0
5203,1976,9,0
5203,5942,10,0
5203,2527,11,0
5203,2528,12,0
5203,2529,13,0
5203,2530,14,0
5203,2531,15,0
5203,2532,16,0
5203,2533,17,0
5203,2534,18,0
5203,2535,19,0
5203,2536,20,0
5203,2538,21,0
5203,2539,22,0
5203,2540,23,0
5203,2541,24,0
5203,2543,25,0
5203,2544,26,0
5203,2545,27,0
5203,2546,28,0
5203,2547,29,0
5203,2548,30,0
5203,2549,31,0
5203,2550,32,0
5203,2551,33,0
5203,2552,34,1
5204,2552,1,0
5204,2553,2,0
5204,2554,3,0
5204,4952,4,0
5204,2556,5,0
5204,2557,6,0
5204,2558,7,0
5204,2559,8,0
5204,2560,9,0
5204,2561,10,0
5204,2562,11,0
5204,2523,12,0
5204,2529,13,0
5204,2530,14,0
5204,2531,15,0
5204,2532,16,0
5204,2533,17,0
5204,2534,18,0
5204,2535,19,0
5204,2536,20,0
5204,2538,21,0
5204,2539,22,0
5204,2540,23,0
5204,6396,24,0
5204,5943,25,0
5204,2526,26,0
5204,2582,27,0
5204,1977,28,0
5204,1978,29,0
5204,1979,30,0
5204,1980,31,0
5204,5525,32,0
5204,1971,33,0
5204,4691,34,1
5403,6244,1,0
5403,5254,2,0
5403,1745,3,0
5403,1746,4,0
5403,4752,5,0
5403,4829,6,0
5403,4836,7,0
5403,4832,8,0
5403,2219,9,0
5403,4741,10,0
5403,2220,11,0
5403,2221,12,0
5403,5027,13,0
5403,2222,14,0
5403,2223,15,0
5403,2224,16,0
5403,5010,17,0
5403,2225,18,0
5403,2226,19,0
5403,2227,20,0
5403,2228,21,0
5403,2077,22,0
5403,4962,23,0
5403,4963,24,0
5403,4965,25,0
5403,5057,26,0
5403,5058,27,0
5403,5059,28,0
5403,5060,29,0
5403,6762,30,0
5403,5061,31,0
5403,4293,32,1
5404,4293,1,0
5404,5072,2,0
5404,2464,3,0
5404,2465,4,0
5404,2466,5,0
5404,5073,6,0
5404,2467,7,0
5404,4968,8,0
5404,4964,9,0
5404,4961,10,0
5404,2058,11,0
5404,2248,12,0
5404,6395,13,0
5404,4420,14,0
5404,2249,15,0
5404,5011,16,0
5404,2250,17,0
5404,2251,18,0
5404,2252,19,0
5404,5025,20,0
5404,2253,21,0
5404,2254,22,0
5404,2255,23,0
5404,5026,24,0
5404,4831,25,0
5404,2256,26,0
5404,4830,27,0
5404,2257,28,0
5404,5547,29,0
5404,4750,30,0
5404,6824,31,0
5404,6093,32,0
5404,1758,33,0
5404,1759,34,0
5404,4749,35,0
5404,6183,36,0
5404,7261,37,0
5404,6174,38,0
5404,6244,39,1
5501,4187,1,0
5501,7310,2,0
5501,2600,3,0
5501,5022,4,0
5501,2601,5,0
5501,2602,6,0
5501,2603,7,0
5501,2604,8,0
5501,2605,9,0
5501,2606,10,0
5501,2607,11,0
5501,2608,12,0
5501,2609,13,0
5501,2610,14,0
5501,2611,15,0
5501,2612,16,0
5501,2240,17,0
5501,2241,18,0
5501,6263,19,0
5501,2242,20,0
5501,2243,21,0
5501,2244,22,0
5501,5615,23,0
5501,2245,24,0
5501,2291,25,0
5501,2292,26,0
5501,2293,27,0
5501,2294,28,0
5501,2295,29,0
5501,2296,30,0
5501,2307,31,0
5501,2308,32,0
5501,4443,33,0
5501,5186,34,0
5501,5008,35,0
5501,6981,36,0
5501,6984,37,1
5502,6984,1,0
5502,6980,2,0
5502,6985,3,0
5502,2002,4,0
5502,4431,5,0
5502,5008,6,0
5502,6987,7,0
5502,4908,8,0
5502,4909,9,0
5502,4910,10,0
5502,2285,11,0
5502,2286,12,0
5502,2287,13,0
5502,2288,14,0
5502,2289,15,0
5502,2290,16,0
5502,5023,17,0
5502,2234,18,0
5502,2235,19,0
5502,2236,20,0
5502,2237,21,0
5502,6262,22,0
5502,2238,23,0
5502,2239,24,0
5502,9850,25,0
5502,2589,26,0
5502,7122,27,0
5502,2590,28,0
5502,2591,29,0
5502,2592,30,0
5502,2593,31,0
5502,2594,32,0
5502,6986,33,0
5502,2596,34,0
5502,2597,35,0
5502,2598,36,0
5502,2599,37,0
5502,1981,38,0
5502,4187,39,1
5601,4186,1,0
5601,1971,2,0
5601,1982,3,0
5601,2045,4,0
5601,2046,5,0
5601,2047,6,0
5601,2048,7,0
5601,2049,8,0
5601,2050,9,0
5601,2051,10,0
5601,2052,11,0
5601,2053,12,0
5601,2054,13,0
5601,2055,14,0
5601,2056,15,0
5601,2057,16,0
5601,5019,17,0
5601,2058,18,0
5601,2059,19,0
5601,2060,20,0
5601,2061,21,0
5601,2062,22,0
5601,2063,23,0
5601,2064,24,0
5601,2065,25,0
5601,2066,26,0
5601,2067,27,0
5601,2282,28,0
5601,2283,29,0
5601,2284,30,0
5601,6985,31,0
5601,2002,32,0
5601,4431,33,0
5601,5008,34,1
5602,5008,1,0
5602,2002,2,0
5602,6987,3,0
5602,4908,4,0
5602,4909,5,0
5602,4910,6,0
5602,4463,7,0
5602,2297,8,0
5602,2298,9,0
5602,2299,10,0
5602,4462,11,0
5602,2300,12,0
5602,2301,13,0
5602,2302,14,0
5602,2303,15,0
5602,6985,16,0
5602,4431,17,0
5602,6981,18,0
5602,2304,19,0
5602,2305,20,0
5602,2306,21,0
5602,2068,22,0
5602,2069,23,0
5602,2070,24,0
5602,2071,25,0
5602,2072,26,0
5602,2073,27,0
5602,2074,28,0
5602,2075,29,0
5602,2076,30,0
5602,2077,31,0
5602,2078,32,0
5602,2079,33,0
5602,2080,34,0
5602,2081,35,0
5602,2082,36,0
5602,2083,37,0
5602,5018,38,0
5602,2084,39,0
5602,7302,40,0
5602,2086,41,0
5602,2087,42,0
5602,2088,43,0
5602,2089,44,0
5602,1970,45,0
5602,4186,46,1
7701,5691,1,0
7701,4145,2,0
7701,4146,3,0
7701,9700,4,0
7701,4147,5,0
7701,9701,6,0
7701,9703,7,0
7701,4148,8,0
7701,4149,9,0
7701,7288,10,0
7701,4150,11,0
7701,7291,12,0
7701,4151,13,0
7701,7292,14,0
7701,7294,15,0
7701,4152,16,0
7701,4734,17,0
7701,4153,18,0
7701,7216,19,0
7701,4154,20,0
7701,7308,21,0
7701,4155,22,0
7701,4156,23,0
7701,4157,24,0
7701,7296,25,0
7701,6237,26,0
7701,4021,27,0
7701,4022,28,0
7701,4023,29,0
7701,4024,30,0
7701,4032,31,0
7701,4033,32,0
7701,4034,33,0
7701,4035,34,0
7701,4036,35,0
7701,4037,36,0
7701,4039,37,0
7701,2316,38,0
7701,2317,39,0
7701,9772,40,0
7701,5336,41,0
7701,1412,42,0
7701,5313,43,0
7701,1414,44,0
7701,1416,45,0
7701,1420,46,0
7701,1422,47,0
7701,1424,48,0
7701,1426,49,0
7701,1428,50,0
7701,1430,51,0
7701,2318,52,0
7701,2319,53,0
7701,9817,54,0
7701,5314,55,0
7701,5315,56,0
7701,5316,57,0
7701,6169,58,0
7701,5317,59,0
7701,5318,60,0
7701,2330,61,1
7702,2330,1,0
7702,4915,2,0
7702,2338,3,0
7702,5055,4,0
7702,4916,5,0
7702,2339,6,0
7702,9770,7,0
7702,2340,8,0
7702,2341,9,0
7702,9771,10,0
7702,2342,11,0
7702,2343,12,0
7702,4038,13,0
7702,4040,14,0
7702,4041,15,0
7702,4042,16,0
7702,4043,17,0
7702,4044,18,0
7702,4045,19,0
7702,1373,20,0
7702,1375,21,0
7702,1377,22,0
7702,1378,23,0
7702,1380,24,0
7702,1382,25,0
7702,1384,26,0
7702,1386,27,0
7702,5312,28,0
7702,1388,29,0
7702,3372,30,0
7702,4031,31,0
7702,4046,32,0
7702,4047,33,0
7702,4048,34,0
7702,4049,35,0
7702,7297,36,0
7702,4128,37,0
7702,4129,38,0
7702,4130,39,0
7702,4131,40,0
7702,7215,41,0
7702,4132,42,0
7702,4732,43,0
7702,4133,44,0
7702,7295,45,0
7702,7293,46,0
7702,4134,47,0
7702,7290,48,0
7702,4135,49,0
7702,7289,50,0
7702,4136,51,0
7702,4137,52,0
7702,9704,53,0
7702,9702,54,0
7702,4138,55,0
7702,4302,56,0
7702,4139,57,0
7702,4140,58,0
7702,4141,59,0
7702,7251,60,0
7702,4733,61,0
7702,6194,62,0
7702,6195,63,0
7702,6196,64,0
7702,6197,65,0
7702,6198,66,0
7702,6199,67,0
7702,6200,68,0
7702,6282,69,0
7702,6201,70,0
7702,5689,71,0
7702,5690,72,0
7702,5691,73,1
8001,4934,1,0
8001,2696,2,0
8001,2206,3,0
8001,2207,4,0
8001,2208,5,0
8001,2209,6,0
8001,2210,7,0
8001,4427,8,0
8001,4445,9,0
8001,4429,10,0
8001,4444,11,0
8001,2120,12,0
8001,2121,13,0
8001,2122,14,0
8001,2123,15,0
8001,4442,16,0
8001,4440,17,0
8001,1085,18,0
8001,1087,19,0
8001,1089,20,0
8001,1091,21,0
8001,5832,22,0
8001,6597,23,0
8001,5863,24,0
8001,5833,25,0
8001,5834,26,0
8001,6598,27,0
8001,6599,28,0
8001,6600,29,0
8001,6601,30,1
8002,6601,1,0
8002,6602,2,0
8002,6603,3,0
8002,5829,4,0
8002,5830,5,0
8002,1093,6,0
8002,1957,7,0
8002,1095,8,0
8002,1097,9,0
8002,1099,10,0
8002,4435,11,0
8002,2124,12,0
8002,2125,13,0
8002,2126,14,0
8002,2127,15,0
8002,2128,16,0
8002,2198,17,0
8002,2199,18,0
8002,2200,19,0
8002,2201,20,0
8002,2202,21,0
8002,2203,22,0
8002,2204,23,0
8002,2205,24,0
8002,2763,25,0
8002,4934,26,1
8203,5280,1,0
8203,1003,2,0
8203,1005,3,0
8203,6344,4,0
8203,1011,5,0
8203,1013,6,0
8203,1014,7,0
8203,1016,8,0
8203,1188,9,0
8203,1022,10,0
8203,1024,11,0
8203,1026,12,0
8203,1028,13,0
8203,1030,14,0
8203,1032,15,0
8203,1034,16,0
8203,1036,17,0
8203,1038,18,0
8203,1040,19,0
8203,1042,20,0
8203,1044,21,0
8203,1046,22,0
8203,1048,23,0
8203,1050,24,0
8203,1052,25,0
8203,1054,26,0
8203,1056,27,0
8203,1058,28,0
8203,1060,29,0
8203,1062,30,0
8203,5104,31,0
8203,1063,32,0
8203,1065,33,0
8203,1154,34,0
8203,5106,35,0
8203,1067,36,0
8203,1120,37,0
8203,1122,38,0
8203,1124,39,0
8203,1126,40,0
8203,1221,41,0
8203,2191,42,0
8203,1130,43,0
8203,1132,44,0
8203,5105,45,0
8203,1069,46,0
8203,1071,47,0
8203,1073,48,0
8203,1075,49,0
8203,1077,50,0
8203,1079,51,0
8203,1081,52,0
8203,1083,53,0
8203,1085,54,0
8203,1087,55,0
8203,1089,56,0
8203,5831,57,0
8203,4630,58,0
8203,7114,59,0
8203,4931,60,0
8203,1093,61,0
8203,1957,62,0
8203,5158,63,1
8204,5158,1,0
8204,5160,2,0
8204,5290,3,0
8204,5291,4,0
8204,2737,5,0
8204,2738,6,0
8204,1109,7,0
8204,1112,8,0
8204,1114,9,0
8204,1116,10,0
8204,1118,11,0
8204,1120,12,0
8204,1122,13,0
8204,1124,14,0
8204,1221,15,0
8204,1130,16,0
8204,1132,17,0
8204,5105,18,0
8204,1134,19,0
8204,1136,20,0
8204,1138,21,0
8204,1152,22,0
8204,5106,23,0
8204,1140,24,0
8204,1142,25,0
8204,1144,26,0
8204,1146,27,0
8204,1148,28,0
8204,1150,29,0
8204,1156,30,0
8204,1158,31,0
8204,1160,32,0
8204,1162,33,0
8204,1164,34,0
8204,1166,35,0
8204,1168,36,0
8204,1170,37,0
8204,1172,38,0
8204,1174,39,0
8204,1176,40,0
8204,1178,41,0
8204,1180,42,0
8204,1184,43,0
8204,1186,44,0
8204,1020,45,0
8204,1192,46,0
8204,1194,47,0
8204,1005,48,0
8204,6344,49,0
8204,1011,50,0
8204,1013,51,0
8204,1014,52,0
8204,1016,53,1
8303,4454,1,0
8303,2802,2,0
8303,2803,3,0
8303,5349,4,0
8303,2804,5,0
8303,2805,6,0
8303,2806,7,0
8303,2807,8,0
8303,2808,9,0
8303,2809,10,0
8303,2810,11,0
8303,2157,12,0
8303,2158,13,0
8303,2154,14,0
8303,5726,15,0
8303,2151,16,0
8303,2145,17,0
8303,2163,18,0
8303,2811,19,0
8303,2812,20,0
8303,2813,21,0
8303,2814,22,0
8303,2815,23,0
8303,2816,24,0
8303,2817,25,0
8303,2818,26,0
8303,2756,27,0
8303,2757,28,0
8303,2758,29,0
8303,4330,30,0
8303,4340,31,0
8303,4351,32,0
8303,4338,33,0
8303,4337,34,0
8303,4336,35,0
8303,4335,36,0
8303,4334,37,0
8303,4333,38,0
8303,2202,39,0
8303,2203,40,0
8303,2204,41,0
8303,2205,42,0
8303,2763,43,0
8303,2764,44,0
8303,4935,45,0
8303,2766,46,0
8303,2767,47,0
8303,2768,48,0
8303,2769,49,0
8303,6384,50,0
8303,2770,51,0
8303,2771,52,0
8303,2772,53,0
8303,4199,54,0
8303,4605,55,0
8303,6411,56,0
8303,2100,57,0
8303,2103,58,1
8304,2103,1,0
8304,5094,2,0
8304,4705,3,0
8304,4199,4,0
8304,4605,5,0
8304,4603,6,0
8304,4604,7,0
8304,6741,8,0
8304,2689,9,0
8304,2690,10,0
8304,2691,11,0
8304,2692,12,0
8304,2693,13,0
8304,2694,14,0
8304,5038,15,0
8304,2696,16,0
8304,2206,17,0
8304,2207,18,0
8304,2208,19,0
8304,2209,20,0
8304,2210,21,0
8304,6477,22,0
8304,4349,23,0
8304,4348,24,0
8304,4347,25,0
8304,4346,26,0
8304,4345,27,0
8304,4344,28,0
8304,4343,29,0
8304,4342,30,0
8304,2703,31,0
8304,2704,32,0
8304,2705,33,0
8304,2706,34,0
8304,2773,35,0
8304,5987,36,0
8304,2774,37,0
8304,2775,38,0
8304,2776,39,0
8304,2780,40,0
8304,2781,41,0
8304,2782,42,0
8304,2783,43,0
8304,2162,44,0
8304,2153,45,0
8304,6633,46,0
8304,2155,47,0
8304,2156,48,0
8304,2784,49,0
8304,2785,50,0
8304,2786,51,0
8304,2787,52,0
8304,2788,53,0
8304,2789,54,0
8304,2790,55,0
8304,2791,56,0
8304,5350,57,0
8304,2792,58,0
8304,2801,59,0
8304,4454,60,1
8501,3381,1,0
8501,3383,2,0
8501,3385,3,0
8501,3387,4,0
8501,3390,5,0
8501,3392,6,0
8501,3394,7,0
8501,3396,8,0
8501,3398,9,0
8501,3400,10,0
8501,3402,11,0
8501,3404,12,0
8501,3406,13,0
8501,5044,14,0
8501,4626,15,0
8501,4625,16,0
8501,3038,17,0
8501,3039,18,0
8501,3040,19,0
8501,3041,20,0
8501,3042,21,0
8501,3043,22,0
8501,3055,23,0
8501,5264,24,0
8501,3056,25,0
8501,3057,26,0
8501,3346,27,0
8501,3321,28,0
8501,3058,29,0
8501,6975,30,0
8501,3059,31,0
8501,3060,32,0
8501,3061,33,0
8501,3062,34,0
8501,5888,35,0
8501,1694,36,0
8501,3335,37,0
8501,1696,38,0
8501,1698,39,0
8501,1700,40,0
8501,6280,41,0
8501,3063,42,0
8501,5310,43,0
8501,3064,44,0
8501,1864,45,0
8501,3065,46,0
8501,3066,47,0
8501,3067,48,0
8501,3068,49,0
8501,3069,50,0
8501,3070,51,0
8501,3071,52,0
8501,3072,53,0
8501,3073,54,0
8501,3074,55,0
8501,3075,56,0
8501,2908,57,0
8501,2909,58,0
8501,2910,59,0
8501,2911,60,0
8501,5031,61,0
8501,6149,62,0
8501,6150,63,1
8502,6150,1,0
8502,6151,2,0
8502,6812,3,0
8502,1919,4,0
8502,3019,5,0
8502,3020,6,0
8502,3021,7,0
8502,5033,8,0
8502,3023,9,0
8502,3024,10,0
8502,3025,11,0
8502,7126,12,0
8502,3026,13,0
8502,1702,14,0
8502,1704,15,0
8502,1273,16,0
8502,1275,17,0
8502,1277,18,0
8502,1279,19,0
8502,1281,20,0
8502,5311,21,0
8502,1283,22,0
8502,5867,23,0
8502,5868,24,0
8502,5034,25,0
8502,6279,26,0
8502,1689,27,0
8502,3335,28,0
8502,1690,29,0
8502,1692,30,0
8502,3027,31,0
8502,3028,32,0
8502,3029,33,0
8502,6974,34,0
8502,3030,35,0
8502,3315,36,0
8502,3031,37,0
8502,5035,38,0
8502,5263,39,0
8502,3032,40,0
8502,3033,41,0
8502,3034,42,0
8502,3035,43,0
8502,3036,44,0
8502,3037,45,0
8502,6288,46,0
8502,3375,47,0
8502,3377,48,0
8502,3379,49,0
8502,5844,50,0
8502,3381,51,0
8502,3383,52,0
8502,3385,53,0
8502,3387,54,0
8502,3390,55,0
8502,3392,56,0
8502,3394,57,0
8502,3396,58,0
8502,3398,59,0
8502,3400,60,0
8502,3402,61,0
8502,3404,62,0
8502,3406,63,0
8502,5044,64,0
8502,4626,65,1
8603,4461,1,0
8603,4674,2,0
8603,1001,3,0
8603,1002,4,0
8603,1004,5,0
8603,6393,6,0
8603,6401,7,0
8603,3026,8,0
8603,7317,9,0
8603,2474,10,0
8603,4304,11,0
8603,2475,12,0
8603,2183,13,0
8603,2184,14,0
8603,2185,15,0
8603,2186,16,0
8603,2187,17,0
8603,2188,18,0
8603,2189,19,0
8603,2190,20,0
8603,1219,21,0
8603,2191,22,0
8603,2192,23,0
8603,2193,24,0
8603,1130,25,0
8603,2826,26,0
8603,6069,27,0
8603,2742,28,0
8603,2743,29,0
8603,2194,30,0
8603,2195,31,0
8603,2196,32,0
8603,2197,33,0
8603,2127,34,0
8603,2128,35,0
8603,2198,36,0
8603,7323,37,0
8603,4195,38,0
8603,4605,39,0
8603,6411,40,0
8603,2100,41,0
8603,2103,42,0
8603,2102,43,0
8603,2104,44,0
8603,2105,45,0
8603,2106,46,0
8603,2107,47,0
8603,6385,48,0
8603,6387,49,0
8603,4520,50,0
8603,4524,51,0
8603,4523,52,0
8603,4522,53,0
8603,4521,54,1
8604,4520,1,0
8604,4524,2,0
8604,4523,3,0
8604,4522,4,0
8604,4521,5,0
8604,6386,6,0
8604,2111,7,0
8604,2112,8,0
8604,2113,9,0
8604,2114,10,0
8604,2115,11,0
8604,2101,12,0
8604,2116,13,0
8604,6410,14,0
8604,5305,15,0
8604,2117,16,0
8604,4195,17,0
8604,4496,18,0
8604,2118,19,0
8604,2119,20,0
8604,2120,21,0
8604,2121,22,0
8604,2131,23,0
8604,2132,24,0
8604,2133,25,0
8604,2134,26,0
8604,2135,27,0
8604,2136,28,0
8604,1219,29,0
8604,6071,30,0
8604,2715,31,0
8604,2716,32,0
8604,2728,33,0
8604,2862,34,0
8604,2863,35,0
8604,1126,36,0
8604,2137,37,0
8604,2138,38,0
8604,2139,39,0
8604,2140,40,0
8604,2141,41,0
8604,2142,42,0
8604,2143,43,0
8604,2144,44,0
8604,2146,45,0
8604,4259,46,0
8604,3070,47,0
8604,3071,48,0
8604,6394,49,0
8604,6392,50,0
8604,1006,51,0
8604,1008,52,0
8604,1010,53,0
8604,1012,54,0
8604,5054,55,0
8604,5299,56,0
8604,4461,57,1
8701,3317,1,0
8701,3824,2,0
8701,6975,3,0
8701,3059,4,0
8701,3060,5,0
8701,3061,6,0
8701,3062,7,0
8701,5888,8,0
8701,1694,9,0
8701,3333,10,0
8701,1696,11,0
8701,3887,12,0
8701,3888,13,0
8701,3889,14,0
8701,3890,15,0
8701,3891,16,0
8701,6011,17,0
8701,3892,18,0
8701,3893,19,0
8701,3894,20,0
8701,6743,21,0
8701,6650,22,0
8701,6651,23,0
8701,1967,24,0
8701,2797,25,0
8701,2798,26,0
8701,2799,27,0
8701,2800,28,0
8701,2801,29,0
8701,4454,30,1
8702,4454,1,0
8702,2802,2,0
8702,2803,3,0
8702,2793,4,0
8702,2794,5,0
8702,2795,6,0
8702,2796,7,0
8702,7253,8,0
8702,3281,9,0
8702,6647,10,0
8702,6648,11,0
8702,6744,12,0
8702,3904,13,0
8702,3905,14,0
8702,6010,15,0
8702,6421,16,0
8702,3906,17,0
8702,3907,18,0
8702,3908,19,0
8702,4616,20,0
8702,3910,21,0
8702,3911,22,0
8702,3333,23,0
8702,1690,24,0
8702,1692,25,0
8702,3027,26,0
8702,3028,27,0
8702,3029,28,0
8702,6974,29,0
8702,3842,30,0
8702,3317,31,1
8803,2334,1,0
8803,4915,2,0
8803,2338,3,0
8803,5055,4,0
8803,4916,5,0
8803,2339,6,0
8803,3591,7,0
8803,3593,8,0
8803,3595,9,0
8803,3597,10,0
8803,3599,11,0
8803,3601,12,0
8803,3273,13,0
8803,3274,14,0
8803,3275,15,0
8803,3276,16,0
8803,3277,17,0
8803,4422,18,0
8803,7305,19,0
8803,3278,20,0
8803,5751,21,0
8803,7298,22,0
8803,3280,23,0
8803,7253,24,0
8803,3281,25,0
8803,3282,26,0
8803,6345,27,0
8803,3284,28,0
8803,3285,29,0
8803,3286,30,0
8803,3287,31,0
8803,3289,32,0
8803,3290,33,0
8803,5236,34,0
8803,3291,35,0
8803,3292,36,0
8803,3293,37,0
8803,2760,38,0
8803,2761,39,0
8803,2762,40,0
8803,2763,41,0
8803,2764,42,0
8803,3295,43,0
8803,6972,44,0
8803,5130,45,0
8803,5131,46,0
8803,5468,47,0
8803,6075,48,0
8803,6682,49,0
8803,3296,50,0
8803,5231,51,0
8803,6979,52,0
8803,3297,53,0
8803,3298,54,0
8803,3299,55,0
8803,6864,56,0
8803,4439,57,0
8803,5164,58,0
8803,4436,59,0
8803,7121,60,0
8803,6153,61,0
8803,1151,62,0
8803,1706,63,1
8804,1706,1,0
8804,7242,2,0
8804,1710,3,0
8804,6260,4,0
8804,7116,5,0
8804,1712,6,0
8804,5258,7,0
8804,4446,8,0
8804,6865,9,0
8804,3300,10,0
8804,5259,11,0
8804,3301,12,0
8804,5147,13,0
8804,5148,14,0
8804,5469,15,0
8804,5617,16,0
8804,5616,17,0
8804,5149,18,0
8804,6973,19,0
8804,3303,20,0
8804,4430,21,0
8804,4934,22,0
8804,2696,23,0
8804,2698,24,0
8804,2699,25,0
8804,2700,26,0
8804,2701,27,0
8804,3305,28,0
8804,1958,29,0
8804,1960,30,0
8804,1961,31,0
8804,1962,32,0
8804,1963,33,0
8804,1964,34,0
8804,1965,35,0
8804,1966,36,0
8804,1967,37,0
8804,7254,38,0
8804,3306,39,0
8804,3307,40,0
8804,7299,41,0
8804,5750,42,0
8804,3309,43,0
8804,4025,44,0
8804,4032,45,0
8804,3310,46,0
8804,3312,47,0
8804,3314,48,0
8804,3316,49,0
8804,3713,50,0
8804,3714,51,0
8804,3715,52,0
8804,3716,53,0
8804,3717,54,0
8804,3718,55,0
8804,3719,56,0
8804,5314,57,0
8804,5315,58,0
8804,5316,59,0
8804,6169,60,0
8804,5317,61,0
8804,5318,62,0
8804,2334,63,1
9003,9767,1,0
9003,9768,2,0
9003,4217,3,0
9003,4218,4,0
9003,4219,5,0
9003,4220,6,0
9003,4221,7,0
9003,4222,8,0
9003,4227,9,0
9003,4228,10,0
9003,4229,11,0
9003,4230,12,0
9003,4231,13,0
9003,4232,14,0
9003,4233,15,0
9003,4234,16,0
9003,1936,17,0
9003,1937,18,0
9003,1938,19,0
9003,1939,20,0
9003,1940,21,0
9003,1941,22,0
9003,1942,23,0
9003,1196,24,0
9003,1003,25,0
9003,1005,26,0
9003,1007,27,0
9003,1945,28,0
9003,1946,29,0
9003,1947,30,0
9003,1948,31,0
9003,5190,32,0
9003,6811,33,0
9003,1950,34,0
9003,1951,35,0
9003,1952,36,0
9003,1953,37,0
9003,1954,38,0
9003,1955,39,0
9003,1956,40,0
9003,4933,41,0
9003,6596,42,0
9003,5831,43,0
9003,6731,44,1
9004,4630,1,0
9004,7114,2,0
9004,4931,3,0
9004,4932,4,0
9004,1911,5,0
9004,1912,6,0
9004,1913,7,0
9004,1914,8,0
9004,1915,9,0
9004,1916,10,0
9004,1917,11,0
9004,1918,12,0
9004,6812,13,0
9004,1919,14,0
9004,1920,15,0
9004,1921,16,0
9004,1922,17,0
9004,1923,18,0
9004,1924,19,0
9004,1925,20,0
9004,1926,21,0
9004,1194,22,0
9004,1928,23,0
9004,1929,24,0
9004,1930,25,0
9004,1931,26,0
9004,1932,27,0
9004,1933,28,0
9004,1934,29,0
9004,4202,30,0
9004,4203,31,0
9004,4204,32,0
9004,4205,33,0
9004,4206,34,0
9004,4207,35,0
9004,4208,36,0
9004,4209,37,0
9004,4210,38,0
9004,4211,39,0
9004,4212,40,0
9004,4213,41,0
9004,6090,42,0
9004,4215,43,1
9103,6235,1,0
9103,4915,2,0
9103,2338,3,0
9103,5055,4,0
9103,4916,5,0
9103,2339,6,0
9103,4917,7,0
9103,3491,8,0
9103,3493,9,0
9103,3495,10,0
9103,3497,11,0
9103,3499,12,0
9103,3501,13,0
9103,2890,14,0
9103,5235,15,0
9103,2891,16,0
9103,2892,17,0
9103,2893,18,0
9103,2894,19,0
9103,2895,20,0
9103,2896,21,0
9103,2897,22,0
9103,2898,23,0
9103,2899,24,0
9103,2900,25,0
9103,2901,26,0
9103,2902,27,0
9103,2903,28,0
9103,2904,29,0
9103,2905,30,0
9103,2906,31,0
9103,2907,32,0
9103,4437,33,0
9103,2819,34,0
9103,2820,35,0
9103,2821,36,0
9103,2822,37,0
9103,2823,38,0
9103,2824,39,0
9103,2825,40,0
9103,2826,41,0
9103,2827,42,0
9103,2852,43,0
9103,2853,44,0
9103,2854,45,0
9103,2855,46,0
9103,2856,47,0
9103,2857,48,0
9103,2858,49,0
9103,2859,50,1
9104,2859,1,0
9104,2860,2,0
9104,2861,3,0
9104,2862,4,0
9104,2863,5,0
9104,2864,6,0
9104,2865,7,0
9104,2866,8,0
9104,2867,9,0
9104,2868,10,0
9104,2869,11,0
9104,2870,12,0
9104,2871,13,0
9104,2872,14,0
9104,2873,15,0
9104,2874,16,0
9104,2875,17,0
9104,2876,18,0
9104,2877,19,0
9104,2878,20,0
9104,2879,21,0
9104,2880,22,0
9104,2881,23,0
9104,2882,24,0
9104,2883,25,0
9104,2884,26,0
9104,2885,27,0
9104,2886,28,0
9104,2887,29,0
9104,2888,30,0
9104,5234,31,0
9104,2889,32,0
9104,3577,33,0
9104,3579,34,0
9104,3581,35,0
9104,3583,36,0
9104,3585,37,0
9104,3587,38,0
9104,3589,39,0
9104,5315,40,0
9104,5316,41,0
9104,6169,42,0
9104,5317,43,0
9104,5318,44,0
9104,6235,45,1
9603,7199,1,0
9603,3694,2,0
9603,3696,3,0
9603,7256,4,0
9603,3914,5,0
9603,3915,6,0
9603,3916,7,0
9603,7123,8,0
9603,3917,9,0
9603,3918,10,0
9603,3919,11,0
9603,3920,12,0
9603,3921,13,0
9603,3922,14,0
9603,3923,15,0
9603,3924,16,0
9603,3925,17,0
9603,3926,18,0
9603,3927,19,0
9603,3928,20,0
9603,3929,21,0
9603,3930,22,0
9603,3931,23,0
9603,3932,24,0
9603,3933,25,0
9603,3934,26,0
9603,3935,27,0
9603,3936,28,0
9603,3937,29,0
9603,3938,30,0
9603,3939,31,0
9603,3940,32,0
9603,3941,33,0
9603,6887,34,0
9603,3942,35,0
9603,6495,36,0
9603,5203,37,0
9603,6570,38,0
9603,6568,39,0
9603,3943,40,0
9603,3944,41,0
9603,3945,42,0
9603,6805,43,0
9603,4545,44,0
9603,4536,45,0
9603,4528,46,0
9603,7306,47,0
9603,7115,48,0
9603,5849,49,0
9603,7229,50,0
9603,4538,51,0
9603,4539,52,0
9603,6562,53,0
9603,4540,54,0
9603,4541,55,0
9603,4542,56,0
9603,4543,57,0
9603,6679,58,0
9603,4544,59,0
9603,4565,60,0
9603,4838,61,0
9603,6187,62,0
9603,6188,63,0
9603,6189,64,0
9603,9794,65,0
9603,2501,66,0
9603,2502,67,0
9603,9839,68,0
9603,2504,69,0
9603,2505,70,0
9603,9796,71,0
9603,2507,72,0
9603,4689,73,0
9603,2508,74,0
9603,4678,75,0
9603,9798,76,0
9603,1736,77,0
9603,1738,78,0
9603,9800,79,0
9603,1740,80,0
9603,1744,81,0
9603,9802,82,0
9603,2510,83,0
9603,2511,84,0
9603,9804,85,0
9603,2512,86,0
9603,2513,87,0
9603,9826,88,0
9603,2515,89,0
9603,4679,90,0
9603,7300,91,0
9603,2517,92,0
9603,7302,93,0
9603,2086,94,0
9603,2087,95,0
9603,2088,96,0
9603,2089,97,0
9603,1970,98,0
9603,4184,99,1
9604,4184,1,0
9604,1982,2,0
9604,2045,3,0
9604,2046,4,0
9604,2047,5,0
9604,2048,6,0
9604,2049,7,0
9604,2050,8,0
9604,1988,9,0
9604,7301,10,0
9604,2617,11,0
9604,9825,12,0
9604,2619,13,0
9604,2620,14,0
9604,9805,15,0
9604,4681,16,0
9604,1271,17,0
9604,9803,18,0
9604,4683,19,0
9604,4684,20,0
9604,9801,21,0
9604,1761,22,0
9604,9799,23,0
9604,4685,24,0
9604,4686,25,0
9604,6242,26,0
9604,9797,27,0
9604,2659,28,0
9604,2660,29,0
9604,9840,30,0
9604,2662,31,0
9604,2663,32,0
9604,2664,33,0
9604,9795,34,0
9604,4839,35,0
9604,6190,36,0
9604,6191,37,0
9604,6192,38,0
9604,6281,39,0
9604,4561,40,0
9604,4562,41,0
9604,6806,42,0
9604,4555,43,0
9604,4551,44,0
9604,4535,45,0
9604,4529,46,0
9604,4530,47,0
9604,4531,48,0
9604,5850,49,0
9604,6758,50,0
9604,7307,51,0
9604,4537,52,0
9604,4532,53,0
9604,4549,54,0
9604,5204,55,0
9604,6564,56,0
9604,6565,57,0
9604,6566,58,0
9604,6567,59,0
9604,6569,60,0
9604,6571,61,0
9604,3946,62,0
9604,3947,63,0
9604,3948,64,0
9604,3958,65,0
9604,3959,66,0
9604,3961,67,0
9604,3962,68,0
9604,3963,69,0
9604,3964,70,0
9604,3965,71,0
9604,3966,72,0
9604,3967,73,0
9604,3968,74,0
9604,3969,75,0
9604,3985,76,0
9604,3986,77,0
9604,3987,78,0
9604,3988,79,0
9604,5156,80,0
9604,5155,81,0
9604,3990,82,0
9604,3989,83,0
9604,3991,84,0
9604,3992,85,0
9604,3993,86,0
9604,3994,87,0
9604,3995,88,0
9604,7250,89,0
9604,3849,90,0
9604,3912,91,0
9604,3913,92,0
9604,6680,93,0
9604,7241,94,0
9604,7199,95,1
9803,4197,1,0
9803,2489,2,0
9803,2490,3,0
9803,2491,4,0
9803,7325,5,0
9803,5781,6,0
9803,2493,7,0
9803,2494,8,0
9803,9823,9,0
9803,6407,10,0
9803,6732,11,0
9803,2498,12,0
9803,2499,13,0
9803,4721,14,0
9803,9794,15,0
9803,2501,16,0
9803,2502,17,0
9803,9839,18,0
9803,2504,19,0
9803,2505,20,0
9803,9796,21,0
9803,2507,22,0
9803,4689,23,0
9803,2508,24,0
9803,4678,25,0
9803,9798,26,0
9803,1736,27,0
9803,1738,28,0
9803,9800,29,0
9803,1740,30,0
9803,1744,31,0
9803,9802,32,0
9803,2510,33,0
9803,2511,34,0
9803,9804,35,0
9803,2512,36,0
9803,2513,37,0
9803,9826,38,0
9803,2515,39,0
9803,4679,40,0
9803,7300,41,0
9803,2517,42,0
9803,7302,43,0
9803,2086,44,0
9803,2087,45,0
9803,2088,46,0
9803,2089,47,0
9803,1970,48,0
9803,4192,49,0
9803,7310,50,0
9803,2518,51,0
9803,2519,52,0
9803,1973,53,0
9803,1974,54,0
9803,6099,55,0
9803,4680,56,1
9804,4680,1,0
9804,2582,2,0
9804,1977,3,0
9804,1978,4,0
9804,1979,5,0
9804,1980,6,0
9804,5092,7,0
9804,1981,8,0
9804,4192,9,0
9804,7310,10,0
9804,2600,11,0
9804,5022,12,0
9804,7304,13,0
9804,2616,14,0
9804,1985,15,0
9804,1986,16,0
9804,7303,17,0
9804,1988,18,0
9804,7301,19,0
9804,2617,20,0
9804,9825,21,0
9804,2619,22,0
9804,2620,23,0
9804,9805,24,0
9804,4681,25,0
9804,1271,26,0
9804,9803,27,0
9804,4683,28,0
9804,4684,29,0
9804,9801,30,0
9804,1761,31,0
9804,9799,32,0
9804,4685,33,0
9804,4686,34,0
9804,6242,35,0
9804,9797,36,0
9804,2659,37,0
9804,2660,38,0
9804,9840,39,0
9804,2662,40,0
9804,2663,41,0
9804,2664,42,0
9804,9795,43,0
9804,2666,44,0
9804,2667,45,0
9804,5093,46,0
9804,2668,47,0
9804,9824,48,0
9804,2670,49,0
9804,2671,50,0
9804,5780,51,0
9804,7326,52,0
9804,4688,53,0
9804,5094,54,0
9804,4705,55,0
9804,4197,56,1
9903,2328,1,0
9903,4915,2,0
9903,2338,3,0
9903,5055,4,0
9903,4916,5,0
9903,2339,6,0
9903,9770,7,0
9903,2340,8,0
9903,2341,9,0
9903,9771,10,0
9903,2342,11,0
9903,2343,12,0
9903,9773,13,0
9903,9775,14,0
9903,2344,15,0
9903,2345,16,0
9903,2346,17,0
9903,2347,18,0
9903,2348,19,0
9903,2349,20,0
9903,4461,21,0
9903,2351,22,0
9903,2470,23,0
9903,7316,24,0
9903,2471,25,0
9903,2472,26,0
9903,7317,27,0
9903,2474,28,0
9903,4304,29,0
9903,2475,30,0
9903,2476,31,0
9903,2477,32,0
9903,2478,33,0
9903,2479,34,0
9903,7318,35,0
9903,2481,36,0
9903,2482,37,0
9903,2483,38,0
9903,9785,39,0
9903,2485,40,0
9903,2486,41,0
9903,2487,42,0
9903,7323,43,0
9903,4198,44,1
9904,4198,1,0
9904,7327,2,0
9904,2672,3,0
9904,4690,4,0
9904,4676,5,0
9904,9786,6,0
9904,4692,7,0
9904,4693,8,0
9904,4694,9,0
9904,7319,10,0
9904,4624,11,0
9904,4623,12,0
9904,4309,13,0
9904,4258,14,0
9904,7320,15,0
9904,2146,16,0
9904,4259,17,0
9904,7321,18,0
9904,4260,19,0
9904,4261,20,0
9904,4262,21,0
9904,7322,22,0
9904,4287,23,0
9904,4695,24,0
9904,4468,25,0
9904,4696,26,0
9904,2310,27,0
9904,2311,28,0
9904,2312,29,0
9904,2313,30,0
9904,2314,31,0
9904,2315,32,0
9904,9776,33,0
9904,9774,34,0
9904,2316,35,0
9904,2317,36,0
9904,9772,37,0
9904,2318,38,0
9904,2319,39,0
9904,9817,40,0
9904,5314,41,0
9904,5315,42,0
9904,5316,43,0
9904,6169,44,0
9904,5317,45,0
9904,5318,46,0
9904,2328,47,0
9904,6235,48,1
10503,7194,1,0
10503,7192,2,0
10503,7191,3,0
10503,7189,4,0
10503,7187,5,0
10503,7185,6,0
10503,7183,7,0
10503,7181,8,0
10503,7179,9,0
10503,7180,10,0
10503,7177,11,0
10503,7175,12,0
10503,7173,13,0
10503,7171,14,0
10503,4011,15,0
10503,5166,16,0
10503,4012,17,0
10503,6100,18,0
10503,4013,19,0
10503,4014,20,0
10503,4015,21,0
10503,1434,22,0
10503,4016,23,0
10503,4017,24,0
10503,4018,25,0
10503,5167,26,0
10503,4019,27,0
10503,3999,28,0
10503,4000,29,0
10503,4001,30,0
10503,6239,31,0
10503,6238,32,0
10503,3910,33,0
10503,3911,34,0
10503,5737,35,0
10503,5738,36,0
10503,6272,37,0
10503,6735,38,0
10503,5741,39,0
10503,5742,40,0
10503,5743,41,0
10503,5262,42,0
10503,2951,43,0
10503,5744,44,1
10504,5744,1,0
10504,5745,2,0
10504,5746,3,0
10504,5747,4,0
10504,5748,5,0
10504,3999,6,0
10504,4000,7,0
10504,4001,8,0
10504,6239,9,0
10504,6238,10,0
10504,3910,11,0
10504,3911,12,0
10504,1698,13,0
10504,1700,14,0
10504,3996,15,0
10504,3997,16,0
10504,3998,17,0
10504,4004,18,0
10504,5165,19,0
10504,4005,20,0
10504,4006,21,0
10504,4007,22,0
10504,1683,23,0
10504,1685,24,0
10504,1661,25,0
10504,1663,26,0
10504,4008,27,0
10504,4009,28,0
10504,4010,29,0
10504,7170,30,0
10504,7172,31,0
10504,7174,32,0
10504,7176,33,0
10504,7178,34,0
10504,7182,35,0
10504,7184,36,0
10504,7186,37,0
10504,7188,38,0
10504,7190,39,0
10504,7193,40,1
10703,7198,1,0
10703,3694,2,0
10703,3696,3,0
10703,7256,4,0
10703,3914,5,0
10703,3915,6,0
10703,3916,7,0
10703,7123,8,0
10703,3917,9,0
10703,3918,10,0
10703,3919,11,0
10703,3920,12,0
10703,3921,13,0
10703,3922,14,0
10703,3923,15,0
10703,3924,16,0
10703,3925,17,0
10703,3926,18,0
10703,3927,19,0
10703,3928,20,0
10703,3929,21,0
10703,3930,22,0
10703,3931,23,0
10703,3932,24,0
10703,3933,25,0
10703,3934,26,0
10703,3935,27,0
10703,3936,28,0
10703,3937,29,0
10703,3938,30,0
10703,3939,31,0
10703,3940,32,0
10703,3949,33,0
10703,3950,34,0
10703,3951,35,0
10703,3952,36,0
10703,3953,37,0
10703,3954,38,0
10703,3955,39,1
10704,3955,1,0
10704,3956,2,0
10704,3957,3,0
10704,3947,4,0
10704,3948,5,0
10704,3958,6,0
10704,3959,7,0
10704,3961,8,0
10704,3962,9,0
10704,3963,10,0
10704,3964,11,0
10704,3965,12,0
10704,3966,13,0
10704,3967,14,0
10704,3968,15,0
10704,3969,16,0
10704,3985,17,0
10704,3986,18,0
10704,3987,19,0
10704,3988,20,0
10704,5156,21,0
10704,5155,22,0
10704,3990,23,0
10704,3989,24,0
10704,3991,25,0
10704,3992,26,0
10704,3993,27,0
10704,3994,28,0
10704,3995,29,0
10704,7250,30,0
10704,3849,31,0
10704,3912,32,0
10704,3913,33,0
10704,6680,34,0
10704,7241,35,0
10704,7198,36,1
16503,7196,1,0
16503,3631,2,0
16503,3633,3,0
16503,3635,4,0
16503,3637,5,0
16503,3639,6,0
16503,3642,7,0
16503,3644,8,0
16503,3594,9,0
16503,3596,10,0
16503,3598,11,0
16503,3600,12,0
16503,3741,13,0
16503,6133,14,0
16503,3742,15,0
16503,3743,16,0
16503,3744,17,0
16503,3745,18,0
16503,3746,19,0
16503,3747,20,0
16503,3748,21,0
16503,3749,22,0
16503,3750,23,0
16503,3751,24,0
16503,3752,25,0
16503,3753,26,0
16503,3754,27,0
16503,3755,28,0
16503,5281,29,0
16503,4959,30,0
16503,4284,31,0
16503,4310,32,0
16503,5749,33,1
16504,5749,1,0
16504,4311,2,0
16504,5848,3,0
16504,5869,4,0
16504,5282,5,0
16504,3757,6,0
16504,3758,7,0
16504,3759,8,0
16504,5036,9,0
16504,3760,10,0
16504,5037,11,0
16504,3761,12,0
16504,3762,13,0
16504,3763,14,0
16504,3764,15,0
16504,3765,16,0
16504,3766,17,0
16504,3767,18,0
16504,3768,19,0
16504,3769,20,0
16504,3602,21,0
16504,3604,22,0
16504,3606,23,0
16504,3608,24,0
16504,3610,25,0
16504,3678,26,0
16504,3680,27,0
16504,3682,28,0
16504,3684,29,0
16504,3686,30,0
16504,3688,31,0
16504,3690,32,0
16504,7196,33,1
52201,5246,1,0
52201,1625,2,0
52201,6420,3,0
52201,1906,4,0
52201,1907,5,0
52201,6850,6,0
52201,1909,7,0
52201,9885,8,0
52201,5978,9,0
52201,5979,10,0
52201,5324,11,0
52201,5000,12,0
52201,5981,13,0
52201,7120,14,0
52201,6127,15,0
52201,1832,16,0
52201,5983,17,0
52201,6126,18,0
52201,5205,19,0
52201,6851,20,0
52201,4180,21,0
52201,9833,22,0
52201,5984,23,0
52201,4182,24,0
52201,3124,25,0
52201,7103,26,0
52201,5230,27,0
52201,7104,28,0
52201,5523,29,0
52201,5985,30,0
52201,4712,31,0
52201,4719,32,0
52201,9755,33,0
52201,4718,34,0
52201,4711,35,0
52201,6652,36,0
52201,4786,37,0
52201,1550,38,0
52201,5285,39,0
52201,1552,40,0
52201,9810,41,0
52201,5626,42,0
52201,1285,43,0
52201,1287,44,0
52201,5986,45,1
52202,5986,1,0
52202,1769,2,0
52202,6561,3,0
52202,4723,4,0
52202,5590,5,0
52202,5326,6,0
52202,7103,7,0
52202,5230,8,0
52202,7104,9,0
52202,5523,10,0
52202,5985,11,0
52202,3135,12,0
52202,9754,13,0
52202,4701,14,0
52202,5984,15,0
52202,4703,16,0
52202,4704,17,0
52202,6403,18,0
52202,5205,19,0
52202,6127,20,0
52202,1832,21,0
52202,5983,22,0
52202,6126,23,0
52202,1826,24,0
52202,7120,25,0
52202,5980,26,0
52202,9885,27,0
52202,5978,28,0
52202,5979,29,0
52202,5324,30,0
52202,9748,31,0
52202,1880,32,0
52202,1881,33,0
52202,1882,34,0
52202,1883,35,0
52202,1884,36,0
52202,6305,37,0
52202,5246,38,1
60103,9769,1,0
60103,9770,2,0
60103,9771,3,0
60103,9773,4,0
60103,9775,5,0
60103,9723,6,0
60103,9777,7,0
60103,9779,8,0
60103,9781,9,0
60103,9783,10,0
60103,9785,11,0
60103,9787,12,0
60103,9789,13,0
60103,9790,14,0
60103,9792,15,0
60103,9823,16,0
60103,9794,17,0
60103,9839,18,0
60103,9796,19,0
60103,9798,20,0
60103,9800,21,0
60103,9802,22,0
60103,9804,23,0
60103,9826,24,0
60103,9806,25,0
60103,9818,26,0
60103,9882,27,0
60103,9809,28,1
60104,9809,1,0
60104,9883,2,0
60104,9808,3,0
60104,9807,4,0
60104,9825,5,0
60104,9805,6,0
60104,9803,7,0
60104,9801,8,0
60104,9799,9,0
60104,9797,10,0
60104,9840,11,0
60104,9795,12,0
60104,9824,13,0
60104,9793,14,0
60104,9789,15,0
60104,9791,16,0
60104,9788,17,0
60104,9786,18,0
60104,9784,19,0
60104,9782,20,0
60104,9780,21,0
60104,9778,22,0
60104,9819,23,0
60104,9776,24,0
60104,9774,25,0
60104,9772,26,0
60104,9817,27,0
60104,9769,28,1
60301,9820,1,0
60301,9724,2,0
60301,9838,3,0
60301,9726,4,0
60301,9728,5,0
60301,9730,6,0
60301,9732,7,0
60301,9734,8,0
60301,9736,9,0
60301,9738,10,0
60301,9740,11,0
60301,9842,12,0
60301,9742,13,0
60301,9864,14,0
60301,9745,15,0
60301,9865,16,0
60301,9867,17,0
60301,9869,18,0
60301,9884,19,0
60301,9861,20,0
60301,9749,21,0
60301,9751,22,0
60301,9833,23,0
60301,9753,24,0
60301,9755,25,0
60301,9810,26,1
60302,9810,1,0
60302,9756,2,0
60302,9754,3,0
60302,9834,4,0
60302,9752,5,0
60302,9750,6,0
60302,9748,7,0
60302,9744,8,0
60302,9863,9,0
60302,9743,10,0
60302,9841,11,0
60302,9862,12,0
60302,9885,13,0
60302,9870,14,0
60302,9868,15,0
60302,9866,16,0
60302,9741,17,0
60302,9739,18,0
60302,9737,19,0
60302,9735,20,0
60302,9733,21,0
60302,9731,22,0
60302,9729,23,0
60302,9727,24,0
60302,9837,25,0
60302,9725,26,0
60302,9820,27,1
60501,9700,1,0
60501,9701,2,0
60501,9703,3,0
60501,9878,4,0
60501,9705,5,0
60501,9707,6,0
60501,9709,7,0
60501,9876,8,0
60501,9859,9,0
60501,9857,10,0
60501,9854,11,0
60501,9718,12,0
60501,9880,13,0
60501,9874,14,0
60501,9721,15,0
60501,9872,16,0
60501,9821,17,1
60502,9821,1,0
60502,9873,2,0
60502,9722,3,0
60502,9875,4,0
60502,9881,5,0
60502,9719,6,0
60502,9853,7,0
60502,9858,8,0
60502,9860,9,0
60502,9877,10,0
60502,9710,11,0
60502,9708,12,0
60502,9706,13,0
60502,9879,14,0
60502,9704,15,0
60502,9702,16,0
60502,3525,17,1
60701,6426,1,0
60701,9843,2,0
60701,9855,3,0
60701,9847,4,0
60701,9849,5,0
60701,9851,6,0
60701,9856,7,1
60702,9856,1,0
60702,9852,2,0
60702,9850,3,0
60702,9848,4,0
60702,9846,5,0
60702,9844,6,0
60702,6426,7,1
76003,2335,1,0
76003,4915,2,0
76003,2338,3,0
76003,5055,4,0
76003,4916,5,0
76003,2339,6,0
76003,9770,7,0
76003,2340,8,0
76003,2341,9,0
76003,9771,10,0
76003,2342,11,0
76003,2343,12,0
76003,9773,13,0
76003,9775,14,0
76003,2344,15,0
76003,2345,16,0
76003,2346,17,0
76003,2347,18,0
76003,2348,19,0
76003,2349,20,0
76003,4453,21,0
76003,6332,22,0
76003,4308,23,0
76003,6273,24,1
76004,6273,1,0
76004,4320,2,0
76004,6306,3,0
76004,4453,4,0
76004,4696,5,0
76004,2310,6,0
76004,2311,7,0
76004,2312,8,0
76004,2313,9,0
76004,2314,10,0
76004,2315,11,0
76004,9776,12,0
76004,9774,13,0
76004,2316,14,0
76004,2317,15,0
76004,9772,16,0
76004,2318,17,0
76004,2319,18,0
76004,9817,19,0
76004,5314,20,0
76004,5315,21,0
76004,5316,22,0
76004,6169,23,0
76004,5317,24,0
76004,5318,25,0
76004,2335,26,1
81011,5883,1,0
81011,2489,2,0
81011,2490,3,0
81011,2491,4,0
81011,7325,5,0
81011,5781,6,0
81011,2493,7,0
81011,2494,8,0
81011,6383,9,0
81011,5668,10,0
81011,5663,11,0
81011,5669,12,0
81011,5670,13,0
81011,5671,14,0
81011,5672,15,0
81011,5673,16,0
81011,5459,17,0
81011,5460,18,0
81011,5461,19,0
81011,5462,20,0
81011,5675,21,0
81011,6340,22,0
81011,5676,23,0
81011,5677,24,0
81011,6494,25,0
81011,2687,26,0
81011,2688,27,0
81011,2673,28,0
81011,2674,29,0
81011,2675,30,0
81011,2676,31,0
81011,4497,32,0
81011,5780,33,0
81011,7326,34,0
81011,4688,35,0
81011,5094,36,0
81011,4705,37,0
81011,2116,38,0
81011,5305,39,0
81011,2117,40,1
81013,5883,1,0
81013,4605,2,0
81013,2100,3,0
81013,2103,4,0
81013,2489,5,0
81013,2490,6,0
81013,2491,7,0
81013,7325,8,0
81013,5781,9,0
81013,6493,10,0
81013,2677,11,0
81013,2678,12,0
81013,2679,13,0
81013,5949,14,0
81013,2680,15,0
81013,2681,16,0
81013,2682,17,0
81013,2683,18,0
81013,5656,19,0
81013,5657,20,0
81013,6335,21,0
81013,5658,22,0
81013,5463,23,0
81013,5464,24,0
81013,5465,25,0
81013,6541,26,0
81013,5659,27,0
81013,5468,28,0
81013,5660,29,0
81013,5661,30,0
81013,5662,31,0
81013,6289,32,0
81013,6402,33,0
81013,2670,34,0
81013,2671,35,0
81013,5780,36,0
81013,7326,37,0
81013,4688,38,0
81013,5094,39,0
81013,4705,40,1
300011,2331,1,0
300011,1016,2,0
300011,1018,3,0
300011,3191,4,0
300011,3192,5,0
300011,6634,6,0
300011,6638,7,0
300011,6788,8,0
300011,4163,9,0
300011,6790,10,0
300011,6792,11,0
300011,4164,12,0
300011,6488,13,0
300011,6872,14,0
300011,6765,15,0
300011,6766,16,1
300013,6751,1,0
300013,6752,2,0
300013,6753,3,0
300013,4298,4,0
300013,6793,5,0
300013,6791,6,0
300013,4715,7,0
300013,6789,8,0
300013,6639,9,0
300013,6635,10,0
300013,2918,11,0
300013,2919,12,0
300013,1190,13,0
300013,1192,14,0
300013,2331,15,1
301011,4815,1,0
301011,1328,2,0
301011,6376,3,0
301011,6378,4,0
301011,6380,5,0
301011,6382,6,0
301011,1839,7,0
301011,1840,8,0
301011,1841,9,0
301011,1842,10,0
301011,1843,11,0
301011,1844,12,0
301011,1845,13,0
301011,1846,14,0
301011,1847,15,0
301011,1848,16,0
301011,1849,17,0
301011,1850,18,0
301011,1851,19,0
301011,1852,20,0
301011,1853,21,0
301011,1854,22,0
301011,1855,23,0
301011,1856,24,0
301011,1862,25,0
301011,1863,26,0
301011,1812,27,0
301011,5137,28,0
301011,5138,29,0
301011,5139,30,0
301011,5140,31,0
301011,5141,32,0
301011,5142,33,0
301011,6126,34,0
301011,1826,35,0
301011,1829,36,0
301011,1830,37,0
301011,3111,38,0
301011,3112,39,0
301011,2331,40,1
301013,2331,1,0
301013,3097,2,0
301013,5132,3,0
301013,3098,4,0
301013,1828,5,0
301013,1831,6,0
301013,6127,7,0
301013,1832,8,0
301013,1833,9,0
301013,1834,10,0
301013,1835,11,0
301013,1836,12,0
301013,1837,13,0
301013,1838,14,0
301013,1813,15,0
301013,1814,16,0
301013,1815,17,0
301013,1816,18,0
301013,1817,19,0
301013,4398,20,0
301013,2989,21,0
301013,2990,22,0
301013,1859,23,0
301013,1860,24,0
301013,4848,25,0
301013,4849,26,0
301013,5134,27,0
301013,5135,28,0
301013,5136,29,0
301013,6397,30,0
301013,6398,31,0
301013,6399,32,0
301013,6478,33,0
301013,5865,34,0
301013,4785,35,0
301013,4842,36,0
301013,4843,37,0
301013,4844,38,0
301013,4845,39,0
301013,5298,40,0
301013,6381,41,0
301013,6379,42,0
301013,6377,43,0
301013,1324,44,1
302011,1551,1,0
302011,1553,2,0
302011,1556,3,0
302011,1558,4,0
302011,1560,5,0
302011,1562,6,0
302011,1564,7,0
302011,1566,8,0
302011,1568,9,0
302011,1570,10,0
302011,1572,11,0
302011,1574,12,0
302011,1590,13,0
302011,1592,14,0
302011,1594,15,0
302011,1596,16,0
302011,5112,17,0
302011,5989,18,0
302011,1479,19,0
302011,1481,20,0
302011,1483,21,0
302011,1485,22,0
302011,1487,23,0
302011,1489,24,0
302011,1491,25,0
302011,4373,26,0
302011,4951,27,0
302011,5840,28,0
302011,5841,29,0
302011,5842,30,0
302011,5843,31,0
302011,1537,32,0
302011,1539,33,0
302011,1541,34,0
302011,1543,35,0
302011,1545,36,0
302011,5114,37,0
302011,3154,38,0
302011,3155,39,0
302011,3157,40,0
302011,2331,41,1
302013,2331,1,0
302013,3169,2,0
302013,5143,3,0
302013,6754,4,0
302013,6924,5,0
302013,1551,6,0
302013,1553,7,0
302013,1556,8,0
302013,1558,9,0
302013,1560,10,0
302013,1562,11,0
302013,1564,12,0
302013,1566,13,0
302013,1568,14,0
302013,1570,15,0
302013,1572,16,0
302013,1574,17,0
302013,1590,18,0
302013,1592,19,0
302013,1594,20,0
302013,1596,21,0
302013,5112,22,0
302013,5989,23,0
302013,1479,24,0
302013,1481,25,0
302013,1483,26,0
302013,1485,27,0
302013,1487,28,0
302013,1489,29,0
302013,1491,30,0
302013,4373,31,0
302013,4951,32,0
302013,5840,33,0
302013,5841,34,0
302013,5842,35,0
302013,5843,36,0
302013,1537,37,0
302013,1539,38,0
302013,1541,39,0
302013,1543,40,0
302013,1545,41,0
302013,5114,42,0
302013,3154,43,1
303011,4815,1,0
303011,1328,2,0
303011,1330,3,0
303011,1332,4,0
303011,1334,5,0
303011,5097,6,0
303011,1336,7,0
303011,6077,8,0
303011,4764,9,0
303011,4763,10,0
303011,4762,11,0
303011,4761,12,0
303011,4760,13,0
303011,4784,14,0
303011,5286,15,0
303011,1306,16,0
303011,1308,17,0
303011,4767,18,0
303011,1310,19,0
303011,1312,20,0
303011,6574,21,0
303011,5627,22,0
303011,5628,23,0
303011,1555,24,0
303011,1561,25,0
303011,6155,26,0
303011,6595,27,0
303011,1565,28,0
303011,2331,29,1
303013,2332,1,0
303013,2331,2,0
303013,1546,3,0
303013,1548,4,0
303013,4711,5,0
303013,6652,6,0
303013,4786,7,0
303013,5095,8,0
303013,5626,9,0
303013,1285,10,0
303013,1287,11,0
303013,4768,12,0
303013,1290,13,0
303013,1292,14,0
303013,1294,15,0
303013,5199,16,0
303013,4759,17,0
303013,4758,18,0
303013,4757,19,0
303013,4756,20,0
303013,4755,21,0
303013,6122,22,0
303013,1314,23,0
303013,5096,24,0
303013,1316,25,0
303013,1318,26,0
303013,1320,27,0
303013,1322,28,0
303013,1324,29,1
304011,1324,1,0
304011,1326,2,0
304011,5098,3,0
304011,5124,4,0
304011,1381,5,0
304011,6049,6,0
304011,1383,7,0
304011,1385,8,0
304011,5126,9,0
304011,6375,10,0
304011,3108,11,0
304011,3107,12,0
304011,3109,13,0
304011,3110,14,0
304011,1823,15,0
304011,6126,16,0
304011,1826,17,0
304011,1829,18,0
304011,1830,19,0
304011,9752,20,0
304011,4717,21,0
304011,9750,22,0
304011,4394,23,0
304011,9748,24,0
304011,1880,25,0
304011,1881,26,0
304011,1882,27,0
304011,1883,28,0
304011,2331,29,1
304013,2331,1,0
304013,1906,2,0
304013,1907,3,0
304013,6850,4,0
304013,1909,5,0
304013,7279,6,0
304013,9861,7,0
304013,4177,8,0
304013,9749,9,0
304013,4178,10,0
304013,1828,11,0
304013,1831,12,0
304013,6127,13,0
304013,1832,14,0
304013,3099,15,0
304013,3100,16,0
304013,3101,17,0
304013,3102,18,0
304013,3103,19,0
304013,5127,20,0
304013,1366,21,0
304013,1368,22,0
304013,1370,23,0
304013,5125,24,0
304013,5099,25,0
304013,1374,26,0
304013,4815,27,1
305011,6677,1,0
305011,7287,2,0
305011,6592,3,0
305011,6593,4,0
305011,6554,5,0
305011,5618,6,0
305011,5481,7,0
305011,6692,8,0
305011,6688,9,0
305011,6945,10,0
305011,6946,11,0
305011,6947,12,0
305011,7157,13,0
305011,1579,14,0
305011,1587,15,0
305011,1589,16,0
305011,6091,17,0
305011,1591,18,0
305011,1593,19,0
305011,1595,20,0
305011,1597,21,0
305011,1599,22,0
305011,1601,23,0
305011,3120,24,0
305011,5648,25,0
305011,2331,26,1
305013,2332,1,0
305013,2331,2,0
305013,6677,3,0
305013,7287,4,0
305013,6592,5,0
305013,6593,6,0
305013,6554,7,0
305013,5618,8,0
305013,5481,9,0
305013,6692,10,0
305013,6688,11,0
305013,6945,12,0
305013,6946,13,0
305013,6947,14,0
305013,7157,15,0
305013,1579,16,0
305013,1587,17,0
305013,1589,18,0
305013,6091,19,0
305013,1591,20,0
305013,1593,21,0
305013,1595,22,0
305013,1597,23,0
305013,1599,24,0
305013,1601,25,0
305013,3120,26,0
305013,5648,27,1
989903,2328,1,0
989903,4915,2,0
989903,2338,3,0
989903,5055,4,0
989903,4916,5,0
989903,2339,6,0
989903,9770,7,0
989903,2340,8,0
989903,2341,9,0
989903,9771,10,0
989903,2342,11,0
989903,2343,12,0
989903,9773,13,0
989903,9775,14,0
989903,2344,15,0
989903,2345,16,0
989903,2346,17,0
989903,2347,18,0
989903,2348,19,0
989903,2349,20,0
989903,4461,21,0
989903,2351,22,0
989903,2470,23,0
989903,7316,24,0
989903,2471,25,0
989903,2472,26,0
989903,7317,27,0
989903,2474,28,0
989903,4304,29,0
989903,2475,30,0
989903,2476,31,0
989903,2477,32,0
989903,2478,33,0
989903,2479,34,0
989903,7318,35,0
989903,2481,36,0
989903,2482,37,0
989903,2483,38,0
989903,9785,39,0
989903,2485,40,0
989903,2486,41,0
989903,2487,42,0
989903,7323,43,0
989903,7324,44,0
989903,2489,45,0
989903,2490,46,0
989903,2491,47,0
989903,7325,48,0
989903,5781,49,0
989903,2493,50,0
989903,2494,51,0
989903,9823,52,0
989903,6407,53,0
989903,6732,54,0
989903,2498,55,0
989903,2499,56,0
989903,4721,57,0
989903,9794,58,0
989903,2501,59,0
989903,2502,60,0
989903,9839,61,0
989903,2504,62,0
989903,2505,63,0
989903,9796,64,0
989903,2507,65,0
989903,4689,66,0
989903,2508,67,0
989903,4678,68,0
989903,9798,69,0
989903,1736,70,0
989903,1738,71,0
989903,9800,72,0
989903,1740,73,0
989903,1744,74,0
989903,9802,75,0
989903,2510,76,0
989903,2511,77,0
989903,9804,78,0
989903,2512,79,0
989903,2513,80,0
989903,9826,81,0
989903,2515,82,0
989903,4679,83,0
989903,7300,84,0
989903,2517,85,0
989903,7302,86,0
989903,2086,87,0
989903,2087,88,0
989903,2088,89,0
989903,2089,90,0
989903,1970,91,0
989903,4192,92,0
989903,7310,93,0
989903,2518,94,0
989903,2519,95,0
989903,1973,96,0
989903,1974,97,0
989903,6099,98,0
989903,4680,99,1
989904,4680,1,0
989904,2582,2,0
989904,1977,3,0
989904,1978,4,0
989904,1979,5,0
989904,1980,6,0
989904,5092,7,0
989904,1981,8,0
989904,4192,9,0
989904,7310,10,0
989904,2600,11,0
989904,5022,12,0
989904,7304,13,0
989904,2616,14,0
989904,1985,15,0
989904,1986,16,0
989904,7303,17,0
989904,1988,18,0
989904,7301,19,0
989904,2617,20,0
989904,9825,21,0
989904,2619,22,0
989904,2620,23,0
989904,9805,24,0
989904,4681,25,0
989904,1271,26,0
989904,9803,27,0
989904,4683,28,0
989904,4684,29,0
989904,9801,30,0
989904,1761,31,0
989904,9799,32,0
989904,4685,33,0
989904,4686,34,0
989904,6242,35,0
989904,9797,36,0
989904,2659,37,0
989904,2660,38,0
989904,9840,39,0
989904,2662,40,0
989904,2663,41,0
989904,2664,42,0
989904,9795,43,0
989904,2666,44,0
989904,2667,45,0
989904,5093,46,0
989904,2668,47,0
989904,9824,48,0
989904,2670,49,0
989904,2671,50,0
989904,5780,51,0
989904,7326,52,0
989904,4688,53,0
989904,5094,54,0
989904,4705,55,0
989904,6741,56,0
989904,7327,57,0
989904,2672,58,0
989904,4690,59,0
989904,4676,60,0
989904,9786,61,0
989904,4692,62,0
989904,4693,63,0
989904,4694,64,0
989904,7319,65,0
989904,4624,66,0
989904,4623,67,0
989904,4309,68,0
989904,4258,69,0
989904,7320,70,0
989904,2146,71,0
989904,4259,72,0
989904,7321,73,0
989904,4260,74,0
989904,4261,75,0
989904,4262,76,0
989904,7322,77,0
989904,4287,78,0
989904,4695,79,0
989904,4468,80,0
989904,4696,81,0
989904,2310,82,0
989904,2311,83,0
989904,2312,84,0
989904,2313,85,0
989904,2314,86,0
989904,2315,87,0
989904,9776,88,0
989904,9774,89,0
989904,2316,90,0
989904,2317,91,0
989904,9772,92,0
989904,2318,93,0
989904,2319,94,0
989904,9817,95,0
989904,5314,96,0
989904,5315,97,0
989904,5316,98,0
989904,6169,99,0
989904,5317,100,0
989904,5318,101,0
989904,2328,102,1
1000401,6891,1,0
1000401,6892,2,0
1000401,7211,3,0
1000401,6849,4,0
1000401,3756,5,0
1000401,4284,6,0
1000401,4310,7,0
1000401,6863,8,0
1000401,2934,9,0
1000401,2935,10,0
1000401,2945,11,0
1000401,2946,12,0
1000401,2947,13,0
1000401,4796,14,0
1000401,2948,15,0
1000401,2949,16,0
1000401,2950,17,0
1000401,5261,18,0
1000401,5262,19,0
1000401,2951,20,0
1000401,6096,21,0
1000401,6185,22,0
1000401,2952,23,0
1000401,2953,24,0
1000401,2960,25,0
1000401,2961,26,0
1000401,2962,27,0
1000401,2963,28,0
1000401,2964,29,0
1000401,2965,30,0
1000401,2966,31,0
1000401,4265,32,0
1000401,2968,33,0
1000401,2969,34,0
1000401,6605,35,0
1000401,2970,36,0
1000401,5045,37,0
1000401,5046,38,0
1000401,5047,39,0
1000401,5048,40,0
1000401,5049,41,0
1000401,6334,42,0
1000401,5050,43,0
1000401,1678,44,0
1000401,1680,45,0
1000401,1664,46,0
1000401,1666,47,0
1000401,1668,48,0
1000401,1670,49,0
1000401,1672,50,0
1000401,1674,51,0
1000401,3207,52,0
1000401,3208,53,0
1000401,3209,54,1
1000402,3209,1,0
1000402,3210,2,0
1000402,1622,3,0
1000402,1624,4,0
1000402,1616,5,0
1000402,6654,6,0
1000402,5934,7,0
1000402,4795,8,0
1000402,6333,9,0
1000402,1682,10,0
1000402,1686,11,0
1000402,1688,12,0
1000402,1691,13,0
1000402,1693,14,0
1000402,1695,15,0
1000402,1697,16,0
1000402,1699,17,0
1000402,1701,18,0
1000402,1703,19,0
1000402,1705,20,0
1000402,1707,21,0
1000402,4950,22,0
1000402,1709,23,0
1000402,1711,24,0
1000402,1713,25,0
1000402,1715,26,0
1000402,1717,27,0
1000402,6341,28,0
1000402,6095,29,0
1000402,1719,30,0
1000402,5260,31,0
1000402,1721,32,0
1000402,1723,33,0
1000402,1725,34,0
1000402,1727,35,0
1000402,1729,36,0
1000402,1731,37,0
1000402,2937,38,0
1000402,1735,39,0
1000402,1737,40,0
1000402,6852,41,0
1000402,4311,42,0
1000402,5848,43,0
1000402,6619,44,0
1000402,6848,45,0
1000402,7210,46,0
1000402,6893,47,0
1000402,6894,48,0
1000402,6895,49,0
1000402,6896,50,0
1000402,6897,51,0
1000402,6890,52,0
1000402,6891,53,1
1003301,4748,1,0
1003301,5079,2,0
1003301,4738,3,0
1003301,1197,4,0
1003301,1199,5,0
1003301,6244,6,0
1003301,5254,7,0
1003301,1745,8,0
1003301,1746,9,0
1003301,1747,10,0
1003301,1748,11,0
1003301,5545,12,0
1003301,1749,13,0
1003301,1750,14,0
1003301,6629,15,0
1003301,6630,16,0
1003301,6698,17,0
1003301,6577,18,0
1003301,2425,19,0
1003301,5293,20,0
1003301,4740,21,0
1003301,4976,22,0
1003301,4974,23,0
1003301,6578,24,0
1003301,4827,25,1
1003302,4827,1,0
1003302,4826,2,0
1003302,6580,3,0
1003302,6581,4,0
1003302,6582,5,0
1003302,6584,6,0
1003302,6585,7,0
1003302,6586,8,0
1003302,6587,9,0
1003302,6588,10,0
1003302,6589,11,0
1003302,5077,12,0
1003302,5078,13,0
1003302,5547,14,0
1003302,4750,15,0
1003302,6824,16,0
1003302,6093,17,0
1003302,1758,18,0
1003302,1759,19,0
1003302,4749,20,0
1003302,1187,21,0
1003302,6391,22,0
1003302,1189,23,0
1003302,1191,24,0
1003302,4748,25,1
1005701,4189,1,0
1005701,4647,2,0
1005701,4662,3,0
1005701,5341,4,0
1005701,2022,5,0
1005701,2023,6,0
1005701,2024,7,0
1005701,7090,8,0
1005701,2025,9,0
1005701,6241,10,0
1005701,2026,11,0
1005701,2027,12,0
1005701,2028,13,0
1005701,2029,14,0
1005701,2030,15,0
1005701,6412,16,0
1005701,2439,17,0
1005701,5017,18,0
1005701,1990,19,0
1005701,1991,20,0
1005701,1992,21,0
1005701,1993,22,0
1005701,1994,23,0
1005701,5549,24,0
1005701,1995,25,0
1005701,1996,26,0
1005701,1997,27,0
1005701,5885,28,0
1005701,1998,29,0
1005701,1999,30,0
1005701,2000,31,0
1005701,2001,32,0
1005701,5007,33,0
1005701,4431,34,0
1005701,5008,35,1
1005702,5008,1,0
1005702,2003,2,0
1005702,2004,3,0
1005702,2005,4,0
1005702,2006,5,0
1005702,2007,6,0
1005702,5886,7,0
1005702,2008,8,0
1005702,2009,9,0
1005702,2010,10,0
1005702,4622,11,0
1005702,4621,12,0
1005702,2011,13,0
1005702,2012,14,0
1005702,2013,15,0
1005702,2014,16,0
1005702,2015,17,0
1005702,2016,18,0
1005702,2440,19,0
1005702,2031,20,0
1005702,2032,21,0
1005702,2033,22,0
1005702,2034,23,0
1005702,2035,24,0
1005702,6240,25,0
1005702,2036,26,0
1005702,7089,27,0
1005702,2037,28,0
1005702,2038,29,0
1005702,2039,30,0
1005702,2040,31,0
1005702,2041,32,0
1005702,2042,33,0
1005702,2043,34,0
1005702,4189,35,1
1008303,2147,1,0
1008303,2152,2,0
1008303,2145,3,0
1008303,2163,4,0
1008303,2811,5,0
1008303,2812,6,0
1008303,2813,7,0
1008303,2814,8,0
1008303,2815,9,0
1008303,2816,10,0
1008303,2817,11,0
1008303,2818,12,0
1008303,2707,13,0
1008303,2708,14,0
1008303,2709,15,0
1008303,6015,16,0
1008303,2747,17,0
1008303,2748,18,0
1008303,2714,19,0
1008303,6071,20,0
1008303,2715,21,0
1008303,2716,22,0
1008303,2728,23,0
1008303,2729,24,0
1008303,2730,25,0
1008303,2731,26,0
1008303,2732,27,0
1008303,2733,28,0
1008303,2734,29,0
1008303,4930,30,0
1008303,5162,31,0
1008303,5161,32,0
1008303,5159,33,0
1008303,5831,34,0
1008303,4630,35,1
1008304,4630,1,0
1008304,7114,2,0
1008304,4931,3,0
1008304,1093,4,0
1008304,5158,5,0
1008304,5160,6,0
1008304,5290,7,0
1008304,5291,8,0
1008304,2737,9,0
1008304,2738,10,0
1008304,2739,11,0
1008304,2740,12,0
1008304,2741,13,0
1008304,6069,14,0
1008304,2742,15,0
1008304,2743,16,0
1008304,5091,17,0
1008304,2744,18,0
1008304,2749,19,0
1008304,2750,20,0
1008304,2751,21,0
1008304,2483,22,0
1008304,2747,23,0
1008304,2748,24,0
1008304,9786,25,0
1008304,4692,26,0
1008304,2752,27,0
1008304,2753,28,0
1008304,2754,29,0
1008304,2755,30,0
1008304,2773,31,0
1008304,5987,32,0
1008304,2774,33,0
1008304,2775,34,0
1008304,2776,35,0
1008304,2780,36,0
1008304,2781,37,0
1008304,2782,38,0
1008304,2783,39,0
1008304,2162,40,0
1008304,2153,41,0
1008304,6147,42,0
1008304,2147,43,1
1009103,6235,1,0
1009103,4915,2,0
1009103,2338,3,0
1009103,5055,4,0
1009103,4916,5,0
1009103,2339,6,0
1009103,4917,7,0
1009103,3491,8,0
1009103,3493,9,0
1009103,3495,10,0
1009103,3497,11,0
1009103,3499,12,0
1009103,3501,13,0
1009103,2890,14,0
1009103,5235,15,0
1009103,2891,16,0
1009103,2892,17,0
1009103,2893,18,0
1009103,2894,19,0
1009103,2895,20,0
1009103,2896,21,0
1009103,2897,22,0
1009103,2898,23,0
1009103,2899,24,0
1009103,2900,25,0
1009103,2901,26,0
1009103,2902,27,0
1009103,2903,28,0
1009103,2904,29,0
1009103,2905,30,0
1009103,2906,31,0
1009103,2907,32,0
1009103,4437,33,0
1009103,2819,34,0
1009103,2820,35,0
1009103,2821,36,0
1009103,2822,37,0
1009103,2823,38,0
1009103,2824,39,0
1009103,2825,40,0
1009103,2826,41,0
1009103,2827,42,0
1009103,2828,43,0
1009103,2829,44,0
1009103,2830,45,0
1009103,2831,46,0
1009103,2837,47,0
1009103,2844,48,0
1009103,2845,49,0
1009103,2846,50,0
1009103,2847,51,1
1009104,2847,1,0
1009104,2836,2,0
1009104,2848,3,0
1009104,2849,4,0
1009104,2850,5,0
1009104,2851,6,0
1009104,2859,7,0
1009104,2860,8,0
1009104,2861,9,0
1009104,2862,10,0
1009104,2863,11,0
1009104,2864,12,0
1009104,2865,13,0
1009104,2866,14,0
1009104,2867,15,0
1009104,2868,16,0
1009104,2869,17,0
1009104,2870,18,0
1009104,2871,19,0
1009104,2872,20,0
1009104,2873,21,0
1009104,2874,22,0
1009104,2875,23,0
1009104,2876,24,0
1009104,2877,25,0
1009104,2878,26,0
1009104,2879,27,0
1009104,2880,28,0
1009104,2881,29,0
1009104,2882,30,0
1009104,2883,31,0
1009104,2884,32,0
1009104,2885,33,0
1009104,2886,34,0
1009104,2887,35,0
1009104,2888,36,0
1009104,5234,37,0
1009104,2889,38,0
1009104,3577,39,0
1009104,3579,40,0
1009104,3581,41,0
1009104,3583,42,0
1009104,3585,43,0
1009104,3587,44,0
1009104,3589,45,0
1009104,5315,46,0
1009104,5316,47,0
1009104,6169,48,0
1009104,5317,49,0
1009104,5318,50,0
1009104,6235,51,1
2009003,9767,1,0
2009003,9768,2,0
2009003,4217,3,0
2009003,4218,4,0
2009003,4219,5,0
2009003,4220,6,0
2009003,4221,7,0
2009003,4222,8,0
2009003,4227,9,0
2009003,4228,10,0
2009003,4229,11,0
2009003,4230,12,0
2009003,4231,13,0
2009003,4232,14,0
2009003,4233,15,0
2009003,4234,16,0
2009003,1936,17,0
2009003,1937,18,0
2009003,1938,19,0
2009003,1939,20,0
2009003,1940,21,0
2009003,1941,22,0
2009003,1942,23,0
2009003,1196,24,0
2009003,1003,25,0
2009003,1198,26,0
2009003,1200,27,0
2009003,1202,28,0
2009003,1204,29,0
2009003,2920,30,0
2009003,2921,31,0
2009003,2922,32,0
2009003,2923,33,0
2009003,2924,34,0
2009003,2925,35,0
2009003,2926,36,0
2009003,2927,37,0
2009003,3178,38,0
2009003,3183,39,0
2009003,6149,40,0
2009003,6150,41,0
2009003,6151,42,0
2009003,6812,43,0
2009003,1919,44,0
2009003,1920,45,0
2009003,6243,46,0
2009003,2912,47,0
2009003,2913,48,0
2009003,2914,49,0
2009003,2915,50,0
2009003,2916,51,0
2009003,2917,52,0
2009003,6634,53,0
2009003,6638,54,0
2009003,1009,55,0
2009003,1011,56,0
2009003,1013,57,0
2009003,1014,58,1
2009004,2920,1,0
2009004,2921,2,0
2009004,2922,3,0
2009004,2923,4,0
2009004,2924,5,0
2009004,2925,6,0
2009004,2926,7,0
2009004,2927,8,0
2009004,3178,9,0
2009004,3183,10,0
2009004,6149,11,0
2009004,6150,12,0
2009004,6151,13,0
2009004,6812,14,0
2009004,1919,15,0
2009004,1920,16,0
2009004,6243,17,0
2009004,2912,18,0
2009004,2913,19,0
2009004,2914,20,0
2009004,2915,21,0
2009004,2916,22,0
2009004,2917,23,0
2009004,6634,24,0
2009004,6638,25,0
2009004,1009,26,0
2009004,1011,27,0
2009004,1013,28,0
2009004,1014,29,0
2009004,1194,30,0
2009004,1928,31,0
2009004,1929,32,0
2009004,1930,33,0
2009004,1931,34,0
2009004,1932,35,0
2009004,1933,36,0
2009004,1934,37,0
2009004,4202,38,0
2009004,4203,39,0
2009004,4204,40,0
2009004,4205,41,0
2009004,4206,42,0
2009004,4207,43,0
2009004,4208,44,0
2009004,4209,45,0
2009004,4210,46,0
2009004,4211,47,0
2009004,4212,48,0
2009004,4213,49,0
2009004,6090,50,0
2009004,4215,51,1
2009103,4453,1,0
2009103,2902,2,0
2009103,2903,3,0
2009103,2904,4,0
2009103,2905,5,0
2009103,2906,6,0
2009103,2907,7,0
2009103,4437,8,0
2009103,2819,9,0
2009103,2820,10,0
2009103,2821,11,0
2009103,2822,12,0
2009103,2823,13,0
2009103,2824,14,0
2009103,2825,15,0
2009103,2826,16,0
2009103,2827,17,0
2009103,2828,18,0
2009103,2829,19,0
2009103,2830,20,0
2009103,2831,21,0
2009103,4434,22,0
2009103,6000,23,0
2009103,6001,24,0
2009103,6769,25,0
2009103,7280,26,0
2009103,6549,27,0
2009103,6002,28,0
2009103,6003,29,0
2009103,6215,30,0
2009103,6216,31,0
2009103,6217,32,0
2009103,6218,33,0
2009103,6219,34,0
2009103,6220,35,0
2009103,2499,36,0
2009103,4721,37,0
2009103,9794,38,0
2009103,2501,39,0
2009103,2502,40,0
2009103,9839,41,0
2009103,2504,42,0
2009103,4511,43,0
2009103,4510,44,0
2009103,4526,45,0
2009103,5194,46,0
2009103,4514,47,0
2009103,4513,48,0
2009103,4518,49,0
2009103,2356,50,0
2009103,2357,51,0
2009103,2358,52,0
2009103,2359,53,0
2009103,6021,54,0
2009103,7012,55,0
2009103,6502,56,0
2009103,6022,57,1
2009104,6022,1,0
2009104,6003,2,0
2009104,6006,3,0
2009104,6120,4,0
2009104,2379,5,0
2009104,2380,6,0
2009104,2381,7,0
2009104,2382,8,0
2009104,4517,9,0
2009104,4516,10,0
2009104,4515,11,0
2009104,2390,12,0
2009104,4841,13,0
2009104,9840,14,0
2009104,2662,15,0
2009104,2663,16,0
2009104,2664,17,0
2009104,9795,18,0
2009104,2666,19,0
2009104,6209,20,0
2009104,6210,21,0
2009104,6211,22,0
2009104,6212,23,0
2009104,6213,24,0
2009104,6229,25,0
2009104,6023,26,0
2009104,6548,27,0
2009104,6770,28,0
2009104,6024,29,0
2009104,6025,30,0
2009104,2836,31,0
2009104,2848,32,0
2009104,2849,33,0
2009104,2850,34,0
2009104,2851,35,0
2009104,2859,36,0
2009104,2860,37,0
2009104,2861,38,0
2009104,2862,39,0
2009104,2863,40,0
2009104,2864,41,0
2009104,2865,42,0
2009104,2866,43,0
2009104,2867,44,0
2009104,2868,45,0
2009104,2869,46,0
2009104,2870,47,0
2009104,2871,48,0
2009104,2872,49,0
2009104,2873,50,0
2009104,2874,51,0
2009104,2875,52,0
2009104,2876,53,0
2009104,4453,54,1
2010703,7198,1,0
2010703,3694,2,0
2010703,3696,3,0
2010703,7256,4,0
2010703,3914,5,0
2010703,3915,6,0
2010703,3916,7,0
2010703,7123,8,0
2010703,3917,9,0
2010703,3918,10,0
2010703,3919,11,0
2010703,3850,12,0
2010703,3851,13,0
2010703,3852,14,0
2010703,3853,15,0
2010703,3854,16,0
2010703,3855,17,0
2010703,3856,18,0
2010703,3857,19,0
2010703,3858,20,0
2010703,3859,21,0
2010703,3860,22,0
2010703,3861,23,0
2010703,3862,24,0
2010703,3863,25,0
2010703,3864,26,0
2010703,3865,27,0
2010703,5153,28,0
2010703,3866,29,0
2010703,3867,30,0
2010703,3337,31,1
2010704,3337,1,0
2010704,3868,2,0
2010704,3869,3,0
2010704,3870,4,0
2010704,3871,5,0
2010704,3872,6,0
2010704,3873,7,0
2010704,3874,8,0
2010704,3875,9,0
2010704,3876,10,0
2010704,3877,11,0
2010704,3878,12,0
2010704,3879,13,0
2010704,3880,14,0
2010704,3881,15,0
2010704,3882,16,0
2010704,3883,17,0
2010704,3884,18,0
2010704,3885,19,0
2010704,3886,20,0
2010704,3994,21,0
2010704,3995,22,0
2010704,7250,23,0
2010704,3849,24,0
2010704,3912,25,0
2010704,3913,26,0
2010704,6680,27,0
2010704,7241,28,0
2010704,7198,29,1
4001000,6512,1,0
4001000,1423,2,0
4001000,1425,3,0
4001000,1427,4,0
4001000,1429,5,0
4001000,1431,6,0
4001000,1433,7,0
4001000,1435,8,0
4001000,1437,9,0
4001000,1439,10,0
4001000,1441,11,0
4001000,1443,12,0
4001000,1445,13,0
4001000,1447,14,0
4001000,1449,15,0
4001000,1451,16,0
4001000,1453,17,0
4001000,1455,18,0
4001000,1457,19,0
4001000,1459,20,0
4001000,1461,21,0
4001000,1463,22,0
4001000,1465,23,0
4001000,1467,24,0
4001000,1469,25,0
4001000,1471,26,0
4001000,1473,27,0
4001000,1475,28,0
4001000,1477,29,0
4001000,1479,30,0
4001000,1481,31,0
4001000,1483,32,0
4001000,1485,33,0
4001000,1487,34,0
4001000,1489,35,0
4001000,1491,36,0
4001000,1493,37,0
4001000,1495,38,0
4001000,1497,39,0
4001000,1499,40,0
4001000,1501,41,0
4001000,1503,42,0
4001000,1824,43,0
4001000,6126,44,0
4001000,1826,45,0
4001000,1829,46,0
4001000,1830,47,0
4001000,1827,48,1
4002000,1827,1,0
4002000,1828,2,0
4002000,1831,3,0
4002000,6127,4,0
4002000,1505,5,0
4002000,1507,6,0
4002000,1509,7,0
4002000,1511,8,0
4002000,1513,9,0
4002000,1515,10,0
4002000,1517,11,0
4002000,1519,12,0
4002000,1521,13,0
4002000,1523,14,0
4002000,1525,15,0
4002000,1527,16,0
4002000,1529,17,0
4002000,1531,18,0
4002000,1533,19,0
4002000,1535,20,0
4002000,1537,21,0
4002000,1539,22,0
4002000,1541,23,0
4002000,1543,24,0
4002000,1545,25,0
4002000,5114,26,0
4002000,3154,27,0
4002000,1549,28,0
4002000,1551,29,0
4002000,1553,30,0
4002000,1554,31,0
4002000,1602,32,0
4002000,1604,33,0
4002000,1606,34,0
4002000,1608,35,0
4002000,1610,36,0
4002000,1612,37,0
4002000,1614,38,0
4002000,1576,39,0
4002000,1578,40,0
4002000,1415,41,0
4002000,1417,42,0
4002000,1419,43,0
4002000,5123,44,0
4002000,1421,45,0
4002000,6512,46,1
4101000,1827,1,0
4101000,1828,2,0
4101000,1831,3,0
4101000,6127,4,0
4101000,1832,5,0
4101000,1833,6,0
4101000,1834,7,0
4101000,1835,8,0
4101000,1836,9,0
4101000,1837,10,0
4101000,1838,11,0
4101000,1813,12,0
4101000,1814,13,0
4101000,1815,14,0
4101000,1816,15,0
4101000,1817,16,0
4101000,4398,17,0
4101000,2989,18,0
4101000,2990,19,0
4101000,2991,20,0
4101000,1839,21,0
4101000,1840,22,0
4101000,1841,23,0
4101000,1842,24,0
4101000,1843,25,0
4101000,1844,26,1
4102000,1844,1,0
4102000,1845,2,0
4102000,1846,3,0
4102000,1847,4,0
4102000,1848,5,0
4102000,1849,6,0
4102000,1850,7,0
4102000,1851,8,0
4102000,1852,9,0
4102000,1853,10,0
4102000,1854,11,0
4102000,1855,12,0
4102000,1856,13,0
4102000,1862,14,0
4102000,1863,15,0
4102000,1812,16,0
4102000,5137,17,0
4102000,5138,18,0
4102000,5139,19,0
4102000,5140,20,0
4102000,5141,21,0
4102000,5142,22,0
4102000,6126,23,0
4102000,1826,24,0
4102000,1829,25,0
4102000,1830,26,0
4102000,1827,27,1
4403000,7314,1,0
4403000,1971,2,0
4403000,5944,3,0
4403000,7087,4,0
4403000,5861,5,0
4403000,5696,6,0
4403000,5697,7,0
4403000,5698,8,0
4403000,5699,9,0
4403000,5700,10,0
4403000,6314,11,0
4403000,6315,12,0
4403000,4680,13,1
4404000,4680,1,0
4404000,2582,2,0
4404000,2456,3,0
4404000,2457,4,0
4404000,2458,5,0
4404000,2459,6,0
4404000,5419,7,0
4404000,5420,8,0
4404000,5421,9,0
4404000,5422,10,0
4404000,5423,11,0
4404000,5424,12,0
4404000,2598,13,0
4404000,2599,14,0
4404000,1981,15,0
4404000,7314,16,1
5009104,2837,1,0
5009104,2844,2,0
5009104,2845,3,0
5009104,2846,4,0
5009104,2847,5,0
5009104,2850,6,0
5009104,2859,7,0
5009104,2861,8,0
5009104,2863,9,0
5009104,2864,10,0
5009104,2865,11,0
5009104,2866,12,0
5009104,2867,13,0
5009104,2869,14,0
5009104,2871,15,0
5009104,2874,16,0
5009104,2875,17,0
5009104,2876,18,0
5009104,6235,19,1
5009803,6235,1,0
5009803,7324,2,0
5009803,2489,3,0
5009803,2490,4,0
5009803,2491,5,0
5009803,7325,6,0
5009803,5781,7,0
5009803,2493,8,0
5009803,2494,9,0
5009803,9823,10,0
5009803,6407,11,0
5009803,6732,12,0
5009803,2498,13,0
5009803,2499,14,0
5009803,4721,15,0
5009803,9794,16,0
5009803,2501,17,0
5009803,2502,18,0
5009803,9839,19,0
5009803,2504,20,0
5009803,2505,21,0
5009803,9796,22,0
5009803,2507,23,0
5009803,4689,24,0
5009803,2508,25,0
5009803,4678,26,0
5009803,9798,27,0
5009803,1736,28,0
5009803,9800,29,0
5009803,1740,30,0
5009803,1744,31,0
5009803,9802,32,0
5009803,2510,33,0
5009803,2511,34,0
5009803,9804,35,0
5009803,2512,36,0
5009803,2513,37,0
5009803,9826,38,0
5009803,2515,39,0
5009803,4679,40,0
5009803,7300,41,0
5009803,2517,42,0
5009803,7302,43,0
5009803,2086,44,0
5009803,2087,45,0
5009803,2088,46,0
5009803,2089,47,0
5009803,1970,48,0
5009803,4691,49,1
6016503,7196,1,0
6016503,3631,2,0
6016503,3633,3,0
6016503,3635,4,0
6016503,3637,5,0
6016503,3639,6,0
6016503,3642,7,0
6016503,3644,8,0
6016503,3594,9,0
6016503,3596,10,0
6016503,3598,11,0
6016503,3600,12,0
6016503,3741,13,0
6016503,6133,14,0
6016503,3742,15,0
6016503,3743,16,0
6016503,3744,17,0
6016503,3745,18,0
6016503,3746,19,0
6016503,3747,20,0
6016503,3748,21,0
6016503,3749,22,0
6016503,3750,23,0
6016503,3751,24,0
6016503,3752,25,0
6016503,3753,26,0
6016503,3754,27,0
6016503,3755,28,0
6016503,5281,29,0
6016503,4959,30,0
6016503,6631,31,0
6016503,5727,32,0
6016503,5728,33,0
6016503,5729,34,0
6016503,5730,35,0
6016503,5731,36,0
6016503,5732,37,0
6016503,5733,38,0
6016503,5734,39,0
6016503,5735,40,0
6016503,7086,41,0
6016503,5736,42,0
6016503,4306,43,0
6016503,4326,44,0
6016503,4473,45,0
6016503,4472,46,0
6016503,4328,47,0
6016503,4297,48,0
6016503,4295,49,1
6016504,4295,1,0
6016504,5036,2,0
6016504,3760,3,0
6016504,5037,4,0
6016504,3761,5,0
6016504,3762,6,0
6016504,3763,7,0
6016504,3764,8,0
6016504,3765,9,0
6016504,3766,10,0
6016504,3767,11,0
6016504,3768,12,0
6016504,3769,13,0
6016504,3602,14,0
6016504,3604,15,0
6016504,3606,16,0
6016504,3608,17,0
6016504,3610,18,0
6016504,3678,19,0
6016504,3680,20,0
6016504,3682,21,0
6016504,3684,22,0
6016504,3686,23,0
6016504,3688,24,0
6016504,3690,25,0
6016504,7196,26,1
