'130.0.1',201,54040,4,'',1,5980,4,'',1,2220,4,'',1,1980,4,'',1,1100,4,'',1,6100,4,'',1,2100,4,'',1,6580,4,'',1,2100,4,'',1,2500,4,'',1,5900,4,'',1,2300,4,'',1,1240,4,'',1,6100,4,'',1,2100,4,'',1,2200,4,'',1,7300,4,'',1,8900,4,'',1,2900,4,'',1,7900,4,'',1,4100,4,'',1,7700,4,'',1,7400,4,'',1,4500,4,'',1,5500,4,'',1,2200,4,'',1,7500,4,'',1,1800,4,'',1,3500,4,'',1,6500,4,'',1,1880,4,'',1,6500,4,'',1,2000,4,'',1,1880,4,'',1,5600,4,'',1,2600,4,'',1,8400,4,'',1,9020,4,'',1,5300,4,'',1,8820,4,'',1
'130.0.2',201,85000,4,'',1,8600,4,'',1,7400,4,'',1,4200,4,'',1,7800,4,'',1,8200,4,'',1,3800,4,'',1,7840,4,'',1,8300,4,'',1,3900,4,'',1,7900,4,'',1,7900,4,'',1,3900,4,'',1,7900,4,'',1,7900,4,'',1,3900,4,'',1,7700,4,'',1,3500,4,'',1,7680,4,'',1,7300,4,'',1,3700,4,'',1,7220,4,'',1,3600,4,'',1,7600,4,'',1,7260,4,'',1,3600,4,'',1
'130.0.3',201,94420,4,'',1,11100,4,'',1,15100,4,'',1,11520,4,'',1,11800,4,'',1,11500,4,'',1,15500,4,'',1,11500,4,'',1,11500,4,'',1,11500,4,'',1,14800,4,'',1,10700,4,'',1,10360,4,'',1
'130.0.74',201,85000,4,'',1,8600,4,'',1,7400,4,'',1,4200,4,'',1,7800,4,'',1,8200,4,'',1,3800,4,'',1,7840,4,'',1,8300,4,'',1,3900,4,'',1,7900,4,'',1,7900,4,'',1,3900,4,'',1,7900,4,'',1,7900,4,'',1,3900,4,'',1,7700,4,'',1,3500,4,'',1,7680,4,'',1,7300,4,'',1,3700,4,'',1,7220,4,'',1,3600,4,'',1,7600,4,'',1,7260,4,'',1,3600,4,'',1
'130.0.75',201,85000,4,'',1,8600,4,'',1,7400,4,'',1,4200,4,'',1,7800,4,'',1,8200,4,'',1,3800,4,'',1,7840,4,'',1,8300,4,'',1,3900,4,'',1,7900,4,'',1,7900,4,'',1,3900,4,'',1,7900,4,'',1,7900,4,'',1,3900,4,'',1,7700,4,'',1,3500,4,'',1,7680,4,'',1,7300,4,'',1,3700,4,'',1,7220,4,'',1,3600,4,'',1,7600,4,'',1,7260,4,'',1,3600,4,'',1
'130.0.80',201,94420,4,'',1,11100,4,'',1,15100,4,'',1,11520,4,'',1,11800,4,'',1,11500,4,'',1,15500,4,'',1,11500,4,'',1,11500,4,'',1,11500,4,'',1,14800,4,'',1,10700,4,'',1,10360,4,'',1
'130.0.81',201,94420,4,'',1,11100,4,'',1,15100,4,'',1,11520,4,'',1,11800,4,'',1,11500,4,'',1,15500,4,'',1,11500,4,'',1,11500,4,'',1,11500,4,'',1,14800,4,'',1,10700,4,'',1,10360,4,'',1
'130.0.82',201,94420,4,'',1,11100,4,'',1,15100,4,'',1,11520,4,'',1,11800,4,'',1,11500,4,'',1,15500,4,'',1,11500,4,'',1,11500,4,'',1,11500,4,'',1,14800,4,'',1,10700,4,'',1,10360,4,'',1
'130.0.1',500,53010,4,'',1,2200,4,'',1,6200,4,'',1,2200,4,'',1,2200,4,'',1,6400,4,'',1,2200,4,'',1,6610,4,'',1,1990,4,'',1,2200,4,'',1,6200,4,'',1,2200,4,'',1,7200,4,'',1,3200,4,'',1,7200,4,'',1,3200,4,'',1,7200,4,'',1,3200,4,'',1,7200,4,'',1,3200,4,'',1,7200,4,'',1,3200,4,'',1,6510,4,'',1,2300,4,'',1,6100,4,'',1,2300,4,'',1,2300,4,'',1,6200,4,'',1,2300,4,'',1,2300,4,'',1,6300,4,'',1,2090,4,'',1,6300,4,'',1,2300,4,'',1,2800,4,'',1,6800,4,'',1,2800,4,'',1,6800,4,'',1,2700,4,'',1,6800,4,'',1,2300,4,'',1
'130.0.2',500,70410,4,'',1,2800,4,'',1,6800,4,'',1,2800,4,'',1,2800,4,'',1,6800,4,'',1,2800,4,'',1,6800,4,'',1,2800,4,'',1,6800,4,'',1,3000,4,'',1,6800,4,'',1,2800,4,'',1,6800,4,'',1,3000,4,'',1,7000,4,'',1,2900,4,'',1,6900,4,'',1,2900,4,'',1,6900,4,'',1,2900,4,'',1,6900,4,'',1,2900,4,'',1,6700,4,'',1,2600,4,'',1,2600,4,'',1,6700,4,'',1,2500,4,'',1,6500,4,'',1
'130.0.74',500,70410,4,'',1,2800,4,'',1,6800,4,'',1,2800,4,'',1,2800,4,'',1,6800,4,'',1,2800,4,'',1,6800,4,'',1,2800,4,'',1,6800,4,'',1,3000,4,'',1,6800,4,'',1,2800,4,'',1,6800,4,'',1,3000,4,'',1,7000,4,'',1,2900,4,'',1,6900,4,'',1,2900,4,'',1,6900,4,'',1,2900,4,'',1,6900,4,'',1,2900,4,'',1,6700,4,'',1,2600,4,'',1,2600,4,'',1,6700,4,'',1,2500,4,'',1,6500,4,'',1
'130.0.75',500,70410,4,'',1,2800,4,'',1,6800,4,'',1,2800,4,'',1,2800,4,'',1,6800,4,'',1,2800,4,'',1,6800,4,'',1,2800,4,'',1,6800,4,'',1,3000,4,'',1,6800,4,'',1,2800,4,'',1,6800,4,'',1,3000,4,'',1,7000,4,'',1,2900,4,'',1,6900,4,'',1,2900,4,'',1,6900,4,'',1,2900,4,'',1,6900,4,'',1,2900,4,'',1,6700,4,'',1,2600,4,'',1,2600,4,'',1,6700,4,'',1,2500,4,'',1,6500,4,'',1
'130.0.1',2301,60300,4,'',1,10600,4,'',1,11300,4,'',1,10600,4,'',1,61700,4,'',1,7600,4,'',1,9000,4,'',1,9000,4,'',1,4700,4,'',1,8600,4,'',1
'130.0.1',7700,42110,,'',1,1600,,'',1,1400,,'',1,5500,,'',1,1500,,'',1,800,,'',1,1500,,'',1,5930,,'',1,1500,,'',1,1500,,'',1,1680,,'',1,300,,'',1,5500,,'',1,1500,,'',1,1730,,'',1,6270,,'',1,1500,,'',1,1200,,'',1,1500,,'',1,5500,,'',1,1200,,'',1,2000,,'',1,1400,,'',1,730,,'',1,5500,,'',1,1500,,'',1,1500,,'',1,6400,,'',1,3300,,'',1,6550,,'',1,2900,,'',1,2900,,'',1,7200,,'',1,2700,,'',1,4200,,'',1,2900,,'',1,2300,,'',1,5000,,'',1,2300,,'',1,2030,,'',1,400,,'',1,6300,,'',1,1800,,'',1,1400,,'',1,6200,,'',1,1800,,'',1,1800,,'',1,6100,,'',1,1800,,'',1,1070,,'',1,1800,,'',1,350,,'',1,5800,,'',1,1000,,'',1,2200,,'',1,5800,,'',1,1800,,'',1,1700,,'',1,7300,,'',1,2470,,'',1,6800,,'',1,2800,,'',1,2800,,'',1,8000,,'',1,7190,,'',1,3100,,'',1,7100,,'',1,3100,,'',1,7100,,'',1,3100,,'',1,6400,,'',1
'130.0.2',7700,50140,,'',1,2900,,'',1,7400,,'',1,3400,,'',1,7400,,'',1,3580,,'',1,7400,,'',1,3630,,'',1,7400,,'',1,7400,,'',1,4000,,'',1,8870,,'',1,8000,,'',1,8510,,'',1,4000,,'',1,8000,,'',1,8000,,'',1,4000,,'',1,8000,,'',1,8000,,'',1,4000,,'',1,7570,,'',1,4000,,'',1,8000,,'',1,8000,,'',1,3350,,'',1,8000,,'',1,8000,,'',1,4000,,'',1,7790,,'',1,8000,,'',1,3870,,'',1,8200,,'',1,8200,,'',1,4200,,'',1,9200,,'',1
'130.0.3',7700,84510,,'',1,9630,,'',1,9100,,'',1,9100,,'',1,9360,,'',1,9100,,'',1,5100,,'',1,9100,,'',1,9220,,'',1,9100,,'',1,9100,,'',1,9100,,'',1,9100,,'',1,5100,,'',1,9100,,'',1,8120,,'',1,9100,,'',1,8800,,'',1,4600,,'',1,8700,,'',1,8700,,'',1,8400,,'',1,9300,,'',1
'130.0.74',7700,50140,,'',1,2900,,'',1,7400,,'',1,3400,,'',1,7400,,'',1,3580,,'',1,7400,,'',1,3630,,'',1,7400,,'',1,7400,,'',1,4000,,'',1,8870,,'',1,8000,,'',1,8510,,'',1,4000,,'',1,8000,,'',1,8000,,'',1,4000,,'',1,8000,,'',1,8000,,'',1,4000,,'',1,7570,,'',1,4000,,'',1,8000,,'',1,8000,,'',1,3350,,'',1,8000,,'',1,8000,,'',1,4000,,'',1,7790,,'',1,8000,,'',1,3870,,'',1,8200,,'',1,8200,,'',1,4200,,'',1,9200,,'',1
'130.0.75',7700,50140,,'',1,2900,,'',1,7400,,'',1,3400,,'',1,7400,,'',1,3580,,'',1,7400,,'',1,3630,,'',1,7400,,'',1,7400,,'',1,4000,,'',1,8870,,'',1,8000,,'',1,8510,,'',1,4000,,'',1,8000,,'',1,8000,,'',1,4000,,'',1,8000,,'',1,8000,,'',1,4000,,'',1,7570,,'',1,4000,,'',1,8000,,'',1,8000,,'',1,3350,,'',1,8000,,'',1,8000,,'',1,4000,,'',1,7790,,'',1,8000,,'',1,3870,,'',1,8200,,'',1,8200,,'',1,4200,,'',1,9200,,'',1
'130.0.80',7700,84510,,'',1,9630,,'',1,9100,,'',1,9100,,'',1,9360,,'',1,9100,,'',1,5100,,'',1,9100,,'',1,9220,,'',1,9100,,'',1,9100,,'',1,9100,,'',1,9100,,'',1,5100,,'',1,9100,,'',1,8120,,'',1,9100,,'',1,8800,,'',1,4600,,'',1,8700,,'',1,8700,,'',1,8400,,'',1,9300,,'',1
'130.0.81',7700,84510,,'',1,9630,,'',1,9100,,'',1,9100,,'',1,9360,,'',1,9100,,'',1,5100,,'',1,9100,,'',1,9220,,'',1,9100,,'',1,9100,,'',1,9100,,'',1,9100,,'',1,5100,,'',1,9100,,'',1,8120,,'',1,9100,,'',1,8800,,'',1,4600,,'',1,8700,,'',1,8700,,'',1,8400,,'',1,9300,,'',1
'130.0.82',7700,84510,,'',1,9630,,'',1,9100,,'',1,9100,,'',1,9360,,'',1,9100,,'',1,5100,,'',1,9100,,'',1,9220,,'',1,9100,,'',1,9100,,'',1,9100,,'',1,9100,,'',1,5100,,'',1,9100,,'',1,8120,,'',1,9100,,'',1,8800,,'',1,4600,,'',1,8700,,'',1,8700,,'',1,8400,,'',1,9300,,'',1
'130.0.1',8801,53200,4,'',1,7000,4,'',1,2900,4,'',1,2700,4,'',1,5500,4,'',1,2300,4,'',1,1500,4,'',1,6000,4,'',1,1500,4,'',1,1500,4,'',1,5900,4,'',1,1500,4,'',1,900,4,'',1,1500,4,'',1,900,4,'',1,5500,4,'',1,1500,4,'',1,1500,4,'',1,1500,4,'',1,5500,4,'',1,1500,4,'',1,1500,4,'',1,1500,4,'',1,5500,4,'',1,3300,4,'',1,7700,4,'',1,3700,4,'',1,7700,4,'',1,8800,4,'',1,1200,4,'',1,1800,4,'',1,7700,4,'',1,3100,4,'',1,5200,4,'',1,1800,4,'',1,1600,4,'',1,1600,4,'',1,5200,4,'',1,1600,4,'',1,1600,4,'',1,1600,4,'',1,4900,4,'',1,1600,4,'',1,1600,4,'',1,1600,4,'',1,5300,4,'',1,1600,4,'',1,1600,4,'',1,1600,4,'',1,5300,4,'',1,1600,4,'',1,3500,4,'',1,8000,4,'',1,7700,4,'',1,4000,4,'',1
'130.0.2',8801,63600,4,'',1,7400,4,'',1,3400,4,'',1,7400,4,'',1,3800,4,'',1,7500,4,'',1,7400,4,'',1,3400,4,'',1,7600,4,'',1,3700,4,'',1,7600,4,'',1,7600,4,'',1,3800,4,'',1,7700,4,'',1,3600,4,'',1,7600,4,'',1,7800,4,'',1,3600,4,'',1,7400,4,'',1,3200,4,'',1,7600,4,'',1,7600,4,'',1,3300,4,'',1,7500,4,'',1,3600,4,'',1,7600,4,'',1,3000,4,'',1,7000,4,'',1,3200,4,'',1,7200,4,'',1
'130.0.3',8801,83100,4,'',1,7500,4,'',1,3300,4,'',1,7300,4,'',1,3300,4,'',1,7300,4,'',1,3600,4,'',1,7300,4,'',1,7300,4,'',1,2700,4,'',1,2700,4,'',1,6700,4,'',1,2700,4,'',1,6700,4,'',1,2700,4,'',1,6700,4,'',1,2500,4,'',1,6700,4,'',1,2700,4,'',1,2700,4,'',1,6700,4,'',1,2400,4,'',1,6700,4,'',1,2700,4,'',1,6700,4,'',1,2700,4,'',1,2300,4,'',1,6700,4,'',1
'130.0.74',8801,63600,4,'',1,7400,4,'',1,3400,4,'',1,7400,4,'',1,3800,4,'',1,7500,4,'',1,7400,4,'',1,3400,4,'',1,7600,4,'',1,3700,4,'',1,7600,4,'',1,7600,4,'',1,3800,4,'',1,7700,4,'',1,3600,4,'',1,7600,4,'',1,7800,4,'',1,3600,4,'',1,7400,4,'',1,3200,4,'',1,7600,4,'',1,7600,4,'',1,3300,4,'',1,7500,4,'',1,3600,4,'',1,7600,4,'',1,3000,4,'',1,7000,4,'',1,3200,4,'',1,7200,4,'',1
'130.0.75',8801,63600,4,'',1,7400,4,'',1,3400,4,'',1,7400,4,'',1,3800,4,'',1,7500,4,'',1,7400,4,'',1,3400,4,'',1,7600,4,'',1,3700,4,'',1,7600,4,'',1,7600,4,'',1,3800,4,'',1,7700,4,'',1,3600,4,'',1,7600,4,'',1,7800,4,'',1,3600,4,'',1,7400,4,'',1,3200,4,'',1,7600,4,'',1,7600,4,'',1,3300,4,'',1,7500,4,'',1,3600,4,'',1,7600,4,'',1,3000,4,'',1,7000,4,'',1,3200,4,'',1,7200,4,'',1
'130.0.80',8801,83100,4,'',1,7500,4,'',1,3300,4,'',1,7300,4,'',1,3300,4,'',1,7300,4,'',1,3600,4,'',1,7300,4,'',1,7300,4,'',1,2700,4,'',1,2700,4,'',1,6700,4,'',1,2700,4,'',1,6700,4,'',1,2700,4,'',1,6700,4,'',1,2500,4,'',1,6700,4,'',1,2700,4,'',1,2700,4,'',1,6700,4,'',1,2400,4,'',1,6700,4,'',1,2700,4,'',1,6700,4,'',1,2700,4,'',1,2300,4,'',1,6700,4,'',1
'130.0.81',8801,83100,4,'',1,7500,4,'',1,3300,4,'',1,7300,4,'',1,3300,4,'',1,7300,4,'',1,3600,4,'',1,7300,4,'',1,7300,4,'',1,2700,4,'',1,2700,4,'',1,6700,4,'',1,2700,4,'',1,6700,4,'',1,2700,4,'',1,6700,4,'',1,2500,4,'',1,6700,4,'',1,2700,4,'',1,2700,4,'',1,6700,4,'',1,2400,4,'',1,6700,4,'',1,2700,4,'',1,6700,4,'',1,2700,4,'',1,2300,4,'',1,6700,4,'',1
'130.0.82',8801,83100,4,'',1,7500,4,'',1,3300,4,'',1,7300,4,'',1,3300,4,'',1,7300,4,'',1,3600,4,'',1,7300,4,'',1,7300,4,'',1,2700,4,'',1,2700,4,'',1,6700,4,'',1,2700,4,'',1,6700,4,'',1,2700,4,'',1,6700,4,'',1,2500,4,'',1,6700,4,'',1,2700,4,'',1,2700,4,'',1,6700,4,'',1,2400,4,'',1,6700,4,'',1,2700,4,'',1,6700,4,'',1,2700,4,'',1,2300,4,'',1,6700,4,'',1
'130.35024.2',8801,235900,4,'',1,7200,4,'',1,7200,4,'',1,3200,4,'',1,7200,4,'',1,3200,4,'',1,6200,4,'',1
'130.0.1',9901,42510,4,'',1,7500,4,'',1,3500,4,'',1,7500,4,'',1,4200,4,'',1,7400,4,'',1,3200,4,'',1,7200,4,'',1,7200,4,'',1,3200,4,'',1,7200,4,'',1,3500,4,'',1,9100,4,'',1,9100,4,'',1,9100,4,'',1,9100,4,'',1,5100,4,'',1,9100,4,'',1,7610,4,'',1,3200,4,'',1,7200,4,'',1,2800,4,'',1,7200,4,'',1,3200,4,'',1,7300,4,'',1,6790,4,'',1,2300,4,'',1,7700,4,'',1,3400,4,'',1,7400,4,'',1
'130.0.2',9901,54710,4,'',1,7900,4,'',1,7900,4,'',1,3900,4,'',1,7900,4,'',1,7900,4,'',1,3900,4,'',1,8400,4,'',1,8300,4,'',1,5000,4,'',1,9000,4,'',1,9110,4,'',1,9000,4,'',1,9000,4,'',1,9000,4,'',1,5000,4,'',1,9000,4,'',1,8690,4,'',1,8500,4,'',1,9500,4,'',1,3500,4,'',1,6300,4,'',1,8700,4,'',1
'130.0.3',9901,55010,4,'',1,8000,4,'',1,8000,4,'',1,4000,4,'',1,8000,4,'',1,8000,4,'',1,4500,4,'',1,8000,4,'',1,8000,4,'',1,4000,4,'',1,8800,4,'',1,8500,4,'',1,8500,4,'',1,4500,4,'',1,8500,4,'',1,8500,4,'',1,8500,4,'',1,4500,4,'',1,8500,4,'',1,8500,4,'',1,8500,4,'',1,3300,4,'',1,7700,4,'',1,8300,4,'',1
'130.0.74',9901,54710,4,'',1,7900,4,'',1,7900,4,'',1,3900,4,'',1,7900,4,'',1,7900,4,'',1,3900,4,'',1,8400,4,'',1,8300,4,'',1,5000,4,'',1,9000,4,'',1,9110,4,'',1,9000,4,'',1,9000,4,'',1,9000,4,'',1,5000,4,'',1,9000,4,'',1,8690,4,'',1,8500,4,'',1,9500,4,'',1,3500,4,'',1,6300,4,'',1,8700,4,'',1
'130.0.75',9901,54710,4,'',1,7900,4,'',1,7900,4,'',1,3900,4,'',1,7900,4,'',1,7900,4,'',1,3900,4,'',1,8400,4,'',1,8300,4,'',1,5000,4,'',1,9000,4,'',1,9110,4,'',1,9000,4,'',1,9000,4,'',1,9000,4,'',1,5000,4,'',1,9000,4,'',1,8690,4,'',1,8500,4,'',1,9500,4,'',1,3500,4,'',1,6300,4,'',1,8700,4,'',1
'130.0.80',9901,55010,4,'',1,8000,4,'',1,8000,4,'',1,4000,4,'',1,8000,4,'',1,8000,4,'',1,4500,4,'',1,8000,4,'',1,8000,4,'',1,4000,4,'',1,8800,4,'',1,8500,4,'',1,8500,4,'',1,4500,4,'',1,8500,4,'',1,8500,4,'',1,8500,4,'',1,4500,4,'',1,8500,4,'',1,8500,4,'',1,8500,4,'',1,3300,4,'',1,7700,4,'',1,8300,4,'',1
'130.0.81',9901,55010,4,'',1,8000,4,'',1,8000,4,'',1,4000,4,'',1,8000,4,'',1,8000,4,'',1,4500,4,'',1,8000,4,'',1,8000,4,'',1,4000,4,'',1,8800,4,'',1,8500,4,'',1,8500,4,'',1,4500,4,'',1,8500,4,'',1,8500,4,'',1,8500,4,'',1,4500,4,'',1,8500,4,'',1,8500,4,'',1,8500,4,'',1,3300,4,'',1,7700,4,'',1,8300,4,'',1
'130.0.82',9901,55010,4,'',1,8000,4,'',1,8000,4,'',1,4000,4,'',1,8000,4,'',1,8000,4,'',1,4500,4,'',1,8000,4,'',1,8000,4,'',1,4000,4,'',1,8800,4,'',1,8500,4,'',1,8500,4,'',1,4500,4,'',1,8500,4,'',1,8500,4,'',1,8500,4,'',1,4500,4,'',1,8500,4,'',1,8500,4,'',1,8500,4,'',1,3300,4,'',1,7700,4,'',1,8300,4,'',1
'130.0.74',76001,83440,4,'',1,2400,4,'',1,6400,4,'',1,2400,4,'',1,6400,4,'',1,2400,4,'',1,2400,4,'',1,6400,4,'',1,2400,4,'',1,6400,4,'',1,2700,4,'',1,6400,4,'',1,2400,4,'',1,2100,4,'',1,6400,4,'',1,2400,4,'',1,2400,4,'',1,6900,4,'',1,2500,4,'',1,6500,4,'',1,2500,4,'',1,6500,4,'',1,2500,4,'',1,6760,4,'',1,2500,4,'',1,2500,4,'',1,6500,4,'',1,2500,4,'',1,6030,4,'',1,2500,4,'',1,2500,4,'',1,6500,4,'',1,2500,4,'',1,6500,4,'',1
'130.0.75',76001,100440,4,'',1,4700,4,'',1,8700,4,'',1,8700,4,'',1,9000,4,'',1,4400,4,'',1,8600,4,'',1,7600,4,'',1,8100,4,'',1,4100,4,'',1,8100,4,'',1,8360,4,'',1,4100,4,'',1,8100,4,'',1,7630,4,'',1,4100,4,'',1,8100,4,'',1,8100,4,'',1
'130.0.81',76001,103130,4,'',1,8200,4,'',1,4200,4,'',1,8200,4,'',1,8200,4,'',1,8280,4,'',1,4200,4,'',1,8200,4,'',1,8200,4,'',1,4200,4,'',1,8200,4,'',1,8200,4,'',1,4200,4,'',1
'130.0.82',76001,103130,4,'',1,8200,4,'',1,4200,4,'',1,8200,4,'',1,8200,4,'',1,8280,4,'',1,4200,4,'',1,8200,4,'',1,8200,4,'',1,4200,4,'',1,8200,4,'',1,8200,4,'',1,4200,4,'',1,8200,4,'',1,8200,4,'',1,3900,4,'',1,9090,4,'',1
'130.32679.1',76001,95810,4,'',1,8600,4,'',1,8600,4,'',1,8600,4,'',1,8600,4,'',1,4600,4,'',1,8600,4,'',1,8700,4,'',1,8820,4,'',1,4700,4,'',1,8700,4,'',1,8700,4,'',1,8170,4,'',1,4700,4,'',1,8700,4,'',1,8700,4,'',1,8430,4,'',1
'130.32679.2',76001,101840,4,'',1,8700,4,'',1,4700,4,'',1,9000,4,'',1,8700,4,'',1,8400,4,'',1,8700,4,'',1,4700,4,'',1,8700,4,'',1,8700,4,'',1,8960,4,'',1,4700,4,'',1,8230,4,'',1,8700,4,'',1,8700,4,'',1,8700,4,'',1
'130.35027.2',76001,101840,4,'',1,8700,4,'',1,4700,4,'',1,9000,4,'',1,8700,4,'',1,8400,4,'',1,3900,4,'',1,7700,4,'',1,8200,4,'',1,4000,4,'',1,8100,4,'',1,8360,4,'',1,4100,4,'',1,8100,4,'',1,7630,4,'',1,4100,4,'',1,8100,4,'',1,8100,4,'',1
'130.0.1',989901,225210,4,'',1,6800,4,'',1,3800,4,'',1,7400,4,'',1,7500,4,'',1,2900,4,'',1,7500,4,'',1,3500,4,'',1
'130.0.2',989901,224710,4,'',1,8200,4,'',1,8400,4,'',1,8700,4,'',1,4500,4,'',1,8700,4,'',1
'130.0.3',989901,225810,4,'',1,8600,4,'',1,8300,4,'',1,8600,4,'',1,4300,4,'',1,8300,4,'',1
'130.0.74',989901,224710,4,'',1,8200,4,'',1,8400,4,'',1,8700,4,'',1,4500,4,'',1,8700,4,'',1
'130.0.75',989901,224710,4,'',1,8200,4,'',1,8400,4,'',1,8700,4,'',1,4500,4,'',1,8700,4,'',1
'130.0.80',989901,225810,4,'',1,8600,4,'',1,8300,4,'',1,8600,4,'',1,4300,4,'',1,8300,4,'',1
'130.0.81',989901,225810,4,'',1,8600,4,'',1,8300,4,'',1,8600,4,'',1,4300,4,'',1,8300,4,'',1
'130.0.82',989901,225810,4,'',1,8600,4,'',1,8300,4,'',1,8600,4,'',1,4300,4,'',1,8300,4,'',1
