'140.0.1',32000,63000,4,'',1,1400,4,'',1,1400,4,'',1,5400,4,'',1,1400,4,'',1,1400,4,'',1,1400,4,'',1,5400,4,'',1,1400,4,'',1,1400,4,'',1,1400,4,'',1,5400,4,'',1,1400,4,'',1,1200,4,'',1,1200,4,'',1,1200,4,'',1,5200,4,'',1,1200,4,'',1,1200,4,'',1,1200,4,'',1,1200,4,'',1,5200,4,'',1,1200,4,'',1,1200,4,'',1,1400,4,'',1,1400,4,'',1,5400,4,'',1,1400,4,'',1,1400,4,'',1,1400,4,'',1,5400,4,'',1,1400,4,'',1,1400,4,'',1,1400,4,'',1,5400,4,'',1,1400,4,'',1,1400,4,'',1,1400,4,'',1,5400,4,'',1,1400,4,'',1,1400,4,'',1,1400,4,'',1,1400,4,'',1,5400,4,'',1,1400,4,'',1,1400,4,'',1,1400,4,'',1,5400,4,'',1,1400,4,'',1,1400,4,'',1,1400,4,'',1,5400,4,'',1,1400,4,'',1,1400,4,'',1,1400,4,'',1,1400,4,'',1,5400,4,'',1,1400,4,'',1,1400,4,'',1,1400,4,'',1,5400,4,'',1,1400,4,'',1,1200,4,'',1,1200,4,'',1,1200,4,'',1,5200,4,'',1,1000,4,'',1,1200,4,'',1,1200,4,'',1,1200,4,'',1
'140.0.1',32001,63800,,'',1,1400,,'',1,5400,,'',1,1400,,'',1,1400,,'',1,1400,,'',1,5400,,'',1,1400,,'',1,1400,,'',1,1400,,'',1,1400,,'',1,5700,,'',1,1200,,'',1,1200,,'',1,1200,,'',1,5200,,'',1,1200,,'',1,1200,,'',1,1200,,'',1,1200,,'',1,5200,,'',1,2100,,'',1,1400,,'',1,1400,,'',1,5400,,'',1,1400,,'',1,1400,,'',1,1400,,'',1,5400,,'',1,1400,,'',1,1400,,'',1,1400,,'',1,1400,,'',1,5400,,'',1,1400,,'',1,1400,,'',1,1400,,'',1,5400,,'',1,1400,,'',1,1400,,'',1,1400,,'',1,5400,,'',1,1400,,'',1,1400,,'',1,1400,,'',1,5400,,'',1,1400,,'',1,1400,,'',1,1400,,'',1,1400,,'',1,5400,,'',1,1400,,'',1,1400,,'',1,1400,,'',1,5400,,'',1,1400,,'',1,1400,,'',1,1400,,'',1,5600,,'',1,1200,,'',1,1200,,'',1,1200,,'',1,1200,,'',1,5200,,'',1,1200,,'',1,1200,,'',1,1200,,'',1,1200,,'',1,5200,,'',1
'140.0.2',32000,90000,4,'',1,1200,4,'',1,1200,4,'',1,1200,4,'',1,1200,4,'',1,5200,4,'',1,1200,4,'',1,1200,4,'',1,1200,4,'',1,1200,4,'',1,5200,4,'',1,1200,4,'',1,1200,4,'',1,1800,4,'',1,5800,4,'',1,1800,4,'',1,1800,4,'',1,1800,4,'',1,5800,4,'',1,1800,4,'',1,1800,4,'',1,5800,4,'',1,1800,4,'',1,1800,4,'',1,5800,4,'',1,1800,4,'',1,1800,4,'',1,1800,4,'',1,5800,4,'',1,1800,4,'',1,1800,4,'',1,5800,4,'',1,1800,4,'',1,1800,4,'',1,5800,4,'',1,1800,4,'',1,1800,4,'',1,1800,4,'',1,5800,4,'',1,1800,4,'',1,1800,4,'',1,5800,4,'',1,1800,4,'',1,1200,4,'',1,1200,4,'',1,5200,4,'',1,1200,4,'',1,1000,4,'',1,1200,4,'',1,1200,4,'',1,1200,4,'',1,5200,4,'',1,1200,4,'',1,1000,4,'',1,1200,4,'',1,1200,4,'',1,5200,4,'',1,1200,4,'',1
'140.0.2',32001,90900,,'',1,1200,,'',1,1200,,'',1,1200,,'',1,1200,,'',1,5200,,'',1,1200,,'',1,1200,,'',1,1200,,'',1,1200,,'',1,5800,,'',1,1800,,'',1,1800,,'',1,5800,,'',1,1800,,'',1,1800,,'',1,5800,,'',1,1800,,'',1,1800,,'',1,1800,,'',1,5800,,'',1,1800,,'',1,1800,,'',1,5800,,'',1,1800,,'',1,1800,,'',1,5800,,'',1,1800,,'',1,1800,,'',1,1800,,'',1,5800,,'',1,1800,,'',1,1800,,'',1,5800,,'',1,1800,,'',1,1800,,'',1,5800,,'',1,1800,,'',1,1800,,'',1,1800,,'',1,6100,,'',1,1200,,'',1,1200,,'',1,1200,,'',1,5200,,'',1,1200,,'',1,1200,,'',1,1200,,'',1,1200,,'',1,5200,,'',1,1200,,'',1,1200,,'',1,1200,,'',1,1200,,'',1,5200,,'',1,1200,,'',1,1200,,'',1
'140.0.80',32000,85900,4,'',1,5200,4,'',1,1200,4,'',1,1200,4,'',1,1200,4,'',1,1200,4,'',1,5200,4,'',1,1200,4,'',1,1200,4,'',1,1200,4,'',1,1200,4,'',1,5200,4,'',1,1200,4,'',1,1800,4,'',1,1800,4,'',1,5800,4,'',1,1800,4,'',1,1800,4,'',1,5800,4,'',1,1800,4,'',1,1800,4,'',1,5800,4,'',1,1800,4,'',1,1800,4,'',1,1800,4,'',1,5800,4,'',1,1800,4,'',1,1800,4,'',1,5800,4,'',1,1800,4,'',1,1800,4,'',1,5800,4,'',1,1800,4,'',1,1800,4,'',1,1800,4,'',1,5800,4,'',1,1800,4,'',1,1800,4,'',1,5600,4,'',1,1800,4,'',1,1200,4,'',1,1200,4,'',1,5200,4,'',1,1200,4,'',1,1200,4,'',1,1200,4,'',1,1200,4,'',1,5200,4,'',1,1200,4,'',1,1000,4,'',1,1200,4,'',1,1200,4,'',1,5200,4,'',1,1200,4,'',1,1200,4,'',1
'140.0.80',32001,90800,,'',1,1200,,'',1,1200,,'',1,1200,,'',1,1200,,'',1,5200,,'',1,1200,,'',1,1200,,'',1,1200,,'',1,1200,,'',1,5700,,'',1,1800,,'',1,1800,,'',1,5800,,'',1,1800,,'',1,1800,,'',1,5800,,'',1,1800,,'',1,1800,,'',1,1800,,'',1,5800,,'',1,1800,,'',1,1800,,'',1,5800,,'',1,1800,,'',1,1800,,'',1,5800,,'',1,1800,,'',1,1800,,'',1,1800,,'',1,5800,,'',1,1800,,'',1,1800,,'',1,5800,,'',1,1800,,'',1,1800,,'',1,5800,,'',1,1100,,'',1,1200,,'',1,1200,,'',1,1200,,'',1,5200,,'',1,1200,,'',1,1200,,'',1,1200,,'',1,1200,,'',1,5200,,'',1,1200,,'',1,1200,,'',1,1200,,'',1,1200,,'',1,5200,,'',1,1200,,'',1,1200,,'',1,1200,,'',1
'140.24603.3',32000,85900,4,'',1,5200,4,'',1,1200,4,'',1,1200,4,'',1,1200,4,'',1,1200,4,'',1,5200,4,'',1,1200,4,'',1,1200,4,'',1,1200,4,'',1,1200,4,'',1,5200,4,'',1,1200,4,'',1,1800,4,'',1,1800,4,'',1,5800,4,'',1,1800,4,'',1,1800,4,'',1,5800,4,'',1,1800,4,'',1,1800,4,'',1,5800,4,'',1,1800,4,'',1,1800,4,'',1,1800,4,'',1,5800,4,'',1,1800,4,'',1,1800,4,'',1,5800,4,'',1,1800,4,'',1,1800,4,'',1,5800,4,'',1,1800,4,'',1,1800,4,'',1,1800,4,'',1,5800,4,'',1,1800,4,'',1,1800,4,'',1,5600,4,'',1,1800,4,'',1,1200,4,'',1,1200,4,'',1,5200,4,'',1,1200,4,'',1,1200,4,'',1,1200,4,'',1,1200,4,'',1,5200,4,'',1,1200,4,'',1,1000,4,'',1,1200,4,'',1,1200,4,'',1,5200,4,'',1,1200,4,'',1
'140.24603.3',32001,90800,,'',1,1200,,'',1,1200,,'',1,1200,,'',1,1200,,'',1,5200,,'',1,1200,,'',1,1200,,'',1,1200,,'',1,1200,,'',1,5700,,'',1,1800,,'',1,1800,,'',1,5800,,'',1,1800,,'',1,1800,,'',1,5800,,'',1,1800,,'',1,1800,,'',1,1800,,'',1,5800,,'',1,1800,,'',1,1800,,'',1,5800,,'',1,1800,,'',1,1800,,'',1,5800,,'',1,1800,,'',1,1800,,'',1,1800,,'',1,5800,,'',1,1800,,'',1,1800,,'',1,5800,,'',1,1800,,'',1,1800,,'',1,5800,,'',1,1100,,'',1,1200,,'',1,1200,,'',1,1200,,'',1,5200,,'',1,1200,,'',1,1200,,'',1,1200,,'',1,1200,,'',1,5200,,'',1,1200,,'',1,1200,,'',1,1200,,'',1,1200,,'',1,5200,,'',1,1200,,'',1,1200,,'',1
'140.24604.3',32000,222500,4,'',1,1200,4,'',1,1200,4,'',1,5200,4,'',1,1200,4,'',1,1200,4,'',1,1200,4,'',1,1200,4,'',1
'140.24604.3',32001,223600,,'',1,1200,,'',1,5200,,'',1,1200,,'',1,1200,,'',1,1200,,'',1,1200,,'',1,5200,,'',1
