'130.0.1',9001,60640,4,'',1,1200,4,'',1,1200,4,'',1,1200,4,'',1,1200,4,'',1,5200,4,'',1,1200,4,'',1,1600,4,'',1,1200,4,'',1,1200,4,'',1,5200,4,'',1,2800,4,'',1,1400,4,'',1,5400,4,'',1,1400,4,'',1,500,4,'',1,1400,4,'',1,1400,4,'',1,5400,4,'',1,1400,4,'',1,2200,4,'',1,7200,4,'',1,3200,4,'',1,7200,4,'',1,3200,4,'',1,7200,4,'',1,3200,4,'',1,7500,4,'',1,7200,4,'',1,3370,4,'',1,7900,4,'',1,2600,4,'',1,1500,4,'',1,5500,4,'',1,1500,4,'',1,1500,4,'',1,1500,4,'',1,5300,4,'',1,1500,4,'',1,1500,4,'',1,1130,4,'',1,5500,4,'',1,1500,4,'',1,1200,4,'',1,1500,4,'',1,5500,4,'',1,1500,4,'',1,2300,4,'',1,7900,4,'',1,3900,4,'',1,7560,4,'',1,7900,4,'',1,3600,4,'',1
'130.0.2',9001,61540,4,'',1,4000,4,'',1,8000,4,'',1,8000,4,'',1,4000,4,'',1,8200,4,'',1,8500,4,'',1,8500,4,'',1,4500,4,'',1,8500,4,'',1,8500,4,'',1,8600,4,'',1,4500,4,'',1,8500,4,'',1,8500,4,'',1,8500,4,'',1,4500,4,'',1,8500,4,'',1,8500,4,'',1,8100,4,'',1
'130.0.3',9001,82400,4,'',1,7600,4,'',1,4000,4,'',1,7700,4,'',1,4000,4,'',1,7740,4,'',1,7800,4,'',1,3800,4,'',1,7900,4,'',1,7800,4,'',1,4000,4,'',1,7800,4,'',1,7900,4,'',1,3800,4,'',1,7900,4,'',1,3800,4,'',1,7900,4,'',1,7800,4,'',1,3700,4,'',1,7900,4,'',1
'130.0.74',9001,61540,4,'',1,4000,4,'',1,8000,4,'',1,8000,4,'',1,4000,4,'',1,8200,4,'',1,8500,4,'',1,8500,4,'',1,4500,4,'',1,8500,4,'',1,8500,4,'',1,8600,4,'',1,4500,4,'',1,8500,4,'',1,8500,4,'',1,8500,4,'',1,4500,4,'',1,8500,4,'',1,8500,4,'',1,8100,4,'',1
'130.0.75',9001,61540,4,'',1,4000,4,'',1,8000,4,'',1,8000,4,'',1,4000,4,'',1,8200,4,'',1,8500,4,'',1,8500,4,'',1,4500,4,'',1,8500,4,'',1,8500,4,'',1,8600,4,'',1,4500,4,'',1,8500,4,'',1,8500,4,'',1,8500,4,'',1,4500,4,'',1,8500,4,'',1,8500,4,'',1,8100,4,'',1
'130.0.80',9001,82400,4,'',1,7600,4,'',1,4000,4,'',1,7700,4,'',1,4000,4,'',1,7740,4,'',1,7800,4,'',1,3800,4,'',1,7900,4,'',1,7800,4,'',1,4000,4,'',1,7800,4,'',1,7900,4,'',1,3800,4,'',1,7900,4,'',1,3800,4,'',1,7900,4,'',1,7800,4,'',1,3700,4,'',1,7900,4,'',1
'130.0.81',9001,82400,4,'',1,7600,4,'',1,4000,4,'',1,7700,4,'',1,4000,4,'',1,7740,4,'',1,7800,4,'',1,3800,4,'',1,7900,4,'',1,7800,4,'',1,4000,4,'',1,7800,4,'',1,7900,4,'',1,3800,4,'',1,7900,4,'',1,3800,4,'',1,7900,4,'',1,7800,4,'',1,3700,4,'',1,7900,4,'',1
'130.0.82',9001,82400,4,'',1,7600,4,'',1,4000,4,'',1,7700,4,'',1,4000,4,'',1,7740,4,'',1,7800,4,'',1,3800,4,'',1,7900,4,'',1,7800,4,'',1,4000,4,'',1,7800,4,'',1,7900,4,'',1,3800,4,'',1,7900,4,'',1,3800,4,'',1,7900,4,'',1,7800,4,'',1,3700,4,'',1,7900,4,'',1
'130.35024.2',9001,204940,4,'',1,8500,4,'',1,8500,4,'',1,8500,4,'',1,4500,4,'',1,8500,4,'',1,8500,4,'',1,8500,4,'',1,4500,4,'',1
'130.0.1',900201,52040,4,'',1,2500,4,'',1,5800,4,'',1,1800,4,'',1,1900,4,'',1,1600,4,'',1,6900,4,'',1,2200,4,'',1,6200,4,'',1,2200,4,'',1,2200,4,'',1,6100,4,'',1,2200,4,'',1,2200,4,'',1,6200,4,'',1,2200,4,'',1,1700,4,'',1,56470,4,'',1,2500,4,'',1,6500,4,'',1,2600,4,'',1,6000,4,'',1,2600,4,'',1,2330,4,'',1,5700,4,'',1,2100,4,'',1,2300,4,'',1,6600,4,'',1
