'130.0.1',9001,61100,4,'',1,1200,4,'',1,1200,4,'',1,1200,4,'',1,1200,4,'',1,5200,4,'',1,1200,4,'',1,1640,4,'',1,1200,4,'',1,5200,4,'',1,1200,4,'',1,2800,4,'',1,1400,4,'',1,5400,4,'',1,1400,4,'',1,480,4,'',1,1400,4,'',1,1400,4,'',1,5400,4,'',1,1400,4,'',1,2200,4,'',1,7200,4,'',1,3200,4,'',1,7200,4,'',1,3200,4,'',1,7200,4,'',1,7200,4,'',1,3580,4,'',1,7200,4,'',1,3400,4,'',1,7900,4,'',1,2600,4,'',1,5500,4,'',1,1500,4,'',1,1500,4,'',1,1530,4,'',1,5500,4,'',1,1270,4,'',1,1500,4,'',1,1500,4,'',1,1040,4,'',1,5500,4,'',1,1500,4,'',1,1160,4,'',1,1500,4,'',1,5500,4,'',1,1500,4,'',1,2300,4,'',1,7900,4,'',1,7900,4,'',1,3500,4,'',1,7900,4,'',1,3600,4,'',1
'130.0.2',9001,62000,4,'',1,8000,4,'',1,4000,4,'',1,8000,4,'',1,8000,4,'',1,4220,4,'',1,8500,4,'',1,8500,4,'',1,4500,4,'',1,8500,4,'',1,8500,4,'',1,8620,4,'',1,4500,4,'',1,8500,4,'',1,8500,4,'',1,8500,4,'',1,4500,4,'',1,8500,4,'',1,8500,4,'',1,8080,4,'',1
'130.0.3',9001,82820,4,'',1,7600,4,'',1,4000,4,'',1,7680,4,'',1,8020,4,'',1,3800,4,'',1,7800,4,'',1,3800,4,'',1,7920,4,'',1,7780,4,'',1,4000,4,'',1,7800,4,'',1,7900,4,'',1,3800,4,'',1,7900,4,'',1,7800,4,'',1,3900,4,'',1,7800,4,'',1,3700,4,'',1,7900,4,'',1
'130.0.74',9001,62000,4,'',1,8000,4,'',1,4000,4,'',1,8000,4,'',1,8000,4,'',1,4220,4,'',1,8500,4,'',1,8500,4,'',1,4500,4,'',1,8500,4,'',1,8500,4,'',1,8620,4,'',1,4500,4,'',1,8500,4,'',1,8500,4,'',1,8500,4,'',1,4500,4,'',1,8500,4,'',1,8500,4,'',1,8080,4,'',1
'130.0.75',9001,62000,4,'',1,8000,4,'',1,4000,4,'',1,8000,4,'',1,8000,4,'',1,4220,4,'',1,8500,4,'',1,8500,4,'',1,4500,4,'',1,8500,4,'',1,8500,4,'',1,8620,4,'',1,4500,4,'',1,8500,4,'',1,8500,4,'',1,8500,4,'',1,4500,4,'',1,8500,4,'',1,8500,4,'',1,8080,4,'',1
'130.0.80',9001,82820,4,'',1,7600,4,'',1,4000,4,'',1,7680,4,'',1,8020,4,'',1,3800,4,'',1,7800,4,'',1,3800,4,'',1,7920,4,'',1,7780,4,'',1,4000,4,'',1,7800,4,'',1,7900,4,'',1,3800,4,'',1,7900,4,'',1,7800,4,'',1,3900,4,'',1,7800,4,'',1,3700,4,'',1,7900,4,'',1
'130.0.81',9001,82820,4,'',1,7600,4,'',1,4000,4,'',1,7680,4,'',1,8020,4,'',1,3800,4,'',1,7800,4,'',1,3800,4,'',1,7920,4,'',1,7780,4,'',1,4000,4,'',1,7800,4,'',1,7900,4,'',1,3800,4,'',1,7900,4,'',1,7800,4,'',1,3900,4,'',1,7800,4,'',1,3700,4,'',1,7900,4,'',1
'130.0.82',9001,82820,4,'',1,7600,4,'',1,4000,4,'',1,7680,4,'',1,8020,4,'',1,3800,4,'',1,7800,4,'',1,3800,4,'',1,7920,4,'',1,7780,4,'',1,4000,4,'',1,7800,4,'',1,7900,4,'',1,3800,4,'',1,7900,4,'',1,7800,4,'',1,3900,4,'',1,7800,4,'',1,3700,4,'',1,7900,4,'',1
'130.35024.2',9001,205420,4,'',1,8500,4,'',1,8500,4,'',1,8500,4,'',1,4500,4,'',1,8500,4,'',1,8500,4,'',1,8500,4,'',1,4500,4,'',1
'130.0.1',900201,52500,4,'',1,2500,4,'',1,5800,4,'',1,1800,4,'',1,1900,4,'',1,5600,4,'',1,2940,4,'',1,2200,4,'',1,6200,4,'',1,2200,4,'',1,2200,4,'',1,6080,4,'',1,2200,4,'',1,6200,4,'',1,2200,4,'',1,2200,4,'',1,5700,4,'',1,52580,4,'',1,2500,4,'',1,6500,4,'',1,2630,4,'',1,6000,4,'',1,2570,4,'',1,2240,4,'',1,5700,4,'',1,2100,4,'',1,2260,4,'',1,6600,4,'',1
