'130.0.1',60100,60700,4,'',1,1400,4,'',1,1500,4,'',1,1400,4,'',1,5400,4,'',1,1500,4,'',1,1400,4,'',1,1400,4,'',1,5400,4,'',1,1400,4,'',1,1800,4,'',1,1400,4,'',1,5400,4,'',1,1400,4,'',1,1400,4,'',1,1400,4,'',1,1400,4,'',1,5400,4,'',1,1400,4,'',1,1400,4,'',1,1600,4,'',1,6100,4,'',1,1800,4,'',1,1800,4,'',1,5800,4,'',1,1800,4,'',1,1800,4,'',1,5800,4,'',1,1800,4,'',1,1800,4,'',1,1800,4,'',1,6000,4,'',1,1800,4,'',1,1800,4,'',1,5600,4,'',1,1500,4,'',1,1500,4,'',1,1500,4,'',1,5500,4,'',1,1400,4,'',1,1500,4,'',1,1500,4,'',1,5500,4,'',1,1500,4,'',1,1500,4,'',1,1500,4,'',1,5400,4,'',1,1500,4,'',1,1500,4,'',1,1500,4,'',1,5300,4,'',1,1500,4,'',1,1500,4,'',1,1500,4,'',1,5500,4,'',1,1400,4,'',1,1500,4,'',1
'130.0.1',60101,52000,,'',1,1400,,'',1,1500,,'',1,5400,,'',1,1500,,'',1,1500,,'',1,1400,,'',1,5400,,'',1,1600,,'',1,1600,,'',1,1400,,'',1,5400,,'',1,1400,,'',1,1400,,'',1,1400,,'',1,1400,,'',1,5400,,'',1,1400,,'',1,1400,,'',1,1400,,'',1,5400,,'',1,1400,,'',1,1600,,'',1,1800,,'',1,5800,,'',1,1900,,'',1,1800,,'',1,5800,,'',1,1800,,'',1,1800,,'',1,5800,,'',1,1800,,'',1,1800,,'',1,1800,,'',1,5900,,'',1,2000,,'',1,1800,,'',1,5600,,'',1,1500,,'',1,1500,,'',1,1500,,'',1,5500,,'',1,1500,,'',1,1600,,'',1,1600,,'',1,5500,,'',1,1500,,'',1,1500,,'',1,1400,,'',1,5300,,'',1,1500,,'',1,1500,,'',1,1400,,'',1,5400,,'',1,1500,,'',1
'130.0.2',60100,95000,4,'',1,6100,4,'',1,1900,4,'',1,2400,4,'',1,5900,4,'',1,2200,4,'',1,1900,4,'',1,5900,4,'',1,1900,4,'',1,1900,4,'',1,5900,4,'',1,1900,4,'',1,1900,4,'',1,5900,4,'',1,1900,4,'',1,1900,4,'',1,5900,4,'',1,1800,4,'',1,1900,4,'',1,5900,4,'',1,1900,4,'',1,1900,4,'',1,1900,4,'',1,5900,4,'',1,1900,4,'',1,1900,4,'',1,5900,4,'',1,1900,4,'',1,1900,4,'',1,5600,4,'',1,1900,4,'',1,1900,4,'',1,5900,4,'',1,1900,4,'',1,1900,4,'',1,5900,4,'',1
'130.0.2',60101,84900,,'',1,5800,,'',1,1900,,'',1,2200,,'',1,5900,,'',1,1900,,'',1,1900,,'',1,5900,,'',1,1900,,'',1,1900,,'',1,6200,,'',1,1900,,'',1,1900,,'',1,1700,,'',1,5900,,'',1,2100,,'',1,1900,,'',1,5900,,'',1,1900,,'',1,1900,,'',1,5800,,'',1,1900,,'',1,1900,,'',1,5900,,'',1,1900,,'',1,2000,,'',1,5900,,'',1,1600,,'',1,1900,,'',1,5900,,'',1,1900,,'',1,1900,,'',1,6000,,'',1,1900,,'',1,1700,,'',1,1900,,'',1
'130.0.3',60100,92600,4,'',1,2300,4,'',1,6300,4,'',1,2500,4,'',1,6300,4,'',1,2300,4,'',1,2300,4,'',1,6300,4,'',1,2300,4,'',1,2300,4,'',1,6300,4,'',1,2300,4,'',1,6600,4,'',1,2300,4,'',1,2300,4,'',1,6300,4,'',1,2300,4,'',1,6300,4,'',1,2300,4,'',1,2300,4,'',1,6300,4,'',1,2300,4,'',1,2300,4,'',1,6300,4,'',1,2300,4,'',1,6300,4,'',1,1900,4,'',1,2300,4,'',1,6300,4,'',1,2300,4,'',1,2300,4,'',1,6200,4,'',1
'130.0.3',60101,91500,,'',1,2300,,'',1,6300,,'',1,2300,,'',1,2500,,'',1,6300,,'',1,2300,,'',1,2300,,'',1,6300,,'',1,2300,,'',1,6500,,'',1,2200,,'',1,2300,,'',1,6300,,'',1,2300,,'',1,6300,,'',1,2300,,'',1,2300,,'',1,6300,,'',1,2300,,'',1,2300,,'',1,6300,,'',1,2300,,'',1,6000,,'',1,2300,,'',1,2300,,'',1,6300,,'',1,2200,,'',1,2300,,'',1,6300,,'',1,2300,,'',1
'130.0.74',60100,95000,4,'',1,6100,4,'',1,1900,4,'',1,2400,4,'',1,5900,4,'',1,2200,4,'',1,1900,4,'',1,5900,4,'',1,1900,4,'',1,1900,4,'',1,5900,4,'',1,1900,4,'',1,1900,4,'',1,5900,4,'',1,1900,4,'',1,1900,4,'',1,5900,4,'',1,1800,4,'',1,1900,4,'',1,5900,4,'',1,1900,4,'',1,1900,4,'',1,1900,4,'',1,5900,4,'',1,1900,4,'',1,1900,4,'',1,5900,4,'',1,1900,4,'',1,1900,4,'',1,5600,4,'',1,1900,4,'',1,1900,4,'',1,5900,4,'',1,1900,4,'',1,1900,4,'',1,5900,4,'',1
'130.0.74',60101,84900,,'',1,5800,,'',1,1900,,'',1,2200,,'',1,5900,,'',1,1900,,'',1,1900,,'',1,5900,,'',1,1900,,'',1,1900,,'',1,6200,,'',1,1900,,'',1,1900,,'',1,1700,,'',1,5900,,'',1,2100,,'',1,1900,,'',1,5900,,'',1,1900,,'',1,1900,,'',1,5800,,'',1,1900,,'',1,1900,,'',1,5900,,'',1,1900,,'',1,2000,,'',1,5900,,'',1,1600,,'',1,1900,,'',1,5900,,'',1,1900,,'',1,1900,,'',1,6000,,'',1,1900,,'',1,1700,,'',1,1900,,'',1
'130.0.75',60100,95000,4,'',1,6100,4,'',1,1900,4,'',1,2400,4,'',1,5900,4,'',1,2200,4,'',1,1900,4,'',1,5900,4,'',1,1900,4,'',1,1900,4,'',1,5900,4,'',1,1900,4,'',1,1900,4,'',1,5900,4,'',1,1900,4,'',1,1900,4,'',1,5900,4,'',1,1800,4,'',1,1900,4,'',1,5900,4,'',1,1900,4,'',1,1900,4,'',1,1900,4,'',1,5900,4,'',1,1900,4,'',1,1900,4,'',1,5900,4,'',1,1900,4,'',1,1900,4,'',1,5600,4,'',1,1900,4,'',1,1900,4,'',1,5900,4,'',1,1900,4,'',1,1900,4,'',1,5900,4,'',1
'130.0.75',60101,84900,,'',1,5800,,'',1,1900,,'',1,2200,,'',1,5900,,'',1,1900,,'',1,1900,,'',1,5900,,'',1,1900,,'',1,1900,,'',1,6200,,'',1,1900,,'',1,1900,,'',1,1700,,'',1,5900,,'',1,2100,,'',1,1900,,'',1,5900,,'',1,1900,,'',1,1900,,'',1,5800,,'',1,1900,,'',1,1900,,'',1,5900,,'',1,1900,,'',1,2000,,'',1,5900,,'',1,1600,,'',1,1900,,'',1,5900,,'',1,1900,,'',1,1900,,'',1,6000,,'',1,1900,,'',1,1700,,'',1,1900,,'',1
'130.0.80',60100,92600,4,'',1,2300,4,'',1,6300,4,'',1,2500,4,'',1,6300,4,'',1,2300,4,'',1,2300,4,'',1,6300,4,'',1,2300,4,'',1,2300,4,'',1,6300,4,'',1,2300,4,'',1,6600,4,'',1,2300,4,'',1,2300,4,'',1,6300,4,'',1,2300,4,'',1,6300,4,'',1,2300,4,'',1,2300,4,'',1,6300,4,'',1,2300,4,'',1,2300,4,'',1,6300,4,'',1,2300,4,'',1,6300,4,'',1,1900,4,'',1,2300,4,'',1,6300,4,'',1,2300,4,'',1,2300,4,'',1,6200,4,'',1
'130.0.80',60101,91500,,'',1,2300,,'',1,6300,,'',1,2300,,'',1,2500,,'',1,6300,,'',1,2300,,'',1,2300,,'',1,6300,,'',1,2300,,'',1,6500,,'',1,2200,,'',1,2300,,'',1,6300,,'',1,2300,,'',1,6300,,'',1,2300,,'',1,2300,,'',1,6300,,'',1,2300,,'',1,2300,,'',1,6300,,'',1,2300,,'',1,6000,,'',1,2300,,'',1,2300,,'',1,6300,,'',1,2200,,'',1,2300,,'',1,6300,,'',1,2300,,'',1
'130.0.81',60100,92600,4,'',1,2300,4,'',1,6300,4,'',1,2500,4,'',1,6300,4,'',1,2300,4,'',1,2300,4,'',1,6300,4,'',1,2300,4,'',1,2300,4,'',1,6300,4,'',1,2300,4,'',1,6600,4,'',1,2300,4,'',1,2300,4,'',1,6300,4,'',1,2300,4,'',1,6300,4,'',1,2300,4,'',1,2300,4,'',1,6300,4,'',1,2300,4,'',1,2300,4,'',1,6300,4,'',1,2300,4,'',1,6300,4,'',1,1900,4,'',1,2300,4,'',1,6300,4,'',1,2300,4,'',1,2300,4,'',1,6200,4,'',1
'130.0.81',60101,91500,,'',1,2300,,'',1,6300,,'',1,2300,,'',1,2500,,'',1,6300,,'',1,2300,,'',1,2300,,'',1,6300,,'',1,2300,,'',1,6500,,'',1,2200,,'',1,2300,,'',1,6300,,'',1,2300,,'',1,6300,,'',1,2300,,'',1,2300,,'',1,6300,,'',1,2300,,'',1,2300,,'',1,6300,,'',1,2300,,'',1,6000,,'',1,2300,,'',1,2300,,'',1,6300,,'',1,2200,,'',1,2300,,'',1,6300,,'',1,2300,,'',1
'130.0.82',60100,92600,4,'',1,2300,4,'',1,6300,4,'',1,2500,4,'',1,6300,4,'',1,2300,4,'',1,2300,4,'',1,6300,4,'',1,2300,4,'',1,2300,4,'',1,6300,4,'',1,2300,4,'',1,6600,4,'',1,2300,4,'',1,2300,4,'',1,6300,4,'',1,2300,4,'',1,6300,4,'',1,2300,4,'',1,2300,4,'',1,6300,4,'',1,2300,4,'',1,2300,4,'',1,6300,4,'',1,2300,4,'',1,6300,4,'',1,1900,4,'',1,2300,4,'',1,6300,4,'',1,2300,4,'',1,2300,4,'',1,6200,4,'',1
'130.0.82',60101,91500,,'',1,2300,,'',1,6300,,'',1,2300,,'',1,2500,,'',1,6300,,'',1,2300,,'',1,2300,,'',1,6300,,'',1,2300,,'',1,6500,,'',1,2200,,'',1,2300,,'',1,6300,,'',1,2300,,'',1,6300,,'',1,2300,,'',1,2300,,'',1,6300,,'',1,2300,,'',1,2300,,'',1,6300,,'',1,2300,,'',1,6000,,'',1,2300,,'',1,2300,,'',1,6300,,'',1,2200,,'',1,2300,,'',1,6300,,'',1,2300,,'',1
