'139.0.1',16500,62400,4,'',1,2100,4,'',1,5500,4,'',1,1500,4,'',1,1500,4,'',1,1500,4,'',1,5500,4,'',1,1500,4,'',1,1500,4,'',1,1500,4,'',1,5500,4,'',1,1500,4,'',1,1500,4,'',1,1500,4,'',1,5500,4,'',1,1500,4,'',1,1500,4,'',1,7500,4,'',1,3500,4,'',1,7500,4,'',1,3600,4,'',1,8300,4,'',1,7500,4,'',1,3000,4,'',1,6800,4,'',1,2800,4,'',1,6800,4,'',1,2400,4,'',1,1800,4,'',1,5800,4,'',1,1800,4,'',1,2100,4,'',1,900,4,'',1,5800,4,'',1,1800,4,'',1,1800,4,'',1,700,4,'',1,5600,4,'',1,1200,4,'',1,1600,4,'',1,1500,4,'',1,5500,4,'',1,1500,4,'',1,1500,4,'',1,6500,4,'',1,3500,4,'',1,7600,4,'',1,4000,4,'',1,8000,4,'',1,7700,4,'',1,4000,4,'',1
'139.0.1',16501,50900,,'',1,2600,,'',1,1500,,'',1,5500,,'',1,1500,,'',1,1500,,'',1,1500,,'',1,5500,,'',1,1500,,'',1,1500,,'',1,1500,,'',1,5500,,'',1,1500,,'',1,1500,,'',1,1500,,'',1,5500,,'',1,1500,,'',1,1500,,'',1,1500,,'',1,5500,,'',1,3300,,'',1,7500,,'',1,3500,,'',1,7400,,'',1,3500,,'',1,8200,,'',1,7500,,'',1,3000,,'',1,6800,,'',1,2800,,'',1,1800,,'',1,5800,,'',1,1800,,'',1,1800,,'',1,5800,,'',1,1800,,'',1,1900,,'',1,5900,,'',1,1600,,'',1,1600,,'',1,1500,,'',1,5600,,'',1,1500,,'',1,1500,,'',1,1500,,'',1,5800,,'',1,2900,,'',1,7000,,'',1,3000,,'',1,8000,,'',1,8000,,'',1,4200,,'',1
'139.0.2',16500,63700,4,'',1,8100,4,'',1,3700,4,'',1,7700,4,'',1,8300,4,'',1,4000,4,'',1,8000,4,'',1,8000,4,'',1,4400,4,'',1,8600,4,'',1,8500,4,'',1,8500,4,'',1,8500,4,'',1,4500,4,'',1,8500,4,'',1,8500,4,'',1,8500,4,'',1,3900,4,'',1,8100,4,'',1,8000,4,'',1,4000,4,'',1,8000,4,'',1,8000,4,'',1,4000,4,'',1,7400,4,'',1,4000,4,'',1,7500,4,'',1,7600,4,'',1
'139.0.2',16501,64400,,'',1,7900,,'',1,7700,,'',1,4000,,'',1,8000,,'',1,8000,,'',1,4000,,'',1,8000,,'',1,8500,,'',1,4500,,'',1,8500,,'',1,8500,,'',1,8500,,'',1,4500,,'',1,8500,,'',1,8500,,'',1,8500,,'',1,4000,,'',1,8000,,'',1,8000,,'',1,4000,,'',1,8000,,'',1,8000,,'',1,4100,,'',1,7600,,'',1,3700,,'',1
'139.0.3',16500,81700,4,'',1,3600,4,'',1,8100,4,'',1,7600,4,'',1,3600,4,'',1,7600,4,'',1,3600,4,'',1,7700,4,'',1,8000,4,'',1,4000,4,'',1,8200,4,'',1,8000,4,'',1,4000,4,'',1,8000,4,'',1,8000,4,'',1,4000,4,'',1,8000,4,'',1,7600,4,'',1,4000,4,'',1,8000,4,'',1,7700,4,'',1,3700,4,'',1,7700,4,'',1,7700,4,'',1,3500,4,'',1,7700,4,'',1,3700,4,'',1
'139.0.3',16501,82200,,'',1,8100,,'',1,3600,,'',1,7600,,'',1,3600,,'',1,7600,,'',1,7600,,'',1,3900,,'',1,8000,,'',1,8000,,'',1,4000,,'',1,8000,,'',1,8000,,'',1,4000,,'',1,8000,,'',1,8000,,'',1,4000,,'',1,7900,,'',1,7900,,'',1,3800,,'',1,7700,,'',1,3700,,'',1,7700,,'',1,7800,,'',1,3700,,'',1
'139.0.80',16500,81700,4,'',1,3600,4,'',1,8100,4,'',1,7600,4,'',1,3600,4,'',1,7600,4,'',1,3600,4,'',1,7700,4,'',1,8000,4,'',1,4000,4,'',1,8200,4,'',1,8000,4,'',1,4000,4,'',1,8000,4,'',1,8000,4,'',1,4000,4,'',1,8000,4,'',1,7600,4,'',1,4000,4,'',1,8000,4,'',1,7700,4,'',1,3700,4,'',1,7700,4,'',1,7700,4,'',1,3500,4,'',1,7700,4,'',1,3700,4,'',1
'139.0.80',16501,82200,,'',1,8100,,'',1,3600,,'',1,7600,,'',1,3600,,'',1,7600,,'',1,7600,,'',1,3900,,'',1,8000,,'',1,8000,,'',1,4000,,'',1,8000,,'',1,8000,,'',1,4000,,'',1,8000,,'',1,8000,,'',1,4000,,'',1,7900,,'',1,7900,,'',1,3800,,'',1,7700,,'',1,3700,,'',1,7700,,'',1,7800,,'',1,3700,,'',1
'139.0.81',16500,81700,4,'',1,3600,4,'',1,8100,4,'',1,7600,4,'',1,3600,4,'',1,7600,4,'',1,3600,4,'',1,7700,4,'',1,8000,4,'',1,4000,4,'',1,8200,4,'',1,8000,4,'',1,4000,4,'',1,8000,4,'',1,8000,4,'',1,4000,4,'',1,8000,4,'',1,7600,4,'',1,4000,4,'',1,8000,4,'',1,7700,4,'',1,3700,4,'',1,7700,4,'',1,7700,4,'',1,3500,4,'',1,7700,4,'',1,3700,4,'',1
'139.0.81',16501,82200,,'',1,8100,,'',1,3600,,'',1,7600,,'',1,3600,,'',1,7600,,'',1,7600,,'',1,3900,,'',1,8000,,'',1,8000,,'',1,4000,,'',1,8000,,'',1,8000,,'',1,4000,,'',1,8000,,'',1,8000,,'',1,4000,,'',1,7900,,'',1,7900,,'',1,3800,,'',1,7700,,'',1,3700,,'',1,7700,,'',1,7800,,'',1,3700,,'',1
