'130.0.1',201,54230,4,'',1,6020,4,'',1,2180,4,'',1,2020,4,'',1,1100,4,'',1,6100,4,'',1,2100,4,'',1,6590,4,'',1,2100,4,'',1,2500,4,'',1,5900,4,'',1,2300,4,'',1,1260,4,'',1,6100,4,'',1,2100,4,'',1,2200,4,'',1,7300,4,'',1,8900,4,'',1,2900,4,'',1,7900,4,'',1,4100,4,'',1,7700,4,'',1,7400,4,'',1,4530,4,'',1,5500,4,'',1,2200,4,'',1,7500,4,'',1,1800,4,'',1,7500,4,'',1,2500,4,'',1,1820,4,'',1,6500,4,'',1,2000,4,'',1,1860,4,'',1,5600,4,'',1,2600,4,'',1,8400,4,'',1,9010,4,'',1,5300,4,'',1,8810,4,'',1
'130.0.2',201,85150,4,'',1,8660,4,'',1,7400,4,'',1,4200,4,'',1,7800,4,'',1,8200,4,'',1,3800,4,'',1,7890,4,'',1,8300,4,'',1,3900,4,'',1,7900,4,'',1,7900,4,'',1,3900,4,'',1,7900,4,'',1,7900,4,'',1,3900,4,'',1,7700,4,'',1,3430,4,'',1,7690,4,'',1,7300,4,'',1,3700,4,'',1,7210,4,'',1,3600,4,'',1,7600,4,'',1,7220,4,'',1,3600,4,'',1
'130.0.3',201,94620,4,'',1,11100,4,'',1,15100,4,'',1,11580,4,'',1,11800,4,'',1,11500,4,'',1,15500,4,'',1,11500,4,'',1,11500,4,'',1,11500,4,'',1,14730,4,'',1,10700,4,'',1,10320,4,'',1
'130.0.74',201,85150,4,'',1,8660,4,'',1,7400,4,'',1,4200,4,'',1,7800,4,'',1,8200,4,'',1,3800,4,'',1,7890,4,'',1,8300,4,'',1,3900,4,'',1,7900,4,'',1,7900,4,'',1,3900,4,'',1,7900,4,'',1,7900,4,'',1,3900,4,'',1,7700,4,'',1,3430,4,'',1,7690,4,'',1,7300,4,'',1,3700,4,'',1,7210,4,'',1,3600,4,'',1,7600,4,'',1,7220,4,'',1,3600,4,'',1
'130.0.75',201,85150,4,'',1,8660,4,'',1,7400,4,'',1,4200,4,'',1,7800,4,'',1,8200,4,'',1,3800,4,'',1,7890,4,'',1,8300,4,'',1,3900,4,'',1,7900,4,'',1,7900,4,'',1,3900,4,'',1,7900,4,'',1,7900,4,'',1,3900,4,'',1,7700,4,'',1,3430,4,'',1,7690,4,'',1,7300,4,'',1,3700,4,'',1,7210,4,'',1,3600,4,'',1,7600,4,'',1,7220,4,'',1,3600,4,'',1
'130.0.80',201,94620,4,'',1,11100,4,'',1,15100,4,'',1,11580,4,'',1,11800,4,'',1,11500,4,'',1,15500,4,'',1,11500,4,'',1,11500,4,'',1,11500,4,'',1,14730,4,'',1,10700,4,'',1,10320,4,'',1
'130.0.81',201,94620,4,'',1,11100,4,'',1,15100,4,'',1,11580,4,'',1,11800,4,'',1,11500,4,'',1,15500,4,'',1,11500,4,'',1,11500,4,'',1,11500,4,'',1,14730,4,'',1,10700,4,'',1,10320,4,'',1
'130.0.82',201,94620,4,'',1,11100,4,'',1,15100,4,'',1,11580,4,'',1,11800,4,'',1,11500,4,'',1,15500,4,'',1,11500,4,'',1,11500,4,'',1,11500,4,'',1,14730,4,'',1,10700,4,'',1,10320,4,'',1
'130.0.1',500,53210,4,'',1,2200,4,'',1,6200,4,'',1,2200,4,'',1,6200,4,'',1,2430,4,'',1,2200,4,'',1,6670,4,'',1,1930,4,'',1,2200,4,'',1,6200,4,'',1,2200,4,'',1,7200,4,'',1,3200,4,'',1,7200,4,'',1,3200,4,'',1,7200,4,'',1,3200,4,'',1,7200,4,'',1,3200,4,'',1,7200,4,'',1,3200,4,'',1,6570,4,'',1,2300,4,'',1,6100,4,'',1,2300,4,'',1,2300,4,'',1,6200,4,'',1,2300,4,'',1,6300,4,'',1,2300,4,'',1,2030,4,'',1,6300,4,'',1,2300,4,'',1,2800,4,'',1,6800,4,'',1,2800,4,'',1,6800,4,'',1,2670,4,'',1,6800,4,'',1,2300,4,'',1
'130.0.2',500,70640,4,'',1,2800,4,'',1,6800,4,'',1,2800,4,'',1,2800,4,'',1,6800,4,'',1,2800,4,'',1,6800,4,'',1,2800,4,'',1,6800,4,'',1,3000,4,'',1,6800,4,'',1,2800,4,'',1,6800,4,'',1,3000,4,'',1,7000,4,'',1,2900,4,'',1,6900,4,'',1,2900,4,'',1,6900,4,'',1,2900,4,'',1,6900,4,'',1,2900,4,'',1,6700,4,'',1,2600,4,'',1,2600,4,'',1,6700,4,'',1,2470,4,'',1,6500,4,'',1
'130.0.74',500,70640,4,'',1,2800,4,'',1,6800,4,'',1,2800,4,'',1,2800,4,'',1,6800,4,'',1,2800,4,'',1,6800,4,'',1,2800,4,'',1,6800,4,'',1,3000,4,'',1,6800,4,'',1,2800,4,'',1,6800,4,'',1,3000,4,'',1,7000,4,'',1,2900,4,'',1,6900,4,'',1,2900,4,'',1,6900,4,'',1,2900,4,'',1,6900,4,'',1,2900,4,'',1,6700,4,'',1,2600,4,'',1,2600,4,'',1,6700,4,'',1,2470,4,'',1,6500,4,'',1
'130.0.75',500,70640,4,'',1,2800,4,'',1,6800,4,'',1,2800,4,'',1,2800,4,'',1,6800,4,'',1,2800,4,'',1,6800,4,'',1,2800,4,'',1,6800,4,'',1,3000,4,'',1,6800,4,'',1,2800,4,'',1,6800,4,'',1,3000,4,'',1,7000,4,'',1,2900,4,'',1,6900,4,'',1,2900,4,'',1,6900,4,'',1,2900,4,'',1,6900,4,'',1,2900,4,'',1,6700,4,'',1,2600,4,'',1,2600,4,'',1,6700,4,'',1,2470,4,'',1,6500,4,'',1
'130.0.1',2301,60500,4,'',1,10600,4,'',1,11300,4,'',1,10600,4,'',1,61800,4,'',1,7600,4,'',1,9000,4,'',1,9000,4,'',1,4700,4,'',1,8530,4,'',1
'130.0.1',7700,42300,4,'',1,1600,4,'',1,1400,4,'',1,5500,4,'',1,1500,4,'',1,800,4,'',1,1500,4,'',1,5940,4,'',1,1500,4,'',1,1500,4,'',1,1690,4,'',1,300,4,'',1,5500,4,'',1,1500,4,'',1,1780,4,'',1,6290,4,'',1,1500,4,'',1,1200,4,'',1,1500,4,'',1,5500,4,'',1,1200,4,'',1,2000,4,'',1,1400,4,'',1,710,4,'',1,5500,4,'',1,1500,4,'',1,1500,4,'',1,6400,4,'',1,3300,4,'',1,6530,4,'',1,2900,4,'',1,6900,4,'',1,3200,4,'',1,6700,4,'',1,200,4,'',1,2900,4,'',1,2300,4,'',1,5000,4,'',1,2300,4,'',1,2090,4,'',1,400,4,'',1,6300,4,'',1,1800,4,'',1,1400,4,'',1,6200,4,'',1,1800,4,'',1,1800,4,'',1,6100,4,'',1,1800,4,'',1,1010,4,'',1,1800,4,'',1,370,4,'',1,5800,4,'',1,1000,4,'',1,2200,4,'',1,5800,4,'',1,1800,4,'',1,1700,4,'',1,7300,4,'',1,2420,4,'',1,6800,4,'',1,2800,4,'',1,6800,4,'',1,4000,4,'',1,7170,4,'',1,3100,4,'',1,7100,4,'',1,3100,4,'',1,7100,4,'',1,3100,4,'',1,6400,4,'',1
'130.0.2',7700,50340,4,'',1,2900,4,'',1,7400,4,'',1,3400,4,'',1,7400,4,'',1,3590,4,'',1,7400,4,'',1,7680,4,'',1,3400,4,'',1,7400,4,'',1,4000,4,'',1,8890,4,'',1,8000,4,'',1,8530,4,'',1,4000,4,'',1,8000,4,'',1,8000,4,'',1,4000,4,'',1,8000,4,'',1,8000,4,'',1,4000,4,'',1,7510,4,'',1,4000,4,'',1,8000,4,'',1,8000,4,'',1,3370,4,'',1,8000,4,'',1,8000,4,'',1,4000,4,'',1,7730,4,'',1,8000,4,'',1,3860,4,'',1,8200,4,'',1,8200,4,'',1,4200,4,'',1,9200,4,'',1
'130.0.3',7700,84700,4,'',1,9640,4,'',1,9100,4,'',1,9100,4,'',1,9380,4,'',1,9100,4,'',1,9100,4,'',1,5100,4,'',1,9280,4,'',1,9100,4,'',1,9100,4,'',1,9100,4,'',1,9100,4,'',1,9100,4,'',1,5100,4,'',1,8040,4,'',1,9100,4,'',1,8800,4,'',1,4600,4,'',1,8700,4,'',1,8700,4,'',1,8400,4,'',1,9300,4,'',1
'130.0.74',7700,50340,4,'',1,2900,4,'',1,7400,4,'',1,3400,4,'',1,7400,4,'',1,3590,4,'',1,7400,4,'',1,7680,4,'',1,3400,4,'',1,7400,4,'',1,4000,4,'',1,8890,4,'',1,8000,4,'',1,8530,4,'',1,4000,4,'',1,8000,4,'',1,8000,4,'',1,4000,4,'',1,8000,4,'',1,8000,4,'',1,4000,4,'',1,7510,4,'',1,4000,4,'',1,8000,4,'',1,8000,4,'',1,3370,4,'',1,8000,4,'',1,8000,4,'',1,4000,4,'',1,7730,4,'',1,8000,4,'',1,3860,4,'',1,8200,4,'',1,8200,4,'',1,4200,4,'',1,9200,4,'',1
'130.0.75',7700,50340,4,'',1,2900,4,'',1,7400,4,'',1,3400,4,'',1,7400,4,'',1,3590,4,'',1,7400,4,'',1,7680,4,'',1,3400,4,'',1,7400,4,'',1,4000,4,'',1,8890,4,'',1,8000,4,'',1,8530,4,'',1,4000,4,'',1,8000,4,'',1,8000,4,'',1,4000,4,'',1,8000,4,'',1,8000,4,'',1,4000,4,'',1,7510,4,'',1,4000,4,'',1,8000,4,'',1,8000,4,'',1,3370,4,'',1,8000,4,'',1,8000,4,'',1,4000,4,'',1,7730,4,'',1,8000,4,'',1,3860,4,'',1,8200,4,'',1,8200,4,'',1,4200,4,'',1,9200,4,'',1
'130.0.80',7700,84700,4,'',1,9640,4,'',1,9100,4,'',1,9100,4,'',1,9380,4,'',1,9100,4,'',1,9100,4,'',1,5100,4,'',1,9280,4,'',1,9100,4,'',1,9100,4,'',1,9100,4,'',1,9100,4,'',1,9100,4,'',1,5100,4,'',1,8040,4,'',1,9100,4,'',1,8800,4,'',1,4600,4,'',1,8700,4,'',1,8700,4,'',1,8400,4,'',1,9300,4,'',1
'130.0.81',7700,84700,4,'',1,9640,4,'',1,9100,4,'',1,9100,4,'',1,9380,4,'',1,9100,4,'',1,9100,4,'',1,5100,4,'',1,9280,4,'',1,9100,4,'',1,9100,4,'',1,9100,4,'',1,9100,4,'',1,9100,4,'',1,5100,4,'',1,8040,4,'',1,9100,4,'',1,8800,4,'',1,4600,4,'',1,8700,4,'',1,8700,4,'',1,8400,4,'',1,9300,4,'',1
'130.0.82',7700,84700,4,'',1,9640,4,'',1,9100,4,'',1,9100,4,'',1,9380,4,'',1,9100,4,'',1,9100,4,'',1,5100,4,'',1,9280,4,'',1,9100,4,'',1,9100,4,'',1,9100,4,'',1,9100,4,'',1,9100,4,'',1,5100,4,'',1,8040,4,'',1,9100,4,'',1,8800,4,'',1,4600,4,'',1,8700,4,'',1,8700,4,'',1,8400,4,'',1,9300,4,'',1
'130.0.1',8801,53400,4,'',1,6930,4,'',1,2900,4,'',1,6770,4,'',1,1500,4,'',1,2300,4,'',1,1500,4,'',1,6000,4,'',1,1500,4,'',1,1500,4,'',1,5900,4,'',1,1500,4,'',1,900,4,'',1,1500,4,'',1,900,4,'',1,5500,4,'',1,1500,4,'',1,1500,4,'',1,1500,4,'',1,5500,4,'',1,1500,4,'',1,1500,4,'',1,1500,4,'',1,5500,4,'',1,3330,4,'',1,7700,4,'',1,3700,4,'',1,7700,4,'',1,8800,4,'',1,1170,4,'',1,1800,4,'',1,7700,4,'',1,3100,4,'',1,5200,4,'',1,1830,4,'',1,1600,4,'',1,1600,4,'',1,5200,4,'',1,1600,4,'',1,1600,4,'',1,1600,4,'',1,4900,4,'',1,1600,4,'',1,1600,4,'',1,1600,4,'',1,5300,4,'',1,1600,4,'',1,1600,4,'',1,1600,4,'',1,5270,4,'',1,1600,4,'',1,3500,4,'',1,8000,4,'',1,7630,4,'',1,4000,4,'',1
'130.0.2',8801,63800,4,'',1,7400,4,'',1,3400,4,'',1,7400,4,'',1,3800,4,'',1,7500,4,'',1,7400,4,'',1,3400,4,'',1,7600,4,'',1,3700,4,'',1,7600,4,'',1,7600,4,'',1,3800,4,'',1,7730,4,'',1,3600,4,'',1,7600,4,'',1,7800,4,'',1,3600,4,'',1,7400,4,'',1,3200,4,'',1,7600,4,'',1,7600,4,'',1,3270,4,'',1,7500,4,'',1,3600,4,'',1,7600,4,'',1,3000,4,'',1,7000,4,'',1,3200,4,'',1,7200,4,'',1
'130.0.3',8801,83300,4,'',1,7500,4,'',1,3300,4,'',1,7300,4,'',1,3300,4,'',1,7300,4,'',1,3630,4,'',1,7300,4,'',1,7300,4,'',1,2700,4,'',1,2700,4,'',1,6700,4,'',1,2700,4,'',1,6700,4,'',1,2700,4,'',1,6700,4,'',1,2500,4,'',1,6700,4,'',1,2700,4,'',1,2700,4,'',1,6700,4,'',1,2370,4,'',1,6700,4,'',1,2700,4,'',1,6700,4,'',1,2700,4,'',1,2300,4,'',1,6700,4,'',1
'130.0.74',8801,63800,4,'',1,7400,4,'',1,3400,4,'',1,7400,4,'',1,3800,4,'',1,7500,4,'',1,7400,4,'',1,3400,4,'',1,7600,4,'',1,3700,4,'',1,7600,4,'',1,7600,4,'',1,3800,4,'',1,7730,4,'',1,3600,4,'',1,7600,4,'',1,7800,4,'',1,3600,4,'',1,7400,4,'',1,3200,4,'',1,7600,4,'',1,7600,4,'',1,3270,4,'',1,7500,4,'',1,3600,4,'',1,7600,4,'',1,3000,4,'',1,7000,4,'',1,3200,4,'',1,7200,4,'',1
'130.0.75',8801,63800,4,'',1,7400,4,'',1,3400,4,'',1,7400,4,'',1,3800,4,'',1,7500,4,'',1,7400,4,'',1,3400,4,'',1,7600,4,'',1,3700,4,'',1,7600,4,'',1,7600,4,'',1,3800,4,'',1,7730,4,'',1,3600,4,'',1,7600,4,'',1,7800,4,'',1,3600,4,'',1,7400,4,'',1,3200,4,'',1,7600,4,'',1,7600,4,'',1,3270,4,'',1,7500,4,'',1,3600,4,'',1,7600,4,'',1,3000,4,'',1,7000,4,'',1,3200,4,'',1,7200,4,'',1
'130.0.80',8801,83300,4,'',1,7500,4,'',1,3300,4,'',1,7300,4,'',1,3300,4,'',1,7300,4,'',1,3630,4,'',1,7300,4,'',1,7300,4,'',1,2700,4,'',1,2700,4,'',1,6700,4,'',1,2700,4,'',1,6700,4,'',1,2700,4,'',1,6700,4,'',1,2500,4,'',1,6700,4,'',1,2700,4,'',1,2700,4,'',1,6700,4,'',1,2370,4,'',1,6700,4,'',1,2700,4,'',1,6700,4,'',1,2700,4,'',1,2300,4,'',1,6700,4,'',1
'130.0.81',8801,83300,4,'',1,7500,4,'',1,3300,4,'',1,7300,4,'',1,3300,4,'',1,7300,4,'',1,3630,4,'',1,7300,4,'',1,7300,4,'',1,2700,4,'',1,2700,4,'',1,6700,4,'',1,2700,4,'',1,6700,4,'',1,2700,4,'',1,6700,4,'',1,2500,4,'',1,6700,4,'',1,2700,4,'',1,2700,4,'',1,6700,4,'',1,2370,4,'',1,6700,4,'',1,2700,4,'',1,6700,4,'',1,2700,4,'',1,2300,4,'',1,6700,4,'',1
'130.0.82',8801,83300,4,'',1,7500,4,'',1,3300,4,'',1,7300,4,'',1,3300,4,'',1,7300,4,'',1,3630,4,'',1,7300,4,'',1,7300,4,'',1,2700,4,'',1,2700,4,'',1,6700,4,'',1,2700,4,'',1,6700,4,'',1,2700,4,'',1,6700,4,'',1,2500,4,'',1,6700,4,'',1,2700,4,'',1,2700,4,'',1,6700,4,'',1,2370,4,'',1,6700,4,'',1,2700,4,'',1,6700,4,'',1,2700,4,'',1,2300,4,'',1,6700,4,'',1
'130.35024.2',8801,240100,4,'',1,3200,4,'',1,7200,4,'',1,3200,4,'',1,7200,4,'',1,3200,4,'',1,6200,4,'',1
'130.0.1',9101,54900,4,'',1,7300,4,'',1,2500,4,'',1,6550,4,'',1,2200,4,'',1,2100,4,'',1,8490,4,'',1,6600,4,'',1,2600,4,'',1,1710,4,'',1,6600,4,'',1,2600,4,'',1,6600,4,'',1,4100,4,'',1,8600,4,'',1,8400,4,'',1,8500,4,'',1,10460,4,'',1,4000,4,'',1,7300,4,'',1,2400,4,'',1,6400,4,'',1,2400,4,'',1,2400,4,'',1,6400,4,'',1,1710,4,'',1,6500,4,'',1,2500,4,'',1,1730,4,'',1,6400,4,'',1,2400,4,'',1,2300,4,'',1,7800,4,'',1,8370,4,'',1,3900,4,'',1,7500,4,'',1
'130.0.2',9101,75000,4,'',1,9900,4,'',1,9600,4,'',1,9840,4,'',1,9600,4,'',1,10700,4,'',1,10580,4,'',1,10200,4,'',1,9700,4,'',1,10200,4,'',1,10200,4,'',1,10200,4,'',1,10020,4,'',1,9700,4,'',1,9000,4,'',1,9000,4,'',1,8380,4,'',1,8400,4,'',1
'130.0.3',9101,74320,4,'',1,10400,4,'',1,11230,4,'',1,7800,4,'',1,8000,4,'',1,4000,4,'',1,8000,4,'',1,8000,4,'',1,4000,4,'',1,8000,4,'',1,8000,4,'',1,4000,4,'',1,8000,4,'',1,8000,4,'',1,3700,4,'',1,8200,4,'',1,8000,4,'',1,3570,4,'',1,7500,4,'',1,3200,4,'',1,7200,4,'',1,7200,4,'',1,3200,4,'',1,7200,4,'',1,9600,4,'',1,10400,4,'',1
'130.0.74',9101,75000,4,'',1,9900,4,'',1,9600,4,'',1,9840,4,'',1,9600,4,'',1,10700,4,'',1,10580,4,'',1,10200,4,'',1,9700,4,'',1,10200,4,'',1,10200,4,'',1,10200,4,'',1,10020,4,'',1,9700,4,'',1,9000,4,'',1,9000,4,'',1,8380,4,'',1,8400,4,'',1
'130.0.75',9101,75000,4,'',1,9900,4,'',1,9600,4,'',1,9840,4,'',1,9600,4,'',1,10700,4,'',1,10580,4,'',1,10200,4,'',1,9700,4,'',1,10200,4,'',1,10200,4,'',1,10200,4,'',1,10020,4,'',1,9700,4,'',1,9000,4,'',1,9000,4,'',1,8380,4,'',1,8400,4,'',1
'130.0.80',9101,74320,4,'',1,10400,4,'',1,11230,4,'',1,7800,4,'',1,8000,4,'',1,4000,4,'',1,8000,4,'',1,8000,4,'',1,4000,4,'',1,8000,4,'',1,8000,4,'',1,4000,4,'',1,8000,4,'',1,8000,4,'',1,3700,4,'',1,8200,4,'',1,8000,4,'',1,3570,4,'',1,7500,4,'',1,3200,4,'',1,7200,4,'',1,7200,4,'',1,3200,4,'',1,7200,4,'',1,9600,4,'',1,10400,4,'',1
'130.0.81',9101,74320,4,'',1,10400,4,'',1,11230,4,'',1,7800,4,'',1,8000,4,'',1,4000,4,'',1,8000,4,'',1,8000,4,'',1,4000,4,'',1,8000,4,'',1,8000,4,'',1,4000,4,'',1,8000,4,'',1,8000,4,'',1,3700,4,'',1,8200,4,'',1,8000,4,'',1,3570,4,'',1,7500,4,'',1,3200,4,'',1,7200,4,'',1,7200,4,'',1,3200,4,'',1,7200,4,'',1,9600,4,'',1,10400,4,'',1
'130.0.82',9101,74320,4,'',1,10400,4,'',1,11230,4,'',1,7800,4,'',1,8000,4,'',1,4000,4,'',1,8000,4,'',1,8000,4,'',1,4000,4,'',1,8000,4,'',1,8000,4,'',1,4000,4,'',1,8000,4,'',1,8000,4,'',1,3700,4,'',1,8200,4,'',1,8000,4,'',1,3570,4,'',1,7500,4,'',1,3200,4,'',1,7200,4,'',1,7200,4,'',1,3200,4,'',1,7200,4,'',1,9600,4,'',1,10400,4,'',1
'130.0.1',9901,42700,4,'',1,7500,4,'',1,3500,4,'',1,7500,4,'',1,4230,4,'',1,7400,4,'',1,7200,4,'',1,3200,4,'',1,7200,4,'',1,3200,4,'',1,7200,4,'',1,3500,4,'',1,9100,4,'',1,9100,4,'',1,9100,4,'',1,9100,4,'',1,5100,4,'',1,9100,4,'',1,7670,4,'',1,3200,4,'',1,7200,4,'',1,2800,4,'',1,7200,4,'',1,7200,4,'',1,3300,4,'',1,6730,4,'',1,2300,4,'',1,7700,4,'',1,3400,4,'',1,7400,4,'',1
'130.0.2',9901,54900,4,'',1,7900,4,'',1,7900,4,'',1,3900,4,'',1,7900,4,'',1,7900,4,'',1,3900,4,'',1,8400,4,'',1,8330,4,'',1,9000,4,'',1,5000,4,'',1,9170,4,'',1,9000,4,'',1,9000,4,'',1,9000,4,'',1,9000,4,'',1,5000,4,'',1,8630,4,'',1,8500,4,'',1,9500,4,'',1,3470,4,'',1,6300,4,'',1,8700,4,'',1
'130.0.3',9901,55200,4,'',1,8000,4,'',1,8000,4,'',1,4000,4,'',1,8000,4,'',1,8000,4,'',1,4500,4,'',1,8000,4,'',1,8000,4,'',1,4000,4,'',1,8830,4,'',1,8500,4,'',1,8500,4,'',1,8500,4,'',1,4500,4,'',1,8500,4,'',1,8500,4,'',1,8500,4,'',1,4500,4,'',1,8500,4,'',1,8500,4,'',1,3270,4,'',1,7700,4,'',1,8300,4,'',1
'130.0.74',9901,54900,4,'',1,7900,4,'',1,7900,4,'',1,3900,4,'',1,7900,4,'',1,7900,4,'',1,3900,4,'',1,8400,4,'',1,8330,4,'',1,9000,4,'',1,5000,4,'',1,9170,4,'',1,9000,4,'',1,9000,4,'',1,9000,4,'',1,9000,4,'',1,5000,4,'',1,8630,4,'',1,8500,4,'',1,9500,4,'',1,3470,4,'',1,6300,4,'',1,8700,4,'',1
'130.0.75',9901,54900,4,'',1,7900,4,'',1,7900,4,'',1,3900,4,'',1,7900,4,'',1,7900,4,'',1,3900,4,'',1,8400,4,'',1,8330,4,'',1,9000,4,'',1,5000,4,'',1,9170,4,'',1,9000,4,'',1,9000,4,'',1,9000,4,'',1,9000,4,'',1,5000,4,'',1,8630,4,'',1,8500,4,'',1,9500,4,'',1,3470,4,'',1,6300,4,'',1,8700,4,'',1
'130.0.80',9901,55200,4,'',1,8000,4,'',1,8000,4,'',1,4000,4,'',1,8000,4,'',1,8000,4,'',1,4500,4,'',1,8000,4,'',1,8000,4,'',1,4000,4,'',1,8830,4,'',1,8500,4,'',1,8500,4,'',1,8500,4,'',1,4500,4,'',1,8500,4,'',1,8500,4,'',1,8500,4,'',1,4500,4,'',1,8500,4,'',1,8500,4,'',1,3270,4,'',1,7700,4,'',1,8300,4,'',1
'130.0.81',9901,55200,4,'',1,8000,4,'',1,8000,4,'',1,4000,4,'',1,8000,4,'',1,8000,4,'',1,4500,4,'',1,8000,4,'',1,8000,4,'',1,4000,4,'',1,8830,4,'',1,8500,4,'',1,8500,4,'',1,8500,4,'',1,4500,4,'',1,8500,4,'',1,8500,4,'',1,8500,4,'',1,4500,4,'',1,8500,4,'',1,8500,4,'',1,3270,4,'',1,7700,4,'',1,8300,4,'',1
'130.0.82',9901,55200,4,'',1,8000,4,'',1,8000,4,'',1,4000,4,'',1,8000,4,'',1,8000,4,'',1,4500,4,'',1,8000,4,'',1,8000,4,'',1,4000,4,'',1,8830,4,'',1,8500,4,'',1,8500,4,'',1,8500,4,'',1,4500,4,'',1,8500,4,'',1,8500,4,'',1,8500,4,'',1,4500,4,'',1,8500,4,'',1,8500,4,'',1,3270,4,'',1,7700,4,'',1,8300,4,'',1
'130.0.74',76001,83710,4,'',1,6400,4,'',1,2400,4,'',1,2400,4,'',1,6400,4,'',1,2400,4,'',1,6400,4,'',1,2400,4,'',1,2400,4,'',1,6400,4,'',1,2730,4,'',1,6400,4,'',1,2400,4,'',1,2070,4,'',1,6400,4,'',1,2400,4,'',1,6400,4,'',1,2900,4,'',1,2500,4,'',1,6500,4,'',1,2500,4,'',1,6500,4,'',1,2500,4,'',1,6740,4,'',1,2500,4,'',1,2500,4,'',1,6500,4,'',1,2500,4,'',1,5990,4,'',1,2500,4,'',1,2500,4,'',1,6500,4,'',1,2500,4,'',1,6500,4,'',1
'130.0.75',76001,100710,4,'',1,4700,4,'',1,8700,4,'',1,8700,4,'',1,9030,4,'',1,8370,4,'',1,4600,4,'',1,7600,4,'',1,8100,4,'',1,4100,4,'',1,8100,4,'',1,8340,4,'',1,4100,4,'',1,8100,4,'',1,7590,4,'',1,4100,4,'',1,8100,4,'',1,8100,4,'',1
'130.0.81',76001,103340,4,'',1,8200,4,'',1,4200,4,'',1,8200,4,'',1,8200,4,'',1,8290,4,'',1,4200,4,'',1,8200,4,'',1,8200,4,'',1,4200,4,'',1,8200,4,'',1,8200,4,'',1,4200,4,'',1
'130.0.82',76001,103340,4,'',1,8200,4,'',1,4200,4,'',1,8200,4,'',1,8200,4,'',1,8290,4,'',1,4200,4,'',1,8200,4,'',1,8200,4,'',1,4200,4,'',1,8200,4,'',1,8200,4,'',1,4200,4,'',1,8200,4,'',1,8200,4,'',1,7870,4,'',1,5050,4,'',1
'130.32679.1',76001,100100,4,'',1,4600,4,'',1,8600,4,'',1,8600,4,'',1,8600,4,'',1,4600,4,'',1,8600,4,'',1,8700,4,'',1,8810,4,'',1,4700,4,'',1,8700,4,'',1,8700,4,'',1,8110,4,'',1,8700,4,'',1,4700,4,'',1,8700,4,'',1,8420,4,'',1
'130.32679.2',76001,102110,4,'',1,8700,4,'',1,4700,4,'',1,9030,4,'',1,8700,4,'',1,8370,4,'',1,8700,4,'',1,4700,4,'',1,8700,4,'',1,8700,4,'',1,8940,4,'',1,8700,4,'',1,4190,4,'',1,8700,4,'',1,8700,4,'',1,8700,4,'',1
'130.35027.2',76001,102110,4,'',1,8700,4,'',1,4700,4,'',1,9030,4,'',1,8700,4,'',1,8370,4,'',1,3900,4,'',1,7700,4,'',1,8200,4,'',1,4000,4,'',1,8100,4,'',1,8340,4,'',1,4100,4,'',1,8100,4,'',1,7590,4,'',1,4100,4,'',1,8100,4,'',1,8100,4,'',1
'130.0.1',910101,70100,4,'',1,2550,4,'',1,2200,4,'',1,7900,4,'',1,2890,4,'',1,6000,4,'',1,2110,4,'',1,6600,4,'',1,2400,4,'',1,2600,4,'',1,6600,4,'',1,9300,4,'',1,4400,4,'',1,8800,4,'',1,8800,4,'',1,9260,4,'',1,8500,4,'',1,2300,4,'',1,2400,4,'',1,6400,4,'',1,2400,4,'',1,6400,4,'',1,2400,4,'',1,2310,4,'',1,5400,4,'',1,2500,4,'',1,2400,4,'',1,6230,4,'',1,2400,4,'',1,6870,4,'',1,4200,4,'',1,8200,4,'',1,7400,4,'',1,3700,4,'',1
'130.0.2',910101,91520,4,'',1,10620,4,'',1,9600,4,'',1,10470,4,'',1,9810,4,'',1,10200,4,'',1,10600,4,'',1,9800,4,'',1,10200,4,'',1,10200,4,'',1,9820,4,'',1,10100,4,'',1,9060,4,'',1,8400,4,'',1,5000,4,'',1
'130.0.74',910101,91520,4,'',1,10620,4,'',1,9600,4,'',1,10470,4,'',1,9810,4,'',1,10200,4,'',1,10600,4,'',1,9800,4,'',1,10200,4,'',1,10200,4,'',1,9820,4,'',1,10100,4,'',1,9060,4,'',1,8400,4,'',1,5000,4,'',1
'130.0.75',910101,91520,4,'',1,10620,4,'',1,9600,4,'',1,10470,4,'',1,9810,4,'',1,10200,4,'',1,10600,4,'',1,9800,4,'',1,10200,4,'',1,10200,4,'',1,9820,4,'',1,10100,4,'',1,9060,4,'',1,8400,4,'',1,5000,4,'',1
'130.35024.2',910101,233000,4,'',1,7600,4,'',1,3600,4,'',1,7600,4,'',1,3600,4,'',1,7600,4,'',1,7600,4,'',1
'130.0.1',989901,225400,4,'',1,6800,4,'',1,7800,4,'',1,3400,4,'',1,7500,4,'',1,2900,4,'',1,7500,4,'',1,3500,4,'',1
'130.0.2',989901,224900,4,'',1,8200,4,'',1,8400,4,'',1,8700,4,'',1,4430,4,'',1,8700,4,'',1
'130.0.3',989901,230030,4,'',1,4600,4,'',1,8270,4,'',1,8600,4,'',1,4300,4,'',1,8300,4,'',1
'130.0.74',989901,224900,4,'',1,8200,4,'',1,8400,4,'',1,8700,4,'',1,4430,4,'',1,8700,4,'',1
'130.0.75',989901,224900,4,'',1,8200,4,'',1,8400,4,'',1,8700,4,'',1,4430,4,'',1,8700,4,'',1
'130.0.80',989901,230030,4,'',1,4600,4,'',1,8270,4,'',1,8600,4,'',1,4300,4,'',1,8300,4,'',1
'130.0.81',989901,230030,4,'',1,4600,4,'',1,8270,4,'',1,8600,4,'',1,4300,4,'',1,8300,4,'',1
'130.0.82',989901,230030,4,'',1,4600,4,'',1,8270,4,'',1,8600,4,'',1,4300,4,'',1,8300,4,'',1
