'130.0.1',16500,55000,,'',1,7000,,'',1,3000,,'',1,7000,,'',1,3000,,'',1,7000,,'',1,3000,,'',1,7000,,'',1,3000,,'',1,8900,,'',1,8900,,'',1,8900,,'',1,8900,,'',1,19600,,'',1,3800,,'',1,7900,,'',1,3700,,'',1,7800,,'',1,7800,,'',1,3800,,'',1,7800,,'',1,7600,,'',1,3600,,'',1,7600,,'',1,3600,,'',1,7600,,'',1,7200,,'',1,3600,,'',1,7100,,'',1
'130.0.1',16501,54500,4,'',1,8800,4,'',1,7000,4,'',1,3800,4,'',1,7000,4,'',1,3300,4,'',1,7000,4,'',1,2200,4,'',1,7000,4,'',1,3000,4,'',1,7400,4,'',1,9300,4,'',1,5400,4,'',1,9200,4,'',1,8900,4,'',1,17600,4,'',1,3600,4,'',1,7400,4,'',1,7800,4,'',1,3400,4,'',1,7800,4,'',1,3400,4,'',1,8600,4,'',1,7600,4,'',1,3600,4,'',1,7300,4,'',1,3400,4,'',1,7400,4,'',1,3100,4,'',1
'130.0.2',16500,60800,,'',1,3900,,'',1,7500,,'',1,3500,,'',1,7500,,'',1,7500,,'',1,3500,,'',1,7500,,'',1,4100,,'',1,8100,,'',1,8100,,'',1,8100,,'',1,4100,,'',1,8100,,'',1,8100,,'',1,4100,,'',1,8100,,'',1,7700,,'',1,3700,,'',1,7700,,'',1,3700,,'',1,7700,,'',1,7700,,'',1,3700,,'',1,7700,,'',1,3700,,'',1,7700,,'',1,7200,,'',1,3500,,'',1,8100,,'',1
'130.0.2',16501,70300,4,'',1,4300,4,'',1,7500,4,'',1,3800,4,'',1,7500,4,'',1,7500,4,'',1,3600,4,'',1,7400,4,'',1,9000,4,'',1,4100,4,'',1,8100,4,'',1,8100,4,'',1,4100,4,'',1,8100,4,'',1,8400,4,'',1,3700,4,'',1,8200,4,'',1,7400,4,'',1,3300,4,'',1,7700,4,'',1,3700,4,'',1,7700,4,'',1,7700,4,'',1,3700,4,'',1,7700,4,'',1,7500,4,'',1,3400,4,'',1,6600,4,'',1
'130.0.3',16500,74900,,'',1,7500,,'',1,3500,,'',1,7500,,'',1,7500,,'',1,3500,,'',1,7500,,'',1,3500,,'',1,7500,,'',1,7500,,'',1,3500,,'',1,7500,,'',1,3500,,'',1,7500,,'',1,3500,,'',1,7500,,'',1,7500,,'',1,3500,,'',1,7500,,'',1,3400,,'',1,7500,,'',1,3000,,'',1,7300,,'',1,7300,,'',1,3300,,'',1,7300,,'',1,3300,,'',1,7300,,'',1,3300,,'',1,7200,,'',1
'130.0.3',16501,84800,4,'',1,7500,4,'',1,3500,4,'',1,7500,4,'',1,7500,4,'',1,3700,4,'',1,7500,4,'',1,3500,4,'',1,7500,4,'',1,7500,4,'',1,3500,4,'',1,7500,4,'',1,3500,4,'',1,7500,4,'',1,7500,4,'',1,3500,4,'',1,7500,4,'',1,3500,4,'',1,7600,4,'',1,3000,4,'',1,7300,4,'',1,3000,4,'',1,7300,4,'',1,7300,4,'',1,3300,4,'',1,7300,4,'',1,3100,4,'',1,7100,4,'',1
'130.0.74',16500,60800,,'',1,3900,,'',1,7500,,'',1,3500,,'',1,7500,,'',1,7500,,'',1,3500,,'',1,7500,,'',1,4100,,'',1,8100,,'',1,8100,,'',1,8100,,'',1,4100,,'',1,8100,,'',1,8100,,'',1,4100,,'',1,8100,,'',1,7700,,'',1,3700,,'',1,7700,,'',1,3700,,'',1,7700,,'',1,7700,,'',1,3700,,'',1,7700,,'',1,3700,,'',1,7700,,'',1,7200,,'',1,3500,,'',1,8100,,'',1
'130.0.74',16501,70300,4,'',1,4300,4,'',1,7500,4,'',1,3800,4,'',1,7500,4,'',1,7500,4,'',1,3600,4,'',1,7400,4,'',1,9000,4,'',1,4100,4,'',1,8100,4,'',1,8100,4,'',1,4100,4,'',1,8100,4,'',1,8400,4,'',1,3700,4,'',1,8200,4,'',1,7400,4,'',1,3300,4,'',1,7700,4,'',1,3700,4,'',1,7700,4,'',1,7700,4,'',1,3700,4,'',1,7700,4,'',1,7500,4,'',1,3400,4,'',1,6600,4,'',1
'130.0.75',16500,60800,,'',1,3900,,'',1,7500,,'',1,3500,,'',1,7500,,'',1,7500,,'',1,3500,,'',1,7500,,'',1,4100,,'',1,8100,,'',1,8100,,'',1,8100,,'',1,4100,,'',1,8100,,'',1,8100,,'',1,4100,,'',1,8100,,'',1,7700,,'',1,3700,,'',1,7700,,'',1,3700,,'',1,7700,,'',1,7700,,'',1,3700,,'',1,7700,,'',1,3700,,'',1,7700,,'',1,7200,,'',1,3500,,'',1,8100,,'',1
'130.0.75',16501,70300,4,'',1,4300,4,'',1,7500,4,'',1,3800,4,'',1,7500,4,'',1,7500,4,'',1,3600,4,'',1,7400,4,'',1,9000,4,'',1,4100,4,'',1,8100,4,'',1,8100,4,'',1,4100,4,'',1,8100,4,'',1,8400,4,'',1,3700,4,'',1,8200,4,'',1,7400,4,'',1,3300,4,'',1,7700,4,'',1,3700,4,'',1,7700,4,'',1,7700,4,'',1,3700,4,'',1,7700,4,'',1,7500,4,'',1,3400,4,'',1,6600,4,'',1
'130.0.80',16500,74900,,'',1,7500,,'',1,3500,,'',1,7500,,'',1,7500,,'',1,3500,,'',1,7500,,'',1,3500,,'',1,7500,,'',1,7500,,'',1,3500,,'',1,7500,,'',1,3500,,'',1,7500,,'',1,3500,,'',1,7500,,'',1,7500,,'',1,3500,,'',1,7500,,'',1,3400,,'',1,7500,,'',1,3000,,'',1,7300,,'',1,7300,,'',1,3300,,'',1,7300,,'',1,3300,,'',1,7300,,'',1,3300,,'',1,7200,,'',1
'130.0.80',16501,84800,4,'',1,7500,4,'',1,3500,4,'',1,7500,4,'',1,7500,4,'',1,3700,4,'',1,7500,4,'',1,3500,4,'',1,7500,4,'',1,7500,4,'',1,3500,4,'',1,7500,4,'',1,3500,4,'',1,7500,4,'',1,7500,4,'',1,3500,4,'',1,7500,4,'',1,3500,4,'',1,7600,4,'',1,3000,4,'',1,7300,4,'',1,3000,4,'',1,7300,4,'',1,7300,4,'',1,3300,4,'',1,7300,4,'',1,3100,4,'',1,7100,4,'',1
'130.0.81',16500,74900,,'',1,7500,,'',1,3500,,'',1,7500,,'',1,7500,,'',1,3500,,'',1,7500,,'',1,3500,,'',1,7500,,'',1,7500,,'',1,3500,,'',1,7500,,'',1,3500,,'',1,7500,,'',1,3500,,'',1,7500,,'',1,7500,,'',1,3500,,'',1,7500,,'',1,3400,,'',1,7500,,'',1,3000,,'',1,7300,,'',1,7300,,'',1,3300,,'',1,7300,,'',1,3300,,'',1,7300,,'',1,3300,,'',1,7200,,'',1
'130.0.81',16501,84800,4,'',1,7500,4,'',1,3500,4,'',1,7500,4,'',1,7500,4,'',1,3700,4,'',1,7500,4,'',1,3500,4,'',1,7500,4,'',1,7500,4,'',1,3500,4,'',1,7500,4,'',1,3500,4,'',1,7500,4,'',1,7500,4,'',1,3500,4,'',1,7500,4,'',1,3500,4,'',1,7600,4,'',1,3000,4,'',1,7300,4,'',1,3000,4,'',1,7300,4,'',1,7300,4,'',1,3300,4,'',1,7300,4,'',1,3100,4,'',1,7100,4,'',1
'130.0.82',16500,74900,,'',1,7500,,'',1,3500,,'',1,7500,,'',1,7500,,'',1,3500,,'',1,7500,,'',1,3500,,'',1,7500,,'',1,7500,,'',1,3500,,'',1,7500,,'',1,3500,,'',1,7500,,'',1,3500,,'',1,7500,,'',1,7500,,'',1,3500,,'',1,7500,,'',1,3400,,'',1,7500,,'',1,3000,,'',1,7300,,'',1,7300,,'',1,3300,,'',1,7300,,'',1,3300,,'',1,7300,,'',1,3300,,'',1,7200,,'',1
'130.0.82',16501,84800,4,'',1,7500,4,'',1,3500,4,'',1,7500,4,'',1,7500,4,'',1,3700,4,'',1,7500,4,'',1,3500,4,'',1,7500,4,'',1,7500,4,'',1,3500,4,'',1,7500,4,'',1,3500,4,'',1,7500,4,'',1,7500,4,'',1,3500,4,'',1,7500,4,'',1,3500,4,'',1,7600,4,'',1,3000,4,'',1,7300,4,'',1,3000,4,'',1,7300,4,'',1,7300,4,'',1,3300,4,'',1,7300,4,'',1,3100,4,'',1,7100,4,'',1
'130.35024.2',16500,250100,,'',1,3700,,'',1,7700,,'',1,3700,,'',1,6400,,'',1
'130.35024.2',16501,243800,4,'',1,7900,4,'',1,3700,4,'',1,7700,4,'',1,7700,4,'',1
'130.0.1',1650600,60500,,'',1,3000,,'',1,7000,,'',1,3000,,'',1,7000,,'',1,3000,,'',1,7000,,'',1,49500,,'',1,4400,,'',1,7800,,'',1,7800,,'',1,3800,,'',1,7800,,'',1,3800,,'',1,7800,,'',1,7800,,'',1
'130.0.1',1650601,65300,4,'',1,7000,4,'',1,3500,4,'',1,7000,4,'',1,3000,4,'',1,7000,4,'',1,2600,4,'',1,7000,4,'',1,50900,4,'',1,10000,4,'',1,7800,4,'',1,3800,4,'',1,7000,4,'',1,3800,4,'',1,7800,4,'',1
