'130.0.1',7700,44800,,'',1,5500,,'',1,1500,,'',1,1500,,'',1,1500,,'',1,5500,,'',1,1500,,'',1,1500,,'',1,1500,,'',1,5400,,'',1,1500,,'',1,1200,,'',1,1500,,'',1,1500,,'',1,5500,,'',1,2000,,'',1,1400,,'',1,5400,,'',1,1500,,'',1,1500,,'',1,1500,,'',1,6400,,'',1,3000,,'',1,6200,,'',1,2900,,'',1,6900,,'',1,2900,,'',1,2900,,'',1,6900,,'',1,7300,,'',1,2300,,'',1,1800,,'',1,5800,,'',1,1800,,'',1,1400,,'',1,2200,,'',1,5800,,'',1,1800,,'',1,1800,,'',1,5800,,'',1,1800,,'',1,1800,,'',1,5800,,'',1,1800,,'',1,1400,,'',1,2200,,'',1,5800,,'',1,1800,,'',1,1900,,'',1,7300,,'',1,2800,,'',1,6800,,'',1,2800,,'',1,6800,,'',1,4000,,'',1,7600,,'',1,7100,,'',1,3100,,'',1,7100,,'',1,3100,,'',1,7100,,'',1,2400,,'',1
'130.0.1',7701,44300,4,'',1,1500,4,'',1,5500,4,'',1,1400,4,'',1,1600,4,'',1,1300,4,'',1,5400,4,'',1,1500,4,'',1,1500,4,'',1,1500,4,'',1,5600,4,'',1,600,4,'',1,1500,4,'',1,1500,4,'',1,5500,4,'',1,2300,4,'',1,1400,4,'',1,1200,4,'',1,5500,4,'',1,1500,4,'',1,1600,4,'',1,1200,4,'',1,5400,4,'',1,1500,4,'',1,1500,4,'',1,1500,4,'',1,5500,4,'',1,1400,4,'',1,2900,4,'',1,6900,4,'',1,2900,4,'',1,6900,4,'',1,3400,4,'',1,6900,4,'',1,2000,4,'',1,1300,4,'',1,6200,4,'',1,700,4,'',1,2500,4,'',1,5800,4,'',1,1800,4,'',1,1800,4,'',1,1800,4,'',1,5800,4,'',1,1800,4,'',1,1800,4,'',1,5800,4,'',1,1100,4,'',1,1800,4,'',1,1000,4,'',1,1200,4,'',1,5800,4,'',1,1800,4,'',1,1800,4,'',1,5800,4,'',1,1400,4,'',1,1800,4,'',1,1400,4,'',1,5400,4,'',1,2800,4,'',1,6800,4,'',1,2800,4,'',1,6800,4,'',1,2200,4,'',1,3100,4,'',1,7100,4,'',1,3100,4,'',1,6800,4,'',1,3100,4,'',1,6700,4,'',1,3100,4,'',1,6500,4,'',1
'130.0.2',7700,44600,,'',1,7400,,'',1,3400,,'',1,7400,,'',1,7400,,'',1,3400,,'',1,7400,,'',1,3400,,'',1,7400,,'',1,4000,,'',1,8000,,'',1,8000,,'',1,4000,,'',1,8000,,'',1,8000,,'',1,4000,,'',1,8000,,'',1,8000,,'',1,4000,,'',1,8000,,'',1,8000,,'',1,4000,,'',1,8000,,'',1,8000,,'',1,4000,,'',1,8000,,'',1,8000,,'',1,4000,,'',1,8000,,'',1,8000,,'',1,8200,,'',1,4200,,'',1,8200,,'',1,8200,,'',1,5200,,'',1
'130.0.2',7701,44100,4,'',1,7400,4,'',1,3400,4,'',1,6800,4,'',1,3400,4,'',1,7400,4,'',1,8000,4,'',1,3400,4,'',1,7400,4,'',1,3400,4,'',1,7400,4,'',1,3400,4,'',1,7800,4,'',1,9600,4,'',1,8400,4,'',1,4000,4,'',1,8000,4,'',1,7700,4,'',1,4000,4,'',1,8000,4,'',1,8000,4,'',1,4000,4,'',1,8000,4,'',1,8000,4,'',1,3700,4,'',1,8000,4,'',1,8000,4,'',1,4000,4,'',1,7400,4,'',1,8000,4,'',1,3700,4,'',1,8000,4,'',1,4000,4,'',1,14300,4,'',1,4200,4,'',1,8200,4,'',1
'130.0.3',7700,75600,,'',1,9100,,'',1,9100,,'',1,9100,,'',1,9100,,'',1,9100,,'',1,9100,,'',1,5100,,'',1,9100,,'',1,9100,,'',1,9100,,'',1,9100,,'',1,9100,,'',1,5100,,'',1,9100,,'',1,9100,,'',1,9100,,'',1,8800,,'',1,8600,,'',1,4700,,'',1,8700,,'',1,8700,,'',1,9300,,'',1
'130.0.3',7701,75100,4,'',1,9100,4,'',1,9100,4,'',1,8200,4,'',1,9100,4,'',1,9500,4,'',1,5100,4,'',1,9600,4,'',1,9100,4,'',1,9100,4,'',1,9100,4,'',1,9100,4,'',1,9100,4,'',1,5100,4,'',1,9100,4,'',1,8800,4,'',1,9100,4,'',1,9100,4,'',1,8600,4,'',1,4200,4,'',1,8700,4,'',1,8300,4,'',1,8700,4,'',1,4700,4,'',1,8700,4,'',1
'130.0.74',7700,44600,,'',1,7400,,'',1,3400,,'',1,7400,,'',1,7400,,'',1,3400,,'',1,7400,,'',1,3400,,'',1,7400,,'',1,4000,,'',1,8000,,'',1,8000,,'',1,4000,,'',1,8000,,'',1,8000,,'',1,4000,,'',1,8000,,'',1,8000,,'',1,4000,,'',1,8000,,'',1,8000,,'',1,4000,,'',1,8000,,'',1,8000,,'',1,4000,,'',1,8000,,'',1,8000,,'',1,4000,,'',1,8000,,'',1,8000,,'',1,8200,,'',1,4200,,'',1,8200,,'',1,8200,,'',1,5200,,'',1
'130.0.74',7701,44100,4,'',1,7400,4,'',1,3400,4,'',1,6800,4,'',1,3400,4,'',1,7400,4,'',1,8000,4,'',1,3400,4,'',1,7400,4,'',1,3400,4,'',1,7400,4,'',1,3400,4,'',1,7800,4,'',1,9600,4,'',1,8400,4,'',1,4000,4,'',1,8000,4,'',1,7700,4,'',1,4000,4,'',1,8000,4,'',1,8000,4,'',1,4000,4,'',1,8000,4,'',1,8000,4,'',1,3700,4,'',1,8000,4,'',1,8000,4,'',1,4000,4,'',1,7400,4,'',1,8000,4,'',1,3700,4,'',1,8000,4,'',1,4000,4,'',1,14300,4,'',1,4200,4,'',1,8200,4,'',1
'130.0.75',7700,44600,,'',1,7400,,'',1,3400,,'',1,7400,,'',1,7400,,'',1,3400,,'',1,7400,,'',1,3400,,'',1,7400,,'',1,4000,,'',1,8000,,'',1,8000,,'',1,4000,,'',1,8000,,'',1,8000,,'',1,4000,,'',1,8000,,'',1,8000,,'',1,4000,,'',1,8000,,'',1,8000,,'',1,4000,,'',1,8000,,'',1,8000,,'',1,4000,,'',1,8000,,'',1,8000,,'',1,4000,,'',1,8000,,'',1,8000,,'',1,8200,,'',1,4200,,'',1,8200,,'',1,8200,,'',1,5200,,'',1
'130.0.75',7701,44100,4,'',1,7400,4,'',1,3400,4,'',1,6800,4,'',1,3400,4,'',1,7400,4,'',1,8000,4,'',1,3400,4,'',1,7400,4,'',1,3400,4,'',1,7400,4,'',1,3400,4,'',1,7800,4,'',1,9600,4,'',1,8400,4,'',1,4000,4,'',1,8000,4,'',1,7700,4,'',1,4000,4,'',1,8000,4,'',1,8000,4,'',1,4000,4,'',1,8000,4,'',1,8000,4,'',1,3700,4,'',1,8000,4,'',1,8000,4,'',1,4000,4,'',1,7400,4,'',1,8000,4,'',1,3700,4,'',1,8000,4,'',1,4000,4,'',1,14300,4,'',1,4200,4,'',1,8200,4,'',1
'130.0.80',7700,75600,,'',1,9100,,'',1,9100,,'',1,9100,,'',1,9100,,'',1,9100,,'',1,9100,,'',1,5100,,'',1,9100,,'',1,9100,,'',1,9100,,'',1,9100,,'',1,9100,,'',1,5100,,'',1,9100,,'',1,9100,,'',1,9100,,'',1,8800,,'',1,8600,,'',1,4700,,'',1,8700,,'',1,8700,,'',1,9300,,'',1
'130.0.80',7701,75100,4,'',1,9100,4,'',1,9100,4,'',1,8200,4,'',1,9100,4,'',1,9500,4,'',1,5100,4,'',1,9600,4,'',1,9100,4,'',1,9100,4,'',1,9100,4,'',1,9100,4,'',1,9100,4,'',1,5100,4,'',1,9100,4,'',1,8800,4,'',1,9100,4,'',1,9100,4,'',1,8600,4,'',1,4200,4,'',1,8700,4,'',1,8300,4,'',1,8700,4,'',1,4700,4,'',1,8700,4,'',1
'130.0.81',7700,75600,,'',1,9100,,'',1,9100,,'',1,9100,,'',1,9100,,'',1,9100,,'',1,9100,,'',1,5100,,'',1,9100,,'',1,9100,,'',1,9100,,'',1,9100,,'',1,9100,,'',1,5100,,'',1,9100,,'',1,9100,,'',1,9100,,'',1,8800,,'',1,8600,,'',1,4700,,'',1,8700,,'',1,8700,,'',1,9300,,'',1
'130.0.81',7701,75100,4,'',1,9100,4,'',1,9100,4,'',1,8200,4,'',1,9100,4,'',1,9500,4,'',1,5100,4,'',1,9600,4,'',1,9100,4,'',1,9100,4,'',1,9100,4,'',1,9100,4,'',1,9100,4,'',1,5100,4,'',1,9100,4,'',1,8800,4,'',1,9100,4,'',1,9100,4,'',1,8600,4,'',1,4200,4,'',1,8700,4,'',1,8300,4,'',1,8700,4,'',1,4700,4,'',1,8700,4,'',1
'130.0.82',7700,75600,,'',1,9100,,'',1,9100,,'',1,9100,,'',1,9100,,'',1,9100,,'',1,9100,,'',1,5100,,'',1,9100,,'',1,9100,,'',1,9100,,'',1,9100,,'',1,9100,,'',1,5100,,'',1,9100,,'',1,9100,,'',1,9100,,'',1,8800,,'',1,8600,,'',1,4700,,'',1,8700,,'',1,8700,,'',1,9300,,'',1
'130.0.82',7701,75100,4,'',1,9100,4,'',1,9100,4,'',1,8200,4,'',1,9100,4,'',1,9500,4,'',1,5100,4,'',1,9600,4,'',1,9100,4,'',1,9100,4,'',1,9100,4,'',1,9100,4,'',1,9100,4,'',1,5100,4,'',1,9100,4,'',1,8800,4,'',1,9100,4,'',1,9100,4,'',1,8600,4,'',1,4200,4,'',1,8700,4,'',1,8300,4,'',1,8700,4,'',1,4700,4,'',1,8700,4,'',1
'130.35024.2',7701,282000,4,'',1
