'131.0.1',9900,35500,4,'',1,7500,4,'',1,7300,4,'',1,3500,4,'',1,7500,4,'',1,4100,4,'',1,8600,4,'',1,7600,4,'',1,3400,4,'',1,7200,4,'',1,3200,4,'',1,7200,4,'',1,3200,4,'',1,7200,4,'',1,9700,4,'',1,9100,4,'',1,9100,4,'',1,9100,4,'',1,5600,4,'',1,7000,4,'',1,7400,4,'',1,3200,4,'',1,7200,4,'',1,3200,4,'',1,7200,4,'',1,3200,4,'',1,6100,4,'',1,4700,4,'',1
'131.0.1',9901,40000,,'',1,3500,,'',1,7500,,'',1,3500,,'',1,7300,,'',1,3400,,'',1,7200,,'',1,3200,,'',1,7200,,'',1,7200,,'',1,3200,,'',1,7200,,'',1,5100,,'',1,9100,,'',1,9100,,'',1,9100,,'',1,9100,,'',1,9100,,'',1,3200,,'',1,7200,,'',1,3200,,'',1,7200,,'',1,3200,,'',1,7200,,'',1,3300,,'',1,7300,,'',1,2300,,'',1,7700,,'',1,7600,,'',1,3400,,'',1
'131.0.2',9900,51200,4,'',1,3900,4,'',1,7600,4,'',1,7900,4,'',1,3900,4,'',1,8100,4,'',1,7900,4,'',1,3900,4,'',1,7900,4,'',1,8100,4,'',1,5300,4,'',1,9000,4,'',1,9000,4,'',1,9400,4,'',1,9000,4,'',1,9000,4,'',1,9000,4,'',1,5000,4,'',1,8500,4,'',1,9000,4,'',1,8400,4,'',1
'131.0.2',9901,52000,,'',1,3900,,'',1,7900,,'',1,7900,,'',1,3900,,'',1,7900,,'',1,7900,,'',1,3900,,'',1,7900,,'',1,9000,,'',1,9000,,'',1,9000,,'',1,5000,,'',1,9000,,'',1,9000,,'',1,9000,,'',1,9000,,'',1,9000,,'',1,4500,,'',1,9500,,'',1,7800,,'',1,2300,,'',1,8700,,'',1
'131.0.3',9900,51600,4,'',1,4000,4,'',1,7500,4,'',1,8000,4,'',1,4000,4,'',1,8000,4,'',1,8200,4,'',1,4300,4,'',1,8000,4,'',1,8000,4,'',1,4000,4,'',1,8900,4,'',1,8500,4,'',1,8500,4,'',1,8500,4,'',1,4500,4,'',1,8500,4,'',1,8500,4,'',1,8500,4,'',1,4300,4,'',1,8500,4,'',1,8300,4,'',1,4000,4,'',1
'131.0.3',9901,52500,,'',1,8000,,'',1,4000,,'',1,8000,,'',1,8000,,'',1,4000,,'',1,8000,,'',1,8000,,'',1,4000,,'',1,8000,,'',1,8500,,'',1,4500,,'',1,8500,,'',1,8500,,'',1,8500,,'',1,4500,,'',1,8500,,'',1,8500,,'',1,8500,,'',1,4500,,'',1,8500,,'',1,8000,,'',1,3700,,'',1,8300,,'',1
'131.0.80',9900,51600,4,'',1,4000,4,'',1,7500,4,'',1,8000,4,'',1,4000,4,'',1,8000,4,'',1,8200,4,'',1,4300,4,'',1,8000,4,'',1,8000,4,'',1,4000,4,'',1,8900,4,'',1,8500,4,'',1,8500,4,'',1,8500,4,'',1,4500,4,'',1,8500,4,'',1,8500,4,'',1,8500,4,'',1,4300,4,'',1,8500,4,'',1,8300,4,'',1,4000,4,'',1
'131.0.80',9901,52500,,'',1,8000,,'',1,4000,,'',1,8000,,'',1,8000,,'',1,4000,,'',1,8000,,'',1,8000,,'',1,4000,,'',1,8000,,'',1,8500,,'',1,4500,,'',1,8500,,'',1,8500,,'',1,8500,,'',1,4500,,'',1,8500,,'',1,8500,,'',1,8500,,'',1,4500,,'',1,8500,,'',1,8000,,'',1,3700,,'',1,8300,,'',1
'131.0.81',9900,51600,4,'',1,4000,4,'',1,7500,4,'',1,8000,4,'',1,4000,4,'',1,8000,4,'',1,8200,4,'',1,4300,4,'',1,8000,4,'',1,8000,4,'',1,4000,4,'',1,8900,4,'',1,8500,4,'',1,8500,4,'',1,8500,4,'',1,4500,4,'',1,8500,4,'',1,8500,4,'',1,8500,4,'',1,4300,4,'',1,8500,4,'',1,8300,4,'',1,4000,4,'',1
'131.0.81',9901,52500,,'',1,8000,,'',1,4000,,'',1,8000,,'',1,8000,,'',1,4000,,'',1,8000,,'',1,8000,,'',1,4000,,'',1,8000,,'',1,8500,,'',1,4500,,'',1,8500,,'',1,8500,,'',1,8500,,'',1,4500,,'',1,8500,,'',1,8500,,'',1,8500,,'',1,4500,,'',1,8500,,'',1,8000,,'',1,3700,,'',1,8300,,'',1
