'138.0.1',9100,55600,,'',1,6200,,'',1,2200,,'',1,6400,,'',1,2800,,'',1,2400,,'',1,6600,,'',1,2600,,'',1,6600,,'',1,2900,,'',1,7500,,'',1,8800,,'',1,4200,,'',1,8600,,'',1,8600,,'',1,3500,,'',1,6400,,'',1,2400,,'',1,6400,,'',1,2400,,'',1,2400,,'',1,6400,,'',1,2400,,'',1,6400,,'',1,2400,,'',1,2400,,'',1,6400,,'',1,2400,,'',1,7300,,'',1,4200,,'',1,8200,,'',1,8200,,'',1,8000,,'',1,4000,,'',1,8000,,'',1,8000,,'',1
'138.0.1',9101,55100,4,'',1,7300,4,'',1,2200,4,'',1,6600,4,'',1,2300,4,'',1,6700,4,'',1,3600,4,'',1,6600,4,'',1,2600,4,'',1,1700,4,'',1,6600,4,'',1,8800,4,'',1,4100,4,'',1,8600,4,'',1,8600,4,'',1,8600,4,'',1,5900,4,'',1,6600,4,'',1,2400,4,'',1,6400,4,'',1,2400,4,'',1,2200,4,'',1,6400,4,'',1,2400,4,'',1,6400,4,'',1,2000,4,'',1,2400,4,'',1,6400,4,'',1,2900,4,'',1,8200,4,'',1,8200,4,'',1,4200,4,'',1,7800,4,'',1,8000,4,'',1,4000,4,'',1
'138.0.2',9100,64500,,'',1,9600,,'',1,9600,,'',1,9600,,'',1,9600,,'',1,10200,,'',1,10200,,'',1,10200,,'',1,10200,,'',1,10200,,'',1,10200,,'',1,10200,,'',1,10200,,'',1,10200,,'',1,9000,,'',1,9000,,'',1,9000,,'',1,9000,,'',1
'138.0.2',9101,75200,4,'',1,9900,4,'',1,9600,4,'',1,9900,4,'',1,9600,4,'',1,10700,4,'',1,10600,4,'',1,10200,4,'',1,9700,4,'',1,10200,4,'',1,10200,4,'',1,14200,4,'',1,10000,4,'',1,5700,4,'',1,9000,4,'',1,9000,4,'',1,8300,4,'',1,8400,4,'',1
'138.0.3',9100,65000,,'',1,10900,,'',1,8300,,'',1,8300,,'',1,8300,,'',1,4300,,'',1,8300,,'',1,8300,,'',1,8300,,'',1,4300,,'',1,8300,,'',1,8300,,'',1,4300,,'',1,8300,,'',1,8300,,'',1,8300,,'',1,4300,,'',1,7700,,'',1,3700,,'',1,7700,,'',1,7700,,'',1,3700,,'',1,7700,,'',1,9600,,'',1,9600,,'',1
'138.0.3',9101,75000,4,'',1,15600,4,'',1,5100,4,'',1,8300,4,'',1,8300,4,'',1,8300,4,'',1,4300,4,'',1,8600,4,'',1,8300,4,'',1,8300,4,'',1,4300,4,'',1,8300,4,'',1,8300,4,'',1,4300,4,'',1,8300,4,'',1,7900,4,'',1,3600,4,'',1,7700,4,'',1,7700,4,'',1,3700,4,'',1,7700,4,'',1,3700,4,'',1,6700,4,'',1,8900,4,'',1,9600,4,'',1
'138.0.74',9100,64500,,'',1,9600,,'',1,9600,,'',1,9600,,'',1,9600,,'',1,10200,,'',1,10200,,'',1,10200,,'',1,10200,,'',1,10200,,'',1,10200,,'',1,10200,,'',1,10200,,'',1,10200,,'',1,9000,,'',1,9000,,'',1,9000,,'',1,9000,,'',1
'138.0.74',9101,75200,4,'',1,9900,4,'',1,9600,4,'',1,9900,4,'',1,9600,4,'',1,10700,4,'',1,10600,4,'',1,10200,4,'',1,9700,4,'',1,10200,4,'',1,10200,4,'',1,14200,4,'',1,10000,4,'',1,5700,4,'',1,9000,4,'',1,9000,4,'',1,8300,4,'',1,8400,4,'',1
'138.0.75',9100,64500,,'',1,9600,,'',1,9600,,'',1,9600,,'',1,9600,,'',1,10200,,'',1,10200,,'',1,10200,,'',1,10200,,'',1,10200,,'',1,10200,,'',1,10200,,'',1,10200,,'',1,10200,,'',1,9000,,'',1,9000,,'',1,9000,,'',1,9000,,'',1
'138.0.75',9101,75200,4,'',1,9900,4,'',1,9600,4,'',1,9900,4,'',1,9600,4,'',1,10700,4,'',1,10600,4,'',1,10200,4,'',1,9700,4,'',1,10200,4,'',1,10200,4,'',1,14200,4,'',1,10000,4,'',1,5700,4,'',1,9000,4,'',1,9000,4,'',1,8300,4,'',1,8400,4,'',1
'138.0.80',9100,65000,,'',1,10900,,'',1,8300,,'',1,8300,,'',1,8300,,'',1,4300,,'',1,8300,,'',1,8300,,'',1,8300,,'',1,4300,,'',1,8300,,'',1,8300,,'',1,4300,,'',1,8300,,'',1,8300,,'',1,8300,,'',1,4300,,'',1,7700,,'',1,3700,,'',1,7700,,'',1,7700,,'',1,3700,,'',1,7700,,'',1,9600,,'',1,9600,,'',1
'138.0.80',9101,75000,4,'',1,15600,4,'',1,5100,4,'',1,8300,4,'',1,8300,4,'',1,8300,4,'',1,4300,4,'',1,8600,4,'',1,8300,4,'',1,8300,4,'',1,4300,4,'',1,8300,4,'',1,8300,4,'',1,4300,4,'',1,8300,4,'',1,7900,4,'',1,3600,4,'',1,7700,4,'',1,7700,4,'',1,3700,4,'',1,7700,4,'',1,3700,4,'',1,6700,4,'',1,8900,4,'',1,9600,4,'',1
'138.35070.3',9100,251400,,'',1,9600,,'',1,10700,,'',1
'138.35070.3',9101,260400,4,'',1,9600,4,'',1
'138.0.1',9901,162900,4,'',1
'138.0.1',910100,54500,,'',1,6200,,'',1,2200,,'',1,2200,,'',1,6600,,'',1,2700,,'',1,6700,,'',1,2400,,'',1,6600,,'',1,2600,,'',1,2600,,'',1,8600,,'',1,8600,,'',1,8600,,'',1,4600,,'',1,8600,,'',1,6200,,'',1,2600,,'',1,2400,,'',1,6600,,'',1,2200,,'',1,6400,,'',1,2400,,'',1,2100,,'',1,6700,,'',1,2400,,'',1,6400,,'',1,2400,,'',1,2400,,'',1,8200,,'',1,8200,,'',1,8200,,'',1,4100,,'',1,8000,,'',1,8000,,'',1,4000,,'',1,8000,,'',1
'138.0.1',910101,65900,4,'',1,6800,4,'',1,2400,4,'',1,7300,4,'',1,3100,4,'',1,6000,4,'',1,2300,4,'',1,6400,4,'',1,2400,4,'',1,9300,4,'',1,8600,4,'',1,4600,4,'',1,8600,4,'',1,8600,4,'',1,9300,4,'',1,1900,4,'',1,2400,4,'',1,6400,4,'',1,2400,4,'',1,6400,4,'',1,2400,4,'',1,2400,4,'',1,6400,4,'',1,2100,4,'',1,6600,4,'',1,1500,4,'',1,8400,4,'',1,4200,4,'',1,8000,4,'',1,8300,4,'',1,3600,4,'',1,8000,4,'',1,8000,4,'',1
'138.0.2',910100,80900,,'',1,9600,,'',1,9600,,'',1,5600,,'',1,14500,,'',1,10200,,'',1,10200,,'',1,10200,,'',1,10200,,'',1,10200,,'',1,10200,,'',1,10100,,'',1,10300,,'',1,8400,,'',1,5000,,'',1
'138.0.2',910101,91700,4,'',1,10700,4,'',1,9600,4,'',1,10500,4,'',1,9800,4,'',1,10200,4,'',1,10600,4,'',1,9800,4,'',1,10200,4,'',1,10200,4,'',1,9800,4,'',1,10100,4,'',1,9000,4,'',1,8400,4,'',1,5000,4,'',1
'138.0.74',910100,80900,,'',1,9600,,'',1,9600,,'',1,5600,,'',1,14500,,'',1,10200,,'',1,10200,,'',1,10200,,'',1,10200,,'',1,10200,,'',1,10200,,'',1,10100,,'',1,10300,,'',1,8400,,'',1,5000,,'',1
'138.0.74',910101,91700,4,'',1,10700,4,'',1,9600,4,'',1,10500,4,'',1,9800,4,'',1,10200,4,'',1,10600,4,'',1,9800,4,'',1,10200,4,'',1,10200,4,'',1,9800,4,'',1,10100,4,'',1,9000,4,'',1,8400,4,'',1,5000,4,'',1
'138.0.75',910100,80900,,'',1,9600,,'',1,9600,,'',1,5600,,'',1,14500,,'',1,10200,,'',1,10200,,'',1,10200,,'',1,10200,,'',1,10200,,'',1,10200,,'',1,10100,,'',1,10300,,'',1,8400,,'',1,5000,,'',1
'138.0.75',910101,91700,4,'',1,10700,4,'',1,9600,4,'',1,10500,4,'',1,9800,4,'',1,10200,4,'',1,10600,4,'',1,9800,4,'',1,10200,4,'',1,10200,4,'',1,9800,4,'',1,10100,4,'',1,9000,4,'',1,8400,4,'',1,5000,4,'',1
'138.0.1',910501,73900,4,'',1,6700,4,'',1,2000,4,'',1
'138.0.1',980500,165500,,'',1
