'131.0.1',3201,55600,,'',1,15000,,'',1,4400,,'',1,6800,,'',1,59800,,'',1,3500,,'',1,7700,,'',1,11200,,'',1,11000,,'',1,10900,,'',1
'131.0.1',3300,60000,,'',1,10800,,'',1,10800,,'',1,10800,,'',1,10800,,'',1,10800,,'',1,10800,,'',1,10800,,'',1,14900,,'',1,11300,,'',1,10900,,'',1,11000,,'',1,10500,,'',1
'131.0.1',3301,62800,4,'',1,10800,4,'',1,10800,4,'',1,10800,4,'',1,14800,4,'',1,10800,4,'',1,10800,4,'',1,10800,4,'',1,11100,4,'',1,11300,4,'',1,10900,4,'',1,14800,4,'',1,10500,4,'',1
'131.0.2',3300,60000,,'',1,3300,,'',1,7300,,'',1,3300,,'',1,7300,,'',1,3300,,'',1,7300,,'',1,3300,,'',1,7300,,'',1,3300,,'',1,7300,,'',1,7300,,'',1,3300,,'',1,7300,,'',1,3300,,'',1,7300,,'',1,3300,,'',1,7300,,'',1,3300,,'',1,7300,,'',1,7300,,'',1,3300,,'',1,7300,,'',1,3300,,'',1,7300,,'',1,3300,,'',1
'131.0.2',3301,62800,4,'',1,7300,4,'',1,3300,4,'',1,7300,4,'',1,3300,4,'',1,7300,4,'',1,3300,4,'',1,7300,4,'',1,3300,4,'',1,7300,4,'',1,3300,4,'',1,7300,4,'',1,7300,4,'',1,3300,4,'',1,7300,4,'',1,3300,4,'',1,7300,4,'',1,3300,4,'',1,7300,4,'',1,3300,4,'',1,7300,4,'',1,7300,4,'',1,3300,4,'',1,7300,4,'',1,3300,4,'',1,7300,4,'',1
'131.27118.1',43200,81000,4,'',1
'131.27118.1',43201,150000,,'',1
'131.24611.1',43400,73600,,'',1
'131.0.1',330100,63400,,'',1,10800,,'',1,10800,,'',1,10800,,'',1,14800,,'',1,10800,,'',1,10800,,'',1,10800,,'',1,11300,,'',1,11000,,'',1,15000,,'',1,10700,,'',1,10500,,'',1
'131.0.1',330101,70300,4,'',1,10800,4,'',1,10800,4,'',1,10800,4,'',1,10800,4,'',1,10800,4,'',1,10800,4,'',1,14900,4,'',1,11300,4,'',1,10900,4,'',1,11000,4,'',1,10500,4,'',1,10500,4,'',1
