100,4453,1,0
100,2351,2,0
100,1029,3,0
100,4255,4,0
100,4257,5,0
100,4256,6,0
100,4922,7,0
100,6632,8,0
100,9724,9,0
100,4161,10,0
100,6145,11,0
100,6636,12,0
100,4162,13,0
100,6637,14,0
100,6634,15,0
100,6638,16,0
100,6788,17,0
100,4163,18,0
100,3217,19,0
100,6790,20,0
100,6792,21,0
100,4164,22,0
100,6488,23,0
100,9865,24,0
100,4166,25,0
100,4167,26,0
100,9867,27,0
100,9869,28,0
100,9884,29,0
100,9861,30,0
100,4177,31,0
100,9749,32,0
100,4178,33,0
100,9751,34,0
100,4179,35,0
100,4180,36,0
100,9833,37,0
100,4182,38,0
100,9753,39,0
100,4712,40,0
100,4719,41,0
100,9755,42,0
100,4718,43,0
100,4711,44,0
100,6652,45,0
100,5095,46,0
100,5626,47,0
100,6575,48,0
100,5625,49,0
100,6656,50,0
100,6813,51,0
100,6677,52,0
100,7287,53,1
101,7287,1,0
101,6592,2,0
101,6593,3,0
101,6554,4,0
101,6678,5,0
101,5480,6,0
101,5296,7,0
101,1546,8,0
101,1548,9,0
101,5622,10,0
101,5624,11,0
101,6594,12,0
101,5627,13,0
101,5628,14,0
101,1555,15,0
101,1561,16,0
101,6155,17,0
101,4697,18,0
101,9756,19,0
101,4699,20,0
101,4700,21,0
101,9754,22,0
101,4701,23,0
101,9834,24,0
101,4703,25,0
101,4704,26,0
101,9752,27,0
101,4717,28,0
101,9750,29,0
101,4394,30,0
101,9862,31,0
101,9885,32,0
101,9870,33,0
101,9868,34,0
101,4727,35,0
101,9866,36,0
101,1549,37,0
101,4298,38,0
101,6793,39,0
101,6791,40,0
101,4715,41,0
101,6789,42,0
101,6639,43,0
101,6635,44,0
101,6640,45,0
101,6641,46,0
101,6146,47,0
101,4299,48,0
101,9725,49,0
101,4920,50,0
101,4332,51,0
101,4669,52,0
101,4361,53,0
101,4339,54,0
101,5054,55,0
101,5299,56,0
101,4453,57,1
200,2332,1,0
200,4915,2,0
200,2338,3,0
200,5055,4,0
200,4916,5,0
200,2339,6,0
200,9770,7,0
200,2340,8,0
200,1031,9,0
200,1033,10,0
200,1035,11,0
200,1037,12,0
200,1039,13,0
200,1041,14,0
200,1043,15,0
200,5873,16,0
200,1045,17,0
200,1047,18,0
200,1049,19,0
200,1051,20,0
200,1053,21,0
200,1055,22,0
200,1057,23,0
200,1059,24,0
200,1061,25,0
200,1064,26,0
200,1066,27,0
200,1068,28,0
200,1070,29,0
200,1072,30,0
200,1074,31,0
200,5189,32,0
200,1076,33,0
200,1078,34,0
200,1080,35,0
200,1082,36,0
200,1084,37,0
200,1086,38,0
200,1088,39,0
200,1090,40,0
200,1092,41,0
200,1094,42,0
200,1096,43,0
200,1098,44,0
200,1100,45,0
200,1102,46,0
200,1104,47,0
200,1106,48,0
200,1108,49,0
200,1110,50,0
200,1111,51,0
200,1113,52,0
200,1115,53,0
200,1117,54,0
200,1119,55,0
200,1121,56,0
200,1123,57,0
200,1125,58,0
200,1127,59,0
200,1228,60,0
200,1230,61,0
200,1232,62,0
200,1234,63,0
200,1236,64,0
200,5771,65,0
200,5772,66,0
200,5773,67,0
200,5774,68,0
200,5775,69,0
200,5776,70,0
200,1238,71,0
200,1240,72,0
200,3117,73,0
200,3118,74,0
200,3119,75,0
200,1508,76,0
200,1510,77,0
200,1512,78,0
200,1514,79,0
200,1516,80,0
200,1518,81,0
200,1520,82,0
200,1522,83,0
200,1524,84,0
200,1526,85,0
200,1528,86,0
200,5283,87,0
200,1530,88,0
200,1544,89,0
200,5550,90,0
200,6233,91,0
200,5618,92,0
200,5481,93,0
200,5482,94,0
200,6676,95,0
200,6677,96,0
200,7287,97,0
200,6592,98,0
200,6593,99,0
200,6554,100,0
200,6678,101,1
201,7287,1,0
201,6592,2,0
201,6593,3,0
201,6554,4,0
201,6678,5,0
201,1567,6,0
201,1569,7,0
201,1575,8,0
201,5284,9,0
201,4789,10,0
201,1577,11,0
201,1579,12,0
201,1587,13,0
201,1589,14,0
201,6091,15,0
201,1591,16,0
201,1593,17,0
201,1595,18,0
201,1597,19,0
201,1599,20,0
201,3139,21,0
201,3140,22,0
201,3141,23,0
201,3142,24,0
201,1242,25,0
201,1240,26,0
201,5760,27,0
201,5761,28,0
201,5762,29,0
201,5763,30,0
201,5764,31,0
201,1262,32,0
201,1264,33,0
201,7249,34,0
201,1266,35,0
201,5975,36,0
201,1244,37,0
201,1246,38,0
201,1248,39,0
201,1250,40,0
201,1252,41,0
201,1254,42,0
201,1256,43,0
201,1258,44,0
201,5771,45,0
201,5772,46,0
201,5773,47,0
201,5774,48,0
201,5775,49,0
201,5776,50,0
201,6116,51,0
201,6117,52,0
201,1272,53,0
201,1274,54,0
201,1276,55,0
201,1278,56,0
201,1280,57,0
201,1282,58,0
201,1284,59,0
201,1286,60,0
201,1288,61,0
201,1289,62,0
201,1291,63,0
201,1293,64,0
201,1295,65,0
201,1297,66,0
201,1299,67,0
201,1301,68,0
201,1303,69,0
201,1305,70,0
201,1307,71,0
201,1309,72,0
201,1311,73,0
201,1313,74,0
201,1315,75,0
201,1317,76,0
201,1319,77,0
201,1321,78,0
201,1323,79,0
201,1325,80,0
201,1327,81,0
201,1329,82,0
201,1331,83,0
201,1333,84,0
201,1335,85,0
201,1337,86,0
201,5129,87,0
201,1338,88,0
201,1339,89,0
201,1341,90,0
201,1343,91,0
201,1345,92,0
201,1347,93,0
201,1349,94,0
201,1351,95,0
201,1353,96,0
201,1355,97,0
201,5874,98,0
201,1357,99,0
201,1359,100,0
201,1361,101,0
201,1363,102,0
201,1365,103,0
201,1367,104,0
201,1369,105,0
201,1371,106,0
201,9817,107,0
201,5314,108,0
201,5315,109,0
201,5316,110,0
201,6169,111,0
201,5317,112,0
201,5318,113,0
201,2332,114,1
300,7195,1,0
300,3694,2,0
300,3696,3,0
300,3698,4,0
300,3700,5,0
300,3702,6,0
300,3704,7,0
300,3705,8,0
300,3706,9,0
300,3707,10,0
300,3708,11,0
300,3710,12,0
300,3364,13,0
300,3366,14,0
300,3368,15,0
300,3370,16,0
300,3372,17,0
300,3374,18,0
300,4027,19,0
300,4046,20,0
300,3376,21,0
300,3378,22,0
300,3380,23,0
300,3382,24,0
300,3322,25,0
300,3324,26,0
300,3326,27,0
300,3328,28,0
300,3330,29,0
300,6755,30,0
300,4034,31,0
300,4035,32,0
300,4036,33,0
300,4037,34,0
300,4039,35,0
300,9775,36,0
300,3384,37,0
300,3386,38,0
300,3388,39,0
300,3389,40,0
300,3391,41,0
300,3393,42,0
300,3395,43,0
300,3397,44,0
300,5337,45,0
300,1349,46,0
300,2895,47,0
300,2896,48,0
300,5330,49,0
300,4894,50,0
300,3399,51,0
300,3401,52,0
300,3403,53,0
300,3405,54,0
300,3407,55,0
300,3409,56,0
300,3411,57,0
300,3413,58,0
300,3415,59,0
300,6364,60,0
300,3417,61,0
300,7344,62,0
300,1929,63,0
300,1930,64,0
300,1931,65,0
300,1932,66,0
300,1933,67,0
300,4289,68,0
300,3421,69,0
300,3423,70,0
300,3425,71,0
300,3427,72,1
301,4289,1,0
301,1936,2,0
301,1937,3,0
301,3421,4,0
301,3423,5,0
301,3425,6,0
301,3427,7,0
301,3429,8,0
301,3431,9,0
301,3433,10,0
301,3435,11,0
301,3437,12,0
301,3439,13,0
301,1939,14,0
301,1940,15,0
301,1941,16,0
301,4884,17,0
301,5331,18,0
301,4919,19,0
301,4885,20,0
301,4886,21,0
301,4887,22,0
301,4888,23,0
301,4889,24,0
301,4890,25,0
301,4891,26,0
301,4892,27,0
301,4893,28,0
301,4895,29,0
301,2883,30,0
301,5337,31,0
301,1349,32,0
301,2895,33,0
301,4896,34,0
301,4897,35,0
301,4898,36,0
301,4899,37,0
301,4900,38,0
301,4901,39,0
301,4902,40,0
301,9774,41,0
301,4040,42,0
301,4041,43,0
301,4042,44,0
301,4043,45,0
301,4044,46,0
301,3342,47,0
301,3344,48,0
301,3345,49,0
301,3347,50,0
301,3348,51,0
301,3350,52,0
301,3352,53,0
301,4026,54,0
301,5336,55,0
301,3354,56,0
301,3356,57,0
301,3358,58,0
301,3360,59,0
301,3362,60,0
301,3605,61,0
301,3607,62,0
301,3611,63,0
301,3613,64,0
301,3615,65,0
301,3617,66,0
301,3619,67,0
301,3621,68,0
301,7240,69,0
301,7241,70,0
301,7195,71,1
400,3319,1,0
400,3824,2,0
400,6696,3,0
400,5946,4,0
400,5954,5,0
400,5955,6,0
400,5956,7,0
400,5957,8,0
400,2934,9,0
400,2935,10,0
400,2945,11,0
400,2946,12,0
400,2947,13,0
400,4796,14,0
400,2948,15,0
400,2949,16,0
400,2950,17,0
400,5261,18,0
400,5262,19,0
400,2951,20,0
400,6096,21,0
400,6185,22,0
400,2952,23,0
400,2953,24,0
400,2960,25,0
400,2961,26,0
400,2962,27,0
400,2963,28,0
400,2964,29,0
400,2965,30,0
400,2966,31,0
400,4265,32,0
400,2968,33,0
400,2969,34,0
400,6605,35,0
400,2970,36,0
400,5045,37,0
400,5046,38,0
400,5047,39,0
400,5048,40,0
400,5049,41,0
400,6334,42,0
400,5050,43,0
400,1678,44,0
400,1680,45,0
400,1664,46,0
400,1666,47,0
400,1668,48,0
400,1670,49,0
400,1672,50,0
400,1674,51,0
400,3207,52,0
400,3208,53,0
400,3209,54,1
401,3209,1,0
401,3210,2,0
401,1622,3,0
401,1624,4,0
401,1616,5,0
401,6654,6,0
401,5934,7,0
401,4795,8,0
401,6333,9,0
401,1682,10,0
401,1686,11,0
401,1688,12,0
401,1691,13,0
401,1693,14,0
401,1695,15,0
401,1697,16,0
401,1699,17,0
401,1701,18,0
401,1703,19,0
401,1705,20,0
401,1707,21,0
401,4950,22,0
401,1709,23,0
401,1711,24,0
401,1713,25,0
401,1715,26,0
401,1717,27,0
401,6341,28,0
401,6095,29,0
401,1719,30,0
401,5260,31,0
401,1721,32,0
401,1723,33,0
401,1725,34,0
401,1727,35,0
401,1729,36,0
401,1731,37,0
401,2937,38,0
401,1735,39,0
401,4911,40,0
401,4913,41,0
401,5953,42,0
401,7285,43,0
401,5947,44,0
401,6697,45,0
401,3841,46,0
401,3842,47,0
401,3319,48,1
500,1400,1,0
500,1402,2,0
500,1404,3,0
500,1406,4,0
500,1408,5,0
500,1410,6,0
500,5313,7,0
500,1414,8,0
500,1416,9,0
500,1420,10,0
500,1422,11,0
500,1424,12,0
500,1426,13,0
500,1428,14,0
500,1430,15,0
500,2318,16,0
500,2319,17,0
500,9817,18,0
500,5314,19,0
500,5315,20,0
500,5316,21,0
500,6169,22,0
500,5317,23,0
500,5318,24,0
500,2333,25,1
501,2333,1,0
501,4915,2,0
501,2338,3,0
501,5055,4,0
501,4916,5,0
501,2339,6,0
501,9770,7,0
501,2340,8,0
501,1373,9,0
501,1375,10,0
501,1377,11,0
501,1378,12,0
501,1380,13,0
501,1382,14,0
501,1384,15,0
501,1386,16,0
501,5312,17,0
501,1388,18,0
501,1390,19,0
501,1392,20,0
501,1394,21,0
501,1396,22,0
501,1398,23,0
501,1663,24,0
501,1460,25,0
501,1462,26,0
501,1464,27,0
501,1665,28,0
501,1669,29,0
501,1671,30,0
501,1673,31,0
501,1677,32,0
501,1679,33,0
501,1681,34,0
501,1683,35,0
501,1685,36,0
501,1400,37,1
700,4944,1,0
700,4945,2,0
700,4487,3,0
700,4494,4,0
700,4485,5,0
700,4486,6,0
700,6951,7,0
700,4482,8,0
700,4481,9,0
700,4479,10,0
700,4478,11,0
700,5118,12,0
700,6307,13,0
700,4480,14,0
700,5265,15,0
700,5266,16,0
700,5267,17,0
700,5268,18,0
700,5269,19,0
700,6270,20,0
700,3441,21,0
700,3504,22,0
700,3506,23,0
700,3509,24,0
700,3511,25,0
700,3515,26,0
700,3517,27,0
700,3519,28,0
700,3521,29,0
700,3523,30,0
700,3525,31,0
700,3527,32,0
700,3529,33,0
700,3472,34,0
700,3473,35,0
700,3474,36,0
700,3475,37,0
700,3476,38,0
700,3531,39,0
700,3533,40,0
700,3535,41,0
700,3537,42,0
700,5945,43,0
700,5115,44,0
700,6475,45,0
700,3479,46,0
700,3480,47,0
700,3481,48,0
700,3482,49,0
700,3483,50,0
700,5187,51,0
700,5277,52,0
700,4918,53,0
700,3484,54,0
700,3485,55,0
700,3486,56,0
700,4411,57,1
701,4411,1,0
701,3375,2,0
701,3377,3,0
701,3379,4,0
701,5844,5,0
701,6367,6,0
701,5824,7,0
701,7109,8,0
701,3541,9,0
701,3543,10,0
701,3545,11,0
701,3548,12,0
701,6476,13,0
701,6370,14,0
701,6371,15,0
701,6372,16,0
701,6374,17,0
701,3550,18,0
701,3552,19,0
701,3487,20,0
701,3488,21,0
701,3489,22,0
701,3490,23,0
701,3554,24,0
701,3556,25,0
701,3558,26,0
701,3560,27,0
701,3562,28,0
701,3564,29,0
701,3566,30,0
701,6978,31,0
701,3568,32,0
701,6271,33,0
701,5270,34,0
701,4493,35,0
701,4492,36,0
701,4491,37,0
701,4490,38,0
701,4489,39,0
701,4488,40,0
701,4487,41,0
701,4494,42,0
701,4484,43,0
701,4485,44,0
701,4486,45,0
701,6951,46,0
701,4482,47,0
701,4481,48,0
701,4479,49,0
701,4478,50,0
701,5118,51,0
701,4943,52,0
701,4944,53,0
701,3662,54,0
701,3664,55,0
701,3666,56,0
701,3668,57,0
701,3441,58,1
800,1891,1,0
800,1892,2,0
800,1897,3,0
800,1898,4,0
800,1899,5,0
800,6338,6,0
800,1900,7,0
800,1901,8,0
800,1902,9,0
800,1903,10,0
800,1904,11,0
800,1905,12,0
800,4905,13,0
800,4906,14,0
800,4171,15,0
800,4907,16,0
800,4904,17,0
800,1906,18,0
800,1907,19,0
800,6850,20,0
800,1909,21,0
800,7279,22,0
800,5000,23,0
800,5001,24,0
800,6799,25,0
800,5002,26,0
800,5003,27,0
800,5004,28,0
800,6821,29,0
800,6822,30,0
800,5005,31,0
800,5875,32,0
800,1344,33,0
800,1346,34,0
800,1866,35,0
800,1867,36,0
800,1868,37,0
800,1869,38,0
800,1870,39,0
800,7312,40,1
801,7312,1,0
801,4798,2,0
801,1870,3,0
801,1871,4,0
801,1342,5,0
801,1873,6,0
801,6870,7,0
801,6869,8,0
801,1874,9,0
801,1875,10,0
801,1876,11,0
801,6798,12,0
801,1877,13,0
801,1878,14,0
801,9748,15,0
801,1880,16,0
801,1881,17,0
801,1882,18,0
801,1883,19,0
801,4905,20,0
801,4906,21,0
801,4172,22,0
801,4907,23,0
801,4904,24,0
801,1884,25,0
801,1885,26,0
801,1886,27,0
801,1887,28,0
801,1888,29,0
801,1889,30,0
801,1890,31,0
801,6653,32,0
801,1892,33,0
801,1897,34,0
801,1898,35,0
801,1899,36,1
900,5619,1,0
900,6156,2,0
900,5480,3,0
900,5296,4,0
900,1546,5,0
900,1548,6,0
900,4711,7,0
900,6652,8,0
900,4724,9,0
900,4725,10,0
900,4726,11,0
900,1770,12,0
900,4766,13,0
900,4765,14,0
900,1771,15,0
900,5852,16,0
900,5856,17,0
900,5854,18,0
900,5725,19,0
900,5090,20,0
900,5457,21,0
900,5640,22,0
900,6510,23,0
900,5642,24,0
900,6866,25,0
900,4940,26,0
900,4941,27,0
900,4942,28,0
900,5678,29,0
900,5425,30,0
900,5679,31,0
900,5680,32,0
900,6717,33,0
900,5681,34,0
900,1788,35,0
900,5682,36,0
900,1789,37,0
900,1790,38,0
900,5961,39,0
900,1792,40,0
900,1794,41,0
900,5188,42,0
900,6422,43,0
900,5435,44,0
900,5436,45,0
900,5437,46,0
900,6303,47,0
900,5454,48,0
900,5633,49,0
900,5634,50,0
900,5635,51,0
900,5636,52,0
900,5637,53,0
900,5444,54,0
900,5445,55,0
900,5446,56,0
900,5083,57,1
901,5083,1,0
901,5638,2,0
901,5639,3,0
901,5084,4,0
901,5086,5,0
901,1808,6,0
901,1809,7,0
901,1810,8,0
901,1811,9,0
901,6078,10,0
901,4940,11,0
901,6867,12,0
901,5088,13,0
901,6511,14,0
901,5641,15,0
901,5089,16,0
901,5722,17,0
901,5855,18,0
901,5857,19,0
901,5853,20,0
901,1763,21,0
901,1764,22,0
901,4754,23,0
901,1765,24,0
901,1766,25,0
901,1767,26,0
901,1768,27,0
901,1769,28,0
901,6561,29,0
901,1561,30,0
901,6155,31,0
901,6595,32,0
901,1565,33,0
901,5297,34,0
901,5479,35,0
901,5618,36,0
901,5481,37,0
901,6692,38,0
901,6688,39,0
901,6945,40,0
901,6946,41,0
901,6947,42,0
901,7157,43,0
901,5485,44,0
901,5619,45,1
1200,3441,1,0
1200,3672,2,0
1200,3674,3,0
1200,3722,4,0
1200,3723,5,0
1200,5591,6,0
1200,3724,7,0
1200,3725,8,0
1200,3726,9,0
1200,3727,10,0
1200,3728,11,0
1200,3729,12,0
1200,3730,13,0
1200,4285,14,0
1200,4264,15,0
1200,3691,16,0
1200,3693,17,0
1200,3695,18,0
1200,3697,19,0
1200,4280,20,0
1200,4282,21,0
1200,4283,22,0
1200,4254,23,0
1200,4315,24,0
1200,3810,25,0
1200,4316,26,0
1200,4329,27,0
1200,4318,28,0
1200,6304,29,0
1200,4308,30,0
1200,3317,31,1
1201,3317,1,0
1201,4320,2,0
1201,6306,3,0
1201,4321,4,0
1201,4322,5,0
1201,4323,6,0
1201,4275,7,0
1201,4273,8,0
1201,4477,9,0
1201,4245,10,0
1201,4314,11,0
1201,4281,12,0
1201,3632,13,0
1201,4424,14,0
1201,4276,15,0
1201,4277,16,0
1201,4278,17,0
1201,4274,18,0
1201,3732,19,0
1201,3733,20,0
1201,3734,21,0
1201,3735,22,0
1201,3736,23,0
1201,3737,24,0
1201,3738,25,0
1201,5592,26,0
1201,3739,27,0
1201,3740,28,0
1201,3648,29,0
1201,6736,30,0
1201,3441,31,1
1300,3441,1,0
1300,3442,2,0
1300,3443,3,0
1300,3444,4,0
1300,3445,5,0
1300,3446,6,0
1300,3447,7,0
1300,3448,8,0
1300,3449,9,0
1300,3450,10,0
1300,3451,11,0
1300,3452,12,0
1300,3453,13,0
1300,3454,14,0
1300,3455,15,0
1300,3456,16,0
1300,3457,17,0
1300,3458,18,0
1300,3459,19,0
1300,3375,20,0
1300,3377,21,0
1300,3379,22,0
1300,5844,23,0
1300,3381,24,0
1300,3383,25,0
1300,3385,26,0
1300,3387,27,0
1300,3390,28,0
1300,3392,29,0
1300,3394,30,0
1300,3396,31,0
1300,3398,32,0
1300,3400,33,0
1300,3402,34,0
1300,3404,35,0
1300,3406,36,1
1301,3406,1,0
1301,5044,2,0
1301,4626,3,0
1301,4625,4,0
1301,3373,5,0
1301,3408,6,0
1301,3410,7,0
1301,3412,8,0
1301,3414,9,0
1301,3416,10,0
1301,3418,11,0
1301,3420,12,0
1301,3422,13,0
1301,3424,14,0
1301,3426,15,0
1301,3428,16,0
1301,3430,17,0
1301,3432,18,0
1301,3434,19,0
1301,3436,20,0
1301,3438,21,0
1301,3440,22,0
1301,3441,23,1
1400,1655,1,0
1400,3272,2,0
1400,1080,3,0
1400,1082,4,0
1400,1084,5,0
1400,1086,6,0
1400,1466,7,0
1400,1468,8,0
1400,1470,9,0
1400,1472,10,0
1400,1474,11,0
1400,1476,12,0
1400,1478,13,0
1400,1480,14,0
1400,1482,15,0
1400,1484,16,0
1400,1486,17,0
1400,1488,18,0
1400,1490,19,0
1400,1492,20,0
1400,1494,21,0
1400,1496,22,0
1400,1498,23,0
1400,1500,24,0
1400,1502,25,0
1400,4949,26,0
1400,1504,27,0
1400,1506,28,0
1400,1508,29,0
1400,1510,30,0
1400,1512,31,0
1400,1514,32,0
1400,1516,33,0
1400,1518,34,0
1400,1520,35,0
1400,1522,36,0
1400,1524,37,0
1400,6668,38,0
1400,1526,39,0
1400,1528,40,0
1400,5283,41,0
1400,1530,42,0
1400,1581,43,0
1400,1583,44,0
1400,1585,45,0
1400,1573,46,0
1400,4788,47,0
1400,1544,48,0
1400,5550,49,0
1400,6233,50,0
1400,5618,51,0
1400,5481,52,0
1400,6692,53,0
1400,6688,54,0
1400,6674,55,0
1400,6675,56,0
1400,6676,57,0
1400,6677,58,0
1400,7287,59,0
1400,6592,60,0
1400,6593,61,0
1400,6554,62,0
1400,6678,63,1
1401,7287,1,0
1401,6592,2,0
1401,6593,3,0
1401,6554,4,0
1401,6678,5,0
1401,1567,6,0
1401,1569,7,0
1401,1575,8,0
1401,5284,9,0
1401,4789,10,0
1401,1532,11,0
1401,1534,12,0
1401,1536,13,0
1401,1538,14,0
1401,1540,15,0
1401,1542,16,0
1401,1577,17,0
1401,6669,18,0
1401,1579,19,0
1401,1587,20,0
1401,1589,21,0
1401,6091,22,0
1401,1591,23,0
1401,1593,24,0
1401,1595,25,0
1401,1597,26,0
1401,1599,27,0
1401,1601,28,0
1401,1603,29,0
1401,1605,30,0
1401,4948,31,0
1401,1607,32,0
1401,1609,33,0
1401,1611,34,0
1401,1613,35,0
1401,1615,36,0
1401,1617,37,0
1401,1619,38,0
1401,1621,39,0
1401,1623,40,0
1401,5246,41,0
1401,1625,42,0
1401,6786,43,0
1401,6787,44,0
1401,1631,45,0
1401,1633,46,0
1401,1635,47,0
1401,1639,48,0
1401,1643,49,0
1401,1645,50,0
1401,1647,51,0
1401,1088,52,0
1401,1090,53,0
1401,1649,54,0
1401,1651,55,0
1401,1653,56,0
1401,1655,57,1
1600,6695,1,0
1600,3064,2,0
1600,1864,3,0
1600,3065,4,0
1600,3066,5,0
1600,3067,6,0
1600,3068,7,0
1600,3069,8,0
1600,3070,9,0
1600,3071,10,0
1600,3072,11,0
1600,3073,12,0
1600,3074,13,0
1600,3075,14,0
1600,2908,15,0
1600,2909,16,0
1600,2910,17,0
1600,2911,18,0
1600,5031,19,0
1600,5032,20,0
1600,3077,21,0
1600,3078,22,0
1600,3079,23,0
1600,3080,24,0
1600,3081,25,0
1600,3082,26,0
1600,3083,27,0
1600,3084,28,0
1600,3085,29,0
1600,3086,30,0
1600,5937,31,0
1600,2981,32,0
1600,2982,33,0
1600,2983,34,0
1600,2984,35,0
1600,2985,36,0
1600,2986,37,0
1600,4923,38,0
1600,2987,39,0
1600,2988,40,0
1600,2989,41,0
1600,2990,42,0
1600,2991,43,0
1600,4924,44,0
1600,2992,45,0
1600,4925,46,0
1600,2993,47,0
1600,2994,48,0
1600,1766,49,0
1600,1767,50,0
1600,1768,51,0
1600,1769,52,0
1600,4786,53,0
1600,5095,54,1
1601,5095,1,0
1601,5626,2,0
1601,1285,3,0
1601,1287,4,0
1601,4768,5,0
1601,1290,6,0
1601,1292,7,0
1601,1294,8,0
1601,5199,9,0
1601,5631,10,0
1601,4926,11,0
1601,2979,12,0
1601,4927,13,0
1601,2980,14,0
1601,5645,15,0
1601,2995,16,0
1601,2996,17,0
1601,2997,18,0
1601,2998,19,0
1601,2999,20,0
1601,4929,21,0
1601,3000,22,0
1601,3001,23,0
1601,3002,24,0
1601,3003,25,0
1601,3004,26,0
1601,3005,27,0
1601,5936,28,0
1601,3006,29,0
1601,3007,30,0
1601,3008,31,0
1601,3009,32,0
1601,3010,33,0
1601,3011,34,0
1601,3012,35,0
1601,3013,36,0
1601,3014,37,0
1601,6274,38,0
1601,3017,39,0
1601,3018,40,0
1601,3019,41,0
1601,3020,42,0
1601,3021,43,0
1601,5033,44,0
1601,3023,45,0
1601,3024,46,0
1601,3025,47,0
1601,7126,48,0
1601,3026,49,0
1601,1702,50,0
1601,1704,51,0
1601,1273,52,0
1601,1275,53,0
1601,1277,54,0
1601,1279,55,0
1601,1281,56,0
1601,3287,57,0
1601,6681,58,0
1601,6072,59,0
1601,6694,60,0
1601,6693,61,0
1601,6695,62,1
1800,1340,1,0
1800,6831,2,0
1800,6833,3,0
1800,6835,4,0
1800,6837,5,0
1800,6839,6,0
1800,6830,7,0
1800,6828,8,0
1800,4955,9,0
1800,5875,10,0
1800,1344,11,0
1800,1346,12,0
1800,1348,13,0
1800,1350,14,0
1800,1352,15,0
1800,1354,16,0
1800,1356,17,0
1800,1358,18,0
1800,1360,19,0
1800,1362,20,0
1800,5127,21,0
1800,1366,22,0
1800,1368,23,0
1800,1370,24,0
1800,5125,25,0
1800,5099,26,0
1800,1374,27,0
1800,4815,28,0
1800,1328,29,0
1800,1330,30,0
1800,1332,31,0
1800,1334,32,0
1800,5097,33,0
1800,1336,34,0
1800,6077,35,0
1800,4764,36,0
1800,4763,37,0
1800,4762,38,0
1800,4761,39,0
1800,4760,40,0
1800,4784,41,0
1800,5286,42,0
1800,1306,43,0
1800,1308,44,0
1800,4767,45,0
1800,1310,46,0
1800,1312,47,0
1800,6574,48,0
1800,5627,49,0
1800,5628,50,0
1800,1555,51,1
1801,1555,1,0
1801,1561,2,0
1801,5622,3,0
1801,5624,4,0
1801,6594,5,0
1801,1285,6,0
1801,1287,7,0
1801,4768,8,0
1801,1290,9,0
1801,1292,10,0
1801,1294,11,0
1801,5199,12,0
1801,4759,13,0
1801,4758,14,0
1801,4757,15,0
1801,4756,16,0
1801,4755,17,0
1801,6122,18,0
1801,1314,19,0
1801,5096,20,0
1801,1316,21,0
1801,1318,22,0
1801,1320,23,0
1801,1322,24,0
1801,1324,25,0
1801,1326,26,0
1801,5098,27,0
1801,5124,28,0
1801,1381,29,0
1801,6049,30,0
1801,1383,31,0
1801,1385,32,0
1801,5126,33,0
1801,1389,34,0
1801,1391,35,0
1801,1393,36,0
1801,1397,37,0
1801,1399,38,0
1801,6092,39,0
1801,1401,40,0
1801,1403,41,0
1801,1405,42,0
1801,1407,43,0
1801,1409,44,0
1801,5876,45,0
1801,6827,46,0
1801,6829,47,0
1801,6840,48,0
1801,6838,49,0
1801,6836,50,0
1801,6834,51,0
1801,6832,52,0
1801,4465,53,0
1801,1340,54,1
2000,7197,1,0
2000,3631,2,0
2000,3793,3,0
2000,3794,4,0
2000,3795,5,0
2000,7201,6,0
2000,3796,7,0
2000,3803,8,0
2000,3804,9,0
2000,7206,10,0
2000,6346,11,0
2000,6347,12,0
2000,6348,13,0
2000,6349,14,0
2000,6350,15,0
2000,3821,16,0
2000,3822,17,0
2000,3323,18,0
2000,3824,19,0
2000,6696,20,0
2000,5946,21,0
2000,5954,22,0
2000,5955,23,0
2000,5956,24,0
2000,5957,25,0
2000,7266,26,0
2000,2938,27,0
2000,2939,28,0
2000,2940,29,0
2000,6336,30,0
2000,3831,31,0
2000,3832,32,0
2000,3833,33,1
2001,3833,1,0
2001,3834,2,0
2001,6337,3,0
2001,3835,4,0
2001,2932,5,0
2001,2933,6,0
2001,7267,7,0
2001,4619,8,0
2001,4911,9,0
2001,4913,10,0
2001,5953,11,0
2001,7285,12,0
2001,5947,13,0
2001,6697,14,0
2001,3841,15,0
2001,3842,16,0
2001,3313,17,0
2001,3843,18,0
2001,3844,19,0
2001,3845,20,0
2001,6351,21,0
2001,6352,22,0
2001,3817,23,0
2001,3818,24,0
2001,3819,25,0
2001,7204,26,0
2001,3820,27,0
2001,5109,28,0
2001,4783,29,0
2001,7200,30,0
2001,3801,31,0
2001,3688,32,0
2001,3690,33,0
2001,7197,34,1
2300,2335,1,0
2300,4915,2,0
2300,2338,3,0
2300,5055,4,0
2300,4916,5,0
2300,2339,6,0
2300,3591,7,0
2300,3593,8,0
2300,3595,9,0
2300,4572,10,0
2300,4573,11,0
2300,5192,12,0
2300,1380,13,0
2300,4578,14,0
2300,4579,15,0
2300,4580,16,0
2300,4045,17,0
2300,4031,18,0
2300,3278,19,0
2300,5751,20,0
2300,7298,21,0
2300,3280,22,0
2300,4591,23,0
2300,4592,24,0
2300,4593,25,0
2300,4594,26,0
2300,4595,27,0
2300,4596,28,0
2300,5157,29,0
2300,3902,30,0
2300,3903,31,0
2300,4617,32,0
2300,4582,33,0
2300,4583,34,0
2300,4584,35,0
2300,4585,36,0
2300,5900,37,0
2300,5901,38,0
2300,5902,39,0
2300,5903,40,0
2300,5904,41,0
2300,6056,42,0
2300,6057,43,0
2300,6058,44,0
2300,3292,45,0
2300,5805,46,0
2300,5788,47,0
2300,5789,48,0
2300,5790,49,0
2300,5791,50,0
2300,5792,51,0
2300,6059,52,0
2300,6221,53,0
2300,6060,54,0
2300,6236,55,1
2301,6236,1,0
2301,5797,2,0
2301,5798,3,0
2301,5799,4,0
2301,5800,5,0
2301,5801,6,0
2301,5802,7,0
2301,5803,8,0
2301,5804,9,0
2301,3305,10,0
2301,1958,11,0
2301,6061,12,0
2301,6062,13,0
2301,6063,14,0
2301,6064,15,0
2301,6065,16,0
2301,6066,17,0
2301,4586,18,0
2301,4587,19,0
2301,4588,20,0
2301,4589,21,0
2301,4590,22,0
2301,3895,23,0
2301,3896,24,0
2301,5168,25,0
2301,5169,26,0
2301,4597,27,0
2301,5974,28,0
2301,4598,29,0
2301,4599,30,0
2301,4600,31,0
2301,3306,32,0
2301,3307,33,0
2301,7299,34,0
2301,5750,35,0
2301,3309,36,0
2301,5332,37,0
2301,4032,38,0
2301,4033,39,0
2301,3334,40,0
2301,3336,41,0
2301,3338,42,0
2301,1422,43,0
2301,1424,44,0
2301,5191,45,0
2301,4574,46,0
2301,4575,47,0
2301,4576,48,0
2301,3718,49,0
2301,3719,50,0
2301,5314,51,0
2301,5315,52,0
2301,5316,53,0
2301,6169,54,0
2301,5317,55,0
2301,5318,56,0
2301,2335,57,1
2400,9767,1,0
2400,7079,2,0
2400,7078,3,0
2400,7076,4,0
2400,7074,5,0
2400,7071,6,0
2400,7069,7,0
2400,7067,8,0
2400,7065,9,0
2400,7063,10,0
2400,7061,11,0
2400,7059,12,0
2400,7057,13,0
2400,7055,14,0
2400,7053,15,0
2400,7051,16,0
2400,7049,17,0
2400,7047,18,0
2400,7045,19,0
2400,7043,20,0
2400,7041,21,0
2400,7039,22,0
2400,3265,23,0
2400,3267,24,0
2400,3268,25,0
2400,3255,26,0
2400,1653,27,0
2400,1655,28,0
2400,3272,29,0
2400,3241,30,0
2400,3261,31,0
2400,3262,32,0
2400,1646,33,0
2400,7098,34,0
2400,1648,35,0
2400,1650,36,0
2400,1652,37,0
2400,1654,38,0
2400,1656,39,0
2400,3228,40,0
2400,3229,41,0
2400,3230,42,0
2400,3231,43,0
2400,3232,44,0
2400,3233,45,0
2400,3216,46,0
2400,3217,47,0
2400,6076,48,0
2400,3218,49,0
2400,3219,50,0
2400,3220,51,0
2400,3234,52,0
2400,3235,53,0
2400,3236,54,0
2400,3238,55,0
2400,3239,56,0
2400,3240,57,0
2400,1658,58,0
2400,1660,59,0
2400,5103,60,0
2400,5123,61,0
2400,1421,62,0
2400,1616,63,0
2400,1662,64,0
2400,1670,65,0
2400,1672,66,0
2400,3204,67,0
2400,3205,68,0
2400,3206,69,0
2400,6815,70,0
2400,1676,71,0
2400,1678,72,0
2400,1680,73,0
2400,6158,74,0
2400,6159,75,0
2400,6160,76,0
2400,6161,77,0
2400,6162,78,0
2400,6163,79,0
2400,7107,80,0
2400,6599,81,0
2400,6600,82,0
2400,6601,83,0
2400,6602,84,0
2400,6603,85,0
2400,6165,86,0
2400,7230,87,0
2400,6756,88,0
2400,6405,89,0
2400,6166,90,1
2401,6166,1,0
2401,6406,2,0
2401,6757,3,0
2401,6167,4,0
2401,6168,5,0
2401,7080,6,0
2401,7081,7,0
2401,7082,8,0
2401,5494,9,0
2401,5495,10,0
2401,3202,11,0
2401,3203,12,0
2401,4953,13,0
2401,1618,14,0
2401,6654,15,0
2401,5934,16,0
2401,1620,17,0
2401,3207,18,0
2401,3208,19,0
2401,3209,20,0
2401,3210,21,0
2401,1622,22,0
2401,1624,23,0
2401,1664,24,0
2401,1666,25,0
2401,1668,26,0
2401,1626,27,0
2401,1628,28,0
2401,1630,29,0
2401,1632,30,0
2401,3211,31,0
2401,3212,32,0
2401,5121,33,0
2401,3213,34,0
2401,3214,35,0
2401,3215,36,0
2401,3221,37,0
2401,3222,38,0
2401,3223,39,0
2401,3224,40,0
2401,3225,41,0
2401,3226,42,0
2401,3227,43,0
2401,1634,44,0
2401,1636,45,0
2401,1638,46,0
2401,1640,47,0
2401,1642,48,0
2401,1644,49,0
2401,3263,50,0
2401,6339,51,0
2401,3264,52,0
2401,1657,53,0
2401,1659,54,0
2401,5122,55,0
2401,3269,56,0
2401,3270,57,0
2401,7040,58,0
2401,7042,59,0
2401,7044,60,0
2401,7046,61,0
2401,7048,62,0
2401,7050,63,0
2401,7052,64,0
2401,7054,65,0
2401,7056,66,0
2401,7058,67,0
2401,7060,68,0
2401,7062,69,0
2401,7064,70,0
2401,7066,71,0
2401,7068,72,0
2401,7070,73,0
2401,7072,74,0
2401,7073,75,0
2401,7075,76,0
2401,7077,77,0
2401,4215,78,1
2500,7333,1,0
2500,7332,2,0
2500,6013,3,0
2500,6125,4,0
2500,2815,5,0
2500,2962,6,0
2500,2963,7,0
2500,2964,8,0
2500,2965,9,0
2500,2966,10,0
2500,4265,11,0
2500,2968,12,0
2500,2969,13,0
2500,6605,14,0
2500,2970,15,0
2500,5045,16,0
2500,5046,17,0
2500,5047,18,0
2500,5048,19,0
2500,5049,20,0
2500,6334,21,0
2500,7243,22,0
2500,5050,23,0
2500,1678,24,0
2500,1680,25,0
2500,4266,26,0
2500,4956,27,0
2500,4269,28,0
2500,4272,29,0
2500,5052,30,0
2500,4794,31,0
2500,8010,32,0
2500,4798,33,0
2500,4793,34,0
2500,5287,35,0
2500,2971,36,0
2500,5646,37,0
2500,2978,38,0
2500,4812,39,0
2500,4797,40,0
2500,6816,41,0
2500,4799,42,0
2500,4818,43,0
2500,4817,44,0
2500,5906,45,0
2500,6500,46,0
2500,5907,47,0
2500,5908,48,0
2500,5909,49,0
2500,5910,50,0
2500,6876,51,0
2500,6868,52,0
2500,5912,53,0
2500,5929,54,0
2500,5930,55,0
2500,6879,56,0
2500,6880,57,0
2500,6882,58,0
2500,6884,59,0
2500,6573,60,0
2500,5915,61,0
2500,5624,62,0
2500,6594,63,0
2500,5627,64,0
2500,1555,65,1
2501,1555,1,0
2501,1561,2,0
2501,5622,3,0
2501,5916,4,0
2501,6572,5,0
2501,6885,6,0
2501,6883,7,0
2501,6881,8,0
2501,6878,9,0
2501,6877,10,0
2501,5928,11,0
2501,6875,12,0
2501,5919,13,0
2501,5488,14,0
2501,5920,15,0
2501,5921,16,0
2501,5922,17,0
2501,5923,18,0
2501,6499,19,0
2501,5924,20,0
2501,4806,21,0
2501,5051,22,0
2501,4813,23,0
2501,4819,24,0
2501,4811,25,0
2501,5837,26,0
2501,5647,27,0
2501,4809,28,0
2501,5288,29,0
2501,4808,30,0
2501,4807,31,0
2501,1413,32,0
2501,4465,33,0
2501,4270,34,0
2501,4271,35,0
2501,4268,36,0
2501,4267,37,0
2501,1618,38,0
2501,6654,39,0
2501,5934,40,0
2501,4795,41,0
2501,7243,42,0
2501,6333,43,0
2501,1682,44,0
2501,1686,45,0
2501,1688,46,0
2501,1691,47,0
2501,1693,48,0
2501,1695,49,0
2501,1697,50,0
2501,1699,51,0
2501,1701,52,0
2501,1703,53,0
2501,1705,54,0
2501,1707,55,0
2501,4950,56,0
2501,1709,57,0
2501,2775,58,0
2501,2776,59,0
2501,6014,60,0
2501,7333,61,1
2600,7207,1,0
2600,3773,2,0
2600,3805,3,0
2600,3806,4,0
2600,3807,5,0
2600,3808,6,0
2600,3809,7,0
2600,4315,8,0
2600,3810,9,0
2600,4316,10,0
2600,4329,11,0
2600,4318,12,0
2600,6304,13,0
2600,4308,14,0
2600,3319,15,0
2600,7329,16,0
2600,6768,17,0
2600,5604,18,0
2600,5602,19,0
2600,6803,20,0
2600,6642,21,0
2600,3970,22,0
2600,3827,23,0
2600,4499,24,0
2600,4611,25,0
2600,3829,26,0
2600,4803,27,0
2600,3830,28,0
2600,6230,29,0
2600,2928,30,0
2600,2929,31,0
2600,2930,32,0
2600,2931,33,0
2600,4501,34,1
2601,4501,1,0
2601,3978,2,0
2601,3979,3,0
2601,3980,4,0
2601,3981,5,0
2601,4610,6,0
2601,3982,7,0
2601,3983,8,0
2601,6643,9,0
2601,6644,10,0
2601,6645,11,0
2601,6646,12,0
2601,5809,13,0
2601,4804,14,0
2601,3836,15,0
2601,3837,16,0
2601,4636,17,0
2601,3838,18,0
2601,3984,19,0
2601,4305,20,0
2601,6804,21,0
2601,5601,22,0
2601,5603,23,0
2601,6767,24,0
2601,7328,25,0
2601,3319,26,0
2601,4320,27,0
2601,6306,28,0
2601,4321,29,0
2601,4322,30,0
2601,4323,31,0
2601,4275,32,0
2601,4273,33,0
2601,7159,34,0
2601,7160,35,0
2601,7161,36,0
2601,7162,37,0
2601,7207,38,1
3200,1147,1,0
3200,6226,2,0
3200,4667,3,0
3200,4675,4,0
3200,4381,5,0
3200,4666,6,0
3200,1728,7,0
3200,1730,8,0
3200,1732,9,0
3200,1734,10,0
3200,6004,11,0
3200,5249,12,0
3200,5250,13,0
3200,6823,14,0
3200,5251,15,0
3200,4665,16,0
3200,1159,17,0
3200,1161,18,0
3200,1163,19,0
3200,1165,20,0
3200,1167,21,0
3200,1169,22,0
3200,4664,23,0
3200,4663,24,0
3200,4450,25,0
3200,7110,26,0
3200,4425,27,0
3200,4644,28,0
3200,4609,29,0
3200,4618,30,0
3200,1193,31,0
3200,1195,32,0
3200,1197,33,0
3200,1199,34,0
3200,6244,35,0
3200,5254,36,0
3200,1745,37,0
3200,1746,38,0
3200,4752,39,0
3200,4751,40,0
3200,2258,41,1
3201,2258,1,0
3201,2265,2,0
3201,2266,3,0
3201,2267,4,0
3201,5988,5,0
3201,2268,6,0
3201,2269,7,0
3201,2270,8,0
3201,2271,9,0
3201,5547,10,0
3201,4750,11,0
3201,6824,12,0
3201,6093,13,0
3201,1758,14,0
3201,1759,15,0
3201,4749,16,0
3201,1187,17,0
3201,6391,18,0
3201,1189,19,0
3201,1191,20,0
3201,4748,21,0
3201,4747,22,0
3201,4746,23,0
3201,4745,24,0
3201,4658,25,0
3201,4661,26,0
3201,4432,27,0
3201,4670,28,0
3201,4659,29,0
3201,1177,30,0
3201,1179,31,0
3201,1181,32,0
3201,1183,33,0
3201,1185,34,0
3201,5252,35,0
3201,1153,36,0
3201,1155,37,0
3201,1157,38,0
3201,5718,39,0
3201,1129,40,0
3201,1131,41,0
3201,1133,42,0
3201,1135,43,0
3201,1137,44,0
3201,1139,45,0
3201,1141,46,0
3201,4668,47,0
3201,1143,48,0
3201,1145,49,0
3201,1147,50,1
3300,4748,1,0
3300,5079,2,0
3300,4738,3,0
3300,1197,4,0
3300,1199,5,0
3300,6244,6,0
3300,5254,7,0
3300,1745,8,0
3300,1746,9,0
3300,4752,10,0
3300,4751,11,0
3300,5080,12,0
3300,5081,13,0
3300,6131,14,0
3300,5607,15,0
3300,5608,16,0
3300,5074,17,1
3301,5074,1,0
3301,5609,2,0
3301,5610,3,0
3301,5611,4,0
3301,5612,5,0
3301,5075,6,0
3301,5076,7,0
3301,5077,8,0
3301,5078,9,0
3301,5547,10,0
3301,4750,11,0
3301,6824,12,0
3301,6093,13,0
3301,1758,14,0
3301,1759,15,0
3301,4749,16,0
3301,1187,17,0
3301,6391,18,0
3301,1189,19,0
3301,1191,20,0
3301,4748,21,1
4000,1827,1,0
4000,1828,2,0
4000,1831,3,0
4000,6127,4,0
4000,1505,5,0
4000,1507,6,0
4000,1509,7,0
4000,1511,8,0
4000,1513,9,0
4000,1515,10,0
4000,1517,11,0
4000,1519,12,0
4000,1521,13,0
4000,1523,14,0
4000,1525,15,0
4000,1527,16,0
4000,1529,17,0
4000,1531,18,0
4000,1533,19,0
4000,1535,20,0
4000,1537,21,0
4000,1539,22,0
4000,1541,23,0
4000,1543,24,0
4000,1545,25,0
4000,5114,26,0
4000,3154,27,0
4000,1549,28,0
4000,1551,29,0
4000,1553,30,0
4000,1554,31,0
4000,1602,32,0
4000,1604,33,0
4000,1606,34,0
4000,1608,35,0
4000,1610,36,0
4000,1612,37,0
4000,1614,38,0
4000,1576,39,0
4000,1578,40,0
4000,1415,41,0
4000,1417,42,0
4000,1419,43,0
4000,5123,44,0
4000,1421,45,0
4000,6512,46,0
4000,1423,47,0
4000,1425,48,0
4000,1427,49,0
4000,1429,50,0
4000,1431,51,0
4000,1433,52,0
4000,1435,53,0
4000,1437,54,0
4000,1439,55,0
4000,1441,56,0
4000,1443,57,0
4000,1445,58,0
4000,1447,59,0
4000,1449,60,0
4000,1451,61,0
4000,1453,62,0
4000,1455,63,0
4000,1457,64,0
4000,1459,65,0
4000,1461,66,0
4000,1463,67,0
4000,1465,68,0
4000,1467,69,0
4000,1469,70,0
4000,1471,71,0
4000,1473,72,0
4000,1475,73,0
4000,1477,74,0
4000,1479,75,0
4000,1481,76,0
4000,1483,77,0
4000,1485,78,0
4000,1487,79,0
4000,1489,80,0
4000,1491,81,0
4000,1493,82,0
4000,1495,83,0
4000,1497,84,0
4000,1499,85,0
4000,1501,86,0
4000,1503,87,0
4000,1824,88,0
4000,6126,89,0
4000,1826,90,0
4000,1829,91,0
4000,1830,92,1
4100,1827,1,0
4100,1828,2,0
4100,1831,3,0
4100,6127,4,0
4100,1832,5,0
4100,1833,6,0
4100,1834,7,0
4100,1835,8,0
4100,1836,9,0
4100,1837,10,0
4100,1838,11,0
4100,1813,12,0
4100,1814,13,0
4100,1815,14,0
4100,1816,15,0
4100,1817,16,0
4100,4398,17,0
4100,2989,18,0
4100,2990,19,0
4100,2991,20,0
4100,1839,21,0
4100,1840,22,0
4100,1841,23,0
4100,1842,24,0
4100,1843,25,0
4100,1844,26,0
4100,1845,27,0
4100,1846,28,0
4100,1847,29,0
4100,1848,30,0
4100,1849,31,0
4100,1850,32,0
4100,1851,33,0
4100,1852,34,0
4100,1853,35,0
4100,1854,36,0
4100,1855,37,0
4100,1856,38,0
4100,1862,39,0
4100,1863,40,0
4100,1812,41,0
4100,5137,42,0
4100,5138,43,0
4100,5139,44,0
4100,5140,45,0
4100,5141,46,0
4100,5142,47,0
4100,6126,48,0
4100,1826,49,0
4100,1829,50,0
4100,1830,51,1
4400,7314,1,0
4400,1971,2,0
4400,5944,3,0
4400,7087,4,0
4400,5861,5,0
4400,5696,6,0
4400,5697,7,0
4400,5698,8,0
4400,5699,9,0
4400,5700,10,0
4400,6314,11,0
4400,6315,12,0
4400,4680,13,0
4400,2582,14,0
4400,2456,15,0
4400,2457,16,0
4400,2458,17,0
4400,2459,18,0
4400,5419,19,0
4400,5420,20,0
4400,5421,21,0
4400,5422,22,0
4400,5423,23,0
4400,5424,24,0
4400,2598,25,0
4400,2599,26,0
4400,1981,27,1
5000,7313,1,0
5000,7310,2,0
5000,2600,3,0
5000,5022,4,0
5000,2601,5,0
5000,2602,6,0
5000,2603,7,0
5000,2604,8,0
5000,2605,9,0
5000,2606,10,0
5000,2607,11,0
5000,2608,12,0
5000,2609,13,0
5000,2610,14,0
5000,2611,15,0
5000,2612,16,0
5000,9849,17,0
5000,2614,18,0
5000,2615,19,0
5000,4431,20,0
5000,6987,21,0
5000,4908,22,0
5000,4909,23,0
5000,4910,24,0
5000,4463,25,0
5000,4438,26,0
5000,4441,27,0
5000,2574,28,0
5000,2575,29,0
5000,2576,30,0
5000,2577,31,0
5000,6434,32,0
5000,7212,33,0
5000,5498,34,0
5000,5358,35,0
5000,5359,36,0
5000,5499,37,0
5000,6809,38,0
5000,5360,39,0
5000,4061,40,0
5000,4062,41,0
5000,4063,42,0
5000,5170,43,0
5000,4064,44,0
5000,5171,45,0
5000,6802,46,0
5000,6474,47,0
5000,6740,48,0
5000,6739,49,0
5000,7255,50,0
5000,4072,51,0
5000,4066,52,0
5000,5172,53,0
5000,4067,54,0
5000,4074,55,0
5000,4075,56,0
5000,5173,57,0
5000,4102,58,0
5000,4103,59,0
5000,4104,60,0
5000,4105,61,0
5000,4106,62,0
5000,6825,63,0
5000,4107,64,0
5000,4108,65,0
5000,4109,66,0
5000,6490,67,0
5000,4110,68,0
5000,5174,69,0
5000,6276,70,0
5000,4113,71,0
5000,6796,72,0
5000,6472,73,0
5000,6453,74,0
5000,6455,75,0
5000,6428,76,0
5000,5376,77,0
5000,6485,78,0
5000,6231,79,0
5000,6223,80,0
5000,6492,81,0
5000,6470,82,0
5000,6329,83,0
5000,6437,84,0
5000,6438,85,0
5000,6441,86,0
5000,6442,87,0
5000,6444,88,0
5000,6225,89,0
5000,6446,90,0
5000,6467,91,0
5000,6468,92,0
5000,5382,93,0
5000,6461,94,0
5000,6462,95,0
5000,6463,96,0
5000,5404,97,0
5000,6448,98,0
5000,6464,99,0
5000,6429,100,0
5000,5388,101,0
5000,6457,102,0
5000,5389,103,1
5001,5389,1,0
5001,6456,2,0
5001,5401,3,0
5001,6430,4,0
5001,6458,5,0
5001,6449,6,0
5001,6483,7,0
5001,5384,8,0
5001,6459,9,0
5001,6460,10,0
5001,5407,11,0
5001,6465,12,0
5001,6466,13,0
5001,6447,14,0
5001,6224,15,0
5001,6445,16,0
5001,6443,17,0
5001,6440,18,0
5001,6439,19,0
5001,6436,20,0
5001,6330,21,0
5001,6469,22,0
5001,6491,23,0
5001,6222,24,0
5001,6232,25,0
5001,6486,26,0
5001,5413,27,0
5001,6487,28,0
5001,6454,29,0
5001,6452,30,0
5001,6471,31,0
5001,6797,32,0
5001,5416,33,0
5001,6473,34,0
5001,5417,35,0
5001,5175,36,0
5001,6489,37,0
5001,4118,38,0
5001,4079,39,0
5001,4080,40,0
5001,4119,41,0
5001,4120,42,0
5001,4121,43,0
5001,4122,44,0
5001,5178,45,0
5001,4124,46,0
5001,4125,47,0
5001,5180,48,0
5001,5181,49,0
5001,5182,50,0
5001,5418,51,0
5001,6802,52,0
5001,6474,53,0
5001,6740,54,0
5001,6739,55,0
5001,7255,56,0
5001,4072,57,0
5001,4101,58,0
5001,4127,59,0
5001,5183,60,0
5001,5354,61,0
5001,6479,62,0
5001,6128,63,0
5001,6808,64,0
5001,6810,65,0
5001,5500,66,0
5001,5355,67,0
5001,5356,68,0
5001,5497,69,0
5001,7213,70,0
5001,6435,71,0
5001,5357,72,0
5001,2578,73,0
5001,5723,74,0
5001,2579,75,0
5001,2580,76,0
5001,2581,77,0
5001,4474,78,0
5001,2307,79,0
5001,2308,80,0
5001,4443,81,0
5001,5186,82,0
5001,6982,83,0
5001,5024,84,0
5001,9852,85,0
5001,2585,86,0
5001,2586,87,0
5001,2587,88,0
5001,9850,89,0
5001,2589,90,0
5001,7122,91,0
5001,2590,92,0
5001,2591,93,0
5001,2592,94,0
5001,2593,95,0
5001,2594,96,0
5001,6986,97,0
5001,2596,98,0
5001,2597,99,0
5001,2598,100,0
5001,2599,101,0
5001,1981,102,0
5001,7313,103,1
5200,4691,1,0
5200,5257,2,0
5200,5526,3,0
5200,2518,4,0
5200,2519,5,0
5200,1973,6,0
5200,1974,7,0
5200,1975,8,0
5200,1976,9,0
5200,5942,10,0
5200,2527,11,0
5200,2528,12,0
5200,2529,13,0
5200,2530,14,0
5200,2531,15,0
5200,2532,16,0
5200,2533,17,0
5200,2534,18,0
5200,2535,19,0
5200,2536,20,0
5200,2538,21,0
5200,2539,22,0
5200,2540,23,0
5200,2541,24,0
5200,2543,25,0
5200,2544,26,0
5200,2545,27,0
5200,2546,28,0
5200,2547,29,0
5200,2548,30,0
5200,2549,31,0
5200,2550,32,0
5200,2551,33,0
5200,2552,34,1
5201,2552,1,0
5201,2553,2,0
5201,2554,3,0
5201,4952,4,0
5201,2556,5,0
5201,2557,6,0
5201,2558,7,0
5201,2559,8,0
5201,2560,9,0
5201,2561,10,0
5201,2562,11,0
5201,2523,12,0
5201,2529,13,0
5201,2530,14,0
5201,2531,15,0
5201,2532,16,0
5201,2533,17,0
5201,2534,18,0
5201,2535,19,0
5201,2536,20,0
5201,2538,21,0
5201,2539,22,0
5201,2540,23,0
5201,6396,24,0
5201,5943,25,0
5201,2526,26,0
5201,2582,27,0
5201,1977,28,0
5201,1978,29,0
5201,1979,30,0
5201,1980,31,0
5201,5525,32,0
5201,1971,33,0
5201,4691,34,1
5400,6244,1,0
5400,5254,2,0
5400,1745,3,0
5400,1746,4,0
5400,4752,5,0
5400,4829,6,0
5400,4836,7,0
5400,4832,8,0
5400,2219,9,0
5400,4741,10,0
5400,2220,11,0
5400,2221,12,0
5400,5027,13,0
5400,2222,14,0
5400,2223,15,0
5400,2224,16,0
5400,5010,17,0
5400,2225,18,0
5400,2226,19,0
5400,2227,20,0
5400,2228,21,0
5400,2077,22,0
5400,4962,23,0
5400,4963,24,0
5400,4965,25,0
5400,5057,26,0
5400,5058,27,0
5400,5059,28,0
5400,5060,29,0
5400,6762,30,0
5400,5061,31,0
5400,4293,32,1
5401,4293,1,0
5401,5072,2,0
5401,2464,3,0
5401,2465,4,0
5401,2466,5,0
5401,5073,6,0
5401,2467,7,0
5401,4968,8,0
5401,4964,9,0
5401,4961,10,0
5401,2058,11,0
5401,2248,12,0
5401,6395,13,0
5401,4420,14,0
5401,2249,15,0
5401,5011,16,0
5401,2250,17,0
5401,2251,18,0
5401,2252,19,0
5401,5025,20,0
5401,2253,21,0
5401,2254,22,0
5401,2255,23,0
5401,5026,24,0
5401,4831,25,0
5401,2256,26,0
5401,4830,27,0
5401,2257,28,0
5401,5547,29,0
5401,4750,30,0
5401,6824,31,0
5401,6093,32,0
5401,1758,33,0
5401,1759,34,0
5401,4749,35,0
5401,6183,36,0
5401,7261,37,0
5401,6174,38,0
5401,6244,39,1
5500,4187,1,0
5500,7310,2,0
5500,2600,3,0
5500,5022,4,0
5500,2601,5,0
5500,2602,6,0
5500,2603,7,0
5500,2604,8,0
5500,2605,9,0
5500,2606,10,0
5500,2607,11,0
5500,2608,12,0
5500,2609,13,0
5500,2610,14,0
5500,2611,15,0
5500,2612,16,0
5500,2240,17,0
5500,2241,18,0
5500,6263,19,0
5500,2242,20,0
5500,2243,21,0
5500,2244,22,0
5500,5615,23,0
5500,2245,24,0
5500,2291,25,0
5500,2292,26,0
5500,2293,27,0
5500,2294,28,0
5500,2295,29,0
5500,2296,30,0
5500,2307,31,0
5500,2308,32,0
5500,4443,33,0
5500,5186,34,0
5500,5008,35,0
5500,6981,36,0
5500,6984,37,1
5501,6984,1,0
5501,6980,2,0
5501,6985,3,0
5501,2002,4,0
5501,4431,5,0
5501,5008,6,0
5501,6987,7,0
5501,4908,8,0
5501,4909,9,0
5501,4910,10,0
5501,2285,11,0
5501,2286,12,0
5501,2287,13,0
5501,2288,14,0
5501,2289,15,0
5501,2290,16,0
5501,5023,17,0
5501,2234,18,0
5501,2235,19,0
5501,2236,20,0
5501,2237,21,0
5501,6262,22,0
5501,2238,23,0
5501,2239,24,0
5501,9850,25,0
5501,2589,26,0
5501,7122,27,0
5501,2590,28,0
5501,2591,29,0
5501,2592,30,0
5501,2593,31,0
5501,2594,32,0
5501,6986,33,0
5501,2596,34,0
5501,2597,35,0
5501,2598,36,0
5501,2599,37,0
5501,1981,38,0
5501,4187,39,1
5600,4186,1,0
5600,1971,2,0
5600,1982,3,0
5600,2045,4,0
5600,2046,5,0
5600,2047,6,0
5600,2048,7,0
5600,2049,8,0
5600,2050,9,0
5600,2051,10,0
5600,2052,11,0
5600,2053,12,0
5600,2054,13,0
5600,2055,14,0
5600,2056,15,0
5600,2057,16,0
5600,5019,17,0
5600,2058,18,0
5600,2059,19,0
5600,2060,20,0
5600,2061,21,0
5600,2062,22,0
5600,2063,23,0
5600,2064,24,0
5600,2065,25,0
5600,2066,26,0
5600,2067,27,0
5600,2282,28,0
5600,2283,29,0
5600,2284,30,0
5600,6985,31,0
5600,2002,32,0
5600,4431,33,0
5600,5008,34,1
5601,5008,1,0
5601,2002,2,0
5601,6987,3,0
5601,4908,4,0
5601,4909,5,0
5601,4910,6,0
5601,4463,7,0
5601,2297,8,0
5601,2298,9,0
5601,2299,10,0
5601,4462,11,0
5601,2300,12,0
5601,2301,13,0
5601,2302,14,0
5601,2303,15,0
5601,6985,16,0
5601,4431,17,0
5601,6981,18,0
5601,2304,19,0
5601,2305,20,0
5601,2306,21,0
5601,2068,22,0
5601,2069,23,0
5601,2070,24,0
5601,2071,25,0
5601,2072,26,0
5601,2073,27,0
5601,2074,28,0
5601,2075,29,0
5601,2076,30,0
5601,2077,31,0
5601,2078,32,0
5601,2079,33,0
5601,2080,34,0
5601,2081,35,0
5601,2082,36,0
5601,2083,37,0
5601,5018,38,0
5601,2084,39,0
5601,7302,40,0
5601,2086,41,0
5601,2087,42,0
5601,2088,43,0
5601,2089,44,0
5601,1970,45,0
5601,4186,46,1
7700,5691,1,0
7700,4145,2,0
7700,4146,3,0
7700,9700,4,0
7700,4147,5,0
7700,9701,6,0
7700,9703,7,0
7700,4148,8,0
7700,4149,9,0
7700,7288,10,0
7700,4150,11,0
7700,7291,12,0
7700,4151,13,0
7700,7292,14,0
7700,7294,15,0
7700,4152,16,0
7700,4734,17,0
7700,4153,18,0
7700,7216,19,0
7700,4154,20,0
7700,7308,21,0
7700,4155,22,0
7700,4156,23,0
7700,4157,24,0
7700,7296,25,0
7700,6237,26,0
7700,4021,27,0
7700,4022,28,0
7700,4023,29,0
7700,4024,30,0
7700,4032,31,0
7700,4033,32,0
7700,4034,33,0
7700,4035,34,0
7700,4036,35,0
7700,4037,36,0
7700,4039,37,0
7700,2316,38,0
7700,2317,39,0
7700,9772,40,0
7700,5336,41,0
7700,1412,42,0
7700,5313,43,0
7700,1414,44,0
7700,1416,45,0
7700,1420,46,0
7700,1422,47,0
7700,1424,48,0
7700,1426,49,0
7700,1428,50,0
7700,1430,51,0
7700,2318,52,0
7700,2319,53,0
7700,9817,54,0
7700,5314,55,0
7700,5315,56,0
7700,5316,57,0
7700,6169,58,0
7700,5317,59,0
7700,5318,60,0
7700,2330,61,1
7701,2330,1,0
7701,4915,2,0
7701,2338,3,0
7701,5055,4,0
7701,4916,5,0
7701,2339,6,0
7701,9770,7,0
7701,2340,8,0
7701,2341,9,0
7701,9771,10,0
7701,2342,11,0
7701,2343,12,0
7701,4038,13,0
7701,4040,14,0
7701,4041,15,0
7701,4042,16,0
7701,4043,17,0
7701,4044,18,0
7701,4045,19,0
7701,1373,20,0
7701,1375,21,0
7701,1377,22,0
7701,1378,23,0
7701,1380,24,0
7701,1382,25,0
7701,1384,26,0
7701,1386,27,0
7701,5312,28,0
7701,1388,29,0
7701,3372,30,0
7701,4031,31,0
7701,4046,32,0
7701,4047,33,0
7701,4048,34,0
7701,4049,35,0
7701,7297,36,0
7701,4128,37,0
7701,4129,38,0
7701,4130,39,0
7701,4131,40,0
7701,7215,41,0
7701,4132,42,0
7701,4732,43,0
7701,4133,44,0
7701,7295,45,0
7701,7293,46,0
7701,4134,47,0
7701,7290,48,0
7701,4135,49,0
7701,7289,50,0
7701,4136,51,0
7701,4137,52,0
7701,9704,53,0
7701,9702,54,0
7701,4138,55,0
7701,4302,56,0
7701,4139,57,0
7701,4140,58,0
7701,4141,59,0
7701,7251,60,0
7701,4733,61,0
7701,6194,62,0
7701,6195,63,0
7701,6196,64,0
7701,6197,65,0
7701,6198,66,0
7701,6199,67,0
7701,6200,68,0
7701,6282,69,0
7701,6201,70,0
7701,5689,71,0
7701,5690,72,0
7701,5691,73,1
8000,4934,1,0
8000,2696,2,0
8000,2206,3,0
8000,2207,4,0
8000,2208,5,0
8000,2209,6,0
8000,2210,7,0
8000,4427,8,0
8000,4445,9,0
8000,4429,10,0
8000,4444,11,0
8000,2120,12,0
8000,2121,13,0
8000,2122,14,0
8000,2123,15,0
8000,4442,16,0
8000,4440,17,0
8000,1085,18,0
8000,1087,19,0
8000,1089,20,0
8000,1091,21,0
8000,5832,22,0
8000,6597,23,0
8000,5863,24,0
8000,5833,25,0
8000,5834,26,0
8000,6598,27,0
8000,6599,28,0
8000,6600,29,0
8000,6601,30,1
8001,6601,1,0
8001,6602,2,0
8001,6603,3,0
8001,5829,4,0
8001,5830,5,0
8001,1093,6,0
8001,1957,7,0
8001,1095,8,0
8001,1097,9,0
8001,1099,10,0
8001,4435,11,0
8001,2124,12,0
8001,2125,13,0
8001,2126,14,0
8001,2127,15,0
8001,2128,16,0
8001,2198,17,0
8001,2199,18,0
8001,2200,19,0
8001,2201,20,0
8001,2202,21,0
8001,2203,22,0
8001,2204,23,0
8001,2205,24,0
8001,2763,25,0
8001,4934,26,1
8100,5883,1,0
8100,2489,2,0
8100,2490,3,0
8100,2491,4,0
8100,7325,5,0
8100,5781,6,0
8100,2493,7,0
8100,2494,8,0
8100,6383,9,0
8100,5668,10,0
8100,5663,11,0
8100,5669,12,0
8100,5670,13,0
8100,5671,14,0
8100,5672,15,0
8100,5673,16,0
8100,5459,17,0
8100,5460,18,0
8100,5461,19,0
8100,5462,20,0
8100,5675,21,0
8100,6340,22,0
8100,5676,23,0
8100,5677,24,0
8100,6494,25,0
8100,2687,26,0
8100,2688,27,0
8100,2673,28,0
8100,2674,29,0
8100,2675,30,0
8100,2676,31,0
8100,4497,32,0
8100,5780,33,0
8100,7326,34,0
8100,4688,35,0
8100,5094,36,0
8100,4705,37,0
8100,2116,38,0
8100,5305,39,0
8100,2117,40,1
8101,5883,1,0
8101,2489,2,0
8101,2490,3,0
8101,2491,4,0
8101,7325,5,0
8101,5781,6,0
8101,6493,7,0
8101,2677,8,0
8101,2678,9,0
8101,2679,10,0
8101,5949,11,0
8101,2680,12,0
8101,2681,13,0
8101,2682,14,0
8101,2683,15,0
8101,5656,16,0
8101,5657,17,0
8101,6335,18,0
8101,5658,19,0
8101,5463,20,0
8101,5464,21,0
8101,5465,22,0
8101,6541,23,0
8101,5659,24,0
8101,5468,25,0
8101,5660,26,0
8101,5661,27,0
8101,5662,28,0
8101,6289,29,0
8101,6402,30,0
8101,2670,31,0
8101,2671,32,0
8101,5780,33,0
8101,7326,34,0
8101,4688,35,0
8101,5094,36,0
8101,4705,37,1
8200,1016,1,0
8200,1188,2,0
8200,1022,3,0
8200,1024,4,0
8200,1026,5,0
8200,1028,6,0
8200,1030,7,0
8200,1032,8,0
8200,1034,9,0
8200,1036,10,0
8200,1038,11,0
8200,1040,12,0
8200,1042,13,0
8200,1044,14,0
8200,1046,15,0
8200,1048,16,0
8200,1050,17,0
8200,1052,18,0
8200,1054,19,0
8200,1056,20,0
8200,1058,21,0
8200,1060,22,0
8200,1062,23,0
8200,5104,24,0
8200,1063,25,0
8200,1065,26,0
8200,1154,27,0
8200,5106,28,0
8200,1067,29,0
8200,1120,30,0
8200,1122,31,0
8200,1124,32,0
8200,1126,33,0
8200,1221,34,0
8200,2191,35,0
8200,1130,36,0
8200,1132,37,0
8200,5105,38,0
8200,1069,39,0
8200,1071,40,0
8200,1073,41,0
8200,1075,42,0
8200,1077,43,0
8200,1079,44,0
8200,1081,45,0
8200,1083,46,0
8200,1085,47,0
8200,1087,48,0
8200,1089,49,0
8200,5831,50,0
8200,4630,51,0
8200,7114,52,0
8200,4931,53,0
8200,1093,54,0
8200,1957,55,0
8200,5158,56,1
8201,5158,1,0
8201,5160,2,0
8201,5290,3,0
8201,5291,4,0
8201,2737,5,0
8201,2738,6,0
8201,1109,7,0
8201,1112,8,0
8201,1114,9,0
8201,1116,10,0
8201,1118,11,0
8201,1120,12,0
8201,1122,13,0
8201,1124,14,0
8201,1221,15,0
8201,1130,16,0
8201,1132,17,0
8201,5105,18,0
8201,1134,19,0
8201,1136,20,0
8201,1138,21,0
8201,1152,22,0
8201,5106,23,0
8201,1140,24,0
8201,1142,25,0
8201,1144,26,0
8201,1146,27,0
8201,1148,28,0
8201,1150,29,0
8201,1156,30,0
8201,1158,31,0
8201,1160,32,0
8201,1162,33,0
8201,1164,34,0
8201,1166,35,0
8201,1168,36,0
8201,1170,37,0
8201,1172,38,0
8201,1174,39,0
8201,1176,40,0
8201,1178,41,0
8201,1180,42,0
8201,1184,43,0
8201,1186,44,0
8201,1020,45,0
8201,1192,46,0
8201,1194,47,0
8201,1005,48,0
8201,6344,49,0
8201,1011,50,0
8201,1013,51,0
8201,1014,52,0
8201,1016,53,1
8300,4454,1,0
8300,2802,2,0
8300,2803,3,0
8300,5349,4,0
8300,2804,5,0
8300,2805,6,0
8300,2806,7,0
8300,2807,8,0
8300,2808,9,0
8300,2809,10,0
8300,2810,11,0
8300,2157,12,0
8300,2158,13,0
8300,2154,14,0
8300,5726,15,0
8300,2151,16,0
8300,2145,17,0
8300,2163,18,0
8300,2811,19,0
8300,2812,20,0
8300,2813,21,0
8300,2814,22,0
8300,2815,23,0
8300,2816,24,0
8300,2817,25,0
8300,2818,26,0
8300,2756,27,0
8300,2757,28,0
8300,2758,29,0
8300,4330,30,0
8300,4340,31,0
8300,4351,32,0
8300,4338,33,0
8300,4337,34,0
8300,4336,35,0
8300,4335,36,0
8300,4334,37,0
8300,4333,38,0
8300,2202,39,0
8300,2203,40,0
8300,2204,41,0
8300,2205,42,0
8300,2763,43,0
8300,2764,44,0
8300,4935,45,0
8300,2766,46,0
8300,2767,47,0
8300,2768,48,0
8300,2769,49,0
8300,6384,50,0
8300,2770,51,0
8300,2771,52,0
8300,2772,53,0
8300,4199,54,0
8300,4605,55,0
8300,6411,56,0
8300,2100,57,0
8300,2103,58,1
8301,2103,1,0
8301,5094,2,0
8301,4705,3,0
8301,4199,4,0
8301,4605,5,0
8301,4603,6,0
8301,4604,7,0
8301,6741,8,0
8301,2689,9,0
8301,2690,10,0
8301,2691,11,0
8301,6477,12,0
8301,4349,13,0
8301,4348,14,0
8301,4347,15,0
8301,4346,16,0
8301,4345,17,0
8301,4344,18,0
8301,4343,19,0
8301,4342,20,0
8301,2703,21,0
8301,2704,22,0
8301,2705,23,0
8301,2706,24,0
8301,2773,25,0
8301,5987,26,0
8301,2774,27,0
8301,2775,28,0
8301,2776,29,0
8301,2780,30,0
8301,2781,31,0
8301,2782,32,0
8301,2783,33,0
8301,2162,34,0
8301,2153,35,0
8301,6633,36,0
8301,2155,37,0
8301,2156,38,0
8301,2784,39,0
8301,2785,40,0
8301,2786,41,0
8301,2787,42,0
8301,2788,43,0
8301,2789,44,0
8301,2790,45,0
8301,2791,46,0
8301,5350,47,0
8301,2792,48,0
8301,2801,49,0
8301,4454,50,1
8500,3381,1,0
8500,3383,2,0
8500,3385,3,0
8500,3387,4,0
8500,3390,5,0
8500,3392,6,0
8500,3394,7,0
8500,3396,8,0
8500,3398,9,0
8500,3400,10,0
8500,3402,11,0
8500,3404,12,0
8500,3406,13,0
8500,5044,14,0
8500,4626,15,0
8500,4625,16,0
8500,3038,17,0
8500,3039,18,0
8500,3040,19,0
8500,3041,20,0
8500,3042,21,0
8500,3043,22,0
8500,3055,23,0
8500,5264,24,0
8500,3056,25,0
8500,3057,26,0
8500,3346,27,0
8500,3321,28,0
8500,3058,29,0
8500,6975,30,0
8500,3059,31,0
8500,3060,32,0
8500,3061,33,0
8500,3062,34,0
8500,5888,35,0
8500,1694,36,0
8500,3335,37,0
8500,1696,38,0
8500,1698,39,0
8500,1700,40,0
8500,6280,41,0
8500,3063,42,0
8500,5310,43,0
8500,3064,44,0
8500,1864,45,0
8500,3065,46,0
8500,3066,47,0
8500,3067,48,0
8500,3068,49,0
8500,3069,50,0
8500,3070,51,0
8500,3071,52,0
8500,3072,53,0
8500,3073,54,0
8500,3074,55,0
8500,3075,56,0
8500,2908,57,0
8500,2909,58,0
8500,2910,59,0
8500,2911,60,0
8500,5031,61,0
8500,6149,62,0
8500,6150,63,1
8501,6150,1,0
8501,6151,2,0
8501,6812,3,0
8501,1919,4,0
8501,3019,5,0
8501,3020,6,0
8501,3021,7,0
8501,5033,8,0
8501,3023,9,0
8501,3024,10,0
8501,3025,11,0
8501,7126,12,0
8501,3026,13,0
8501,1702,14,0
8501,1704,15,0
8501,1273,16,0
8501,1275,17,0
8501,1277,18,0
8501,1279,19,0
8501,1281,20,0
8501,5311,21,0
8501,1283,22,0
8501,5867,23,0
8501,5868,24,0
8501,5034,25,0
8501,6279,26,0
8501,1689,27,0
8501,3335,28,0
8501,1690,29,0
8501,1692,30,0
8501,3027,31,0
8501,3028,32,0
8501,3029,33,0
8501,6974,34,0
8501,3030,35,0
8501,3315,36,0
8501,3031,37,0
8501,5035,38,0
8501,5263,39,0
8501,3032,40,0
8501,3033,41,0
8501,3034,42,0
8501,3035,43,0
8501,3036,44,0
8501,3037,45,0
8501,6288,46,0
8501,3375,47,0
8501,3377,48,0
8501,3379,49,0
8501,5844,50,0
8501,3381,51,0
8501,3383,52,0
8501,3385,53,0
8501,3387,54,0
8501,3390,55,0
8501,3392,56,0
8501,3394,57,0
8501,3396,58,0
8501,3398,59,0
8501,3400,60,0
8501,3402,61,0
8501,3404,62,0
8501,3406,63,0
8501,5044,64,0
8501,4626,65,1
8600,4461,1,0
8600,4674,2,0
8600,1001,3,0
8600,1002,4,0
8600,1004,5,0
8600,6393,6,0
8600,6401,7,0
8600,3026,8,0
8600,7317,9,0
8600,2474,10,0
8600,4304,11,0
8600,2475,12,0
8600,2183,13,0
8600,2184,14,0
8600,2185,15,0
8600,2186,16,0
8600,2187,17,0
8600,2188,18,0
8600,2189,19,0
8600,2190,20,0
8600,1219,21,0
8600,2191,22,0
8600,2192,23,0
8600,2193,24,0
8600,1130,25,0
8600,2826,26,0
8600,6069,27,0
8600,2742,28,0
8600,2743,29,0
8600,2194,30,0
8600,2195,31,0
8600,2196,32,0
8600,2197,33,0
8600,2127,34,0
8600,2128,35,0
8600,2198,36,0
8600,7323,37,0
8600,4195,38,0
8600,4605,39,0
8600,6411,40,0
8600,2100,41,0
8600,2103,42,0
8600,2102,43,0
8600,2104,44,0
8600,2105,45,0
8600,2106,46,0
8600,2107,47,0
8600,6385,48,0
8600,6387,49,0
8600,4520,50,0
8600,4524,51,0
8600,4523,52,0
8600,4522,53,0
8600,4521,54,1
8601,4520,1,0
8601,4524,2,0
8601,4523,3,0
8601,4522,4,0
8601,4521,5,0
8601,6386,6,0
8601,2111,7,0
8601,2112,8,0
8601,2113,9,0
8601,2114,10,0
8601,2115,11,0
8601,2101,12,0
8601,2116,13,0
8601,6410,14,0
8601,5305,15,0
8601,2117,16,0
8601,4195,17,0
8601,4496,18,0
8601,2118,19,0
8601,2119,20,0
8601,2120,21,0
8601,2121,22,0
8601,2131,23,0
8601,2132,24,0
8601,2133,25,0
8601,2134,26,0
8601,2135,27,0
8601,2136,28,0
8601,1219,29,0
8601,6071,30,0
8601,2715,31,0
8601,2716,32,0
8601,2728,33,0
8601,2862,34,0
8601,2863,35,0
8601,1126,36,0
8601,2137,37,0
8601,2138,38,0
8601,2139,39,0
8601,2140,40,0
8601,2141,41,0
8601,2142,42,0
8601,2143,43,0
8601,2144,44,0
8601,2146,45,0
8601,4259,46,0
8601,3070,47,0
8601,3071,48,0
8601,6394,49,0
8601,6392,50,0
8601,1006,51,0
8601,1008,52,0
8601,1010,53,0
8601,1012,54,0
8601,5054,55,0
8601,5299,56,0
8601,4461,57,1
8700,3317,1,0
8700,3824,2,0
8700,6975,3,0
8700,3059,4,0
8700,3060,5,0
8700,3061,6,0
8700,3062,7,0
8700,5888,8,0
8700,1694,9,0
8700,3333,10,0
8700,1696,11,0
8700,3887,12,0
8700,3888,13,0
8700,3889,14,0
8700,3890,15,0
8700,3891,16,0
8700,6011,17,0
8700,3892,18,0
8700,3893,19,0
8700,3894,20,0
8700,6743,21,0
8700,6650,22,0
8700,6651,23,0
8700,1967,24,0
8700,2797,25,0
8700,2798,26,0
8700,2799,27,0
8700,2800,28,0
8700,2801,29,0
8700,4454,30,1
8701,4454,1,0
8701,2802,2,0
8701,2803,3,0
8701,2793,4,0
8701,2794,5,0
8701,2795,6,0
8701,2796,7,0
8701,7253,8,0
8701,3281,9,0
8701,6647,10,0
8701,6648,11,0
8701,6744,12,0
8701,3904,13,0
8701,3905,14,0
8701,6010,15,0
8701,6421,16,0
8701,3906,17,0
8701,3907,18,0
8701,3908,19,0
8701,4616,20,0
8701,3910,21,0
8701,3911,22,0
8701,3333,23,0
8701,1692,24,0
8701,3027,25,0
8701,3028,26,0
8701,3029,27,0
8701,6974,28,0
8701,3842,29,0
8701,3317,30,1
8800,2334,1,0
8800,4915,2,0
8800,2338,3,0
8800,5055,4,0
8800,4916,5,0
8800,2339,6,0
8800,3591,7,0
8800,3593,8,0
8800,3595,9,0
8800,3597,10,0
8800,3599,11,0
8800,3601,12,0
8800,3273,13,0
8800,3274,14,0
8800,3275,15,0
8800,3276,16,0
8800,3277,17,0
8800,4422,18,0
8800,7305,19,0
8800,3278,20,0
8800,5751,21,0
8800,7298,22,0
8800,3280,23,0
8800,7253,24,0
8800,3281,25,0
8800,3282,26,0
8800,6345,27,0
8800,3284,28,0
8800,3285,29,0
8800,3286,30,0
8800,3287,31,0
8800,3289,32,0
8800,3290,33,0
8800,5236,34,0
8800,3291,35,0
8800,3292,36,0
8800,3293,37,0
8800,2760,38,0
8800,2761,39,0
8800,2762,40,0
8800,2763,41,0
8800,2764,42,0
8800,3295,43,0
8800,6972,44,0
8800,5130,45,0
8800,5131,46,0
8800,5468,47,0
8800,6075,48,0
8800,6682,49,0
8800,3296,50,0
8800,5231,51,0
8800,6979,52,0
8800,3297,53,0
8800,3298,54,0
8800,3299,55,0
8800,6864,56,0
8800,4439,57,0
8800,5164,58,0
8800,4436,59,0
8800,7121,60,0
8800,6153,61,0
8800,1151,62,0
8800,1706,63,1
8801,1706,1,0
8801,7242,2,0
8801,1710,3,0
8801,6260,4,0
8801,7116,5,0
8801,1712,6,0
8801,5258,7,0
8801,4446,8,0
8801,6865,9,0
8801,3300,10,0
8801,5259,11,0
8801,3301,12,0
8801,5147,13,0
8801,5148,14,0
8801,5469,15,0
8801,5617,16,0
8801,5616,17,0
8801,5149,18,0
8801,6973,19,0
8801,3303,20,0
8801,4430,21,0
8801,4934,22,0
8801,2696,23,0
8801,2698,24,0
8801,2699,25,0
8801,2700,26,0
8801,2701,27,0
8801,3305,28,0
8801,1958,29,0
8801,1960,30,0
8801,1961,31,0
8801,1962,32,0
8801,1963,33,0
8801,1964,34,0
8801,1965,35,0
8801,1966,36,0
8801,1967,37,0
8801,7254,38,0
8801,3306,39,0
8801,3307,40,0
8801,7299,41,0
8801,5750,42,0
8801,3309,43,0
8801,4025,44,0
8801,4032,45,0
8801,3310,46,0
8801,3312,47,0
8801,3314,48,0
8801,3316,49,0
8801,3713,50,0
8801,3714,51,0
8801,3715,52,0
8801,3716,53,0
8801,3717,54,0
8801,3718,55,0
8801,3719,56,0
8801,5314,57,0
8801,5315,58,0
8801,5316,59,0
8801,6169,60,0
8801,5317,61,0
8801,5318,62,0
8801,2334,63,1
9000,9767,1,0
9000,9768,2,0
9000,4217,3,0
9000,4218,4,0
9000,4219,5,0
9000,4220,6,0
9000,4221,7,0
9000,4222,8,0
9000,4227,9,0
9000,4228,10,0
9000,4229,11,0
9000,4230,12,0
9000,4231,13,0
9000,4232,14,0
9000,4233,15,0
9000,4234,16,0
9000,1936,17,0
9000,1937,18,0
9000,1938,19,0
9000,1939,20,0
9000,1940,21,0
9000,1941,22,0
9000,1942,23,0
9000,1196,24,0
9000,1003,25,0
9000,1005,26,0
9000,1007,27,0
9000,1945,28,0
9000,1946,29,0
9000,1947,30,0
9000,1948,31,0
9000,5190,32,0
9000,6811,33,0
9000,1950,34,0
9000,1951,35,0
9000,1952,36,0
9000,1953,37,0
9000,1954,38,0
9000,1955,39,0
9000,1956,40,0
9000,4933,41,0
9000,6596,42,0
9000,5831,43,0
9000,6731,44,1
9001,4630,1,0
9001,7114,2,0
9001,4931,3,0
9001,4932,4,0
9001,1911,5,0
9001,1912,6,0
9001,1913,7,0
9001,1914,8,0
9001,1915,9,0
9001,1916,10,0
9001,1917,11,0
9001,1918,12,0
9001,6812,13,0
9001,1919,14,0
9001,1920,15,0
9001,1921,16,0
9001,1922,17,0
9001,1923,18,0
9001,1924,19,0
9001,1925,20,0
9001,1926,21,0
9001,1194,22,0
9001,1928,23,0
9001,1929,24,0
9001,1930,25,0
9001,1931,26,0
9001,1932,27,0
9001,1933,28,0
9001,1934,29,0
9001,4202,30,0
9001,4203,31,0
9001,4204,32,0
9001,4205,33,0
9001,4206,34,0
9001,4207,35,0
9001,4208,36,0
9001,4209,37,0
9001,4210,38,0
9001,4211,39,0
9001,4212,40,0
9001,4213,41,0
9001,6090,42,0
9001,4215,43,1
9100,6235,1,0
9100,4915,2,0
9100,2338,3,0
9100,5055,4,0
9100,4916,5,0
9100,2339,6,0
9100,4917,7,0
9100,3491,8,0
9100,3493,9,0
9100,3495,10,0
9100,3497,11,0
9100,3499,12,0
9100,3501,13,0
9100,2890,14,0
9100,5235,15,0
9100,2891,16,0
9100,2892,17,0
9100,2893,18,0
9100,2894,19,0
9100,2895,20,0
9100,2896,21,0
9100,2897,22,0
9100,2898,23,0
9100,2899,24,0
9100,2900,25,0
9100,2901,26,0
9100,2902,27,0
9100,2903,28,0
9100,2904,29,0
9100,2905,30,0
9100,2906,31,0
9100,2907,32,0
9100,4437,33,0
9100,2819,34,0
9100,2820,35,0
9100,2821,36,0
9100,2822,37,0
9100,2823,38,0
9100,2824,39,0
9100,2825,40,0
9100,2826,41,0
9100,2827,42,0
9100,2852,43,0
9100,2853,44,0
9100,2854,45,0
9100,2855,46,0
9100,2856,47,0
9100,2857,48,0
9100,2858,49,0
9100,2859,50,1
9101,2859,1,0
9101,2860,2,0
9101,2861,3,0
9101,2862,4,0
9101,2863,5,0
9101,2864,6,0
9101,2865,7,0
9101,2866,8,0
9101,2867,9,0
9101,2868,10,0
9101,2869,11,0
9101,2870,12,0
9101,2871,13,0
9101,2872,14,0
9101,2873,15,0
9101,2874,16,0
9101,2875,17,0
9101,2876,18,0
9101,2877,19,0
9101,2878,20,0
9101,2879,21,0
9101,2880,22,0
9101,2881,23,0
9101,2882,24,0
9101,2883,25,0
9101,2884,26,0
9101,2885,27,0
9101,2886,28,0
9101,2887,29,0
9101,2888,30,0
9101,5234,31,0
9101,2889,32,0
9101,3577,33,0
9101,3579,34,0
9101,3581,35,0
9101,3583,36,0
9101,3585,37,0
9101,3587,38,0
9101,3589,39,0
9101,5315,40,0
9101,5316,41,0
9101,6169,42,0
9101,5317,43,0
9101,5318,44,0
9101,6235,45,1
9600,7199,1,0
9600,3694,2,0
9600,3696,3,0
9600,7256,4,0
9600,3914,5,0
9600,3915,6,0
9600,3916,7,0
9600,7123,8,0
9600,3917,9,0
9600,3918,10,0
9600,3919,11,0
9600,3920,12,0
9600,3921,13,0
9600,3922,14,0
9600,3923,15,0
9600,3924,16,0
9600,3925,17,0
9600,3926,18,0
9600,3927,19,0
9600,3928,20,0
9600,3929,21,0
9600,3930,22,0
9600,3931,23,0
9600,3932,24,0
9600,3933,25,0
9600,3934,26,0
9600,3935,27,0
9600,3936,28,0
9600,3937,29,0
9600,3938,30,0
9600,3939,31,0
9600,3940,32,0
9600,3941,33,0
9600,6887,34,0
9600,3942,35,0
9600,6495,36,0
9600,5203,37,0
9600,6570,38,0
9600,6568,39,0
9600,3943,40,0
9600,3944,41,0
9600,3945,42,0
9600,6805,43,0
9600,4545,44,0
9600,4536,45,0
9600,4528,46,0
9600,7306,47,0
9600,7115,48,0
9600,5849,49,0
9600,7229,50,0
9600,4538,51,0
9600,4539,52,0
9600,6562,53,0
9600,4540,54,0
9600,4541,55,0
9600,4542,56,0
9600,4543,57,0
9600,6679,58,0
9600,4544,59,0
9600,4565,60,0
9600,4838,61,0
9600,6187,62,0
9600,6188,63,0
9600,6189,64,0
9600,9794,65,0
9600,2501,66,0
9600,2502,67,0
9600,9839,68,0
9600,2504,69,0
9600,2505,70,0
9600,9796,71,0
9600,2507,72,0
9600,7330,73,0
9600,4689,74,0
9600,2508,75,0
9600,4678,76,0
9600,9798,77,0
9600,1736,78,0
9600,1738,79,0
9600,9800,80,0
9600,1740,81,0
9600,1744,82,0
9600,9802,83,0
9600,2510,84,0
9600,2511,85,0
9600,9804,86,0
9600,2512,87,0
9600,2513,88,0
9600,9826,89,0
9600,2515,90,0
9600,4679,91,0
9600,7300,92,0
9600,2517,93,0
9600,7302,94,0
9600,2086,95,0
9600,2087,96,0
9600,2088,97,0
9600,2089,98,0
9600,1970,99,0
9600,4184,100,1
9601,4184,1,0
9601,1982,2,0
9601,2045,3,0
9601,2046,4,0
9601,2047,5,0
9601,2048,6,0
9601,2049,7,0
9601,2050,8,0
9601,1988,9,0
9601,7301,10,0
9601,2617,11,0
9601,9825,12,0
9601,2619,13,0
9601,2620,14,0
9601,9805,15,0
9601,4681,16,0
9601,1271,17,0
9601,9803,18,0
9601,4683,19,0
9601,4684,20,0
9601,9801,21,0
9601,1761,22,0
9601,9799,23,0
9601,4685,24,0
9601,4686,25,0
9601,6242,26,0
9601,9797,27,0
9601,2659,28,0
9601,2660,29,0
9601,9840,30,0
9601,2662,31,0
9601,2663,32,0
9601,2664,33,0
9601,9795,34,0
9601,4839,35,0
9601,6190,36,0
9601,6191,37,0
9601,6192,38,0
9601,6281,39,0
9601,4561,40,0
9601,4562,41,0
9601,6806,42,0
9601,4555,43,0
9601,4551,44,0
9601,4535,45,0
9601,4529,46,0
9601,4530,47,0
9601,4531,48,0
9601,5850,49,0
9601,6758,50,0
9601,7307,51,0
9601,4537,52,0
9601,4532,53,0
9601,4549,54,0
9601,5204,55,0
9601,6564,56,0
9601,6565,57,0
9601,6566,58,0
9601,6567,59,0
9601,6569,60,0
9601,6571,61,0
9601,3946,62,0
9601,3947,63,0
9601,3948,64,0
9601,3958,65,0
9601,3959,66,0
9601,3961,67,0
9601,3962,68,0
9601,3963,69,0
9601,3964,70,0
9601,3965,71,0
9601,3966,72,0
9601,3967,73,0
9601,3968,74,0
9601,3969,75,0
9601,3985,76,0
9601,3986,77,0
9601,3987,78,0
9601,3988,79,0
9601,5156,80,0
9601,5155,81,0
9601,3990,82,0
9601,3989,83,0
9601,3991,84,0
9601,3992,85,0
9601,3993,86,0
9601,3994,87,0
9601,3995,88,0
9601,7250,89,0
9601,3849,90,0
9601,3912,91,0
9601,3913,92,0
9601,6680,93,0
9601,7241,94,0
9601,7199,95,1
9800,4197,1,0
9800,2489,2,0
9800,2490,3,0
9800,7325,4,0
9800,5781,5,0
9800,2493,6,0
9800,2494,7,0
9800,9823,8,0
9800,6407,9,0
9800,6732,10,0
9800,2498,11,0
9800,2499,12,0
9800,4721,13,0
9800,9794,14,0
9800,2501,15,0
9800,2502,16,0
9800,9839,17,0
9800,2504,18,0
9800,2505,19,0
9800,9796,20,0
9800,2507,21,0
9800,7330,22,0
9800,4689,23,0
9800,2508,24,0
9800,4678,25,0
9800,9798,26,0
9800,1736,27,0
9800,1738,28,0
9800,9800,29,0
9800,1740,30,0
9800,1744,31,0
9800,9802,32,0
9800,2510,33,0
9800,2511,34,0
9800,9804,35,0
9800,2512,36,0
9800,2513,37,0
9800,9826,38,0
9800,2515,39,0
9800,4679,40,0
9800,7300,41,0
9800,2517,42,0
9800,7302,43,0
9800,2086,44,0
9800,2087,45,0
9800,2088,46,0
9800,2089,47,0
9800,1970,48,0
9800,4192,49,0
9800,7310,50,0
9800,2518,51,0
9800,2519,52,0
9800,1973,53,0
9800,1974,54,0
9800,6099,55,0
9800,4680,56,1
9801,4680,1,0
9801,2582,2,0
9801,1977,3,0
9801,1978,4,0
9801,1979,5,0
9801,1980,6,0
9801,5092,7,0
9801,1981,8,0
9801,4192,9,0
9801,7310,10,0
9801,2600,11,0
9801,5022,12,0
9801,7304,13,0
9801,2616,14,0
9801,1985,15,0
9801,1986,16,0
9801,7303,17,0
9801,1988,18,0
9801,7301,19,0
9801,2617,20,0
9801,9825,21,0
9801,2619,22,0
9801,2620,23,0
9801,9805,24,0
9801,4681,25,0
9801,1271,26,0
9801,9803,27,0
9801,4683,28,0
9801,4684,29,0
9801,9801,30,0
9801,1761,31,0
9801,9799,32,0
9801,4685,33,0
9801,4686,34,0
9801,6242,35,0
9801,9797,36,0
9801,2659,37,0
9801,2660,38,0
9801,9840,39,0
9801,2662,40,0
9801,2663,41,0
9801,2664,42,0
9801,9795,43,0
9801,2666,44,0
9801,2667,45,0
9801,5093,46,0
9801,2668,47,0
9801,9824,48,0
9801,2670,49,0
9801,2671,50,0
9801,5780,51,0
9801,7326,52,0
9801,4688,53,0
9801,5094,54,0
9801,4705,55,0
9801,4197,56,1
9900,2328,1,0
9900,4915,2,0
9900,2338,3,0
9900,5055,4,0
9900,4916,5,0
9900,2339,6,0
9900,9770,7,0
9900,2340,8,0
9900,2341,9,0
9900,9771,10,0
9900,2342,11,0
9900,2343,12,0
9900,9773,13,0
9900,9775,14,0
9900,2344,15,0
9900,2345,16,0
9900,2346,17,0
9900,2347,18,0
9900,2348,19,0
9900,2349,20,0
9900,4461,21,0
9900,2351,22,0
9900,2470,23,0
9900,7316,24,0
9900,2471,25,0
9900,2472,26,0
9900,7317,27,0
9900,2474,28,0
9900,4304,29,0
9900,2475,30,0
9900,2476,31,0
9900,2477,32,0
9900,2478,33,0
9900,2479,34,0
9900,7318,35,0
9900,2481,36,0
9900,2482,37,0
9900,2483,38,0
9900,9785,39,0
9900,2485,40,0
9900,2486,41,0
9900,2487,42,0
9900,7323,43,0
9900,4198,44,1
9901,4198,1,0
9901,7327,2,0
9901,2672,3,0
9901,4690,4,0
9901,4676,5,0
9901,9786,6,0
9901,4692,7,0
9901,4693,8,0
9901,4694,9,0
9901,7319,10,0
9901,4624,11,0
9901,4623,12,0
9901,4309,13,0
9901,4258,14,0
9901,7320,15,0
9901,2146,16,0
9901,4259,17,0
9901,7321,18,0
9901,4260,19,0
9901,4261,20,0
9901,4262,21,0
9901,7322,22,0
9901,4287,23,0
9901,4695,24,0
9901,4468,25,0
9901,4696,26,0
9901,2310,27,0
9901,2311,28,0
9901,2312,29,0
9901,2313,30,0
9901,2314,31,0
9901,2315,32,0
9901,9776,33,0
9901,9774,34,0
9901,2316,35,0
9901,2317,36,0
9901,9772,37,0
9901,2318,38,0
9901,2319,39,0
9901,9817,40,0
9901,5314,41,0
9901,5315,42,0
9901,5316,43,0
9901,6169,44,0
9901,5317,45,0
9901,5318,46,0
9901,2328,47,0
9901,6235,48,1
10500,7194,1,0
10500,7192,2,0
10500,7191,3,0
10500,7189,4,0
10500,7187,5,0
10500,7185,6,0
10500,7183,7,0
10500,7181,8,0
10500,7179,9,0
10500,7180,10,0
10500,7177,11,0
10500,7175,12,0
10500,7173,13,0
10500,7171,14,0
10500,4011,15,0
10500,5166,16,0
10500,4012,17,0
10500,6100,18,0
10500,4013,19,0
10500,4014,20,0
10500,4015,21,0
10500,1434,22,0
10500,4016,23,0
10500,4017,24,0
10500,4018,25,0
10500,5167,26,0
10500,4019,27,0
10500,3999,28,0
10500,4000,29,0
10500,4001,30,0
10500,6239,31,0
10500,6238,32,0
10500,3910,33,0
10500,3911,34,0
10500,5737,35,0
10500,5738,36,0
10500,6272,37,0
10500,6735,38,0
10500,5741,39,0
10500,5742,40,0
10500,5743,41,0
10500,5262,42,0
10500,2951,43,0
10500,5744,44,1
10501,5744,1,0
10501,5745,2,0
10501,5746,3,0
10501,5747,4,0
10501,5748,5,0
10501,3999,6,0
10501,4000,7,0
10501,4001,8,0
10501,6239,9,0
10501,6238,10,0
10501,3910,11,0
10501,3911,12,0
10501,1698,13,0
10501,1700,14,0
10501,3996,15,0
10501,3997,16,0
10501,3998,17,0
10501,4004,18,0
10501,5165,19,0
10501,4005,20,0
10501,4006,21,0
10501,4007,22,0
10501,1683,23,0
10501,1685,24,0
10501,1661,25,0
10501,1663,26,0
10501,4008,27,0
10501,4009,28,0
10501,4010,29,0
10501,7170,30,0
10501,7172,31,0
10501,7174,32,0
10501,7176,33,0
10501,7178,34,0
10501,7182,35,0
10501,7184,36,0
10501,7186,37,0
10501,7188,38,0
10501,7190,39,0
10501,7193,40,1
10700,7198,1,0
10700,3694,2,0
10700,3696,3,0
10700,7256,4,0
10700,3914,5,0
10700,3915,6,0
10700,3916,7,0
10700,7123,8,0
10700,3917,9,0
10700,3918,10,0
10700,3919,11,0
10700,3920,12,0
10700,3921,13,0
10700,3922,14,0
10700,3923,15,0
10700,3924,16,0
10700,3925,17,0
10700,3926,18,0
10700,3927,19,0
10700,3928,20,0
10700,3929,21,0
10700,3930,22,0
10700,3931,23,0
10700,3932,24,0
10700,3933,25,0
10700,3934,26,0
10700,3935,27,0
10700,3936,28,0
10700,3937,29,0
10700,3938,30,0
10700,3939,31,0
10700,3940,32,0
10700,3949,33,0
10700,3950,34,0
10700,3951,35,0
10700,3952,36,0
10700,3953,37,0
10700,3954,38,0
10700,3955,39,1
10701,3955,1,0
10701,3956,2,0
10701,3957,3,0
10701,3947,4,0
10701,3948,5,0
10701,3958,6,0
10701,3959,7,0
10701,3961,8,0
10701,3962,9,0
10701,3963,10,0
10701,3964,11,0
10701,3965,12,0
10701,3966,13,0
10701,3967,14,0
10701,3968,15,0
10701,3969,16,0
10701,3985,17,0
10701,3986,18,0
10701,3987,19,0
10701,3988,20,0
10701,5156,21,0
10701,5155,22,0
10701,3990,23,0
10701,3989,24,0
10701,3991,25,0
10701,3992,26,0
10701,3993,27,0
10701,3994,28,0
10701,3995,29,0
10701,7250,30,0
10701,3849,31,0
10701,3912,32,0
10701,3913,33,0
10701,6680,34,0
10701,7241,35,0
10701,7198,36,1
16500,7196,1,0
16500,3631,2,0
16500,3633,3,0
16500,3635,4,0
16500,3637,5,0
16500,3639,6,0
16500,3642,7,0
16500,3644,8,0
16500,3594,9,0
16500,3596,10,0
16500,3598,11,0
16500,3600,12,0
16500,3741,13,0
16500,6133,14,0
16500,3742,15,0
16500,3743,16,0
16500,3744,17,0
16500,3745,18,0
16500,3746,19,0
16500,3747,20,0
16500,3748,21,0
16500,3749,22,0
16500,3750,23,0
16500,3751,24,0
16500,3752,25,0
16500,3753,26,0
16500,3754,27,0
16500,3755,28,0
16500,5281,29,0
16500,4959,30,0
16500,4284,31,0
16500,4310,32,0
16500,5749,33,1
16501,5749,1,0
16501,4311,2,0
16501,5848,3,0
16501,5869,4,0
16501,5282,5,0
16501,3757,6,0
16501,3758,7,0
16501,3759,8,0
16501,5036,9,0
16501,3760,10,0
16501,5037,11,0
16501,3761,12,0
16501,3762,13,0
16501,3763,14,0
16501,3764,15,0
16501,3765,16,0
16501,3766,17,0
16501,3767,18,0
16501,3768,19,0
16501,3769,20,0
16501,3602,21,0
16501,3604,22,0
16501,3606,23,0
16501,3608,24,0
16501,3610,25,0
16501,3678,26,0
16501,3680,27,0
16501,3682,28,0
16501,3684,29,0
16501,3686,30,0
16501,3688,31,0
16501,3690,32,0
16501,7196,33,1
30000,2331,1,0
30000,1016,2,0
30000,1018,3,0
30000,3191,4,0
30000,3192,5,0
30000,6634,6,0
30000,6638,7,0
30000,6788,8,0
30000,4163,9,0
30000,6790,10,0
30000,6792,11,0
30000,4164,12,0
30000,6488,13,0
30000,6872,14,0
30000,6765,15,0
30000,6766,16,1
30001,6751,1,0
30001,6752,2,0
30001,6753,3,0
30001,4298,4,0
30001,6793,5,0
30001,6791,6,0
30001,4715,7,0
30001,6789,8,0
30001,6639,9,0
30001,6635,10,0
30001,2918,11,0
30001,2919,12,0
30001,1190,13,0
30001,1192,14,0
30001,1926,15,0
30001,2331,16,1
30100,4815,1,0
30100,1328,2,0
30100,6376,3,0
30100,6378,4,0
30100,6380,5,0
30100,6382,6,0
30100,1839,7,0
30100,1840,8,0
30100,1841,9,0
30100,1842,10,0
30100,1843,11,0
30100,1844,12,0
30100,1845,13,0
30100,1846,14,0
30100,1847,15,0
30100,1848,16,0
30100,1849,17,0
30100,1850,18,0
30100,1851,19,0
30100,1852,20,0
30100,1853,21,0
30100,1854,22,0
30100,1855,23,0
30100,1856,24,0
30100,1862,25,0
30100,1863,26,0
30100,1812,27,0
30100,5137,28,0
30100,5138,29,0
30100,5139,30,0
30100,5140,31,0
30100,5141,32,0
30100,5142,33,0
30100,6126,34,0
30100,1826,35,0
30100,1829,36,0
30100,1830,37,0
30100,3111,38,0
30100,3112,39,0
30100,2331,40,1
30101,2331,1,0
30101,3097,2,0
30101,5132,3,0
30101,3098,4,0
30101,1828,5,0
30101,1831,6,0
30101,6127,7,0
30101,1832,8,0
30101,1833,9,0
30101,1834,10,0
30101,1835,11,0
30101,1836,12,0
30101,1837,13,0
30101,1838,14,0
30101,1813,15,0
30101,1814,16,0
30101,1815,17,0
30101,1816,18,0
30101,1817,19,0
30101,4398,20,0
30101,2989,21,0
30101,2990,22,0
30101,1859,23,0
30101,1860,24,0
30101,4848,25,0
30101,4849,26,0
30101,5134,27,0
30101,5135,28,0
30101,5136,29,0
30101,6397,30,0
30101,6398,31,0
30101,6399,32,0
30101,6478,33,0
30101,5865,34,0
30101,4785,35,0
30101,4842,36,0
30101,4843,37,0
30101,4844,38,0
30101,4845,39,0
30101,5298,40,0
30101,6381,41,0
30101,6379,42,0
30101,6377,43,0
30101,1324,44,1
30200,1551,1,0
30200,1553,2,0
30200,1556,3,0
30200,1558,4,0
30200,1560,5,0
30200,1562,6,0
30200,1564,7,0
30200,1566,8,0
30200,1568,9,0
30200,1570,10,0
30200,1572,11,0
30200,1574,12,0
30200,1590,13,0
30200,1592,14,0
30200,1594,15,0
30200,1596,16,0
30200,5112,17,0
30200,5989,18,0
30200,1479,19,0
30200,1481,20,0
30200,1483,21,0
30200,1485,22,0
30200,1487,23,0
30200,1489,24,0
30200,1491,25,0
30200,4373,26,0
30200,4951,27,0
30200,5840,28,0
30200,5841,29,0
30200,5842,30,0
30200,5843,31,0
30200,1537,32,0
30200,1539,33,0
30200,1541,34,0
30200,1543,35,0
30200,1545,36,0
30200,5114,37,0
30200,3154,38,0
30200,3155,39,0
30200,3157,40,0
30200,2331,41,1
30201,2331,1,0
30201,3169,2,0
30201,5143,3,0
30201,6754,4,0
30201,6924,5,0
30201,1551,6,0
30201,1553,7,0
30201,1556,8,0
30201,1558,9,0
30201,1560,10,0
30201,1562,11,0
30201,1564,12,0
30201,1566,13,0
30201,1568,14,0
30201,1570,15,0
30201,1572,16,0
30201,1574,17,0
30201,1590,18,0
30201,1592,19,0
30201,1594,20,0
30201,1596,21,0
30201,5112,22,0
30201,5989,23,0
30201,1479,24,0
30201,1481,25,0
30201,1483,26,0
30201,1485,27,0
30201,1487,28,0
30201,1489,29,0
30201,1491,30,0
30201,4373,31,0
30201,4951,32,0
30201,5840,33,0
30201,5841,34,0
30201,5842,35,0
30201,5843,36,0
30201,1537,37,0
30201,1539,38,0
30201,1541,39,0
30201,1543,40,0
30201,1545,41,0
30201,5114,42,0
30201,3154,43,1
30300,4815,1,0
30300,1328,2,0
30300,1330,3,0
30300,1332,4,0
30300,1334,5,0
30300,5097,6,0
30300,1336,7,0
30300,6077,8,0
30300,4764,9,0
30300,4763,10,0
30300,4762,11,0
30300,4761,12,0
30300,4760,13,0
30300,4784,14,0
30300,5286,15,0
30300,1306,16,0
30300,1308,17,0
30300,4767,18,0
30300,1310,19,0
30300,1312,20,0
30300,6574,21,0
30300,5627,22,0
30300,5628,23,0
30300,1555,24,0
30300,1561,25,0
30300,6155,26,0
30300,6595,27,0
30300,1565,28,0
30300,2331,29,1
30301,2332,1,0
30301,2331,2,0
30301,1546,3,0
30301,1548,4,0
30301,4711,5,0
30301,6652,6,0
30301,4786,7,0
30301,5095,8,0
30301,5626,9,0
30301,1285,10,0
30301,1287,11,0
30301,4768,12,0
30301,1290,13,0
30301,1292,14,0
30301,1294,15,0
30301,5199,16,0
30301,4759,17,0
30301,4758,18,0
30301,4757,19,0
30301,4756,20,0
30301,4755,21,0
30301,6122,22,0
30301,1314,23,0
30301,5096,24,0
30301,1316,25,0
30301,1318,26,0
30301,1320,27,0
30301,1322,28,0
30301,1324,29,1
30400,1324,1,0
30400,1326,2,0
30400,5098,3,0
30400,5124,4,0
30400,1381,5,0
30400,6049,6,0
30400,1383,7,0
30400,1385,8,0
30400,5126,9,0
30400,6375,10,0
30400,3108,11,0
30400,3107,12,0
30400,3109,13,0
30400,3110,14,0
30400,1823,15,0
30400,6126,16,0
30400,1826,17,0
30400,1829,18,0
30400,1830,19,0
30400,9752,20,0
30400,4717,21,0
30400,9750,22,0
30400,4394,23,0
30400,9748,24,0
30400,1880,25,0
30400,1881,26,0
30400,1882,27,0
30400,1883,28,0
30400,2331,29,1
30401,2331,1,0
30401,1906,2,0
30401,1907,3,0
30401,6850,4,0
30401,1909,5,0
30401,7279,6,0
30401,9861,7,0
30401,4177,8,0
30401,9749,9,0
30401,4178,10,0
30401,1828,11,0
30401,1831,12,0
30401,6127,13,0
30401,1832,14,0
30401,3099,15,0
30401,3100,16,0
30401,3101,17,0
30401,3102,18,0
30401,3103,19,0
30401,5127,20,0
30401,1366,21,0
30401,1368,22,0
30401,1370,23,0
30401,5125,24,0
30401,5099,25,0
30401,1374,26,0
30401,4815,27,1
30500,6677,1,0
30500,7287,2,0
30500,6592,3,0
30500,6593,4,0
30500,6554,5,0
30500,5618,6,0
30500,5481,7,0
30500,6692,8,0
30500,6688,9,0
30500,6945,10,0
30500,6946,11,0
30500,6947,12,0
30500,7157,13,0
30500,1579,14,0
30500,1587,15,0
30500,1589,16,0
30500,6091,17,0
30500,1591,18,0
30500,1593,19,0
30500,1595,20,0
30500,1597,21,0
30500,1599,22,0
30500,1601,23,0
30500,3120,24,0
30500,5648,25,0
30500,2331,26,1
30501,2332,1,0
30501,2331,2,0
30501,6677,3,0
30501,7287,4,0
30501,6592,5,0
30501,6593,6,0
30501,6554,7,0
30501,5618,8,0
30501,5481,9,0
30501,6692,10,0
30501,6688,11,0
30501,6945,12,0
30501,6946,13,0
30501,6947,14,0
30501,7157,15,0
30501,1579,16,0
30501,1587,17,0
30501,1589,18,0
30501,6091,19,0
30501,1591,20,0
30501,1593,21,0
30501,1595,22,0
30501,1597,23,0
30501,1599,24,0
30501,1601,25,0
30501,3120,26,0
30501,5648,27,1
42400,5328,1,0
42400,4056,2,0
42400,4057,3,0
42400,4058,4,0
42400,4059,5,0
42400,4060,6,0
42400,4050,7,0
42400,5866,8,0
42400,6129,9,0
42400,4051,10,0
42400,4052,11,0
42400,4053,12,0
42400,4054,13,0
42400,4055,14,0
42400,5170,15,0
42400,4064,16,0
42400,5171,17,0
42400,4066,18,0
42400,5172,19,0
42400,4067,20,0
42400,4074,21,0
42400,5361,22,0
42400,4099,23,0
42400,5362,24,0
42400,5363,25,0
42400,5364,26,0
42400,5365,27,0
42400,6481,28,0
42400,5366,29,0
42400,5367,30,0
42400,6482,31,0
42400,5368,32,0
42400,5369,33,0
42400,5370,34,0
42400,6800,35,0
42400,6801,36,0
42400,4104,37,0
42400,4105,38,0
42400,4106,39,0
42400,6825,40,0
42400,4107,41,0
42400,4108,42,0
42400,5859,43,0
42400,5860,44,0
42400,5178,45,0
42400,4124,46,0
42400,4097,47,0
42400,4098,48,1
42401,4099,1,0
42401,5362,2,0
42401,5363,3,0
42401,5364,4,0
42401,5365,5,0
42401,6481,6,0
42401,5366,7,0
42401,5367,8,0
42401,5368,9,0
42401,5369,10,0
42401,5370,11,0
42401,6800,12,0
42401,6801,13,0
42401,4104,14,0
42401,4105,15,0
42401,4106,16,0
42401,6825,17,0
42401,4107,18,0
42401,4108,19,0
42401,5859,20,0
42401,5860,21,0
42401,5178,22,0
42401,4124,23,0
42401,4097,24,0
42401,4098,25,0
42401,4100,26,0
42401,5180,27,0
42401,5181,28,0
42401,5182,29,0
42401,5418,30,0
42401,4101,31,0
42401,4127,32,0
42401,5183,33,0
42401,5354,34,0
42401,5328,35,0
42401,4056,36,0
42401,4057,37,0
42401,4058,38,0
42401,4059,39,0
42401,4060,40,0
42401,4050,41,0
42401,5866,42,0
42401,6129,43,0
42401,4051,44,0
42401,4052,45,0
42401,4053,46,0
42401,4054,47,0
42401,4055,48,1
46200,3930,1,0
46200,3931,2,0
46200,3932,3,0
46200,3933,4,0
46200,3934,5,0
46200,3935,6,0
46200,1727,7,0
46200,1729,8,0
46200,1731,9,0
46200,6230,10,0
46200,4500,11,0
46200,4802,12,0
46200,4801,13,0
46200,3940,14,0
46200,3949,15,0
46200,3950,16,0
46200,3951,17,0
46200,3952,18,0
46200,2930,19,0
46200,2931,20,0
46200,4501,21,0
46200,3978,22,0
46200,3979,23,0
46200,3980,24,0
46200,3981,25,0
46200,4610,26,0
46200,3982,27,0
46200,3983,28,0
46200,2933,29,0
46200,2934,30,0
46200,2935,31,0
46200,4804,32,0
46200,3836,33,0
46200,3837,34,0
46200,4636,35,0
46200,3838,36,0
46200,3839,37,1
46201,3826,1,0
46201,3827,2,0
46201,4499,3,0
46201,4611,4,0
46201,3829,5,0
46201,3830,6,0
46201,1737,7,0
46201,2938,8,0
46201,3971,9,0
46201,3972,10,0
46201,4602,11,0
46201,3973,12,0
46201,3974,13,0
46201,3975,14,0
46201,3976,15,0
46201,3977,16,0
46201,2941,17,0
46201,2942,18,0
46201,5810,19,0
46201,5811,20,0
46201,5812,21,0
46201,3958,22,0
46201,3959,23,0
46201,5806,24,0
46201,5807,25,0
46201,2945,26,0
46201,2946,27,0
46201,2947,28,0
46201,4796,29,0
46201,3964,30,0
46201,3965,31,0
46201,3966,32,0
46201,3967,33,0
46201,3968,34,0
46201,3969,35,1
52200,5246,1,0
52200,1625,2,0
52200,6420,3,0
52200,1906,4,0
52200,1907,5,0
52200,6850,6,0
52200,1909,7,0
52200,9885,8,0
52200,5978,9,0
52200,5979,10,0
52200,5324,11,0
52200,5000,12,0
52200,5981,13,0
52200,7120,14,0
52200,6127,15,0
52200,1832,16,0
52200,5983,17,0
52200,6126,18,0
52200,5205,19,0
52200,6851,20,0
52200,4180,21,0
52200,9833,22,0
52200,5984,23,0
52200,4182,24,0
52200,3124,25,0
52200,7103,26,0
52200,5230,27,0
52200,7104,28,0
52200,5523,29,0
52200,5985,30,0
52200,4712,31,0
52200,4719,32,0
52200,9755,33,0
52200,4718,34,0
52200,4711,35,0
52200,6652,36,0
52200,4786,37,0
52200,1550,38,0
52200,5285,39,0
52200,1552,40,1
52201,1552,1,0
52201,9810,2,0
52201,5626,3,0
52201,1285,4,0
52201,1287,5,0
52201,5986,6,0
52201,1769,7,0
52201,6561,8,0
52201,4723,9,0
52201,5590,10,0
52201,5326,11,0
52201,7103,12,0
52201,5230,13,0
52201,7104,14,0
52201,5523,15,0
52201,5985,16,0
52201,3135,17,0
52201,9754,18,0
52201,4701,19,0
52201,5984,20,0
52201,4703,21,0
52201,4704,22,0
52201,6403,23,0
52201,5205,24,0
52201,6127,25,0
52201,1832,26,0
52201,5983,27,0
52201,6126,28,0
52201,1826,29,0
52201,7120,30,0
52201,5980,31,0
52201,9885,32,0
52201,5978,33,0
52201,5979,34,0
52201,5324,35,0
52201,9748,36,0
52201,1880,37,0
52201,1881,38,0
52201,1882,39,0
52201,1883,40,0
52201,1884,41,0
52201,6305,42,0
52201,5246,43,1
60100,9769,1,0
60100,9770,2,0
60100,9771,3,0
60100,9773,4,0
60100,9775,5,0
60100,9723,6,0
60100,9777,7,0
60100,9779,8,0
60100,9781,9,0
60100,9783,10,0
60100,9785,11,0
60100,9787,12,0
60100,9789,13,0
60100,9790,14,0
60100,9792,15,0
60100,9823,16,0
60100,9794,17,0
60100,9839,18,0
60100,9796,19,0
60100,9798,20,0
60100,9800,21,0
60100,9802,22,0
60100,9804,23,0
60100,9826,24,0
60100,9806,25,0
60100,9818,26,0
60100,9882,27,0
60100,9809,28,1
60101,9809,1,0
60101,9883,2,0
60101,9808,3,0
60101,9807,4,0
60101,9825,5,0
60101,9805,6,0
60101,9803,7,0
60101,9801,8,0
60101,9799,9,0
60101,9797,10,0
60101,9840,11,0
60101,9795,12,0
60101,9824,13,0
60101,9793,14,0
60101,9789,15,0
60101,9791,16,0
60101,9788,17,0
60101,9786,18,0
60101,9784,19,0
60101,9782,20,0
60101,9780,21,0
60101,9778,22,0
60101,9819,23,0
60101,9776,24,0
60101,9774,25,0
60101,9772,26,0
60101,9817,27,0
60101,9769,28,1
60300,9820,1,0
60300,9724,2,0
60300,9838,3,0
60300,9726,4,0
60300,9728,5,0
60300,9730,6,0
60300,9732,7,0
60300,9734,8,0
60300,9736,9,0
60300,9738,10,0
60300,9740,11,0
60300,9842,12,0
60300,9742,13,0
60300,9864,14,0
60300,9745,15,0
60300,9865,16,0
60300,9867,17,0
60300,9869,18,0
60300,9884,19,0
60300,9861,20,0
60300,9749,21,0
60300,9751,22,0
60300,9833,23,0
60300,9753,24,0
60300,9755,25,0
60300,9810,26,1
60301,9810,1,0
60301,9756,2,0
60301,9754,3,0
60301,9834,4,0
60301,9752,5,0
60301,9750,6,0
60301,9748,7,0
60301,9744,8,0
60301,9863,9,0
60301,9743,10,0
60301,9841,11,0
60301,9862,12,0
60301,9885,13,0
60301,9870,14,0
60301,9868,15,0
60301,9866,16,0
60301,9741,17,0
60301,9739,18,0
60301,9737,19,0
60301,9735,20,0
60301,9733,21,0
60301,9731,22,0
60301,9729,23,0
60301,9727,24,0
60301,9837,25,0
60301,9725,26,0
60301,9820,27,1
60500,9700,1,0
60500,9701,2,0
60500,9703,3,0
60500,9878,4,0
60500,9705,5,0
60500,9707,6,0
60500,9709,7,0
60500,9876,8,0
60500,9859,9,0
60500,9857,10,0
60500,9854,11,0
60500,9718,12,0
60500,9880,13,0
60500,9874,14,0
60500,9721,15,0
60500,9872,16,0
60500,9821,17,1
60501,9821,1,0
60501,9873,2,0
60501,9722,3,0
60501,9875,4,0
60501,9881,5,0
60501,9719,6,0
60501,9853,7,0
60501,9858,8,0
60501,9860,9,0
60501,9877,10,0
60501,9710,11,0
60501,9708,12,0
60501,9706,13,0
60501,9879,14,0
60501,9704,15,0
60501,9702,16,0
60501,3525,17,1
60700,6426,1,0
60700,9843,2,0
60700,9855,3,0
60700,9847,4,0
60700,9849,5,0
60700,9851,6,0
60700,9856,7,1
60701,9856,1,0
60701,9852,2,0
60701,9850,3,0
60701,9848,4,0
60701,9846,5,0
60701,9844,6,0
60701,6426,7,1
76000,2335,1,0
76000,4915,2,0
76000,2338,3,0
76000,5055,4,0
76000,4916,5,0
76000,2339,6,0
76000,9770,7,0
76000,2340,8,0
76000,2341,9,0
76000,9771,10,0
76000,2342,11,0
76000,2343,12,0
76000,9773,13,0
76000,9775,14,0
76000,2344,15,0
76000,2345,16,0
76000,2346,17,0
76000,2347,18,0
76000,2348,19,0
76000,2349,20,0
76000,4453,21,0
76000,6332,22,0
76000,4308,23,0
76000,6273,24,1
76001,6273,1,0
76001,4320,2,0
76001,6306,3,0
76001,4453,4,0
76001,4696,5,0
76001,2310,6,0
76001,2311,7,0
76001,2312,8,0
76001,2313,9,0
76001,2314,10,0
76001,2315,11,0
76001,9776,12,0
76001,9774,13,0
76001,2316,14,0
76001,2317,15,0
76001,9772,16,0
76001,2318,17,0
76001,2319,18,0
76001,9817,19,0
76001,5314,20,0
76001,5315,21,0
76001,5316,22,0
76001,6169,23,0
76001,5317,24,0
76001,5318,25,0
76001,2335,26,1
1000400,6891,1,0
1000400,6892,2,0
1000400,7211,3,0
1000400,6849,4,0
1000400,3756,5,0
1000400,4284,6,0
1000400,4310,7,0
1000400,6863,8,0
1000400,2934,9,0
1000400,2935,10,0
1000400,2945,11,0
1000400,2946,12,0
1000400,2947,13,0
1000400,4796,14,0
1000400,2948,15,0
1000400,2949,16,0
1000400,2950,17,0
1000400,5261,18,0
1000400,5262,19,0
1000400,2951,20,0
1000400,6096,21,0
1000400,6185,22,0
1000400,2952,23,0
1000400,2953,24,0
1000400,2960,25,0
1000400,2961,26,0
1000400,2962,27,0
1000400,2963,28,0
1000400,2964,29,0
1000400,2965,30,0
1000400,2966,31,0
1000400,4265,32,0
1000400,2968,33,0
1000400,2969,34,0
1000400,6605,35,0
1000400,2970,36,0
1000400,5045,37,0
1000400,5046,38,0
1000400,5047,39,0
1000400,5048,40,0
1000400,5049,41,0
1000400,6334,42,0
1000400,5050,43,0
1000400,1678,44,0
1000400,1680,45,0
1000400,1664,46,0
1000400,1666,47,0
1000400,1668,48,0
1000400,1670,49,0
1000400,1672,50,0
1000400,1674,51,0
1000400,3207,52,0
1000400,3208,53,0
1000400,3209,54,1
1000401,3209,1,0
1000401,3210,2,0
1000401,1622,3,0
1000401,1624,4,0
1000401,1616,5,0
1000401,6654,6,0
1000401,5934,7,0
1000401,4795,8,0
1000401,6333,9,0
1000401,1682,10,0
1000401,1686,11,0
1000401,1688,12,0
1000401,1691,13,0
1000401,1693,14,0
1000401,1695,15,0
1000401,1697,16,0
1000401,1699,17,0
1000401,1701,18,0
1000401,1703,19,0
1000401,1705,20,0
1000401,1707,21,0
1000401,4950,22,0
1000401,1709,23,0
1000401,1711,24,0
1000401,1713,25,0
1000401,1715,26,0
1000401,1717,27,0
1000401,6341,28,0
1000401,6095,29,0
1000401,1719,30,0
1000401,5260,31,0
1000401,1721,32,0
1000401,1723,33,0
1000401,1725,34,0
1000401,1727,35,0
1000401,1729,36,0
1000401,1731,37,0
1000401,2937,38,0
1000401,1735,39,0
1000401,1737,40,0
1000401,6852,41,0
1000401,4311,42,0
1000401,5848,43,0
1000401,6619,44,0
1000401,6848,45,0
1000401,7210,46,0
1000401,6893,47,0
1000401,6894,48,0
1000401,6895,49,0
1000401,6896,50,0
1000401,6897,51,0
1000401,6890,52,0
1000401,6891,53,1
1003300,4748,1,0
1003300,5079,2,0
1003300,4738,3,0
1003300,1197,4,0
1003300,1199,5,0
1003300,6244,6,0
1003300,5254,7,0
1003300,1745,8,0
1003300,1746,9,0
1003300,1747,10,0
1003300,1748,11,0
1003300,5545,12,0
1003300,1749,13,0
1003300,1750,14,0
1003300,6629,15,0
1003300,6630,16,0
1003300,6698,17,0
1003300,6577,18,0
1003300,2425,19,0
1003300,5293,20,0
1003300,4740,21,0
1003300,4976,22,0
1003300,4974,23,0
1003300,6578,24,0
1003300,4827,25,1
1003301,4827,1,0
1003301,4826,2,0
1003301,6580,3,0
1003301,6581,4,0
1003301,6582,5,0
1003301,6584,6,0
1003301,6585,7,0
1003301,6586,8,0
1003301,6587,9,0
1003301,6588,10,0
1003301,6589,11,0
1003301,5077,12,0
1003301,5078,13,0
1003301,5547,14,0
1003301,4750,15,0
1003301,6824,16,0
1003301,6093,17,0
1003301,1758,18,0
1003301,1759,19,0
1003301,4749,20,0
1003301,1187,21,0
1003301,6391,22,0
1003301,1189,23,0
1003301,1191,24,0
1003301,4748,25,1
1005700,4189,1,0
1005700,4647,2,0
1005700,4662,3,0
1005700,5341,4,0
1005700,2022,5,0
1005700,2023,6,0
1005700,2024,7,0
1005700,7090,8,0
1005700,2025,9,0
1005700,6241,10,0
1005700,2026,11,0
1005700,2027,12,0
1005700,2028,13,0
1005700,2029,14,0
1005700,2030,15,0
1005700,6412,16,0
1005700,2439,17,0
1005700,5017,18,0
1005700,1990,19,0
1005700,1991,20,0
1005700,1992,21,0
1005700,1993,22,0
1005700,1994,23,0
1005700,5549,24,0
1005700,1995,25,0
1005700,1996,26,0
1005700,1997,27,0
1005700,5885,28,0
1005700,1998,29,0
1005700,1999,30,0
1005700,2000,31,0
1005700,2001,32,0
1005700,5007,33,0
1005700,4431,34,0
1005700,5008,35,1
1005701,5008,1,0
1005701,2003,2,0
1005701,2004,3,0
1005701,2005,4,0
1005701,2006,5,0
1005701,2007,6,0
1005701,5886,7,0
1005701,2008,8,0
1005701,2009,9,0
1005701,2010,10,0
1005701,4622,11,0
1005701,4621,12,0
1005701,2011,13,0
1005701,2012,14,0
1005701,2013,15,0
1005701,2014,16,0
1005701,2015,17,0
1005701,2016,18,0
1005701,2440,19,0
1005701,2031,20,0
1005701,2032,21,0
1005701,2033,22,0
1005701,2034,23,0
1005701,2035,24,0
1005701,6240,25,0
1005701,2036,26,0
1005701,7089,27,0
1005701,2037,28,0
1005701,2038,29,0
1005701,2039,30,0
1005701,2040,31,0
1005701,2041,32,0
1005701,2042,33,0
1005701,2043,34,0
1005701,4189,35,1
1008300,2147,1,0
1008300,2152,2,0
1008300,2145,3,0
1008300,2163,4,0
1008300,2811,5,0
1008300,2812,6,0
1008300,2813,7,0
1008300,2814,8,0
1008300,2815,9,0
1008300,2816,10,0
1008300,2817,11,0
1008300,2818,12,0
1008300,2707,13,0
1008300,2708,14,0
1008300,2709,15,0
1008300,6015,16,0
1008300,2747,17,0
1008300,2748,18,0
1008300,2714,19,0
1008300,6071,20,0
1008300,2715,21,0
1008300,2716,22,0
1008300,2728,23,0
1008300,2729,24,0
1008300,2730,25,0
1008300,2731,26,0
1008300,2732,27,0
1008300,2733,28,0
1008300,2734,29,0
1008300,4930,30,0
1008300,5162,31,0
1008300,5161,32,0
1008300,5159,33,0
1008300,5831,34,0
1008300,4630,35,1
1008301,4630,1,0
1008301,7114,2,0
1008301,4931,3,0
1008301,1093,4,0
1008301,5158,5,0
1008301,5160,6,0
1008301,5290,7,0
1008301,5291,8,0
1008301,2737,9,0
1008301,2738,10,0
1008301,2739,11,0
1008301,2740,12,0
1008301,2741,13,0
1008301,6069,14,0
1008301,2742,15,0
1008301,2743,16,0
1008301,5091,17,0
1008301,2744,18,0
1008301,2749,19,0
1008301,2750,20,0
1008301,2751,21,0
1008301,2483,22,0
1008301,2747,23,0
1008301,2748,24,0
1008301,9786,25,0
1008301,4692,26,0
1008301,2752,27,0
1008301,2753,28,0
1008301,2754,29,0
1008301,2755,30,0
1008301,2773,31,0
1008301,5987,32,0
1008301,2774,33,0
1008301,2775,34,0
1008301,2776,35,0
1008301,2780,36,0
1008301,2781,37,0
1008301,2782,38,0
1008301,2783,39,0
1008301,2162,40,0
1008301,2153,41,0
1008301,6147,42,0
1008301,2147,43,1
1009100,6235,1,0
1009100,4915,2,0
1009100,2338,3,0
1009100,5055,4,0
1009100,4916,5,0
1009100,2339,6,0
1009100,4917,7,0
1009100,3491,8,0
1009100,3493,9,0
1009100,3495,10,0
1009100,3497,11,0
1009100,3499,12,0
1009100,3501,13,0
1009100,2890,14,0
1009100,5235,15,0
1009100,2891,16,0
1009100,2892,17,0
1009100,2893,18,0
1009100,2894,19,0
1009100,2895,20,0
1009100,2896,21,0
1009100,2897,22,0
1009100,2898,23,0
1009100,2899,24,0
1009100,2900,25,0
1009100,2901,26,0
1009100,2902,27,0
1009100,2903,28,0
1009100,2904,29,0
1009100,2905,30,0
1009100,2906,31,0
1009100,2907,32,0
1009100,4437,33,0
1009100,2819,34,0
1009100,2820,35,0
1009100,2821,36,0
1009100,2822,37,0
1009100,2823,38,0
1009100,2824,39,0
1009100,2825,40,0
1009100,2826,41,0
1009100,2827,42,0
1009100,2828,43,0
1009100,2829,44,0
1009100,2830,45,0
1009100,2831,46,0
1009100,2837,47,0
1009100,2844,48,0
1009100,2845,49,0
1009100,2846,50,0
1009100,2847,51,1
1009101,2847,1,0
1009101,2836,2,0
1009101,2848,3,0
1009101,2849,4,0
1009101,2850,5,0
1009101,2851,6,0
1009101,2859,7,0
1009101,2860,8,0
1009101,2861,9,0
1009101,2862,10,0
1009101,2863,11,0
1009101,2864,12,0
1009101,2865,13,0
1009101,2866,14,0
1009101,2867,15,0
1009101,2868,16,0
1009101,2869,17,0
1009101,2870,18,0
1009101,2871,19,0
1009101,2872,20,0
1009101,2873,21,0
1009101,2874,22,0
1009101,2875,23,0
1009101,2876,24,0
1009101,2877,25,0
1009101,2878,26,0
1009101,2879,27,0
1009101,2880,28,0
1009101,2881,29,0
1009101,2882,30,0
1009101,2883,31,0
1009101,2884,32,0
1009101,2885,33,0
1009101,2886,34,0
1009101,2887,35,0
1009101,2888,36,0
1009101,5234,37,0
1009101,2889,38,0
1009101,3577,39,0
1009101,3579,40,0
1009101,3581,41,0
1009101,3583,42,0
1009101,3585,43,0
1009101,3587,44,0
1009101,3589,45,0
1009101,5315,46,0
1009101,5316,47,0
1009101,6169,48,0
1009101,5317,49,0
1009101,5318,50,0
1009101,6235,51,1
2009000,9767,1,0
2009000,9768,2,0
2009000,4217,3,0
2009000,4218,4,0
2009000,4219,5,0
2009000,4220,6,0
2009000,4221,7,0
2009000,4222,8,0
2009000,4227,9,0
2009000,4228,10,0
2009000,4229,11,0
2009000,4230,12,0
2009000,4231,13,0
2009000,4232,14,0
2009000,4233,15,0
2009000,4234,16,0
2009000,1936,17,0
2009000,1937,18,0
2009000,1938,19,0
2009000,1939,20,0
2009000,1940,21,0
2009000,1941,22,0
2009000,1942,23,0
2009000,1196,24,0
2009000,1198,25,0
2009000,1200,26,0
2009000,1202,27,0
2009000,1204,28,0
2009000,2920,29,0
2009000,2921,30,0
2009000,2922,31,0
2009000,2923,32,0
2009000,2924,33,0
2009000,2925,34,0
2009000,2926,35,0
2009000,2927,36,0
2009000,3178,37,0
2009000,3183,38,0
2009000,6149,39,0
2009000,6150,40,0
2009000,6151,41,0
2009000,6812,42,0
2009000,1919,43,0
2009000,1920,44,0
2009000,6243,45,0
2009000,2912,46,0
2009000,2913,47,0
2009000,2914,48,0
2009000,2915,49,0
2009000,2916,50,0
2009000,2917,51,0
2009000,6634,52,0
2009000,6638,53,0
2009000,1009,54,0
2009000,1011,55,0
2009000,1013,56,0
2009000,1014,57,1
2009001,2920,1,0
2009001,2921,2,0
2009001,2922,3,0
2009001,2923,4,0
2009001,2924,5,0
2009001,2925,6,0
2009001,2926,7,0
2009001,2927,8,0
2009001,3178,9,0
2009001,3183,10,0
2009001,6149,11,0
2009001,6150,12,0
2009001,6151,13,0
2009001,6812,14,0
2009001,1919,15,0
2009001,1920,16,0
2009001,6243,17,0
2009001,2912,18,0
2009001,2913,19,0
2009001,2914,20,0
2009001,2915,21,0
2009001,2916,22,0
2009001,2917,23,0
2009001,6634,24,0
2009001,6638,25,0
2009001,1009,26,0
2009001,1011,27,0
2009001,1013,28,0
2009001,1014,29,0
2009001,1194,30,0
2009001,1928,31,0
2009001,1929,32,0
2009001,1930,33,0
2009001,1931,34,0
2009001,1932,35,0
2009001,1933,36,0
2009001,1934,37,0
2009001,4202,38,0
2009001,4203,39,0
2009001,4204,40,0
2009001,4205,41,0
2009001,4206,42,0
2009001,4207,43,0
2009001,4208,44,0
2009001,4209,45,0
2009001,4210,46,0
2009001,4211,47,0
2009001,4212,48,0
2009001,4213,49,0
2009001,6090,50,0
2009001,4215,51,1
2009100,4453,1,0
2009100,2902,2,0
2009100,2903,3,0
2009100,2904,4,0
2009100,2905,5,0
2009100,2906,6,0
2009100,2907,7,0
2009100,4437,8,0
2009100,2819,9,0
2009100,2820,10,0
2009100,2821,11,0
2009100,2822,12,0
2009100,2823,13,0
2009100,2824,14,0
2009100,2825,15,0
2009100,2826,16,0
2009100,2827,17,0
2009100,2828,18,0
2009100,2829,19,0
2009100,2830,20,0
2009100,2831,21,0
2009100,4434,22,0
2009100,6000,23,0
2009100,6001,24,0
2009100,6769,25,0
2009100,7280,26,0
2009100,6549,27,0
2009100,6002,28,0
2009100,6003,29,0
2009100,6215,30,0
2009100,6216,31,0
2009100,6217,32,0
2009100,6218,33,0
2009100,6219,34,0
2009100,6220,35,0
2009100,2499,36,0
2009100,4721,37,0
2009100,9794,38,0
2009100,2501,39,0
2009100,2502,40,0
2009100,9839,41,0
2009100,2504,42,0
2009100,4511,43,0
2009100,4510,44,0
2009100,4526,45,0
2009100,5194,46,0
2009100,4514,47,0
2009100,4513,48,0
2009100,4518,49,0
2009100,2356,50,0
2009100,2357,51,0
2009100,2358,52,0
2009100,2359,53,0
2009100,6021,54,0
2009100,7012,55,0
2009100,6502,56,0
2009100,6022,57,1
2009101,6022,1,0
2009101,6003,2,0
2009101,6006,3,0
2009101,6120,4,0
2009101,2379,5,0
2009101,2380,6,0
2009101,2381,7,0
2009101,2382,8,0
2009101,4517,9,0
2009101,4516,10,0
2009101,4515,11,0
2009101,2390,12,0
2009101,4841,13,0
2009101,9840,14,0
2009101,2662,15,0
2009101,2663,16,0
2009101,2664,17,0
2009101,9795,18,0
2009101,2666,19,0
2009101,6209,20,0
2009101,6210,21,0
2009101,6211,22,0
2009101,6212,23,0
2009101,6213,24,0
2009101,6229,25,0
2009101,6023,26,0
2009101,6548,27,0
2009101,6770,28,0
2009101,6024,29,0
2009101,6025,30,0
2009101,2836,31,0
2009101,2848,32,0
2009101,2849,33,0
2009101,2850,34,0
2009101,2851,35,0
2009101,2859,36,0
2009101,2860,37,0
2009101,2861,38,0
2009101,2862,39,0
2009101,2863,40,0
2009101,2864,41,0
2009101,2865,42,0
2009101,2866,43,0
2009101,2867,44,0
2009101,2868,45,0
2009101,2869,46,0
2009101,2870,47,0
2009101,2871,48,0
2009101,2872,49,0
2009101,2873,50,0
2009101,2874,51,0
2009101,2875,52,0
2009101,2876,53,0
2009101,4453,54,1
2010700,7198,1,0
2010700,3694,2,0
2010700,3696,3,0
2010700,7256,4,0
2010700,3914,5,0
2010700,3915,6,0
2010700,3916,7,0
2010700,7123,8,0
2010700,3917,9,0
2010700,3918,10,0
2010700,3919,11,0
2010700,3850,12,0
2010700,3851,13,0
2010700,3852,14,0
2010700,3853,15,0
2010700,3854,16,0
2010700,3855,17,0
2010700,3856,18,0
2010700,3857,19,0
2010700,3858,20,0
2010700,3859,21,0
2010700,3860,22,0
2010700,3861,23,0
2010700,3862,24,0
2010700,3863,25,0
2010700,3864,26,0
2010700,3865,27,0
2010700,5153,28,0
2010700,3866,29,0
2010700,3337,30,1
2010701,3337,1,0
2010701,3869,2,0
2010701,3870,3,0
2010701,3871,4,0
2010701,3872,5,0
2010701,3873,6,0
2010701,3874,7,0
2010701,3875,8,0
2010701,3876,9,0
2010701,3877,10,0
2010701,3878,11,0
2010701,3879,12,0
2010701,3880,13,0
2010701,3881,14,0
2010701,3882,15,0
2010701,3883,16,0
2010701,3884,17,0
2010701,3885,18,0
2010701,3886,19,0
2010701,3994,20,0
2010701,3995,21,0
2010701,7250,22,0
2010701,3849,23,0
2010701,3912,24,0
2010701,3913,25,0
2010701,6680,26,0
2010701,7241,27,0
2010701,7198,28,1
5009101,2837,1,0
5009101,2844,2,0
5009101,2845,3,0
5009101,2846,4,0
5009101,2847,5,0
5009101,2850,6,0
5009101,2859,7,0
5009101,2861,8,0
5009101,2863,9,0
5009101,2864,10,0
5009101,2865,11,0
5009101,2866,12,0
5009101,2867,13,0
5009101,2869,14,0
5009101,2871,15,0
5009101,2874,16,0
5009101,2875,17,0
5009101,2876,18,0
5009101,6235,19,1
5009800,6235,1,0
5009800,7324,2,0
5009800,2489,3,0
5009800,2490,4,0
5009800,2491,5,0
5009800,7325,6,0
5009800,5781,7,0
5009800,2493,8,0
5009800,2494,9,0
5009800,9823,10,0
5009800,6407,11,0
5009800,6732,12,0
5009800,2498,13,0
5009800,2499,14,0
5009800,4721,15,0
5009800,9794,16,0
5009800,2501,17,0
5009800,2502,18,0
5009800,9839,19,0
5009800,2504,20,0
5009800,2505,21,0
5009800,9796,22,0
5009800,2507,23,0
5009800,7330,24,0
5009800,4689,25,0
5009800,2508,26,0
5009800,4678,27,0
5009800,9798,28,0
5009800,1736,29,0
5009800,9800,30,0
5009800,1740,31,0
5009800,1744,32,0
5009800,9802,33,0
5009800,2510,34,0
5009800,2511,35,0
5009800,9804,36,0
5009800,2512,37,0
5009800,2513,38,0
5009800,9826,39,0
5009800,2515,40,0
5009800,4679,41,0
5009800,7300,42,0
5009800,2517,43,0
5009800,7302,44,0
5009800,2086,45,0
5009800,2087,46,0
5009800,2088,47,0
5009800,2089,48,0
5009800,1970,49,0
5009800,4691,50,1
6016500,7196,1,0
6016500,3631,2,0
6016500,3633,3,0
6016500,3635,4,0
6016500,3637,5,0
6016500,3639,6,0
6016500,3642,7,0
6016500,3644,8,0
6016500,3594,9,0
6016500,3596,10,0
6016500,3598,11,0
6016500,3600,12,0
6016500,3741,13,0
6016500,6133,14,0
6016500,3742,15,0
6016500,3743,16,0
6016500,3744,17,0
6016500,3745,18,0
6016500,3746,19,0
6016500,3747,20,0
6016500,3748,21,0
6016500,3749,22,0
6016500,3750,23,0
6016500,3751,24,0
6016500,3752,25,0
6016500,3753,26,0
6016500,3754,27,0
6016500,3755,28,0
6016500,5281,29,0
6016500,4959,30,0
6016500,6631,31,0
6016500,5727,32,0
6016500,5728,33,0
6016500,5729,34,0
6016500,5730,35,0
6016500,5731,36,0
6016500,5732,37,0
6016500,5733,38,0
6016500,5734,39,0
6016500,5735,40,0
6016500,7086,41,0
6016500,5736,42,0
6016500,4306,43,0
6016500,4326,44,0
6016500,4473,45,0
6016500,4472,46,0
6016500,4328,47,0
6016500,4297,48,0
6016500,4295,49,1
6016501,4295,1,0
6016501,5036,2,0
6016501,3760,3,0
6016501,5037,4,0
6016501,3761,5,0
6016501,3762,6,0
6016501,3763,7,0
6016501,3764,8,0
6016501,3765,9,0
6016501,3766,10,0
6016501,3767,11,0
6016501,3768,12,0
6016501,3769,13,0
6016501,3602,14,0
6016501,3604,15,0
6016501,3606,16,0
6016501,3608,17,0
6016501,3610,18,0
6016501,3678,19,0
6016501,3680,20,0
6016501,3682,21,0
6016501,3684,22,0
6016501,3686,23,0
6016501,3688,24,0
6016501,3690,25,0
6016501,7196,26,1
9809900,2328,1,0
9809900,4915,2,0
9809900,2338,3,0
9809900,5055,4,0
9809900,4916,5,0
9809900,2339,6,0
9809900,9770,7,0
9809900,2340,8,0
9809900,2341,9,0
9809900,9771,10,0
9809900,2342,11,0
9809900,2343,12,0
9809900,9773,13,0
9809900,9775,14,0
9809900,2344,15,0
9809900,2345,16,0
9809900,2346,17,0
9809900,2347,18,0
9809900,2348,19,0
9809900,2349,20,0
9809900,4461,21,0
9809900,2351,22,0
9809900,2470,23,0
9809900,7316,24,0
9809900,2471,25,0
9809900,2472,26,0
9809900,7317,27,0
9809900,2474,28,0
9809900,4304,29,0
9809900,2475,30,0
9809900,2476,31,0
9809900,2477,32,0
9809900,2478,33,0
9809900,2479,34,0
9809900,7318,35,0
9809900,2481,36,0
9809900,2482,37,0
9809900,2483,38,0
9809900,9785,39,0
9809900,2485,40,0
9809900,2486,41,0
9809900,2487,42,0
9809900,7323,43,0
9809900,7324,44,0
9809900,2489,45,0
9809900,2490,46,0
9809900,2491,47,0
9809900,7325,48,0
9809900,5781,49,0
9809900,2493,50,0
9809900,2494,51,0
9809900,9823,52,0
9809900,6407,53,0
9809900,6732,54,0
9809900,2498,55,0
9809900,2499,56,0
9809900,4721,57,0
9809900,9794,58,0
9809900,2501,59,0
9809900,2502,60,0
9809900,9839,61,0
9809900,2504,62,0
9809900,2505,63,0
9809900,9796,64,0
9809900,2507,65,0
9809900,7330,66,0
9809900,4689,67,0
9809900,2508,68,0
9809900,4678,69,0
9809900,9798,70,0
9809900,1736,71,0
9809900,1738,72,0
9809900,9800,73,0
9809900,1740,74,0
9809900,1744,75,0
9809900,9802,76,0
9809900,2510,77,0
9809900,2511,78,0
9809900,9804,79,0
9809900,2512,80,0
9809900,2513,81,0
9809900,9826,82,0
9809900,2515,83,0
9809900,4679,84,0
9809900,7300,85,0
9809900,2517,86,0
9809900,7302,87,0
9809900,2086,88,0
9809900,2087,89,0
9809900,2088,90,0
9809900,2089,91,0
9809900,1970,92,0
9809900,4192,93,0
9809900,7310,94,0
9809900,2518,95,0
9809900,2519,96,0
9809900,1973,97,0
9809900,1974,98,0
9809900,6099,99,0
9809900,4680,100,1
9809901,4680,1,0
9809901,2582,2,0
9809901,1977,3,0
9809901,1978,4,0
9809901,1979,5,0
9809901,1980,6,0
9809901,5092,7,0
9809901,1981,8,0
9809901,4192,9,0
9809901,7310,10,0
9809901,2600,11,0
9809901,5022,12,0
9809901,7304,13,0
9809901,2616,14,0
9809901,1985,15,0
9809901,1986,16,0
9809901,7303,17,0
9809901,1988,18,0
9809901,7301,19,0
9809901,2617,20,0
9809901,9825,21,0
9809901,2619,22,0
9809901,2620,23,0
9809901,9805,24,0
9809901,4681,25,0
9809901,1271,26,0
9809901,9803,27,0
9809901,4683,28,0
9809901,4684,29,0
9809901,9801,30,0
9809901,1761,31,0
9809901,9799,32,0
9809901,4685,33,0
9809901,4686,34,0
9809901,6242,35,0
9809901,9797,36,0
9809901,2659,37,0
9809901,2660,38,0
9809901,9840,39,0
9809901,2662,40,0
9809901,2663,41,0
9809901,2664,42,0
9809901,9795,43,0
9809901,2666,44,0
9809901,2667,45,0
9809901,5093,46,0
9809901,2668,47,0
9809901,9824,48,0
9809901,2670,49,0
9809901,2671,50,0
9809901,5780,51,0
9809901,7326,52,0
9809901,4688,53,0
9809901,5094,54,0
9809901,4705,55,0
9809901,6741,56,0
9809901,7327,57,0
9809901,2672,58,0
9809901,4690,59,0
9809901,4676,60,0
9809901,9786,61,0
9809901,4692,62,0
9809901,4693,63,0
9809901,4694,64,0
9809901,7319,65,0
9809901,4624,66,0
9809901,4623,67,0
9809901,4309,68,0
9809901,4258,69,0
9809901,7320,70,0
9809901,2146,71,0
9809901,4259,72,0
9809901,7321,73,0
9809901,4260,74,0
9809901,4261,75,0
9809901,4262,76,0
9809901,7322,77,0
9809901,4287,78,0
9809901,4695,79,0
9809901,4468,80,0
9809901,4696,81,0
9809901,2310,82,0
9809901,2311,83,0
9809901,2312,84,0
9809901,2313,85,0
9809901,2314,86,0
9809901,2315,87,0
9809901,9776,88,0
9809901,9774,89,0
9809901,2316,90,0
9809901,2317,91,0
9809901,9772,92,0
9809901,2318,93,0
9809901,2319,94,0
9809901,9817,95,0
9809901,5314,96,0
9809901,5315,97,0
9809901,5316,98,0
9809901,6169,99,0
9809901,5317,100,0
9809901,5318,101,0
9809901,2328,102,1
