'136.0.1',201,54210,4,'',1,6010,4,'',1,2190,4,'',1,2010,4,'',1,1100,4,'',1,6100,4,'',1,2100,4,'',1,6580,4,'',1,2100,4,'',1,2500,4,'',1,5900,4,'',1,2300,4,'',1,1230,4,'',1,6100,4,'',1,2100,4,'',1,2200,4,'',1,7300,4,'',1,8900,4,'',1,2900,4,'',1,7900,4,'',1,4100,4,'',1,7700,4,'',1,7400,4,'',1,4520,4,'',1,5500,4,'',1,2200,4,'',1,7500,4,'',1,1800,4,'',1,3500,4,'',1,6500,4,'',1,1870,4,'',1,6500,4,'',1,2000,4,'',1,1820,4,'',1,5600,4,'',1,2600,4,'',1,8400,4,'',1,9060,4,'',1,5300,4,'',1,8810,4,'',1
'136.0.2',201,85700,4,'',1,7700,4,'',1,8340,4,'',1,3700,4,'',1,7700,4,'',1,7690,4,'',1,3900,4,'',1,8090,4,'',1,7900,4,'',1,3900,4,'',1,7900,4,'',1,7900,4,'',1,3910,4,'',1,8100,4,'',1,8100,4,'',1,4100,4,'',1,7610,4,'',1,8100,4,'',1,3700,4,'',1,7700,4,'',1,3600,4,'',1,7160,4,'',1,7500,4,'',1,3500,4,'',1,7020,4,'',1,3500,4,'',1
'136.0.80',201,95200,4,'',1,15200,4,'',1,11700,4,'',1,11940,4,'',1,11700,4,'',1,15490,4,'',1,11700,4,'',1,11700,4,'',1,15700,4,'',1,11300,4,'',1,10980,4,'',1,10500,4,'',1,10800,4,'',1
'136.0.81',201,95200,4,'',1,15200,4,'',1,11700,4,'',1,11940,4,'',1,11700,4,'',1,15490,4,'',1,11700,4,'',1,11700,4,'',1,15700,4,'',1,11300,4,'',1,10980,4,'',1,10500,4,'',1,10800,4,'',1
'136.0.1',500,53140,4,'',1,2200,4,'',1,6200,4,'',1,2200,4,'',1,2200,4,'',1,6470,4,'',1,2200,4,'',1,6620,4,'',1,1980,4,'',1,2200,4,'',1,6200,4,'',1,2200,4,'',1,7200,4,'',1,3200,4,'',1,7200,4,'',1,3200,4,'',1,7200,4,'',1,3200,4,'',1,7200,4,'',1,3200,4,'',1,7200,4,'',1,3200,4,'',1,6520,4,'',1,2300,4,'',1,6100,4,'',1,2300,4,'',1,2300,4,'',1,6200,4,'',1,2300,4,'',1,6300,4,'',1,2300,4,'',1,2080,4,'',1,6300,4,'',1,2300,4,'',1,2800,4,'',1,6800,4,'',1,2800,4,'',1,6800,4,'',1,2630,4,'',1,6800,4,'',1,2300,4,'',1
'136.0.2',500,70610,4,'',1,2800,4,'',1,6800,4,'',1,2800,4,'',1,2800,4,'',1,6800,4,'',1,2800,4,'',1,6800,4,'',1,2800,4,'',1,6800,4,'',1,3000,4,'',1,6800,4,'',1,2800,4,'',1,6800,4,'',1,3000,4,'',1,7000,4,'',1,2900,4,'',1,6900,4,'',1,2900,4,'',1,6900,4,'',1,2900,4,'',1,6900,4,'',1,2900,4,'',1,6700,4,'',1,2600,4,'',1,2600,4,'',1,6700,4,'',1,2430,4,'',1,6500,4,'',1
'136.0.1',2301,60430,4,'',1,10600,4,'',1,11300,4,'',1,10600,4,'',1,61780,4,'',1,7600,4,'',1,9000,4,'',1,9000,4,'',1,4700,4,'',1,8540,4,'',1
'136.0.1',7700,42230,4,'',1,1600,4,'',1,1400,4,'',1,5500,4,'',1,1500,4,'',1,800,4,'',1,1500,4,'',1,5990,4,'',1,1500,4,'',1,1500,4,'',1,1680,4,'',1,300,4,'',1,5500,4,'',1,1500,4,'',1,1740,4,'',1,6280,4,'',1,1500,4,'',1,1200,4,'',1,1500,4,'',1,5500,4,'',1,1200,4,'',1,2000,4,'',1,1400,4,'',1,720,4,'',1,5500,4,'',1,1500,4,'',1,1500,4,'',1,6400,4,'',1,3300,4,'',1,6570,4,'',1,2900,4,'',1,6900,4,'',1,3200,4,'',1,6700,4,'',1,200,4,'',1,2900,4,'',1,2300,4,'',1,5000,4,'',1,2300,4,'',1,2040,4,'',1,400,4,'',1,6300,4,'',1,1800,4,'',1,1400,4,'',1,6200,4,'',1,1800,4,'',1,1800,4,'',1,6100,4,'',1,1800,4,'',1,1060,4,'',1,1800,4,'',1,330,4,'',1,5800,4,'',1,1000,4,'',1,2200,4,'',1,5800,4,'',1,1800,4,'',1,1700,4,'',1,7300,4,'',1,2460,4,'',1,6800,4,'',1,2800,4,'',1,6800,4,'',1,4000,4,'',1,7130,4,'',1,3100,4,'',1,7100,4,'',1,3100,4,'',1,7100,4,'',1,3100,4,'',1,6400,4,'',1
'136.0.2',7700,50300,4,'',1,3000,4,'',1,7500,4,'',1,3500,4,'',1,7600,4,'',1,3500,4,'',1,7500,4,'',1,7640,4,'',1,3500,4,'',1,7500,4,'',1,8970,4,'',1,4100,4,'',1,8100,4,'',1,8820,4,'',1,4100,4,'',1,8100,4,'',1,7920,4,'',1,4100,4,'',1,7760,4,'',1,8100,4,'',1,4100,4,'',1,7830,4,'',1,8100,4,'',1,4070,4,'',1,8100,4,'',1,6930,4,'',1,3600,4,'',1,7600,4,'',1,3980,4,'',1,7600,4,'',1,7080,4,'',1,3600,4,'',1,7940,4,'',1,8300,4,'',1,4300,4,'',1,8600,4,'',1
'136.0.3',7700,84810,4,'',1,9200,4,'',1,9140,4,'',1,9700,4,'',1,9700,4,'',1,8900,4,'',1,9200,4,'',1,9500,4,'',1,5200,4,'',1,8870,4,'',1,9200,4,'',1,9700,4,'',1,8830,4,'',1,9000,4,'',1,9100,4,'',1,4360,4,'',1,8700,4,'',1,8800,4,'',1,8600,4,'',1,4700,4,'',1,8000,4,'',1,8000,4,'',1,3600,4,'',1,8000,4,'',1
'136.0.80',7700,84810,4,'',1,9200,4,'',1,9140,4,'',1,9700,4,'',1,9700,4,'',1,8900,4,'',1,9200,4,'',1,9500,4,'',1,5200,4,'',1,8870,4,'',1,9200,4,'',1,9700,4,'',1,8830,4,'',1,9000,4,'',1,9100,4,'',1,4360,4,'',1,8700,4,'',1,8800,4,'',1,8600,4,'',1,4700,4,'',1,8000,4,'',1,8000,4,'',1,3600,4,'',1,8000,4,'',1
'136.0.81',7700,84810,4,'',1,9200,4,'',1,9140,4,'',1,9700,4,'',1,9700,4,'',1,8900,4,'',1,9200,4,'',1,9500,4,'',1,5200,4,'',1,8870,4,'',1,9200,4,'',1,9700,4,'',1,8830,4,'',1,9000,4,'',1,9100,4,'',1,4360,4,'',1,8700,4,'',1,8800,4,'',1,8600,4,'',1,4700,4,'',1,8000,4,'',1,8000,4,'',1,3600,4,'',1,8000,4,'',1
'136.0.1',8801,53310,4,'',1,7120,4,'',1,2800,4,'',1,6800,4,'',1,1400,4,'',1,2000,4,'',1,1800,4,'',1,6200,4,'',1,1970,4,'',1,1400,4,'',1,6300,4,'',1,230,4,'',1,1500,4,'',1,1500,4,'',1,1000,4,'',1,5500,4,'',1,1200,4,'',1,1500,4,'',1,1500,4,'',1,5500,4,'',1,1500,4,'',1,3500,4,'',1,8070,4,'',1,7700,4,'',1,4100,4,'',1,7700,4,'',1,8000,4,'',1,1300,4,'',1,1600,4,'',1,6200,4,'',1,1500,4,'',1,1500,4,'',1,600,4,'',1,1500,4,'',1,5500,4,'',1,1500,4,'',1,1500,4,'',1,1200,4,'',1,5500,4,'',1,1500,4,'',1,1500,4,'',1,1000,4,'',1,5500,4,'',1,1100,4,'',1,1100,4,'',1,1400,4,'',1,1400,4,'',1,5400,4,'',1,1400,4,'',1,1130,4,'',1,1400,4,'',1,1000,4,'',1,5400,4,'',1,3300,4,'',1,7500,4,'',1,3900,4,'',1,7680,4,'',1,7900,4,'',1
'136.0.2',8801,63730,4,'',1,7400,4,'',1,3400,4,'',1,7400,4,'',1,3800,4,'',1,7500,4,'',1,7400,4,'',1,3400,4,'',1,7600,4,'',1,3700,4,'',1,7600,4,'',1,7600,4,'',1,3800,4,'',1,7770,4,'',1,3600,4,'',1,7600,4,'',1,7800,4,'',1,3600,4,'',1,7400,4,'',1,3200,4,'',1,7600,4,'',1,7600,4,'',1,3230,4,'',1,7500,4,'',1,3600,4,'',1,7600,4,'',1,3000,4,'',1,7000,4,'',1,3200,4,'',1,7200,4,'',1
'136.0.3',8801,83230,4,'',1,7500,4,'',1,3300,4,'',1,7300,4,'',1,3300,4,'',1,7300,4,'',1,3670,4,'',1,7300,4,'',1,7300,4,'',1,2700,4,'',1,2700,4,'',1,6700,4,'',1,2700,4,'',1,6700,4,'',1,2700,4,'',1,6700,4,'',1,2500,4,'',1,6700,4,'',1,2700,4,'',1,2700,4,'',1,6700,4,'',1,2330,4,'',1,6700,4,'',1,2700,4,'',1,6700,4,'',1,2700,4,'',1,2300,4,'',1,6700,4,'',1
'136.0.80',8801,83230,4,'',1,7500,4,'',1,3300,4,'',1,7300,4,'',1,3300,4,'',1,7300,4,'',1,3670,4,'',1,7300,4,'',1,7300,4,'',1,2700,4,'',1,2700,4,'',1,6700,4,'',1,2700,4,'',1,6700,4,'',1,2700,4,'',1,6700,4,'',1,2500,4,'',1,6700,4,'',1,2700,4,'',1,2700,4,'',1,6700,4,'',1,2330,4,'',1,6700,4,'',1,2700,4,'',1,6700,4,'',1,2700,4,'',1,2300,4,'',1,6700,4,'',1
'136.0.81',8801,83230,4,'',1,7500,4,'',1,3300,4,'',1,7300,4,'',1,3300,4,'',1,7300,4,'',1,3670,4,'',1,7300,4,'',1,7300,4,'',1,2700,4,'',1,2700,4,'',1,6700,4,'',1,2700,4,'',1,6700,4,'',1,2700,4,'',1,6700,4,'',1,2500,4,'',1,6700,4,'',1,2700,4,'',1,2700,4,'',1,6700,4,'',1,2330,4,'',1,6700,4,'',1,2700,4,'',1,6700,4,'',1,2700,4,'',1,2300,4,'',1,6700,4,'',1
'136.0.1',9101,54840,4,'',1,7300,4,'',1,2200,4,'',1,6580,4,'',1,2300,4,'',1,2700,4,'',1,7590,4,'',1,6600,4,'',1,2600,4,'',1,1710,4,'',1,6600,4,'',1,4800,4,'',1,8100,4,'',1,8600,4,'',1,8600,4,'',1,4600,4,'',1,9810,4,'',1,6600,4,'',1,2400,4,'',1,6400,4,'',1,2400,4,'',1,2200,4,'',1,6400,4,'',1,2400,4,'',1,6400,4,'',1,2020,4,'',1,2400,4,'',1,6400,4,'',1,2970,4,'',1,8200,4,'',1,8200,4,'',1,4200,4,'',1,7880,4,'',1,8000,4,'',1,4000,4,'',1
'136.0.2',9101,74940,4,'',1,9900,4,'',1,9600,4,'',1,9870,4,'',1,9600,4,'',1,10700,4,'',1,10540,4,'',1,10200,4,'',1,9700,4,'',1,10200,4,'',1,10200,4,'',1,10200,4,'',1,10060,4,'',1,9700,4,'',1,9000,4,'',1,9000,4,'',1,8390,4,'',1,8400,4,'',1
'136.0.3',9101,74300,4,'',1,10400,4,'',1,11220,4,'',1,7800,4,'',1,8000,4,'',1,4000,4,'',1,8000,4,'',1,8000,4,'',1,4000,4,'',1,8000,4,'',1,8000,4,'',1,4000,4,'',1,8000,4,'',1,8000,4,'',1,3700,4,'',1,8200,4,'',1,8000,4,'',1,3580,4,'',1,7500,4,'',1,3200,4,'',1,7200,4,'',1,7200,4,'',1,3200,4,'',1,7200,4,'',1,9600,4,'',1,10400,4,'',1
'136.0.80',9101,74300,4,'',1,10400,4,'',1,11220,4,'',1,7800,4,'',1,8000,4,'',1,4000,4,'',1,8000,4,'',1,8000,4,'',1,4000,4,'',1,8000,4,'',1,8000,4,'',1,4000,4,'',1,8000,4,'',1,8000,4,'',1,3700,4,'',1,8200,4,'',1,8000,4,'',1,3580,4,'',1,7500,4,'',1,3200,4,'',1,7200,4,'',1,7200,4,'',1,3200,4,'',1,7200,4,'',1,9600,4,'',1,10400,4,'',1
'136.0.81',9101,74300,4,'',1,10400,4,'',1,11220,4,'',1,7800,4,'',1,8000,4,'',1,4000,4,'',1,8000,4,'',1,8000,4,'',1,4000,4,'',1,8000,4,'',1,8000,4,'',1,4000,4,'',1,8000,4,'',1,8000,4,'',1,3700,4,'',1,8200,4,'',1,8000,4,'',1,3580,4,'',1,7500,4,'',1,3200,4,'',1,7200,4,'',1,7200,4,'',1,3200,4,'',1,7200,4,'',1,9600,4,'',1,10400,4,'',1
'136.0.1',9901,42640,4,'',1,7500,4,'',1,3500,4,'',1,7500,4,'',1,4260,4,'',1,7400,4,'',1,7200,4,'',1,3200,4,'',1,7200,4,'',1,3200,4,'',1,7200,4,'',1,3500,4,'',1,9100,4,'',1,9100,4,'',1,9100,4,'',1,9100,4,'',1,5100,4,'',1,9100,4,'',1,7620,4,'',1,3200,4,'',1,7200,4,'',1,2800,4,'',1,7200,4,'',1,7200,4,'',1,3300,4,'',1,6780,4,'',1,2300,4,'',1,7700,4,'',1,3400,4,'',1,7400,4,'',1
'136.0.2',9901,54940,4,'',1,7900,4,'',1,7900,4,'',1,3900,4,'',1,7960,4,'',1,7900,4,'',1,3900,4,'',1,9600,4,'',1,9000,4,'',1,9400,4,'',1,9000,4,'',1,9400,4,'',1,5000,4,'',1,9000,4,'',1,9000,4,'',1,9000,4,'',1,8500,4,'',1,9000,4,'',1,4000,4,'',1,8500,4,'',1,7800,4,'',1,4300,4,'',1
'136.0.3',9901,55340,4,'',1,8100,4,'',1,7800,4,'',1,3800,4,'',1,7800,4,'',1,9380,4,'',1,8900,4,'',1,8900,4,'',1,4900,4,'',1,9400,4,'',1,8900,4,'',1,8900,4,'',1,8900,4,'',1,4900,4,'',1,8900,4,'',1,8900,4,'',1,8400,4,'',1,8900,4,'',1,4900,4,'',1,8420,4,'',1,8900,4,'',1,7900,4,'',1
'136.0.80',9901,55340,4,'',1,8100,4,'',1,7800,4,'',1,3800,4,'',1,7800,4,'',1,9380,4,'',1,8900,4,'',1,8900,4,'',1,4900,4,'',1,9400,4,'',1,8900,4,'',1,8900,4,'',1,8900,4,'',1,4900,4,'',1,8900,4,'',1,8900,4,'',1,8400,4,'',1,8900,4,'',1,4900,4,'',1,8420,4,'',1,8900,4,'',1,7900,4,'',1
'136.0.81',9901,55340,4,'',1,8100,4,'',1,7800,4,'',1,3800,4,'',1,7800,4,'',1,9380,4,'',1,8900,4,'',1,8900,4,'',1,4900,4,'',1,9400,4,'',1,8900,4,'',1,8900,4,'',1,8900,4,'',1,4900,4,'',1,8900,4,'',1,8900,4,'',1,8400,4,'',1,8900,4,'',1,4900,4,'',1,8420,4,'',1,8900,4,'',1,7900,4,'',1
'136.0.80',76001,102200,4,'',1,2700,4,'',1,6410,4,'',1,2700,4,'',1,6700,4,'',1,2890,4,'',1,7900,4,'',1,4000,4,'',1,7900,4,'',1,8050,4,'',1,3900,4,'',1,7990,4,'',1,7900,4,'',1,3900,4,'',1,7910,4,'',1,7900,4,'',1,3760,4,'',1,7790,4,'',1,2700,4,'',1,6700,4,'',1,2700,4,'',1
'136.0.81',76001,113410,4,'',1,6700,4,'',1,2890,4,'',1,2700,4,'',1,7000,4,'',1,8000,4,'',1,3700,4,'',1,8250,4,'',1,7900,4,'',1,3990,4,'',1,7900,4,'',1,7910,4,'',1,3900,4,'',1,7900,4,'',1,2800,4,'',1,6160,4,'',1,2790,4,'',1
'136.24603.2',76001,102750,4,'',1,2900,4,'',1,6900,4,'',1,2390,4,'',1,7200,4,'',1,8710,4,'',1,4200,4,'',1,8090,4,'',1,8200,4,'',1,4290,4,'',1,8200,4,'',1,8410,4,'',1,7900,4,'',1,4200,4,'',1,8980,4,'',1,7680,4,'',1,4520,4,'',1,7730,4,'',1,6790,4,'',1,3000,4,'',1,7000,4,'',1
'136.24603.3',76001,102200,4,'',1,2700,4,'',1,6410,4,'',1,2700,4,'',1,6700,4,'',1,2890,4,'',1,7900,4,'',1,4000,4,'',1,7900,4,'',1,8050,4,'',1,3900,4,'',1,7990,4,'',1,7900,4,'',1,3900,4,'',1,7910,4,'',1,7900,4,'',1,3760,4,'',1,7790,4,'',1,2700,4,'',1,6700,4,'',1,2700,4,'',1
'136.24604.3',76001,221020,4,'',1,2700,4,'',1,6700,4,'',1,2700,4,'',1,2700,4,'',1
'136.32679.2',76001,102750,4,'',1,2900,4,'',1,6900,4,'',1,2390,4,'',1,7200,4,'',1,8710,4,'',1,4200,4,'',1,8090,4,'',1,8200,4,'',1,4290,4,'',1,8200,4,'',1,8410,4,'',1,7900,4,'',1,4200,4,'',1,8980,4,'',1,7680,4,'',1,4520,4,'',1,7730,4,'',1,6790,4,'',1,3000,4,'',1,7000,4,'',1
'136.34972.1',76001,192940,4,'',1,7810,4,'',1,3550,4,'',1,7800,4,'',1,3500,4,'',1,7800,4,'',1,7800,4,'',1,3800,4,'',1,7300,4,'',1,2600,4,'',1,6600,4,'',1,2600,4,'',1
'136.34972.2',76001,233740,4,'',1,7800,4,'',1,3800,4,'',1,7800,4,'',1,7800,4,'',1
'136.34972.3',76001,221920,4,'',1,3600,4,'',1,7600,4,'',1,7600,4,'',1,3600,4,'',1,7600,4,'',1,3600,4,'',1
'136.0.1',910101,65640,4,'',1,6780,4,'',1,2400,4,'',1,7300,4,'',1,3090,4,'',1,6000,4,'',1,2310,4,'',1,2400,4,'',1,6400,4,'',1,9300,4,'',1,8600,4,'',1,4600,4,'',1,8600,4,'',1,8600,4,'',1,9210,4,'',1,1900,4,'',1,2400,4,'',1,6400,4,'',1,2400,4,'',1,6400,4,'',1,2400,4,'',1,2400,4,'',1,6400,4,'',1,2320,4,'',1,6400,4,'',1,1500,4,'',1,8470,4,'',1,4200,4,'',1,8080,4,'',1,8300,4,'',1,3600,4,'',1,8000,4,'',1,8000,4,'',1
'136.0.2',910101,91500,4,'',1,10610,4,'',1,9600,4,'',1,10420,4,'',1,9820,4,'',1,10200,4,'',1,10600,4,'',1,9800,4,'',1,10200,4,'',1,10200,4,'',1,9860,4,'',1,10100,4,'',1,9030,4,'',1,8400,4,'',1,5000,4,'',1
'136.0.1',989901,225340,4,'',1,6800,4,'',1,3800,4,'',1,7400,4,'',1,7500,4,'',1,2900,4,'',1,7500,4,'',1,3500,4,'',1
'136.0.2',989901,224840,4,'',1,8200,4,'',1,8400,4,'',1,8700,4,'',1,4470,4,'',1,8700,4,'',1
'136.0.3',989901,230000,4,'',1,4600,4,'',1,8240,4,'',1,8600,4,'',1,4300,4,'',1,8300,4,'',1
'136.0.80',989901,230000,4,'',1,4600,4,'',1,8240,4,'',1,8600,4,'',1,4300,4,'',1,8300,4,'',1
'136.0.81',989901,230000,4,'',1,4600,4,'',1,8240,4,'',1,8600,4,'',1,4300,4,'',1,8300,4,'',1
