'130.0.2',200,90100,4,'',1,3800,4,'',1,7800,4,'',1,4200,4,'',1,7800,4,'',1,7800,4,'',1,4300,4,'',1,7900,4,'',1,7900,4,'',1,3900,4,'',1,7900,4,'',1,7900,4,'',1,3900,4,'',1,7900,4,'',1,7800,4,'',1,4000,4,'',1,7900,4,'',1,7300,4,'',1,3700,4,'',1,7500,4,'',1,3600,4,'',1,7200,4,'',1,3600,4,'',1,7600,4,'',1,7300,4,'',1,3600,4,'',1
'130.0.2',201,75500,,'',1,7800,,'',1,7400,,'',1,3800,,'',1,7800,,'',1,8200,,'',1,3800,,'',1,7800,,'',1,8300,,'',1,3900,,'',1,7900,,'',1,7900,,'',1,3900,,'',1,7900,,'',1,3900,,'',1,7900,,'',1,7700,,'',1,4100,,'',1,7800,,'',1,7300,,'',1,3700,,'',1,7500,,'',1,3600,,'',1,7600,,'',1,7600,,'',1,3600,,'',1
'130.0.3',200,95000,4,'',1,15100,4,'',1,11100,4,'',1,11700,4,'',1,11500,4,'',1,11500,4,'',1,15500,4,'',1,11500,4,'',1,11500,4,'',1,11500,4,'',1,14800,4,'',1,10700,4,'',1,10300,4,'',1
'130.0.3',201,84400,,'',1,11100,,'',1,15100,,'',1,11100,,'',1,11800,,'',1,11500,,'',1,15500,,'',1,11500,,'',1,11500,,'',1,11500,,'',1,15500,,'',1,10700,,'',1,10700,,'',1
'130.0.74',200,90100,4,'',1,3800,4,'',1,7800,4,'',1,4200,4,'',1,7800,4,'',1,7800,4,'',1,4300,4,'',1,7900,4,'',1,7900,4,'',1,3900,4,'',1,7900,4,'',1,7900,4,'',1,3900,4,'',1,7900,4,'',1,7800,4,'',1,4000,4,'',1,7900,4,'',1,7300,4,'',1,3700,4,'',1,7500,4,'',1,3600,4,'',1,7200,4,'',1,3600,4,'',1,7600,4,'',1,7300,4,'',1,3600,4,'',1
'130.0.74',201,75500,,'',1,7800,,'',1,7400,,'',1,3800,,'',1,7800,,'',1,8200,,'',1,3800,,'',1,7800,,'',1,8300,,'',1,3900,,'',1,7900,,'',1,7900,,'',1,3900,,'',1,7900,,'',1,3900,,'',1,7900,,'',1,7700,,'',1,4100,,'',1,7800,,'',1,7300,,'',1,3700,,'',1,7500,,'',1,3600,,'',1,7600,,'',1,7600,,'',1,3600,,'',1
'130.0.75',200,90100,4,'',1,3800,4,'',1,7800,4,'',1,4200,4,'',1,7800,4,'',1,7800,4,'',1,4300,4,'',1,7900,4,'',1,7900,4,'',1,3900,4,'',1,7900,4,'',1,7900,4,'',1,3900,4,'',1,7900,4,'',1,7800,4,'',1,4000,4,'',1,7900,4,'',1,7300,4,'',1,3700,4,'',1,7500,4,'',1,3600,4,'',1,7200,4,'',1,3600,4,'',1,7600,4,'',1,7300,4,'',1,3600,4,'',1
'130.0.75',201,75500,,'',1,7800,,'',1,7400,,'',1,3800,,'',1,7800,,'',1,8200,,'',1,3800,,'',1,7800,,'',1,8300,,'',1,3900,,'',1,7900,,'',1,7900,,'',1,3900,,'',1,7900,,'',1,3900,,'',1,7900,,'',1,7700,,'',1,4100,,'',1,7800,,'',1,7300,,'',1,3700,,'',1,7500,,'',1,3600,,'',1,7600,,'',1,7600,,'',1,3600,,'',1
'130.0.80',200,95000,4,'',1,15100,4,'',1,11100,4,'',1,11700,4,'',1,11500,4,'',1,11500,4,'',1,15500,4,'',1,11500,4,'',1,11500,4,'',1,11500,4,'',1,14800,4,'',1,10700,4,'',1,10300,4,'',1
'130.0.80',201,84400,,'',1,11100,,'',1,15100,,'',1,11100,,'',1,11800,,'',1,11500,,'',1,15500,,'',1,11500,,'',1,11500,,'',1,11500,,'',1,15500,,'',1,10700,,'',1,10700,,'',1
'130.0.81',200,95000,4,'',1,15100,4,'',1,11100,4,'',1,11700,4,'',1,11500,4,'',1,11500,4,'',1,15500,4,'',1,11500,4,'',1,11500,4,'',1,11500,4,'',1,14800,4,'',1,10700,4,'',1,10300,4,'',1
'130.0.81',201,84400,,'',1,11100,,'',1,15100,,'',1,11100,,'',1,11800,,'',1,11500,,'',1,15500,,'',1,11500,,'',1,11500,,'',1,11500,,'',1,15500,,'',1,10700,,'',1,10700,,'',1
'130.0.82',200,95000,4,'',1,15100,4,'',1,11100,4,'',1,11700,4,'',1,11500,4,'',1,11500,4,'',1,15500,4,'',1,11500,4,'',1,11500,4,'',1,11500,4,'',1,14800,4,'',1,10700,4,'',1,10300,4,'',1
'130.0.82',201,84400,,'',1,11100,,'',1,15100,,'',1,11100,,'',1,11800,,'',1,11500,,'',1,15500,,'',1,11500,,'',1,11500,,'',1,11500,,'',1,15500,,'',1,10700,,'',1,10700,,'',1
'130.0.1',1400,55500,4,'',1,6700,4,'',1,2900,4,'',1,7300,4,'',1,3000,4,'',1,7100,4,'',1,2300,4,'',1,7500,4,'',1,3100,4,'',1,7300,4,'',1,7400,4,'',1,3500,4,'',1,7400,4,'',1,3300,4,'',1,7300,4,'',1,3300,4,'',1,7300,4,'',1,8000,4,'',1,3200,4,'',1,7500,4,'',1,3300,4,'',1,7600,4,'',1,3100,4,'',1,7100,4,'',1,3500,4,'',1,7100,4,'',1,2500,4,'',1,7600,4,'',1,8100,4,'',1
'130.0.1',1401,60000,,'',1,3000,,'',1,2900,,'',1,7100,,'',1,7000,,'',1,3000,,'',1,7000,,'',1,3000,,'',1,7300,,'',1,3300,,'',1,7300,,'',1,3300,,'',1,7300,,'',1,3300,,'',1,7300,,'',1,3300,,'',1,7400,,'',1,7900,,'',1,3800,,'',1,7800,,'',1,3100,,'',1,7100,,'',1,3100,,'',1,7100,,'',1,7300,,'',1,3200,,'',1
