'130.0.1',9900,43500,,'',1,7500,,'',1,3500,,'',1,7500,,'',1,8600,,'',1,3600,,'',1,7200,,'',1,3200,,'',1,7200,,'',1,3200,,'',1,7200,,'',1,3200,,'',1,9300,,'',1,9100,,'',1,9100,,'',1,9100,,'',1,9100,,'',1,3000,,'',1,7000,,'',1,3200,,'',1,7200,,'',1,3200,,'',1,7200,,'',1,3200,,'',1,7200,,'',1,9200,,'',1
'130.0.1',9901,42900,4,'',1,7500,4,'',1,3500,4,'',1,7500,4,'',1,4300,4,'',1,7400,4,'',1,7200,4,'',1,3200,4,'',1,7200,4,'',1,3200,4,'',1,7200,4,'',1,3500,4,'',1,9100,4,'',1,9100,4,'',1,9100,4,'',1,9100,4,'',1,9100,4,'',1,5100,4,'',1,14900,4,'',1,3200,4,'',1,6800,4,'',1,3200,4,'',1,7200,4,'',1,3300,4,'',1,6700,4,'',1,2300,4,'',1,7700,4,'',1,3400,4,'',1,7400,4,'',1
'130.0.2',9900,55900,,'',1,7900,,'',1,7900,,'',1,3900,,'',1,7900,,'',1,7900,,'',1,3900,,'',1,8100,,'',1,8800,,'',1,9000,,'',1,9000,,'',1,5000,,'',1,9000,,'',1,9000,,'',1,9000,,'',1,9000,,'',1,9000,,'',1,5000,,'',1,8400,,'',1
'130.0.2',9901,55100,4,'',1,7900,4,'',1,7900,4,'',1,3900,4,'',1,7900,4,'',1,7900,4,'',1,3900,4,'',1,8400,4,'',1,8400,4,'',1,9000,4,'',1,5000,4,'',1,9200,4,'',1,9000,4,'',1,9000,4,'',1,9000,4,'',1,9000,4,'',1,5000,4,'',1,8600,4,'',1,8500,4,'',1,9500,4,'',1,3400,4,'',1,6300,4,'',1,8700,4,'',1
'130.0.3',9900,60400,,'',1,4000,,'',1,8000,,'',1,8000,,'',1,4200,,'',1,8000,,'',1,8000,,'',1,4000,,'',1,8000,,'',1,8500,,'',1,4500,,'',1,8500,,'',1,8500,,'',1,8500,,'',1,4500,,'',1,8500,,'',1,8500,,'',1,8500,,'',1,4500,,'',1,8300,,'',1,8400,,'',1
'130.0.3',9901,55400,4,'',1,8000,4,'',1,8000,4,'',1,4000,4,'',1,8000,4,'',1,8000,4,'',1,4500,4,'',1,8000,4,'',1,8000,4,'',1,4000,4,'',1,8900,4,'',1,8500,4,'',1,8500,4,'',1,8500,4,'',1,4500,4,'',1,8500,4,'',1,8500,4,'',1,8500,4,'',1,4500,4,'',1,8500,4,'',1,8500,4,'',1,3200,4,'',1,7700,4,'',1,8300,4,'',1
'130.0.74',9900,55900,,'',1,7900,,'',1,7900,,'',1,3900,,'',1,7900,,'',1,7900,,'',1,3900,,'',1,8100,,'',1,8800,,'',1,9000,,'',1,9000,,'',1,5000,,'',1,9000,,'',1,9000,,'',1,9000,,'',1,9000,,'',1,9000,,'',1,5000,,'',1,8400,,'',1
'130.0.74',9901,55100,4,'',1,7900,4,'',1,7900,4,'',1,3900,4,'',1,7900,4,'',1,7900,4,'',1,3900,4,'',1,8400,4,'',1,8400,4,'',1,9000,4,'',1,5000,4,'',1,9200,4,'',1,9000,4,'',1,9000,4,'',1,9000,4,'',1,9000,4,'',1,5000,4,'',1,8600,4,'',1,8500,4,'',1,9500,4,'',1,3400,4,'',1,6300,4,'',1,8700,4,'',1
'130.0.75',9900,55900,,'',1,7900,,'',1,7900,,'',1,3900,,'',1,7900,,'',1,7900,,'',1,3900,,'',1,8100,,'',1,8800,,'',1,9000,,'',1,9000,,'',1,5000,,'',1,9000,,'',1,9000,,'',1,9000,,'',1,9000,,'',1,9000,,'',1,5000,,'',1,8400,,'',1
'130.0.75',9901,55100,4,'',1,7900,4,'',1,7900,4,'',1,3900,4,'',1,7900,4,'',1,7900,4,'',1,3900,4,'',1,8400,4,'',1,8400,4,'',1,9000,4,'',1,5000,4,'',1,9200,4,'',1,9000,4,'',1,9000,4,'',1,9000,4,'',1,9000,4,'',1,5000,4,'',1,8600,4,'',1,8500,4,'',1,9500,4,'',1,3400,4,'',1,6300,4,'',1,8700,4,'',1
'130.0.80',9900,60400,,'',1,4000,,'',1,8000,,'',1,8000,,'',1,4200,,'',1,8000,,'',1,8000,,'',1,4000,,'',1,8000,,'',1,8500,,'',1,4500,,'',1,8500,,'',1,8500,,'',1,8500,,'',1,4500,,'',1,8500,,'',1,8500,,'',1,8500,,'',1,4500,,'',1,8300,,'',1,8400,,'',1
'130.0.80',9901,55400,4,'',1,8000,4,'',1,8000,4,'',1,4000,4,'',1,8000,4,'',1,8000,4,'',1,4500,4,'',1,8000,4,'',1,8000,4,'',1,4000,4,'',1,8900,4,'',1,8500,4,'',1,8500,4,'',1,8500,4,'',1,4500,4,'',1,8500,4,'',1,8500,4,'',1,8500,4,'',1,4500,4,'',1,8500,4,'',1,8500,4,'',1,3200,4,'',1,7700,4,'',1,8300,4,'',1
'130.0.81',9900,60400,,'',1,4000,,'',1,8000,,'',1,8000,,'',1,4200,,'',1,8000,,'',1,8000,,'',1,4000,,'',1,8000,,'',1,8500,,'',1,4500,,'',1,8500,,'',1,8500,,'',1,8500,,'',1,4500,,'',1,8500,,'',1,8500,,'',1,8500,,'',1,4500,,'',1,8300,,'',1,8400,,'',1
'130.0.81',9901,55400,4,'',1,8000,4,'',1,8000,4,'',1,4000,4,'',1,8000,4,'',1,8000,4,'',1,4500,4,'',1,8000,4,'',1,8000,4,'',1,4000,4,'',1,8900,4,'',1,8500,4,'',1,8500,4,'',1,8500,4,'',1,4500,4,'',1,8500,4,'',1,8500,4,'',1,8500,4,'',1,4500,4,'',1,8500,4,'',1,8500,4,'',1,3200,4,'',1,7700,4,'',1,8300,4,'',1
'130.0.82',9900,60400,,'',1,4000,,'',1,8000,,'',1,8000,,'',1,4200,,'',1,8000,,'',1,8000,,'',1,4000,,'',1,8000,,'',1,8500,,'',1,4500,,'',1,8500,,'',1,8500,,'',1,8500,,'',1,4500,,'',1,8500,,'',1,8500,,'',1,8500,,'',1,4500,,'',1,8300,,'',1,8400,,'',1
'130.0.82',9901,55400,4,'',1,8000,4,'',1,8000,4,'',1,4000,4,'',1,8000,4,'',1,8000,4,'',1,4500,4,'',1,8000,4,'',1,8000,4,'',1,4000,4,'',1,8900,4,'',1,8500,4,'',1,8500,4,'',1,8500,4,'',1,4500,4,'',1,8500,4,'',1,8500,4,'',1,8500,4,'',1,4500,4,'',1,8500,4,'',1,8500,4,'',1,3200,4,'',1,7700,4,'',1,8300,4,'',1
'130.0.1',989900,203400,,'',1,7800,,'',1,3800,,'',1,7800,,'',1,7500,,'',1,3500,,'',1,7500,,'',1,3500,,'',1,7500,0,'NB-Newmarket Term',1,3500,0,'NB-Newmarket Term',1,7500,0,'NB-Newmarket Term',1
'130.0.1',989901,225600,4,'',1,6800,4,'',1,7800,4,'',1,3400,4,'',1,7500,4,'',1,2900,4,'',1,7500,4,'',1,3500,4,'',1
'130.0.2',989900,203600,,'',1,8700,,'',1,8700,,'',1,4700,,'',1,8700,,'',1,8700,,'',1,8700,0,'NB-Newmarket Term',1,8700,0,'NB-Newmarket Term',1,4700,0,'NB-Newmarket Term',1
'130.0.2',989901,225100,4,'',1,8200,4,'',1,8400,4,'',1,8700,4,'',1,4400,4,'',1,8700,4,'',1
'130.0.3',989900,205500,,'',1,8600,,'',1,8600,,'',1,8600,,'',1,4600,,'',1,8600,,'',1,8600,0,'NB-Newmarket Term',1,8600,0,'NB-Newmarket Term',1,8600,0,'NB-Newmarket Term',1
'130.0.3',989901,230300,4,'',1,4600,4,'',1,8200,4,'',1,8600,4,'',1,8300,4,'',1,4300,4,'',1
'130.0.74',989900,203600,,'',1,8700,,'',1,8700,,'',1,4700,,'',1,8700,,'',1,8700,,'',1,8700,0,'NB-Newmarket Term',1,8700,0,'NB-Newmarket Term',1,4700,0,'NB-Newmarket Term',1
'130.0.74',989901,225100,4,'',1,8200,4,'',1,8400,4,'',1,8700,4,'',1,4400,4,'',1,8700,4,'',1
'130.0.75',989900,203600,,'',1,8700,,'',1,8700,,'',1,4700,,'',1,8700,,'',1,8700,,'',1,8700,0,'NB-Newmarket Term',1,8700,0,'NB-Newmarket Term',1,4700,0,'NB-Newmarket Term',1
'130.0.75',989901,225100,4,'',1,8200,4,'',1,8400,4,'',1,8700,4,'',1,4400,4,'',1,8700,4,'',1
'130.0.80',989900,205500,,'',1,8600,,'',1,8600,,'',1,8600,,'',1,4600,,'',1,8600,,'',1,8600,0,'NB-Newmarket Term',1,8600,0,'NB-Newmarket Term',1,8600,0,'NB-Newmarket Term',1
'130.0.80',989901,230300,4,'',1,4600,4,'',1,8200,4,'',1,8600,4,'',1,8300,4,'',1,4300,4,'',1
'130.0.81',989900,205500,,'',1,8600,,'',1,8600,,'',1,8600,,'',1,4600,,'',1,8600,,'',1,8600,0,'NB-Newmarket Term',1,8600,0,'NB-Newmarket Term',1,8600,0,'NB-Newmarket Term',1
'130.0.81',989901,230300,4,'',1,4600,4,'',1,8200,4,'',1,8600,4,'',1,8300,4,'',1,4300,4,'',1
'130.0.82',989900,205500,,'',1,8600,,'',1,8600,,'',1,8600,,'',1,4600,,'',1,8600,,'',1,8600,0,'NB-Newmarket Term',1,8600,0,'NB-Newmarket Term',1,8600,0,'NB-Newmarket Term',1
'130.0.82',989901,230300,4,'',1,4600,4,'',1,8200,4,'',1,8600,4,'',1,8300,4,'',1,4300,4,'',1
