'131.0.1',100,43500,4,'',1,7800,4,'',1,2800,4,'',1,8300,4,'',1,7800,4,'',1,4600,4,'',1,7800,4,'',1,2900,4,'',1,7800,4,'',1,7200,4,'',1,10700,4,'',1,11300,4,'',1,11300,4,'',1,11300,4,'',1,8800,4,'',1,8300,4,'',1,2500,4,'',1,8200,4,'',1,7100,4,'',1,3600,4,'',1,7400,4,'',1,2100,4,'',1,2500,4,'',1,10000,4,'',1,14600,4,'',1,10000,4,'',1,4900,4,'',1,9600,4,'',1,8900,4,'',1,9500,4,'',1
'131.0.1',101,44000,,'',1,7800,,'',1,2800,,'',1,8400,,'',1,7800,,'',1,2900,,'',1,1900,,'',1,8200,,'',1,7200,,'',1,3200,,'',1,6900,,'',1,10900,,'',1,11300,,'',1,11300,,'',1,7600,,'',1,3700,,'',1,6400,,'',1,3400,,'',1,7400,,'',1,7400,,'',1,3400,,'',1,7400,,'',1,3400,,'',1,7400,,'',1,8200,,'',1,10000,,'',1,10400,,'',1,10100,,'',1,4900,,'',1,9500,,'',1
'131.0.2',100,63500,4,'',1,10200,4,'',1,10400,4,'',1,10400,4,'',1,10400,4,'',1,10400,4,'',1,14700,4,'',1,5200,4,'',1,9300,4,'',1,9300,4,'',1,9300,4,'',1,9300,4,'',1,9400,4,'',1,9300,4,'',1,9300,4,'',1,2600,4,'',1,10000,4,'',1,10000,4,'',1,10000,4,'',1,10000,4,'',1,10000,4,'',1,9400,4,'',1
'131.0.2',101,64000,,'',1,10400,,'',1,10400,,'',1,10400,,'',1,10400,,'',1,14400,,'',1,10800,,'',1,9300,,'',1,5300,,'',1,9300,,'',1,9300,,'',1,9300,,'',1,9300,,'',1,9300,,'',1,9300,,'',1,2500,,'',1,10000,,'',1,10000,,'',1,10000,,'',1,10000,,'',1,10000,,'',1
'131.0.3',100,81700,4,'',1,9700,4,'',1,9900,4,'',1,10400,4,'',1,11200,4,'',1,12400,4,'',1,15400,4,'',1,11500,4,'',1,11400,4,'',1,10500,4,'',1,11100,4,'',1,9800,4,'',1,9400,4,'',1,10100,4,'',1,10000,4,'',1,9800,4,'',1
'131.0.3',101,82200,,'',1,9900,,'',1,9900,,'',1,10400,,'',1,11400,,'',1,16400,,'',1,11400,,'',1,11400,,'',1,11400,,'',1,10400,,'',1,11000,,'',1,10000,,'',1,9500,,'',1,10000,,'',1,10000,,'',1
'131.0.80',100,81700,4,'',1,9700,4,'',1,9900,4,'',1,10400,4,'',1,11200,4,'',1,12400,4,'',1,15400,4,'',1,11500,4,'',1,11400,4,'',1,10500,4,'',1,11100,4,'',1,9800,4,'',1,9400,4,'',1,10100,4,'',1,10000,4,'',1,9800,4,'',1
'131.0.80',101,82200,,'',1,9900,,'',1,9900,,'',1,10400,,'',1,11400,,'',1,16400,,'',1,11400,,'',1,11400,,'',1,11400,,'',1,10400,,'',1,11000,,'',1,10000,,'',1,9500,,'',1,10000,,'',1,10000,,'',1
'131.0.81',100,81700,4,'',1,9700,4,'',1,9900,4,'',1,10400,4,'',1,11200,4,'',1,12400,4,'',1,15400,4,'',1,11500,4,'',1,11400,4,'',1,10500,4,'',1,11100,4,'',1,9800,4,'',1,9400,4,'',1,10100,4,'',1,10000,4,'',1,9800,4,'',1
'131.0.81',101,82200,,'',1,9900,,'',1,9900,,'',1,10400,,'',1,11400,,'',1,16400,,'',1,11400,,'',1,11400,,'',1,11400,,'',1,10400,,'',1,11000,,'',1,10000,,'',1,9500,,'',1,10000,,'',1,10000,,'',1
