'131.0.1',5000,54300,,'',1,6900,,'',1,2900,,'',1,7100,,'',1,3100,,'',1,7100,,'',1,3800,,'',1,6200,,'',1,3200,,'',1,7500,,'',1,3400,,'',1,7800,,'',1,7800,,'',1,3800,,'',1,7300,,'',1,9200,,'',1,3300,,'',1,8800,,'',1,2100,,'',1,7700,,'',1,7200,,'',1,3200,,'',1,7200,,'',1,3200,,'',1,6800,,'',1,3900,,'',1,8000,,'',1,8000,,'',1,4000,,'',1,7500,,'',1
'131.0.1',5001,52000,4,'',1,8400,4,'',1,5500,4,'',1,7100,4,'',1,7100,4,'',1,3400,4,'',1,6900,4,'',1,2500,4,'',1,7900,4,'',1,3800,4,'',1,7400,4,'',1,3800,4,'',1,7800,4,'',1,7800,4,'',1,3800,4,'',1,7400,4,'',1,7800,4,'',1,4300,4,'',1,7700,4,'',1,3200,4,'',1,5300,4,'',1,4200,4,'',1,6900,4,'',1,2700,4,'',1,7200,4,'',1,2600,4,'',1,6900,4,'',1,3400,4,'',1,9200,4,'',1,7500,4,'',1,4000,4,'',1,7600,4,'',1
'131.0.2',5000,60000,,'',1,5400,,'',1,9400,,'',1,9400,,'',1,9400,,'',1,9400,,'',1,9400,,'',1,9300,,'',1,9400,,'',1,9400,,'',1,5400,,'',1,9400,,'',1,9500,,'',1,9600,,'',1,9600,,'',1,9500,,'',1,9500,,'',1,9500,,'',1,9500,,'',1
'131.0.2',5001,73300,4,'',1,9400,4,'',1,9400,4,'',1,9400,4,'',1,9400,4,'',1,10000,4,'',1,9400,4,'',1,5400,4,'',1,9300,4,'',1,9500,4,'',1,9600,4,'',1,9600,4,'',1,9500,4,'',1,9500,4,'',1,9500,4,'',1,9000,4,'',1,9200,4,'',1,5000,4,'',1
'131.0.3',5000,60000,,'',1,12100,,'',1,12100,,'',1,16100,,'',1,12100,,'',1,12100,,'',1,16100,,'',1,12100,,'',1,12100,,'',1,16100,,'',1,12500,,'',1,12100,,'',1,16500,,'',1
'131.0.3',5001,83300,4,'',1,12100,4,'',1,16100,4,'',1,12100,4,'',1,12100,4,'',1,16200,4,'',1,12100,4,'',1,11900,4,'',1,16700,4,'',1,11700,4,'',1,11500,4,'',1,15900,4,'',1
'131.0.80',5000,60000,,'',1,12100,,'',1,12100,,'',1,16100,,'',1,12100,,'',1,12100,,'',1,16100,,'',1,12100,,'',1,12100,,'',1,16100,,'',1,12500,,'',1,12100,,'',1,16500,,'',1
'131.0.80',5001,83300,4,'',1,12100,4,'',1,16100,4,'',1,12100,4,'',1,12100,4,'',1,16200,4,'',1,12100,4,'',1,11900,4,'',1,16700,4,'',1,11700,4,'',1,11500,4,'',1,15900,4,'',1
'131.0.81',5000,60000,,'',1,12100,,'',1,12100,,'',1,16100,,'',1,12100,,'',1,12100,,'',1,16100,,'',1,12100,,'',1,12100,,'',1,16100,,'',1,12500,,'',1,12100,,'',1,16500,,'',1
'131.0.81',5001,83300,4,'',1,12100,4,'',1,16100,4,'',1,12100,4,'',1,12100,4,'',1,16200,4,'',1,12100,4,'',1,11900,4,'',1,16700,4,'',1,11700,4,'',1,11500,4,'',1,15900,4,'',1
