'138.0.1',8800,55300,4,'',1,5400,4,'',1,1400,4,'',1,1400,4,'',1,1400,4,'',1,5400,4,'',1,2100,4,'',1,1400,4,'',1,1400,4,'',1,6000,4,'',1,1500,4,'',1,700,4,'',1,800,4,'',1,5800,4,'',1,1500,4,'',1,1200,4,'',1,1500,4,'',1,800,4,'',1,5500,4,'',1,1500,4,'',1,1500,4,'',1,1500,4,'',1,5500,4,'',1,1500,4,'',1,8200,4,'',1,3700,4,'',1,7700,4,'',1,3700,4,'',1,8000,4,'',1,1500,4,'',1,5200,4,'',1,1800,4,'',1,1900,4,'',1,1700,4,'',1,5400,4,'',1,1500,4,'',1,1500,4,'',1,1200,4,'',1,5500,4,'',1,1800,4,'',1,1500,4,'',1,1500,4,'',1,5500,4,'',1,1100,4,'',1,1500,4,'',1,1300,4,'',1,5500,4,'',1,1200,4,'',1,1400,4,'',1,1300,4,'',1,1400,4,'',1,4900,4,'',1,1400,4,'',1,1400,4,'',1,1400,4,'',1,7900,4,'',1,7500,4,'',1,3900,4,'',1,7900,4,'',1,3600,4,'',1
'138.0.1',8801,60800,,'',1,1400,,'',1,1400,,'',1,1400,,'',1,5900,,'',1,1500,,'',1,1000,,'',1,2000,,'',1,5500,,'',1,1500,,'',1,1500,,'',1,1500,,'',1,5500,,'',1,1500,,'',1,1500,,'',1,1500,,'',1,5500,,'',1,1500,,'',1,3500,,'',1,7700,,'',1,7700,,'',1,3700,,'',1,7700,,'',1,7400,,'',1,1800,,'',1,1600,,'',1,1100,,'',1,5500,,'',1,1500,,'',1,1500,,'',1,1500,,'',1,5500,,'',1,1500,,'',1,1500,,'',1,1500,,'',1,5500,,'',1,1500,,'',1,1500,,'',1,1500,,'',1,5500,,'',1,1400,,'',1,1100,,'',1,1400,,'',1,1400,,'',1,5400,,'',1,1400,,'',1,1400,,'',1,1400,,'',1,5400,,'',1,1400,,'',1,3300,,'',1,7900,,'',1,7900,,'',1,3900,,'',1,7900,,'',1
'138.0.2',8800,53500,4,'',1,7400,4,'',1,3400,4,'',1,7100,4,'',1,3000,4,'',1,7400,4,'',1,3800,4,'',1,7400,4,'',1,7600,4,'',1,3600,4,'',1,7600,4,'',1,3400,4,'',1,8000,4,'',1,7600,4,'',1,3600,4,'',1,7600,4,'',1,3800,4,'',1,7600,4,'',1,7600,4,'',1,3600,4,'',1,7600,4,'',1,3600,4,'',1,7600,4,'',1,7500,4,'',1,3200,4,'',1,7600,4,'',1,3200,4,'',1,7200,4,'',1,3200,4,'',1,7200,4,'',1,2900,4,'',1,7200,4,'',1,3200,4,'',1
'138.0.2',8801,54500,,'',1,7400,,'',1,3400,,'',1,7400,,'',1,7300,,'',1,3500,,'',1,7400,,'',1,3400,,'',1,7400,,'',1,3700,,'',1,7600,,'',1,7600,,'',1,3800,,'',1,7600,,'',1,3600,,'',1,7600,,'',1,7800,,'',1,3600,,'',1,7600,,'',1,3200,,'',1,7600,,'',1,7600,,'',1,3700,,'',1,7500,,'',1,3600,,'',1,7600,,'',1,7300,,'',1,3000,,'',1,7200,,'',1,3200,,'',1
'138.0.3',8800,73500,4,'',1,7300,4,'',1,3300,4,'',1,6800,4,'',1,3300,4,'',1,7600,4,'',1,3300,4,'',1,7300,4,'',1,3300,4,'',1,7300,4,'',1,7300,4,'',1,3300,4,'',1,7300,4,'',1,3000,4,'',1,6700,4,'',1,2700,4,'',1,6700,4,'',1,2700,4,'',1,2700,4,'',1,6400,4,'',1,2700,4,'',1,6700,4,'',1,2700,4,'',1,6600,4,'',1,2700,4,'',1,2700,4,'',1,6700,4,'',1,2700,4,'',1,6700,4,'',1,2700,4,'',1,6100,4,'',1
'138.0.3',8801,74000,,'',1,7300,,'',1,3300,,'',1,7300,,'',1,3300,,'',1,7300,,'',1,3300,,'',1,7300,,'',1,7300,,'',1,2700,,'',1,2700,,'',1,6700,,'',1,2700,,'',1,6700,,'',1,2700,,'',1,6700,,'',1,2700,,'',1,6700,,'',1,2700,,'',1,6700,,'',1,2700,,'',1,2700,,'',1,6700,,'',1,2700,,'',1,6700,,'',1,2700,,'',1,6700,,'',1,2700,,'',1
'138.0.74',8800,53500,4,'',1,7400,4,'',1,3400,4,'',1,7100,4,'',1,3000,4,'',1,7400,4,'',1,3800,4,'',1,7400,4,'',1,7600,4,'',1,3600,4,'',1,7600,4,'',1,3400,4,'',1,8000,4,'',1,7600,4,'',1,3600,4,'',1,7600,4,'',1,3800,4,'',1,7600,4,'',1,7600,4,'',1,3600,4,'',1,7600,4,'',1,3600,4,'',1,7600,4,'',1,7500,4,'',1,3200,4,'',1,7600,4,'',1,3200,4,'',1,7200,4,'',1,3200,4,'',1,7200,4,'',1,2900,4,'',1,7200,4,'',1,3200,4,'',1
'138.0.74',8801,54500,,'',1,7400,,'',1,3400,,'',1,7400,,'',1,7300,,'',1,3500,,'',1,7400,,'',1,3400,,'',1,7400,,'',1,3700,,'',1,7600,,'',1,7600,,'',1,3800,,'',1,7600,,'',1,3600,,'',1,7600,,'',1,7800,,'',1,3600,,'',1,7600,,'',1,3200,,'',1,7600,,'',1,7600,,'',1,3700,,'',1,7500,,'',1,3600,,'',1,7600,,'',1,7300,,'',1,3000,,'',1,7200,,'',1,3200,,'',1
'138.0.75',8800,53500,4,'',1,7400,4,'',1,3400,4,'',1,7100,4,'',1,3000,4,'',1,7400,4,'',1,3800,4,'',1,7400,4,'',1,7600,4,'',1,3600,4,'',1,7600,4,'',1,3400,4,'',1,8000,4,'',1,7600,4,'',1,3600,4,'',1,7600,4,'',1,3800,4,'',1,7600,4,'',1,7600,4,'',1,3600,4,'',1,7600,4,'',1,3600,4,'',1,7600,4,'',1,7500,4,'',1,3200,4,'',1,7600,4,'',1,3200,4,'',1,7200,4,'',1,3200,4,'',1,7200,4,'',1,2900,4,'',1,7200,4,'',1,3200,4,'',1
'138.0.75',8801,54500,,'',1,7400,,'',1,3400,,'',1,7400,,'',1,7300,,'',1,3500,,'',1,7400,,'',1,3400,,'',1,7400,,'',1,3700,,'',1,7600,,'',1,7600,,'',1,3800,,'',1,7600,,'',1,3600,,'',1,7600,,'',1,7800,,'',1,3600,,'',1,7600,,'',1,3200,,'',1,7600,,'',1,7600,,'',1,3700,,'',1,7500,,'',1,3600,,'',1,7600,,'',1,7300,,'',1,3000,,'',1,7200,,'',1,3200,,'',1
'138.0.80',8800,73500,4,'',1,7300,4,'',1,3300,4,'',1,6800,4,'',1,3300,4,'',1,7600,4,'',1,3300,4,'',1,7300,4,'',1,3300,4,'',1,7300,4,'',1,7300,4,'',1,3300,4,'',1,7300,4,'',1,3000,4,'',1,6700,4,'',1,2700,4,'',1,6700,4,'',1,2700,4,'',1,2700,4,'',1,6400,4,'',1,2700,4,'',1,6700,4,'',1,2700,4,'',1,6600,4,'',1,2700,4,'',1,2700,4,'',1,6700,4,'',1,2700,4,'',1,6700,4,'',1,2700,4,'',1,6100,4,'',1
'138.0.80',8801,74000,,'',1,7300,,'',1,3300,,'',1,7300,,'',1,3300,,'',1,7300,,'',1,3300,,'',1,7300,,'',1,7300,,'',1,2700,,'',1,2700,,'',1,6700,,'',1,2700,,'',1,6700,,'',1,2700,,'',1,6700,,'',1,2700,,'',1,6700,,'',1,2700,,'',1,6700,,'',1,2700,,'',1,2700,,'',1,6700,,'',1,2700,,'',1,6700,,'',1,2700,,'',1,6700,,'',1,2700,,'',1
'138.35070.3',8800,223500,4,'',1,6700,4,'',1,2700,4,'',1,2700,4,'',1,6700,4,'',1,2700,4,'',1,6700,4,'',1,2700,4,'',1,6700,4,'',1,2700,4,'',1,6700,4,'',1,2700,4,'',1,2700,4,'',1
'138.35070.3',8801,210400,,'',1,2700,,'',1,2700,,'',1,6700,,'',1,2700,,'',1,6700,,'',1,2700,,'',1,6700,,'',1,2700,,'',1,6700,,'',1,2700,,'',1,6700,,'',1
