'131.0.1',1600,53400,,'',1,6800,,'',1,2800,,'',1,2800,,'',1,6800,,'',1,2800,,'',1,6800,,'',1,3200,,'',1,7200,,'',1,7400,,'',1,3100,,'',1,7200,,'',1,3300,,'',1,7300,,'',1,3300,,'',1,7300,,'',1,3200,,'',1,7200,,'',1,3200,,'',1,7200,,'',1,3200,,'',1,6900,,'',1,2900,,'',1,6900,,'',1,2900,,'',1,6900,,'',1,2900,,'',1,7000,,'',1,3100,,'',1,7600,,'',1,2600,,'',1,7600,,'',1,7600,,'',1,3600,,'',1,7600,,'',1,3600,,'',1
'131.0.1',1601,52900,4,'',1,2800,4,'',1,6800,4,'',1,1100,4,'',1,7500,4,'',1,2800,4,'',1,7700,4,'',1,2800,4,'',1,6800,4,'',1,2800,4,'',1,1300,4,'',1,7000,4,'',1,3200,4,'',1,7400,4,'',1,7200,4,'',1,3200,4,'',1,7200,4,'',1,3200,4,'',1,7200,4,'',1,3200,4,'',1,7200,4,'',1,3400,4,'',1,7000,4,'',1,2800,4,'',1,6800,4,'',1,3100,4,'',1,6800,4,'',1,2800,4,'',1,6800,4,'',1,2800,4,'',1,1600,4,'',1,6800,4,'',1,2700,4,'',1,7300,4,'',1,3400,4,'',1,7800,4,'',1,7600,4,'',1,3600,4,'',1
'131.0.2',1600,64300,,'',1,8000,,'',1,8000,,'',1,4100,,'',1,8100,,'',1,8200,,'',1,4200,,'',1,8200,,'',1,8200,,'',1,4200,,'',1,8200,,'',1,8200,,'',1,8200,,'',1,4200,,'',1,8200,,'',1,8200,,'',1,4100,,'',1,8100,,'',1,8100,,'',1,4100,,'',1,8100,,'',1,8200,,'',1,4200,,'',1,8200,,'',1,8400,,'',1
'131.0.2',1601,63800,4,'',1,8000,4,'',1,3100,4,'',1,8400,4,'',1,8500,4,'',1,8200,4,'',1,4200,4,'',1,8200,4,'',1,8400,4,'',1,4200,4,'',1,7900,4,'',1,8200,4,'',1,4400,4,'',1,8200,4,'',1,8200,4,'',1,8200,4,'',1,3800,4,'',1,8100,4,'',1,8000,4,'',1,4100,4,'',1,8000,4,'',1,8100,4,'',1,4100,4,'',1,8000,4,'',1,7900,4,'',1,4000,4,'',1
'131.0.3',1600,83900,,'',1,9800,,'',1,9800,,'',1,9800,,'',1,9800,,'',1,9800,,'',1,9800,,'',1,9800,,'',1,9800,,'',1,9800,,'',1,9800,,'',1,10000,,'',1,10000,,'',1,10600,,'',1
'131.0.3',1601,83400,4,'',1,9800,4,'',1,9800,4,'',1,9800,4,'',1,9800,4,'',1,9800,4,'',1,9800,4,'',1,9700,4,'',1,9800,4,'',1,9800,4,'',1,9800,4,'',1,9800,4,'',1,9800,4,'',1,9800,4,'',1,9800,4,'',1
'131.0.80',1600,83900,,'',1,9800,,'',1,9800,,'',1,9800,,'',1,9800,,'',1,9800,,'',1,9800,,'',1,9800,,'',1,9800,,'',1,9800,,'',1,9800,,'',1,10000,,'',1,10000,,'',1,10600,,'',1
'131.0.80',1601,83400,4,'',1,9800,4,'',1,9800,4,'',1,9800,4,'',1,9800,4,'',1,9800,4,'',1,9800,4,'',1,9700,4,'',1,9800,4,'',1,9800,4,'',1,9800,4,'',1,9800,4,'',1,9800,4,'',1,9800,4,'',1,9800,4,'',1
'131.0.81',1600,83900,,'',1,9800,,'',1,9800,,'',1,9800,,'',1,9800,,'',1,9800,,'',1,9800,,'',1,9800,,'',1,9800,,'',1,9800,,'',1,9800,,'',1,10000,,'',1,10000,,'',1,10600,,'',1
'131.0.81',1601,83400,4,'',1,9800,4,'',1,9800,4,'',1,9800,4,'',1,9800,4,'',1,9800,4,'',1,9800,4,'',1,9700,4,'',1,9800,4,'',1,9800,4,'',1,9800,4,'',1,9800,4,'',1,9800,4,'',1,9800,4,'',1,9800,4,'',1
