'136.0.1',5000,64900,4,'',1,7200,4,'',1,3200,4,'',1,7800,4,'',1,7200,4,'',1,3200,4,'',1,7200,4,'',1,3200,4,'',1,7200,4,'',1,3200,4,'',1,7200,4,'',1,3200,4,'',1,7200,4,'',1,3700,4,'',1,7200,4,'',1,7200,4,'',1,3200,4,'',1,7200,4,'',1,3200,4,'',1,7200,4,'',1,3200,4,'',1,6900,4,'',1,3000,4,'',1,7200,4,'',1,3200,4,'',1,6700,4,'',1,2800,4,'',1,7200,4,'',1,4700,4,'',1,7600,4,'',1,8000,4,'',1,3500,4,'',1
'136.0.1',5001,40500,,'',1,4400,,'',1,8400,,'',1,7200,,'',1,3200,,'',1,7200,,'',1,3200,,'',1,7200,,'',1,3200,,'',1,7200,,'',1,3200,,'',1,7200,,'',1,3200,,'',1,7200,,'',1,3200,,'',1,7200,,'',1,7200,,'',1,3200,,'',1,7200,,'',1,3200,,'',1,7200,,'',1,3200,,'',1,7200,,'',1,3200,,'',1,7200,,'',1,3200,,'',1,7200,,'',1,3200,,'',1,7200,,'',1,8000,,'',1,4000,,'',1,8000,,'',1,8000,,'',1,3500,,'',1
'136.0.2',5000,70600,4,'',1,5300,4,'',1,9700,4,'',1,9300,4,'',1,10100,4,'',1,9800,4,'',1,9800,4,'',1,10100,4,'',1,9800,4,'',1,9800,4,'',1,9500,4,'',1,10100,4,'',1,9200,4,'',1,9200,4,'',1,9200,4,'',1,9200,4,'',1,5200,4,'',1,9000,4,'',1,8600,4,'',1
'136.0.2',5001,62400,,'',1,9300,,'',1,9300,,'',1,9300,,'',1,5300,,'',1,14500,,'',1,5800,,'',1,9800,,'',1,9800,,'',1,9800,,'',1,9800,,'',1,9800,,'',1,9800,,'',1,9200,,'',1,9100,,'',1,9200,,'',1,9200,,'',1,9200,,'',1
'136.0.3',5000,70800,4,'',1,11900,4,'',1,11900,4,'',1,16600,4,'',1,13000,4,'',1,16900,4,'',1,12600,4,'',1,16300,4,'',1,12600,4,'',1,11700,4,'',1,15700,4,'',1,11200,4,'',1,11500,4,'',1
'136.0.3',5001,71500,,'',1,11900,,'',1,11900,,'',1,17400,,'',1,12600,,'',1,16600,,'',1,12600,,'',1,16600,,'',1,12200,,'',1,11700,,'',1,15700,,'',1,11200,,'',1
'136.0.80',5000,70800,4,'',1,11900,4,'',1,11900,4,'',1,16600,4,'',1,13000,4,'',1,16900,4,'',1,12600,4,'',1,16300,4,'',1,12600,4,'',1,11700,4,'',1,15700,4,'',1,11200,4,'',1,11500,4,'',1
'136.0.80',5001,71500,,'',1,11900,,'',1,11900,,'',1,17400,,'',1,12600,,'',1,16600,,'',1,12600,,'',1,16600,,'',1,12200,,'',1,11700,,'',1,15700,,'',1,11200,,'',1
'136.0.81',5000,70800,4,'',1,11900,4,'',1,11900,4,'',1,16600,4,'',1,13000,4,'',1,16900,4,'',1,12600,4,'',1,16300,4,'',1,12600,4,'',1,11700,4,'',1,15700,4,'',1,11200,4,'',1,11500,4,'',1
'136.0.81',5001,71500,,'',1,11900,,'',1,11900,,'',1,17400,,'',1,12600,,'',1,16600,,'',1,12600,,'',1,16600,,'',1,12200,,'',1,11700,,'',1,15700,,'',1,11200,,'',1
