'137.0.1',60300,52500,4,'',1,2000,4,'',1,6300,4,'',1,2200,4,'',1,2400,4,'',1,5800,4,'',1,2500,4,'',1,1800,4,'',1,5800,4,'',1,2200,4,'',1,1800,4,'',1,5800,4,'',1,1800,4,'',1,1800,4,'',1,5600,4,'',1,2200,4,'',1,2600,4,'',1,6600,4,'',1,2800,4,'',1,6600,4,'',1,2600,4,'',1,6600,4,'',1,2700,4,'',1,2600,4,'',1,6600,4,'',1,2600,4,'',1,6600,4,'',1,2700,4,'',1,1800,4,'',1,5800,4,'',1,1800,4,'',1,1800,4,'',1,5800,4,'',1,1800,4,'',1,1800,4,'',1,5900,4,'',1,1800,4,'',1,1600,4,'',1,1800,4,'',1,5100,4,'',1,1800,4,'',1,2400,4,'',1,8000,4,'',1,8000,4,'',1,3400,4,'',1,8000,4,'',1,8200,4,'',1,4000,4,'',1,7800,4,'',1,8200,4,'',1
'137.0.1',60301,54600,,'',1,6000,,'',1,2400,,'',1,1800,,'',1,5800,,'',1,1800,,'',1,1800,,'',1,5800,,'',1,1800,,'',1,1800,,'',1,1800,,'',1,5800,,'',1,2100,,'',1,2600,,'',1,6600,,'',1,2600,,'',1,6600,,'',1,2600,,'',1,6600,,'',1,2600,,'',1,6600,,'',1,2600,,'',1,2600,,'',1,6600,,'',1,2500,,'',1,5800,,'',1,1800,,'',1,1800,,'',1,1800,,'',1,5800,,'',1,1800,,'',1,1800,,'',1,5800,,'',1,1800,,'',1,1800,,'',1,5800,,'',1,1800,,'',1,1800,,'',1,6600,,'',1,4000,,'',1,8000,,'',1,8000,,'',1,4500,,'',1,8900,,'',1,8200,,'',1,8200,,'',1
'137.0.2',60300,55700,4,'',1,8200,4,'',1,8000,4,'',1,8200,4,'',1,4000,4,'',1,8500,4,'',1,8500,4,'',1,4200,4,'',1,7800,4,'',1,7800,4,'',1,4300,4,'',1,7400,4,'',1,7800,4,'',1,3800,4,'',1,7800,4,'',1,3900,4,'',1,7800,4,'',1,7800,4,'',1,3300,4,'',1,8100,4,'',1,7600,4,'',1,3800,4,'',1,7600,4,'',1,4000,4,'',1,7900,4,'',1,7600,4,'',1,4400,4,'',1,8900,4,'',1,9200,4,'',1
'137.0.2',60301,54300,,'',1,8000,,'',1,8000,,'',1,4000,,'',1,8000,,'',1,8000,,'',1,4000,,'',1,8000,,'',1,8400,,'',1,3800,,'',1,7800,,'',1,7800,,'',1,3800,,'',1,7800,,'',1,3800,,'',1,7800,,'',1,7800,,'',1,3800,,'',1,7800,,'',1,7800,,'',1,3800,,'',1,7800,,'',1,9100,,'',1,4000,,'',1,8000,,'',1,8000,,'',1,10000,,'',1,9200,,'',1,5200,,'',1
'137.0.3',60300,74400,4,'',1,7600,4,'',1,3900,4,'',1,7600,4,'',1,8700,4,'',1,8200,4,'',1,4400,4,'',1,8500,4,'',1,8100,4,'',1,4200,4,'',1,8100,4,'',1,8300,4,'',1,8200,4,'',1,3600,4,'',1,7700,4,'',1,3400,4,'',1,7600,4,'',1,3400,4,'',1,7600,4,'',1,7600,4,'',1,3400,4,'',1,7600,4,'',1,8900,4,'',1,10000,4,'',1,10600,4,'',1,10400,4,'',1
'137.0.3',60301,80100,,'',1,3600,,'',1,7600,,'',1,3600,,'',1,9000,,'',1,8200,,'',1,8200,,'',1,4200,,'',1,8200,,'',1,8200,,'',1,4200,,'',1,8200,,'',1,8200,,'',1,3600,,'',1,7600,,'',1,7600,,'',1,3600,,'',1,7600,,'',1,3600,,'',1,7600,,'',1,2900,,'',1,7600,,'',1,8600,,'',1,10600,,'',1,10600,,'',1
'137.0.1',6030100,54100,4,'',1,6000,4,'',1,2500,4,'',1,2500,4,'',1,5800,4,'',1,1800,4,'',1,2400,4,'',1,5800,4,'',1,2300,4,'',1,1800,4,'',1,5800,4,'',1,1800,4,'',1,1800,4,'',1,1500,4,'',1,5800,4,'',1,2600,4,'',1,6600,4,'',1,2600,4,'',1,6600,4,'',1,2600,4,'',1,2600,4,'',1,6600,4,'',1,2800,4,'',1,6600,4,'',1,2600,4,'',1,6600,4,'',1,2900,4,'',1,1800,4,'',1,5800,4,'',1,1800,4,'',1,1800,4,'',1,5800,4,'',1,1800,4,'',1,1800,4,'',1,1800,4,'',1,6100,4,'',1,1800,4,'',1,1800,4,'',1,4900,4,'',1,1800,4,'',1,1800,4,'',1,7600,4,'',1,4000,4,'',1,8000,4,'',1,7600,4,'',1,4100,4,'',1,7900,4,'',1,7800,4,'',1,4200,4,'',1
'137.0.1',6030101,55600,,'',1,6500,,'',1,1800,,'',1,1800,,'',1,5800,,'',1,1800,,'',1,1800,,'',1,5800,,'',1,1800,,'',1,1800,,'',1,5800,,'',1,1700,,'',1,2600,,'',1,6600,,'',1,2600,,'',1,6600,,'',1,2600,,'',1,2600,,'',1,6600,,'',1,2600,,'',1,6600,,'',1,2600,,'',1,6600,,'',1,2600,,'',1,2100,,'',1,5800,,'',1,1800,,'',1,1800,,'',1,5800,,'',1,1800,,'',1,1800,,'',1,1800,,'',1,5800,,'',1,1800,,'',1,1800,,'',1,5800,,'',1,1800,,'',1,1800,,'',1,7700,,'',1,8000,,'',1,4000,,'',1,8000,,'',1,9000,,'',1,4500,,'',1,8200,,'',1,8200,,'',1
'137.0.2',6030100,54000,4,'',1,8000,4,'',1,8500,4,'',1,4400,4,'',1,8000,4,'',1,8000,4,'',1,4200,4,'',1,8000,4,'',1,8500,4,'',1,4000,4,'',1,7800,4,'',1,7800,4,'',1,3500,4,'',1,7800,4,'',1,8100,4,'',1,3800,4,'',1,7800,4,'',1,7800,4,'',1,3800,4,'',1,7800,4,'',1,3800,4,'',1,8000,4,'',1,7100,4,'',1,3900,4,'',1,8000,4,'',1,8000,4,'',1,3800,4,'',1,9000,4,'',1,8600,4,'',1,9200,4,'',1
'137.0.2',6030101,60300,,'',1,4000,,'',1,8000,,'',1,8000,,'',1,4000,,'',1,8000,,'',1,8000,,'',1,4500,,'',1,7800,,'',1,7800,,'',1,3800,,'',1,7800,,'',1,3800,,'',1,7800,,'',1,7800,,'',1,3800,,'',1,7800,,'',1,7800,,'',1,3800,,'',1,7800,,'',1,7800,,'',1,5000,,'',1,8000,,'',1,8000,,'',1,4000,,'',1,9400,,'',1,9200,,'',1,9200,,'',1,9200,,'',1
'137.0.3',6030100,72900,4,'',1,7600,4,'',1,4000,4,'',1,7600,4,'',1,7900,4,'',1,4700,4,'',1,8600,4,'',1,8200,4,'',1,4200,4,'',1,8200,4,'',1,8200,4,'',1,8300,4,'',1,4200,4,'',1,7900,4,'',1,7700,4,'',1,3600,4,'',1,7600,4,'',1,3600,4,'',1,7400,4,'',1,7600,4,'',1,3100,4,'',1,7600,4,'',1,3600,4,'',1,10200,4,'',1,10400,4,'',1,10400,4,'',1
'137.0.3',6030101,74500,,'',1,7400,,'',1,3600,,'',1,7600,,'',1,8700,,'',1,8200,,'',1,4200,,'',1,8200,,'',1,8200,,'',1,4200,,'',1,8200,,'',1,8200,,'',1,4200,,'',1,7900,,'',1,7600,,'',1,3600,,'',1,7600,,'',1,3600,,'',1,7600,,'',1,7600,,'',1,2800,,'',1,7700,,'',1,3600,,'',1,10100,,'',1,10600,,'',1,14600,,'',1
