'138.0.1',201,53440,4,'',1,2200,4,'',1,6200,4,'',1,500,4,'',1,2200,4,'',1,6600,4,'',1,2360,4,'',1,6600,4,'',1,2200,4,'',1,3500,4,'',1,5320,4,'',1,1380,4,'',1,2200,4,'',1,7820,4,'',1,8200,4,'',1,4180,4,'',1,8200,4,'',1,8200,4,'',1,4200,4,'',1,9000,4,'',1,6500,4,'',1,2500,4,'',1,2340,4,'',1,6000,4,'',1,3400,4,'',1,6700,4,'',1,2500,4,'',1,6500,4,'',1,1900,4,'',1,2500,4,'',1,6180,4,'',1,1920,4,'',1,9300,4,'',1,8960,4,'',1,9300,4,'',1,9300,4,'',1,4820,4,'',1
'138.0.2',201,85840,4,'',1,8000,4,'',1,8460,4,'',1,8000,4,'',1,4020,4,'',1,8080,4,'',1,8000,4,'',1,4000,4,'',1,8000,4,'',1,8000,4,'',1,3700,4,'',1,8000,4,'',1,8000,4,'',1,4020,4,'',1,8000,4,'',1,8000,4,'',1,3600,4,'',1,8000,4,'',1,4000,4,'',1,8000,4,'',1,7400,4,'',1,3300,4,'',1,7300,4,'',1,3300,4,'',1,6900,4,'',1,3300,4,'',1
'138.0.3',201,95040,4,'',1,15200,4,'',1,11700,4,'',1,11980,4,'',1,11700,4,'',1,15480,4,'',1,11700,4,'',1,11700,4,'',1,15700,4,'',1,11300,4,'',1,11000,4,'',1,10500,4,'',1,10800,4,'',1
'138.0.74',201,85840,4,'',1,8000,4,'',1,8460,4,'',1,8000,4,'',1,4020,4,'',1,8080,4,'',1,8000,4,'',1,4000,4,'',1,8000,4,'',1,8000,4,'',1,3700,4,'',1,8000,4,'',1,8000,4,'',1,4020,4,'',1,8000,4,'',1,8000,4,'',1,3600,4,'',1,8000,4,'',1,4000,4,'',1,8000,4,'',1,7400,4,'',1,3300,4,'',1,7300,4,'',1,3300,4,'',1,6900,4,'',1,3300,4,'',1
'138.0.75',201,85840,4,'',1,8000,4,'',1,8460,4,'',1,8000,4,'',1,4020,4,'',1,8080,4,'',1,8000,4,'',1,4000,4,'',1,8000,4,'',1,8000,4,'',1,3700,4,'',1,8000,4,'',1,8000,4,'',1,4020,4,'',1,8000,4,'',1,8000,4,'',1,3600,4,'',1,8000,4,'',1,4000,4,'',1,8000,4,'',1,7400,4,'',1,3300,4,'',1,7300,4,'',1,3300,4,'',1,6900,4,'',1,3300,4,'',1
'138.0.80',201,95040,4,'',1,15200,4,'',1,11700,4,'',1,11980,4,'',1,11700,4,'',1,15480,4,'',1,11700,4,'',1,11700,4,'',1,15700,4,'',1,11300,4,'',1,11000,4,'',1,10500,4,'',1,10800,4,'',1
'138.0.1',500,53030,4,'',1,2200,4,'',1,6200,4,'',1,2200,4,'',1,2200,4,'',1,6410,4,'',1,2200,4,'',1,6610,4,'',1,1990,4,'',1,2200,4,'',1,6200,4,'',1,2200,4,'',1,7200,4,'',1,3200,4,'',1,7200,4,'',1,3200,4,'',1,7200,4,'',1,3200,4,'',1,7200,4,'',1,3200,4,'',1,7200,4,'',1,3200,4,'',1,6510,4,'',1,2300,4,'',1,6100,4,'',1,2300,4,'',1,2300,4,'',1,6200,4,'',1,2300,4,'',1,2300,4,'',1,6300,4,'',1,2090,4,'',1,6300,4,'',1,2300,4,'',1,2800,4,'',1,6800,4,'',1,2800,4,'',1,6800,4,'',1,2690,4,'',1,6800,4,'',1,2300,4,'',1
'138.0.2',500,70440,4,'',1,2800,4,'',1,6800,4,'',1,2800,4,'',1,2800,4,'',1,6800,4,'',1,2800,4,'',1,6800,4,'',1,2800,4,'',1,6800,4,'',1,3000,4,'',1,6800,4,'',1,2800,4,'',1,6800,4,'',1,3000,4,'',1,7000,4,'',1,2900,4,'',1,6900,4,'',1,2900,4,'',1,6900,4,'',1,2900,4,'',1,6900,4,'',1,2900,4,'',1,6700,4,'',1,2600,4,'',1,2600,4,'',1,6700,4,'',1,2490,4,'',1,6500,4,'',1
'138.0.74',500,70440,4,'',1,2800,4,'',1,6800,4,'',1,2800,4,'',1,2800,4,'',1,6800,4,'',1,2800,4,'',1,6800,4,'',1,2800,4,'',1,6800,4,'',1,3000,4,'',1,6800,4,'',1,2800,4,'',1,6800,4,'',1,3000,4,'',1,7000,4,'',1,2900,4,'',1,6900,4,'',1,2900,4,'',1,6900,4,'',1,2900,4,'',1,6900,4,'',1,2900,4,'',1,6700,4,'',1,2600,4,'',1,2600,4,'',1,6700,4,'',1,2490,4,'',1,6500,4,'',1
'138.0.75',500,70440,4,'',1,2800,4,'',1,6800,4,'',1,2800,4,'',1,2800,4,'',1,6800,4,'',1,2800,4,'',1,6800,4,'',1,2800,4,'',1,6800,4,'',1,3000,4,'',1,6800,4,'',1,2800,4,'',1,6800,4,'',1,3000,4,'',1,7000,4,'',1,2900,4,'',1,6900,4,'',1,2900,4,'',1,6900,4,'',1,2900,4,'',1,6900,4,'',1,2900,4,'',1,6700,4,'',1,2600,4,'',1,2600,4,'',1,6700,4,'',1,2490,4,'',1,6500,4,'',1
'138.0.1',2301,60320,4,'',1,10600,4,'',1,11300,4,'',1,10600,4,'',1,61710,4,'',1,7600,4,'',1,9000,4,'',1,9000,4,'',1,4700,4,'',1,8590,4,'',1
'138.0.1',7700,42130,4,'',1,1500,4,'',1,1500,4,'',1,5500,4,'',1,1500,4,'',1,900,4,'',1,1700,4,'',1,5300,4,'',1,2070,4,'',1,1500,4,'',1,1840,4,'',1,300,4,'',1,5300,4,'',1,1600,4,'',1,1600,4,'',1,6580,4,'',1,1600,4,'',1,1600,4,'',1,1600,4,'',1,5330,4,'',1,1600,4,'',1,1600,4,'',1,1600,4,'',1,5300,4,'',1,1200,4,'',1,1600,4,'',1,7100,4,'',1,3450,4,'',1,7000,4,'',1,3000,4,'',1,7000,4,'',1,3300,4,'',1,6100,4,'',1,900,4,'',1,2830,4,'',1,170,4,'',1,7530,4,'',1,2000,4,'',1,300,4,'',1,5900,4,'',1,2600,4,'',1,2400,4,'',1,5900,4,'',1,1900,4,'',1,1900,4,'',1,5900,4,'',1,1370,4,'',1,1220,4,'',1,1900,4,'',1,5030,4,'',1,1900,4,'',1,1500,4,'',1,1360,4,'',1,5900,4,'',1,1900,4,'',1,1900,4,'',1,6900,4,'',1,2700,4,'',1,6700,4,'',1,3930,4,'',1,7300,4,'',1,2690,4,'',1,7300,4,'',1,3300,4,'',1,7300,4,'',1,7300,4,'',1,3300,4,'',1,7300,4,'',1
'138.0.2',7700,50140,4,'',1,3000,4,'',1,7500,4,'',1,3500,4,'',1,7600,4,'',1,3500,4,'',1,7500,4,'',1,7670,4,'',1,3500,4,'',1,7500,4,'',1,8910,4,'',1,4100,4,'',1,8100,4,'',1,8810,4,'',1,4100,4,'',1,8100,4,'',1,7970,4,'',1,4100,4,'',1,7720,4,'',1,8100,4,'',1,4100,4,'',1,7890,4,'',1,8100,4,'',1,4010,4,'',1,8100,4,'',1,6990,4,'',1,3600,4,'',1,7600,4,'',1,3940,4,'',1,7600,4,'',1,7090,4,'',1,3600,4,'',1,7970,4,'',1,8300,4,'',1,4300,4,'',1,8600,4,'',1
'138.0.3',7700,84700,4,'',1,9200,4,'',1,9120,4,'',1,9700,4,'',1,9700,4,'',1,8900,4,'',1,9200,4,'',1,9500,4,'',1,5200,4,'',1,8830,4,'',1,9200,4,'',1,9700,4,'',1,8870,4,'',1,9000,4,'',1,5100,4,'',1,8380,4,'',1,8700,4,'',1,8800,4,'',1,8600,4,'',1,4700,4,'',1,8000,4,'',1,8000,4,'',1,3600,4,'',1,8000,4,'',1
'138.0.74',7700,50140,4,'',1,3000,4,'',1,7500,4,'',1,3500,4,'',1,7600,4,'',1,3500,4,'',1,7500,4,'',1,7670,4,'',1,3500,4,'',1,7500,4,'',1,8910,4,'',1,4100,4,'',1,8100,4,'',1,8810,4,'',1,4100,4,'',1,8100,4,'',1,7970,4,'',1,4100,4,'',1,7720,4,'',1,8100,4,'',1,4100,4,'',1,7890,4,'',1,8100,4,'',1,4010,4,'',1,8100,4,'',1,6990,4,'',1,3600,4,'',1,7600,4,'',1,3940,4,'',1,7600,4,'',1,7090,4,'',1,3600,4,'',1,7970,4,'',1,8300,4,'',1,4300,4,'',1,8600,4,'',1
'138.0.75',7700,50140,4,'',1,3000,4,'',1,7500,4,'',1,3500,4,'',1,7600,4,'',1,3500,4,'',1,7500,4,'',1,7670,4,'',1,3500,4,'',1,7500,4,'',1,8910,4,'',1,4100,4,'',1,8100,4,'',1,8810,4,'',1,4100,4,'',1,8100,4,'',1,7970,4,'',1,4100,4,'',1,7720,4,'',1,8100,4,'',1,4100,4,'',1,7890,4,'',1,8100,4,'',1,4010,4,'',1,8100,4,'',1,6990,4,'',1,3600,4,'',1,7600,4,'',1,3940,4,'',1,7600,4,'',1,7090,4,'',1,3600,4,'',1,7970,4,'',1,8300,4,'',1,4300,4,'',1,8600,4,'',1
'138.0.80',7700,84700,4,'',1,9200,4,'',1,9120,4,'',1,9700,4,'',1,9700,4,'',1,8900,4,'',1,9200,4,'',1,9500,4,'',1,5200,4,'',1,8830,4,'',1,9200,4,'',1,9700,4,'',1,8870,4,'',1,9000,4,'',1,5100,4,'',1,8380,4,'',1,8700,4,'',1,8800,4,'',1,8600,4,'',1,4700,4,'',1,8000,4,'',1,8000,4,'',1,3600,4,'',1,8000,4,'',1
'138.35070.3',7700,274800,4,'',1
'138.0.1',8801,53220,4,'',1,7100,4,'',1,2800,4,'',1,2800,4,'',1,5400,4,'',1,2000,4,'',1,1800,4,'',1,6200,4,'',1,1910,4,'',1,1400,4,'',1,6300,4,'',1,290,4,'',1,1500,4,'',1,1500,4,'',1,1000,4,'',1,5500,4,'',1,1200,4,'',1,1500,4,'',1,1500,4,'',1,5500,4,'',1,1500,4,'',1,3500,4,'',1,8010,4,'',1,7700,4,'',1,4100,4,'',1,7700,4,'',1,8000,4,'',1,1300,4,'',1,1600,4,'',1,6200,4,'',1,1500,4,'',1,1500,4,'',1,600,4,'',1,1500,4,'',1,5500,4,'',1,1500,4,'',1,1500,4,'',1,1200,4,'',1,5500,4,'',1,1500,4,'',1,1500,4,'',1,1000,4,'',1,1500,4,'',1,5100,4,'',1,1100,4,'',1,1400,4,'',1,1400,4,'',1,5400,4,'',1,1400,4,'',1,1190,4,'',1,1400,4,'',1,1000,4,'',1,5400,4,'',1,3300,4,'',1,7500,4,'',1,3900,4,'',1,7700,4,'',1,7900,4,'',1
'138.0.2',8801,63620,4,'',1,7400,4,'',1,3400,4,'',1,7400,4,'',1,3800,4,'',1,7500,4,'',1,7400,4,'',1,3400,4,'',1,7600,4,'',1,3700,4,'',1,7600,4,'',1,7600,4,'',1,3800,4,'',1,7710,4,'',1,3600,4,'',1,7600,4,'',1,7800,4,'',1,3600,4,'',1,7400,4,'',1,3200,4,'',1,7600,4,'',1,7600,4,'',1,3290,4,'',1,7500,4,'',1,3600,4,'',1,7600,4,'',1,3000,4,'',1,7000,4,'',1,3200,4,'',1,7200,4,'',1
'138.0.3',8801,83120,4,'',1,7500,4,'',1,3300,4,'',1,7300,4,'',1,3300,4,'',1,7300,4,'',1,3610,4,'',1,7300,4,'',1,7300,4,'',1,2700,4,'',1,2700,4,'',1,6700,4,'',1,2700,4,'',1,6700,4,'',1,2700,4,'',1,6700,4,'',1,2500,4,'',1,6700,4,'',1,2700,4,'',1,2700,4,'',1,6700,4,'',1,2390,4,'',1,6700,4,'',1,2700,4,'',1,6700,4,'',1,2700,4,'',1,2300,4,'',1,6700,4,'',1
'138.0.74',8801,63620,4,'',1,7400,4,'',1,3400,4,'',1,7400,4,'',1,3800,4,'',1,7500,4,'',1,7400,4,'',1,3400,4,'',1,7600,4,'',1,3700,4,'',1,7600,4,'',1,7600,4,'',1,3800,4,'',1,7710,4,'',1,3600,4,'',1,7600,4,'',1,7800,4,'',1,3600,4,'',1,7400,4,'',1,3200,4,'',1,7600,4,'',1,7600,4,'',1,3290,4,'',1,7500,4,'',1,3600,4,'',1,7600,4,'',1,3000,4,'',1,7000,4,'',1,3200,4,'',1,7200,4,'',1
'138.0.75',8801,63620,4,'',1,7400,4,'',1,3400,4,'',1,7400,4,'',1,3800,4,'',1,7500,4,'',1,7400,4,'',1,3400,4,'',1,7600,4,'',1,3700,4,'',1,7600,4,'',1,7600,4,'',1,3800,4,'',1,7710,4,'',1,3600,4,'',1,7600,4,'',1,7800,4,'',1,3600,4,'',1,7400,4,'',1,3200,4,'',1,7600,4,'',1,7600,4,'',1,3290,4,'',1,7500,4,'',1,3600,4,'',1,7600,4,'',1,3000,4,'',1,7000,4,'',1,3200,4,'',1,7200,4,'',1
'138.0.80',8801,83120,4,'',1,7500,4,'',1,3300,4,'',1,7300,4,'',1,3300,4,'',1,7300,4,'',1,3610,4,'',1,7300,4,'',1,7300,4,'',1,2700,4,'',1,2700,4,'',1,6700,4,'',1,2700,4,'',1,6700,4,'',1,2700,4,'',1,6700,4,'',1,2500,4,'',1,6700,4,'',1,2700,4,'',1,2700,4,'',1,6700,4,'',1,2390,4,'',1,6700,4,'',1,2700,4,'',1,6700,4,'',1,2700,4,'',1,2300,4,'',1,6700,4,'',1
'138.35070.3',8801,215120,4,'',1,6700,4,'',1,2700,4,'',1,6700,4,'',1,2700,4,'',1,6700,4,'',1,2700,4,'',1,6700,4,'',1,2700,4,'',1,2700,4,'',1,6700,4,'',1,2700,4,'',1
'138.0.1',9101,54730,4,'',1,7300,4,'',1,2200,4,'',1,6580,4,'',1,2300,4,'',1,2700,4,'',1,7530,4,'',1,2600,4,'',1,6600,4,'',1,1770,4,'',1,6600,4,'',1,4800,4,'',1,8100,4,'',1,8600,4,'',1,8600,4,'',1,4600,4,'',1,9740,4,'',1,6600,4,'',1,2400,4,'',1,6400,4,'',1,2400,4,'',1,2200,4,'',1,6400,4,'',1,2400,4,'',1,6400,4,'',1,2070,4,'',1,2400,4,'',1,6400,4,'',1,2990,4,'',1,8200,4,'',1,8200,4,'',1,4200,4,'',1,7890,4,'',1,8000,4,'',1,4000,4,'',1
'138.0.2',9101,74830,4,'',1,9900,4,'',1,9600,4,'',1,9810,4,'',1,9600,4,'',1,10700,4,'',1,10580,4,'',1,10200,4,'',1,9700,4,'',1,10200,4,'',1,10200,4,'',1,10200,4,'',1,10020,4,'',1,9700,4,'',1,9000,4,'',1,9000,4,'',1,8460,4,'',1,8400,4,'',1
'138.0.3',9101,74630,4,'',1,15580,4,'',1,5100,4,'',1,8300,4,'',1,8300,4,'',1,8300,4,'',1,4230,4,'',1,8600,4,'',1,8300,4,'',1,4300,4,'',1,8300,4,'',1,8300,4,'',1,8300,4,'',1,4300,4,'',1,8300,4,'',1,7900,4,'',1,3600,4,'',1,7700,4,'',1,7700,4,'',1,3700,4,'',1,7700,4,'',1,3700,4,'',1,6860,4,'',1,8900,4,'',1,9600,4,'',1
'138.0.74',9101,74830,4,'',1,9900,4,'',1,9600,4,'',1,9810,4,'',1,9600,4,'',1,10700,4,'',1,10580,4,'',1,10200,4,'',1,9700,4,'',1,10200,4,'',1,10200,4,'',1,10200,4,'',1,10020,4,'',1,9700,4,'',1,9000,4,'',1,9000,4,'',1,8460,4,'',1,8400,4,'',1
'138.0.75',9101,74830,4,'',1,9900,4,'',1,9600,4,'',1,9810,4,'',1,9600,4,'',1,10700,4,'',1,10580,4,'',1,10200,4,'',1,9700,4,'',1,10200,4,'',1,10200,4,'',1,10200,4,'',1,10020,4,'',1,9700,4,'',1,9000,4,'',1,9000,4,'',1,8460,4,'',1,8400,4,'',1
'138.0.80',9101,74630,4,'',1,15580,4,'',1,5100,4,'',1,8300,4,'',1,8300,4,'',1,8300,4,'',1,4230,4,'',1,8600,4,'',1,8300,4,'',1,4300,4,'',1,8300,4,'',1,8300,4,'',1,8300,4,'',1,4300,4,'',1,8300,4,'',1,7900,4,'',1,3600,4,'',1,7700,4,'',1,7700,4,'',1,3700,4,'',1,7700,4,'',1,3700,4,'',1,6860,4,'',1,8900,4,'',1,9600,4,'',1
'138.35070.3',9101,260100,4,'',1,5600,4,'',1
'138.0.1',9901,42530,4,'',1,7500,4,'',1,3500,4,'',1,7500,4,'',1,4210,4,'',1,7400,4,'',1,3200,4,'',1,7200,4,'',1,7200,4,'',1,3200,4,'',1,7200,4,'',1,3500,4,'',1,9100,4,'',1,9100,4,'',1,9100,4,'',1,9100,4,'',1,5100,4,'',1,9100,4,'',1,7600,4,'',1,3200,4,'',1,7200,4,'',1,2800,4,'',1,7200,4,'',1,3200,4,'',1,7300,4,'',1,6800,4,'',1,2300,4,'',1,7700,4,'',1,3400,4,'',1,7400,4,'',1
'138.0.2',9901,54830,4,'',1,7900,4,'',1,7900,4,'',1,3900,4,'',1,7910,4,'',1,7900,4,'',1,3900,4,'',1,9600,4,'',1,9000,4,'',1,9400,4,'',1,9000,4,'',1,9400,4,'',1,5000,4,'',1,9000,4,'',1,9000,4,'',1,9000,4,'',1,8500,4,'',1,9000,4,'',1,4000,4,'',1,8500,4,'',1,7800,4,'',1,4300,4,'',1
'138.0.3',9901,55230,4,'',1,8100,4,'',1,7800,4,'',1,3800,4,'',1,7800,4,'',1,9310,4,'',1,8900,4,'',1,4900,4,'',1,8900,4,'',1,9400,4,'',1,8900,4,'',1,8900,4,'',1,8900,4,'',1,4900,4,'',1,8900,4,'',1,8900,4,'',1,8400,4,'',1,8900,4,'',1,4900,4,'',1,8490,4,'',1,8900,4,'',1,7900,4,'',1
'138.0.74',9901,54830,4,'',1,7900,4,'',1,7900,4,'',1,3900,4,'',1,7910,4,'',1,7900,4,'',1,3900,4,'',1,9600,4,'',1,9000,4,'',1,9400,4,'',1,9000,4,'',1,9400,4,'',1,5000,4,'',1,9000,4,'',1,9000,4,'',1,9000,4,'',1,8500,4,'',1,9000,4,'',1,4000,4,'',1,8500,4,'',1,7800,4,'',1,4300,4,'',1
'138.0.75',9901,54830,4,'',1,7900,4,'',1,7900,4,'',1,3900,4,'',1,7910,4,'',1,7900,4,'',1,3900,4,'',1,9600,4,'',1,9000,4,'',1,9400,4,'',1,9000,4,'',1,9400,4,'',1,5000,4,'',1,9000,4,'',1,9000,4,'',1,9000,4,'',1,8500,4,'',1,9000,4,'',1,4000,4,'',1,8500,4,'',1,7800,4,'',1,4300,4,'',1
'138.0.80',9901,55230,4,'',1,8100,4,'',1,7800,4,'',1,3800,4,'',1,7800,4,'',1,9310,4,'',1,8900,4,'',1,4900,4,'',1,8900,4,'',1,9400,4,'',1,8900,4,'',1,8900,4,'',1,8900,4,'',1,4900,4,'',1,8900,4,'',1,8900,4,'',1,8400,4,'',1,8900,4,'',1,4900,4,'',1,8490,4,'',1,8900,4,'',1,7900,4,'',1
'138.0.2',76001,100920,4,'',1,2800,4,'',1,6800,4,'',1,2800,4,'',1,2290,4,'',1,7000,4,'',1,8510,4,'',1,4000,4,'',1,7890,4,'',1,8000,4,'',1,4040,4,'',1,8000,4,'',1,8260,4,'',1,3700,4,'',1,8000,4,'',1,8730,4,'',1,3200,4,'',1,8300,4,'',1,8400,4,'',1,2780,4,'',1,6790,4,'',1,3000,4,'',1
'138.0.74',76001,84520,4,'',1,6800,4,'',1,2800,4,'',1,6800,4,'',1,2800,4,'',1,6800,4,'',1,2800,4,'',1,2290,4,'',1,7000,4,'',1,8510,4,'',1,4000,4,'',1,7890,4,'',1,8000,4,'',1,4040,4,'',1,8000,4,'',1,8260,4,'',1,3700,4,'',1,8000,4,'',1,8730,4,'',1,3200,4,'',1,8300,4,'',1,8400,4,'',1,2780,4,'',1,6790,4,'',1,3000,4,'',1
'138.0.75',76001,103720,4,'',1,6800,4,'',1,2800,4,'',1,2290,4,'',1,7000,4,'',1,8510,4,'',1,4000,4,'',1,7890,4,'',1,8000,4,'',1,4040,4,'',1,8000,4,'',1,8260,4,'',1,3700,4,'',1,8000,4,'',1,8730,4,'',1,3200,4,'',1,8300,4,'',1,8400,4,'',1,2780,4,'',1,6790,4,'',1,3000,4,'',1
'138.32681.3',76001,91940,4,'',1,2600,4,'',1,6600,4,'',1,2600,4,'',1,6600,4,'',1,2310,4,'',1,2600,4,'',1,6790,4,'',1,2600,4,'',1,6600,4,'',1,3700,4,'',1,7600,4,'',1,3400,4,'',1,7980,4,'',1,7600,4,'',1,3690,4,'',1,7600,4,'',1,7310,4,'',1,3900,4,'',1,8200,4,'',1,2430,4,'',1,7090,4,'',1,3100,4,'',1
'138.35027.3',76001,102740,4,'',1,7600,4,'',1,2310,4,'',1,2600,4,'',1,6790,4,'',1,2600,4,'',1,6600,4,'',1,3700,4,'',1,7600,4,'',1,3400,4,'',1,7980,4,'',1,7600,4,'',1,3690,4,'',1,7600,4,'',1,7610,4,'',1,3600,4,'',1,8200,4,'',1,2430,4,'',1,7090,4,'',1,3100,4,'',1,7000,4,'',1,3500,4,'',1,7260,4,'',1,7500,4,'',1
'138.35141.1',76001,91140,4,'',1,2800,4,'',1,6800,4,'',1,2800,4,'',1,6970,4,'',1,3510,4,'',1,8690,4,'',1,8500,4,'',1,4500,4,'',1,8500,4,'',1,8500,4,'',1,8910,4,'',1,8890,4,'',1,4500,4,'',1,7940,4,'',1,8500,4,'',1,8570,4,'',1,4220,4,'',1,7800,4,'',1,2500,4,'',1,6500,4,'',1,2500,4,'',1
'138.35143.1',76001,155620,4,'',1,8400,4,'',1,8790,4,'',1,8210,4,'',1,4030,4,'',1,8460,4,'',1,8130,4,'',1,8400,4,'',1,4100,4,'',1,8400,4,'',1,8400,4,'',1
'138.0.1',910101,65530,4,'',1,6780,4,'',1,2400,4,'',1,7300,4,'',1,3030,4,'',1,6000,4,'',1,2370,4,'',1,2400,4,'',1,6400,4,'',1,9300,4,'',1,8600,4,'',1,4600,4,'',1,8600,4,'',1,8600,4,'',1,9140,4,'',1,1900,4,'',1,2400,4,'',1,6400,4,'',1,2400,4,'',1,6400,4,'',1,2400,4,'',1,2400,4,'',1,6400,4,'',1,2170,4,'',1,6600,4,'',1,1500,4,'',1,8490,4,'',1,4200,4,'',1,8090,4,'',1,8300,4,'',1,3600,4,'',1,8000,4,'',1,8000,4,'',1
'138.0.2',910101,91400,4,'',1,10540,4,'',1,9600,4,'',1,10410,4,'',1,9870,4,'',1,10200,4,'',1,10600,4,'',1,9800,4,'',1,10200,4,'',1,10200,4,'',1,9820,4,'',1,10100,4,'',1,9090,4,'',1,8400,4,'',1,5000,4,'',1
'138.0.74',910101,91400,4,'',1,10540,4,'',1,9600,4,'',1,10410,4,'',1,9870,4,'',1,10200,4,'',1,10600,4,'',1,9800,4,'',1,10200,4,'',1,10200,4,'',1,9820,4,'',1,10100,4,'',1,9090,4,'',1,8400,4,'',1,5000,4,'',1
'138.0.75',910101,91400,4,'',1,10540,4,'',1,9600,4,'',1,10410,4,'',1,9870,4,'',1,10200,4,'',1,10600,4,'',1,9800,4,'',1,10200,4,'',1,10200,4,'',1,9820,4,'',1,10100,4,'',1,9090,4,'',1,8400,4,'',1,5000,4,'',1
'138.0.1',989901,225230,4,'',1,6800,4,'',1,3800,4,'',1,7400,4,'',1,7500,4,'',1,2900,4,'',1,7500,4,'',1,3500,4,'',1
'138.0.2',989901,230040,4,'',1,4600,4,'',1,8100,4,'',1,9100,4,'',1,8480,4,'',1,4600,4,'',1
'138.0.3',989901,230740,4,'',1,4700,4,'',1,8300,4,'',1,8490,4,'',1,7900,4,'',1,4300,4,'',1
'138.0.74',989901,230040,4,'',1,4600,4,'',1,8100,4,'',1,9100,4,'',1,8480,4,'',1,4600,4,'',1
'138.0.75',989901,230040,4,'',1,4600,4,'',1,8100,4,'',1,9100,4,'',1,8480,4,'',1,4600,4,'',1
'138.0.80',989901,230740,4,'',1,4700,4,'',1,8300,4,'',1,8490,4,'',1,7900,4,'',1,4300,4,'',1
