2100,'1',511,,15488,1,0,146,1,22,,15489,1,0,146,1,12,,15488,45,4,,1,10,,15490,1,0,146,1,57,,15489,45,4,,1,5,,15491,1,0,146,1,17,,15490,45,4,,1,5,,15492,1,0,146,1,17,,15491,45,4,,1,48,,15493,1,0,146,1,14,,15492,45,4,,1,11,,15494,1,0,146,1,17,,15493,45,4,,1,6,,15495,1,0,146,1,59,,15494,45,4,,1,6,,15496,1,0,146,1,20,,15495,45,4,,1,5,,15497,1,0,146,1,60,,15496,45,4,,1,22,,15497,45,4,,1
2101,'1',1334,,15498,1,0,146,1,24,,15499,1,0,146,1,58,,15498,45,4,,1,8,,15500,1,0,146,1,16,,15499,45,4,,1,10,,15501,1,0,146,1,61,,15500,45,4,,1,5,,15502,1,0,146,1,21,,15501,45,4,,1,5,,15503,1,0,146,1,61,,15502,45,4,,1,5,,15504,1,0,146,1,21,,15503,45,4,,1,5,,15505,1,0,146,1,21,,15504,45,4,,1,45,,15506,1,0,146,1,21,,15505,45,4,,1,5,,15507,1,0,146,1,21,,15506,45,4,,1,5,,15508,1,0,146,1,58,,15507,45,4,,1,7,,15509,1,0,146,1,19,,15508,45,4,,1,6,,15510,1,0,146,1,59,,15509,45,4,,1,5,,15511,1,0,146,1,20,,15510,45,4,,1,19,,15511,45,4,,1
36000,'2',908,,20438,24,,,1,28,,20439,24,,,1,68,,20440,24,,,1,28,,20441,24,,,1,68,,20442,24,,,1,28,,20443,24,,,1,30,,20444,24,,,1,68,,20445,24,,,1,27,,20446,24,,,1,68,,20447,24,,,1,28,,20448,24,,,1,68,,20449,24,,,1,28,,20450,24,,,1,70,,20451,24,,,1,27,,20452,24,,,1,68,,20453,24,,,1,28,,20454,24,,,1,68,,20455,24,,,1,30,,20456,24,,,1,68,,20457,24,,,1,33,,20458,24,,,1,69,,20459,24,,,1,30,,20460,24,,,1,70,,20461,24,,,1,30,,20462,24,,,1,69,,20463,24,,,1,33,,20464,24,,,1,69,,20465,24,,,1,30,,20466,24,,,1
36000,'80',905,,20467,24,,,1,28,,20468,24,,,1,68,,20469,24,,,1,28,,20470,24,,,1,28,,20471,24,,,1,70,,20472,24,,,1,28,,20473,24,,,1,66,,20474,24,,,1,28,,20475,24,,,1,68,,20476,24,,,1,28,,20477,24,,,1,68,,20478,24,,,1,29,,20479,24,,,1,69,,20480,24,,,1,28,,20481,24,,,1,68,,20482,24,,,1,26,,20483,24,,,1,68,,20484,24,,,1,28,,20485,24,,,1,29,,20486,24,,,1,68,,20487,24,,,1,28,,20488,24,,,1,68,,20489,24,,,1,27,,20490,24,,,1,66,,20491,24,,,1,26,,20492,24,,,1,69,,20493,24,,,1,26,,20494,24,,,1
36000,'24603.3',905,,20495,24,,,1,28,,20496,24,,,1,68,,20497,24,,,1,28,,20498,24,,,1,28,,20499,24,,,1,70,,20500,24,,,1,28,,20501,24,,,1,66,,20502,24,,,1,28,,20503,24,,,1,68,,20504,24,,,1,28,,20505,24,,,1,68,,20506,24,,,1,29,,20507,24,,,1,69,,20508,24,,,1,28,,20509,24,,,1,68,,20510,24,,,1,26,,20511,24,,,1,68,,20512,24,,,1,28,,20513,24,,,1,29,,20514,24,,,1,68,,20515,24,,,1,28,,20516,24,,,1,68,,20517,24,,,1,27,,20518,24,,,1,66,,20519,24,,,1,26,,20520,24,,,1,69,,20521,24,,,1,26,,20522,24,,,1
36000,'24604.3',2203,,20523,24,,,1,26,,20524,24,,,1,26,,20525,24,,,1
36001,'2',936,,20526,3,,,1,68,,20527,3,,,1,28,,20528,3,,,1,69,,20529,3,,,1,28,,20530,3,,,1,28,,20531,3,,,1,68,,20532,3,,,1,28,,20533,3,,,1,68,,20534,3,,,1,26,,20535,3,,,1,68,,20536,3,,,1,28,,20537,3,,,1,68,,20538,3,,,1,28,,20539,3,,,1,68,,20540,3,,,1,30,,20554,3,,,1,69,,20553,3,,,1,28,,20541,3,,,1,70,,20542,3,,,1,32,,20543,3,,,1,70,,20544,3,,,1,29,,20545,3,,,1,70,,20546,3,,,1,30,,20547,3,,,1,70,,20548,3,,,1,30,,20549,3,,,1,70,,20550,3,,,1,30,,20551,3,,,1,70,,20552,3,,,1
36001,'80',933,,20555,3,,,1,68,,20556,3,,,1,28,,20557,3,,,1,28,,20558,3,,,1,68,,20559,3,,,1,28,,20560,3,,,1,68,,20561,3,,,1,28,,20562,3,,,1,68,,20563,3,,,1,28,,20564,3,,,1,67,,20565,3,,,1,29,,20566,3,,,1,68,,20567,3,,,1,28,,20568,3,,,1,67,,20569,3,,,1,28,,20570,3,,,1,68,,20571,3,,,1,30,,20572,3,,,1,28,,20573,3,,,1,68,,20574,3,,,1,26,,20575,3,,,1,68,,20576,3,,,1,28,,20577,3,,,1,68,,20578,3,,,1,25,,20582,3,,,1,68,,20579,3,,,1,28,,20580,3,,,1,68,,20581,3,,,1
36001,'24603.3',933,,20583,3,,,1,68,,20584,3,,,1,28,,20585,3,,,1,28,,20586,3,,,1,68,,20587,3,,,1,28,,20588,3,,,1,68,,20589,3,,,1,28,,20590,3,,,1,68,,20591,3,,,1,28,,20592,3,,,1,67,,20593,3,,,1,29,,20594,3,,,1,68,,20595,3,,,1,28,,20596,3,,,1,67,,20597,3,,,1,28,,20598,3,,,1,68,,20599,3,,,1,30,,20600,3,,,1,28,,20601,3,,,1,68,,20602,3,,,1,26,,20603,3,,,1,68,,20604,3,,,1,28,,20605,3,,,1,68,,20606,3,,,1,25,,20610,3,,,1,68,,20607,3,,,1,28,,20608,3,,,1,68,,20609,3,,,1
36001,'24604.3',2226,,20611,3,,,1,26,,20612,3,,,1,66,,20613,3,,,1
46600,'24612.1',720,,20755,1,,,1
46601,'24612.1',1514,,20756,16,4,,1
46701,'24612.1',1527,,20757,37,4,,1
