9901,'1',402,,31722,3,,,1,40,,31723,3,,,1,80,,31724,3,,,1,80,,31725,3,,,1,35,,31726,3,,,1,75,,31727,3,,,1,28,,31728,3,,,1,83,,31729,3,,,1,35,,31730,3,,,1,75,,31731,3,,,1,94,,31732,3,,,1,95,,31733,3,,,1,94,,31734,3,,,1,94,,31735,3,,,1,100,,31736,3,,,1,24,,31737,3,,,1,70,,31738,3,,,1,30,,31739,3,,,1,70,,31740,3,,,1,30,,31741,3,,,1,70,,31742,3,,,1,30,,31743,3,,,1,70,,31744,3,,,1,30,,31745,3,,,1,69,,31746,3,,,1,30,,31747,3,,,1,70,,31748,3,,,1,25,,31749,3,,,1,74,,31750,3,,,1,45,,31751,3,,,1
9901,'2',522,,31752,3,,,1,37,,31753,3,,,1,77,,31754,3,,,1,77,,31755,3,,,1,87,,31756,3,,,1,48,,31757,3,,,1,87,,31758,3,,,1,87,,31759,3,,,1,97,,31760,3,,,1,95,,31761,3,,,1,95,,31762,3,,,1,95,,31763,3,,,1,55,,31764,3,,,1,95,,31765,3,,,1,94,,31766,3,,,1,95,,31767,3,,,1,95,,31768,3,,,1,94,,31769,3,,,1,85,,31770,3,,,1,85,,31771,3,,,1
9901,'3',527,,31772,3,,,1,78,,31773,3,,,1,38,,31774,3,,,1,78,,31775,3,,,1,38,,31776,3,,,1,90,,31777,3,,,1,89,,31778,3,,,1,89,,31779,3,,,1,89,,31780,3,,,1,90,,31781,3,,,1,49,,31782,3,,,1,89,,31783,3,,,1,89,,31784,3,,,1,89,,31785,3,,,1,89,,31786,3,,,1,89,,31787,3,,,1,48,,31788,3,,,1,89,,31789,3,,,1,89,,31790,3,,,1,88,,31791,3,,,1,89,,31792,3,,,1,39,,31793,3,,,1
9901,'74',522,,31794,3,,,1,37,,31795,3,,,1,77,,31796,3,,,1,77,,31797,3,,,1,87,,31798,3,,,1,48,,31799,3,,,1,87,,31800,3,,,1,87,,31801,3,,,1,97,,31802,3,,,1,95,,31803,3,,,1,95,,31804,3,,,1,95,,31805,3,,,1,55,,31806,3,,,1,95,,31807,3,,,1,94,,31808,3,,,1,95,,31809,3,,,1,95,,31810,3,,,1,94,,31811,3,,,1,85,,31812,3,,,1,85,,31813,3,,,1
9901,'80',527,,31814,3,,,1,78,,31815,3,,,1,38,,31816,3,,,1,78,,31817,3,,,1,38,,31818,3,,,1,90,,31819,3,,,1,89,,31820,3,,,1,89,,31821,3,,,1,89,,31822,3,,,1,90,,31823,3,,,1,49,,31824,3,,,1,89,,31825,3,,,1,89,,31826,3,,,1,89,,31827,3,,,1,89,,31828,3,,,1,89,,31829,3,,,1,48,,31830,3,,,1,89,,31831,3,,,1,89,,31832,3,,,1,88,,31833,3,,,1,89,,31834,3,,,1,39,,31835,3,,,1
989901,'1',2226,,36877,58,,,1,31,,36878,58,,,1,78,,36879,58,,,1,75,,36880,58,,,1,35,,36881,58,,,1,71,,36882,58,,,1,35,,36883,58,,,1,75,,36884,58,,,1
989901,'2',2233,,36885,58,,,1,90,,36886,58,,,1,82,,36887,58,,,1,51,,36890,58,,,1,85,,36888,58,,,1,86,,36889,58,,,1
989901,'3',2244,,36891,58,,,1,87,,36892,58,,,1,83,,36893,58,,,1,89,,36894,58,,,1,39,,36895,58,,,1,83,,36896,58,,,1
989901,'74',2233,,36897,58,,,1,90,,36898,58,,,1,82,,36899,58,,,1,51,,36902,58,,,1,85,,36900,58,,,1,86,,36901,58,,,1
989901,'80',2244,,36903,58,,,1,87,,36904,58,,,1,83,,36905,58,,,1,89,,36906,58,,,1,39,,36907,58,,,1,83,,36908,58,,,1
