1301,'1',615,,26386,10,,,1,29,,26365,10,,,1,64,,26364,10,,,1,29,,26363,10,,,1,71,,26362,10,,,1,27,,26361,10,,,1,68,,26360,10,,,1,30,,26359,10,,,1,82,,26366,10,,,1,42,,26367,10,,,1,74,,26368,10,,,1,81,,26369,10,,,1,37,,26370,10,,,1,76,,26371,10,,,1,84,,26372,10,,,1,39,,26383,10,,,1,74,,26373,10,,,1,32,,26374,10,,,1,72,,26375,10,,,1,30,,26376,10,,,1,71,,26377,10,,,1,31,,26378,10,,,1,71,,26379,10,,,1,71,,26380,10,,,1,31,,26381,10,,,1,71,,26382,10,,,1,100,,26384,10,,,1,29,,26385,10,,,1,74,,26387,10,,,1
8500,'1',550,,29617,14,,,1,56,,29618,14,,,1,16,,29619,14,,,1,16,,29620,14,,,1,16,,29621,14,,,1,56,,29622,14,,,1,16,,29623,14,,,1,16,,29624,14,,,1,16,,29625,14,,,1,56,,29626,14,,,1,16,,29627,14,,,1,16,,29628,14,,,1,56,,29629,14,,,1,25,,29630,14,,,1,25,,29631,14,,,1,62,,29632,14,,,1,25,,29633,14,,,1,65,,29634,14,,,1,25,,29635,14,,,1,25,,29636,14,,,1,65,,29637,14,,,1,25,,29638,14,,,1,65,,29639,14,,,1,25,,29640,14,,,1,20,,29641,14,,,1
8500,'2',637,,29697,14,,,1,70,,29698,14,,,1,30,,29699,14,,,1,68,,29700,14,,,1,30,,29701,14,,,1,70,,29702,14,,,1,30,,29703,14,,,1,73,,29704,14,,,1,30,,29705,14,,,1,71,,29669,14,,,1,22,,29670,14,,,1,23,,29671,14,,,1,63,,29672,14,,,1,23,,29673,14,,,1,63,,29674,14,,,1,23,,29675,14,,,1,23,,29676,14,,,1,63,,29677,14,,,1,23,,29678,14,,,1,23,,29679,14,,,1,63,,29680,14,,,1,23,,29681,14,,,1,63,,29682,14,,,1,23,,29683,14,,,1,21,,29684,14,,,1,64,,29685,14,,,1,17,,29686,14,,,1,21,,29687,14,,,1,61,,29688,14,,,1,21,,29689,14,,,1,21,,29690,14,,,1,61,,29691,14,,,1,21,,29692,14,,,1,21,,29693,14,,,1,61,,29694,14,,,1,21,,29695,14,,,1,61,,29696,14,,,1,30,,29706,14,,,1,70,,29707,14,,,1,30,,29708,14,,,1
8500,'3',926,,29709,14,,,1,80,,29710,14,,,1,40,,29711,14,,,1,80,,29712,14,,,1,91,,29713,14,,,1,83,,29714,14,,,1,43,,29715,14,,,1,83,,29716,14,,,1,82,,29717,14,,,1,43,,29718,14,,,1,83,,29719,14,,,1,74,,29720,14,,,1,41,,29721,14,,,1,85,,29722,14,,,1,77,,29723,14,,,1,41,,29724,14,,,1,81,,29725,14,,,1
8500,'74',637,,29756,14,,,1,70,,29757,14,,,1,30,,29758,14,,,1,68,,29759,14,,,1,30,,29760,14,,,1,70,,29761,14,,,1,30,,29762,14,,,1,73,,29763,14,,,1,30,,29764,14,,,1,71,,29728,14,,,1,22,,29729,14,,,1,23,,29730,14,,,1,63,,29731,14,,,1,23,,29732,14,,,1,63,,29733,14,,,1,23,,29734,14,,,1,23,,29735,14,,,1,63,,29736,14,,,1,23,,29737,14,,,1,23,,29738,14,,,1,63,,29739,14,,,1,23,,29740,14,,,1,63,,29741,14,,,1,23,,29742,14,,,1,21,,29743,14,,,1,64,,29744,14,,,1,17,,29745,14,,,1,21,,29746,14,,,1,61,,29747,14,,,1,21,,29748,14,,,1,21,,29749,14,,,1,61,,29750,14,,,1,21,,29751,14,,,1,21,,29752,14,,,1,61,,29753,14,,,1,21,,29754,14,,,1,61,,29755,14,,,1,30,,29765,14,,,1,70,,29766,14,,,1,30,,29767,14,,,1
8500,'80',926,,29768,14,,,1,80,,29769,14,,,1,40,,29770,14,,,1,80,,29771,14,,,1,91,,29772,14,,,1,83,,29773,14,,,1,43,,29774,14,,,1,83,,29775,14,,,1,82,,29776,14,,,1,43,,29777,14,,,1,83,,29778,14,,,1,74,,29779,14,,,1,41,,29780,14,,,1,85,,29781,14,,,1,77,,29782,14,,,1,41,,29783,14,,,1,81,,29784,14,,,1
8501,'1',1401,,29808,65,,,1,25,,29812,65,,,1,25,,29813,65,,,1,66,,29814,65,,,1,16,,29841,65,,,1,16,,29842,65,,,1,56,,29831,65,,,1,16,,29830,65,,,1,16,,29829,65,,,1,73,,29828,65,,,1,24,,29827,65,,,1,16,,29815,65,,,1,59,,29816,65,,,1,13,,29817,65,,,1,6,,29818,65,,,1,16,,29819,65,,,1,11,,29820,65,,,1,59,,29821,65,,,1,13,,29822,65,,,1,16,,29823,65,,,1,16,,29824,65,,,1,56,,29825,65,,,1,12,,29826,65,,,1,32,,29834,65,,,1,63,,29833,65,,,1,25,,29832,65,,,1,62,,29838,65,,,1,29,,29837,65,,,1,72,,29835,65,,,1,32,,29836,65,,,1
8501,'2',2251,,29881,65,,,1,70,,29882,65,,,1
8501,'3',2107,,29883,65,,,1,41,,29884,65,,,1
8501,'74',2251,,29940,65,,,1,70,,29941,65,,,1
8501,'80',2107,,29956,65,,,1,41,,29957,65,,,1
