9601,'1',448,,31339,15,,,1,67,,31340,15,,,1,29,,31341,15,,,1,70,,31342,15,,,1,36,,31343,15,,,1,73,,31344,15,,,1,78,,31345,15,,,1,32,,31346,15,,,1,74,,31347,15,,,1,33,,31348,15,,,1,79,,31349,15,,,1,40,,31350,15,,,1,83,,31351,15,,,1,75,,31352,15,,,1,32,,31353,15,,,1,86,,31354,15,,,1,79,,31355,15,,,1,18,,31374,15,,,1,21,,31356,15,,,1,68,,31357,15,,,1,27,,31358,15,,,1,67,,31359,15,,,1,27,,31360,15,,,1,67,,31361,15,,,1,26,,31362,15,,,1,65,,31363,15,,,1,25,,31364,15,,,1,25,,31365,15,,,1,65,,31366,15,,,1,25,,31367,15,,,1,65,,31368,15,,,1,29,,31369,15,,,1,70,,31370,15,,,1,30,,31371,15,,,1,70,,31372,15,,,1,24,,31373,15,,,1
9601,'2',812,,31375,15,,,1,99,,31376,15,,,1,100,,31377,15,,,1,99,,31378,15,,,1,99,,31379,15,,,1,99,,31380,15,,,1,99,,31381,15,,,1,99,,31382,15,,,1,99,,31383,15,,,1,99,,31384,15,,,1,50,,31385,15,,,1,92,,31386,15,,,1,97,,31387,15,,,1
9601,'3',912,,31388,15,,,1,94,,31389,15,,,1,94,,31390,15,,,1,54,,31391,15,,,1,94,,31392,15,,,1,94,,31393,15,,,1,94,,31394,15,,,1,94,,31395,15,,,1,93,,31396,15,,,1,94,,31397,15,,,1,94,,31398,15,,,1,94,,31399,15,,,1
9601,'74',812,,31400,15,,,1,99,,31401,15,,,1,100,,31402,15,,,1,99,,31403,15,,,1,99,,31404,15,,,1,99,,31405,15,,,1,99,,31406,15,,,1,99,,31407,15,,,1,99,,31408,15,,,1,99,,31409,15,,,1,50,,31410,15,,,1,92,,31411,15,,,1,97,,31412,15,,,1
9601,'80',912,,31413,15,,,1,94,,31414,15,,,1,94,,31415,15,,,1,54,,31416,15,,,1,94,,31417,15,,,1,94,,31418,15,,,1,94,,31419,15,,,1,94,,31420,15,,,1,93,,31421,15,,,1,94,,31422,15,,,1,94,,31423,15,,,1,94,,31424,15,,,1
9801,'1',525,,31521,24,,,1,75,,31520,24,,,1,36,,31519,24,,,1,75,,31518,24,,,1,35,,31517,24,,,1,75,,31516,24,,,1,35,,31515,24,,,1,75,,31514,24,,,1,75,,31525,24,,,1,100,,31524,24,,,1,98,,31523,24,,,1,98,,31522,24,,,1,100,,31537,24,,,1,40,,31536,24,,,1,80,,31535,24,,,1,80,,31534,24,,,1,40,,31533,24,,,1,80,,31532,24,,,1,80,,31531,24,,,1,39,,31530,24,,,1,78,,31529,24,,,1,91,,31528,24,,,1,48,,31527,24,,,1,88,,31526,24,,,1
9801,'2',532,,31556,24,,,1,86,,31555,24,,,1,86,,31554,24,,,1,46,,31553,24,,,1,88,,31552,24,,,1,96,,31551,24,,,1,94,,31550,24,,,1,97,,31549,24,,,1,94,,31548,24,,,1,100,,31547,24,,,1,98,,31546,24,,,1,98,,31545,24,,,1,96,,31544,24,,,1,98,,31543,24,,,1,98,,31542,24,,,1,96,,31541,24,,,1,46,,31540,24,,,1,89,,31539,24,,,1,87,,31538,24,,,1
9801,'3',715,,31573,24,,,1,88,,31574,24,,,1,48,,31572,24,,,1,88,,31571,24,,,1,88,,31570,24,,,1,96,,31569,24,,,1,93,,31568,24,,,1,93,,31567,24,,,1,95,,31566,24,,,1,53,,31565,24,,,1,93,,31564,24,,,1,93,,31563,24,,,1,93,,31562,24,,,1,90,,31561,24,,,1,87,,31560,24,,,1,87,,31559,24,,,1,47,,31558,24,,,1,88,,31557,24,,,1
9801,'74',532,,31593,24,,,1,86,,31592,24,,,1,86,,31591,24,,,1,46,,31590,24,,,1,88,,31589,24,,,1,96,,31588,24,,,1,94,,31587,24,,,1,97,,31586,24,,,1,94,,31585,24,,,1,100,,31584,24,,,1,98,,31583,24,,,1,98,,31582,24,,,1,96,,31581,24,,,1,98,,31580,24,,,1,98,,31579,24,,,1,96,,31578,24,,,1,46,,31577,24,,,1,89,,31576,24,,,1,87,,31575,24,,,1
9801,'80',715,,31610,24,,,1,88,,31611,24,,,1,48,,31609,24,,,1,88,,31608,24,,,1,88,,31607,24,,,1,96,,31606,24,,,1,93,,31605,24,,,1,93,,31604,24,,,1,95,,31603,24,,,1,53,,31602,24,,,1,93,,31601,24,,,1,93,,31600,24,,,1,93,,31599,24,,,1,90,,31598,24,,,1,87,,31597,24,,,1,87,,31596,24,,,1,47,,31595,24,,,1,88,,31594,24,,,1
60101,'1',452,,34498,6,,,1,51,,34497,6,,,1,11,,34496,6,,,1,11,,34495,6,,,1,11,,34494,6,,,1,11,,34493,6,,,1,9,,34492,6,,,1,50,,34491,6,,,1,11,,34490,6,,,1,12,,34489,6,,,1,10,,34488,6,,,1,11,,34487,6,,,1,9,,34411,6,,,1,50,,34412,6,,,1,11,,34413,6,,,1,11,,34414,6,,,1,11,,34415,6,,,1,13,,34416,6,,,1,51,,34417,6,,,1,11,,34418,6,,,1,11,,34419,6,,,1,12,,34420,6,,,1,9,,34421,6,,,1,51,,34422,6,,,1,11,,34423,6,,,1,11,,34424,6,,,1,11,,34425,6,,,1,12,,34426,6,,,1,11,,34427,6,,,1,50,,34428,6,,,1,11,,34429,6,,,1,11,,34445,6,,,1,16,,34444,6,,,1,56,,34443,6,,,1,16,,34442,6,,,1,16,,34441,6,,,1,16,,34440,6,,,1,56,,34430,6,,,1,16,,34431,6,,,1,16,,34432,6,,,1,16,,34433,6,,,1,56,,34434,6,,,1,16,,34435,6,,,1,16,,34436,6,,,1,16,,34437,6,,,1,56,,34438,6,,,1,16,,34439,6,,,1,14,,34472,6,,,1,12,,34471,6,,,1,53,,34470,6,,,1,12,,34469,6,,,1,12,,34468,6,,,1,12,,34467,6,,,1,12,,34446,6,,,1,52,,34447,6,,,1,12,,34448,6,,,1,12,,34449,6,,,1,12,,34450,6,,,1,12,,34451,6,,,1,52,,34452,6,,,1,12,,34453,6,,,1,12,,34454,6,,,1,11,,34455,6,,,1,13,,34456,6,,,1,51,,34457,6,,,1,12,,34458,6,,,1,12,,34459,6,,,1,12,,34460,6,,,1,12,,34461,6,,,1,52,,34462,6,,,1,12,,34463,6,,,1,11,,34464,6,,,1,12,,34465,6,,,1,12,,34466,6,,,1,65,,34480,6,,,1,17,,34479,6,,,1,18,,34478,6,,,1,58,,34477,6,,,1,17,,34476,6,,,1,18,,34473,6,,,1,58,,34474,6,,,1,18,,34475,6,,,1,15,,34486,6,,,1,17,,34485,6,,,1,59,,34484,6,,,1,19,,34481,6,,,1,17,,34482,6,,,1,56,,34483,6,,,1
60101,'2',614,,34567,6,,,1,17,,34499,6,,,1,17,,34500,6,,,1,57,,34501,6,,,1,17,,34502,6,,,1,15,,34520,6,,,1,16,,34519,6,,,1,57,,34518,6,,,1,16,,34517,6,,,1,16,,34516,6,,,1,15,,34503,6,,,1,58,,34504,6,,,1,16,,34505,6,,,1,16,,34506,6,,,1,56,,34507,6,,,1,16,,34508,6,,,1,16,,34509,6,,,1,17,,34510,6,,,1,56,,34511,6,,,1,16,,34512,6,,,1,16,,34513,6,,,1,16,,34514,6,,,1,55,,34515,6,,,1,14,,34552,6,,,1,15,,34551,6,,,1,15,,34550,6,,,1,55,,34549,6,,,1,15,,34548,6,,,1,15,,34547,6,,,1,15,,34521,6,,,1,55,,34522,6,,,1,15,,34523,6,,,1,15,,34524,6,,,1,15,,34525,6,,,1,55,,34526,6,,,1,15,,34527,6,,,1,15,,34528,6,,,1,15,,34529,6,,,1,55,,34530,6,,,1,15,,34531,6,,,1,15,,34532,6,,,1,15,,34533,6,,,1,55,,34534,6,,,1,15,,34535,6,,,1,15,,34536,6,,,1,15,,34537,6,,,1,55,,34538,6,,,1,15,,34539,6,,,1,14,,34540,6,,,1,15,,34541,6,,,1,55,,34542,6,,,1,15,,34543,6,,,1,15,,34544,6,,,1,15,,34545,6,,,1,55,,34546,6,,,1,20,,34558,6,,,1,18,,34557,6,,,1,58,,34556,6,,,1,18,,34555,6,,,1,16,,34553,6,,,1,18,,34554,6,,,1,60,,34566,6,,,1,16,,34565,6,,,1,16,,34564,6,,,1,55,,34563,6,,,1,16,,34562,6,,,1,16,,34559,6,,,1,16,,34560,6,,,1,55,,34561,6,,,1
60101,'3',702,,34568,6,,,1,21,,34569,6,,,1,20,,34570,6,,,1,60,,34571,6,,,1,20,,34572,6,,,1,20,,34573,6,,,1,60,,34574,6,,,1,21,,34575,6,,,1,21,,34576,6,,,1,60,,34577,6,,,1,21,,34578,6,,,1,21,,34579,6,,,1,61,,34580,6,,,1,21,,34581,6,,,1,22,,34582,6,,,1,60,,34583,6,,,1,21,,34584,6,,,1,21,,34585,6,,,1,61,,34586,6,,,1,21,,34587,6,,,1,21,,34588,6,,,1,61,,34589,6,,,1,21,,34590,6,,,1,21,,34591,6,,,1,61,,34592,6,,,1,21,,34593,6,,,1,61,,34594,6,,,1,21,,34595,6,,,1,21,,34596,6,,,1,61,,34597,6,,,1,21,,34598,6,,,1,21,,34599,6,,,1,60,,34600,6,,,1,21,,34601,6,,,1,21,,34602,6,,,1,61,,34603,6,,,1,21,,34604,6,,,1,21,,34605,6,,,1,61,,34606,6,,,1,19,,34607,6,,,1,20,,34608,6,,,1,60,,34609,6,,,1,20,,34610,6,,,1,20,,34611,6,,,1,60,,34612,6,,,1,18,,34613,6,,,1,20,,34614,6,,,1,60,,34615,6,,,1,20,,34616,6,,,1,20,,34617,6,,,1,60,,34618,6,,,1,20,,34619,6,,,1
60101,'74',614,,34648,6,,,1,17,,34620,6,,,1,17,,34621,6,,,1,57,,34622,6,,,1,17,,34623,6,,,1,15,,34641,6,,,1,16,,34640,6,,,1,57,,34639,6,,,1,16,,34638,6,,,1,16,,34637,6,,,1,15,,34624,6,,,1,58,,34625,6,,,1,16,,34626,6,,,1,16,,34627,6,,,1,56,,34628,6,,,1,16,,34629,6,,,1,16,,34630,6,,,1,17,,34631,6,,,1,56,,34632,6,,,1,16,,34633,6,,,1,16,,34634,6,,,1,16,,34635,6,,,1,55,,34636,6,,,1,14,,34647,6,,,1,15,,34646,6,,,1,15,,34645,6,,,1,55,,34644,6,,,1,15,,34643,6,,,1,15,,34642,6,,,1,15,,34649,6,,,1,55,,34650,6,,,1,15,,34651,6,,,1,15,,34652,6,,,1,15,,34653,6,,,1,55,,34654,6,,,1,15,,34655,6,,,1,15,,34656,6,,,1,15,,34657,6,,,1,55,,34658,6,,,1,15,,34659,6,,,1,15,,34660,6,,,1,15,,34661,6,,,1,55,,34662,6,,,1,15,,34663,6,,,1,15,,34664,6,,,1,15,,34665,6,,,1,55,,34666,6,,,1,15,,34667,6,,,1,14,,34668,6,,,1,15,,34669,6,,,1,55,,34670,6,,,1,15,,34671,6,,,1,15,,34672,6,,,1,15,,34673,6,,,1,55,,34674,6,,,1,20,,34680,6,,,1,18,,34679,6,,,1,58,,34678,6,,,1,18,,34677,6,,,1,16,,34675,6,,,1,18,,34676,6,,,1,60,,34688,6,,,1,16,,34687,6,,,1,16,,34686,6,,,1,55,,34685,6,,,1,16,,34684,6,,,1,16,,34681,6,,,1,16,,34682,6,,,1,55,,34683,6,,,1
60101,'80',702,,34689,6,,,1,21,,34690,6,,,1,20,,34691,6,,,1,60,,34692,6,,,1,20,,34693,6,,,1,20,,34694,6,,,1,60,,34695,6,,,1,21,,34696,6,,,1,21,,34697,6,,,1,60,,34698,6,,,1,21,,34699,6,,,1,21,,34700,6,,,1,61,,34701,6,,,1,21,,34702,6,,,1,22,,34703,6,,,1,60,,34704,6,,,1,21,,34705,6,,,1,21,,34706,6,,,1,61,,34707,6,,,1,21,,34708,6,,,1,21,,34709,6,,,1,61,,34710,6,,,1,21,,34711,6,,,1,21,,34712,6,,,1,61,,34713,6,,,1,21,,34714,6,,,1,61,,34715,6,,,1,21,,34716,6,,,1,21,,34717,6,,,1,61,,34718,6,,,1,21,,34719,6,,,1,21,,34720,6,,,1,60,,34721,6,,,1,21,,34722,6,,,1,21,,34723,6,,,1,61,,34724,6,,,1,21,,34725,6,,,1,21,,34726,6,,,1,61,,34727,6,,,1,19,,34728,6,,,1,20,,34729,6,,,1,60,,34730,6,,,1,20,,34731,6,,,1,20,,34732,6,,,1,60,,34733,6,,,1,18,,34734,6,,,1,20,,34735,6,,,1,60,,34736,6,,,1,20,,34737,6,,,1,20,,34738,6,,,1,60,,34739,6,,,1,20,,34740,6,,,1
989901,'1',2205,,36877,24,,,1,32,,36878,24,,,1,78,,36879,24,,,1,36,,36880,24,,,1,75,,36881,24,,,1,31,,36882,24,,,1,75,,36883,24,,,1,75,,36884,24,,,1
989901,'2',2211,,36885,24,,,1,92,,36886,24,,,1,43,,36887,24,,,1,91,,36890,24,,,1,85,,36888,24,,,1,86,,36889,24,,,1
989901,'3',2223,,36891,24,,,1,89,,36892,24,,,1,43,,36893,24,,,1,89,,36894,24,,,1,79,,36895,24,,,1,83,,36896,24,,,1
989901,'74',2211,,36897,24,,,1,92,,36898,24,,,1,43,,36899,24,,,1,91,,36902,24,,,1,85,,36900,24,,,1,86,,36901,24,,,1
989901,'80',2223,,36903,24,,,1,89,,36904,24,,,1,43,,36905,24,,,1,89,,36906,24,,,1,79,,36907,24,,,1,83,,36908,24,,,1
