9601,'1',528,,31339,68,,,1,31,,31340,68,,,1,69,,31341,68,,,1,30,,31342,68,,,1,82,,31343,68,,,1,76,,31344,68,,,1,38,,31345,68,,,1,67,,31346,68,,,1,33,,31347,68,,,1,71,,31348,68,,,1,79,,31349,68,,,1,37,,31350,64,,,1,83,,31351,64,,,1,35,,31352,64,,,1,72,,31353,64,,,1,86,,31354,64,,,1,42,,31355,64,,,1,61,,31374,64,,,1,18,,31356,64,,,1,71,,31357,64,,,1,27,,31358,64,,,1,71,,31359,68,,,1,27,,31360,68,,,1,66,,31361,68,,,1,23,,31362,68,,,1,17,,31363,68,,,1,65,,31364,68,,,1,25,,31365,68,,,1,25,,31366,68,,,1,61,,31367,64,,,1,25,,31368,64,,,1,67,,31369,64,,,1,30,,31370,64,,,1,70,,31371,64,,,1,30,,31372,64,,,1,64,,31373,64,,,1
9601,'2',854,,31375,64,,,1,99,,31376,64,,,1,101,,31377,64,,,1,99,,31378,64,,,1,99,,31379,64,,,1,97,,31380,64,,,1,99,,31381,64,,,1,99,,31382,64,,,1,99,,31383,64,,,1,99,,31384,64,,,1,88,,31385,64,,,1,90,,31386,64,,,1,97,,31387,64,,,1
9601,'3',953,,31388,64,,,1,94,,31389,64,,,1,94,,31390,64,,,1,94,,31391,64,,,1,94,,31392,64,,,1,94,,31393,64,,,1,96,,31394,64,,,1,94,,31395,64,,,1,89,,31396,64,,,1,54,,31397,64,,,1,92,,31398,64,,,1,94,,31399,64,,,1
9601,'74',854,,31400,64,,,1,99,,31401,64,,,1,101,,31402,64,,,1,99,,31403,64,,,1,99,,31404,64,,,1,97,,31405,64,,,1,99,,31406,64,,,1,99,,31407,64,,,1,99,,31408,64,,,1,99,,31409,64,,,1,88,,31410,64,,,1,90,,31411,64,,,1,97,,31412,64,,,1
9601,'80',953,,31413,64,,,1,94,,31414,64,,,1,94,,31415,64,,,1,94,,31416,64,,,1,94,,31417,64,,,1,94,,31418,64,,,1,96,,31419,64,,,1,94,,31420,64,,,1,89,,31421,64,,,1,54,,31422,64,,,1,92,,31423,64,,,1,94,,31424,64,,,1
10701,'1',523,,32420,11,,,1,24,,32419,11,,,1,66,,32418,11,,,1,24,,32417,11,,,1,64,,32416,11,,,1,17,,32415,11,,,1,20,,32414,11,,,1,12,,32413,11,,,1,61,,32412,11,,,1,16,,32411,11,,,1,16,,32410,11,,,1,10,,32409,11,,,1,85,,32398,11,,,1,80,,32405,11,,,1,82,,32404,11,,,1,42,,32403,11,,,1,82,,32402,11,,,1,87,,32401,11,,,1,42,,32400,11,,,1,68,,32408,11,,,1,14,,32399,11,,,1,23,,32397,11,,,1,58,,32396,11,,,1,18,,32395,11,,,1,18,,32394,11,,,1,62,,32393,11,,,1,18,,32392,11,,,1,18,,32391,11,,,1,63,,32390,11,,,1,18,,32389,11,,,1,18,,32388,11,,,1,55,,32387,11,,,1,17,,32386,11,,,1,18,,32434,11,,,1,66,,32433,11,,,1,18,,32421,11,,,1,78,,32435,11,,,1,41,,32432,11,,,1,77,,32431,11,,,1,38,,32430,11,,,1,72,,32429,11,,,1,74,,32428,11,,,1,34,,32427,11,,,1,74,,32426,11,,,1,34,,32425,11,,,1,74,,32424,11,,,1,34,,32423,11,,,1,74,,32422,11,,,1
10701,'2',657,,32463,11,,,1,79,,32464,11,,,1,77,,32465,11,,,1,37,,32466,11,,,1,77,,32467,11,,,1,77,,32468,11,,,1,37,,32469,11,,,1,77,,32470,11,,,1,37,,32471,11,,,1,77,,32472,11,,,1,76,,32440,11,,,1,37,,32441,11,,,1,77,,32443,11,,,1,37,,32444,11,,,1,77,,32445,11,,,1,77,,32446,11,,,1,35,,32447,11,,,1,77,,32448,11,,,1,77,,32449,11,,,1,37,,32450,11,,,1,77,,32451,11,,,1,37,,32452,11,,,1,77,,32453,11,,,1,77,,32454,11,,,1,37,,32455,11,,,1,77,,32442,11,,,1,37,,32456,11,,,1,77,,32457,11,,,1,77,,32458,11,,,1,37,,32459,11,,,1,76,,32439,11,,,1,75,,32460,11,,,1
10701,'3',737,,32485,11,,,1,77,,32486,11,,,1,34,,32487,11,,,1,77,,32488,11,,,1,78,,32489,11,,,1,37,,32490,11,,,1,77,,32484,11,,,1,37,,32491,11,,,1,77,,32492,11,,,1,77,,32493,11,,,1,37,,32494,11,,,1,77,,32495,11,,,1,35,,32496,11,,,1,77,,32497,11,,,1,77,,32498,11,,,1,37,,32500,11,,,1,77,,32501,11,,,1,77,,32499,11,,,1,37,,32481,11,,,1,77,,32502,11,,,1,37,,32503,11,,,1,77,,32504,11,,,1,77,,32505,11,,,1,37,,32473,11,,,1,77,,32474,11,,,1,37,,32475,11,,,1,77,,32476,11,,,1,77,,32477,11,,,1,36,,32478,11,,,1,77,,32479,11,,,1,77,,32480,11,,,1
10701,'74',657,,32530,11,,,1,79,,32531,11,,,1,77,,32532,11,,,1,37,,32533,11,,,1,77,,32534,11,,,1,77,,32535,11,,,1,37,,32536,11,,,1,77,,32537,11,,,1,37,,32538,11,,,1,77,,32539,11,,,1,76,,32507,11,,,1,37,,32508,11,,,1,77,,32510,11,,,1,37,,32511,11,,,1,77,,32512,11,,,1,77,,32513,11,,,1,35,,32514,11,,,1,77,,32515,11,,,1,77,,32516,11,,,1,37,,32517,11,,,1,77,,32518,11,,,1,37,,32519,11,,,1,77,,32520,11,,,1,77,,32521,11,,,1,37,,32522,11,,,1,77,,32509,11,,,1,37,,32523,11,,,1,77,,32524,11,,,1,77,,32525,11,,,1,37,,32526,11,,,1,76,,32506,11,,,1,75,,32527,11,,,1
10701,'80',737,,32552,11,,,1,77,,32553,11,,,1,34,,32554,11,,,1,77,,32555,11,,,1,78,,32556,11,,,1,37,,32557,11,,,1,77,,32551,11,,,1,37,,32558,11,,,1,77,,32559,11,,,1,77,,32560,11,,,1,37,,32561,11,,,1,77,,32562,11,,,1,35,,32563,11,,,1,77,,32564,11,,,1,77,,32565,11,,,1,37,,32567,11,,,1,77,,32568,11,,,1,77,,32566,11,,,1,37,,32548,11,,,1,77,,32569,11,,,1,37,,32570,11,,,1,77,,32571,11,,,1,77,,32572,11,,,1,37,,32540,11,,,1,77,,32541,11,,,1,37,,32542,11,,,1,77,,32543,11,,,1,77,,32544,11,,,1,36,,32545,11,,,1,77,,32546,11,,,1,77,,32547,11,,,1
46201,'35294.1',1603,,34037,30,,,1,5,,34038,30,,,1
