8100,'1',535,,17097,34,,,1,71,,17099,34,,,1,31,,17101,34,,,1,74,,17102,34,,,1,34,,17100,34,,,1,81,,17103,34,,,1,79,,17098,34,,,1
8101,'1',1526,,17111,34,,,1,86,,17110,34,,,1,39,,17109,34,,,1,79,,17108,34,,,1,77,,17107,34,,,1,37,,17106,34,,,1,75,,17105,34,,,1,38,,17104,34,,,1
9801,'1',544,,18741,52,,,1,75,,18740,52,,,1,38,,18739,52,,,1,75,,18738,52,,,1,76,,18737,52,,,1,35,,18736,52,,,1,75,,18735,52,,,1,35,,18734,52,,,1,75,,18745,52,,,1,101,,18744,52,,,1,98,,18743,52,,,1,98,,18742,52,,,1,102,,18757,52,,,1,80,,18756,52,,,1,40,,18755,52,,,1,80,,18754,52,,,1,80,,18753,52,,,1,40,,18752,52,,,1,80,,18751,52,,,1,76,,18750,52,,,1,38,,18749,52,,,1,91,,18748,52,,,1,86,,18747,52,,,1,88,,18746,52,,,1
9801,'2',550,,18776,52,,,1,86,,18775,52,,,1,86,,18774,52,,,1,86,,18773,52,,,1,49,,18772,52,,,1,97,,18771,52,,,1,94,,18770,52,,,1,98,,18769,52,,,1,94,,18768,52,,,1,102,,18767,52,,,1,98,,18766,52,,,1,98,,18765,52,,,1,95,,18764,52,,,1,98,,18763,52,,,1,98,,18762,52,,,1,94,,18761,52,,,1,85,,18760,52,,,1,49,,18759,52,,,1,87,,18758,52,,,1
9801,'3',733,,18793,52,,,1,88,,18794,52,,,1,91,,18792,52,,,1,88,,18791,52,,,1,48,,18790,52,,,1,96,,18789,52,,,1,93,,18788,52,,,1,93,,18787,52,,,1,95,,18786,52,,,1,93,,18785,52,,,1,93,,18784,52,,,1,93,,18783,52,,,1,53,,18782,52,,,1,90,,18781,52,,,1,85,,18780,52,,,1,86,,18779,52,,,1,87,,18778,52,,,1,48,,18777,52,,,1
9801,'80',733,,18811,52,,,1,88,,18812,52,,,1,91,,18810,52,,,1,88,,18809,52,,,1,48,,18808,52,,,1,96,,18807,52,,,1,93,,18806,52,,,1,93,,18805,52,,,1,95,,18804,52,,,1,93,,18803,52,,,1,93,,18802,52,,,1,93,,18801,52,,,1,53,,18800,52,,,1,90,,18799,52,,,1,85,,18798,52,,,1,86,,18797,52,,,1,87,,18796,52,,,1,48,,18795,52,,,1
45000,'24611.1',741,,20739,16,,,1
45001,'24611.1',1438,,20740,13,,,1
989901,'1',2222,,22691,52,,,1,31,,22692,52,,,1,78,,22693,52,,,1,76,,22694,52,,,1,35,,22695,52,,,1,71,,22696,52,,,1,35,,22697,52,,,1,75,,22698,52,,,1
989901,'2',2228,,22699,52,,,1,91,,22700,52,,,1,83,,22701,52,,,1,51,,22704,52,,,1,85,,22702,52,,,1,86,,22703,52,,,1
989901,'3',2240,,22705,52,,,1,88,,22706,52,,,1,83,,22707,52,,,1,89,,22708,52,,,1,39,,22709,52,,,1,83,,22710,52,,,1
989901,'80',2240,,22711,52,,,1,88,,22712,52,,,1,83,,22713,52,,,1,89,,22714,52,,,1,39,,22715,52,,,1,83,,22716,52,,,1
