9901,'1',411,,31722,22,,,1,41,,31723,22,,,1,80,,31724,22,,,1,82,,31725,22,,,1,38,,31726,22,,,1,75,,31727,22,,,1,29,,31728,22,,,1,83,,31729,22,,,1,75,,31730,22,,,1,35,,31731,22,,,1,94,,31732,22,,,1,98,,31733,22,,,1,94,,31734,22,,,1,94,,31735,22,,,1,100,,31736,22,,,1,25,,31737,22,,,1,70,,31738,22,,,1,30,,31739,22,,,1,70,,31740,22,,,1,30,,31741,22,,,1,70,,31742,22,,,1,30,,31743,22,,,1,69,,31744,22,,,1,30,,31745,22,,,1,66,,31746,22,,,1,30,,31747,22,,,1,70,,31748,22,,,1,25,,31749,22,,,1,72,,31750,22,,,1,85,,31751,22,,,1
9901,'2',533,,31752,22,,,1,77,,31753,22,,,1,37,,31754,22,,,1,77,,31755,22,,,1,87,,31756,22,,,1,91,,31757,22,,,1,48,,31758,22,,,1,87,,31759,22,,,1,101,,31760,22,,,1,98,,31761,22,,,1,95,,31762,22,,,1,95,,31763,22,,,1,95,,31764,22,,,1,95,,31765,22,,,1,91,,31766,22,,,1,94,,31767,22,,,1,55,,31768,22,,,1,92,,31769,22,,,1,85,,31770,22,,,1,85,,31771,22,,,1
9901,'3',537,,31772,22,,,1,81,,31773,22,,,1,38,,31774,22,,,1,78,,31775,22,,,1,78,,31776,22,,,1,92,,31777,22,,,1,49,,31778,22,,,1,89,,31779,22,,,1,89,,31780,22,,,1,92,,31781,22,,,1,89,,31782,22,,,1,89,,31783,22,,,1,49,,31784,22,,,1,89,,31785,22,,,1,89,,31786,22,,,1,89,,31787,22,,,1,85,,31788,22,,,1,49,,31789,22,,,1,89,,31790,22,,,1,87,,31791,22,,,1,89,,31792,22,,,1,39,,31793,22,,,1
9901,'74',533,,31794,22,,,1,77,,31795,22,,,1,37,,31796,22,,,1,77,,31797,22,,,1,87,,31798,22,,,1,91,,31799,22,,,1,48,,31800,22,,,1,87,,31801,22,,,1,101,,31802,22,,,1,98,,31803,22,,,1,95,,31804,22,,,1,95,,31805,22,,,1,95,,31806,22,,,1,95,,31807,22,,,1,91,,31808,22,,,1,94,,31809,22,,,1,55,,31810,22,,,1,92,,31811,22,,,1,85,,31812,22,,,1,85,,31813,22,,,1
9901,'80',537,,31814,22,,,1,81,,31815,22,,,1,38,,31816,22,,,1,78,,31817,22,,,1,78,,31818,22,,,1,92,,31819,22,,,1,49,,31820,22,,,1,89,,31821,22,,,1,89,,31822,22,,,1,92,,31823,22,,,1,89,,31824,22,,,1,89,,31825,22,,,1,49,,31826,22,,,1,89,,31827,22,,,1,89,,31828,22,,,1,89,,31829,22,,,1,85,,31830,22,,,1,49,,31831,22,,,1,89,,31832,22,,,1,87,,31833,22,,,1,89,,31834,22,,,1,39,,31835,22,,,1
989901,'1',2236,,36877,77,,,1,70,,36878,77,,,1,38,,36879,77,,,1,75,,36880,77,,,1,35,,36881,77,,,1,70,,36882,77,,,1,35,,36883,77,,,1,75,,36884,77,,,1
989901,'2',2244,,36885,77,,,1,88,,36886,77,,,1,81,,36887,77,,,1,91,,36890,77,,,1,45,,36888,77,,,1,86,,36889,77,,,1
989901,'3',2253,,36891,77,,,1,87,,36892,77,,,1,83,,36893,77,,,1,87,,36894,77,,,1,39,,36895,77,,,1,83,,36896,77,,,1
989901,'74',2244,,36897,77,,,1,88,,36898,77,,,1,81,,36899,77,,,1,91,,36902,77,,,1,45,,36900,77,,,1,86,,36901,77,,,1
989901,'80',2253,,36903,77,,,1,87,,36904,77,,,1,83,,36905,77,,,1,87,,36906,77,,,1,39,,36907,77,,,1,83,,36908,77,,,1
