9901,'1',406,,31722,11,,,1,41,,31723,11,,,1,80,,31724,11,,,1,80,,31725,11,,,1,36,,31726,11,,,1,75,,31727,11,,,1,29,,31728,11,,,1,83,,31729,11,,,1,75,,31730,11,,,1,35,,31731,11,,,1,94,,31732,11,,,1,96,,31733,11,,,1,94,,31734,11,,,1,94,,31735,11,,,1,100,,31736,11,,,1,25,,31737,11,,,1,70,,31738,11,,,1,30,,31739,11,,,1,70,,31740,11,,,1,30,,31741,11,,,1,70,,31742,11,,,1,30,,31743,11,,,1,69,,31744,11,,,1,30,,31745,11,,,1,68,,31746,11,,,1,30,,31747,11,,,1,70,,31748,11,,,1,25,,31749,11,,,1,73,,31750,11,,,1,45,,31751,11,,,1
9901,'2',527,,31752,11,,,1,77,,31753,11,,,1,37,,31754,11,,,1,77,,31755,11,,,1,87,,31756,11,,,1,49,,31757,11,,,1,87,,31758,11,,,1,87,,31759,11,,,1,100,,31760,11,,,1,96,,31761,11,,,1,95,,31762,11,,,1,95,,31763,11,,,1,95,,31764,11,,,1,95,,31765,11,,,1,52,,31766,11,,,1,94,,31767,11,,,1,95,,31768,11,,,1,94,,31769,11,,,1,85,,31770,11,,,1,85,,31771,11,,,1
9901,'3',532,,31772,11,,,1,79,,31773,11,,,1,38,,31774,11,,,1,78,,31775,11,,,1,78,,31776,11,,,1,51,,31777,11,,,1,89,,31778,11,,,1,89,,31779,11,,,1,89,,31780,11,,,1,90,,31781,11,,,1,89,,31782,11,,,1,49,,31783,11,,,1,89,,31784,11,,,1,89,,31785,11,,,1,89,,31786,11,,,1,89,,31787,11,,,1,47,,31788,11,,,1,89,,31789,11,,,1,89,,31790,11,,,1,88,,31791,11,,,1,89,,31792,11,,,1,39,,31793,11,,,1
9901,'74',527,,31794,11,,,1,77,,31795,11,,,1,37,,31796,11,,,1,77,,31797,11,,,1,87,,31798,11,,,1,49,,31799,11,,,1,87,,31800,11,,,1,87,,31801,11,,,1,100,,31802,11,,,1,96,,31803,11,,,1,95,,31804,11,,,1,95,,31805,11,,,1,95,,31806,11,,,1,95,,31807,11,,,1,52,,31808,11,,,1,94,,31809,11,,,1,95,,31810,11,,,1,94,,31811,11,,,1,85,,31812,11,,,1,85,,31813,11,,,1
9901,'80',532,,31814,11,,,1,79,,31815,11,,,1,38,,31816,11,,,1,78,,31817,11,,,1,78,,31818,11,,,1,51,,31819,11,,,1,89,,31820,11,,,1,89,,31821,11,,,1,89,,31822,11,,,1,90,,31823,11,,,1,89,,31824,11,,,1,49,,31825,11,,,1,89,,31826,11,,,1,89,,31827,11,,,1,89,,31828,11,,,1,89,,31829,11,,,1,47,,31830,11,,,1,89,,31831,11,,,1,89,,31832,11,,,1,88,,31833,11,,,1,89,,31834,11,,,1,39,,31835,11,,,1
989901,'1',2230,,36877,66,,,1,71,,36878,66,,,1,38,,36879,66,,,1,75,,36880,66,,,1,35,,36881,66,,,1,71,,36882,66,,,1,35,,36883,66,,,1,75,,36884,66,,,1
989901,'2',2238,,36885,66,,,1,88,,36886,66,,,1,82,,36887,66,,,1,51,,36890,66,,,1,85,,36888,66,,,1,86,,36889,66,,,1
989901,'3',2248,,36891,66,,,1,87,,36892,66,,,1,83,,36893,66,,,1,88,,36894,66,,,1,39,,36895,66,,,1,83,,36896,66,,,1
989901,'74',2238,,36897,66,,,1,88,,36898,66,,,1,82,,36899,66,,,1,51,,36902,66,,,1,85,,36900,66,,,1,86,,36901,66,,,1
989901,'80',2248,,36903,66,,,1,87,,36904,66,,,1,83,,36905,66,,,1,88,,36906,66,,,1,39,,36907,66,,,1,83,,36908,66,,,1
