8101,'1',1524,,29518,32,,,1,86,,29517,32,,,1,39,,29516,32,,,1,79,,29515,32,,,1,77,,29514,32,,,1,37,,29513,32,,,1,75,,29512,32,,,1,39,,29511,32,,,1
9801,'1',543,,31521,50,,,1,75,,31520,50,,,1,37,,31519,50,,,1,75,,31518,50,,,1,77,,31517,50,,,1,35,,31516,50,,,1,75,,31515,50,,,1,35,,31514,50,,,1,75,,31525,50,,,1,101,,31524,50,,,1,98,,31523,50,,,1,98,,31522,50,,,1,101,,31537,50,,,1,80,,31536,50,,,1,40,,31535,50,,,1,80,,31534,50,,,1,80,,31533,50,,,1,40,,31532,50,,,1,80,,31531,50,,,1,77,,31530,50,,,1,37,,31529,50,,,1,91,,31528,50,,,1,87,,31527,50,,,1,88,,31526,50,,,1
9801,'2',549,,31556,50,,,1,86,,31555,50,,,1,86,,31554,50,,,1,86,,31553,50,,,1,49,,31552,50,,,1,96,,31551,50,,,1,94,,31550,50,,,1,98,,31549,50,,,1,94,,31548,50,,,1,103,,31547,50,,,1,98,,31546,50,,,1,98,,31545,50,,,1,95,,31544,50,,,1,98,,31543,50,,,1,98,,31542,50,,,1,93,,31541,50,,,1,86,,31540,50,,,1,49,,31539,50,,,1,87,,31538,50,,,1
9801,'3',732,,31573,50,,,1,88,,31574,50,,,1,90,,31572,50,,,1,48,,31571,50,,,1,88,,31570,50,,,1,96,,31569,50,,,1,93,,31568,50,,,1,93,,31567,50,,,1,95,,31566,50,,,1,93,,31565,50,,,1,93,,31564,50,,,1,93,,31563,50,,,1,53,,31562,50,,,1,90,,31561,50,,,1,86,,31560,50,,,1,86,,31559,50,,,1,87,,31558,50,,,1,48,,31557,50,,,1
9801,'74',549,,31593,50,,,1,86,,31592,50,,,1,86,,31591,50,,,1,86,,31590,50,,,1,49,,31589,50,,,1,96,,31588,50,,,1,94,,31587,50,,,1,98,,31586,50,,,1,94,,31585,50,,,1,103,,31584,50,,,1,98,,31583,50,,,1,98,,31582,50,,,1,95,,31581,50,,,1,98,,31580,50,,,1,98,,31579,50,,,1,93,,31578,50,,,1,86,,31577,50,,,1,49,,31576,50,,,1,87,,31575,50,,,1
9801,'80',732,,31610,50,,,1,88,,31611,50,,,1,90,,31609,50,,,1,48,,31608,50,,,1,88,,31607,50,,,1,96,,31606,50,,,1,93,,31605,50,,,1,93,,31604,50,,,1,95,,31603,50,,,1,93,,31602,50,,,1,93,,31601,50,,,1,93,,31600,50,,,1,53,,31599,50,,,1,90,,31598,50,,,1,86,,31597,50,,,1,86,,31596,50,,,1,87,,31595,50,,,1,48,,31594,50,,,1
989901,'1',2221,,36877,50,,,1,31,,36878,50,,,1,78,,36879,50,,,1,76,,36880,50,,,1,35,,36881,50,,,1,71,,36882,50,,,1,35,,36883,50,,,1,75,,36884,50,,,1
989901,'2',2227,,36885,50,,,1,91,,36886,50,,,1,83,,36887,50,,,1,51,,36890,50,,,1,85,,36888,50,,,1,86,,36889,50,,,1
989901,'3',2239,,36891,50,,,1,88,,36892,50,,,1,83,,36893,50,,,1,49,,36894,50,,,1,79,,36895,50,,,1,83,,36896,50,,,1
989901,'74',2227,,36897,50,,,1,91,,36898,50,,,1,83,,36899,50,,,1,51,,36902,50,,,1,85,,36900,50,,,1,86,,36901,50,,,1
989901,'80',2239,,36903,50,,,1,88,,36904,50,,,1,83,,36905,50,,,1,49,,36906,50,,,1,79,,36907,50,,,1,83,,36908,50,,,1
