9600,'1',626,,31260,31,,,1,83,,31259,31,,,1,31,,31258,31,,,1,77,,31257,31,,,1,27,,31256,31,,,1,79,,31253,31,,,1,34,,31254,31,,,1,70,,31255,31,,,1,32,,31268,31,,,1,69,,31267,31,,,1,79,,31261,31,,,1,39,,31262,31,,,1,79,,31263,31,,,1,83,,31264,31,,,1,25,,31265,31,,,1,87,,31266,31,,,1,83,,31274,31,,,1,27,,31273,31,,,1,70,,31272,31,,,1,27,,31269,31,,,1,27,,31270,31,,,1,62,,31271,31,,,1,27,,31277,31,,,1,64,,31278,31,,,1,13,,31288,31,,,1,12,,31276,31,,,1,25,,31275,31,,,1,73,,31285,31,,,1,70,,31284,31,,,1,15,,31287,31,,,1,14,,31279,31,,,1,30,,31280,31,,,1,70,,31281,31,,,1,30,,31282,31,,,1,70,,31283,31,,,1,17,,31286,31,,,1
9600,'2',951,,31289,31,,,1,99,,31290,31,,,1,99,,31291,31,,,1,98,,31292,31,,,1,99,,31293,31,,,1,99,,31294,31,,,1,98,,31295,31,,,1,99,,31296,31,,,1,95,,31297,31,,,1,97,,31298,31,,,1,87,,31299,31,,,1,86,,31300,31,,,1,97,,31301,31,,,1
9600,'3',1043,,31302,31,,,1,94,,31303,31,,,1,94,,31304,31,,,1,94,,31305,31,,,1,94,,31306,31,,,1,94,,31307,31,,,1,94,,31308,31,,,1,94,,31309,31,,,1,52,,31310,31,,,1,94,,31311,31,,,1,94,,31312,31,,,1,92,,31313,31,,,1
9600,'74',951,,31314,31,,,1,99,,31315,31,,,1,99,,31316,31,,,1,98,,31317,31,,,1,99,,31318,31,,,1,99,,31319,31,,,1,98,,31320,31,,,1,99,,31321,31,,,1,95,,31322,31,,,1,97,,31323,31,,,1,87,,31324,31,,,1,86,,31325,31,,,1,97,,31326,31,,,1
9600,'80',1043,,31327,31,,,1,94,,31328,31,,,1,94,,31329,31,,,1,94,,31330,31,,,1,94,,31331,31,,,1,94,,31332,31,,,1,94,,31333,31,,,1,94,,31334,31,,,1,52,,31335,31,,,1,94,,31336,31,,,1,94,,31337,31,,,1,92,,31338,31,,,1
10700,'1',505,,32223,31,,,1,24,,32222,31,,,1,24,,32221,31,,,1,64,,32220,31,,,1,21,,32219,31,,,1,16,,32218,31,,,1,61,,32217,31,,,1,11,,32216,31,,,1,17,,32215,31,,,1,59,,32214,31,,,1,16,,32213,31,,,1,12,,32212,31,,,1,14,,32211,31,,,1,56,,32210,31,,,1,15,,32209,31,,,1,42,,32208,31,,,1,82,,32207,31,,,1,82,,32206,31,,,1,82,,32205,31,,,1,46,,32204,31,,,1,81,,32203,31,,,1,28,,32199,10,,,1,54,,32202,31,,,1,22,,32201,31,,,1,18,,32200,31,,,1,58,,32251,31,,,1,19,,32250,31,,,1,20,,32249,31,,,1,58,,32248,31,,,1,18,,32247,31,,,1,25,,32246,31,,,1,56,,32245,31,,,1,18,,32244,31,,,1,15,,32243,31,,,1,20,,32242,31,,,1,56,,32241,31,,,1,18,,32240,31,,,1,12,,32239,31,,,1,58,,32238,31,,,1,38,,32237,31,,,1,81,,32236,31,,,1,37,,32235,31,,,1,80,,32234,31,,,1,74,,32233,31,,,1,33,,32232,31,,,1,74,,32231,31,,,1,34,,32230,31,,,1,74,,32229,31,,,1,74,,32228,31,,,1,34,,32227,31,,,1,74,,32226,31,,,1,30,,32225,31,,,1,74,,32224,31,,,1
10700,'2',639,,32254,31,,,1,78,,32253,31,,,1,37,,32252,31,,,1,77,,32255,31,,,1,77,,32256,31,,,1,37,,32257,31,,,1,77,,32258,31,,,1,37,,32259,31,,,1,77,,32260,31,,,1,77,,32261,31,,,1,36,,32262,31,,,1,77,,32263,31,,,1,77,,32264,31,,,1,37,,32265,31,,,1,77,,32266,31,,,1,37,,32267,31,,,1,75,,32268,31,,,1,77,,32269,31,,,1,37,,32270,31,,,1,77,,32271,31,,,1,37,,32272,31,,,1,77,,32273,31,,,1,77,,32274,31,,,1,37,,32275,31,,,1,77,,32276,31,,,1,77,,32277,31,,,1,37,,32278,31,,,1,77,,32279,31,,,1,37,,32280,31,,,1,77,,32281,31,,,1,77,,32282,31,,,1,36,,32283,31,,,1,77,,32285,31,,,1,37,,32284,31,,,1
10700,'3',723,,32297,10,,,1,77,,32298,10,,,1,28,,32299,31,,,1,77,,32300,31,,,1,38,,32301,31,,,1,77,,32302,31,,,1,37,,32303,31,,,1,77,,32304,31,,,1,77,,32305,31,,,1,37,,32306,31,,,1,77,,32307,31,,,1,77,,32308,31,,,1,35,,32309,31,,,1,77,,32310,31,,,1,37,,32314,31,,,1,77,,32313,31,,,1,77,,32315,31,,,1,37,,32316,31,,,1,77,,32317,31,,,1,37,,32318,31,,,1,77,,32286,31,,,1,77,,32287,31,,,1,37,,32288,31,,,1,77,,32311,31,,,1,77,,32289,31,,,1,37,,32290,31,,,1,77,,32291,31,,,1,37,,32292,31,,,1,77,,32293,31,,,1,77,,32294,31,,,1,37,,32295,31,,,1,77,,32312,31,,,1,37,,32296,31,,,1
10700,'74',639,,32321,31,,,1,78,,32320,31,,,1,37,,32319,31,,,1,77,,32322,31,,,1,77,,32323,31,,,1,37,,32324,31,,,1,77,,32325,31,,,1,37,,32326,31,,,1,77,,32327,31,,,1,77,,32328,31,,,1,36,,32329,31,,,1,77,,32330,31,,,1,77,,32331,31,,,1,37,,32332,31,,,1,77,,32333,31,,,1,37,,32334,31,,,1,75,,32335,31,,,1,77,,32336,31,,,1,37,,32337,31,,,1,77,,32338,31,,,1,37,,32339,31,,,1,77,,32340,31,,,1,77,,32341,31,,,1,37,,32342,31,,,1,77,,32343,31,,,1,77,,32344,31,,,1,37,,32345,31,,,1,77,,32346,31,,,1,37,,32347,31,,,1,77,,32348,31,,,1,77,,32349,31,,,1,36,,32350,31,,,1,77,,32352,31,,,1,37,,32351,31,,,1
10700,'80',723,,32364,10,,,1,77,,32365,10,,,1,28,,32366,31,,,1,77,,32367,31,,,1,38,,32368,31,,,1,77,,32369,31,,,1,37,,32370,31,,,1,77,,32371,31,,,1,77,,32372,31,,,1,37,,32373,31,,,1,77,,32374,31,,,1,77,,32375,31,,,1,35,,32376,31,,,1,77,,32377,31,,,1,37,,32381,31,,,1,77,,32380,31,,,1,77,,32382,31,,,1,37,,32383,31,,,1,77,,32384,31,,,1,37,,32385,31,,,1,77,,32353,31,,,1,77,,32354,31,,,1,37,,32355,31,,,1,77,,32378,31,,,1,77,,32356,31,,,1,37,,32357,31,,,1,77,,32358,31,,,1,37,,32359,31,,,1,77,,32360,31,,,1,77,,32361,31,,,1,37,,32362,31,,,1,77,,32379,31,,,1,37,,32363,31,,,1
