9601,'1',448,,31339,16,,,1,68,,31340,16,,,1,29,,31341,16,,,1,70,,31342,16,,,1,35,,31343,16,,,1,73,,31344,16,,,1,78,,31345,16,,,1,33,,31346,16,,,1,74,,31347,16,,,1,32,,31348,16,,,1,79,,31349,16,,,1,40,,31350,16,,,1,83,,31351,16,,,1,75,,31352,16,,,1,32,,31353,16,,,1,86,,31354,16,,,1,80,,31355,16,,,1,18,,31374,16,,,1,21,,31356,16,,,1,68,,31357,16,,,1,27,,31358,16,,,1,67,,31359,16,,,1,27,,31360,16,,,1,67,,31361,16,,,1,26,,31362,16,,,1,65,,31363,16,,,1,25,,31364,16,,,1,25,,31365,16,,,1,65,,31366,16,,,1,24,,31367,16,,,1,65,,31368,16,,,1,29,,31369,16,,,1,70,,31370,16,,,1,30,,31371,16,,,1,70,,31372,16,,,1,24,,31373,16,,,1
9601,'2',812,,31375,16,,,1,99,,31376,16,,,1,100,,31377,16,,,1,99,,31378,16,,,1,99,,31379,16,,,1,99,,31380,16,,,1,99,,31381,16,,,1,99,,31382,16,,,1,99,,31383,16,,,1,99,,31384,16,,,1,51,,31385,16,,,1,92,,31386,16,,,1,97,,31387,16,,,1
9601,'3',912,,31388,16,,,1,94,,31389,16,,,1,94,,31390,16,,,1,54,,31391,16,,,1,94,,31392,16,,,1,94,,31393,16,,,1,94,,31394,16,,,1,94,,31395,16,,,1,94,,31396,16,,,1,94,,31397,16,,,1,94,,31398,16,,,1,94,,31399,16,,,1
9601,'74',812,,31400,16,,,1,99,,31401,16,,,1,100,,31402,16,,,1,99,,31403,16,,,1,99,,31404,16,,,1,99,,31405,16,,,1,99,,31406,16,,,1,99,,31407,16,,,1,99,,31408,16,,,1,99,,31409,16,,,1,51,,31410,16,,,1,92,,31411,16,,,1,97,,31412,16,,,1
9601,'80',912,,31413,16,,,1,94,,31414,16,,,1,94,,31415,16,,,1,54,,31416,16,,,1,94,,31417,16,,,1,94,,31418,16,,,1,94,,31419,16,,,1,94,,31420,16,,,1,94,,31421,16,,,1,94,,31422,16,,,1,94,,31423,16,,,1,94,,31424,16,,,1
9801,'1',525,,31521,25,,,1,75,,31520,25,,,1,36,,31519,25,,,1,75,,31518,25,,,1,35,,31517,25,,,1,75,,31516,25,,,1,35,,31515,25,,,1,75,,31514,25,,,1,75,,31525,25,,,1,100,,31524,25,,,1,98,,31523,25,,,1,98,,31522,25,,,1,101,,31537,25,,,1,40,,31536,25,,,1,80,,31535,25,,,1,80,,31534,25,,,1,40,,31533,25,,,1,80,,31532,25,,,1,80,,31531,25,,,1,38,,31530,25,,,1,78,,31529,25,,,1,91,,31528,25,,,1,48,,31527,25,,,1,88,,31526,25,,,1
9801,'2',532,,31556,25,,,1,86,,31555,25,,,1,86,,31554,25,,,1,46,,31553,25,,,1,88,,31552,25,,,1,96,,31551,25,,,1,94,,31550,25,,,1,97,,31549,25,,,1,94,,31548,25,,,1,100,,31547,25,,,1,98,,31546,25,,,1,98,,31545,25,,,1,96,,31544,25,,,1,98,,31543,25,,,1,98,,31542,25,,,1,96,,31541,25,,,1,46,,31540,25,,,1,89,,31539,25,,,1,87,,31538,25,,,1
9801,'3',715,,31573,25,,,1,88,,31574,25,,,1,48,,31572,25,,,1,88,,31571,25,,,1,88,,31570,25,,,1,96,,31569,25,,,1,93,,31568,25,,,1,93,,31567,25,,,1,95,,31566,25,,,1,53,,31565,25,,,1,93,,31564,25,,,1,93,,31563,25,,,1,93,,31562,25,,,1,90,,31561,25,,,1,87,,31560,25,,,1,87,,31559,25,,,1,47,,31558,25,,,1,88,,31557,25,,,1
9801,'74',532,,31593,25,,,1,86,,31592,25,,,1,86,,31591,25,,,1,46,,31590,25,,,1,88,,31589,25,,,1,96,,31588,25,,,1,94,,31587,25,,,1,97,,31586,25,,,1,94,,31585,25,,,1,100,,31584,25,,,1,98,,31583,25,,,1,98,,31582,25,,,1,96,,31581,25,,,1,98,,31580,25,,,1,98,,31579,25,,,1,96,,31578,25,,,1,46,,31577,25,,,1,89,,31576,25,,,1,87,,31575,25,,,1
9801,'80',715,,31610,25,,,1,88,,31611,25,,,1,48,,31609,25,,,1,88,,31608,25,,,1,88,,31607,25,,,1,96,,31606,25,,,1,93,,31605,25,,,1,93,,31604,25,,,1,95,,31603,25,,,1,53,,31602,25,,,1,93,,31601,25,,,1,93,,31600,25,,,1,93,,31599,25,,,1,90,,31598,25,,,1,87,,31597,25,,,1,87,,31596,25,,,1,47,,31595,25,,,1,88,,31594,25,,,1
989901,'1',2205,,36877,25,,,1,32,,36878,25,,,1,78,,36879,25,,,1,36,,36880,25,,,1,75,,36881,25,,,1,32,,36882,25,,,1,75,,36883,25,,,1,75,,36884,25,,,1
989901,'2',2211,,36885,25,,,1,93,,36886,25,,,1,43,,36887,25,,,1,91,,36890,25,,,1,85,,36888,25,,,1,86,,36889,25,,,1
989901,'3',2223,,36891,25,,,1,90,,36892,25,,,1,43,,36893,25,,,1,89,,36894,25,,,1,79,,36895,25,,,1,83,,36896,25,,,1
989901,'74',2211,,36897,25,,,1,93,,36898,25,,,1,43,,36899,25,,,1,91,,36902,25,,,1,85,,36900,25,,,1,86,,36901,25,,,1
989901,'80',2223,,36903,25,,,1,90,,36904,25,,,1,43,,36905,25,,,1,89,,36906,25,,,1,79,,36907,25,,,1,83,,36908,25,,,1
