9600,'1',701,,18524,73,,,1,46,,18523,73,,,1,71,,18522,73,,,1,37,,18521,73,,,1,67,,18520,73,,,1,34,,18517,73,,,1,74,,18518,73,,,1,70,,18519,73,,,1,32,,18532,73,,,1,27,,18531,69,,,1,79,,18525,69,,,1,79,,18526,69,,,1,39,,18527,69,,,1,85,,18528,69,,,1,65,,18529,69,,,1,53,,18530,73,,,1,83,,18538,73,,,1,67,,18537,73,,,1,31,,18536,73,,,1,64,,18533,73,,,1,27,,18534,73,,,1,21,,18535,73,,,1,67,,18541,73,,,1,19,,18542,73,,,1,13,,18552,73,,,1,51,,18540,73,,,1,25,,18539,73,,,1,30,,18549,69,,,1,70,,18548,69,,,1,15,,18551,69,,,1,12,,18543,69,,,1,70,,18544,69,,,1,30,,18545,69,,,1,68,,18546,69,,,1,30,,18547,69,,,1,57,,18550,69,,,1
9600,'2',1022,,18553,69,,,1,100,,18554,69,,,1,99,,18555,69,,,1,97,,18556,69,,,1,99,,18557,69,,,1,99,,18558,69,,,1,99,,18559,69,,,1,99,,18560,69,,,1,94,,18561,69,,,1,97,,18562,69,,,1,47,,18563,69,,,1,83,,18564,69,,,1,97,,18565,69,,,1
9600,'3',1113,,18566,69,,,1,94,,18567,69,,,1,94,,18568,69,,,1,54,,18569,69,,,1,94,,18570,69,,,1,94,,18571,69,,,1,94,,18572,69,,,1,94,,18573,69,,,1,91,,18574,69,,,1,94,,18575,69,,,1,94,,18576,69,,,1,91,,18577,69,,,1
9600,'80',1113,,18578,69,,,1,94,,18579,69,,,1,94,,18580,69,,,1,54,,18581,69,,,1,94,,18582,69,,,1,94,,18583,69,,,1,94,,18584,69,,,1,94,,18585,69,,,1,91,,18586,69,,,1,94,,18587,69,,,1,94,,18588,69,,,1,91,,18589,69,,,1
9800,'1',618,,18683,25,,,1,35,,18682,25,,,1,73,,18681,25,,,1,75,,18680,25,,,1,35,,18679,25,,,1,75,,18678,25,,,1,98,,18674,25,,,1,98,,18671,25,,,1,95,,18676,25,,,1,98,,18675,25,,,1,40,,18663,25,,,1,78,,18673,25,,,1,40,,18672,25,,,1,80,,18670,25,,,1,80,,18669,25,,,1,40,,18668,25,,,1,85,,18667,25,,,1,80,,18666,25,,,1,94,,18665,25,,,1,91,,18664,25,,,1,49,,18677,25,,,1
9800,'2',617,,18701,25,,,1,86,,18700,25,,,1,44,,18699,25,,,1,94,,18698,25,,,1,93,,18697,25,,,1,90,,18696,25,,,1,94,,18695,25,,,1,98,,18694,25,,,1,98,,18693,25,,,1,96,,18692,25,,,1,98,,18691,25,,,1,98,,18690,25,,,1,100,,18689,25,,,1,102,,18688,25,,,1,49,,18687,25,,,1,93,,18686,25,,,1,89,,18685,25,,,1,85,,18684,25,,,1
9800,'3',802,,18717,25,,,1,48,,18716,25,,,1,88,,18715,25,,,1,91,,18714,25,,,1,93,,18713,25,,,1,90,,18712,25,,,1,93,,18711,25,,,1,53,,18710,25,,,1,93,,18709,25,,,1,93,,18708,25,,,1,93,,18707,25,,,1,97,,18706,25,,,1,88,,18705,25,,,1,91,,18704,25,,,1,87,,18703,25,,,1,48,,18702,25,,,1
9800,'80',802,,18733,25,,,1,48,,18732,25,,,1,88,,18731,25,,,1,91,,18730,25,,,1,93,,18729,25,,,1,90,,18728,25,,,1,93,,18727,25,,,1,53,,18726,25,,,1,93,,18725,25,,,1,93,,18724,25,,,1,93,,18723,25,,,1,97,,18722,25,,,1,88,,18721,25,,,1,91,,18720,25,,,1,87,,18719,25,,,1,48,,18718,25,,,1
989900,'1',2122,,22653,68,,,1,34,,22654,68,,,1,78,,22655,68,,,1,78,,22656,68,,,1,35,,22657,68,,,1,71,,22658,68,,,1,35,,22659,68,,,1,75,,22660,68,,,1,76,,22661,68,0,5 6,1,35,,22662,68,0,5 6,1,79,,22663,68,0,5 6,1
989900,'2',2126,,22664,68,,,1,94,,22665,68,,,1,86,,22666,68,,,1,52,,22667,68,,,1,86,,22668,68,,,1,86,,22669,68,,,1,84,,22670,68,0,5 6,1,86,,22671,68,0,5 6,1,46,,22672,68,0,5 6,1
989900,'3',2142,,22673,68,,,1,90,,22674,68,,,1,85,,22675,68,,,1,90,,22676,68,,,1,40,,22677,68,,,1,83,,22678,68,,,1,79,,22679,68,0,5 6,1,43,,22680,68,0,5 6,1,83,,22681,68,0,5 6,1
989900,'80',2142,,22682,68,,,1,90,,22683,68,,,1,85,,22684,68,,,1,90,,22685,68,,,1,40,,22686,68,,,1,83,,22687,68,,,1,79,,22688,68,0,5 6,1,43,,22689,68,0,5 6,1,83,,22690,68,0,5 6,1
