1600,'1',538,,26443,5,,,1,62,,26444,5,,,1,22,,26445,5,,,1,22,,26446,5,,,1,62,,26447,5,,,1,22,,26448,5,,,1,18,,26449,5,,,1,66,,26450,5,,,1,22,,26451,5,,,1,22,,26452,5,,,1,71,,26453,5,,,1,31,,26454,5,,,1,75,,26455,5,,,1,67,,26456,5,,,1,31,,26457,5,,,1,71,,26458,5,,,1,31,,26459,5,,,1,71,,26460,5,,,1,31,,26461,5,,,1,75,,26462,5,,,1,20,,26463,5,,,1,23,,26464,5,,,1,63,,26465,5,,,1,23,,26466,5,,,1,63,,26467,5,,,1,24,,26468,5,,,1,23,,26469,5,,,1,63,,26470,5,,,1,23,,26471,5,,,1,23,,26472,5,,,1,63,,26473,5,,,1,21,,26474,5,,,1,63,,26475,5,,,1,23,,26476,5,,,1,23,,26477,5,,,1,63,,26478,5,,,1,23,,26479,5,,,1,74,,26480,5,,,1,34,,26481,5,,,1,74,,26482,5,,,1,34,,26483,5,,,1,74,,26484,5,,,1,74,,26488,5,,,1
1600,'2',647,,26489,5,,,1,78,,26490,5,,,1,78,,26491,5,,,1,38,,26492,5,,,1,78,,26493,5,,,1,38,,26494,5,,,1,78,,26495,5,,,1,78,,26496,5,,,1,38,,26497,5,,,1,78,,26498,5,,,1,81,,26499,5,,,1,41,,26500,5,,,1,81,,26501,5,,,1,81,,26502,5,,,1,42,,26503,5,,,1,81,,26504,5,,,1,81,,26505,5,,,1,41,,26506,5,,,1,81,,26507,5,,,1,75,,26508,5,,,1,36,,26509,5,,,1,79,,26510,5,,,1,73,,26511,5,,,1,36,,26512,5,,,1,77,,26513,5,,,1,35,,26515,5,,,1,76,,26516,5,,,1
1600,'3',840,,26517,5,,,1,96,,26518,5,,,1,95,,26519,5,,,1,95,,26520,5,,,1,95,,26521,5,,,1,99,,26526,5,,,1,98,,26522,5,,,1,98,,26523,5,,,1,98,,26524,5,,,1,93,,26525,5,,,1,96,,26531,5,,,1,52,,26527,5,,,1,91,,26528,5,,,1,92,,26529,5,,,1,92,,26530,5,,,1
1600,'74',647,,26534,5,,,1,78,,26535,5,,,1,78,,26536,5,,,1,38,,26537,5,,,1,78,,26538,5,,,1,38,,26539,5,,,1,78,,26540,5,,,1,78,,26541,5,,,1,38,,26542,5,,,1,78,,26543,5,,,1,81,,26544,5,,,1,41,,26545,5,,,1,81,,26546,5,,,1,81,,26547,5,,,1,42,,26548,5,,,1,81,,26549,5,,,1,81,,26550,5,,,1,41,,26551,5,,,1,81,,26552,5,,,1,75,,26553,5,,,1,36,,26554,5,,,1,79,,26555,5,,,1,73,,26556,5,,,1,36,,26558,5,,,1,77,,26559,5,,,1,35,,26560,5,,,1,76,,26561,5,,,1
1600,'80',840,,26562,5,,,1,96,,26563,5,,,1,95,,26564,5,,,1,95,,26565,5,,,1,95,,26566,5,,,1,99,,26571,5,,,1,98,,26567,5,,,1,98,,26568,5,,,1,98,,26569,5,,,1,93,,26570,5,,,1,96,,26576,5,,,1,52,,26572,5,,,1,91,,26573,5,,,1,92,,26574,5,,,1,92,,26575,5,,,1
8500,'1',632,,29617,49,,,1,16,,29618,49,,,1,56,,29619,49,,,1,16,,29620,49,,,1,16,,29621,49,,,1,19,,29622,49,,,1,56,,29623,49,,,1,16,,29624,49,,,1,16,,29625,49,,,1,16,,29626,49,,,1,56,,29627,49,,,1,11,,29628,48,,,1,16,,29629,48,,,1,65,,29630,48,,,1,25,,29631,48,,,1,19,,29632,48,,,1,65,,29633,48,,,1,25,,29634,48,,,1,65,,29635,48,,,1,25,,29636,48,,,1,26,,29637,48,,,1,65,,29638,48,,,1,27,,29639,48,,,1,65,,29640,48,,,1,20,,29641,48,,,1,16,,29668,34,,,1,58,,29642,34,,,1,20,,29643,34,,,1,16,,29644,34,,,1,57,,29645,34,,,1,16,,29646,34,,,1,24,,29647,35,,,1,13,,29648,35,,,1,56,,29649,35,,,1,16,,29650,35,,,1,19,,29651,35,,,1,56,,29652,35,,,1,16,,29653,35,,,1,16,,29654,35,,,1,9,,29655,35,,,1,16,,29656,35,,,1,56,,29657,35,,,1,16,,29658,35,,,1,16,,29659,35,,,1,13,,29660,34,,,1,65,,29661,34,,,1,26,,29662,34,,,1,65,,29663,34,,,1,32,,29664,34,,,1,72,,29665,34,,,1,32,,29666,34,,,1,72,,29667,34,,,1
8500,'2',708,,29697,48,,,1,30,,29698,48,,,1,70,,29699,48,,,1,28,,29700,48,,,1,75,,29701,48,,,1,30,,29702,48,,,1,70,,29703,48,,,1,34,,29704,48,,,1,70,,29705,48,,,1,31,,29669,48,,,1,62,,29670,48,,,1,25,,29671,48,,,1,23,,29672,48,,,1,63,,29673,48,,,1,23,,29674,48,,,1,63,,29675,48,,,1,23,,29676,48,,,1,23,,29677,48,,,1,63,,29678,48,,,1,23,,29679,48,,,1,63,,29680,48,,,1,23,,29681,48,,,1,23,,29682,48,,,1,63,,29683,48,,,1,21,,29684,48,,,1,21,,29685,48,,,1,57,,29686,48,,,1,21,,29687,48,,,1,21,,29688,48,,,1,61,,29689,48,,,1,21,,29690,48,,,1,21,,29691,48,,,1,59,,29692,48,,,1,21,,29693,48,,,1,21,,29694,48,,,1,61,,29695,48,,,1,21,,29696,48,,,1,70,,29706,48,,,1,30,,29707,48,,,1,70,,29708,48,,,1
8500,'3',843,,29726,20,,,1,80,,29727,20,,,1,79,,29709,48,,,1,40,,29710,48,,,1,81,,29711,48,,,1,80,,29712,48,,,1,51,,29713,48,,,1,83,,29714,48,,,1,83,,29715,48,,,1,83,,29716,48,,,1,42,,29717,48,,,1,83,,29718,48,,,1,84,,29719,48,,,1,34,,29720,48,,,1,81,,29721,48,,,1,85,,29722,48,,,1,37,,29723,48,,,1,81,,29724,48,,,1,81,,29725,48,,,1
8500,'74',708,,29756,48,,,1,30,,29757,48,,,1,70,,29758,48,,,1,28,,29759,48,,,1,75,,29760,48,,,1,30,,29761,48,,,1,70,,29762,48,,,1,34,,29763,48,,,1,70,,29764,48,,,1,31,,29728,48,,,1,62,,29729,48,,,1,25,,29730,48,,,1,23,,29731,48,,,1,63,,29732,48,,,1,23,,29733,48,,,1,63,,29734,48,,,1,23,,29735,48,,,1,23,,29736,48,,,1,63,,29737,48,,,1,23,,29738,48,,,1,63,,29739,48,,,1,23,,29740,48,,,1,23,,29741,48,,,1,63,,29742,48,,,1,21,,29743,48,,,1,21,,29744,48,,,1,57,,29745,48,,,1,21,,29746,48,,,1,21,,29747,48,,,1,61,,29748,48,,,1,21,,29749,48,,,1,21,,29750,48,,,1,59,,29751,48,,,1,21,,29752,48,,,1,21,,29753,48,,,1,61,,29754,48,,,1,21,,29755,48,,,1,70,,29765,48,,,1,30,,29766,48,,,1,70,,29767,48,,,1
8500,'80',843,,29785,20,,,1,80,,29786,20,,,1,79,,29768,48,,,1,40,,29769,48,,,1,81,,29770,48,,,1,80,,29771,48,,,1,51,,29772,48,,,1,83,,29773,48,,,1,83,,29774,48,,,1,83,,29775,48,,,1,42,,29776,48,,,1,83,,29777,48,,,1,84,,29778,48,,,1,34,,29779,48,,,1,81,,29780,48,,,1,85,,29781,48,,,1,37,,29782,48,,,1,81,,29783,48,,,1,81,,29784,48,,,1
