7701,'1',439,,29118,12,,,1,17,,29119,12,,,1,53,,29120,12,,,1,15,,29121,12,,,1,16,,29122,12,,,1,15,,29123,12,,,1,55,,29124,12,,,1,16,,29125,12,,,1,16,,29126,12,,,1,16,,29127,12,,,1,57,,29128,12,,,1,16,,29129,12,,,1,16,,29130,12,,,1,56,,29131,12,,,1,16,,29132,12,,,1,16,,29133,12,,,1,17,,29134,12,,,1,56,,29135,12,,,1,15,,29136,12,,,1,16,,29137,12,,,1,16,,29138,12,,,1,56,,29139,12,,,1,31,,29140,12,,,1,70,,29141,12,,,1,30,,29142,12,,,1,70,,29143,12,,,1,30,,29144,12,,,1,72,,29145,12,,,1,30,,29146,12,,,1,70,,29147,12,,,1,19,,29148,12,,,1,19,,29149,12,,,1,59,,29150,12,,,1,19,,29151,12,,,1,19,,29152,12,,,1,59,,29153,12,,,1,19,,29154,12,,,1,19,,29155,12,,,1,59,,29156,12,,,1,19,,29157,12,,,1,19,,29158,12,,,1,59,,29159,12,,,1,17,,29160,12,,,1,19,,29161,12,,,1,18,,29162,12,,,1,58,,29163,12,,,1,19,,29164,12,,,1,19,,29165,12,,,1,67,,29166,12,,,1,27,,29167,12,,,1,67,,29168,12,,,1,27,,29169,12,,,1,67,,29170,12,,,1,33,,29171,12,,,1,72,,29172,12,,,1,33,,29173,12,,,1,72,,29174,12,,,1,32,,29175,12,,,1,73,,29176,12,,,1,33,,29177,12,,,1,75,,29178,12,,,1
7701,'2',521,,29187,12,,,1,35,,29188,12,,,1,75,,29189,12,,,1,75,,29190,12,,,1,35,,29191,12,,,1,75,,29192,12,,,1,35,,29193,12,,,1,75,,29194,12,,,1,86,,29195,12,,,1,42,,29196,12,,,1,81,,29197,12,,,1,81,,29198,12,,,1,41,,29199,12,,,1,83,,29200,12,,,1,80,,29201,12,,,1,82,,29220,12,,,1,33,,29202,12,,,1,73,,29203,12,,,1,33,,29204,12,,,1,74,,29205,12,,,1,30,,29206,12,,,1,73,,29207,12,,,1,30,,29208,12,,,1,70,,29209,12,,,1,30,,29210,12,,,1,70,,29211,12,,,1,30,,29212,12,,,1,70,,29213,12,,,1,30,,29214,12,,,1,70,,29215,12,,,1,30,,29216,12,,,1,69,,29217,12,,,1,30,,29218,12,,,1,76,,29219,12,,,1,36,,29221,12,,,1,70,,29222,12,,,1,73,,29223,12,,,1,33,,29224,12,,,1
7701,'74',521,,29253,12,,,1,35,,29254,12,,,1,75,,29255,12,,,1,75,,29256,12,,,1,35,,29257,12,,,1,75,,29258,12,,,1,35,,29259,12,,,1,75,,29260,12,,,1,86,,29261,12,,,1,42,,29262,12,,,1,81,,29263,12,,,1,81,,29264,12,,,1,41,,29265,12,,,1,83,,29266,12,,,1,80,,29267,12,,,1,82,,29286,12,,,1,33,,29268,12,,,1,73,,29269,12,,,1,33,,29270,12,,,1,74,,29271,12,,,1,30,,29272,12,,,1,73,,29273,12,,,1,30,,29274,12,,,1,70,,29275,12,,,1,30,,29276,12,,,1,70,,29277,12,,,1,30,,29278,12,,,1,70,,29279,12,,,1,30,,29280,12,,,1,70,,29281,12,,,1,30,,29282,12,,,1,69,,29283,12,,,1,30,,29284,12,,,1,76,,29285,12,,,1,36,,29287,12,,,1,70,,29288,12,,,1,73,,29289,12,,,1,33,,29290,12,,,1
9900,'1',448,,31612,12,,,1,80,,31613,12,,,1,80,,31614,12,,,1,41,,31615,12,,,1,92,,31616,12,,,1,75,,31617,12,,,1,37,,31618,12,,,1,73,,31619,12,,,1,75,,31620,12,,,1,35,,31621,12,,,1,96,,31622,12,,,1,94,,31623,12,,,1,94,,31624,12,,,1,94,,31625,12,,,1,30,,31637,12,,,1,71,,31636,12,,,1,29,,31626,12,,,1,70,,31627,12,,,1,30,,31628,12,,,1,70,,31629,12,,,1,30,,31630,12,,,1,69,,31631,12,,,1,30,,31632,12,,,1,68,,31633,12,,,1,30,,31634,12,,,1,69,,31635,12,,,1
9900,'2',606,,31640,12,,,1,38,,31641,12,,,1,78,,31655,12,,,1,88,,31654,12,,,1,47,,31642,12,,,1,87,,31643,12,,,1,87,,31644,12,,,1,88,,31645,12,,,1,104,,31646,12,,,1,95,,31647,12,,,1,95,,31648,12,,,1,95,,31649,12,,,1,95,,31650,12,,,1,55,,31651,12,,,1,95,,31652,12,,,1,95,,31653,12,,,1,87,,31657,12,,,1,90,,31656,12,,,1
9900,'3',613,,31660,12,,,1,38,,31661,12,,,1,78,,31662,12,,,1,78,,31663,12,,,1,51,,31680,12,,,1,89,,31664,12,,,1,89,,31665,12,,,1,89,,31666,12,,,1,90,,31667,12,,,1,89,,31668,12,,,1,49,,31669,12,,,1,89,,31670,12,,,1,89,,31671,12,,,1,89,,31672,12,,,1,89,,31673,12,,,1,48,,31674,12,,,1,89,,31675,12,,,1,89,,31676,12,,,1,87,,31677,12,,,1
9900,'74',606,,31681,12,,,1,38,,31682,12,,,1,78,,31696,12,,,1,88,,31695,12,,,1,47,,31683,12,,,1,87,,31684,12,,,1,87,,31685,12,,,1,88,,31686,12,,,1,104,,31687,12,,,1,95,,31688,12,,,1,95,,31689,12,,,1,95,,31690,12,,,1,95,,31691,12,,,1,55,,31692,12,,,1,95,,31693,12,,,1,95,,31694,12,,,1,87,,31698,12,,,1,90,,31697,12,,,1
9900,'80',613,,31701,12,,,1,38,,31702,12,,,1,78,,31703,12,,,1,78,,31704,12,,,1,51,,31721,12,,,1,89,,31705,12,,,1,89,,31706,12,,,1,89,,31707,12,,,1,90,,31708,12,,,1,89,,31709,12,,,1,49,,31710,12,,,1,89,,31711,12,,,1,89,,31712,12,,,1,89,,31713,12,,,1,89,,31714,12,,,1,48,,31715,12,,,1,89,,31716,12,,,1,89,,31717,12,,,1,87,,31718,12,,,1
36000,'1',840,,33649,12,,,1,69,,33650,12,,,1,29,,33651,12,,,1,69,,33652,12,,,1,28,,33653,12,,,1,70,,33654,12,,,1,44,,33655,12,,,1,84,,33656,12,,,1,84,,33657,12,,,1,84,,33658,12,,,1,44,,33659,12,,,1,86,,33660,12,,,1,82,,33661,12,,,1,44,,33662,12,,,1,84,,33663,12,,,1,84,,33664,12,,,1,82,,33665,12,,,1,44,,33666,12,,,1,84,,33667,12,,,1,66,,33668,12,,,1,26,,33669,12,,,1,26,,33670,12,,,1,66,,33671,12,,,1
36000,'2',839,,33672,12,,,1,63,,33673,12,,,1,23,,33674,12,,,1,23,,33675,12,,,1,63,,33676,12,,,1,23,,33677,12,,,1,23,,33678,12,,,1,64,,33679,12,,,1,23,,33680,12,,,1,63,,33681,12,,,1,23,,33682,12,,,1,23,,33683,12,,,1,63,,33684,12,,,1,23,,33685,12,,,1,62,,33686,12,,,1,23,,33687,12,,,1,24,,33688,12,,,1,64,,33689,12,,,1,23,,33690,12,,,1,23,,33691,12,,,1,60,,33692,12,,,1,23,,33693,12,,,1,63,,33694,12,,,1,23,,33695,12,,,1,25,,33696,12,,,1,63,,33697,12,,,1,24,,33698,12,,,1,64,,33699,12,,,1,24,,33700,12,,,1,24,,33701,12,,,1,63,,33702,12,,,1,25,,33703,12,,,1,64,,33704,12,,,1,24,,33705,12,,,1,24,,33706,12,,,1,64,,33707,12,,,1
36000,'3',838,,33708,12,,,1,62,,33709,12,,,1,22,,33710,12,,,1,22,,33711,12,,,1,62,,33712,12,,,1,22,,33713,12,,,1,23,,33714,12,,,1,62,,33715,12,,,1,22,,33716,12,,,1,21,,33717,12,,,1,62,,33718,12,,,1,22,,33719,12,,,1,62,,33720,12,,,1,22,,33721,12,,,1,22,,33722,12,,,1,63,,33723,12,,,1,22,,33724,12,,,1,22,,33725,12,,,1,62,,33726,12,,,1,22,,33727,12,,,1,21,,33728,12,,,1,62,,33729,12,,,1,22,,33730,12,,,1,62,,33731,12,,,1,22,,33732,12,,,1,22,,33733,12,,,1,62,,33734,12,,,1,22,,33735,12,,,1,23,,33736,12,,,1,63,,33737,12,,,1,23,,33738,12,,,1,63,,33739,12,,,1,23,,33740,12,,,1,24,,33741,12,,,1,63,,33742,12,,,1,22,,33743,12,,,1,23,,33744,12,,,1,63,,33745,12,,,1
36000,'74',839,,33746,12,,,1,63,,33747,12,,,1,23,,33748,12,,,1,23,,33749,12,,,1,63,,33750,12,,,1,23,,33751,12,,,1,23,,33752,12,,,1,64,,33753,12,,,1,23,,33754,12,,,1,63,,33755,12,,,1,23,,33756,12,,,1,23,,33757,12,,,1,63,,33758,12,,,1,23,,33759,12,,,1,62,,33760,12,,,1,23,,33761,12,,,1,24,,33762,12,,,1,64,,33763,12,,,1,23,,33764,12,,,1,23,,33765,12,,,1,60,,33766,12,,,1,23,,33767,12,,,1,63,,33768,12,,,1,23,,33769,12,,,1,25,,33770,12,,,1,63,,33771,12,,,1,24,,33772,12,,,1,64,,33773,12,,,1,24,,33774,12,,,1,24,,33775,12,,,1,63,,33776,12,,,1,25,,33777,12,,,1,64,,33778,12,,,1,24,,33779,12,,,1,24,,33780,12,,,1,64,,33781,12,,,1,24,,33782,12,,,1
36000,'80',838,,33783,12,,,1,62,,33784,12,,,1,22,,33785,12,,,1,22,,33786,12,,,1,62,,33787,12,,,1,22,,33788,12,,,1,23,,33789,12,,,1,62,,33790,12,,,1,22,,33791,12,,,1,21,,33792,12,,,1,62,,33793,12,,,1,22,,33794,12,,,1,62,,33795,12,,,1,22,,33796,12,,,1,22,,33797,12,,,1,63,,33798,12,,,1,22,,33799,12,,,1,22,,33800,12,,,1,62,,33801,12,,,1,22,,33802,12,,,1,21,,33803,12,,,1,62,,33804,12,,,1,22,,33805,12,,,1,62,,33806,12,,,1,22,,33807,12,,,1,22,,33808,12,,,1,62,,33809,12,,,1,22,,33810,12,,,1,23,,33811,12,,,1,63,,33812,12,,,1,23,,33813,12,,,1,63,,33814,12,,,1,23,,33815,12,,,1,24,,33816,12,,,1,63,,33817,12,,,1,22,,33818,12,,,1,23,,33819,12,,,1,63,,33820,12,,,1
989900,'1',2044,,36830,12,,,1,77,,36831,12,,,1,38,,36832,12,,,1,78,,36833,12,,,1,75,,36834,12,,,1,34,,36835,12,,,1,75,,36836,12,,,1,35,,36837,12,,,1,75,,36838,12,0,5 6,1,75,,36839,12,0,5 6,1,41,,36840,12,0,5 6,1
989900,'2',2046,,36841,12,,,1,94,,36842,12,,,1,92,,36843,12,,,1,94,,36844,12,,,1,86,,36845,12,,,1,46,,36846,12,,,1,85,,36847,12,0,5 6,1,86,,36848,12,0,5 6,1,86,,36849,12,0,5 6,1
989900,'3',2103,,36850,12,,,1,50,,36851,12,,,1,91,,36852,12,,,1,90,,36853,12,,,1,82,,36854,12,,,1,43,,36855,12,,,1,81,,36856,12,0,5 6,1,83,,36857,12,0,5 6,1,83,,36858,12,0,5 6,1
989900,'74',2046,,36859,12,,,1,94,,36860,12,,,1,92,,36861,12,,,1,94,,36862,12,,,1,86,,36863,12,,,1,46,,36864,12,,,1,85,,36865,12,0,5 6,1,86,,36866,12,0,5 6,1,86,,36867,12,0,5 6,1
989900,'80',2103,,36868,12,,,1,50,,36869,12,,,1,91,,36870,12,,,1,90,,36871,12,,,1,82,,36872,12,,,1,43,,36873,12,,,1,81,,36874,12,0,5 6,1,83,,36875,12,0,5 6,1,83,,36876,12,0,5 6,1
