200,'1',538,,23881,1,0,12 13,1,21,,23880,1,0,12 13,1,61,,23879,1,0,12 13,1,21,,23878,1,0,12 13,1,61,,23871,1,0,12 13,1,21,,23872,1,0,12 13,1,21,,23873,1,0,12 13,1,61,,23874,1,0,12 13,1,21,,23875,1,0,12 13,1,21,,23876,1,0,12 13,1,61,,23877,1,0,12 13,1,21,,23882,1,0,12 13,1,77,,23890,1,0,12 13,1,35,,23883,1,0,12 13,1,75,,23884,1,0,12 13,1,35,,23885,1,0,12 13,1,75,,23886,1,0,12 13,1,75,,23887,1,0,12 13,1,35,,23888,1,0,12 13,1,72,,23889,1,0,12 13,1,34,,23903,1,0,12 13,1,63,,23902,1,0,12 13,1,23,,23901,1,0,12 13,1,23,,23891,1,0,12 13,1,63,,23892,1,0,12 13,1,23,,23893,1,0,12 13,1,18,,23894,1,0,12 13,1,68,,23895,1,0,12 13,1,23,,23896,1,0,12 13,1,63,,23897,1,0,12 13,1,23,,23898,1,0,12 13,1,23,,23899,1,0,12 13,1,63,,23900,1,0,12 13,1,90,,23909,1,0,12 13,1,40,,23904,1,0,12 13,1,80,,23905,1,0,12 13,1,80,,23906,1,0,12 13,1,40,,23907,1,0,12 13,1,80,,23908,1,0,12 13,1
200,'2',757,,23938,1,,,1,80,,23937,1,,,1,80,,23913,1,,,1,40,,23914,1,,,1,80,,23915,1,,,1,80,,23916,1,,,1,40,,23917,1,,,1,80,,23918,1,,,1,80,,23919,1,,,1,40,,23920,1,,,1,80,,23921,1,,,1,80,,23922,1,,,1,40,,23923,1,,,1,80,,23924,1,,,1,80,,23925,1,,,1,40,,23926,1,,,1,80,,23927,1,,,1,80,,23928,1,,,1,40,,23929,1,,,1,80,,23930,1,,,1,80,,23931,1,,,1,32,,23936,1,,,1,73,,23935,1,,,1,33,,23932,1,,,1,73,,23933,1,,,1,73,,23934,1,,,1
200,'3',845,,23939,1,,,1,157,,23940,1,,,1,117,,23941,1,,,1,117,,23942,1,,,1,117,,23943,1,,,1,157,,23944,1,,,1,117,,23945,1,,,1,117,,23946,1,,,1,157,,23947,1,,,1,117,,23948,1,,,1,108,,23949,1,,,1,108,,23950,1,,,1,108,,23951,1,,,1
200,'74',757,,23977,1,,,1,80,,23976,1,,,1,80,,23952,1,,,1,40,,23953,1,,,1,80,,23954,1,,,1,80,,23955,1,,,1,40,,23956,1,,,1,80,,23957,1,,,1,80,,23958,1,,,1,40,,23959,1,,,1,80,,23960,1,,,1,80,,23961,1,,,1,40,,23962,1,,,1,80,,23963,1,,,1,80,,23964,1,,,1,40,,23965,1,,,1,80,,23966,1,,,1,80,,23967,1,,,1,40,,23968,1,,,1,80,,23969,1,,,1,80,,23970,1,,,1,32,,23975,1,,,1,73,,23974,1,,,1,33,,23971,1,,,1,73,,23972,1,,,1,73,,23973,1,,,1
200,'80',845,,23978,1,,,1,157,,23979,1,,,1,117,,23980,1,,,1,117,,23981,1,,,1,117,,23982,1,,,1,157,,23983,1,,,1,117,,23984,1,,,1,117,,23985,1,,,1,157,,23986,1,,,1,117,,23987,1,,,1,108,,23988,1,,,1,108,,23989,1,,,1,108,,23990,1,,,1
201,'1',532,,24021,34,4,,1,21,,24022,34,4,,1,61,,24023,34,4,,1,21,,24024,34,4,,1,3,,23991,85,4,,1,21,,23992,85,4,,1,65,,23993,85,4,,1,24,,23994,85,4,,1,61,,23995,85,4,,1,29,,23996,93,4,,1,62,,23997,85,4,,1,21,,23998,85,4,,1,21,,23999,85,4,,1,12,,24000,85,4,,1,71,,24001,85,4,,1,75,,24002,85,4,,1,35,,24003,85,4,,1,75,,24004,85,4,,1,35,,24005,85,4,,1,75,,24006,85,4,,1,35,,24007,85,4,,1,75,,24008,85,4,,1,83,,24009,85,4,,1,23,,24010,85,4,,1,23,,24011,85,4,,1,64,,24012,85,4,,1,21,,24013,85,4,,1,67,,24014,85,4,,1,25,,24015,85,4,,1,23,,24016,85,4,,1,63,,24017,85,4,,1,17,,24018,85,4,,1,63,,24019,85,4,,1,19,,24020,85,4,,1,23,,24025,85,4,,1,57,,24026,85,4,,1,40,,24027,85,4,,1,80,,24028,85,4,,1,35,,24029,85,4,,1,80,,24030,85,4,,1,80,,24031,85,4,,1,35,,24032,85,4,,1
201,'2',903,,24035,101,4,,1,40,,24036,101,4,,1,85,,24037,101,4,,1,80,,24038,101,4,,1,40,,24039,101,4,,1,81,,24040,101,4,,1,80,,24041,101,4,,1,40,,24042,101,4,,1,80,,24043,101,4,,1,80,,24044,101,4,,1,37,,24045,101,4,,1,80,,24046,101,4,,1,80,,24047,101,4,,1,40,,24048,101,4,,1,80,,24049,101,4,,1,80,,24050,101,4,,1,36,,24051,101,4,,1,80,,24052,101,4,,1,80,,24053,101,4,,1,40,,24054,101,4,,1,73,,24055,101,4,,1,33,,24056,101,4,,1,73,,24057,101,4,,1,33,,24058,101,4,,1,69,,24059,101,4,,1,33,,24060,101,4,,1
201,'3',955,,24071,101,4,,1,152,,24061,101,4,,1,117,,24062,101,4,,1,120,,24063,101,4,,1,157,,24064,101,4,,1,115,,24065,101,4,,1,117,,24066,101,4,,1,117,,24067,101,4,,1,157,,24068,101,4,,1,113,,24069,101,4,,1,109,,24070,101,4,,1,105,,24072,101,4,,1,108,,24073,101,4,,1
201,'74',903,,24074,101,4,,1,40,,24075,101,4,,1,85,,24076,101,4,,1,80,,24077,101,4,,1,40,,24078,101,4,,1,81,,24079,101,4,,1,80,,24080,101,4,,1,40,,24081,101,4,,1,80,,24082,101,4,,1,80,,24083,101,4,,1,37,,24084,101,4,,1,80,,24085,101,4,,1,80,,24086,101,4,,1,40,,24087,101,4,,1,80,,24088,101,4,,1,80,,24089,101,4,,1,36,,24090,101,4,,1,80,,24091,101,4,,1,80,,24092,101,4,,1,40,,24093,101,4,,1,73,,24094,101,4,,1,33,,24095,101,4,,1,73,,24096,101,4,,1,33,,24097,101,4,,1,69,,24098,101,4,,1,33,,24099,101,4,,1
201,'80',955,,24110,101,4,,1,152,,24100,101,4,,1,117,,24101,101,4,,1,120,,24102,101,4,,1,157,,24103,101,4,,1,115,,24104,101,4,,1,117,,24105,101,4,,1,117,,24106,101,4,,1,157,,24107,101,4,,1,113,,24108,101,4,,1,109,,24109,101,4,,1,105,,24111,101,4,,1,108,,24112,101,4,,1
30301,'1',1600,,32980,1,,,1,100,,32979,1,,,1,40,,32982,1,,,1
30501,'1',1648,,33006,1,,,1,66,,33005,1,,,1,86,,33003,1,,,1
