9601,'1',500,,31339,31,,,1,28,,31340,31,,,1,29,,31341,31,,,1,70,,31342,31,,,1,77,,31343,31,,,1,35,,31344,31,,,1,78,,31345,31,,,1,31,,31346,31,,,1,74,,31347,31,,,1,32,,31348,31,,,1,79,,31349,31,,,1,80,,31350,31,,,1,43,,31351,31,,,1,75,,31352,31,,,1,72,,31353,31,,,1,46,,31354,31,,,1,81,,31355,31,,,1,18,,31374,31,,,1,61,,31356,31,,,1,28,,31357,31,,,1,67,,31358,31,,,1,27,,31359,31,,,1,27,,31360,31,,,1,67,,31361,31,,,1,25,,31362,31,,,1,62,,31363,31,,,1,25,,31364,31,,,1,65,,31365,31,,,1,25,,31366,31,,,1,25,,31367,31,,,1,65,,31368,31,,,1,28,,31369,31,,,1,70,,31370,31,,,1,30,,31371,31,,,1,70,,31372,31,,,1,24,,31373,31,,,1
9601,'2',826,,31375,31,,,1,99,,31376,31,,,1,100,,31377,31,,,1,99,,31378,31,,,1,99,,31379,31,,,1,99,,31380,31,,,1,99,,31381,31,,,1,99,,31382,31,,,1,99,,31383,31,,,1,99,,31384,31,,,1,89,,31385,31,,,1,51,,31386,31,,,1,97,,31387,31,,,1
9601,'3',926,,31388,31,,,1,94,,31389,31,,,1,94,,31390,31,,,1,94,,31391,31,,,1,94,,31392,31,,,1,54,,31393,31,,,1,95,,31394,31,,,1,94,,31395,31,,,1,91,,31396,31,,,1,94,,31397,31,,,1,93,,31398,31,,,1,94,,31399,31,,,1
9601,'74',826,,31400,31,,,1,99,,31401,31,,,1,100,,31402,31,,,1,99,,31403,31,,,1,99,,31404,31,,,1,99,,31405,31,,,1,99,,31406,31,,,1,99,,31407,31,,,1,99,,31408,31,,,1,99,,31409,31,,,1,89,,31410,31,,,1,51,,31411,31,,,1,97,,31412,31,,,1
9601,'80',926,,31413,31,,,1,94,,31414,31,,,1,94,,31415,31,,,1,94,,31416,31,,,1,94,,31417,31,,,1,54,,31418,31,,,1,95,,31419,31,,,1,94,,31420,31,,,1,91,,31421,31,,,1,94,,31422,31,,,1,93,,31423,31,,,1,94,,31424,31,,,1
9801,'1',536,,31521,40,,,1,75,,31520,40,,,1,36,,31519,40,,,1,75,,31518,40,,,1,36,,31517,40,,,1,75,,31516,40,,,1,75,,31515,40,,,1,35,,31514,40,,,1,75,,31525,40,,,1,101,,31524,40,,,1,98,,31523,40,,,1,98,,31522,40,,,1,101,,31537,40,,,1,40,,31536,40,,,1,80,,31535,40,,,1,80,,31534,40,,,1,40,,31533,40,,,1,80,,31532,40,,,1,80,,31531,40,,,1,37,,31530,40,,,1,78,,31529,40,,,1,91,,31528,40,,,1,87,,31527,40,,,1,48,,31526,40,,,1
9801,'2',543,,31556,40,,,1,86,,31555,40,,,1,86,,31554,40,,,1,86,,31553,40,,,1,48,,31552,40,,,1,96,,31551,40,,,1,94,,31550,40,,,1,97,,31549,40,,,1,94,,31548,40,,,1,102,,31547,40,,,1,98,,31546,40,,,1,98,,31545,40,,,1,95,,31544,40,,,1,98,,31543,40,,,1,98,,31542,40,,,1,95,,31541,40,,,1,86,,31540,40,,,1,49,,31539,40,,,1,87,,31538,40,,,1
9801,'3',726,,31573,40,,,1,88,,31574,40,,,1,88,,31572,40,,,1,48,,31571,40,,,1,88,,31570,40,,,1,96,,31569,40,,,1,93,,31568,40,,,1,93,,31567,40,,,1,95,,31566,40,,,1,93,,31565,40,,,1,93,,31564,40,,,1,53,,31563,40,,,1,93,,31562,40,,,1,90,,31561,40,,,1,87,,31560,40,,,1,86,,31559,40,,,1,47,,31558,40,,,1,88,,31557,40,,,1
9801,'74',543,,31593,40,,,1,86,,31592,40,,,1,86,,31591,40,,,1,86,,31590,40,,,1,48,,31589,40,,,1,96,,31588,40,,,1,94,,31587,40,,,1,97,,31586,40,,,1,94,,31585,40,,,1,102,,31584,40,,,1,98,,31583,40,,,1,98,,31582,40,,,1,95,,31581,40,,,1,98,,31580,40,,,1,98,,31579,40,,,1,95,,31578,40,,,1,86,,31577,40,,,1,49,,31576,40,,,1,87,,31575,40,,,1
9801,'80',726,,31610,40,,,1,88,,31611,40,,,1,88,,31609,40,,,1,48,,31608,40,,,1,88,,31607,40,,,1,96,,31606,40,,,1,93,,31605,40,,,1,93,,31604,40,,,1,95,,31603,40,,,1,93,,31602,40,,,1,93,,31601,40,,,1,53,,31600,40,,,1,93,,31599,40,,,1,90,,31598,40,,,1,87,,31597,40,,,1,86,,31596,40,,,1,47,,31595,40,,,1,88,,31594,40,,,1
910201,'1',637,,36824,14,,,1,85,,36825,14,,,1,85,,36826,14,,,1,45,,36827,14,,,1
989901,'1',2216,,36877,40,,,1,31,,36878,40,,,1,78,,36879,40,,,1,76,,36880,40,,,1,35,,36881,40,,,1,71,,36882,40,,,1,35,,36883,40,,,1,75,,36884,40,,,1
989901,'2',2222,,36885,40,,,1,91,,36886,40,,,1,43,,36887,40,,,1,91,,36890,40,,,1,85,,36888,40,,,1,86,,36889,40,,,1
989901,'3',2234,,36891,40,,,1,88,,36892,40,,,1,83,,36893,40,,,1,49,,36894,40,,,1,79,,36895,40,,,1,83,,36896,40,,,1
989901,'74',2222,,36897,40,,,1,91,,36898,40,,,1,43,,36899,40,,,1,91,,36902,40,,,1,85,,36900,40,,,1,86,,36901,40,,,1
989901,'80',2234,,36903,40,,,1,88,,36904,40,,,1,83,,36905,40,,,1,49,,36906,40,,,1,79,,36907,40,,,1,83,,36908,40,,,1
