4400,'1',730,,28285,15,0,123,1,79,,28286,15,0,123,1,46,,28287,15,0,123,1,85,,28288,15,0,123,1,484,,28289,15,0,123,1,87,,28290,15,0,123,1,89,,28291,15,0,123,1,49,,28292,15,0,123,1,87,,28293,15,0,123,1,86,,28294,15,0,123,1
5201,'1',541,,28584,25,,,1,95,,28585,25,,,1,105,,28586,25,,,1,100,,28591,25,,,1,105,,28590,25,,,1,500,,28589,14,,,1,100,,28587,14,,,1,100,,28588,14,,,1,100,,28593,14,,,1,100,,28592,14,,,1
9801,'1',505,,31521,2,,,1,35,,31520,2,,,1,75,,31519,2,,,1,35,,31518,2,,,1,75,,31517,2,,,1,75,,31516,2,,,1,35,,31515,2,,,1,75,,31514,2,,,1,35,,31525,2,,,1,98,,31524,2,,,1,98,,31523,2,,,1,98,,31522,2,,,1,98,,31537,2,,,1,80,,31536,2,,,1,40,,31535,2,,,1,80,,31534,2,,,1,80,,31533,2,,,1,40,,31532,2,,,1,80,,31531,2,,,1,80,,31530,2,,,1,40,,31529,2,,,1,91,,31528,2,,,1,91,,31527,2,,,1,88,,31526,2,,,1
9801,'2',515,,31556,2,,,1,86,,31555,2,,,1,46,,31554,2,,,1,86,,31553,2,,,1,86,,31552,2,,,1,94,,31551,2,,,1,94,,31550,2,,,1,94,,31549,2,,,1,54,,31548,2,,,1,98,,31547,2,,,1,98,,31546,2,,,1,98,,31545,2,,,1,98,,31544,2,,,1,98,,31543,2,,,1,98,,31542,2,,,1,98,,31541,2,,,1,89,,31540,2,,,1,89,,31539,2,,,1,89,,31538,2,,,1
9801,'3',656,,31573,2,,,1,88,,31574,2,,,1,88,,31572,2,,,1,88,,31571,2,,,1,88,,31570,2,,,1,93,,31569,2,,,1,53,,31568,2,,,1,93,,31567,2,,,1,93,,31566,2,,,1,93,,31565,2,,,1,93,,31564,2,,,1,93,,31563,2,,,1,93,,31562,2,,,1,93,,31561,2,,,1,48,,31560,2,,,1,89,,31559,2,,,1,87,,31558,2,,,1,88,,31557,2,,,1
9801,'74',515,,31593,2,,,1,86,,31592,2,,,1,46,,31591,2,,,1,86,,31590,2,,,1,86,,31589,2,,,1,94,,31588,2,,,1,94,,31587,2,,,1,94,,31586,2,,,1,54,,31585,2,,,1,98,,31584,2,,,1,98,,31583,2,,,1,98,,31582,2,,,1,98,,31581,2,,,1,98,,31580,2,,,1,98,,31579,2,,,1,98,,31578,2,,,1,89,,31577,2,,,1,89,,31576,2,,,1,89,,31575,2,,,1
9801,'80',656,,31610,2,,,1,88,,31611,2,,,1,88,,31609,2,,,1,88,,31608,2,,,1,88,,31607,2,,,1,93,,31606,2,,,1,53,,31605,2,,,1,93,,31604,2,,,1,93,,31603,2,,,1,93,,31602,2,,,1,93,,31601,2,,,1,93,,31600,2,,,1,93,,31599,2,,,1,93,,31598,2,,,1,48,,31597,2,,,1,89,,31596,2,,,1,87,,31595,2,,,1,88,,31594,2,,,1
989901,'1',2150,,36877,2,,,1,72,,36878,2,,,1,78,,36879,2,,,1,38,,36880,2,,,1,75,,36881,2,,,1,32,,36882,2,,,1,75,,36883,2,,,1,35,,36884,2,,,1
989901,'2',2155,,36885,2,,,1,94,,36886,2,,,1,84,,36887,2,,,1,91,,36890,2,,,1,86,,36888,2,,,1,46,,36889,2,,,1
989901,'3',2209,,36891,2,,,1,50,,36892,2,,,1,83,,36893,2,,,1,90,,36894,2,,,1,79,,36895,2,,,1,43,,36896,2,,,1
989901,'74',2155,,36897,2,,,1,94,,36898,2,,,1,84,,36899,2,,,1,91,,36902,2,,,1,86,,36900,2,,,1,46,,36901,2,,,1
989901,'80',2209,,36903,2,,,1,50,,36904,2,,,1,83,,36905,2,,,1,90,,36906,2,,,1,79,,36907,2,,,1,43,,36908,2,,,1
