9600,'1',619,,31260,21,,,1,82,,31259,21,,,1,31,,31258,21,,,1,77,,31257,21,,,1,27,,31256,21,,,1,79,,31253,21,,,1,34,,31254,21,,,1,70,,31255,21,,,1,32,,31268,21,,,1,70,,31267,21,,,1,79,,31261,21,,,1,39,,31262,21,,,1,79,,31263,21,,,1,83,,31264,21,,,1,25,,31265,21,,,1,85,,31266,21,,,1,43,,31274,21,,,1,67,,31273,21,,,1,29,,31272,21,,,1,68,,31269,21,,,1,27,,31270,21,,,1,62,,31271,21,,,1,27,,31277,21,,,1,24,,31278,21,,,1,53,,31288,21,,,1,14,,31276,21,,,1,25,,31275,21,,,1,74,,31285,21,,,1,30,,31284,21,,,1,55,,31287,21,,,1,15,,31279,21,,,1,30,,31280,21,,,1,70,,31281,21,,,1,30,,31282,21,,,1,70,,31283,21,,,1,17,,31286,21,,,1
9600,'2',943,,31289,21,,,1,99,,31290,21,,,1,99,,31291,21,,,1,99,,31292,21,,,1,99,,31293,21,,,1,99,,31294,21,,,1,98,,31295,21,,,1,99,,31296,21,,,1,96,,31297,21,,,1,97,,31298,21,,,1,87,,31299,21,,,1,87,,31300,21,,,1,57,,31301,21,,,1
9600,'3',1036,,31302,21,,,1,94,,31303,21,,,1,94,,31304,21,,,1,94,,31305,21,,,1,94,,31306,21,,,1,94,,31307,21,,,1,94,,31308,21,,,1,54,,31309,21,,,1,93,,31310,21,,,1,94,,31311,21,,,1,94,,31312,21,,,1,93,,31313,21,,,1
9600,'74',943,,31314,21,,,1,99,,31315,21,,,1,99,,31316,21,,,1,99,,31317,21,,,1,99,,31318,21,,,1,99,,31319,21,,,1,98,,31320,21,,,1,99,,31321,21,,,1,96,,31322,21,,,1,97,,31323,21,,,1,87,,31324,21,,,1,87,,31325,21,,,1,57,,31326,21,,,1
9600,'80',1036,,31327,21,,,1,94,,31328,21,,,1,94,,31329,21,,,1,94,,31330,21,,,1,94,,31331,21,,,1,94,,31332,21,,,1,94,,31333,21,,,1,54,,31334,21,,,1,93,,31335,21,,,1,94,,31336,21,,,1,94,,31337,21,,,1,93,,31338,21,,,1
10700,'1',458,,32223,21,,,1,64,,32222,21,,,1,24,,32221,21,,,1,64,,32220,21,,,1,20,,32219,21,,,1,16,,32218,21,,,1,61,,32217,21,,,1,11,,32216,21,,,1,16,,32215,21,,,1,19,,32214,21,,,1,56,,32213,21,,,1,12,,32212,21,,,1,16,,32211,21,,,1,16,,32210,21,,,1,55,,32209,21,,,1,42,,32208,21,,,1,82,,32207,21,,,1,82,,32206,21,,,1,42,,32205,21,,,1,85,,32204,21,,,1,81,,32203,21,,,1,82,,32202,21,,,1,21,,32201,21,,,1,18,,32200,21,,,1,58,,32251,21,,,1,19,,32250,21,,,1,19,,32249,21,,,1,18,,32248,21,,,1,58,,32247,21,,,1,24,,32246,21,,,1,16,,32245,21,,,1,58,,32244,21,,,1,16,,32243,21,,,1,20,,32242,21,,,1,56,,32241,21,,,1,18,,32240,21,,,1,14,,32239,21,,,1,18,,32238,21,,,1,78,,32237,21,,,1,81,,32236,21,,,1,38,,32235,21,,,1,80,,32234,21,,,1,74,,32233,21,,,1,34,,32232,21,,,1,74,,32231,21,,,1,34,,32230,21,,,1,74,,32229,21,,,1,34,,32228,21,,,1,74,,32227,21,,,1,74,,32226,21,,,1,30,,32225,21,,,1,74,,32224,21,,,1
10700,'2',633,,32254,21,,,1,78,,32253,21,,,1,37,,32252,21,,,1,77,,32255,21,,,1,77,,32256,21,,,1,37,,32257,21,,,1,77,,32258,21,,,1,37,,32259,21,,,1,77,,32260,21,,,1,77,,32261,21,,,1,36,,32262,21,,,1,77,,32263,21,,,1,37,,32264,21,,,1,77,,32265,21,,,1,77,,32266,21,,,1,37,,32267,21,,,1,75,,32268,21,,,1,77,,32269,21,,,1,37,,32270,21,,,1,77,,32271,21,,,1,37,,32272,21,,,1,77,,32273,21,,,1,77,,32274,21,,,1,37,,32275,21,,,1,77,,32276,21,,,1,37,,32277,21,,,1,77,,32278,21,,,1,77,,32279,21,,,1,37,,32280,21,,,1,77,,32281,21,,,1,77,,32282,21,,,1,36,,32283,21,,,1,77,,32285,21,,,1,37,,32284,21,,,1
10700,'3',822,,32299,21,,,1,37,,32300,21,,,1,77,,32301,21,,,1,77,,32302,21,,,1,37,,32303,21,,,1,77,,32304,21,,,1,77,,32305,21,,,1,37,,32306,21,,,1,77,,32307,21,,,1,37,,32308,21,,,1,76,,32309,21,,,1,77,,32310,21,,,1,37,,32314,21,,,1,77,,32313,21,,,1,37,,32315,21,,,1,77,,32316,21,,,1,77,,32317,21,,,1,37,,32318,21,,,1,77,,32286,21,,,1,77,,32287,21,,,1,37,,32288,21,,,1,77,,32311,21,,,1,37,,32289,21,,,1,77,,32290,21,,,1,77,,32291,21,,,1,37,,32292,21,,,1,77,,32293,21,,,1,77,,32294,21,,,1,37,,32295,21,,,1,77,,32312,21,,,1,37,,32296,21,,,1
10700,'74',633,,32321,21,,,1,78,,32320,21,,,1,37,,32319,21,,,1,77,,32322,21,,,1,77,,32323,21,,,1,37,,32324,21,,,1,77,,32325,21,,,1,37,,32326,21,,,1,77,,32327,21,,,1,77,,32328,21,,,1,36,,32329,21,,,1,77,,32330,21,,,1,37,,32331,21,,,1,77,,32332,21,,,1,77,,32333,21,,,1,37,,32334,21,,,1,75,,32335,21,,,1,77,,32336,21,,,1,37,,32337,21,,,1,77,,32338,21,,,1,37,,32339,21,,,1,77,,32340,21,,,1,77,,32341,21,,,1,37,,32342,21,,,1,77,,32343,21,,,1,37,,32344,21,,,1,77,,32345,21,,,1,77,,32346,21,,,1,37,,32347,21,,,1,77,,32348,21,,,1,77,,32349,21,,,1,36,,32350,21,,,1,77,,32352,21,,,1,37,,32351,21,,,1
10700,'80',822,,32366,21,,,1,37,,32367,21,,,1,77,,32368,21,,,1,77,,32369,21,,,1,37,,32370,21,,,1,77,,32371,21,,,1,77,,32372,21,,,1,37,,32373,21,,,1,77,,32374,21,,,1,37,,32375,21,,,1,76,,32376,21,,,1,77,,32377,21,,,1,37,,32381,21,,,1,77,,32380,21,,,1,37,,32382,21,,,1,77,,32383,21,,,1,77,,32384,21,,,1,37,,32385,21,,,1,77,,32353,21,,,1,77,,32354,21,,,1,37,,32355,21,,,1,77,,32378,21,,,1,37,,32356,21,,,1,77,,32357,21,,,1,77,,32358,21,,,1,37,,32359,21,,,1,77,,32360,21,,,1,77,,32361,21,,,1,37,,32362,21,,,1,77,,32379,21,,,1,37,,32363,21,,,1
