9900,'1',351,,31638,17,,,1,80,,31639,17,,,1,72,,31612,37,,,1,42,,31613,37,,,1,80,,31614,37,,,1,84,,31615,37,,,1,96,,31616,37,,,1,35,,31617,37,,,1,77,,31618,37,,,1,32,,31619,37,,,1,75,,31620,37,,,1,35,,31621,37,,,1,99,,31622,37,,,1,94,,31623,37,,,1,94,,31624,37,,,1,94,,31625,37,,,1,76,,31637,37,,,1,31,,31636,37,,,1,69,,31626,37,,,1,30,,31627,37,,,1,70,,31628,37,,,1,30,,31629,37,,,1,70,,31630,37,,,1,25,,31631,37,,,1,70,,31632,37,,,1,24,,31633,37,,,1,70,,31634,37,,,1,27,,31635,37,,,1
9900,'2',511,,31658,17,,,1,37,,31659,17,,,1,74,,31640,37,,,1,79,,31641,37,,,1,38,,31655,37,,,1,91,,31654,37,,,1,87,,31642,37,,,1,87,,31643,37,,,1,47,,31644,37,,,1,89,,31645,37,,,1,108,,31646,37,,,1,95,,31647,37,,,1,95,,31648,37,,,1,98,,31649,37,,,1,95,,31650,37,,,1,91,,31651,37,,,1,95,,31652,37,,,1,95,,31653,37,,,1,46,,31657,37,,,1,90,,31656,37,,,1
9900,'3',513,,31678,17,,,1,38,,31679,17,,,1,81,,31660,37,,,1,78,,31661,37,,,1,38,,31662,37,,,1,78,,31663,37,,,1,93,,31680,37,,,1,89,,31664,37,,,1,49,,31665,37,,,1,89,,31666,37,,,1,93,,31667,37,,,1,89,,31668,37,,,1,89,,31669,37,,,1,89,,31670,37,,,1,49,,31671,37,,,1,89,,31672,37,,,1,89,,31673,37,,,1,87,,31674,37,,,1,89,,31675,37,,,1,49,,31676,37,,,1,81,,31677,37,,,1
9900,'74',511,,31699,17,,,1,37,,31700,17,,,1,74,,31681,37,,,1,79,,31682,37,,,1,38,,31696,37,,,1,91,,31695,37,,,1,87,,31683,37,,,1,87,,31684,37,,,1,47,,31685,37,,,1,89,,31686,37,,,1,108,,31687,37,,,1,95,,31688,37,,,1,95,,31689,37,,,1,98,,31690,37,,,1,95,,31691,37,,,1,91,,31692,37,,,1,95,,31693,37,,,1,95,,31694,37,,,1,46,,31698,37,,,1,90,,31697,37,,,1
9900,'80',513,,31719,17,,,1,38,,31720,17,,,1,81,,31701,37,,,1,78,,31702,37,,,1,38,,31703,37,,,1,78,,31704,37,,,1,93,,31721,37,,,1,89,,31705,37,,,1,49,,31706,37,,,1,89,,31707,37,,,1,93,,31708,37,,,1,89,,31709,37,,,1,89,,31710,37,,,1,89,,31711,37,,,1,49,,31712,37,,,1,89,,31713,37,,,1,89,,31714,37,,,1,87,,31715,37,,,1,89,,31716,37,,,1,49,,31717,37,,,1,81,,31718,37,,,1
989900,'1',2103,,36830,37,,,1,35,,36831,37,,,1,78,,36832,37,,,1,38,,36833,37,,,1,75,,36834,37,,,1,73,,36835,37,,,1,35,,36836,37,,,1,75,,36837,37,,,1,35,,36838,37,0,5 6,1,75,,36839,37,0,5 6,1,80,,36840,37,0,5 6,1
989900,'2',2107,,36841,37,,,1,94,,36842,37,,,1,48,,36843,37,,,1,93,,36844,37,,,1,86,,36845,37,,,1,86,,36846,37,,,1,45,,36847,37,0,5 6,1,86,,36848,37,0,5 6,1,86,,36849,37,0,5 6,1
989900,'3',2125,,36850,37,,,1,90,,36851,37,,,1,86,,36852,37,,,1,50,,36853,37,,,1,80,,36854,37,,,1,83,,36855,37,,,1,40,,36856,37,0,5 6,1,83,,36857,37,0,5 6,1,83,,36858,37,0,5 6,1
989900,'74',2107,,36859,37,,,1,94,,36860,37,,,1,48,,36861,37,,,1,93,,36862,37,,,1,86,,36863,37,,,1,86,,36864,37,,,1,45,,36865,37,0,5 6,1,86,,36866,37,0,5 6,1,86,,36867,37,0,5 6,1
989900,'80',2125,,36868,37,,,1,90,,36869,37,,,1,86,,36870,37,,,1,50,,36871,37,,,1,80,,36872,37,,,1,83,,36873,37,,,1,40,,36874,37,0,5 6,1,83,,36875,37,0,5 6,1,83,,36876,37,0,5 6,1
