8100,'1',517,,17097,5,,,1,31,,17099,5,,,1,71,,17101,5,,,1,32,,17102,5,,,1,74,,17100,5,,,1,34,,17103,5,,,1,86,,17098,5,,,1
8101,'1',1507,,17111,5,,,1,40,,17110,5,,,1,81,,17109,5,,,1,79,,17108,5,,,1,39,,17107,5,,,1,77,,17106,5,,,1,36,,17105,5,,,1,79,,17104,5,,,1
9800,'1',605,,18683,5,,,1,35,,18682,5,,,1,72,,18681,5,,,1,35,,18680,5,,,1,75,,18679,5,,,1,35,,18678,5,,,1,98,,18674,5,,,1,98,,18671,5,,,1,94,,18676,5,,,1,98,,18675,5,,,1,80,,18663,5,,,1,76,,18673,5,,,1,40,,18672,5,,,1,80,,18670,5,,,1,80,,18669,5,,,1,40,,18668,5,,,1,87,,18667,5,,,1,80,,18666,5,,,1,95,,18665,5,,,1,51,,18664,5,,,1,91,,18677,5,,,1
9800,'2',606,,18701,5,,,1,46,,18700,5,,,1,84,,18699,5,,,1,94,,18698,5,,,1,91,,18697,5,,,1,89,,18696,5,,,1,94,,18695,5,,,1,98,,18694,5,,,1,98,,18693,5,,,1,56,,18692,5,,,1,98,,18691,5,,,1,98,,18690,5,,,1,101,,18689,5,,,1,103,,18688,5,,,1,89,,18687,5,,,1,93,,18686,5,,,1,89,,18685,5,,,1,85,,18684,5,,,1
9800,'3',751,,18717,5,,,1,88,,18716,5,,,1,88,,18715,5,,,1,90,,18714,5,,,1,93,,18713,5,,,1,48,,18712,5,,,1,93,,18711,5,,,1,93,,18710,5,,,1,93,,18709,5,,,1,93,,18708,5,,,1,93,,18707,5,,,1,99,,18706,5,,,1,88,,18705,5,,,1,92,,18704,5,,,1,47,,18703,5,,,1,88,,18702,5,,,1
9800,'80',751,,18733,5,,,1,88,,18732,5,,,1,88,,18731,5,,,1,90,,18730,5,,,1,93,,18729,5,,,1,48,,18728,5,,,1,93,,18727,5,,,1,93,,18726,5,,,1,93,,18725,5,,,1,93,,18724,5,,,1,93,,18723,5,,,1,99,,18722,5,,,1,88,,18721,5,,,1,92,,18720,5,,,1,47,,18719,5,,,1,88,,18718,5,,,1
44201,'24612.1',1550,,20724,3,,,1
989900,'1',2111,,22653,48,,,1,34,,22654,48,,,1,78,,22655,48,,,1,78,,22656,48,,,1,35,,22657,48,,,1,72,,22658,48,,,1,35,,22659,48,,,1,75,,22660,48,,,1,36,,22661,48,0,5 6,1,75,,22662,48,0,5 6,1,79,,22663,48,0,5 6,1
989900,'2',2115,,22664,48,,,1,94,,22665,48,,,1,47,,22666,48,,,1,92,,22667,48,,,1,86,,22668,48,,,1,86,,22669,48,,,1,84,,22670,48,0,5 6,1,46,,22671,48,0,5 6,1,86,,22672,48,0,5 6,1
989900,'3',2132,,22673,48,,,1,90,,22674,48,,,1,85,,22675,48,,,1,50,,22676,48,,,1,80,,22677,48,,,1,83,,22678,48,,,1,39,,22679,48,0,5 6,1,83,,22680,48,0,5 6,1,83,,22681,48,0,5 6,1
989900,'80',2132,,22682,48,,,1,90,,22683,48,,,1,85,,22684,48,,,1,50,,22685,48,,,1,80,,22686,48,,,1,83,,22687,48,,,1,39,,22688,48,0,5 6,1,83,,22689,48,0,5 6,1,83,,22690,48,0,5 6,1
