901,'1',652,,26167,52,,,1,69,,26160,52,,,1,35,,26161,52,,,1,73,,26162,52,,,1,73,,26163,52,,,1,33,,26164,52,,,1,73,,26165,52,,,1,33,,26166,52,,,1,70,,26174,52,,,1,44,,26168,52,,,1,84,,26169,52,,,1,84,,26170,52,,,1,86,,26171,52,,,1,44,,26172,52,,,1,102,,26173,52,,,1,82,,26175,52,,,1,73,,26176,52,,,1,33,,26177,52,,,1,76,,26178,52,,,1,87,,26179,52,,,1,31,,26180,52,,,1,78,,26181,52,,,1,38,,26182,52,,,1,71,,26183,52,,,1
901,'2',749,,26184,52,,,1,79,,26185,52,,,1,79,,26186,52,,,1,39,,26187,52,,,1,79,,26188,52,,,1,79,,26189,52,,,1,39,,26190,52,,,1,79,,26191,52,,,1,84,,26192,52,,,1,41,,26193,52,,,1,81,,26194,52,,,1,81,,26195,52,,,1,41,,26196,52,,,1,81,,26197,52,,,1,84,,26198,52,,,1,42,,26199,52,,,1,80,,26200,52,,,1,82,,26201,52,,,1,82,,26202,52,,,1,42,,26203,52,,,1,82,,26204,52,,,1,82,,26205,52,,,1
901,'3',853,,26206,52,,,1,81,,26207,52,,,1,81,,26208,52,,,1,41,,26209,52,,,1,81,,26210,52,,,1,81,,26211,52,,,1,41,,26212,52,,,1,83,,26213,52,,,1,81,,26214,52,,,1,81,,26215,52,,,1,41,,26216,52,,,1,81,,26217,52,,,1,79,,26218,52,,,1,41,,26219,52,,,1,81,,26220,52,,,1,80,,26221,52,,,1,38,,26222,52,,,1,80,,26223,52,,,1
901,'74',749,,26224,52,,,1,79,,26225,52,,,1,79,,26226,52,,,1,39,,26227,52,,,1,79,,26228,52,,,1,79,,26229,52,,,1,39,,26230,52,,,1,79,,26231,52,,,1,84,,26232,52,,,1,41,,26233,52,,,1,81,,26234,52,,,1,81,,26235,52,,,1,41,,26236,52,,,1,81,,26237,52,,,1,84,,26238,52,,,1,42,,26239,52,,,1,80,,26240,52,,,1,82,,26241,52,,,1,82,,26242,52,,,1,42,,26243,52,,,1,82,,26244,52,,,1,82,,26245,52,,,1
901,'80',853,,26246,52,,,1,81,,26247,52,,,1,81,,26248,52,,,1,41,,26249,52,,,1,81,,26250,52,,,1,81,,26251,52,,,1,41,,26252,52,,,1,83,,26253,52,,,1,81,,26254,52,,,1,81,,26255,52,,,1,41,,26256,52,,,1,81,,26257,52,,,1,79,,26258,52,,,1,41,,26259,52,,,1,81,,26260,52,,,1,80,,26261,52,,,1,38,,26262,52,,,1,80,,26263,52,,,1
1600,'1',538,,26485,29,,,1,62,,26486,29,,,1,10,,26443,50,,,1,22,,26444,50,,,1,27,,26445,50,,,1,62,,26446,50,,,1,26,,26447,50,,,1,62,,26448,50,,,1,18,,26449,50,,,1,26,,26450,50,,,1,62,,26451,50,,,1,22,,26452,50,,,1,68,,26453,50,,,1,29,,26454,50,,,1,75,,26455,50,,,1,27,,26456,50,,,1,71,,26457,50,,,1,31,,26458,50,,,1,71,,26459,50,,,1,31,,26460,50,,,1,71,,26461,50,,,1,23,,26487,29,,,1,12,,26462,50,,,1,66,,26463,50,,,1,23,,26464,50,,,1,23,,26465,50,,,1,63,,26466,50,,,1,23,,26467,50,,,1,68,,26468,50,,,1,23,,26469,50,,,1,23,,26470,50,,,1,63,,26471,50,,,1,23,,26472,50,,,1,58,,26473,50,,,1,17,,26474,50,,,1,23,,26475,50,,,1,63,,26476,50,,,1,23,,26477,50,,,1,23,,26478,50,,,1,56,,26479,50,,,1,34,,26480,50,,,1,74,,26481,50,,,1,34,,26482,50,,,1,71,,26483,50,,,1,34,,26484,50,,,1,74,,26488,50,,,1
1600,'2',645,,26514,29,,,1,73,,26489,50,,,1,38,,26490,50,,,1,83,,26491,50,,,1,78,,26492,50,,,1,38,,26493,50,,,1,78,,26494,50,,,1,78,,26495,50,,,1,38,,26496,50,,,1,78,,26497,50,,,1,78,,26498,50,,,1,45,,26499,50,,,1,81,,26500,50,,,1,83,,26501,50,,,1,41,,26502,50,,,1,77,,26503,50,,,1,81,,26504,50,,,1,41,,26505,50,,,1,81,,26506,50,,,1,81,,26507,50,,,1,31,,26508,50,,,1,76,,26509,50,,,1,79,,26510,50,,,1,33,,26511,50,,,1,73,,26512,50,,,1,37,,26513,50,,,1,75,,26515,50,,,1,36,,26516,50,,,1
1600,'3',727,,26532,29,,,1,95,,26533,29,,,1,91,,26517,50,,,1,97,,26518,50,,,1,95,,26519,50,,,1,95,,26520,50,,,1,56,,26521,50,,,1,99,,26526,50,,,1,97,,26522,50,,,1,98,,26523,50,,,1,98,,26524,50,,,1,95,,26525,50,,,1,93,,26531,50,,,1,92,,26527,50,,,1,89,,26528,50,,,1,92,,26529,50,,,1,49,,26530,50,,,1
1600,'74',645,,26557,29,,,1,73,,26534,50,,,1,38,,26535,50,,,1,83,,26536,50,,,1,78,,26537,50,,,1,38,,26538,50,,,1,78,,26539,50,,,1,78,,26540,50,,,1,38,,26541,50,,,1,78,,26542,50,,,1,78,,26543,50,,,1,45,,26544,50,,,1,81,,26545,50,,,1,83,,26546,50,,,1,41,,26547,50,,,1,77,,26548,50,,,1,81,,26549,50,,,1,41,,26550,50,,,1,81,,26551,50,,,1,81,,26552,50,,,1,31,,26553,50,,,1,76,,26554,50,,,1,79,,26555,50,,,1,33,,26556,50,,,1,73,,26558,50,,,1,37,,26559,50,,,1,75,,26560,50,,,1,36,,26561,50,,,1
1600,'80',727,,26577,29,,,1,95,,26578,29,,,1,91,,26562,50,,,1,97,,26563,50,,,1,95,,26564,50,,,1,95,,26565,50,,,1,56,,26566,50,,,1,99,,26571,50,,,1,97,,26567,50,,,1,98,,26568,50,,,1,98,,26569,50,,,1,95,,26570,50,,,1,93,,26576,50,,,1,92,,26572,50,,,1,89,,26573,50,,,1,92,,26574,50,,,1,49,,26575,50,,,1
