5601,'1',636,,28761,45,,,1,106,,28760,45,,,1,106,,28759,45,,,1,107,,28758,45,,,1,500,,28757,45,,,1,150,,28756,45,,,1,110,,28755,45,,,1,107,,28754,45,,,1,107,,28753,45,,,1
9600,'1',719,,31260,94,,,1,88,,31259,94,,,1,31,,31258,94,,,1,77,,31257,94,,,1,27,,31256,94,,,1,73,,31253,94,,,1,34,,31254,94,,,1,70,,31255,94,,,1,32,,31268,94,,,1,69,,31267,90,,,1,39,,31261,90,,,1,79,,31262,90,,,1,79,,31263,90,,,1,87,,31264,90,,,1,25,,31265,90,,,1,91,,31266,94,,,1,83,,31274,94,,,1,27,,31273,94,,,1,72,,31272,94,,,1,20,,31269,94,,,1,27,,31270,94,,,1,61,,31271,94,,,1,27,,31277,94,,,1,18,,31278,94,,,1,51,,31288,94,,,1,11,,31276,94,,,1,25,,31275,94,,,1,70,,31285,90,,,1,30,,31284,90,,,1,15,,31287,90,,,1,51,,31279,90,,,1,30,,31280,90,,,1,69,,31281,90,,,1,28,,31282,90,,,1,70,,31283,90,,,1,17,,31286,90,,,1
9600,'2',1040,,31289,90,,,1,104,,31290,90,,,1,99,,31291,90,,,1,95,,31292,90,,,1,99,,31293,90,,,1,99,,31294,90,,,1,97,,31295,90,,,1,99,,31296,90,,,1,93,,31297,90,,,1,97,,31298,90,,,1,87,,31299,90,,,1,40,,31300,90,,,1,97,,31301,90,,,1
9600,'3',1130,,31302,90,,,1,94,,31303,90,,,1,94,,31304,90,,,1,94,,31305,90,,,1,94,,31306,90,,,1,94,,31307,90,,,1,54,,31308,90,,,1,94,,31309,90,,,1,91,,31310,90,,,1,94,,31311,90,,,1,94,,31312,90,,,1,88,,31313,90,,,1
9600,'74',1040,,31314,90,,,1,104,,31315,90,,,1,99,,31316,90,,,1,95,,31317,90,,,1,99,,31318,90,,,1,99,,31319,90,,,1,97,,31320,90,,,1,99,,31321,90,,,1,93,,31322,90,,,1,97,,31323,90,,,1,87,,31324,90,,,1,40,,31325,90,,,1,97,,31326,90,,,1
9600,'80',1130,,31327,90,,,1,94,,31328,90,,,1,94,,31329,90,,,1,94,,31330,90,,,1,94,,31331,90,,,1,94,,31332,90,,,1,54,,31333,90,,,1,94,,31334,90,,,1,91,,31335,90,,,1,94,,31336,90,,,1,94,,31337,90,,,1,88,,31338,90,,,1
9800,'1',634,,31445,46,,,1,75,,31444,46,,,1,34,,31443,46,,,1,75,,31442,46,,,1,35,,31441,46,,,1,75,,31440,46,,,1,98,,31436,46,,,1,98,,31433,46,,,1,96,,31438,46,,,1,98,,31437,46,,,1,40,,31425,46,,,1,79,,31435,46,,,1,80,,31434,46,,,1,40,,31432,46,,,1,80,,31431,46,,,1,80,,31430,46,,,1,84,,31429,46,,,1,40,,31428,46,,,1,92,,31427,46,,,1,91,,31426,46,,,1,88,,31439,46,,,1
9800,'2',632,,31463,46,,,1,86,,31462,46,,,1,85,,31461,46,,,1,54,,31460,46,,,1,93,,31459,46,,,1,92,,31458,46,,,1,94,,31457,46,,,1,98,,31456,46,,,1,98,,31455,46,,,1,97,,31454,46,,,1,98,,31453,46,,,1,98,,31452,46,,,1,99,,31451,46,,,1,100,,31450,46,,,1,89,,31449,46,,,1,92,,31448,46,,,1,49,,31447,46,,,1,85,,31446,46,,,1
9800,'3',816,,31479,46,,,1,88,,31478,46,,,1,48,,31477,46,,,1,93,,31476,46,,,1,93,,31475,46,,,1,91,,31474,46,,,1,93,,31473,46,,,1,93,,31472,46,,,1,93,,31471,46,,,1,93,,31470,46,,,1,53,,31469,46,,,1,95,,31468,46,,,1,88,,31467,46,,,1,90,,31466,46,,,1,87,,31465,46,,,1,88,,31464,46,,,1
9800,'74',632,,31497,46,,,1,86,,31496,46,,,1,85,,31495,46,,,1,54,,31494,46,,,1,93,,31493,46,,,1,92,,31492,46,,,1,94,,31491,46,,,1,98,,31490,46,,,1,98,,31489,46,,,1,97,,31488,46,,,1,98,,31487,46,,,1,98,,31486,46,,,1,99,,31485,46,,,1,100,,31484,46,,,1,89,,31483,46,,,1,92,,31482,46,,,1,49,,31481,46,,,1,85,,31480,46,,,1
9800,'80',816,,31513,46,,,1,88,,31512,46,,,1,48,,31511,46,,,1,93,,31510,46,,,1,93,,31509,46,,,1,91,,31508,46,,,1,93,,31507,46,,,1,93,,31506,46,,,1,93,,31505,46,,,1,93,,31504,46,,,1,53,,31503,46,,,1,95,,31502,46,,,1,88,,31501,46,,,1,90,,31500,46,,,1,87,,31499,46,,,1,88,,31498,46,,,1
989900,'1',2137,,36830,89,,,1,73,,36831,89,,,1,38,,36832,89,,,1,78,,36833,89,,,1,75,,36834,89,,,1,32,,36835,89,,,1,75,,36836,89,,,1,35,,36837,89,,,1,74,,36838,89,0,5 6,1,35,,36839,89,0,5 6,1,79,,36840,89,0,5 6,1
989900,'2',2142,,36841,89,,,1,94,,36842,89,,,1,85,,36843,89,,,1,91,,36844,89,,,1,46,,36845,89,,,1,86,,36846,89,,,1,81,,36847,89,0,5 6,1,86,,36848,89,0,5 6,1,46,,36849,89,0,5 6,1
989900,'3',2156,,36850,89,,,1,90,,36851,89,,,1,85,,36852,89,,,1,90,,36853,89,,,1,79,,36854,89,,,1,43,,36855,89,,,1,78,,36856,89,0,5 6,1,83,,36857,89,0,5 6,1,43,,36858,89,0,5 6,1
989900,'74',2142,,36859,89,,,1,94,,36860,89,,,1,85,,36861,89,,,1,91,,36862,89,,,1,46,,36863,89,,,1,86,,36864,89,,,1,81,,36865,89,0,5 6,1,86,,36866,89,0,5 6,1,46,,36867,89,0,5 6,1
989900,'80',2156,,36868,89,,,1,90,,36869,89,,,1,85,,36870,89,,,1,90,,36871,89,,,1,79,,36872,89,,,1,43,,36873,89,,,1,78,,36874,89,0,5 6,1,83,,36875,89,0,5 6,1,43,,36876,89,0,5 6,1
