5601,'1',636,,16496,47,,,1,106,,16495,47,,,1,106,,16494,47,,,1,107,,16493,47,,,1,500,,16492,47,,,1,150,,16491,47,,,1,110,,16490,47,,,1,107,,16489,47,,,1,107,,16488,47,,,1
9600,'1',720,,18524,96,,,1,88,,18523,96,,,1,31,,18522,96,,,1,77,,18521,96,,,1,27,,18520,96,,,1,73,,18517,96,,,1,34,,18518,96,,,1,70,,18519,96,,,1,32,,18532,96,,,1,69,,18531,92,,,1,79,,18525,92,,,1,39,,18526,92,,,1,79,,18527,92,,,1,88,,18528,92,,,1,25,,18529,92,,,1,90,,18530,96,,,1,83,,18538,96,,,1,27,,18537,96,,,1,72,,18536,96,,,1,20,,18533,96,,,1,27,,18534,96,,,1,61,,18535,96,,,1,27,,18541,96,,,1,18,,18542,96,,,1,51,,18552,96,,,1,11,,18540,96,,,1,25,,18539,96,,,1,70,,18549,92,,,1,30,,18548,92,,,1,15,,18551,92,,,1,51,,18543,92,,,1,30,,18544,92,,,1,68,,18545,92,,,1,28,,18546,92,,,1,70,,18547,92,,,1,17,,18550,92,,,1
9600,'2',1041,,18553,92,,,1,104,,18554,92,,,1,99,,18555,92,,,1,95,,18556,92,,,1,99,,18557,92,,,1,99,,18558,92,,,1,97,,18559,92,,,1,99,,18560,92,,,1,93,,18561,92,,,1,97,,18562,92,,,1,87,,18563,92,,,1,40,,18564,92,,,1,97,,18565,92,,,1
9600,'3',1131,,18566,92,,,1,94,,18567,92,,,1,94,,18568,92,,,1,94,,18569,92,,,1,94,,18570,92,,,1,94,,18571,92,,,1,54,,18572,92,,,1,94,,18573,92,,,1,91,,18574,92,,,1,94,,18575,92,,,1,94,,18576,92,,,1,88,,18577,92,,,1
9600,'80',1131,,18578,92,,,1,94,,18579,92,,,1,94,,18580,92,,,1,94,,18581,92,,,1,94,,18582,92,,,1,94,,18583,92,,,1,54,,18584,92,,,1,94,,18585,92,,,1,91,,18586,92,,,1,94,,18587,92,,,1,94,,18588,92,,,1,88,,18589,92,,,1
9800,'1',635,,18683,48,,,1,75,,18682,48,,,1,34,,18681,48,,,1,75,,18680,48,,,1,35,,18679,48,,,1,75,,18678,48,,,1,98,,18674,48,,,1,98,,18671,48,,,1,96,,18676,48,,,1,98,,18675,48,,,1,40,,18663,48,,,1,79,,18673,48,,,1,80,,18672,48,,,1,40,,18670,48,,,1,80,,18669,48,,,1,80,,18668,48,,,1,84,,18667,48,,,1,40,,18666,48,,,1,92,,18665,48,,,1,91,,18664,48,,,1,88,,18677,48,,,1
9800,'2',633,,18701,48,,,1,86,,18700,48,,,1,85,,18699,48,,,1,54,,18698,48,,,1,93,,18697,48,,,1,92,,18696,48,,,1,94,,18695,48,,,1,98,,18694,48,,,1,98,,18693,48,,,1,97,,18692,48,,,1,98,,18691,48,,,1,98,,18690,48,,,1,99,,18689,48,,,1,100,,18688,48,,,1,89,,18687,48,,,1,92,,18686,48,,,1,49,,18685,48,,,1,85,,18684,48,,,1
9800,'3',817,,18717,48,,,1,88,,18716,48,,,1,48,,18715,48,,,1,93,,18714,48,,,1,93,,18713,48,,,1,91,,18712,48,,,1,93,,18711,48,,,1,93,,18710,48,,,1,93,,18709,48,,,1,93,,18708,48,,,1,53,,18707,48,,,1,95,,18706,48,,,1,88,,18705,48,,,1,90,,18704,48,,,1,87,,18703,48,,,1,88,,18702,48,,,1
9800,'80',817,,18733,48,,,1,88,,18732,48,,,1,48,,18731,48,,,1,93,,18730,48,,,1,93,,18729,48,,,1,91,,18728,48,,,1,93,,18727,48,,,1,93,,18726,48,,,1,93,,18725,48,,,1,93,,18724,48,,,1,53,,18723,48,,,1,95,,18722,48,,,1,88,,18721,48,,,1,90,,18720,48,,,1,87,,18719,48,,,1,88,,18718,48,,,1
989900,'1',2138,,22653,91,,,1,73,,22654,91,,,1,38,,22655,91,,,1,78,,22656,91,,,1,75,,22657,91,,,1,32,,22658,91,,,1,75,,22659,91,,,1,35,,22660,91,,,1,74,,22661,91,0,5 6,1,35,,22662,91,0,5 6,1,79,,22663,91,0,5 6,1
989900,'2',2143,,22664,91,,,1,94,,22665,91,,,1,85,,22666,91,,,1,91,,22667,91,,,1,46,,22668,91,,,1,86,,22669,91,,,1,81,,22670,91,0,5 6,1,86,,22671,91,0,5 6,1,46,,22672,91,0,5 6,1
989900,'3',2157,,22673,91,,,1,90,,22674,91,,,1,85,,22675,91,,,1,90,,22676,91,,,1,79,,22677,91,,,1,43,,22678,91,,,1,78,,22679,91,0,5 6,1,83,,22680,91,0,5 6,1,43,,22681,91,0,5 6,1
989900,'80',2157,,22682,91,,,1,90,,22683,91,,,1,85,,22684,91,,,1,90,,22685,91,,,1,79,,22686,91,,,1,43,,22687,91,,,1,78,,22688,91,0,5 6,1,83,,22689,91,0,5 6,1,43,,22690,91,0,5 6,1
