9901,'1',418,,31722,30,,,1,41,,31723,30,,,1,80,,31724,30,,,1,82,,31725,30,,,1,80,,31726,30,,,1,35,,31727,30,,,1,70,,31728,30,,,1,43,,31729,30,,,1,74,,31730,30,,,1,35,,31731,30,,,1,94,,31732,30,,,1,98,,31733,30,,,1,94,,31734,30,,,1,94,,31735,30,,,1,100,,31736,30,,,1,66,,31737,30,,,1,30,,31738,30,,,1,70,,31739,30,,,1,30,,31740,30,,,1,70,,31741,30,,,1,30,,31742,30,,,1,70,,31743,30,,,1,28,,31744,30,,,1,70,,31745,30,,,1,26,,31746,30,,,1,30,,31747,30,,,1,70,,31748,30,,,1,25,,31749,30,,,1,71,,31750,30,,,1,85,,31751,30,,,1
9901,'2',540,,31752,30,,,1,77,,31753,30,,,1,37,,31754,30,,,1,77,,31755,30,,,1,87,,31756,30,,,1,92,,31757,30,,,1,48,,31758,30,,,1,87,,31759,30,,,1,102,,31760,30,,,1,97,,31761,30,,,1,95,,31762,30,,,1,95,,31763,30,,,1,95,,31764,30,,,1,95,,31765,30,,,1,92,,31766,30,,,1,94,,31767,30,,,1,95,,31768,30,,,1,51,,31769,30,,,1,85,,31770,30,,,1,85,,31771,30,,,1
9901,'3',544,,31772,30,,,1,81,,31773,30,,,1,78,,31774,30,,,1,38,,31775,30,,,1,78,,31776,30,,,1,93,,31777,30,,,1,89,,31778,30,,,1,49,,31779,30,,,1,89,,31780,30,,,1,93,,31781,30,,,1,89,,31782,30,,,1,89,,31783,30,,,1,49,,31784,30,,,1,89,,31785,30,,,1,89,,31786,30,,,1,89,,31787,30,,,1,85,,31788,30,,,1,89,,31789,30,,,1,49,,31790,30,,,1,86,,31791,30,,,1,89,,31792,30,,,1,79,,31793,30,,,1
9901,'74',540,,31794,30,,,1,77,,31795,30,,,1,37,,31796,30,,,1,77,,31797,30,,,1,87,,31798,30,,,1,92,,31799,30,,,1,48,,31800,30,,,1,87,,31801,30,,,1,102,,31802,30,,,1,97,,31803,30,,,1,95,,31804,30,,,1,95,,31805,30,,,1,95,,31806,30,,,1,95,,31807,30,,,1,92,,31808,30,,,1,94,,31809,30,,,1,95,,31810,30,,,1,51,,31811,30,,,1,85,,31812,30,,,1,85,,31813,30,,,1
9901,'80',544,,31814,30,,,1,81,,31815,30,,,1,78,,31816,30,,,1,38,,31817,30,,,1,78,,31818,30,,,1,93,,31819,30,,,1,89,,31820,30,,,1,49,,31821,30,,,1,89,,31822,30,,,1,93,,31823,30,,,1,89,,31824,30,,,1,89,,31825,30,,,1,49,,31826,30,,,1,89,,31827,30,,,1,89,,31828,30,,,1,89,,31829,30,,,1,85,,31830,30,,,1,89,,31831,30,,,1,49,,31832,30,,,1,86,,31833,30,,,1,89,,31834,30,,,1,79,,31835,30,,,1
36001,'1',1003,,33821,11,,,1,29,,33822,11,,,1,69,,33823,11,,,1,27,,33824,11,,,1,25,,33837,11,,,1,83,,33836,11,,,1,84,,33825,11,,,1,84,,33826,11,,,1,44,,33827,11,,,1,87,,33828,11,,,1,84,,33829,11,,,1,87,,33830,11,,,1,43,,33831,11,,,1,82,,33832,11,,,1,84,,33833,11,,,1,85,,33834,11,,,1,42,,33835,11,,,1,84,,33843,11,,,1,26,,33842,11,,,1,66,,33838,11,,,1,26,,33839,11,,,1,66,,33840,11,,,1,26,,33841,11,,,1
36001,'2',1001,,33844,11,,,1,23,,33845,11,,,1,23,,33846,11,,,1,63,,33847,11,,,1,23,,33848,11,,,1,21,,33849,11,,,1,63,,33850,11,,,1,25,,33851,11,,,1,63,,33852,11,,,1,23,,33853,11,,,1,23,,33854,11,,,1,62,,33855,11,,,1,23,,33856,11,,,1,23,,33857,11,,,1,63,,33858,11,,,1,23,,33859,11,,,1,63,,33860,11,,,1,23,,33861,11,,,1,25,,33862,11,,,1,63,,33863,11,,,1,20,,33864,11,,,1,64,,33865,11,,,1,23,,33866,11,,,1,28,,33879,11,,,1,64,,33878,11,,,1,21,,33867,11,,,1,64,,33868,11,,,1,24,,33869,11,,,1,25,,33870,11,,,1,63,,33871,11,,,1,21,,33872,11,,,1,64,,33873,11,,,1,24,,33874,11,,,1,24,,33875,11,,,1,64,,33876,11,,,1,24,,33877,11,,,1
36001,'3',955,,33880,11,,,1,62,,33881,11,,,1,22,,33882,11,,,1,62,,33883,11,,,1,20,,33884,11,,,1,22,,33885,11,,,1,63,,33886,11,,,1,22,,33887,11,,,1,22,,33888,11,,,1,62,,33889,11,,,1,23,,33890,11,,,1,22,,33891,11,,,1,62,,33892,11,,,1,20,,33893,11,,,1,65,,33894,11,,,1,22,,33895,11,,,1,22,,33896,11,,,1,62,,33897,11,,,1,22,,33898,11,,,1,22,,33899,11,,,1,62,,33900,11,,,1,22,,33901,11,,,1,63,,33902,11,,,1,22,,33903,11,,,1,22,,33904,11,,,1,67,,33905,11,,,1,21,,33917,11,,,1,18,,33916,11,,,1,62,,33906,11,,,1,23,,33907,11,,,1,23,,33908,11,,,1,63,,33909,11,,,1,23,,33910,11,,,1,61,,33911,11,,,1,23,,33912,11,,,1,23,,33913,11,,,1,63,,33914,11,,,1,23,,33915,11,,,1
36001,'74',1001,,33918,11,,,1,23,,33919,11,,,1,23,,33920,11,,,1,63,,33921,11,,,1,23,,33922,11,,,1,21,,33923,11,,,1,63,,33924,11,,,1,25,,33925,11,,,1,63,,33926,11,,,1,23,,33927,11,,,1,23,,33928,11,,,1,62,,33929,11,,,1,23,,33930,11,,,1,23,,33931,11,,,1,63,,33932,11,,,1,23,,33933,11,,,1,63,,33934,11,,,1,23,,33935,11,,,1,25,,33936,11,,,1,63,,33937,11,,,1,20,,33938,11,,,1,64,,33939,11,,,1,23,,33940,11,,,1,28,,33942,11,,,1,64,,33941,11,,,1,21,,33943,11,,,1,64,,33944,11,,,1,24,,33945,11,,,1,25,,33946,11,,,1,63,,33947,11,,,1,21,,33948,11,,,1,64,,33949,11,,,1,24,,33950,11,,,1,24,,33951,11,,,1,64,,33952,11,,,1,24,,33953,11,,,1,64,,33954,11,,,1
36001,'80',955,,33955,11,,,1,62,,33956,11,,,1,22,,33957,11,,,1,62,,33958,11,,,1,20,,33959,11,,,1,22,,33960,11,,,1,63,,33961,11,,,1,22,,33962,11,,,1,22,,33963,11,,,1,62,,33964,11,,,1,23,,33965,11,,,1,22,,33966,11,,,1,62,,33967,11,,,1,20,,33968,11,,,1,65,,33969,11,,,1,22,,33970,11,,,1,22,,33971,11,,,1,62,,33972,11,,,1,22,,33973,11,,,1,22,,33974,11,,,1,62,,33975,11,,,1,22,,33976,11,,,1,63,,33977,11,,,1,22,,33978,11,,,1,22,,33979,11,,,1,67,,33980,11,,,1,21,,33992,11,,,1,18,,33991,11,,,1,62,,33981,11,,,1,23,,33982,11,,,1,23,,33983,11,,,1,63,,33984,11,,,1,23,,33985,11,,,1,61,,33986,11,,,1,23,,33987,11,,,1,23,,33988,11,,,1,63,,33989,11,,,1,23,,33990,11,,,1
989901,'1',2244,,36877,85,,,1,69,,36878,85,,,1,38,,36879,85,,,1,74,,36880,85,,,1,75,,36881,85,,,1,30,,36882,85,,,1,75,,36883,85,,,1,35,,36884,85,,,1
989901,'2',2252,,36885,85,,,1,87,,36886,85,,,1,81,,36887,85,,,1,91,,36890,85,,,1,45,,36888,85,,,1,86,,36889,85,,,1
989901,'3',2300,,36891,85,,,1,47,,36892,85,,,1,83,,36893,85,,,1,85,,36894,85,,,1,39,,36895,85,,,1,83,,36896,85,,,1
989901,'74',2252,,36897,85,,,1,87,,36898,85,,,1,81,,36899,85,,,1,91,,36902,85,,,1,45,,36900,85,,,1,86,,36901,85,,,1
989901,'80',2300,,36903,85,,,1,47,,36904,85,,,1,83,,36905,85,,,1,85,,36906,85,,,1,39,,36907,85,,,1,83,,36908,85,,,1
