600,'1',420,,24934,6,,,1,30,,24935,6,,,1,62,,24936,6,,,1,22,,24937,6,,,1,22,,24938,6,,,1,62,,24939,6,,,1,22,,24940,6,,,1,68,,24941,6,,,1,23,,24942,6,,,1,71,,24943,6,,,1,26,,24944,6,,,1,27,,24945,6,,,1,67,,24946,6,,,1,36,,24947,6,,,1,76,,24948,6,,,1,76,,24949,6,,,1,36,,24950,6,,,1,76,,24951,6,,,1,36,,24952,6,,,1,76,,24953,6,,,1,67,,24954,6,,,1,27,,24955,6,,,1,28,,24956,6,,,1,67,,24957,6,,,1,27,,24958,6,,,1,67,,24959,6,,,1,27,,24960,6,,,1,67,,24961,6,,,1,27,,24962,6,,,1,66,,24963,6,,,1,27,,24964,6,,,1,27,,24965,6,,,1,67,,24966,6,,,1,34,,24967,6,,,1,74,,24968,6,,,1,74,,24969,6,,,1,34,,24970,6,,,1,103,,24971,6,,,1,103,,24972,6,,,1,103,,24973,6,,,1
600,'2',546,,24974,6,,,1,69,,24975,6,,,1,26,,24976,6,,,1,70,,24977,6,,,1,33,,24978,6,,,1,82,,24979,6,,,1,75,,24980,6,,,1,32,,24981,6,,,1,72,,24982,6,,,1,32,,24983,6,,,1,72,,24984,6,,,1,32,,24985,6,,,1,72,,24986,6,,,1,32,,24987,6,,,1,72,,24988,6,,,1,32,,24989,6,,,1,77,,24990,6,,,1,77,,24991,6,,,1,37,,24992,6,,,1,78,,24993,6,,,1,36,,24994,6,,,1,78,,24995,6,,,1,75,,24996,6,,,1,35,,24997,6,,,1,71,,24998,6,,,1,33,,24999,6,,,1,100,,25000,6,,,1,95,,25001,6,,,1,95,,25002,6,,,1,95,,25003,6,,,1
600,'3',601,,25004,6,,,1,26,,25005,6,,,1,29,,25006,6,,,1,74,,25007,6,,,1,29,,25008,6,,,1,82,,25009,6,,,1,75,,25010,6,,,1,32,,25011,6,,,1,72,,25012,6,,,1,32,,25013,6,,,1,72,,25014,6,,,1,32,,25015,6,,,1,72,,25016,6,,,1,72,,25017,6,,,1,32,,25018,6,,,1,72,,25019,6,,,1,39,,25020,6,,,1,76,,25021,6,,,1,37,,25022,6,,,1,77,,25023,6,,,1,77,,25024,6,,,1,37,,25025,6,,,1,73,,25026,6,,,1,37,,25027,6,,,1,71,,25028,6,,,1,100,,25029,6,,,1,98,,25030,6,,,1,98,,25031,6,,,1,98,,25032,6,,,1
600,'74',546,,25033,6,,,1,69,,25034,6,,,1,26,,25035,6,,,1,70,,25036,6,,,1,33,,25037,6,,,1,82,,25038,6,,,1,75,,25039,6,,,1,32,,25040,6,,,1,72,,25041,6,,,1,32,,25042,6,,,1,72,,25043,6,,,1,32,,25044,6,,,1,72,,25045,6,,,1,32,,25046,6,,,1,72,,25047,6,,,1,32,,25048,6,,,1,77,,25049,6,,,1,77,,25050,6,,,1,37,,25051,6,,,1,78,,25052,6,,,1,36,,25053,6,,,1,78,,25054,6,,,1,75,,25055,6,,,1,35,,25056,6,,,1,71,,25057,6,,,1,33,,25058,6,,,1,100,,25059,6,,,1,95,,25060,6,,,1,95,,25061,6,,,1,95,,25062,6,,,1
600,'80',601,,25063,6,,,1,26,,25064,6,,,1,29,,25065,6,,,1,74,,25066,6,,,1,29,,25067,6,,,1,82,,25068,6,,,1,75,,25069,6,,,1,32,,25070,6,,,1,72,,25071,6,,,1,32,,25072,6,,,1,72,,25073,6,,,1,32,,25074,6,,,1,72,,25075,6,,,1,72,,25076,6,,,1,32,,25077,6,,,1,72,,25078,6,,,1,39,,25079,6,,,1,76,,25080,6,,,1,37,,25081,6,,,1,77,,25082,6,,,1,77,,25083,6,,,1,37,,25084,6,,,1,73,,25085,6,,,1,37,,25086,6,,,1,71,,25087,6,,,1,100,,25088,6,,,1,98,,25089,6,,,1,98,,25090,6,,,1,98,,25091,6,,,1
601,'1',2208,,25124,17,4,,1,347,,25129,17,4,,1
601,'2',2011,,25153,17,4,,1,413,,25159,17,4,,1
601,'3',1959,,25183,17,4,,1,459,,25189,17,4,,1
601,'74',2011,,25213,17,4,,1,413,,25219,17,4,,1
601,'80',1959,,25243,17,4,,1,459,,25249,17,4,,1
36101,'1',600,,34011,6,,,1,24,,34012,6,,,1,32,,34013,6,,,1,63,,34014,6,,,1,26,,34015,6,,,1,66,,34016,6,,,1,25,,34017,6,,,1,20,,34018,6,,,1,66,,34019,6,,,1,580,,34020,6,,,1,25,,34021,6,,,1,25,,34022,6,,,1,67,,34023,6,,,1,24,,34024,6,,,1,69,,34025,6,,,1,23,,34026,6,,,1,65,,34027,6,,,1,23,,34028,6,,,1
