9601,'1',526,,31339,64,,,1,31,,31340,64,,,1,69,,31341,64,,,1,30,,31342,64,,,1,81,,31343,64,,,1,76,,31344,64,,,1,38,,31345,64,,,1,68,,31346,64,,,1,33,,31347,64,,,1,71,,31348,64,,,1,79,,31349,64,,,1,37,,31350,60,,,1,83,,31351,60,,,1,35,,31352,60,,,1,72,,31353,60,,,1,86,,31354,60,,,1,42,,31355,60,,,1,61,,31374,60,,,1,18,,31356,60,,,1,71,,31357,60,,,1,27,,31358,60,,,1,71,,31359,64,,,1,27,,31360,64,,,1,26,,31361,64,,,1,63,,31362,64,,,1,17,,31363,64,,,1,65,,31364,64,,,1,25,,31365,64,,,1,25,,31366,64,,,1,61,,31367,60,,,1,25,,31368,60,,,1,67,,31369,60,,,1,30,,31370,60,,,1,70,,31371,60,,,1,30,,31372,60,,,1,64,,31373,60,,,1
9601,'2',852,,31375,60,,,1,99,,31376,60,,,1,101,,31377,60,,,1,99,,31378,60,,,1,99,,31379,60,,,1,97,,31380,60,,,1,99,,31381,60,,,1,99,,31382,60,,,1,99,,31383,60,,,1,99,,31384,60,,,1,88,,31385,60,,,1,90,,31386,60,,,1,97,,31387,60,,,1
9601,'3',951,,31388,60,,,1,94,,31389,60,,,1,94,,31390,60,,,1,94,,31391,60,,,1,94,,31392,60,,,1,94,,31393,60,,,1,96,,31394,60,,,1,94,,31395,60,,,1,89,,31396,60,,,1,54,,31397,60,,,1,92,,31398,60,,,1,94,,31399,60,,,1
9601,'74',852,,31400,60,,,1,99,,31401,60,,,1,101,,31402,60,,,1,99,,31403,60,,,1,99,,31404,60,,,1,97,,31405,60,,,1,99,,31406,60,,,1,99,,31407,60,,,1,99,,31408,60,,,1,99,,31409,60,,,1,88,,31410,60,,,1,90,,31411,60,,,1,97,,31412,60,,,1
9601,'80',951,,31413,60,,,1,94,,31414,60,,,1,94,,31415,60,,,1,94,,31416,60,,,1,94,,31417,60,,,1,94,,31418,60,,,1,96,,31419,60,,,1,94,,31420,60,,,1,89,,31421,60,,,1,54,,31422,60,,,1,92,,31423,60,,,1,94,,31424,60,,,1
10701,'1',521,,32420,7,,,1,24,,32419,7,,,1,65,,32418,7,,,1,24,,32417,7,,,1,24,,32416,7,,,1,57,,32415,7,,,1,20,,32414,7,,,1,12,,32413,7,,,1,61,,32412,7,,,1,16,,32411,7,,,1,16,,32410,7,,,1,10,,32409,7,,,1,86,,32398,7,,,1,80,,32405,7,,,1,42,,32404,7,,,1,82,,32403,7,,,1,82,,32402,7,,,1,86,,32401,7,,,1,42,,32400,7,,,1,68,,32408,7,,,1,14,,32399,7,,,1,23,,32397,7,,,1,58,,32396,7,,,1,18,,32395,7,,,1,18,,32394,7,,,1,62,,32393,7,,,1,18,,32392,7,,,1,18,,32391,7,,,1,64,,32390,7,,,1,18,,32389,7,,,1,18,,32388,7,,,1,55,,32387,7,,,1,17,,32386,7,,,1,18,,32434,7,,,1,66,,32433,7,,,1,18,,32421,7,,,1,38,,32435,7,,,1,81,,32432,7,,,1,77,,32431,7,,,1,38,,32430,7,,,1,73,,32429,7,,,1,74,,32428,7,,,1,34,,32427,7,,,1,74,,32426,7,,,1,34,,32425,7,,,1,74,,32424,7,,,1,34,,32423,7,,,1,74,,32422,7,,,1
10701,'2',655,,32463,7,,,1,79,,32464,7,,,1,77,,32465,7,,,1,37,,32466,7,,,1,77,,32467,7,,,1,77,,32468,7,,,1,37,,32469,7,,,1,77,,32470,7,,,1,37,,32471,7,,,1,77,,32472,7,,,1,76,,32440,7,,,1,37,,32441,7,,,1,77,,32443,7,,,1,37,,32444,7,,,1,77,,32445,7,,,1,77,,32446,7,,,1,35,,32447,7,,,1,77,,32448,7,,,1,77,,32449,7,,,1,37,,32450,7,,,1,77,,32451,7,,,1,37,,32452,7,,,1,77,,32453,7,,,1,77,,32454,7,,,1,37,,32455,7,,,1,77,,32442,7,,,1,37,,32456,7,,,1,77,,32457,7,,,1,77,,32458,7,,,1,37,,32459,7,,,1,76,,32439,7,,,1,35,,32460,7,,,1
10701,'3',735,,32485,7,,,1,77,,32486,7,,,1,34,,32487,7,,,1,77,,32488,7,,,1,78,,32489,7,,,1,37,,32490,7,,,1,77,,32484,7,,,1,37,,32491,7,,,1,77,,32492,7,,,1,77,,32493,7,,,1,37,,32494,7,,,1,77,,32495,7,,,1,35,,32496,7,,,1,77,,32497,7,,,1,77,,32498,7,,,1,37,,32500,7,,,1,77,,32501,7,,,1,77,,32499,7,,,1,37,,32481,7,,,1,77,,32502,7,,,1,37,,32503,7,,,1,77,,32504,7,,,1,77,,32505,7,,,1,37,,32473,7,,,1,77,,32474,7,,,1,37,,32475,7,,,1,77,,32476,7,,,1,77,,32477,7,,,1,36,,32478,7,,,1,77,,32479,7,,,1,77,,32480,7,,,1
10701,'74',655,,32530,7,,,1,79,,32531,7,,,1,77,,32532,7,,,1,37,,32533,7,,,1,77,,32534,7,,,1,77,,32535,7,,,1,37,,32536,7,,,1,77,,32537,7,,,1,37,,32538,7,,,1,77,,32539,7,,,1,76,,32507,7,,,1,37,,32508,7,,,1,77,,32510,7,,,1,37,,32511,7,,,1,77,,32512,7,,,1,77,,32513,7,,,1,35,,32514,7,,,1,77,,32515,7,,,1,77,,32516,7,,,1,37,,32517,7,,,1,77,,32518,7,,,1,37,,32519,7,,,1,77,,32520,7,,,1,77,,32521,7,,,1,37,,32522,7,,,1,77,,32509,7,,,1,37,,32523,7,,,1,77,,32524,7,,,1,77,,32525,7,,,1,37,,32526,7,,,1,76,,32506,7,,,1,35,,32527,7,,,1
10701,'80',735,,32552,7,,,1,77,,32553,7,,,1,34,,32554,7,,,1,77,,32555,7,,,1,78,,32556,7,,,1,37,,32557,7,,,1,77,,32551,7,,,1,37,,32558,7,,,1,77,,32559,7,,,1,77,,32560,7,,,1,37,,32561,7,,,1,77,,32562,7,,,1,35,,32563,7,,,1,77,,32564,7,,,1,77,,32565,7,,,1,37,,32567,7,,,1,77,,32568,7,,,1,77,,32566,7,,,1,37,,32548,7,,,1,77,,32569,7,,,1,37,,32570,7,,,1,77,,32571,7,,,1,77,,32572,7,,,1,37,,32540,7,,,1,77,,32541,7,,,1,37,,32542,7,,,1,77,,32543,7,,,1,77,,32544,7,,,1,36,,32545,7,,,1,77,,32546,7,,,1,77,,32547,7,,,1
46201,'35294.1',1554,,34037,23,,,1,5,,34038,23,,,1
