9601,'1',530,,18590,70,,,1,72,,18591,70,,,1,29,,18592,70,,,1,70,,18593,70,,,1,42,,18594,70,,,1,76,,18595,70,,,1,38,,18596,70,,,1,67,,18597,70,,,1,32,,18598,70,,,1,71,,18599,70,,,1,79,,18600,70,,,1,38,,18601,66,,,1,83,,18602,66,,,1,75,,18603,66,,,1,32,,18604,66,,,1,86,,18605,66,,,1,82,,18606,66,,,1,21,,18625,66,,,1,18,,18607,66,,,1,71,,18608,66,,,1,27,,18609,66,,,1,71,,18610,70,,,1,27,,18611,70,,,1,65,,18612,70,,,1,23,,18613,70,,,1,17,,18614,70,,,1,65,,18615,70,,,1,25,,18616,70,,,1,25,,18617,70,,,1,61,,18618,66,,,1,25,,18619,66,,,1,67,,18620,66,,,1,30,,18621,66,,,1,70,,18622,66,,,1,30,,18623,66,,,1,64,,18624,66,,,1
9601,'2',856,,18626,66,,,1,99,,18627,66,,,1,101,,18628,66,,,1,99,,18629,66,,,1,99,,18630,66,,,1,97,,18631,66,,,1,99,,18632,66,,,1,99,,18633,66,,,1,99,,18634,66,,,1,99,,18635,66,,,1,88,,18636,66,,,1,90,,18637,66,,,1,97,,18638,66,,,1
9601,'3',955,,18639,66,,,1,94,,18640,66,,,1,94,,18641,66,,,1,94,,18642,66,,,1,94,,18643,66,,,1,94,,18644,66,,,1,96,,18645,66,,,1,94,,18646,66,,,1,89,,18647,66,,,1,54,,18648,66,,,1,92,,18649,66,,,1,94,,18650,66,,,1
9601,'80',955,,18651,66,,,1,94,,18652,66,,,1,94,,18653,66,,,1,94,,18654,66,,,1,94,,18655,66,,,1,94,,18656,66,,,1,96,,18657,66,,,1,94,,18658,66,,,1,89,,18659,66,,,1,54,,18660,66,,,1,92,,18661,66,,,1,94,,18662,66,,,1
10701,'1',524,,19485,13,,,1,24,,19484,13,,,1,67,,19483,13,,,1,24,,19482,13,,,1,64,,19481,13,,,1,17,,19480,13,,,1,20,,19479,13,,,1,12,,19478,13,,,1,61,,19477,13,,,1,16,,19476,13,,,1,16,,19475,13,,,1,10,,19474,13,,,1,85,,19462,13,,,1,80,,19469,13,,,1,82,,19468,13,,,1,42,,19467,13,,,1,82,,19466,13,,,1,87,,19465,13,,,1,42,,19464,13,,,1,68,,19473,13,,,1,14,,19463,13,,,1,63,,19461,13,,,1,18,,19460,13,,,1,18,,19459,13,,,1,18,,19458,13,,,1,62,,19457,13,,,1,18,,19456,13,,,1,18,,19455,13,,,1,63,,19454,13,,,1,18,,19453,13,,,1,18,,19452,13,,,1,55,,19451,13,,,1,17,,19450,13,,,1,18,,19449,13,,,1,66,,19498,13,,,1,18,,19486,13,,,1,78,,19499,13,,,1,41,,19497,13,,,1,76,,19496,13,,,1,38,,19495,13,,,1,73,,19494,13,,,1,74,,19493,13,,,1,34,,19492,13,,,1,74,,19491,13,,,1,34,,19490,13,,,1,74,,19489,13,,,1,34,,19488,13,,,1,74,,19487,13,,,1
10701,'2',659,,19526,13,,,1,79,,19527,13,,,1,77,,19528,13,,,1,37,,19529,13,,,1,77,,19530,13,,,1,77,,19531,13,,,1,37,,19532,13,,,1,77,,19533,13,,,1,37,,19534,13,,,1,77,,19535,13,,,1,76,,19503,13,,,1,37,,19504,13,,,1,76,,19506,13,,,1,77,,19507,13,,,1,37,,19508,13,,,1,77,,19509,13,,,1,35,,19510,13,,,1,77,,19511,13,,,1,77,,19512,13,,,1,37,,19513,13,,,1,77,,19514,13,,,1,37,,19515,13,,,1,77,,19516,13,,,1,77,,19517,13,,,1,37,,19518,13,,,1,77,,19505,13,,,1,37,,19519,13,,,1,77,,19520,13,,,1,77,,19521,13,,,1,37,,19522,13,,,1,76,,19502,13,,,1,75,,19523,13,,,1
10701,'3',738,,19548,13,,,1,77,,19549,13,,,1,34,,19550,13,,,1,77,,19551,13,,,1,78,,19552,13,,,1,37,,19553,13,,,1,77,,19547,13,,,1,37,,19554,13,,,1,77,,19555,13,,,1,77,,19556,13,,,1,37,,19557,13,,,1,77,,19558,13,,,1,35,,19559,13,,,1,77,,19560,13,,,1,77,,19561,13,,,1,37,,19563,13,,,1,77,,19564,13,,,1,77,,19562,13,,,1,37,,19544,13,,,1,77,,19565,13,,,1,37,,19566,13,,,1,77,,19567,13,,,1,77,,19568,13,,,1,37,,19536,13,,,1,77,,19537,13,,,1,37,,19538,13,,,1,77,,19539,13,,,1,77,,19540,13,,,1,36,,19541,13,,,1,77,,19542,13,,,1,77,,19543,13,,,1
10701,'80',738,,19569,13,,,1,77,,19570,13,,,1,34,,19571,13,,,1,77,,19572,13,,,1,78,,19585,13,,,1,37,,19586,13,,,1,77,,19584,13,,,1,37,,19587,13,,,1,77,,19588,13,,,1,77,,19589,13,,,1,37,,19590,13,,,1,77,,19591,13,,,1,35,,19592,13,,,1,77,,19593,13,,,1,77,,19594,13,,,1,37,,19596,13,,,1,77,,19597,13,,,1,77,,19595,13,,,1,37,,19581,13,,,1,77,,19598,13,,,1,37,,19599,13,,,1,77,,19600,13,,,1,77,,19601,13,,,1,37,,19573,13,,,1,77,,19574,13,,,1,37,,19575,13,,,1,77,,19576,13,,,1,77,,19577,13,,,1,36,,19578,13,,,1,77,,19579,13,,,1,77,,19580,13,,,1
46201,'24610.1',1605,,20747,32,,,1,5,,20748,32,,,1
46500,'24611.1',749,,20753,1,,,1
