9901,'1',408,,31722,15,,,1,41,,31723,15,,,1,80,,31724,15,,,1,80,,31725,15,,,1,38,,31726,15,,,1,75,,31727,15,,,1,29,,31728,15,,,1,83,,31729,15,,,1,75,,31730,15,,,1,35,,31731,15,,,1,94,,31732,15,,,1,97,,31733,15,,,1,94,,31734,15,,,1,94,,31735,15,,,1,100,,31736,15,,,1,25,,31737,15,,,1,70,,31738,15,,,1,30,,31739,15,,,1,70,,31740,15,,,1,30,,31741,15,,,1,70,,31742,15,,,1,30,,31743,15,,,1,69,,31744,15,,,1,30,,31745,15,,,1,67,,31746,15,,,1,30,,31747,15,,,1,70,,31748,15,,,1,25,,31749,15,,,1,72,,31750,15,,,1,45,,31751,15,,,1
9901,'2',529,,31752,15,,,1,77,,31753,15,,,1,37,,31754,15,,,1,77,,31755,15,,,1,87,,31756,15,,,1,50,,31757,15,,,1,88,,31758,15,,,1,87,,31759,15,,,1,100,,31760,15,,,1,97,,31761,15,,,1,95,,31762,15,,,1,95,,31763,15,,,1,95,,31764,15,,,1,95,,31765,15,,,1,92,,31766,15,,,1,54,,31767,15,,,1,95,,31768,15,,,1,93,,31769,15,,,1,85,,31770,15,,,1,85,,31771,15,,,1
9901,'3',534,,31772,15,,,1,79,,31773,15,,,1,38,,31774,15,,,1,78,,31775,15,,,1,78,,31776,15,,,1,52,,31777,15,,,1,89,,31778,15,,,1,89,,31779,15,,,1,89,,31780,15,,,1,91,,31781,15,,,1,89,,31782,15,,,1,49,,31783,15,,,1,89,,31784,15,,,1,89,,31785,15,,,1,89,,31786,15,,,1,89,,31787,15,,,1,46,,31788,15,,,1,89,,31789,15,,,1,89,,31790,15,,,1,87,,31791,15,,,1,89,,31792,15,,,1,39,,31793,15,,,1
9901,'74',529,,31794,15,,,1,77,,31795,15,,,1,37,,31796,15,,,1,77,,31797,15,,,1,87,,31798,15,,,1,50,,31799,15,,,1,88,,31800,15,,,1,87,,31801,15,,,1,100,,31802,15,,,1,97,,31803,15,,,1,95,,31804,15,,,1,95,,31805,15,,,1,95,,31806,15,,,1,95,,31807,15,,,1,92,,31808,15,,,1,54,,31809,15,,,1,95,,31810,15,,,1,93,,31811,15,,,1,85,,31812,15,,,1,85,,31813,15,,,1
9901,'80',534,,31814,15,,,1,79,,31815,15,,,1,38,,31816,15,,,1,78,,31817,15,,,1,78,,31818,15,,,1,52,,31819,15,,,1,89,,31820,15,,,1,89,,31821,15,,,1,89,,31822,15,,,1,91,,31823,15,,,1,89,,31824,15,,,1,49,,31825,15,,,1,89,,31826,15,,,1,89,,31827,15,,,1,89,,31828,15,,,1,89,,31829,15,,,1,46,,31830,15,,,1,89,,31831,15,,,1,89,,31832,15,,,1,87,,31833,15,,,1,89,,31834,15,,,1,39,,31835,15,,,1
989901,'1',2232,,36877,70,,,1,71,,36878,70,,,1,38,,36879,70,,,1,75,,36880,70,,,1,35,,36881,70,,,1,70,,36882,70,,,1,35,,36883,70,,,1,75,,36884,70,,,1
989901,'2',2240,,36885,70,,,1,88,,36886,70,,,1,82,,36887,70,,,1,91,,36890,70,,,1,45,,36888,70,,,1,86,,36889,70,,,1
989901,'3',2250,,36891,70,,,1,87,,36892,70,,,1,83,,36893,70,,,1,87,,36894,70,,,1,39,,36895,70,,,1,83,,36896,70,,,1
989901,'74',2240,,36897,70,,,1,88,,36898,70,,,1,82,,36899,70,,,1,91,,36902,70,,,1,45,,36900,70,,,1,86,,36901,70,,,1
989901,'80',2250,,36903,70,,,1,87,,36904,70,,,1,83,,36905,70,,,1,87,,36906,70,,,1,39,,36907,70,,,1,83,,36908,70,,,1
