9601,'1',454,,31339,24,,,1,68,,31340,24,,,1,29,,31341,24,,,1,70,,31342,24,,,1,37,,31343,24,,,1,74,,31344,24,,,1,78,,31345,24,,,1,32,,31346,24,,,1,74,,31347,24,,,1,32,,31348,24,,,1,79,,31349,24,,,1,80,,31350,24,,,1,43,,31351,24,,,1,75,,31352,24,,,1,32,,31353,24,,,1,86,,31354,24,,,1,80,,31355,24,,,1,18,,31374,24,,,1,61,,31356,24,,,1,28,,31357,24,,,1,27,,31358,24,,,1,67,,31359,24,,,1,27,,31360,24,,,1,67,,31361,24,,,1,26,,31362,24,,,1,63,,31363,24,,,1,25,,31364,24,,,1,25,,31365,24,,,1,65,,31366,24,,,1,24,,31367,24,,,1,65,,31368,24,,,1,29,,31369,24,,,1,70,,31370,24,,,1,30,,31371,24,,,1,70,,31372,24,,,1,24,,31373,24,,,1
9601,'2',820,,31375,24,,,1,99,,31376,24,,,1,100,,31377,24,,,1,99,,31378,24,,,1,99,,31379,24,,,1,99,,31380,24,,,1,99,,31381,24,,,1,99,,31382,24,,,1,99,,31383,24,,,1,99,,31384,24,,,1,89,,31385,24,,,1,52,,31386,24,,,1,97,,31387,24,,,1
9601,'3',920,,31388,24,,,1,94,,31389,24,,,1,94,,31390,24,,,1,94,,31391,24,,,1,54,,31392,24,,,1,94,,31393,24,,,1,94,,31394,24,,,1,94,,31395,24,,,1,92,,31396,24,,,1,94,,31397,24,,,1,94,,31398,24,,,1,94,,31399,24,,,1
9601,'74',820,,31400,24,,,1,99,,31401,24,,,1,100,,31402,24,,,1,99,,31403,24,,,1,99,,31404,24,,,1,99,,31405,24,,,1,99,,31406,24,,,1,99,,31407,24,,,1,99,,31408,24,,,1,99,,31409,24,,,1,89,,31410,24,,,1,52,,31411,24,,,1,97,,31412,24,,,1
9601,'80',920,,31413,24,,,1,94,,31414,24,,,1,94,,31415,24,,,1,94,,31416,24,,,1,54,,31417,24,,,1,94,,31418,24,,,1,94,,31419,24,,,1,94,,31420,24,,,1,92,,31421,24,,,1,94,,31422,24,,,1,94,,31423,24,,,1,94,,31424,24,,,1
9801,'1',531,,31521,33,,,1,75,,31520,33,,,1,36,,31519,33,,,1,75,,31518,33,,,1,36,,31517,33,,,1,75,,31516,33,,,1,75,,31515,33,,,1,35,,31514,33,,,1,75,,31525,33,,,1,100,,31524,33,,,1,98,,31523,33,,,1,98,,31522,33,,,1,101,,31537,33,,,1,40,,31536,33,,,1,80,,31535,33,,,1,80,,31534,33,,,1,40,,31533,33,,,1,80,,31532,33,,,1,80,,31531,33,,,1,38,,31530,33,,,1,78,,31529,33,,,1,91,,31528,33,,,1,87,,31527,33,,,1,48,,31526,33,,,1
9801,'2',538,,31556,33,,,1,86,,31555,33,,,1,86,,31554,33,,,1,46,,31553,33,,,1,88,,31552,33,,,1,96,,31551,33,,,1,94,,31550,33,,,1,97,,31549,33,,,1,94,,31548,33,,,1,101,,31547,33,,,1,98,,31546,33,,,1,98,,31545,33,,,1,96,,31544,33,,,1,98,,31543,33,,,1,98,,31542,33,,,1,95,,31541,33,,,1,46,,31540,33,,,1,89,,31539,33,,,1,87,,31538,33,,,1
9801,'3',721,,31573,33,,,1,88,,31574,33,,,1,48,,31572,33,,,1,88,,31571,33,,,1,88,,31570,33,,,1,96,,31569,33,,,1,93,,31568,33,,,1,93,,31567,33,,,1,95,,31566,33,,,1,93,,31565,33,,,1,53,,31564,33,,,1,93,,31563,33,,,1,93,,31562,33,,,1,90,,31561,33,,,1,87,,31560,33,,,1,86,,31559,33,,,1,47,,31558,33,,,1,88,,31557,33,,,1
9801,'74',538,,31593,33,,,1,86,,31592,33,,,1,86,,31591,33,,,1,46,,31590,33,,,1,88,,31589,33,,,1,96,,31588,33,,,1,94,,31587,33,,,1,97,,31586,33,,,1,94,,31585,33,,,1,101,,31584,33,,,1,98,,31583,33,,,1,98,,31582,33,,,1,96,,31581,33,,,1,98,,31580,33,,,1,98,,31579,33,,,1,95,,31578,33,,,1,46,,31577,33,,,1,89,,31576,33,,,1,87,,31575,33,,,1
9801,'80',721,,31610,33,,,1,88,,31611,33,,,1,48,,31609,33,,,1,88,,31608,33,,,1,88,,31607,33,,,1,96,,31606,33,,,1,93,,31605,33,,,1,93,,31604,33,,,1,95,,31603,33,,,1,93,,31602,33,,,1,53,,31601,33,,,1,93,,31600,33,,,1,93,,31599,33,,,1,90,,31598,33,,,1,87,,31597,33,,,1,86,,31596,33,,,1,47,,31595,33,,,1,88,,31594,33,,,1
989901,'1',2211,,36877,33,,,1,31,,36878,33,,,1,78,,36879,33,,,1,36,,36880,33,,,1,75,,36881,33,,,1,71,,36882,33,,,1,35,,36883,33,,,1,75,,36884,33,,,1
989901,'2',2217,,36885,33,,,1,91,,36886,33,,,1,43,,36887,33,,,1,91,,36890,33,,,1,85,,36888,33,,,1,86,,36889,33,,,1
989901,'3',2229,,36891,33,,,1,88,,36892,33,,,1,83,,36893,33,,,1,49,,36894,33,,,1,79,,36895,33,,,1,83,,36896,33,,,1
989901,'74',2217,,36897,33,,,1,91,,36898,33,,,1,43,,36899,33,,,1,91,,36902,33,,,1,85,,36900,33,,,1,86,,36901,33,,,1
989901,'80',2229,,36903,33,,,1,88,,36904,33,,,1,83,,36905,33,,,1,49,,36906,33,,,1,79,,36907,33,,,1,83,,36908,33,,,1
