9600,'1',715,,18524,90,,,1,88,,18523,90,,,1,31,,18522,90,,,1,77,,18521,90,,,1,27,,18520,90,,,1,73,,18517,90,,,1,34,,18518,90,,,1,70,,18519,90,,,1,32,,18532,90,,,1,69,,18531,86,,,1,39,,18525,86,,,1,79,,18526,86,,,1,79,,18527,86,,,1,87,,18528,86,,,1,25,,18529,86,,,1,90,,18530,90,,,1,43,,18538,90,,,1,67,,18537,90,,,1,32,,18536,90,,,1,61,,18533,90,,,1,27,,18534,90,,,1,61,,18535,90,,,1,27,,18541,90,,,1,19,,18542,90,,,1,51,,18552,90,,,1,11,,18540,90,,,1,25,,18539,90,,,1,70,,18549,86,,,1,30,,18548,86,,,1,15,,18551,86,,,1,52,,18543,86,,,1,30,,18544,86,,,1,68,,18545,86,,,1,28,,18546,86,,,1,70,,18547,86,,,1,17,,18550,86,,,1
9600,'2',1036,,18553,86,,,1,103,,18554,86,,,1,99,,18555,86,,,1,96,,18556,86,,,1,99,,18557,86,,,1,99,,18558,86,,,1,97,,18559,86,,,1,99,,18560,86,,,1,94,,18561,86,,,1,97,,18562,86,,,1,87,,18563,86,,,1,41,,18564,86,,,1,97,,18565,86,,,1
9600,'3',1127,,18566,86,,,1,94,,18567,86,,,1,94,,18568,86,,,1,94,,18569,86,,,1,94,,18570,86,,,1,54,,18571,86,,,1,94,,18572,86,,,1,94,,18573,86,,,1,91,,18574,86,,,1,94,,18575,86,,,1,94,,18576,86,,,1,89,,18577,86,,,1
9600,'80',1127,,18578,86,,,1,94,,18579,86,,,1,94,,18580,86,,,1,94,,18581,86,,,1,94,,18582,86,,,1,54,,18583,86,,,1,94,,18584,86,,,1,94,,18585,86,,,1,91,,18586,86,,,1,94,,18587,86,,,1,94,,18588,86,,,1,89,,18589,86,,,1
9800,'1',631,,18683,42,,,1,75,,18682,42,,,1,34,,18681,42,,,1,75,,18680,42,,,1,35,,18679,42,,,1,75,,18678,42,,,1,98,,18674,42,,,1,98,,18671,42,,,1,96,,18676,42,,,1,98,,18675,42,,,1,40,,18663,42,,,1,79,,18673,42,,,1,80,,18672,42,,,1,40,,18670,42,,,1,80,,18669,42,,,1,80,,18668,42,,,1,44,,18667,42,,,1,80,,18666,42,,,1,92,,18665,42,,,1,91,,18664,42,,,1,88,,18677,42,,,1
9800,'2',629,,18701,42,,,1,86,,18700,42,,,1,85,,18699,42,,,1,54,,18698,42,,,1,93,,18697,42,,,1,92,,18696,42,,,1,94,,18695,42,,,1,98,,18694,42,,,1,98,,18693,42,,,1,97,,18692,42,,,1,98,,18691,42,,,1,98,,18690,42,,,1,99,,18689,42,,,1,100,,18688,42,,,1,89,,18687,42,,,1,92,,18686,42,,,1,49,,18685,42,,,1,85,,18684,42,,,1
9800,'3',813,,18717,42,,,1,88,,18716,42,,,1,48,,18715,42,,,1,93,,18714,42,,,1,93,,18713,42,,,1,90,,18712,42,,,1,93,,18711,42,,,1,93,,18710,42,,,1,93,,18709,42,,,1,53,,18708,42,,,1,93,,18707,42,,,1,96,,18706,42,,,1,88,,18705,42,,,1,90,,18704,42,,,1,87,,18703,42,,,1,48,,18702,42,,,1
9800,'80',813,,18733,42,,,1,88,,18732,42,,,1,48,,18731,42,,,1,93,,18730,42,,,1,93,,18729,42,,,1,90,,18728,42,,,1,93,,18727,42,,,1,93,,18726,42,,,1,93,,18725,42,,,1,53,,18724,42,,,1,93,,18723,42,,,1,96,,18722,42,,,1,88,,18721,42,,,1,90,,18720,42,,,1,87,,18719,42,,,1,48,,18718,42,,,1
989900,'1',2134,,22653,85,,,1,73,,22654,85,,,1,38,,22655,85,,,1,78,,22656,85,,,1,35,,22657,85,,,1,72,,22658,85,,,1,75,,22659,85,,,1,35,,22660,85,,,1,74,,22661,85,0,5 6,1,35,,22662,85,0,5 6,1,79,,22663,85,0,5 6,1
989900,'2',2139,,22664,85,,,1,94,,22665,85,,,1,85,,22666,85,,,1,91,,22667,85,,,1,46,,22668,85,,,1,86,,22669,85,,,1,82,,22670,85,0,5 6,1,86,,22671,85,0,5 6,1,46,,22672,85,0,5 6,1
989900,'3',2153,,22673,85,,,1,90,,22674,85,,,1,85,,22675,85,,,1,90,,22676,85,,,1,40,,22677,85,,,1,83,,22678,85,,,1,78,,22679,85,0,5 6,1,83,,22680,85,0,5 6,1,43,,22681,85,0,5 6,1
989900,'80',2153,,22682,85,,,1,90,,22683,85,,,1,85,,22684,85,,,1,90,,22685,85,,,1,40,,22686,85,,,1,83,,22687,85,,,1,78,,22688,85,0,5 6,1,83,,22689,85,0,5 6,1,43,,22690,85,0,5 6,1
