9601,'1',526,,31339,65,,,1,31,,31340,65,,,1,69,,31341,65,,,1,30,,31342,65,,,1,82,,31343,65,,,1,76,,31344,65,,,1,38,,31345,65,,,1,67,,31346,65,,,1,33,,31347,65,,,1,71,,31348,65,,,1,79,,31349,65,,,1,38,,31350,61,,,1,83,,31351,61,,,1,35,,31352,61,,,1,72,,31353,61,,,1,86,,31354,61,,,1,42,,31355,61,,,1,61,,31374,61,,,1,18,,31356,61,,,1,71,,31357,61,,,1,27,,31358,61,,,1,70,,31359,65,,,1,27,,31360,65,,,1,26,,31361,65,,,1,63,,31362,65,,,1,18,,31363,65,,,1,65,,31364,65,,,1,25,,31365,65,,,1,25,,31366,65,,,1,61,,31367,61,,,1,25,,31368,61,,,1,67,,31369,61,,,1,30,,31370,61,,,1,70,,31371,61,,,1,30,,31372,61,,,1,64,,31373,61,,,1
9601,'2',853,,31375,61,,,1,99,,31376,61,,,1,101,,31377,61,,,1,99,,31378,61,,,1,99,,31379,61,,,1,97,,31380,61,,,1,99,,31381,61,,,1,99,,31382,61,,,1,99,,31383,61,,,1,99,,31384,61,,,1,88,,31385,61,,,1,90,,31386,61,,,1,97,,31387,61,,,1
9601,'3',952,,31388,61,,,1,94,,31389,61,,,1,94,,31390,61,,,1,94,,31391,61,,,1,94,,31392,61,,,1,94,,31393,61,,,1,96,,31394,61,,,1,94,,31395,61,,,1,89,,31396,61,,,1,54,,31397,61,,,1,92,,31398,61,,,1,94,,31399,61,,,1
9601,'74',853,,31400,61,,,1,99,,31401,61,,,1,101,,31402,61,,,1,99,,31403,61,,,1,99,,31404,61,,,1,97,,31405,61,,,1,99,,31406,61,,,1,99,,31407,61,,,1,99,,31408,61,,,1,99,,31409,61,,,1,88,,31410,61,,,1,90,,31411,61,,,1,97,,31412,61,,,1
9601,'80',952,,31413,61,,,1,94,,31414,61,,,1,94,,31415,61,,,1,94,,31416,61,,,1,94,,31417,61,,,1,94,,31418,61,,,1,96,,31419,61,,,1,94,,31420,61,,,1,89,,31421,61,,,1,54,,31422,61,,,1,92,,31423,61,,,1,94,,31424,61,,,1
10701,'1',521,,32420,8,,,1,24,,32419,8,,,1,66,,32418,8,,,1,24,,32417,8,,,1,24,,32416,8,,,1,57,,32415,8,,,1,20,,32414,8,,,1,12,,32413,8,,,1,60,,32412,8,,,1,16,,32411,8,,,1,16,,32410,8,,,1,10,,32409,8,,,1,86,,32398,8,,,1,80,,32405,8,,,1,42,,32404,8,,,1,82,,32403,8,,,1,82,,32402,8,,,1,87,,32401,8,,,1,42,,32400,8,,,1,68,,32408,8,,,1,14,,32399,8,,,1,23,,32397,8,,,1,58,,32396,8,,,1,18,,32395,8,,,1,18,,32394,8,,,1,62,,32393,8,,,1,18,,32392,8,,,1,18,,32391,8,,,1,63,,32390,8,,,1,18,,32389,8,,,1,18,,32388,8,,,1,55,,32387,8,,,1,18,,32386,8,,,1,18,,32434,8,,,1,66,,32433,8,,,1,18,,32421,8,,,1,78,,32435,8,,,1,41,,32432,8,,,1,76,,32431,8,,,1,38,,32430,8,,,1,73,,32429,8,,,1,74,,32428,8,,,1,34,,32427,8,,,1,74,,32426,8,,,1,34,,32425,8,,,1,74,,32424,8,,,1,34,,32423,8,,,1,74,,32422,8,,,1
10701,'2',656,,32463,8,,,1,79,,32464,8,,,1,77,,32465,8,,,1,37,,32466,8,,,1,77,,32467,8,,,1,77,,32468,8,,,1,37,,32469,8,,,1,77,,32470,8,,,1,37,,32471,8,,,1,77,,32472,8,,,1,76,,32440,8,,,1,37,,32441,8,,,1,76,,32443,8,,,1,37,,32444,8,,,1,77,,32445,8,,,1,77,,32446,8,,,1,35,,32447,8,,,1,77,,32448,8,,,1,77,,32449,8,,,1,37,,32450,8,,,1,77,,32451,8,,,1,37,,32452,8,,,1,77,,32453,8,,,1,77,,32454,8,,,1,37,,32455,8,,,1,77,,32442,8,,,1,37,,32456,8,,,1,77,,32457,8,,,1,77,,32458,8,,,1,37,,32459,8,,,1,77,,32439,8,,,1,35,,32460,8,,,1
10701,'3',735,,32485,8,,,1,77,,32486,8,,,1,34,,32487,8,,,1,77,,32488,8,,,1,78,,32489,8,,,1,37,,32490,8,,,1,77,,32484,8,,,1,37,,32491,8,,,1,77,,32492,8,,,1,77,,32493,8,,,1,37,,32494,8,,,1,77,,32495,8,,,1,35,,32496,8,,,1,77,,32497,8,,,1,77,,32498,8,,,1,37,,32500,8,,,1,77,,32501,8,,,1,77,,32499,8,,,1,37,,32481,8,,,1,77,,32502,8,,,1,37,,32503,8,,,1,77,,32504,8,,,1,77,,32505,8,,,1,37,,32473,8,,,1,77,,32474,8,,,1,37,,32475,8,,,1,77,,32476,8,,,1,77,,32477,8,,,1,37,,32478,8,,,1,77,,32479,8,,,1,77,,32480,8,,,1
10701,'74',656,,32530,8,,,1,79,,32531,8,,,1,77,,32532,8,,,1,37,,32533,8,,,1,77,,32534,8,,,1,77,,32535,8,,,1,37,,32536,8,,,1,77,,32537,8,,,1,37,,32538,8,,,1,77,,32539,8,,,1,76,,32507,8,,,1,37,,32508,8,,,1,76,,32510,8,,,1,37,,32511,8,,,1,77,,32512,8,,,1,77,,32513,8,,,1,35,,32514,8,,,1,77,,32515,8,,,1,77,,32516,8,,,1,37,,32517,8,,,1,77,,32518,8,,,1,37,,32519,8,,,1,77,,32520,8,,,1,77,,32521,8,,,1,37,,32522,8,,,1,77,,32509,8,,,1,37,,32523,8,,,1,77,,32524,8,,,1,77,,32525,8,,,1,37,,32526,8,,,1,77,,32506,8,,,1,35,,32527,8,,,1
10701,'80',735,,32552,8,,,1,77,,32553,8,,,1,34,,32554,8,,,1,77,,32555,8,,,1,78,,32556,8,,,1,37,,32557,8,,,1,77,,32551,8,,,1,37,,32558,8,,,1,77,,32559,8,,,1,77,,32560,8,,,1,37,,32561,8,,,1,77,,32562,8,,,1,35,,32563,8,,,1,77,,32564,8,,,1,77,,32565,8,,,1,37,,32567,8,,,1,77,,32568,8,,,1,77,,32566,8,,,1,37,,32548,8,,,1,77,,32569,8,,,1,37,,32570,8,,,1,77,,32571,8,,,1,77,,32572,8,,,1,37,,32540,8,,,1,77,,32541,8,,,1,37,,32542,8,,,1,77,,32543,8,,,1,77,,32544,8,,,1,37,,32545,8,,,1,77,,32546,8,,,1,77,,32547,8,,,1
