901,'1',651,,26167,51,,,1,69,,26160,51,,,1,35,,26161,51,,,1,73,,26162,51,,,1,73,,26163,51,,,1,33,,26164,51,,,1,73,,26165,51,,,1,33,,26166,51,,,1,70,,26174,51,,,1,44,,26168,51,,,1,84,,26169,51,,,1,84,,26170,51,,,1,86,,26171,51,,,1,44,,26172,51,,,1,102,,26173,51,,,1,82,,26175,51,,,1,73,,26176,51,,,1,33,,26177,51,,,1,76,,26178,51,,,1,87,,26179,51,,,1,31,,26180,51,,,1,78,,26181,51,,,1,38,,26182,51,,,1,71,,26183,51,,,1
901,'2',748,,26184,51,,,1,79,,26185,51,,,1,79,,26186,51,,,1,39,,26187,51,,,1,79,,26188,51,,,1,79,,26189,51,,,1,39,,26190,51,,,1,79,,26191,51,,,1,84,,26192,51,,,1,41,,26193,51,,,1,81,,26194,51,,,1,81,,26195,51,,,1,41,,26196,51,,,1,81,,26197,51,,,1,84,,26198,51,,,1,42,,26199,51,,,1,80,,26200,51,,,1,82,,26201,51,,,1,82,,26202,51,,,1,42,,26203,51,,,1,82,,26204,51,,,1,82,,26205,51,,,1
901,'3',852,,26206,51,,,1,81,,26207,51,,,1,81,,26208,51,,,1,41,,26209,51,,,1,81,,26210,51,,,1,81,,26211,51,,,1,41,,26212,51,,,1,83,,26213,51,,,1,81,,26214,51,,,1,81,,26215,51,,,1,41,,26216,51,,,1,81,,26217,51,,,1,80,,26218,51,,,1,41,,26219,51,,,1,81,,26220,51,,,1,80,,26221,51,,,1,38,,26222,51,,,1,80,,26223,51,,,1
901,'74',748,,26224,51,,,1,79,,26225,51,,,1,79,,26226,51,,,1,39,,26227,51,,,1,79,,26228,51,,,1,79,,26229,51,,,1,39,,26230,51,,,1,79,,26231,51,,,1,84,,26232,51,,,1,41,,26233,51,,,1,81,,26234,51,,,1,81,,26235,51,,,1,41,,26236,51,,,1,81,,26237,51,,,1,84,,26238,51,,,1,42,,26239,51,,,1,80,,26240,51,,,1,82,,26241,51,,,1,82,,26242,51,,,1,42,,26243,51,,,1,82,,26244,51,,,1,82,,26245,51,,,1
901,'80',852,,26246,51,,,1,81,,26247,51,,,1,81,,26248,51,,,1,41,,26249,51,,,1,81,,26250,51,,,1,81,,26251,51,,,1,41,,26252,51,,,1,83,,26253,51,,,1,81,,26254,51,,,1,81,,26255,51,,,1,41,,26256,51,,,1,81,,26257,51,,,1,80,,26258,51,,,1,41,,26259,51,,,1,81,,26260,51,,,1,80,,26261,51,,,1,38,,26262,51,,,1,80,,26263,51,,,1
1600,'1',538,,26485,28,,,1,62,,26486,28,,,1,10,,26443,49,,,1,22,,26444,49,,,1,26,,26445,49,,,1,62,,26446,49,,,1,26,,26447,49,,,1,62,,26448,49,,,1,18,,26449,49,,,1,26,,26450,49,,,1,62,,26451,49,,,1,22,,26452,49,,,1,68,,26453,49,,,1,30,,26454,49,,,1,75,,26455,49,,,1,27,,26456,49,,,1,71,,26457,49,,,1,31,,26458,49,,,1,71,,26459,49,,,1,31,,26460,49,,,1,71,,26461,49,,,1,23,,26487,28,,,1,12,,26462,49,,,1,65,,26463,49,,,1,23,,26464,49,,,1,23,,26465,49,,,1,63,,26466,49,,,1,23,,26467,49,,,1,68,,26468,49,,,1,23,,26469,49,,,1,23,,26470,49,,,1,63,,26471,49,,,1,23,,26472,49,,,1,58,,26473,49,,,1,17,,26474,49,,,1,23,,26475,49,,,1,63,,26476,49,,,1,23,,26477,49,,,1,23,,26478,49,,,1,57,,26479,49,,,1,34,,26480,49,,,1,74,,26481,49,,,1,34,,26482,49,,,1,71,,26483,49,,,1,34,,26484,49,,,1,74,,26488,49,,,1
1600,'2',645,,26514,28,,,1,73,,26489,49,,,1,38,,26490,49,,,1,82,,26491,49,,,1,78,,26492,49,,,1,38,,26493,49,,,1,78,,26494,49,,,1,78,,26495,49,,,1,39,,26496,49,,,1,78,,26497,49,,,1,78,,26498,49,,,1,44,,26499,49,,,1,81,,26500,49,,,1,83,,26501,49,,,1,41,,26502,49,,,1,78,,26503,49,,,1,81,,26504,49,,,1,41,,26505,49,,,1,81,,26506,49,,,1,81,,26507,49,,,1,31,,26508,49,,,1,76,,26509,49,,,1,79,,26510,49,,,1,33,,26511,49,,,1,73,,26512,49,,,1,37,,26513,49,,,1,75,,26515,49,,,1,36,,26516,49,,,1
1600,'3',726,,26532,28,,,1,95,,26533,28,,,1,91,,26517,49,,,1,97,,26518,49,,,1,95,,26519,49,,,1,55,,26520,49,,,1,97,,26521,49,,,1,99,,26526,49,,,1,96,,26522,49,,,1,98,,26523,49,,,1,98,,26524,49,,,1,96,,26525,49,,,1,92,,26531,49,,,1,92,,26527,49,,,1,89,,26528,49,,,1,92,,26529,49,,,1,49,,26530,49,,,1
1600,'74',645,,26557,28,,,1,73,,26534,49,,,1,38,,26535,49,,,1,82,,26536,49,,,1,78,,26537,49,,,1,38,,26538,49,,,1,78,,26539,49,,,1,78,,26540,49,,,1,39,,26541,49,,,1,78,,26542,49,,,1,78,,26543,49,,,1,44,,26544,49,,,1,81,,26545,49,,,1,83,,26546,49,,,1,41,,26547,49,,,1,78,,26548,49,,,1,81,,26549,49,,,1,41,,26550,49,,,1,81,,26551,49,,,1,81,,26552,49,,,1,31,,26553,49,,,1,76,,26554,49,,,1,79,,26555,49,,,1,33,,26556,49,,,1,73,,26558,49,,,1,37,,26559,49,,,1,75,,26560,49,,,1,36,,26561,49,,,1
1600,'80',726,,26577,28,,,1,95,,26578,28,,,1,91,,26562,49,,,1,97,,26563,49,,,1,95,,26564,49,,,1,55,,26565,49,,,1,97,,26566,49,,,1,99,,26571,49,,,1,96,,26567,49,,,1,98,,26568,49,,,1,98,,26569,49,,,1,96,,26570,49,,,1,92,,26576,49,,,1,92,,26572,49,,,1,89,,26573,49,,,1,92,,26574,49,,,1,49,,26575,49,,,1
