9601,'1',538,,31339,83,,,1,73,,31340,83,,,1,29,,31341,83,,,1,70,,31342,83,,,1,42,,31343,83,,,1,77,,31344,83,,,1,78,,31345,83,,,1,26,,31346,83,,,1,72,,31347,83,,,1,31,,31348,83,,,1,79,,31349,83,,,1,38,,31350,79,,,1,83,,31351,79,,,1,75,,31352,79,,,1,32,,31353,79,,,1,86,,31354,79,,,1,82,,31355,79,,,1,23,,31374,79,,,1,16,,31356,79,,,1,73,,31357,79,,,1,27,,31358,79,,,1,71,,31359,83,,,1,27,,31360,83,,,1,63,,31361,83,,,1,21,,31362,83,,,1,17,,31363,83,,,1,65,,31364,83,,,1,25,,31365,83,,,1,65,,31366,83,,,1,21,,31367,79,,,1,25,,31368,79,,,1,66,,31369,79,,,1,30,,31370,79,,,1,70,,31371,79,,,1,30,,31372,79,,,1,64,,31373,79,,,1
9601,'2',902,,31375,79,,,1,99,,31376,79,,,1,103,,31377,79,,,1,99,,31378,79,,,1,99,,31379,79,,,1,56,,31380,79,,,1,99,,31381,79,,,1,99,,31382,79,,,1,99,,31383,79,,,1,99,,31384,79,,,1,87,,31385,79,,,1,90,,31386,79,,,1,97,,31387,79,,,1
9601,'3',1002,,31388,79,,,1,54,,31389,79,,,1,94,,31390,79,,,1,94,,31391,79,,,1,94,,31392,79,,,1,94,,31393,79,,,1,96,,31394,79,,,1,94,,31395,79,,,1,88,,31396,79,,,1,94,,31397,79,,,1,52,,31398,79,,,1,94,,31399,79,,,1
9601,'74',902,,31400,79,,,1,99,,31401,79,,,1,103,,31402,79,,,1,99,,31403,79,,,1,99,,31404,79,,,1,56,,31405,79,,,1,99,,31406,79,,,1,99,,31407,79,,,1,99,,31408,79,,,1,99,,31409,79,,,1,87,,31410,79,,,1,90,,31411,79,,,1,97,,31412,79,,,1
9601,'80',1002,,31413,79,,,1,54,,31414,79,,,1,94,,31415,79,,,1,94,,31416,79,,,1,94,,31417,79,,,1,94,,31418,79,,,1,96,,31419,79,,,1,94,,31420,79,,,1,88,,31421,79,,,1,94,,31422,79,,,1,52,,31423,79,,,1,94,,31424,79,,,1
10701,'1',531,,32420,26,,,1,24,,32419,26,,,1,69,,32418,26,,,1,24,,32417,26,,,1,64,,32416,26,,,1,18,,32415,26,,,1,20,,32414,26,,,1,52,,32413,26,,,1,21,,32412,26,,,1,16,,32411,26,,,1,16,,32410,26,,,1,50,,32409,26,,,1,43,,32398,26,,,1,80,,32405,26,,,1,82,,32404,26,,,1,42,,32403,26,,,1,82,,32402,26,,,1,87,,32401,26,,,1,82,,32400,26,,,1,28,,32408,26,,,1,14,,32399,26,,,1,63,,32397,26,,,1,20,,32396,26,,,1,18,,32395,26,,,1,58,,32394,26,,,1,22,,32393,26,,,1,18,,32392,26,,,1,58,,32391,26,,,1,22,,32390,26,,,1,18,,32389,26,,,1,58,,32388,26,,,1,15,,32387,26,,,1,17,,32386,26,,,1,18,,32434,26,,,1,66,,32433,26,,,1,18,,32421,26,,,1,78,,32435,26,,,1,41,,32432,26,,,1,74,,32431,26,,,1,78,,32430,26,,,1,32,,32429,26,,,1,74,,32428,26,,,1,34,,32427,26,,,1,74,,32426,26,,,1,34,,32425,26,,,1,74,,32424,26,,,1,74,,32423,26,,,1,34,,32422,26,,,1
10701,'2',706,,32463,26,,,1,39,,32464,26,,,1,77,,32465,26,,,1,37,,32466,26,,,1,77,,32467,26,,,1,77,,32468,26,,,1,37,,32469,26,,,1,77,,32470,26,,,1,77,,32471,26,,,1,37,,32472,26,,,1,76,,32440,26,,,1,37,,32441,26,,,1,76,,32443,26,,,1,77,,32444,26,,,1,37,,32445,26,,,1,77,,32446,26,,,1,35,,32447,26,,,1,77,,32448,26,,,1,77,,32449,26,,,1,37,,32450,26,,,1,77,,32451,26,,,1,77,,32452,26,,,1,37,,32453,26,,,1,77,,32454,26,,,1,37,,32455,26,,,1,77,,32442,26,,,1,77,,32456,26,,,1,37,,32457,26,,,1,77,,32458,26,,,1,37,,32459,26,,,1,76,,32439,26,,,1,75,,32460,26,,,1
10701,'3',745,,32485,26,,,1,77,,32486,26,,,1,34,,32487,26,,,1,77,,32488,26,,,1,78,,32489,26,,,1,37,,32490,26,,,1,77,,32484,26,,,1,77,,32491,26,,,1,37,,32492,26,,,1,77,,32493,26,,,1,37,,32494,26,,,1,76,,32495,26,,,1,75,,32496,26,,,1,37,,32497,26,,,1,77,,32498,26,,,1,37,,32500,26,,,1,77,,32501,26,,,1,77,,32499,26,,,1,37,,32481,26,,,1,77,,32502,26,,,1,77,,32503,26,,,1,37,,32504,26,,,1,77,,32505,26,,,1,37,,32473,26,,,1,77,,32474,26,,,1,77,,32475,26,,,1,37,,32476,26,,,1,77,,32477,26,,,1,36,,32478,26,,,1,77,,32479,26,,,1,77,,32480,26,,,1
10701,'74',706,,32530,26,,,1,39,,32531,26,,,1,77,,32532,26,,,1,37,,32533,26,,,1,77,,32534,26,,,1,77,,32535,26,,,1,37,,32536,26,,,1,77,,32537,26,,,1,77,,32538,26,,,1,37,,32539,26,,,1,76,,32507,26,,,1,37,,32508,26,,,1,76,,32510,26,,,1,77,,32511,26,,,1,37,,32512,26,,,1,77,,32513,26,,,1,35,,32514,26,,,1,77,,32515,26,,,1,77,,32516,26,,,1,37,,32517,26,,,1,77,,32518,26,,,1,77,,32519,26,,,1,37,,32520,26,,,1,77,,32521,26,,,1,37,,32522,26,,,1,77,,32509,26,,,1,77,,32523,26,,,1,37,,32524,26,,,1,77,,32525,26,,,1,37,,32526,26,,,1,76,,32506,26,,,1,75,,32527,26,,,1
10701,'80',745,,32552,26,,,1,77,,32553,26,,,1,34,,32554,26,,,1,77,,32555,26,,,1,78,,32556,26,,,1,37,,32557,26,,,1,77,,32551,26,,,1,77,,32558,26,,,1,37,,32559,26,,,1,77,,32560,26,,,1,37,,32561,26,,,1,76,,32562,26,,,1,75,,32563,26,,,1,37,,32564,26,,,1,77,,32565,26,,,1,37,,32567,26,,,1,77,,32568,26,,,1,77,,32566,26,,,1,37,,32548,26,,,1,77,,32569,26,,,1,77,,32570,26,,,1,37,,32571,26,,,1,77,,32572,26,,,1,37,,32540,26,,,1,77,,32541,26,,,1,77,,32542,26,,,1,37,,32543,26,,,1,77,,32544,26,,,1,36,,32545,26,,,1,77,,32546,26,,,1,77,,32547,26,,,1
