9601,'1',544,,31339,90,,,1,74,,31340,90,,,1,29,,31341,90,,,1,70,,31342,90,,,1,42,,31343,90,,,1,76,,31344,90,,,1,78,,31345,90,,,1,27,,31346,90,,,1,70,,31347,90,,,1,31,,31348,90,,,1,79,,31349,90,,,1,38,,31350,86,,,1,83,,31351,86,,,1,75,,31352,86,,,1,32,,31353,86,,,1,86,,31354,86,,,1,84,,31355,86,,,1,24,,31374,86,,,1,15,,31356,86,,,1,74,,31357,86,,,1,27,,31358,86,,,1,71,,31359,90,,,1,27,,31360,90,,,1,60,,31361,90,,,1,22,,31362,90,,,1,16,,31363,90,,,1,65,,31364,90,,,1,25,,31365,90,,,1,65,,31366,90,,,1,21,,31367,86,,,1,25,,31368,86,,,1,66,,31369,86,,,1,30,,31370,86,,,1,70,,31371,86,,,1,30,,31372,86,,,1,64,,31373,86,,,1
9601,'2',907,,31375,86,,,1,99,,31376,86,,,1,103,,31377,86,,,1,99,,31378,86,,,1,99,,31379,86,,,1,96,,31380,86,,,1,99,,31381,86,,,1,99,,31382,86,,,1,99,,31383,86,,,1,59,,31384,86,,,1,87,,31385,86,,,1,90,,31386,86,,,1,97,,31387,86,,,1
9601,'3',1007,,31388,86,,,1,94,,31389,86,,,1,54,,31390,86,,,1,94,,31391,86,,,1,94,,31392,86,,,1,94,,31393,86,,,1,96,,31394,86,,,1,94,,31395,86,,,1,88,,31396,86,,,1,94,,31397,86,,,1,92,,31398,86,,,1,54,,31399,86,,,1
9601,'74',907,,31400,86,,,1,99,,31401,86,,,1,103,,31402,86,,,1,99,,31403,86,,,1,99,,31404,86,,,1,96,,31405,86,,,1,99,,31406,86,,,1,99,,31407,86,,,1,99,,31408,86,,,1,59,,31409,86,,,1,87,,31410,86,,,1,90,,31411,86,,,1,97,,31412,86,,,1
9601,'80',1007,,31413,86,,,1,94,,31414,86,,,1,54,,31415,86,,,1,94,,31416,86,,,1,94,,31417,86,,,1,94,,31418,86,,,1,96,,31419,86,,,1,94,,31420,86,,,1,88,,31421,86,,,1,94,,31422,86,,,1,92,,31423,86,,,1,54,,31424,86,,,1
10701,'1',538,,32420,33,,,1,64,,32419,33,,,1,31,,32418,33,,,1,24,,32417,33,,,1,64,,32416,33,,,1,19,,32415,33,,,1,60,,32414,33,,,1,12,,32413,33,,,1,20,,32412,33,,,1,16,,32411,33,,,1,56,,32410,33,,,1,10,,32409,33,,,1,41,,32398,33,,,1,80,,32405,33,,,1,82,,32404,33,,,1,42,,32403,33,,,1,82,,32402,33,,,1,89,,32401,33,,,1,82,,32400,33,,,1,28,,32408,33,,,1,14,,32399,33,,,1,63,,32397,33,,,1,22,,32396,33,,,1,18,,32395,33,,,1,58,,32394,33,,,1,22,,32393,33,,,1,18,,32392,33,,,1,58,,32391,33,,,1,21,,32390,33,,,1,18,,32389,33,,,1,58,,32388,33,,,1,15,,32387,33,,,1,14,,32386,33,,,1,18,,32434,33,,,1,66,,32433,33,,,1,18,,32421,33,,,1,78,,32435,33,,,1,81,,32432,33,,,1,33,,32431,33,,,1,78,,32430,33,,,1,32,,32429,33,,,1,74,,32428,33,,,1,34,,32427,33,,,1,74,,32426,33,,,1,34,,32425,33,,,1,74,,32424,33,,,1,74,,32423,33,,,1,34,,32422,33,,,1
10701,'2',712,,32463,33,,,1,39,,32464,33,,,1,77,,32465,33,,,1,77,,32466,33,,,1,37,,32467,33,,,1,77,,32468,33,,,1,37,,32469,33,,,1,77,,32470,33,,,1,77,,32471,33,,,1,37,,32472,33,,,1,76,,32440,33,,,1,77,,32441,33,,,1,36,,32443,33,,,1,77,,32444,33,,,1,37,,32445,33,,,1,77,,32446,33,,,1,75,,32447,33,,,1,37,,32448,33,,,1,77,,32449,33,,,1,37,,32450,33,,,1,77,,32451,33,,,1,77,,32452,33,,,1,37,,32453,33,,,1,77,,32454,33,,,1,37,,32455,33,,,1,77,,32442,33,,,1,77,,32456,33,,,1,37,,32457,33,,,1,77,,32458,33,,,1,77,,32459,33,,,1,35,,32439,33,,,1,75,,32460,33,,,1
10701,'3',751,,32485,33,,,1,77,,32486,33,,,1,74,,32487,33,,,1,37,,32488,33,,,1,78,,32489,33,,,1,37,,32490,33,,,1,77,,32484,33,,,1,77,,32491,33,,,1,37,,32492,33,,,1,77,,32493,33,,,1,37,,32494,33,,,1,76,,32495,33,,,1,75,,32496,33,,,1,37,,32497,33,,,1,77,,32498,33,,,1,77,,32500,33,,,1,37,,32501,33,,,1,77,,32499,33,,,1,37,,32481,33,,,1,77,,32502,33,,,1,77,,32503,33,,,1,37,,32504,33,,,1,77,,32505,33,,,1,37,,32473,33,,,1,77,,32474,33,,,1,77,,32475,33,,,1,37,,32476,33,,,1,77,,32477,33,,,1,76,,32478,33,,,1,37,,32479,33,,,1,77,,32480,33,,,1
10701,'74',712,,32530,33,,,1,39,,32531,33,,,1,77,,32532,33,,,1,77,,32533,33,,,1,37,,32534,33,,,1,77,,32535,33,,,1,37,,32536,33,,,1,77,,32537,33,,,1,77,,32538,33,,,1,37,,32539,33,,,1,76,,32507,33,,,1,77,,32508,33,,,1,36,,32510,33,,,1,77,,32511,33,,,1,37,,32512,33,,,1,77,,32513,33,,,1,75,,32514,33,,,1,37,,32515,33,,,1,77,,32516,33,,,1,37,,32517,33,,,1,77,,32518,33,,,1,77,,32519,33,,,1,37,,32520,33,,,1,77,,32521,33,,,1,37,,32522,33,,,1,77,,32509,33,,,1,77,,32523,33,,,1,37,,32524,33,,,1,77,,32525,33,,,1,77,,32526,33,,,1,35,,32506,33,,,1,75,,32527,33,,,1
10701,'80',751,,32552,33,,,1,77,,32553,33,,,1,74,,32554,33,,,1,37,,32555,33,,,1,78,,32556,33,,,1,37,,32557,33,,,1,77,,32551,33,,,1,77,,32558,33,,,1,37,,32559,33,,,1,77,,32560,33,,,1,37,,32561,33,,,1,76,,32562,33,,,1,75,,32563,33,,,1,37,,32564,33,,,1,77,,32565,33,,,1,77,,32567,33,,,1,37,,32568,33,,,1,77,,32566,33,,,1,37,,32548,33,,,1,77,,32569,33,,,1,77,,32570,33,,,1,37,,32571,33,,,1,77,,32572,33,,,1,37,,32540,33,,,1,77,,32541,33,,,1,77,,32542,33,,,1,37,,32543,33,,,1,77,,32544,33,,,1,76,,32545,33,,,1,37,,32546,33,,,1,77,,32547,33,,,1
1070201,'1',558,,36981,26,,,1,52,,36980,26,,,1,12,,36979,26,,,1,12,,36978,26,,,1,12,,36977,26,,,1,12,,36976,26,,,1,52,,36975,26,,,1,21,,36974,26,,,1,12,,36973,26,,,1,12,,36972,26,,,1,52,,36971,26,,,1,12,,36970,26,,,1,10,,36969,26,,,1,12,,36968,26,,,1,12,,36967,26,,,1,72,,36955,26,,,1,26,,36964,26,,,1,66,,36966,26,,,1,23,,36965,26,,,1,66,,36963,26,,,1,26,,36962,26,,,1,26,,36961,26,,,1,67,,36960,26,,,1,26,,36959,26,,,1,66,,36958,26,,,1,27,,36957,26,,,1,66,,36956,26,,,1,24,,36997,26,,,1,16,,36996,26,,,1,56,,36982,26,,,1,18,,36983,26,,,1,16,,36984,26,,,1,16,,36985,26,,,1,56,,36986,26,,,1,21,,36987,26,,,1,16,,36988,26,,,1,56,,36989,26,,,1,23,,36990,26,,,1,16,,36991,26,,,1,59,,36992,26,,,1,19,,36993,26,,,1,13,,36994,26,,,1,78,,36995,26,,,1
