9601,'1',446,,31339,13,,,1,67,,31340,13,,,1,29,,31341,13,,,1,70,,31342,13,,,1,35,,31343,13,,,1,73,,31344,13,,,1,38,,31345,13,,,1,73,,31346,13,,,1,74,,31347,13,,,1,32,,31348,13,,,1,79,,31349,13,,,1,40,,31350,13,,,1,83,,31351,13,,,1,75,,31352,13,,,1,32,,31353,13,,,1,86,,31354,13,,,1,80,,31355,13,,,1,17,,31374,13,,,1,22,,31356,13,,,1,67,,31357,13,,,1,27,,31358,13,,,1,67,,31359,13,,,1,27,,31360,13,,,1,67,,31361,13,,,1,27,,31362,13,,,1,25,,31363,13,,,1,65,,31364,13,,,1,25,,31365,13,,,1,65,,31366,13,,,1,24,,31367,13,,,1,65,,31368,13,,,1,30,,31369,13,,,1,70,,31370,13,,,1,30,,31371,13,,,1,70,,31372,13,,,1,24,,31373,13,,,1
9601,'2',809,,31375,13,,,1,99,,31376,13,,,1,100,,31377,13,,,1,99,,31378,13,,,1,99,,31379,13,,,1,99,,31380,13,,,1,99,,31381,13,,,1,99,,31382,13,,,1,99,,31383,13,,,1,99,,31384,13,,,1,51,,31385,13,,,1,92,,31386,13,,,1,97,,31387,13,,,1
9601,'3',909,,31388,13,,,1,94,,31389,13,,,1,54,,31390,13,,,1,94,,31391,13,,,1,94,,31392,13,,,1,94,,31393,13,,,1,94,,31394,13,,,1,94,,31395,13,,,1,94,,31396,13,,,1,94,,31397,13,,,1,94,,31398,13,,,1,94,,31399,13,,,1
9601,'74',809,,31400,13,,,1,99,,31401,13,,,1,100,,31402,13,,,1,99,,31403,13,,,1,99,,31404,13,,,1,99,,31405,13,,,1,99,,31406,13,,,1,99,,31407,13,,,1,99,,31408,13,,,1,99,,31409,13,,,1,51,,31410,13,,,1,92,,31411,13,,,1,97,,31412,13,,,1
9601,'80',909,,31413,13,,,1,94,,31414,13,,,1,54,,31415,13,,,1,94,,31416,13,,,1,94,,31417,13,,,1,94,,31418,13,,,1,94,,31419,13,,,1,94,,31420,13,,,1,94,,31421,13,,,1,94,,31422,13,,,1,94,,31423,13,,,1,94,,31424,13,,,1
9801,'1',523,,31521,22,,,1,35,,31520,22,,,1,75,,31519,22,,,1,75,,31518,22,,,1,35,,31517,22,,,1,75,,31516,22,,,1,35,,31515,22,,,1,75,,31514,22,,,1,75,,31525,22,,,1,100,,31524,22,,,1,98,,31523,22,,,1,58,,31522,22,,,1,141,,31537,22,,,1,40,,31536,22,,,1,80,,31535,22,,,1,80,,31534,22,,,1,40,,31533,22,,,1,80,,31532,22,,,1,80,,31531,22,,,1,38,,31530,22,,,1,79,,31529,22,,,1,91,,31528,22,,,1,48,,31527,22,,,1,88,,31526,22,,,1
9801,'2',530,,31556,22,,,1,86,,31555,22,,,1,86,,31554,22,,,1,46,,31553,22,,,1,88,,31552,22,,,1,95,,31551,22,,,1,94,,31550,22,,,1,97,,31549,22,,,1,94,,31548,22,,,1,100,,31547,22,,,1,98,,31546,22,,,1,98,,31545,22,,,1,97,,31544,22,,,1,98,,31543,22,,,1,98,,31542,22,,,1,96,,31541,22,,,1,46,,31540,22,,,1,89,,31539,22,,,1,87,,31538,22,,,1
9801,'3',713,,31573,22,,,1,88,,31574,22,,,1,48,,31572,22,,,1,88,,31571,22,,,1,88,,31570,22,,,1,95,,31569,22,,,1,93,,31568,22,,,1,93,,31567,22,,,1,95,,31566,22,,,1,53,,31565,22,,,1,93,,31564,22,,,1,93,,31563,22,,,1,93,,31562,22,,,1,91,,31561,22,,,1,87,,31560,22,,,1,47,,31559,22,,,1,87,,31558,22,,,1,88,,31557,22,,,1
9801,'74',530,,31593,22,,,1,86,,31592,22,,,1,86,,31591,22,,,1,46,,31590,22,,,1,88,,31589,22,,,1,95,,31588,22,,,1,94,,31587,22,,,1,97,,31586,22,,,1,94,,31585,22,,,1,100,,31584,22,,,1,98,,31583,22,,,1,98,,31582,22,,,1,97,,31581,22,,,1,98,,31580,22,,,1,98,,31579,22,,,1,96,,31578,22,,,1,46,,31577,22,,,1,89,,31576,22,,,1,87,,31575,22,,,1
9801,'80',713,,31610,22,,,1,88,,31611,22,,,1,48,,31609,22,,,1,88,,31608,22,,,1,88,,31607,22,,,1,95,,31606,22,,,1,93,,31605,22,,,1,93,,31604,22,,,1,95,,31603,22,,,1,53,,31602,22,,,1,93,,31601,22,,,1,93,,31600,22,,,1,93,,31599,22,,,1,91,,31598,22,,,1,87,,31597,22,,,1,47,,31596,22,,,1,87,,31595,22,,,1,88,,31594,22,,,1
989901,'1',2203,,36877,22,,,1,32,,36878,22,,,1,78,,36879,22,,,1,36,,36880,22,,,1,75,,36881,22,,,1,32,,36882,22,,,1,75,,36883,22,,,1,75,,36884,22,,,1
989901,'2',2209,,36885,22,,,1,93,,36886,22,,,1,43,,36887,22,,,1,91,,36890,22,,,1,85,,36888,22,,,1,86,,36889,22,,,1
989901,'3',2221,,36891,22,,,1,90,,36892,22,,,1,43,,36893,22,,,1,89,,36894,22,,,1,79,,36895,22,,,1,83,,36896,22,,,1
989901,'74',2209,,36897,22,,,1,93,,36898,22,,,1,43,,36899,22,,,1,91,,36902,22,,,1,85,,36900,22,,,1,86,,36901,22,,,1
989901,'80',2221,,36903,22,,,1,90,,36904,22,,,1,43,,36905,22,,,1,89,,36906,22,,,1,79,,36907,22,,,1,83,,36908,22,,,1
