7700,'1',417,,28964,25,,,1,15,,28965,25,,,1,15,,28966,25,,,1,55,,28967,25,,,1,15,,28968,25,,,1,9,,28926,38,,,1,17,,28925,38,,,1,13,,28924,38,,,1,60,,28923,38,,,1,15,,28921,38,,,1,21,,28922,38,,,1,53,,28941,38,,,1,16,,28940,38,,,1,16,,28939,38,,,1,64,,28938,38,,,1,16,,28937,38,,,1,16,,28936,38,,,1,16,,28927,38,,,1,54,,28928,38,,,1,16,,28929,38,,,1,16,,28930,38,,,1,16,,28931,38,,,1,53,,28932,38,,,1,12,,28933,38,,,1,16,,28934,38,,,1,71,,28935,38,,,1,33,,28949,38,,,1,70,,28948,38,,,1,30,,28947,38,,,1,70,,28942,38,,,1,33,,28943,38,,,1,61,,28969,25,,,1,9,,28944,38,,,1,28,,28970,25,,,1,2,,28945,38,,,1,75,,28946,38,,,1,20,,28971,25,,,1,3,,28963,38,,,1,19,,28962,38,,,1,66,,28961,38,,,1,24,,28960,38,,,1,59,,28959,38,,,1,19,,28950,38,,,1,19,,28951,38,,,1,59,,28952,38,,,1,14,,28953,38,,,1,13,,28954,38,,,1,19,,28955,38,,,1,11,,28956,38,,,1,59,,28957,38,,,1,15,,28958,38,,,1,14,,28972,38,,,1,59,,28973,38,,,1,19,,28974,38,,,1,19,,28975,38,,,1,69,,28978,38,,,1,27,,28977,38,,,1,67,,28976,38,,,1,40,,28987,38,,,1,73,,28986,38,,,1,28,,28985,38,,,1,73,,28979,38,,,1,33,,28980,38,,,1,73,,28981,38,,,1,73,,28982,38,,,1,33,,28983,38,,,1,73,,28984,38,,,1
7700,'2',456,,28988,25,,,1,70,,28989,38,,,1,75,,28990,38,,,1,35,,28991,38,,,1,76,,28992,38,,,1,35,,28993,38,,,1,75,,28994,38,,,1,36,,28995,38,,,1,75,,28996,38,,,1,75,,28997,38,,,1,48,,28998,38,,,1,81,,28999,38,,,1,81,,29000,38,,,1,87,,29001,38,,,1,41,,29002,38,,,1,81,,29003,38,,,1,77,,29005,38,,,1,33,,29006,38,,,1,73,,29007,38,,,1,30,,29008,38,,,1,73,,29009,38,,,1,33,,29010,38,,,1,71,,29011,38,,,1,34,,29012,38,,,1,70,,29013,38,,,1,27,,29014,38,,,1,70,,29015,38,,,1,30,,29016,38,,,1,65,,29017,38,,,1,30,,29018,38,,,1,73,,29019,38,,,1,30,,29020,38,,,1,70,,29021,38,,,1,26,,29022,38,,,1,70,,29023,38,,,1,23,,29004,38,,,1,69,,29024,38,,,1,33,,29025,38,,,1,73,,29026,38,,,1,33,,29027,38,,,1,73,,29028,38,,,1
7700,'74',456,,29053,25,,,1,70,,29054,38,,,1,75,,29055,38,,,1,35,,29056,38,,,1,76,,29057,38,,,1,35,,29058,38,,,1,75,,29059,38,,,1,36,,29060,38,,,1,75,,29061,38,,,1,75,,29062,38,,,1,48,,29063,38,,,1,81,,29064,38,,,1,81,,29065,38,,,1,87,,29066,38,,,1,41,,29067,38,,,1,81,,29068,38,,,1,77,,29070,38,,,1,33,,29071,38,,,1,73,,29072,38,,,1,30,,29073,38,,,1,73,,29074,38,,,1,33,,29075,38,,,1,71,,29076,38,,,1,34,,29077,38,,,1,70,,29078,38,,,1,27,,29079,38,,,1,70,,29080,38,,,1,30,,29081,38,,,1,65,,29082,38,,,1,30,,29083,38,,,1,73,,29084,38,,,1,30,,29085,38,,,1,70,,29086,38,,,1,26,,29087,38,,,1,70,,29088,38,,,1,23,,29069,38,,,1,69,,29089,38,,,1,33,,29090,38,,,1,73,,29091,38,,,1,33,,29092,38,,,1,73,,29093,38,,,1
9901,'1',421,,31722,35,,,1,81,,31723,35,,,1,40,,31724,35,,,1,82,,31725,35,,,1,82,,31726,35,,,1,35,,31727,35,,,1,71,,31728,35,,,1,43,,31729,35,,,1,72,,31730,35,,,1,75,,31731,35,,,1,54,,31732,35,,,1,98,,31733,35,,,1,94,,31734,35,,,1,94,,31735,35,,,1,100,,31736,35,,,1,68,,31737,35,,,1,30,,31738,35,,,1,70,,31739,35,,,1,30,,31740,35,,,1,70,,31741,35,,,1,30,,31742,35,,,1,70,,31743,35,,,1,26,,31744,35,,,1,70,,31745,35,,,1,26,,31746,35,,,1,70,,31747,35,,,1,30,,31748,35,,,1,25,,31749,35,,,1,70,,31750,35,,,1,85,,31751,35,,,1
9901,'2',543,,31752,35,,,1,77,,31753,35,,,1,37,,31754,35,,,1,77,,31755,35,,,1,87,,31756,35,,,1,92,,31757,35,,,1,89,,31758,35,,,1,47,,31759,35,,,1,102,,31760,35,,,1,97,,31761,35,,,1,95,,31762,35,,,1,95,,31763,35,,,1,95,,31764,35,,,1,95,,31765,35,,,1,92,,31766,35,,,1,94,,31767,35,,,1,95,,31768,35,,,1,91,,31769,35,,,1,45,,31770,35,,,1,85,,31771,35,,,1
9901,'3',547,,31772,35,,,1,81,,31773,35,,,1,78,,31774,35,,,1,38,,31775,35,,,1,78,,31776,35,,,1,93,,31777,35,,,1,89,,31778,35,,,1,49,,31779,35,,,1,89,,31780,35,,,1,94,,31781,35,,,1,89,,31782,35,,,1,89,,31783,35,,,1,89,,31784,35,,,1,49,,31785,35,,,1,89,,31786,35,,,1,89,,31787,35,,,1,84,,31788,35,,,1,89,,31789,35,,,1,49,,31790,35,,,1,86,,31791,35,,,1,89,,31792,35,,,1,79,,31793,35,,,1
9901,'74',543,,31794,35,,,1,77,,31795,35,,,1,37,,31796,35,,,1,77,,31797,35,,,1,87,,31798,35,,,1,92,,31799,35,,,1,89,,31800,35,,,1,47,,31801,35,,,1,102,,31802,35,,,1,97,,31803,35,,,1,95,,31804,35,,,1,95,,31805,35,,,1,95,,31806,35,,,1,95,,31807,35,,,1,92,,31808,35,,,1,94,,31809,35,,,1,95,,31810,35,,,1,91,,31811,35,,,1,45,,31812,35,,,1,85,,31813,35,,,1
9901,'80',547,,31814,35,,,1,81,,31815,35,,,1,78,,31816,35,,,1,38,,31817,35,,,1,78,,31818,35,,,1,93,,31819,35,,,1,89,,31820,35,,,1,49,,31821,35,,,1,89,,31822,35,,,1,94,,31823,35,,,1,89,,31824,35,,,1,89,,31825,35,,,1,89,,31826,35,,,1,49,,31827,35,,,1,89,,31828,35,,,1,89,,31829,35,,,1,84,,31830,35,,,1,89,,31831,35,,,1,49,,31832,35,,,1,86,,31833,35,,,1,89,,31834,35,,,1,79,,31835,35,,,1
36001,'1',1007,,33821,16,,,1,29,,33822,16,,,1,70,,33823,16,,,1,26,,33824,16,,,1,25,,33837,16,,,1,84,,33836,16,,,1,84,,33825,16,,,1,84,,33826,16,,,1,44,,33827,16,,,1,87,,33828,16,,,1,84,,33829,16,,,1,88,,33830,16,,,1,42,,33831,16,,,1,81,,33832,16,,,1,85,,33833,16,,,1,84,,33834,16,,,1,42,,33835,16,,,1,84,,33843,16,,,1,26,,33842,16,,,1,66,,33838,16,,,1,26,,33839,16,,,1,66,,33840,16,,,1,26,,33841,16,,,1
36001,'2',1005,,33844,16,,,1,23,,33845,16,,,1,23,,33846,16,,,1,63,,33847,16,,,1,23,,33848,16,,,1,22,,33849,16,,,1,63,,33850,16,,,1,24,,33851,16,,,1,63,,33852,16,,,1,23,,33853,16,,,1,23,,33854,16,,,1,63,,33855,16,,,1,23,,33856,16,,,1,63,,33857,16,,,1,23,,33858,16,,,1,22,,33859,16,,,1,63,,33860,16,,,1,23,,33861,16,,,1,66,,33862,16,,,1,23,,33863,16,,,1,20,,33864,16,,,1,64,,33865,16,,,1,23,,33866,16,,,1,28,,33879,16,,,1,64,,33878,16,,,1,20,,33867,16,,,1,64,,33868,16,,,1,24,,33869,16,,,1,26,,33870,16,,,1,62,,33871,16,,,1,22,,33872,16,,,1,64,,33873,16,,,1,24,,33874,16,,,1,24,,33875,16,,,1,64,,33876,16,,,1,24,,33877,16,,,1
36001,'3',959,,33880,16,,,1,62,,33881,16,,,1,22,,33882,16,,,1,62,,33883,16,,,1,19,,33884,16,,,1,22,,33885,16,,,1,64,,33886,16,,,1,22,,33887,16,,,1,22,,33888,16,,,1,62,,33889,16,,,1,23,,33890,16,,,1,62,,33891,16,,,1,22,,33892,16,,,1,20,,33893,16,,,1,65,,33894,16,,,1,22,,33895,16,,,1,22,,33896,16,,,1,62,,33897,16,,,1,23,,33898,16,,,1,22,,33899,16,,,1,62,,33900,16,,,1,22,,33901,16,,,1,62,,33902,16,,,1,22,,33903,16,,,1,22,,33904,16,,,1,67,,33905,16,,,1,21,,33917,16,,,1,17,,33916,16,,,1,63,,33906,16,,,1,23,,33907,16,,,1,63,,33908,16,,,1,23,,33909,16,,,1,23,,33910,16,,,1,61,,33911,16,,,1,23,,33912,16,,,1,23,,33913,16,,,1,63,,33914,16,,,1,23,,33915,16,,,1
36001,'74',1005,,33918,16,,,1,23,,33919,16,,,1,23,,33920,16,,,1,63,,33921,16,,,1,23,,33922,16,,,1,22,,33923,16,,,1,63,,33924,16,,,1,24,,33925,16,,,1,63,,33926,16,,,1,23,,33927,16,,,1,23,,33928,16,,,1,63,,33929,16,,,1,23,,33930,16,,,1,63,,33931,16,,,1,23,,33932,16,,,1,22,,33933,16,,,1,63,,33934,16,,,1,23,,33935,16,,,1,66,,33936,16,,,1,23,,33937,16,,,1,20,,33938,16,,,1,64,,33939,16,,,1,23,,33940,16,,,1,28,,33942,16,,,1,64,,33941,16,,,1,20,,33943,16,,,1,64,,33944,16,,,1,24,,33945,16,,,1,26,,33946,16,,,1,62,,33947,16,,,1,22,,33948,16,,,1,64,,33949,16,,,1,24,,33950,16,,,1,24,,33951,16,,,1,64,,33952,16,,,1,24,,33953,16,,,1,64,,33954,16,,,1
36001,'80',959,,33955,16,,,1,62,,33956,16,,,1,22,,33957,16,,,1,62,,33958,16,,,1,19,,33959,16,,,1,22,,33960,16,,,1,64,,33961,16,,,1,22,,33962,16,,,1,22,,33963,16,,,1,62,,33964,16,,,1,23,,33965,16,,,1,62,,33966,16,,,1,22,,33967,16,,,1,20,,33968,16,,,1,65,,33969,16,,,1,22,,33970,16,,,1,22,,33971,16,,,1,62,,33972,16,,,1,23,,33973,16,,,1,22,,33974,16,,,1,62,,33975,16,,,1,22,,33976,16,,,1,62,,33977,16,,,1,22,,33978,16,,,1,22,,33979,16,,,1,67,,33980,16,,,1,21,,33992,16,,,1,17,,33991,16,,,1,63,,33981,16,,,1,23,,33982,16,,,1,63,,33983,16,,,1,23,,33984,16,,,1,23,,33985,16,,,1,61,,33986,16,,,1,23,,33987,16,,,1,23,,33988,16,,,1,63,,33989,16,,,1,23,,33990,16,,,1
989901,'1',2247,,36877,90,,,1,69,,36878,90,,,1,38,,36879,90,,,1,74,,36880,90,,,1,75,,36881,90,,,1,30,,36882,90,,,1,75,,36883,90,,,1,35,,36884,90,,,1
989901,'2',2255,,36885,90,,,1,87,,36886,90,,,1,81,,36887,90,,,1,91,,36890,90,,,1,45,,36888,90,,,1,86,,36889,90,,,1
989901,'3',2303,,36891,90,,,1,47,,36892,90,,,1,83,,36893,90,,,1,85,,36894,90,,,1,39,,36895,90,,,1,83,,36896,90,,,1
989901,'74',2255,,36897,90,,,1,87,,36898,90,,,1,81,,36899,90,,,1,91,,36902,90,,,1,45,,36900,90,,,1,86,,36901,90,,,1
989901,'80',2303,,36903,90,,,1,47,,36904,90,,,1,83,,36905,90,,,1,85,,36906,90,,,1,39,,36907,90,,,1,83,,36908,90,,,1
