1601,'1',521,,26620,10,,,1,22,,26621,10,,,1,62,,26622,10,,,1,20,,26623,10,,,1,6,,26588,51,,,1,26,,26587,51,,,1,62,,26579,51,,,1,22,,26580,51,,,1,69,,26581,51,,,1,22,,26582,51,,,1,22,,26583,51,,,1,62,,26584,51,,,1,9,,26585,51,,,1,26,,26586,51,,,1,61,,26599,51,,,1,24,,26598,51,,,1,68,,26589,51,,,1,32,,26590,51,,,1,71,,26591,51,,,1,29,,26592,51,,,1,71,,26593,51,,,1,31,,26594,51,,,1,69,,26595,51,,,1,24,,26624,10,,,1,13,,26596,51,,,1,70,,26597,51,,,1,21,,26616,51,,,1,23,,26615,51,,,1,63,,26600,51,,,1,17,,26601,51,,,1,69,,26602,51,,,1,24,,26603,51,,,1,23,,26604,51,,,1,63,,26605,51,,,1,21,,26606,51,,,1,63,,26607,51,,,1,15,,26608,51,,,1,23,,26609,51,,,1,63,,26610,51,,,1,23,,26611,51,,,1,23,,26612,51,,,1,63,,26613,51,,,1,20,,26614,51,,,1,28,,26619,51,,,1,74,,26617,51,,,1,70,,26618,51,,,1,34,,26625,51,,,1
1601,'2',629,,26652,10,,,1,78,,26653,10,,,1,30,,26635,51,,,1,80,,26626,51,,,1,38,,26627,51,,,1,78,,26628,51,,,1,78,,26629,51,,,1,38,,26630,51,,,1,78,,26631,51,,,1,80,,26632,51,,,1,38,,26633,51,,,1,78,,26634,51,,,1,83,,26644,51,,,1,42,,26636,51,,,1,81,,26637,51,,,1,81,,26638,51,,,1,39,,26639,51,,,1,81,,26640,51,,,1,81,,26641,51,,,1,41,,26642,51,,,1,77,,26643,51,,,1,80,,26651,51,,,1,32,,26645,51,,,1,76,,26646,51,,,1,38,,26647,51,,,1,72,,26648,51,,,1,76,,26649,51,,,1,33,,26650,51,,,1
1601,'3',817,,26654,51,,,1,95,,26655,51,,,1,97,,26656,51,,,1,95,,26657,51,,,1,55,,26658,51,,,1,95,,26659,51,,,1,99,,26660,51,,,1,95,,26661,51,,,1,98,,26662,51,,,1,98,,26663,51,,,1,98,,26664,51,,,1,92,,26665,51,,,1,90,,26666,51,,,1,92,,26667,51,,,1,92,,26668,51,,,1,49,,26669,51,,,1
1601,'74',629,,26696,10,,,1,78,,26697,10,,,1,30,,26679,51,,,1,80,,26670,51,,,1,38,,26671,51,,,1,78,,26672,51,,,1,78,,26673,51,,,1,38,,26674,51,,,1,78,,26675,51,,,1,80,,26676,51,,,1,38,,26677,51,,,1,78,,26678,51,,,1,83,,26688,51,,,1,42,,26680,51,,,1,81,,26681,51,,,1,81,,26682,51,,,1,39,,26683,51,,,1,81,,26684,51,,,1,81,,26685,51,,,1,41,,26686,51,,,1,77,,26687,51,,,1,80,,26695,51,,,1,32,,26689,51,,,1,76,,26690,51,,,1,38,,26691,51,,,1,72,,26692,51,,,1,76,,26693,51,,,1,33,,26694,51,,,1
1601,'80',817,,26698,51,,,1,95,,26699,51,,,1,97,,26700,51,,,1,95,,26701,51,,,1,55,,26702,51,,,1,95,,26703,51,,,1,99,,26704,51,,,1,95,,26705,51,,,1,98,,26706,51,,,1,98,,26707,51,,,1,98,,26708,51,,,1,92,,26709,51,,,1,90,,26710,51,,,1,92,,26711,51,,,1,92,,26712,51,,,1,49,,26713,51,,,1
8501,'1',516,,29801,10,,,1,16,,29800,10,,,1,16,,29799,10,,,1,56,,29798,10,,,1,16,,29797,10,,,1,16,,29796,10,,,1,16,,29795,10,,,1,56,,29787,10,,,1,16,,29788,10,,,1,16,,29789,10,,,1,16,,29790,10,,,1,56,,29791,10,,,1,16,,29792,10,,,1,16,,29793,10,,,1,15,,29794,10,,,1,66,,29811,10,,,1,25,,29810,10,,,1,64,,29809,10,,,1,25,,29802,10,,,1,65,,29803,10,,,1,25,,29804,10,,,1,25,,29805,10,,,1,64,,29806,10,,,1,25,,29807,10,,,1,65,,29808,10,,,1,25,,29812,10,,,1,25,,29813,10,,,1,61,,29814,10,,,1,16,,29841,10,,,1,16,,29842,10,,,1,56,,29831,10,,,1,15,,29830,10,,,1,16,,29829,10,,,1,20,,29828,10,,,1,57,,29827,10,,,1,16,,29815,10,,,1,19,,29816,10,,,1,53,,29817,10,,,1,19,,29818,10,,,1,16,,29819,10,,,1,11,,29820,10,,,1,59,,29821,10,,,1,13,,29822,10,,,1,16,,29823,10,,,1,16,,29824,10,,,1,58,,29825,10,,,1,19,,29826,10,,,1,72,,29834,10,,,1,29,,29833,10,,,1,25,,29832,10,,,1,62,,29838,10,,,1,29,,29837,10,,,1,71,,29835,10,,,1,32,,29836,10,,,1
8501,'2',638,,29858,10,,,1,70,,29859,10,,,1,30,,29860,10,,,1,71,,29861,10,,,1,30,,29862,10,,,1,70,,29863,10,,,1,30,,29864,10,,,1,70,,29865,10,,,1,30,,29866,10,,,1,70,,29843,10,,,1,23,,29844,10,,,1,25,,29845,10,,,1,63,,29846,10,,,1,23,,29847,10,,,1,63,,29848,10,,,1,23,,29849,10,,,1,23,,29850,10,,,1,63,,29851,10,,,1,23,,29852,10,,,1,63,,29853,10,,,1,23,,29854,10,,,1,23,,29855,10,,,1,63,,29856,10,,,1,21,,29857,10,,,1,21,,29867,10,,,1,62,,29868,10,,,1,23,,29869,10,,,1,21,,29870,10,,,1,61,,29871,10,,,1,18,,29872,10,,,1,21,,29873,10,,,1,61,,29874,10,,,1,21,,29875,10,,,1,61,,29876,10,,,1,21,,29877,10,,,1,21,,29878,10,,,1,61,,29879,10,,,1,30,,29880,10,,,1,70,,29881,10,,,1,30,,29882,10,,,1
8501,'3',831,,29885,10,,,1,81,,29886,10,,,1,40,,29887,10,,,1,80,,29888,10,,,1,83,,29889,10,,,1,43,,29890,10,,,1,83,,29891,10,,,1,83,,29892,10,,,1,83,,29893,10,,,1,43,,29894,10,,,1,83,,29895,10,,,1,80,,29896,10,,,1,42,,29897,10,,,1,84,,29898,10,,,1,76,,29899,10,,,1,41,,29900,10,,,1,83,,29901,10,,,1,79,,29883,10,,,1,41,,29884,10,,,1
8501,'74',638,,29902,10,,,1,70,,29903,10,,,1,30,,29904,10,,,1,71,,29905,10,,,1,30,,29906,10,,,1,70,,29907,10,,,1,30,,29908,10,,,1,70,,29909,10,,,1,30,,29910,10,,,1,70,,29911,10,,,1,23,,29912,10,,,1,25,,29913,10,,,1,63,,29914,10,,,1,23,,29915,10,,,1,63,,29916,10,,,1,23,,29917,10,,,1,23,,29918,10,,,1,63,,29919,10,,,1,23,,29920,10,,,1,63,,29921,10,,,1,23,,29922,10,,,1,23,,29923,10,,,1,63,,29924,10,,,1,21,,29925,10,,,1,21,,29926,10,,,1,62,,29927,10,,,1,23,,29928,10,,,1,21,,29929,10,,,1,61,,29930,10,,,1,18,,29931,10,,,1,21,,29932,10,,,1,61,,29933,10,,,1,21,,29934,10,,,1,61,,29935,10,,,1,21,,29936,10,,,1,21,,29937,10,,,1,61,,29938,10,,,1,30,,29939,10,,,1,70,,29940,10,,,1,30,,29941,10,,,1
8501,'80',831,,29942,10,,,1,81,,29943,10,,,1,40,,29944,10,,,1,80,,29945,10,,,1,83,,29946,10,,,1,43,,29947,10,,,1,83,,29948,10,,,1,83,,29949,10,,,1,83,,29950,10,,,1,43,,29951,10,,,1,83,,29952,10,,,1,80,,29953,10,,,1,42,,29954,10,,,1,84,,29955,10,,,1,76,,29958,10,,,1,41,,29959,10,,,1,83,,29960,10,,,1,79,,29956,10,,,1,41,,29957,10,,,1
