9901,'1',419,,31722,32,,,1,81,,31723,32,,,1,40,,31724,32,,,1,82,,31725,32,,,1,80,,31726,32,,,1,35,,31727,32,,,1,70,,31728,32,,,1,43,,31729,32,,,1,74,,31730,32,,,1,35,,31731,32,,,1,94,,31732,32,,,1,98,,31733,32,,,1,94,,31734,32,,,1,94,,31735,32,,,1,100,,31736,32,,,1,66,,31737,32,,,1,30,,31738,32,,,1,70,,31739,32,,,1,30,,31740,32,,,1,70,,31741,32,,,1,30,,31742,32,,,1,70,,31743,32,,,1,28,,31744,32,,,1,70,,31745,32,,,1,26,,31746,32,,,1,30,,31747,32,,,1,70,,31748,32,,,1,25,,31749,32,,,1,71,,31750,32,,,1,85,,31751,32,,,1
9901,'2',541,,31752,32,,,1,77,,31753,32,,,1,37,,31754,32,,,1,77,,31755,32,,,1,87,,31756,32,,,1,92,,31757,32,,,1,48,,31758,32,,,1,87,,31759,32,,,1,102,,31760,32,,,1,97,,31761,32,,,1,95,,31762,32,,,1,95,,31763,32,,,1,95,,31764,32,,,1,95,,31765,32,,,1,92,,31766,32,,,1,94,,31767,32,,,1,95,,31768,32,,,1,51,,31769,32,,,1,85,,31770,32,,,1,85,,31771,32,,,1
9901,'3',545,,31772,32,,,1,81,,31773,32,,,1,78,,31774,32,,,1,38,,31775,32,,,1,78,,31776,32,,,1,93,,31777,32,,,1,89,,31778,32,,,1,49,,31779,32,,,1,89,,31780,32,,,1,93,,31781,32,,,1,89,,31782,32,,,1,89,,31783,32,,,1,89,,31784,32,,,1,49,,31785,32,,,1,89,,31786,32,,,1,89,,31787,32,,,1,85,,31788,32,,,1,89,,31789,32,,,1,49,,31790,32,,,1,86,,31791,32,,,1,89,,31792,32,,,1,79,,31793,32,,,1
9901,'74',541,,31794,32,,,1,77,,31795,32,,,1,37,,31796,32,,,1,77,,31797,32,,,1,87,,31798,32,,,1,92,,31799,32,,,1,48,,31800,32,,,1,87,,31801,32,,,1,102,,31802,32,,,1,97,,31803,32,,,1,95,,31804,32,,,1,95,,31805,32,,,1,95,,31806,32,,,1,95,,31807,32,,,1,92,,31808,32,,,1,94,,31809,32,,,1,95,,31810,32,,,1,51,,31811,32,,,1,85,,31812,32,,,1,85,,31813,32,,,1
9901,'80',545,,31814,32,,,1,81,,31815,32,,,1,78,,31816,32,,,1,38,,31817,32,,,1,78,,31818,32,,,1,93,,31819,32,,,1,89,,31820,32,,,1,49,,31821,32,,,1,89,,31822,32,,,1,93,,31823,32,,,1,89,,31824,32,,,1,89,,31825,32,,,1,89,,31826,32,,,1,49,,31827,32,,,1,89,,31828,32,,,1,89,,31829,32,,,1,85,,31830,32,,,1,89,,31831,32,,,1,49,,31832,32,,,1,86,,31833,32,,,1,89,,31834,32,,,1,79,,31835,32,,,1
36001,'1',1004,,33821,13,,,1,29,,33822,13,,,1,69,,33823,13,,,1,27,,33824,13,,,1,25,,33837,13,,,1,83,,33836,13,,,1,84,,33825,13,,,1,84,,33826,13,,,1,44,,33827,13,,,1,87,,33828,13,,,1,84,,33829,13,,,1,88,,33830,13,,,1,42,,33831,13,,,1,82,,33832,13,,,1,84,,33833,13,,,1,85,,33834,13,,,1,42,,33835,13,,,1,84,,33843,13,,,1,26,,33842,13,,,1,66,,33838,13,,,1,26,,33839,13,,,1,66,,33840,13,,,1,26,,33841,13,,,1
36001,'2',1002,,33844,13,,,1,23,,33845,13,,,1,23,,33846,13,,,1,63,,33847,13,,,1,23,,33848,13,,,1,21,,33849,13,,,1,63,,33850,13,,,1,25,,33851,13,,,1,63,,33852,13,,,1,23,,33853,13,,,1,23,,33854,13,,,1,62,,33855,13,,,1,23,,33856,13,,,1,63,,33857,13,,,1,23,,33858,13,,,1,23,,33859,13,,,1,63,,33860,13,,,1,23,,33861,13,,,1,25,,33862,13,,,1,63,,33863,13,,,1,20,,33864,13,,,1,64,,33865,13,,,1,23,,33866,13,,,1,28,,33879,13,,,1,64,,33878,13,,,1,21,,33867,13,,,1,64,,33868,13,,,1,24,,33869,13,,,1,25,,33870,13,,,1,63,,33871,13,,,1,21,,33872,13,,,1,64,,33873,13,,,1,24,,33874,13,,,1,24,,33875,13,,,1,64,,33876,13,,,1,24,,33877,13,,,1
36001,'3',956,,33880,13,,,1,62,,33881,13,,,1,22,,33882,13,,,1,62,,33883,13,,,1,20,,33884,13,,,1,22,,33885,13,,,1,63,,33886,13,,,1,22,,33887,13,,,1,22,,33888,13,,,1,62,,33889,13,,,1,23,,33890,13,,,1,22,,33891,13,,,1,62,,33892,13,,,1,20,,33893,13,,,1,65,,33894,13,,,1,22,,33895,13,,,1,22,,33896,13,,,1,62,,33897,13,,,1,22,,33898,13,,,1,22,,33899,13,,,1,62,,33900,13,,,1,22,,33901,13,,,1,63,,33902,13,,,1,22,,33903,13,,,1,22,,33904,13,,,1,67,,33905,13,,,1,21,,33917,13,,,1,18,,33916,13,,,1,62,,33906,13,,,1,23,,33907,13,,,1,63,,33908,13,,,1,23,,33909,13,,,1,23,,33910,13,,,1,61,,33911,13,,,1,23,,33912,13,,,1,23,,33913,13,,,1,63,,33914,13,,,1,23,,33915,13,,,1
36001,'74',1002,,33918,13,,,1,23,,33919,13,,,1,23,,33920,13,,,1,63,,33921,13,,,1,23,,33922,13,,,1,21,,33923,13,,,1,63,,33924,13,,,1,25,,33925,13,,,1,63,,33926,13,,,1,23,,33927,13,,,1,23,,33928,13,,,1,62,,33929,13,,,1,23,,33930,13,,,1,63,,33931,13,,,1,23,,33932,13,,,1,23,,33933,13,,,1,63,,33934,13,,,1,23,,33935,13,,,1,25,,33936,13,,,1,63,,33937,13,,,1,20,,33938,13,,,1,64,,33939,13,,,1,23,,33940,13,,,1,28,,33942,13,,,1,64,,33941,13,,,1,21,,33943,13,,,1,64,,33944,13,,,1,24,,33945,13,,,1,25,,33946,13,,,1,63,,33947,13,,,1,21,,33948,13,,,1,64,,33949,13,,,1,24,,33950,13,,,1,24,,33951,13,,,1,64,,33952,13,,,1,24,,33953,13,,,1,64,,33954,13,,,1
36001,'80',956,,33955,13,,,1,62,,33956,13,,,1,22,,33957,13,,,1,62,,33958,13,,,1,20,,33959,13,,,1,22,,33960,13,,,1,63,,33961,13,,,1,22,,33962,13,,,1,22,,33963,13,,,1,62,,33964,13,,,1,23,,33965,13,,,1,22,,33966,13,,,1,62,,33967,13,,,1,20,,33968,13,,,1,65,,33969,13,,,1,22,,33970,13,,,1,22,,33971,13,,,1,62,,33972,13,,,1,22,,33973,13,,,1,22,,33974,13,,,1,62,,33975,13,,,1,22,,33976,13,,,1,63,,33977,13,,,1,22,,33978,13,,,1,22,,33979,13,,,1,67,,33980,13,,,1,21,,33992,13,,,1,18,,33991,13,,,1,62,,33981,13,,,1,23,,33982,13,,,1,63,,33983,13,,,1,23,,33984,13,,,1,23,,33985,13,,,1,61,,33986,13,,,1,23,,33987,13,,,1,23,,33988,13,,,1,63,,33989,13,,,1,23,,33990,13,,,1
989901,'1',2245,,36877,87,,,1,69,,36878,87,,,1,38,,36879,87,,,1,74,,36880,87,,,1,75,,36881,87,,,1,30,,36882,87,,,1,75,,36883,87,,,1,35,,36884,87,,,1
989901,'2',2253,,36885,87,,,1,87,,36886,87,,,1,81,,36887,87,,,1,91,,36890,87,,,1,45,,36888,87,,,1,86,,36889,87,,,1
989901,'3',2301,,36891,87,,,1,47,,36892,87,,,1,83,,36893,87,,,1,85,,36894,87,,,1,39,,36895,87,,,1,83,,36896,87,,,1
989901,'74',2253,,36897,87,,,1,87,,36898,87,,,1,81,,36899,87,,,1,91,,36902,87,,,1,45,,36900,87,,,1,86,,36901,87,,,1
989901,'80',2301,,36903,87,,,1,47,,36904,87,,,1,83,,36905,87,,,1,85,,36906,87,,,1,39,,36907,87,,,1,83,,36908,87,,,1
