9900,'1',349,,31638,14,,,1,80,,31639,14,,,1,72,,31612,34,,,1,42,,31613,34,,,1,80,,31614,34,,,1,84,,31615,34,,,1,96,,31616,34,,,1,35,,31617,34,,,1,77,,31618,34,,,1,32,,31619,34,,,1,75,,31620,34,,,1,35,,31621,34,,,1,99,,31622,34,,,1,94,,31623,34,,,1,94,,31624,34,,,1,94,,31625,34,,,1,76,,31637,34,,,1,31,,31636,34,,,1,69,,31626,34,,,1,30,,31627,34,,,1,70,,31628,34,,,1,30,,31629,34,,,1,70,,31630,34,,,1,25,,31631,34,,,1,70,,31632,34,,,1,24,,31633,34,,,1,70,,31634,34,,,1,27,,31635,34,,,1
9900,'2',509,,31658,14,,,1,37,,31659,14,,,1,74,,31640,34,,,1,39,,31641,34,,,1,78,,31655,34,,,1,91,,31654,34,,,1,87,,31642,34,,,1,87,,31643,34,,,1,47,,31644,34,,,1,89,,31645,34,,,1,107,,31646,34,,,1,95,,31647,34,,,1,95,,31648,34,,,1,98,,31649,34,,,1,95,,31650,34,,,1,92,,31651,34,,,1,95,,31652,34,,,1,95,,31653,34,,,1,46,,31657,34,,,1,90,,31656,34,,,1
9900,'3',511,,31678,14,,,1,38,,31679,14,,,1,81,,31660,34,,,1,78,,31661,34,,,1,38,,31662,34,,,1,78,,31663,34,,,1,93,,31680,34,,,1,89,,31664,34,,,1,49,,31665,34,,,1,89,,31666,34,,,1,93,,31667,34,,,1,89,,31668,34,,,1,89,,31669,34,,,1,89,,31670,34,,,1,49,,31671,34,,,1,89,,31672,34,,,1,89,,31673,34,,,1,87,,31674,34,,,1,89,,31675,34,,,1,49,,31676,34,,,1,81,,31677,34,,,1
9900,'74',509,,31699,14,,,1,37,,31700,14,,,1,74,,31681,34,,,1,39,,31682,34,,,1,78,,31696,34,,,1,91,,31695,34,,,1,87,,31683,34,,,1,87,,31684,34,,,1,47,,31685,34,,,1,89,,31686,34,,,1,107,,31687,34,,,1,95,,31688,34,,,1,95,,31689,34,,,1,98,,31690,34,,,1,95,,31691,34,,,1,92,,31692,34,,,1,95,,31693,34,,,1,95,,31694,34,,,1,46,,31698,34,,,1,90,,31697,34,,,1
9900,'80',511,,31719,14,,,1,38,,31720,14,,,1,81,,31701,34,,,1,78,,31702,34,,,1,38,,31703,34,,,1,78,,31704,34,,,1,93,,31721,34,,,1,89,,31705,34,,,1,49,,31706,34,,,1,89,,31707,34,,,1,93,,31708,34,,,1,89,,31709,34,,,1,89,,31710,34,,,1,89,,31711,34,,,1,49,,31712,34,,,1,89,,31713,34,,,1,89,,31714,34,,,1,87,,31715,34,,,1,89,,31716,34,,,1,49,,31717,34,,,1,81,,31718,34,,,1
989900,'1',2101,,36830,34,,,1,35,,36831,34,,,1,78,,36832,34,,,1,38,,36833,34,,,1,75,,36834,34,,,1,73,,36835,34,,,1,35,,36836,34,,,1,75,,36837,34,,,1,35,,36838,34,0,5 6,1,75,,36839,34,0,5 6,1,80,,36840,34,0,5 6,1
989900,'2',2105,,36841,34,,,1,54,,36842,34,,,1,88,,36843,34,,,1,93,,36844,34,,,1,86,,36845,34,,,1,86,,36846,34,,,1,45,,36847,34,0,5 6,1,86,,36848,34,0,5 6,1,86,,36849,34,0,5 6,1
989900,'3',2123,,36850,34,,,1,90,,36851,34,,,1,46,,36852,34,,,1,90,,36853,34,,,1,81,,36854,34,,,1,83,,36855,34,,,1,40,,36856,34,0,5 6,1,83,,36857,34,0,5 6,1,83,,36858,34,0,5 6,1
989900,'74',2105,,36859,34,,,1,54,,36860,34,,,1,88,,36861,34,,,1,93,,36862,34,,,1,86,,36863,34,,,1,86,,36864,34,,,1,45,,36865,34,0,5 6,1,86,,36866,34,0,5 6,1,86,,36867,34,0,5 6,1
989900,'80',2123,,36868,34,,,1,90,,36869,34,,,1,46,,36870,34,,,1,90,,36871,34,,,1,81,,36872,34,,,1,83,,36873,34,,,1,40,,36874,34,0,5 6,1,83,,36875,34,0,5 6,1,83,,36876,34,0,5 6,1
