100,'1',354,,12536,16,,,1,78,,12535,16,,,1,71,,12534,16,,,1,42,,12562,31,,,1,78,,12561,31,,,1,78,,12559,31,,,1,38,,12560,31,,,1,74,,12558,31,,,1,35,,12557,31,,,1,75,,12556,31,,,1,109,,12555,31,,,1,113,,12554,31,,,1,112,,12553,31,,,1,155,,12552,31,,,1,47,,12563,31,,,1,81,,12551,31,,,1,71,,12550,31,,,1,37,,12549,31,,,1,71,,12548,31,,,1,34,,12547,31,,,1,74,,12546,31,,,1,27,,12545,31,,,1,66,,12544,31,,,1,98,,12543,31,,,1,103,,12542,31,,,1,100,,12541,31,,,1,92,,12540,31,,,1,96,,12539,31,,,1,49,,12538,31,,,1,95,,12537,31,,,1
100,'2',555,,12586,16,,,1,96,,12564,31,,,1,103,,12565,31,,,1,147,,12566,31,,,1,103,,12567,31,,,1,109,,12568,31,,,1,95,,12569,31,,,1,47,,12570,31,,,1,103,,12571,31,,,1,92,,12572,31,,,1,92,,12573,31,,,1,92,,12574,31,,,1,86,,12575,31,,,1,92,,12576,31,,,1,91,,12577,31,,,1,44,,12578,31,,,1,92,,12579,31,,,1,90,,12580,31,,,1,97,,12581,31,,,1,97,,12582,31,,,1,94,,12583,31,,,1,93,,12584,31,,,1,97,,12585,31,,,1
100,'3',745,,12602,16,,,1,91,,12587,31,,,1,118,,12588,31,,,1,155,,12589,31,,,1,114,,12590,31,,,1,115,,12591,31,,,1,112,,12592,31,,,1,107,,12593,31,,,1,152,,12594,31,,,1,111,,12595,31,,,1,109,,12596,31,,,1,96,,12597,31,,,1,99,,12598,31,,,1,99,,12599,31,,,1,95,,12600,31,,,1,99,,12601,31,,,1
100,'80',745,,12618,16,,,1,91,,12603,31,,,1,118,,12604,31,,,1,155,,12605,31,,,1,114,,12606,31,,,1,115,,12607,31,,,1,112,,12608,31,,,1,107,,12609,31,,,1,152,,12610,31,,,1,111,,12611,31,,,1,109,,12612,31,,,1,96,,12613,31,,,1,99,,12614,31,,,1,99,,12615,31,,,1,95,,12616,31,,,1,99,,12617,31,,,1
60300,'1',513,,21325,17,,,1,20,,21326,17,,,1,21,,21327,17,,,1,61,,21328,17,,,1,23,,21329,17,,,1,18,,21330,17,,,1,63,,21331,17,,,1,18,,21332,17,,,1,18,,21333,17,,,1,61,,21334,17,,,1,18,,21335,17,,,1,18,,21336,17,,,1,58,,21337,17,,,1,18,,21338,17,,,1,19,,21339,17,,,1,62,,21340,17,,,1,22,,21341,17,,,1,22,,21342,17,,,1,64,,21343,17,,,1,22,,21344,17,,,1,62,,21345,17,,,1,22,,21346,17,,,1,22,,21347,17,,,1,62,,21348,17,,,1,23,,21349,17,,,1,22,,21350,17,,,1,62,,21351,17,,,1,22,,21352,17,,,1,22,,21353,17,,,1,61,,21354,17,,,1,16,,21355,17,,,1,16,,21356,17,,,1,56,,21357,17,,,1,16,,21358,17,,,1,16,,21359,17,,,1,16,,21360,17,,,1,56,,21361,17,,,1,16,,21362,17,,,1,16,,21363,17,,,1,16,,21364,17,,,1,54,,21365,17,,,1,16,,21366,17,,,1,12,,21367,17,,,1,16,,21368,17,,,1,56,,21369,17,,,1,14,,21370,17,,,1,30,,21371,17,,,1,70,,21372,17,,,1,30,,21373,17,,,1,68,,21374,17,,,1,27,,21375,17,,,1,70,,21376,17,,,1,81,,21377,17,,,1,39,,21378,17,,,1,82,,21379,17,,,1,87,,21380,17,,,1
60300,'2',544,,21381,17,,,1,82,,21382,17,,,1,80,,21383,17,,,1,40,,21384,17,,,1,80,,21385,17,,,1,85,,21386,17,,,1,45,,21387,17,,,1,81,,21388,17,,,1,77,,21389,17,,,1,38,,21390,17,,,1,83,,21391,17,,,1,74,,21392,17,,,1,38,,21393,17,,,1,78,,21394,17,,,1,77,,21395,17,,,1,40,,21396,17,,,1,78,,21397,17,,,1,38,,21398,17,,,1,74,,21399,17,,,1,80,,21400,17,,,1,35,,21401,17,,,1,78,,21402,17,,,1,77,,21403,17,,,1,40,,21404,17,,,1,80,,21405,17,,,1,37,,21406,17,,,1,86,,21407,17,,,1,89,,21408,17,,,1,92,,21409,17,,,1
60300,'3',728,,21410,17,,,1,76,,21411,17,,,1,38,,21412,17,,,1,78,,21413,17,,,1,82,,21414,17,,,1,45,,21415,17,,,1,85,,21416,17,,,1,82,,21417,17,,,1,41,,21418,17,,,1,82,,21419,17,,,1,82,,21420,17,,,1,84,,21421,17,,,1,39,,21422,17,,,1,76,,21423,17,,,1,36,,21424,17,,,1,76,,21425,17,,,1,74,,21426,17,,,1,36,,21427,17,,,1,72,,21428,17,,,1,36,,21429,17,,,1,74,,21430,17,,,1,36,,21431,17,,,1,91,,21432,17,,,1,105,,21433,17,,,1,103,,21434,17,,,1,146,,21435,17,,,1
60300,'80',728,,21436,17,,,1,76,,21437,17,,,1,38,,21438,17,,,1,78,,21439,17,,,1,82,,21440,17,,,1,45,,21441,17,,,1,85,,21442,17,,,1,82,,21443,17,,,1,41,,21444,17,,,1,82,,21445,17,,,1,82,,21446,17,,,1,84,,21447,17,,,1,39,,21448,17,,,1,76,,21449,17,,,1,36,,21450,17,,,1,76,,21451,17,,,1,74,,21452,17,,,1,36,,21453,17,,,1,72,,21454,17,,,1,36,,21455,17,,,1,74,,21456,17,,,1,36,,21457,17,,,1,91,,21458,17,,,1,105,,21459,17,,,1,103,,21460,17,,,1,146,,21461,17,,,1
6030100,'1',529,,23170,17,,,1,20,,23171,17,,,1,62,,23172,17,,,1,24,,23173,17,,,1,18,,23174,17,,,1,58,,23175,17,,,1,22,,23176,17,,,1,18,,23177,17,,,1,62,,23178,17,,,1,18,,23179,17,,,1,18,,23180,17,,,1,58,,23181,17,,,1,18,,23182,17,,,1,16,,23183,17,,,1,62,,23184,17,,,1,22,,23185,17,,,1,22,,23186,17,,,1,62,,23187,17,,,1,22,,23188,17,,,1,22,,23189,17,,,1,62,,23190,17,,,1,22,,23191,17,,,1,22,,23192,17,,,1,64,,23193,17,,,1,22,,23194,17,,,1,62,,23195,17,,,1,22,,23196,17,,,1,22,,23197,17,,,1,62,,23198,17,,,1,16,,23199,17,,,1,16,,23200,17,,,1,56,,23201,17,,,1,16,,23202,17,,,1,16,,23203,17,,,1,16,,23204,17,,,1,56,,23205,17,,,1,16,,23206,17,,,1,16,,23207,17,,,1,18,,23208,17,,,1,56,,23209,17,,,1,16,,23210,17,,,1,16,,23211,17,,,1,10,,23212,17,,,1,56,,23213,17,,,1,15,,23214,17,,,1,23,,23215,17,,,1,70,,23216,17,,,1,30,,23217,17,,,1,70,,23218,17,,,1,27,,23219,17,,,1,70,,23220,17,,,1,36,,23221,17,,,1,80,,23222,17,,,1,79,,23223,17,,,1,42,,23224,17,,,1
6030100,'2',527,,23225,17,,,1,80,,23226,17,,,1,45,,23227,17,,,1,82,,23228,17,,,1,80,,23229,17,,,1,40,,23230,17,,,1,82,,23231,17,,,1,80,,23232,17,,,1,84,,23233,17,,,1,39,,23234,17,,,1,78,,23235,17,,,1,38,,23236,17,,,1,75,,23237,17,,,1,78,,23238,17,,,1,40,,23239,17,,,1,78,,23240,17,,,1,79,,23241,17,,,1,38,,23242,17,,,1,78,,23243,17,,,1,79,,23244,17,,,1,37,,23245,17,,,1,79,,23246,17,,,1,32,,23247,17,,,1,79,,23248,17,,,1,81,,23249,17,,,1,40,,23250,17,,,1,79,,23251,17,,,1,92,,23252,17,,,1,86,,23253,17,,,1,52,,23254,17,,,1
6030100,'3',715,,23255,17,,,1,36,,23256,17,,,1,77,,23257,17,,,1,77,,23258,17,,,1,39,,23259,17,,,1,88,,23260,17,,,1,82,,23261,17,,,1,42,,23262,17,,,1,84,,23263,17,,,1,83,,23264,17,,,1,79,,23265,17,,,1,44,,23266,17,,,1,82,,23267,17,,,1,76,,23268,17,,,1,36,,23269,17,,,1,76,,23270,17,,,1,35,,23271,17,,,1,76,,23272,17,,,1,76,,23273,17,,,1,33,,23274,17,,,1,76,,23275,17,,,1,36,,23276,17,,,1,73,,23277,17,,,1,105,,23278,17,,,1,103,,23279,17,,,1,104,,23280,17,,,1
6030100,'80',715,,23281,17,,,1,36,,23282,17,,,1,77,,23283,17,,,1,77,,23284,17,,,1,39,,23285,17,,,1,88,,23286,17,,,1,82,,23287,17,,,1,42,,23288,17,,,1,84,,23289,17,,,1,83,,23290,17,,,1,79,,23291,17,,,1,44,,23292,17,,,1,82,,23293,17,,,1,76,,23294,17,,,1,36,,23295,17,,,1,76,,23296,17,,,1,35,,23297,17,,,1,76,,23298,17,,,1,76,,23299,17,,,1,33,,23300,17,,,1,76,,23301,17,,,1,36,,23302,17,,,1,73,,23303,17,,,1,105,,23304,17,,,1,103,,23305,17,,,1,104,,23306,17,,,1
