9600,'1',710,,31260,85,,,1,47,,31259,85,,,1,71,,31258,85,,,1,77,,31257,85,,,1,27,,31256,85,,,1,73,,31253,85,,,1,34,,31254,85,,,1,70,,31255,85,,,1,32,,31268,85,,,1,68,,31267,81,,,1,39,,31261,81,,,1,79,,31262,81,,,1,79,,31263,81,,,1,46,,31264,81,,,1,65,,31265,81,,,1,92,,31266,85,,,1,43,,31274,85,,,1,67,,31273,85,,,1,32,,31272,85,,,1,62,,31269,85,,,1,27,,31270,85,,,1,61,,31271,85,,,1,27,,31277,85,,,1,18,,31278,85,,,1,12,,31288,85,,,1,51,,31276,85,,,1,25,,31275,85,,,1,70,,31285,81,,,1,30,,31284,81,,,1,15,,31287,81,,,1,52,,31279,81,,,1,30,,31280,81,,,1,69,,31281,81,,,1,28,,31282,81,,,1,30,,31283,81,,,1,57,,31286,81,,,1
9600,'2',1031,,31289,81,,,1,102,,31290,81,,,1,99,,31291,81,,,1,95,,31292,81,,,1,99,,31293,81,,,1,99,,31294,81,,,1,99,,31295,81,,,1,99,,31296,81,,,1,93,,31297,81,,,1,97,,31298,81,,,1,87,,31299,81,,,1,42,,31300,81,,,1,97,,31301,81,,,1
9600,'3',1121,,31302,81,,,1,94,,31303,81,,,1,94,,31304,81,,,1,94,,31305,81,,,1,54,,31306,81,,,1,94,,31307,81,,,1,94,,31308,81,,,1,94,,31309,81,,,1,91,,31310,81,,,1,94,,31311,81,,,1,94,,31312,81,,,1,90,,31313,81,,,1
9600,'74',1031,,31314,81,,,1,102,,31315,81,,,1,99,,31316,81,,,1,95,,31317,81,,,1,99,,31318,81,,,1,99,,31319,81,,,1,99,,31320,81,,,1,99,,31321,81,,,1,93,,31322,81,,,1,97,,31323,81,,,1,87,,31324,81,,,1,42,,31325,81,,,1,97,,31326,81,,,1
9600,'80',1121,,31327,81,,,1,94,,31328,81,,,1,94,,31329,81,,,1,94,,31330,81,,,1,54,,31331,81,,,1,94,,31332,81,,,1,94,,31333,81,,,1,94,,31334,81,,,1,91,,31335,81,,,1,94,,31336,81,,,1,94,,31337,81,,,1,90,,31338,81,,,1
9800,'1',626,,31445,37,,,1,75,,31444,37,,,1,33,,31443,37,,,1,75,,31442,37,,,1,35,,31441,37,,,1,75,,31440,37,,,1,98,,31436,37,,,1,98,,31433,37,,,1,96,,31438,37,,,1,98,,31437,37,,,1,40,,31425,37,,,1,79,,31435,37,,,1,80,,31434,37,,,1,40,,31432,37,,,1,80,,31431,37,,,1,80,,31430,37,,,1,44,,31429,37,,,1,80,,31428,37,,,1,93,,31427,37,,,1,91,,31426,37,,,1,88,,31439,37,,,1
9800,'2',625,,31463,37,,,1,86,,31462,37,,,1,44,,31461,37,,,1,94,,31460,37,,,1,93,,31459,37,,,1,91,,31458,37,,,1,94,,31457,37,,,1,98,,31456,37,,,1,98,,31455,37,,,1,97,,31454,37,,,1,98,,31453,37,,,1,98,,31452,37,,,1,99,,31451,37,,,1,101,,31450,37,,,1,89,,31449,37,,,1,53,,31448,37,,,1,89,,31447,37,,,1,85,,31446,37,,,1
9800,'3',809,,31479,37,,,1,48,,31478,37,,,1,88,,31477,37,,,1,92,,31476,37,,,1,93,,31475,37,,,1,90,,31474,37,,,1,93,,31473,37,,,1,93,,31472,37,,,1,53,,31471,37,,,1,93,,31470,37,,,1,93,,31469,37,,,1,96,,31468,37,,,1,88,,31467,37,,,1,91,,31466,37,,,1,87,,31465,37,,,1,48,,31464,37,,,1
9800,'74',625,,31497,37,,,1,86,,31496,37,,,1,44,,31495,37,,,1,94,,31494,37,,,1,93,,31493,37,,,1,91,,31492,37,,,1,94,,31491,37,,,1,98,,31490,37,,,1,98,,31489,37,,,1,97,,31488,37,,,1,98,,31487,37,,,1,98,,31486,37,,,1,99,,31485,37,,,1,101,,31484,37,,,1,89,,31483,37,,,1,53,,31482,37,,,1,89,,31481,37,,,1,85,,31480,37,,,1
9800,'80',809,,31513,37,,,1,48,,31512,37,,,1,88,,31511,37,,,1,92,,31510,37,,,1,93,,31509,37,,,1,90,,31508,37,,,1,93,,31507,37,,,1,93,,31506,37,,,1,53,,31505,37,,,1,93,,31504,37,,,1,93,,31503,37,,,1,96,,31502,37,,,1,88,,31501,37,,,1,91,,31500,37,,,1,87,,31499,37,,,1,48,,31498,37,,,1
989900,'1',2130,,36830,80,,,1,73,,36831,80,,,1,38,,36832,80,,,1,78,,36833,80,,,1,35,,36834,80,,,1,72,,36835,80,,,1,75,,36836,80,,,1,35,,36837,80,,,1,74,,36838,80,0,5 6,1,35,,36839,80,0,5 6,1,79,,36840,80,0,5 6,1
989900,'2',2134,,36841,80,,,1,94,,36842,80,,,1,86,,36843,80,,,1,91,,36844,80,,,1,46,,36845,80,,,1,86,,36846,80,,,1,82,,36847,80,0,5 6,1,86,,36848,80,0,5 6,1,46,,36849,80,0,5 6,1
989900,'3',2149,,36850,80,,,1,90,,36851,80,,,1,85,,36852,80,,,1,90,,36853,80,,,1,40,,36854,80,,,1,83,,36855,80,,,1,78,,36856,80,0,5 6,1,43,,36857,80,0,5 6,1,83,,36858,80,0,5 6,1
989900,'74',2134,,36859,80,,,1,94,,36860,80,,,1,86,,36861,80,,,1,91,,36862,80,,,1,46,,36863,80,,,1,86,,36864,80,,,1,82,,36865,80,0,5 6,1,86,,36866,80,0,5 6,1,46,,36867,80,0,5 6,1
989900,'80',2149,,36868,80,,,1,90,,36869,80,,,1,85,,36870,80,,,1,90,,36871,80,,,1,40,,36872,80,,,1,83,,36873,80,,,1,78,,36874,80,0,5 6,1,43,,36875,80,0,5 6,1,83,,36876,80,0,5 6,1
