8500,'1',543,,29617,6,,,1,16,,29618,6,,,1,56,,29619,6,,,1,16,,29620,6,,,1,16,,29621,6,,,1,56,,29622,6,,,1,16,,29623,6,,,1,16,,29624,6,,,1,16,,29625,6,,,1,56,,29626,6,,,1,16,,29627,6,,,1,16,,29628,6,,,1,16,,29629,6,,,1,65,,29630,6,,,1,25,,29631,6,,,1,65,,29632,6,,,1,25,,29633,6,,,1,65,,29634,6,,,1,25,,29635,6,,,1,25,,29636,6,,,1,65,,29637,6,,,1,25,,29638,6,,,1,65,,29639,6,,,1,25,,29640,6,,,1,20,,29641,6,,,1
8500,'2',632,,29697,6,,,1,70,,29698,6,,,1,30,,29699,6,,,1,68,,29700,6,,,1,31,,29701,6,,,1,70,,29702,6,,,1,30,,29703,6,,,1,72,,29704,6,,,1,30,,29705,6,,,1,71,,29669,6,,,1,22,,29670,6,,,1,23,,29671,6,,,1,63,,29672,6,,,1,23,,29673,6,,,1,23,,29674,6,,,1,63,,29675,6,,,1,23,,29676,6,,,1,63,,29677,6,,,1,23,,29678,6,,,1,23,,29679,6,,,1,63,,29680,6,,,1,23,,29681,6,,,1,63,,29682,6,,,1,23,,29683,6,,,1,21,,29684,6,,,1,65,,29685,6,,,1,17,,29686,6,,,1,21,,29687,6,,,1,61,,29688,6,,,1,21,,29689,6,,,1,21,,29690,6,,,1,61,,29691,6,,,1,21,,29692,6,,,1,21,,29693,6,,,1,61,,29694,6,,,1,21,,29695,6,,,1,21,,29696,6,,,1,70,,29706,6,,,1,30,,29707,6,,,1,70,,29708,6,,,1
8500,'3',922,,29709,6,,,1,80,,29710,6,,,1,40,,29711,6,,,1,80,,29712,6,,,1,91,,29713,6,,,1,43,,29714,6,,,1,83,,29715,6,,,1,83,,29716,6,,,1,82,,29717,6,,,1,43,,29718,6,,,1,82,,29719,6,,,1,74,,29720,6,,,1,41,,29721,6,,,1,85,,29722,6,,,1,77,,29723,6,,,1,41,,29724,6,,,1,81,,29725,6,,,1
8500,'74',632,,29756,6,,,1,70,,29757,6,,,1,30,,29758,6,,,1,68,,29759,6,,,1,31,,29760,6,,,1,70,,29761,6,,,1,30,,29762,6,,,1,72,,29763,6,,,1,30,,29764,6,,,1,71,,29728,6,,,1,22,,29729,6,,,1,23,,29730,6,,,1,63,,29731,6,,,1,23,,29732,6,,,1,23,,29733,6,,,1,63,,29734,6,,,1,23,,29735,6,,,1,63,,29736,6,,,1,23,,29737,6,,,1,23,,29738,6,,,1,63,,29739,6,,,1,23,,29740,6,,,1,63,,29741,6,,,1,23,,29742,6,,,1,21,,29743,6,,,1,65,,29744,6,,,1,17,,29745,6,,,1,21,,29746,6,,,1,61,,29747,6,,,1,21,,29748,6,,,1,21,,29749,6,,,1,61,,29750,6,,,1,21,,29751,6,,,1,21,,29752,6,,,1,61,,29753,6,,,1,21,,29754,6,,,1,21,,29755,6,,,1,70,,29765,6,,,1,30,,29766,6,,,1,70,,29767,6,,,1
8500,'80',922,,29768,6,,,1,80,,29769,6,,,1,40,,29770,6,,,1,80,,29771,6,,,1,91,,29772,6,,,1,43,,29773,6,,,1,83,,29774,6,,,1,83,,29775,6,,,1,82,,29776,6,,,1,43,,29777,6,,,1,82,,29778,6,,,1,74,,29779,6,,,1,41,,29780,6,,,1,85,,29781,6,,,1,77,,29782,6,,,1,41,,29783,6,,,1,81,,29784,6,,,1
8501,'1',1356,,29808,57,,,1,65,,29812,57,,,1,25,,29813,57,,,1,66,,29814,57,,,1,16,,29841,57,,,1,16,,29842,57,,,1,56,,29831,57,,,1,16,,29830,57,,,1,16,,29829,57,,,1,71,,29828,57,,,1,25,,29827,57,,,1,16,,29815,57,,,1,59,,29816,57,,,1,13,,29817,57,,,1,6,,29818,57,,,1,16,,29819,57,,,1,11,,29820,57,,,1,59,,29821,57,,,1,13,,29822,57,,,1,16,,29823,57,,,1,16,,29824,57,,,1,56,,29825,57,,,1,13,,29826,57,,,1,32,,29834,57,,,1,63,,29833,57,,,1,25,,29832,57,,,1,62,,29838,57,,,1,29,,29837,57,,,1,70,,29835,57,,,1,32,,29836,57,,,1
8501,'2',2247,,29881,57,,,1,70,,29882,57,,,1
8501,'3',2102,,29883,57,,,1,41,,29884,57,,,1
8501,'74',2247,,29940,57,,,1,70,,29941,57,,,1
8501,'80',2102,,29956,57,,,1,41,,29957,57,,,1
