101,'1',439,,23682,4,,,1,78,,23683,4,,,1,31,,23684,4,,,1,85,,23690,4,,,1,78,,23692,4,,,1,29,,23685,4,,,1,16,,23691,4,,,1,85,,23689,4,,,1,72,,23688,4,,,1,32,,23687,4,,,1,70,,23686,4,,,1,109,,23681,4,,,1,113,,23680,4,,,1,113,,23679,4,,,1,76,,23693,4,,,1,77,,23678,4,,,1,23,,23670,4,,,1,75,,23671,4,,,1,34,,23672,4,,,1,74,,23677,4,,,1,34,,23676,4,,,1,74,,23675,4,,,1,34,,23674,4,,,1,73,,23673,4,,,1,82,,23666,4,,,1,99,,23669,4,,,1,104,,23668,4,,,1,101,,23667,4,,,1,49,,23665,4,,,1,95,,23664,4,,,1
101,'74',634,,23715,4,,,1,103,,23694,4,,,1,103,,23695,4,,,1,104,,23696,4,,,1,108,,23697,4,,,1,149,,23708,4,,,1,102,,23698,4,,,1,52,,23699,4,,,1,92,,23700,4,,,1,92,,23701,4,,,1,92,,23702,4,,,1,92,,23703,4,,,1,91,,23704,4,,,1,92,,23705,4,,,1,52,,23706,4,,,1,92,,23707,4,,,1,161,,23709,4,,,1,97,,23710,4,,,1,97,,23711,4,,,1,96,,23712,4,,,1,57,,23713,4,,,1
101,'80',823,,23730,4,,,1,112,,23729,4,,,1,113,,23716,4,,,1,152,,23717,4,,,1,112,,23718,4,,,1,112,,23719,4,,,1,112,,23720,4,,,1,112,,23721,4,,,1,152,,23722,4,,,1,111,,23723,4,,,1,98,,23728,4,,,1,99,,23724,4,,,1,99,,23725,4,,,1,99,,23726,4,,,1,99,,23727,4,,,1
101,'35296.2',634,,23744,4,,,1,103,,23732,4,,,1,103,,23733,4,,,1,104,,23734,4,,,1,108,,23735,4,,,1,149,,23742,4,,,1,102,,23736,4,,,1,52,,23737,4,,,1,92,,23738,4,,,1,92,,23739,4,,,1,92,,23740,4,,,1,92,,23741,4,,,1,91,,23745,4,,,1,92,,23746,4,,,1,52,,23747,4,,,1,92,,23748,4,,,1,161,,23749,4,,,1,97,,23750,4,,,1,97,,23751,4,,,1,96,,23752,4,,,1,57,,23753,4,,,1
101,'35296.3',823,,23757,4,,,1,112,,23756,4,,,1,113,,23754,4,,,1,152,,23755,4,,,1,112,,23759,4,,,1,112,,23760,4,,,1,112,,23761,4,,,1,112,,23762,4,,,1,152,,23763,4,,,1,111,,23764,4,,,1,98,,23769,4,,,1,99,,23765,4,,,1,99,,23766,4,,,1,99,,23767,4,,,1,99,,23768,4,,,1
101,'35298.2',634,,23808,4,,,1,75,,23804,4,,,1,17,,23805,4,,,1,17,,23806,4,,,1,57,,23807,4,,,1,17,,23770,4,,,1,17,,23771,4,,,1,17,,23772,4,,,1,58,,23773,4,,,1,17,,23774,4,,,1,17,,23775,4,,,1,57,,23776,4,,,1,17,,23777,4,,,1,17,,23778,4,,,1,17,,23779,4,,,1,57,,23780,4,,,1,17,,23781,4,,,1,17,,23782,4,,,1,17,,23783,4,,,1,57,,23784,4,,,1,17,,23785,4,,,1,17,,23786,4,,,1,57,,23787,4,,,1,17,,23788,4,,,1,17,,23789,4,,,1,17,,23790,4,,,1,57,,23791,4,,,1,17,,23792,4,,,1,17,,23793,4,,,1,57,,23794,4,,,1,17,,23795,4,,,1,17,,23796,4,,,1,17,,23797,4,,,1,57,,23798,4,,,1,17,,23799,4,,,1,17,,23800,4,,,1,57,,23801,4,,,1,17,,23802,4,,,1,17,,23803,4,,,1,17,,23810,4,,,1,56,,23811,4,,,1,17,,23812,4,,,1,17,,23813,4,,,1,60,,23814,4,,,1,52,,23815,4,,,1,92,,23816,4,,,1,161,,23817,4,,,1,97,,23818,4,,,1,97,,23819,4,,,1,96,,23820,4,,,1,57,,23821,4,,,1
101,'35298.3',704,,23822,4,,,1,17,,23823,4,,,1,17,,23824,4,,,1,17,,23825,4,,,1,57,,23826,4,,,1,17,,23827,4,,,1,17,,23828,4,,,1,57,,23829,4,,,1,17,,23830,4,,,1,17,,23831,4,,,1,17,,23832,4,,,1,58,,23833,4,,,1,17,,23834,4,,,1,17,,23835,4,,,1,57,,23836,4,,,1,17,,23837,4,,,1,17,,23838,4,,,1,17,,23839,4,,,1,57,,23840,4,,,1,17,,23841,4,,,1,17,,23842,4,,,1,57,,23843,4,,,1,17,,23844,4,,,1,17,,23845,4,,,1,17,,23846,4,,,1,57,,23847,4,,,1,17,,23848,4,,,1,17,,23849,4,,,1,57,,23850,4,,,1,17,,23851,4,,,1,17,,23852,4,,,1,17,,23853,4,,,1,57,,23854,4,,,1,17,,23855,4,,,1,17,,23856,4,,,1,57,,23857,4,,,1,17,,23858,4,,,1,17,,23859,4,,,1,17,,23860,4,,,1,57,,23861,4,,,1,17,,23862,4,,,1,17,,23863,4,,,1,16,,23864,4,,,1,57,,23865,4,,,1,94,,23866,4,,,1,99,,23867,4,,,1,99,,23868,4,,,1,99,,23869,4,,,1,99,,23870,4,,,1
60301,'1',540,,35160,2,,,1,60,,35161,2,,,1,16,,35162,2,,,1,18,,35163,2,,,1,18,,35164,2,,,1,59,,35165,2,,,1,18,,35166,2,,,1,18,,35167,2,,,1,59,,35168,2,,,1,18,,35169,2,,,1,18,,35170,2,,,1,17,,35171,2,,,1,59,,35172,2,,,1,22,,35173,2,,,1,62,,35174,2,,,1,22,,35175,2,,,1,21,,35176,2,,,1,62,,35177,2,,,1,22,,35178,2,,,1,22,,35179,2,,,1,62,,35180,2,,,1,22,,35181,2,,,1,22,,35182,2,,,1,62,,35183,2,,,1,22,,35184,2,,,1,62,,35185,2,,,1,22,,35186,2,,,1,22,,35187,2,,,1,56,,35188,2,,,1,16,,35189,2,,,1,16,,35190,2,,,1,16,,35191,2,,,1,56,,35192,2,,,1,16,,35193,2,,,1,16,,35194,2,,,1,16,,35195,2,,,1,56,,35196,2,,,1,16,,35197,2,,,1,16,,35198,2,,,1,16,,35199,2,,,1,56,,35200,2,,,1,16,,35201,2,,,1,16,,35202,2,,,1,56,,35203,2,,,1,26,,35204,2,,,1,30,,35205,2,,,1,70,,35206,2,,,1,30,,35207,2,,,1,70,,35208,2,,,1,30,,35209,2,,,1,74,,35210,2,,,1,82,,35211,2,,,1,41,,35212,2,,,1
60301,'74',547,,35215,2,,,1,80,,35216,2,,,1,80,,35217,2,,,1,40,,35218,2,,,1,80,,35219,2,,,1,81,,35220,2,,,1,40,,35221,2,,,1,80,,35222,2,,,1,84,,35223,2,,,1,38,,35224,2,,,1,78,,35225,2,,,1,78,,35226,2,,,1,38,,35227,2,,,1,77,,35228,2,,,1,79,,35229,2,,,1,37,,35230,2,,,1,78,,35231,2,,,1,38,,35232,2,,,1,78,,35233,2,,,1,78,,35234,2,,,1,38,,35235,2,,,1,78,,35236,2,,,1,91,,35237,2,,,1,40,,35238,2,,,1,80,,35239,2,,,1,80,,35240,2,,,1,100,,35241,2,,,1,92,,35242,2,,,1,92,,35243,2,,,1
60301,'80',800,,35247,2,,,1,37,,35248,2,,,1,76,,35249,2,,,1,87,,35250,2,,,1,41,,35251,2,,,1,82,,35252,2,,,1,82,,35253,2,,,1,42,,35254,2,,,1,83,,35255,2,,,1,81,,35256,2,,,1,42,,35257,2,,,1,82,,35258,2,,,1,80,,35259,2,,,1,36,,35260,2,,,1,76,,35261,2,,,1,76,,35262,2,,,1,36,,35263,2,,,1,76,,35264,2,,,1,36,,35265,2,,,1,76,,35266,2,,,1,76,,35267,2,,,1,41,,35268,2,,,1,106,,35269,2,,,1,106,,35270,2,,,1,146,,35271,2,,,1
60301,'35296.2',547,,35274,2,,,1,80,,35275,2,,,1,80,,35276,2,,,1,40,,35277,2,,,1,80,,35278,2,,,1,81,,35279,2,,,1,40,,35280,2,,,1,80,,35281,2,,,1,84,,35282,2,,,1,38,,35283,2,,,1,78,,35284,2,,,1,78,,35285,2,,,1,38,,35286,2,,,1,77,,35287,2,,,1,79,,35288,2,,,1,37,,35289,2,,,1,78,,35290,2,,,1,38,,35291,2,,,1,78,,35292,2,,,1,78,,35293,2,,,1,38,,35294,2,,,1,78,,35295,2,,,1,91,,35296,2,,,1,40,,35297,2,,,1,80,,35298,2,,,1,80,,35299,2,,,1,100,,35300,2,,,1,92,,35301,2,,,1,92,,35302,2,,,1
60301,'35296.3',800,,35306,2,,,1,37,,35307,2,,,1,76,,35308,2,,,1,87,,35309,2,,,1,41,,35310,2,,,1,82,,35311,2,,,1,82,,35312,2,,,1,42,,35313,2,,,1,83,,35314,2,,,1,81,,35315,2,,,1,42,,35316,2,,,1,82,,35317,2,,,1,80,,35318,2,,,1,36,,35319,2,,,1,76,,35320,2,,,1,76,,35321,2,,,1,36,,35322,2,,,1,76,,35323,2,,,1,36,,35324,2,,,1,76,,35325,2,,,1,76,,35326,2,,,1,41,,35327,2,,,1,106,,35328,2,,,1,106,,35329,2,,,1,146,,35330,2,,,1
60301,'35297.2',514,,35438,2,,,1,22,,35439,2,,,1,22,,35440,2,,,1,62,,35441,2,,,1,22,,35442,2,,,1,62,,35331,2,,,1,7,,35332,2,,,1,7,,35333,2,,,1,7,,35334,2,,,1,7,,35335,2,,,1,7,,35336,2,,,1,7,,35337,2,,,1,7,,35338,2,,,1,47,,35339,2,,,1,7,,35340,2,,,1,7,,35341,2,,,1,7,,35342,2,,,1,7,,35343,2,,,1,7,,35344,2,,,1,7,,35345,2,,,1,7,,35346,2,,,1,7,,35347,2,,,1,47,,35348,2,,,1,8,,35349,2,,,1,7,,35350,2,,,1,7,,35351,2,,,1,7,,35352,2,,,1,7,,35353,2,,,1,7,,35354,2,,,1,7,,35355,2,,,1,47,,35356,2,,,1,7,,35357,2,,,1,7,,35358,2,,,1,7,,35359,2,,,1,7,,35360,2,,,1,7,,35361,2,,,1,7,,35362,2,,,1,7,,35363,2,,,1,7,,35364,2,,,1,47,,35365,2,,,1,7,,35366,2,,,1,7,,35367,2,,,1,7,,35368,2,,,1,7,,35369,2,,,1,7,,35370,2,,,1,7,,35371,2,,,1,7,,35372,2,,,1,7,,35373,2,,,1,47,,35374,2,,,1,7,,35375,2,,,1,7,,35376,2,,,1,7,,35377,2,,,1,7,,35378,2,,,1,7,,35379,2,,,1,7,,35380,2,,,1,7,,35381,2,,,1,47,,35382,2,,,1,7,,35383,2,,,1,7,,35384,2,,,1,7,,35385,2,,,1,7,,35386,2,,,1,7,,35387,2,,,1,7,,35388,2,,,1,7,,35389,2,,,1,7,,35390,2,,,1,46,,35391,2,,,1,7,,35392,2,,,1,7,,35393,2,,,1,7,,35394,2,,,1,7,,35395,2,,,1,8,,35396,2,,,1,7,,35397,2,,,1,7,,35398,2,,,1,47,,35399,2,,,1,6,,35400,2,,,1,7,,35401,2,,,1,7,,35402,2,,,1,7,,35403,2,,,1,7,,35404,2,,,1,7,,35405,2,,,1,7,,35406,2,,,1,7,,35407,2,,,1,47,,35408,2,,,1,7,,35409,2,,,1,7,,35410,2,,,1,7,,35411,2,,,1,7,,35412,2,,,1,7,,35413,2,,,1,7,,35414,2,,,1,7,,35415,2,,,1,7,,35416,2,,,1,47,,35417,2,,,1,7,,35418,2,,,1,7,,35419,2,,,1,7,,35420,2,,,1,8,,35421,2,,,1,7,,35422,2,,,1,7,,35423,2,,,1,7,,35424,2,,,1,47,,35425,2,,,1,6,,35426,2,,,1,7,,35427,2,,,1,7,,35428,2,,,1,7,,35429,2,,,1,7,,35430,2,,,1,7,,35431,2,,,1,7,,35432,2,,,1,7,,35433,2,,,1,47,,35434,2,,,1,7,,35435,2,,,1,7,,35436,2,,,1,7,,35437,2,,,1,22,,35443,2,,,1,62,,35444,2,,,1,22,,35445,2,,,1,22,,35446,2,,,1,62,,35447,2,,,1,22,,35448,2,,,1,62,,35449,2,,,1,22,,35450,2,,,1,22,,35451,2,,,1,62,,35452,2,,,1,22,,35453,2,,,1,22,,35454,2,,,1,62,,35455,2,,,1,22,,35456,2,,,1,22,,35457,2,,,1,62,,35458,2,,,1
60301,'35297.3',703,,35459,2,,,1,7,,35460,2,,,1,7,,35461,2,,,1,7,,35462,2,,,1,7,,35463,2,,,1,7,,35464,2,,,1,7,,35465,2,,,1,7,,35466,2,,,1,7,,35467,2,,,1,47,,35468,2,,,1,7,,35469,2,,,1,7,,35470,2,,,1,7,,35471,2,,,1,8,,35472,2,,,1,7,,35473,2,,,1,7,,35474,2,,,1,7,,35475,2,,,1,47,,35476,2,,,1,7,,35477,2,,,1,7,,35478,2,,,1,7,,35479,2,,,1,7,,35480,2,,,1,7,,35481,2,,,1,8,,35482,2,,,1,7,,35483,2,,,1,47,,35484,2,,,1,7,,35485,2,,,1,7,,35486,2,,,1,7,,35487,2,,,1,7,,35488,2,,,1,6,,35489,2,,,1,7,,35490,2,,,1,7,,35491,2,,,1,7,,35492,2,,,1,47,,35493,2,,,1,7,,35494,2,,,1,7,,35495,2,,,1,7,,35496,2,,,1,7,,35497,2,,,1,7,,35498,2,,,1,7,,35499,2,,,1,7,,35500,2,,,1,7,,35501,2,,,1,47,,35502,2,,,1,7,,35503,2,,,1,7,,35504,2,,,1,7,,35505,2,,,1,7,,35506,2,,,1,7,,35507,2,,,1,7,,35508,2,,,1,7,,35509,2,,,1,47,,35510,2,,,1,7,,35511,2,,,1,7,,35512,2,,,1,8,,35513,2,,,1,7,,35514,2,,,1,7,,35515,2,,,1,7,,35516,2,,,1,7,,35517,2,,,1,7,,35518,2,,,1,46,,35519,2,,,1,7,,35520,2,,,1,7,,35521,2,,,1,7,,35522,2,,,1,7,,35523,2,,,1,7,,35524,2,,,1,7,,35525,2,,,1,7,,35526,2,,,1,47,,35527,2,,,1,7,,35528,2,,,1,7,,35529,2,,,1,7,,35530,2,,,1,7,,35531,2,,,1,7,,35532,2,,,1,7,,35533,2,,,1,7,,35534,2,,,1,7,,35535,2,,,1,47,,35536,2,,,1,7,,35537,2,,,1,7,,35538,2,,,1,7,,35539,2,,,1,7,,35540,2,,,1,7,,35541,2,,,1,7,,35542,2,,,1,7,,35543,2,,,1,7,,35544,2,,,1,47,,35545,2,,,1,7,,35546,2,,,1,7,,35547,2,,,1,7,,35548,2,,,1,7,,35549,2,,,1,7,,35550,2,,,1,7,,35551,2,,,1,7,,35552,2,,,1,47,,35553,2,,,1,7,,35554,2,,,1,7,,35555,2,,,1,7,,35556,2,,,1,7,,35557,2,,,1,7,,35558,2,,,1,7,,35559,2,,,1,7,,35560,2,,,1,7,,35561,2,,,1,47,,35562,2,,,1,7,,35563,2,,,1,7,,35564,2,,,1,7,,35565,2,,,1,7,,35566,2,,,1,22,,35567,2,,,1,62,,35568,2,,,1,22,,35569,2,,,1,62,,35570,2,,,1,22,,35571,2,,,1,22,,35572,2,,,1,62,,35573,2,,,1,22,,35574,2,,,1,22,,35575,2,,,1,62,,35576,2,,,1,22,,35577,2,,,1,22,,35578,2,,,1,62,,35579,2,,,1,22,,35580,2,,,1,62,,35581,2,,,1
6030101,'1',550,,37625,2,,,1,57,,37626,2,,,1,18,,37627,2,,,1,18,,37628,2,,,1,58,,37629,2,,,1,19,,37630,2,,,1,18,,37631,2,,,1,19,,37632,2,,,1,58,,37633,2,,,1,18,,37634,2,,,1,17,,37635,2,,,1,58,,37636,2,,,1,21,,37637,2,,,1,22,,37638,2,,,1,62,,37639,2,,,1,21,,37640,2,,,1,22,,37641,2,,,1,62,,37642,2,,,1,22,,37643,2,,,1,62,,37644,2,,,1,22,,37645,2,,,1,22,,37646,2,,,1,62,,37647,2,,,1,22,,37648,2,,,1,22,,37649,2,,,1,62,,37650,2,,,1,22,,37651,2,,,1,19,,37652,2,,,1,56,,37653,2,,,1,16,,37654,2,,,1,16,,37655,2,,,1,16,,37656,2,,,1,56,,37657,2,,,1,16,,37658,2,,,1,16,,37659,2,,,1,56,,37660,2,,,1,16,,37661,2,,,1,16,,37662,2,,,1,16,,37663,2,,,1,56,,37664,2,,,1,16,,37665,2,,,1,16,,37666,2,,,1,16,,37667,2,,,1,59,,37668,2,,,1,30,,37669,2,,,1,70,,37670,2,,,1,30,,37671,2,,,1,70,,37672,2,,,1,30,,37673,2,,,1,70,,37674,2,,,1,40,,37675,2,,,1,82,,37676,2,,,1,81,,37677,2,,,1
6030101,'74',607,,37678,2,,,1,40,,37679,2,,,1,80,,37680,2,,,1,80,,37681,2,,,1,40,,37682,2,,,1,81,,37683,2,,,1,80,,37684,2,,,1,45,,37698,2,,,1,78,,37697,2,,,1,78,,37685,2,,,1,38,,37686,2,,,1,78,,37687,2,,,1,78,,37688,2,,,1,38,,37689,2,,,1,77,,37690,2,,,1,38,,37691,2,,,1,78,,37692,2,,,1,78,,37693,2,,,1,39,,37694,2,,,1,77,,37695,2,,,1,78,,37696,2,,,1,50,,37702,2,,,1,80,,37701,2,,,1,80,,37699,2,,,1,40,,37700,2,,,1,94,,37706,2,,,1,92,,37703,2,,,1,92,,37704,2,,,1,92,,37705,2,,,1
6030101,'80',742,,37710,2,,,1,76,,37711,2,,,1,37,,37712,2,,,1,83,,37721,2,,,1,83,,37713,2,,,1,81,,37714,2,,,1,42,,37715,2,,,1,82,,37716,2,,,1,82,,37717,2,,,1,43,,37718,2,,,1,81,,37719,2,,,1,82,,37720,2,,,1,43,,37731,2,,,1,76,,37722,2,,,1,76,,37723,2,,,1,36,,37724,2,,,1,76,,37725,2,,,1,36,,37726,2,,,1,76,,37727,2,,,1,76,,37728,2,,,1,36,,37729,2,,,1,76,,37730,2,,,1,96,,37732,2,,,1,106,,37733,2,,,1,106,,37734,2,,,1,106,,37738,2,,,1
6030101,'35296.2',607,,37739,2,,,1,40,,37740,2,,,1,80,,37741,2,,,1,80,,37742,2,,,1,40,,37743,2,,,1,81,,37744,2,,,1,80,,37745,2,,,1,45,,37759,2,,,1,78,,37758,2,,,1,78,,37746,2,,,1,38,,37747,2,,,1,78,,37748,2,,,1,78,,37749,2,,,1,38,,37750,2,,,1,77,,37751,2,,,1,38,,37752,2,,,1,78,,37753,2,,,1,78,,37754,2,,,1,39,,37755,2,,,1,77,,37756,2,,,1,78,,37757,2,,,1,50,,37763,2,,,1,80,,37762,2,,,1,80,,37760,2,,,1,40,,37761,2,,,1,94,,37767,2,,,1,92,,37764,2,,,1,92,,37765,2,,,1,92,,37766,2,,,1
6030101,'35296.3',742,,37771,2,,,1,76,,37772,2,,,1,37,,37773,2,,,1,83,,37782,2,,,1,83,,37774,2,,,1,81,,37775,2,,,1,42,,37776,2,,,1,82,,37777,2,,,1,82,,37778,2,,,1,43,,37779,2,,,1,81,,37780,2,,,1,82,,37781,2,,,1,43,,37792,2,,,1,76,,37783,2,,,1,76,,37784,2,,,1,36,,37785,2,,,1,76,,37786,2,,,1,36,,37787,2,,,1,76,,37788,2,,,1,76,,37789,2,,,1,36,,37790,2,,,1,76,,37791,2,,,1,96,,37793,2,,,1,106,,37794,2,,,1,106,,37795,2,,,1,106,,37799,2,,,1
