201,'1',527,,24021,28,4,,1,21,,24022,28,4,,1,61,,24023,28,4,,1,21,,24024,28,4,,1,3,,23991,79,4,,1,21,,23992,79,4,,1,65,,23993,79,4,,1,23,,23994,79,4,,1,61,,23995,79,4,,1,29,,23996,87,4,,1,21,,23997,79,4,,1,61,,23998,79,4,,1,21,,23999,79,4,,1,13,,24000,79,4,,1,71,,24001,79,4,,1,35,,24002,79,4,,1,75,,24003,79,4,,1,75,,24004,79,4,,1,35,,24005,79,4,,1,75,,24006,79,4,,1,35,,24007,79,4,,1,75,,24008,79,4,,1,83,,24009,79,4,,1,23,,24010,79,4,,1,23,,24011,79,4,,1,64,,24012,79,4,,1,21,,24013,79,4,,1,67,,24014,79,4,,1,25,,24015,79,4,,1,23,,24016,79,4,,1,63,,24017,79,4,,1,17,,24018,79,4,,1,23,,24019,79,4,,1,59,,24020,79,4,,1,23,,24025,79,4,,1,18,,24026,79,4,,1,80,,24027,79,4,,1,80,,24028,79,4,,1,35,,24029,79,4,,1,80,,24030,79,4,,1,80,,24031,79,4,,1,36,,24032,79,4,,1
201,'2',858,,24035,95,4,,1,80,,24036,95,4,,1,84,,24037,95,4,,1,80,,24038,95,4,,1,40,,24039,95,4,,1,81,,24040,95,4,,1,80,,24041,95,4,,1,40,,24042,95,4,,1,80,,24043,95,4,,1,80,,24044,95,4,,1,37,,24045,95,4,,1,80,,24046,95,4,,1,80,,24047,95,4,,1,40,,24048,95,4,,1,80,,24049,95,4,,1,80,,24050,95,4,,1,36,,24051,95,4,,1,80,,24052,95,4,,1,40,,24053,95,4,,1,80,,24054,95,4,,1,75,,24055,95,4,,1,33,,24056,95,4,,1,73,,24057,95,4,,1,33,,24058,95,4,,1,69,,24059,95,4,,1,33,,24060,95,4,,1
201,'3',950,,24071,95,4,,1,152,,24061,95,4,,1,117,,24062,95,4,,1,119,,24063,95,4,,1,117,,24064,95,4,,1,155,,24065,95,4,,1,117,,24066,95,4,,1,117,,24067,95,4,,1,157,,24068,95,4,,1,113,,24069,95,4,,1,110,,24070,95,4,,1,105,,24072,95,4,,1,108,,24073,95,4,,1
201,'74',858,,24074,95,4,,1,80,,24075,95,4,,1,84,,24076,95,4,,1,80,,24077,95,4,,1,40,,24078,95,4,,1,81,,24079,95,4,,1,80,,24080,95,4,,1,40,,24081,95,4,,1,80,,24082,95,4,,1,80,,24083,95,4,,1,37,,24084,95,4,,1,80,,24085,95,4,,1,80,,24086,95,4,,1,40,,24087,95,4,,1,80,,24088,95,4,,1,80,,24089,95,4,,1,36,,24090,95,4,,1,80,,24091,95,4,,1,40,,24092,95,4,,1,80,,24093,95,4,,1,75,,24094,95,4,,1,33,,24095,95,4,,1,73,,24096,95,4,,1,33,,24097,95,4,,1,69,,24098,95,4,,1,33,,24099,95,4,,1
201,'80',950,,24110,95,4,,1,152,,24100,95,4,,1,117,,24101,95,4,,1,119,,24102,95,4,,1,117,,24103,95,4,,1,155,,24104,95,4,,1,117,,24105,95,4,,1,117,,24106,95,4,,1,157,,24107,95,4,,1,113,,24108,95,4,,1,110,,24109,95,4,,1,105,,24111,95,4,,1,108,,24112,95,4,,1
500,'1',530,,24761,32,4,,1,22,,24777,32,4,,1,62,,24776,32,4,,1,22,,24775,32,4,,1,22,,24774,32,4,,1,64,,24773,32,4,,1,22,,24772,32,4,,1,66,,24771,32,4,,1,20,,24770,32,4,,1,22,,24769,32,4,,1,62,,24768,32,4,,1,22,,24766,32,4,,1,72,,24765,19,4,,1,32,,24767,19,4,,1,72,,24764,19,4,,1,32,,24763,19,4,,1,72,,24762,19,4,,1,32,,24760,19,4,,1,72,,24741,19,4,,1,32,,24759,19,4,,1,72,,24758,19,4,,1,32,,24757,19,4,,1,65,,24756,19,4,,1,23,,24755,19,4,,1,61,,24754,19,4,,1,23,,24753,19,4,,1,23,,24752,19,4,,1,62,,24751,19,4,,1,23,,24750,19,4,,1,23,,24749,19,4,,1,63,,24748,19,4,,1,21,,24747,19,4,,1,63,,24746,19,4,,1,23,,24745,19,4,,1,28,,24743,19,4,,1,68,,24742,19,4,,1,28,,24744,19,4,,1,68,,24740,19,4,,1,27,,24739,19,4,,1,68,,24738,19,4,,1,23,,24737,19,4,,1
500,'2',704,,24793,19,4,,1,28,,24795,19,4,,1,68,,24796,19,4,,1,28,,24797,19,4,,1,28,,24798,19,4,,1,68,,24799,19,4,,1,28,,24800,19,4,,1,68,,24801,19,4,,1,28,,24802,19,4,,1,68,,24803,19,4,,1,30,,24804,19,4,,1,68,,24805,19,4,,1,28,,24806,19,4,,1,68,,24778,19,4,,1,30,,24779,19,4,,1,70,,24780,19,4,,1,29,,24781,19,4,,1,69,,24782,19,4,,1,29,,24783,19,4,,1,69,,24784,19,4,,1,29,,24785,19,4,,1,69,,24786,19,4,,1,29,,24787,19,4,,1,67,,24788,19,4,,1,26,,24789,19,4,,1,26,,24790,19,4,,1,67,,24791,19,4,,1,25,,24792,19,4,,1,65,,24794,19,4,,1
500,'74',704,,24822,19,4,,1,28,,24824,19,4,,1,68,,24825,19,4,,1,28,,24826,19,4,,1,28,,24827,19,4,,1,68,,24828,19,4,,1,28,,24829,19,4,,1,68,,24830,19,4,,1,28,,24831,19,4,,1,68,,24832,19,4,,1,30,,24833,19,4,,1,68,,24834,19,4,,1,28,,24835,19,4,,1,68,,24807,19,4,,1,30,,24808,19,4,,1,70,,24809,19,4,,1,29,,24810,19,4,,1,69,,24811,19,4,,1,29,,24812,19,4,,1,69,,24813,19,4,,1,29,,24814,19,4,,1,69,,24815,19,4,,1,29,,24816,19,4,,1,67,,24817,19,4,,1,26,,24818,19,4,,1,26,,24819,19,4,,1,67,,24820,19,4,,1,25,,24821,19,4,,1,65,,24823,19,4,,1
2301,'1',603,,27579,49,4,,1,106,,27578,49,4,,1,113,,27577,49,4,,1,106,,27576,49,4,,1,617,,27575,49,4,,1,76,,27574,49,4,,1,90,,27573,49,4,,1,90,,27572,49,4,,1,47,,27571,49,4,,1,86,,27570,49,4,,1
7700,'1',421,,28964,31,,,1,15,,28965,31,,,1,15,,28966,31,,,1,55,,28967,31,,,1,15,,28968,31,,,1,9,,28926,44,,,1,17,,28925,44,,,1,53,,28924,44,,,1,20,,28923,44,,,1,15,,28921,44,,,1,22,,28922,44,,,1,53,,28941,44,,,1,16,,28940,44,,,1,16,,28939,44,,,1,65,,28938,44,,,1,16,,28937,44,,,1,16,,28936,44,,,1,16,,28927,44,,,1,54,,28928,44,,,1,16,,28929,44,,,1,16,,28930,44,,,1,16,,28931,44,,,1,53,,28932,44,,,1,12,,28933,44,,,1,16,,28934,44,,,1,71,,28935,44,,,1,34,,28949,44,,,1,70,,28948,44,,,1,30,,28947,44,,,1,70,,28942,44,,,1,33,,28943,44,,,1,61,,28969,31,,,1,9,,28944,44,,,1,28,,28970,31,,,1,2,,28945,44,,,1,75,,28946,44,,,1,20,,28971,31,,,1,3,,28963,44,,,1,59,,28962,44,,,1,26,,28961,44,,,1,24,,28960,44,,,1,59,,28959,44,,,1,19,,28950,44,,,1,19,,28951,44,,,1,59,,28952,44,,,1,14,,28953,44,,,1,12,,28954,44,,,1,19,,28955,44,,,1,51,,28956,44,,,1,19,,28957,44,,,1,15,,28958,44,,,1,13,,28972,44,,,1,59,,28973,44,,,1,19,,28974,44,,,1,19,,28975,44,,,1,69,,28978,44,,,1,27,,28977,44,,,1,67,,28976,44,,,1,40,,28987,44,,,1,73,,28986,44,,,1,27,,28985,44,,,1,73,,28979,44,,,1,33,,28980,44,,,1,73,,28981,44,,,1,73,,28982,44,,,1,33,,28983,44,,,1,73,,28984,44,,,1
7700,'2',501,,28988,31,,,1,30,,28989,44,,,1,75,,28990,44,,,1,35,,28991,44,,,1,76,,28992,44,,,1,35,,28993,44,,,1,75,,28994,44,,,1,76,,28995,44,,,1,35,,28996,44,,,1,75,,28997,44,,,1,89,,28998,44,,,1,41,,28999,44,,,1,81,,29000,44,,,1,88,,29001,44,,,1,41,,29002,44,,,1,81,,29003,44,,,1,77,,29005,44,,,1,33,,29006,44,,,1,73,,29007,44,,,1,29,,29008,44,,,1,73,,29009,44,,,1,33,,29010,44,,,1,71,,29011,44,,,1,33,,29012,44,,,1,70,,29013,44,,,1,28,,29014,44,,,1,70,,29015,44,,,1,30,,29016,44,,,1,64,,29017,44,,,1,30,,29018,44,,,1,74,,29019,44,,,1,30,,29020,44,,,1,70,,29021,44,,,1,25,,29022,44,,,1,70,,29023,44,,,1,23,,29004,44,,,1,69,,29024,44,,,1,33,,29025,44,,,1,73,,29026,44,,,1,33,,29027,44,,,1,73,,29028,44,,,1
7700,'3',846,,29029,45,,,1,92,,29030,45,,,1,91,,29031,45,,,1,97,,29032,45,,,1,97,,29033,45,,,1,89,,29034,45,,,1,92,,29035,45,,,1,55,,29036,45,,,1,92,,29037,45,,,1,89,,29038,45,,,1,92,,29039,45,,,1,97,,29040,45,,,1,88,,29041,45,,,1,90,,29042,45,,,1,51,,29043,45,,,1,84,,29044,45,,,1,87,,29045,45,,,1,88,,29046,45,,,1,86,,29047,45,,,1,47,,29048,45,,,1,80,,29049,45,,,1,80,,29050,45,,,1,36,,29051,45,,,1,80,,29052,45,,,1
7700,'74',501,,29053,31,,,1,30,,29054,44,,,1,75,,29055,44,,,1,35,,29056,44,,,1,76,,29057,44,,,1,35,,29058,44,,,1,75,,29059,44,,,1,76,,29060,44,,,1,35,,29061,44,,,1,75,,29062,44,,,1,89,,29063,44,,,1,41,,29064,44,,,1,81,,29065,44,,,1,88,,29066,44,,,1,41,,29067,44,,,1,81,,29068,44,,,1,77,,29070,44,,,1,33,,29071,44,,,1,73,,29072,44,,,1,29,,29073,44,,,1,73,,29074,44,,,1,33,,29075,44,,,1,71,,29076,44,,,1,33,,29077,44,,,1,70,,29078,44,,,1,28,,29079,44,,,1,70,,29080,44,,,1,30,,29081,44,,,1,64,,29082,44,,,1,30,,29083,44,,,1,74,,29084,44,,,1,30,,29085,44,,,1,70,,29086,44,,,1,25,,29087,44,,,1,70,,29088,44,,,1,23,,29069,44,,,1,69,,29089,44,,,1,33,,29090,44,,,1,73,,29091,44,,,1,33,,29092,44,,,1,73,,29093,44,,,1
7700,'80',846,,29094,45,,,1,92,,29095,45,,,1,91,,29096,45,,,1,97,,29097,45,,,1,97,,29098,45,,,1,89,,29099,45,,,1,92,,29100,45,,,1,55,,29101,45,,,1,92,,29102,45,,,1,89,,29103,45,,,1,92,,29104,45,,,1,97,,29105,45,,,1,88,,29106,45,,,1,90,,29107,45,,,1,51,,29108,45,,,1,84,,29109,45,,,1,87,,29110,45,,,1,88,,29111,45,,,1,86,,29112,45,,,1,47,,29113,45,,,1,80,,29114,45,,,1,80,,29115,45,,,1,36,,29116,45,,,1,80,,29117,45,,,1
8801,'1',531,,30341,14,4,,1,69,,30342,37,4,,1,28,,30343,56,4,,1,27,,30312,56,4,,1,55,,30311,56,4,,1,22,,30310,56,4,,1,15,,30307,56,4,,1,58,,30308,56,4,,1,22,,30309,56,4,,1,14,,30326,56,4,,1,64,,30325,56,4,,1,9,,30324,56,4,,1,14,,30313,56,4,,1,14,,30314,56,4,,1,10,,30315,56,4,,1,54,,30316,56,4,,1,10,,30317,56,4,,1,14,,30318,56,4,,1,14,,30319,56,4,,1,14,,30320,56,4,,1,54,,30321,56,4,,1,20,,30322,56,4,,1,14,,30323,56,4,,1,62,,30331,56,4,,1,30,,30330,56,4,,1,70,,30327,56,4,,1,30,,30328,56,4,,1,70,,30329,56,4,,1,38,,30340,56,4,,1,70,,30339,56,4,,1,20,,30338,56,4,,1,18,,30337,56,4,,1,52,,30336,56,4,,1,15,,30332,56,4,,1,15,,30333,56,4,,1,13,,30334,56,4,,1,55,,30335,56,4,,1,15,,30344,56,4,,1,15,,30345,56,4,,1,15,,30346,56,4,,1,55,,30347,56,4,,1,10,,30348,56,4,,1,15,,30349,56,4,,1,15,,30350,56,4,,1,15,,30351,56,4,,1,48,,30352,56,4,,1,19,,30359,56,4,,1,14,,30358,56,4,,1,14,,30357,56,4,,1,54,,30356,56,4,,1,14,,30353,56,4,,1,14,,30354,56,4,,1,11,,30355,56,4,,1,60,,30364,56,4,,1,41,,30363,56,4,,1,75,,30360,56,4,,1,81,,30361,56,4,,1,38,,30362,56,4,,1
8801,'2',634,,30365,56,4,,1,69,,30366,56,4,,1,29,,30367,56,4,,1,69,,30368,56,4,,1,40,,30369,56,4,,1,74,,30370,56,4,,1,38,,30371,56,4,,1,74,,30372,56,4,,1,74,,30373,56,4,,1,29,,30374,56,4,,1,29,,30375,56,4,,1,72,,30376,56,4,,1,69,,30377,56,4,,1,29,,30378,56,4,,1,29,,30379,56,4,,1,69,,30380,56,4,,1,29,,30381,56,4,,1,69,,30382,56,4,,1,29,,30383,56,4,,1,69,,30384,56,4,,1,29,,30385,56,4,,1,69,,30386,56,4,,1,29,,30387,56,4,,1,69,,30388,56,4,,1,24,,30389,56,4,,1,69,,30390,56,4,,1,29,,30391,56,4,,1,62,,30392,56,4,,1,29,,30393,56,4,,1,23,,30394,56,4,,1,66,,30395,56,4,,1,22,,30396,56,4,,1,66,,30397,56,4,,1,26,,30398,56,4,,1,66,,30399,56,4,,1,26,,30400,56,4,,1,26,,30401,56,4,,1
8801,'3',830,,30402,56,4,,1,71,,30403,56,4,,1,34,,30404,56,4,,1,71,,30405,56,4,,1,35,,30406,56,4,,1,75,,30407,56,4,,1,40,,30408,56,4,,1,78,,30409,56,4,,1,69,,30410,56,4,,1,29,,30411,56,4,,1,69,,30412,56,4,,1,29,,30413,56,4,,1,29,,30414,56,4,,1,69,,30415,56,4,,1,29,,30416,56,4,,1,69,,30417,56,4,,1,29,,30418,56,4,,1,69,,30419,56,4,,1,26,,30420,56,4,,1,69,,30421,56,4,,1,22,,30422,56,4,,1,65,,30423,56,4,,1,25,,30424,56,4,,1,25,,30425,56,4,,1,65,,30426,56,4,,1,25,,30427,56,4,,1,59,,30428,56,4,,1,25,,30429,56,4,,1
8801,'74',634,,30430,56,4,,1,69,,30431,56,4,,1,29,,30432,56,4,,1,69,,30433,56,4,,1,40,,30434,56,4,,1,74,,30435,56,4,,1,38,,30436,56,4,,1,74,,30437,56,4,,1,74,,30438,56,4,,1,29,,30439,56,4,,1,29,,30440,56,4,,1,72,,30441,56,4,,1,69,,30442,56,4,,1,29,,30443,56,4,,1,29,,30444,56,4,,1,69,,30445,56,4,,1,29,,30446,56,4,,1,69,,30447,56,4,,1,29,,30448,56,4,,1,69,,30449,56,4,,1,29,,30450,56,4,,1,69,,30451,56,4,,1,29,,30452,56,4,,1,69,,30453,56,4,,1,24,,30454,56,4,,1,69,,30455,56,4,,1,29,,30456,56,4,,1,62,,30457,56,4,,1,29,,30458,56,4,,1,23,,30459,56,4,,1,66,,30460,56,4,,1,22,,30461,56,4,,1,66,,30462,56,4,,1,26,,30463,56,4,,1,66,,30464,56,4,,1,26,,30465,56,4,,1,26,,30466,56,4,,1
8801,'80',830,,30467,56,4,,1,71,,30468,56,4,,1,34,,30469,56,4,,1,71,,30470,56,4,,1,35,,30471,56,4,,1,75,,30472,56,4,,1,40,,30473,56,4,,1,78,,30474,56,4,,1,69,,30475,56,4,,1,29,,30476,56,4,,1,69,,30477,56,4,,1,29,,30478,56,4,,1,29,,30479,56,4,,1,69,,30480,56,4,,1,29,,30481,56,4,,1,69,,30482,56,4,,1,29,,30483,56,4,,1,69,,30484,56,4,,1,26,,30485,56,4,,1,69,,30486,56,4,,1,22,,30487,56,4,,1,65,,30488,56,4,,1,25,,30489,56,4,,1,25,,30490,56,4,,1,65,,30491,56,4,,1,25,,30492,56,4,,1,59,,30493,56,4,,1,25,,30494,56,4,,1
9901,'1',425,,31722,41,4,,1,81,,31723,41,4,,1,40,,31724,41,4,,1,83,,31725,41,4,,1,82,,31726,41,4,,1,35,,31727,41,4,,1,73,,31728,41,4,,1,83,,31729,41,4,,1,31,,31730,41,4,,1,75,,31731,41,4,,1,94,,31732,41,4,,1,99,,31733,41,4,,1,54,,31734,41,4,,1,94,,31735,41,4,,1,100,,31736,41,4,,1,68,,31737,41,4,,1,30,,31738,41,4,,1,70,,31739,41,4,,1,30,,31740,41,4,,1,70,,31741,41,4,,1,30,,31742,41,4,,1,70,,31743,41,4,,1,25,,31744,41,4,,1,70,,31745,41,4,,1,25,,31746,41,4,,1,70,,31747,41,4,,1,30,,31748,41,4,,1,65,,31749,41,4,,1,30,,31750,41,4,,1,85,,31751,41,4,,1
9901,'2',548,,31752,41,4,,1,77,,31753,41,4,,1,77,,31754,41,4,,1,37,,31755,41,4,,1,87,,31756,41,4,,1,92,,31757,41,4,,1,89,,31758,41,4,,1,47,,31759,41,4,,1,104,,31760,41,4,,1,97,,31761,41,4,,1,95,,31762,41,4,,1,95,,31763,41,4,,1,95,,31764,41,4,,1,95,,31765,41,4,,1,92,,31766,41,4,,1,93,,31767,41,4,,1,95,,31768,41,4,,1,90,,31769,41,4,,1,45,,31770,41,4,,1,85,,31771,41,4,,1
9901,'3',552,,31772,41,4,,1,81,,31773,41,4,,1,78,,31774,41,4,,1,38,,31775,41,4,,1,78,,31776,41,4,,1,93,,31777,41,4,,1,89,,31778,41,4,,1,49,,31779,41,4,,1,89,,31780,41,4,,1,94,,31781,41,4,,1,89,,31782,41,4,,1,89,,31783,41,4,,1,89,,31784,41,4,,1,49,,31785,41,4,,1,89,,31786,41,4,,1,89,,31787,41,4,,1,84,,31788,41,4,,1,89,,31789,41,4,,1,49,,31790,41,4,,1,85,,31791,41,4,,1,89,,31792,41,4,,1,79,,31793,41,4,,1
9901,'74',548,,31794,41,4,,1,77,,31795,41,4,,1,77,,31796,41,4,,1,37,,31797,41,4,,1,87,,31798,41,4,,1,92,,31799,41,4,,1,89,,31800,41,4,,1,47,,31801,41,4,,1,104,,31802,41,4,,1,97,,31803,41,4,,1,95,,31804,41,4,,1,95,,31805,41,4,,1,95,,31806,41,4,,1,95,,31807,41,4,,1,92,,31808,41,4,,1,93,,31809,41,4,,1,95,,31810,41,4,,1,90,,31811,41,4,,1,45,,31812,41,4,,1,85,,31813,41,4,,1
9901,'80',552,,31814,41,4,,1,81,,31815,41,4,,1,78,,31816,41,4,,1,38,,31817,41,4,,1,78,,31818,41,4,,1,93,,31819,41,4,,1,89,,31820,41,4,,1,49,,31821,41,4,,1,89,,31822,41,4,,1,94,,31823,41,4,,1,89,,31824,41,4,,1,89,,31825,41,4,,1,89,,31826,41,4,,1,49,,31827,41,4,,1,89,,31828,41,4,,1,89,,31829,41,4,,1,84,,31830,41,4,,1,89,,31831,41,4,,1,49,,31832,41,4,,1,85,,31833,41,4,,1,89,,31834,41,4,,1,79,,31835,41,4,,1
36001,'1',1012,,33821,22,4,,1,29,,33822,22,4,,1,70,,33823,22,4,,1,26,,33824,22,4,,1,65,,33837,22,4,,1,44,,33836,22,4,,1,84,,33825,22,4,,1,84,,33826,22,4,,1,44,,33827,22,4,,1,88,,33828,22,4,,1,84,,33829,22,4,,1,88,,33830,22,4,,1,82,,33831,22,4,,1,41,,33832,22,4,,1,84,,33833,22,4,,1,84,,33834,22,4,,1,42,,33835,22,4,,1,84,,33843,22,4,,1,66,,33842,22,4,,1,26,,33838,22,4,,1,26,,33839,22,4,,1,66,,33840,22,4,,1,26,,33841,22,4,,1
36001,'2',1010,,33844,22,4,,1,23,,33845,22,4,,1,23,,33846,22,4,,1,63,,33847,22,4,,1,23,,33848,22,4,,1,62,,33849,22,4,,1,23,,33850,22,4,,1,24,,33851,22,4,,1,63,,33852,22,4,,1,23,,33853,22,4,,1,63,,33854,22,4,,1,23,,33855,22,4,,1,23,,33856,22,4,,1,63,,33857,22,4,,1,23,,33858,22,4,,1,23,,33859,22,4,,1,63,,33860,22,4,,1,23,,33861,22,4,,1,65,,33862,22,4,,1,23,,33863,22,4,,1,20,,33864,22,4,,1,64,,33865,22,4,,1,23,,33866,22,4,,1,69,,33879,22,4,,1,24,,33878,22,4,,1,19,,33867,22,4,,1,64,,33868,22,4,,1,24,,33869,22,4,,1,67,,33870,22,4,,1,21,,33871,22,4,,1,22,,33872,22,4,,1,64,,33873,22,4,,1,24,,33874,22,4,,1,24,,33875,22,4,,1,64,,33876,22,4,,1,24,,33877,22,4,,1
36001,'3',1004,,33880,22,4,,1,22,,33881,22,4,,1,22,,33882,22,4,,1,62,,33883,22,4,,1,19,,33884,22,4,,1,22,,33885,22,4,,1,64,,33886,22,4,,1,22,,33887,22,4,,1,22,,33888,22,4,,1,62,,33889,22,4,,1,23,,33890,22,4,,1,62,,33891,22,4,,1,22,,33892,22,4,,1,20,,33893,22,4,,1,65,,33894,22,4,,1,22,,33895,22,4,,1,22,,33896,22,4,,1,62,,33897,22,4,,1,23,,33898,22,4,,1,62,,33899,22,4,,1,22,,33900,22,4,,1,22,,33901,22,4,,1,62,,33902,22,4,,1,22,,33903,22,4,,1,22,,33904,22,4,,1,67,,33905,22,4,,1,21,,33917,22,4,,1,17,,33916,22,4,,1,63,,33906,22,4,,1,23,,33907,22,4,,1,63,,33908,22,4,,1,23,,33909,22,4,,1,23,,33910,22,4,,1,60,,33911,22,4,,1,23,,33912,22,4,,1,63,,33913,22,4,,1,23,,33914,22,4,,1,23,,33915,22,4,,1
36001,'74',1010,,33918,22,4,,1,23,,33919,22,4,,1,23,,33920,22,4,,1,63,,33921,22,4,,1,23,,33922,22,4,,1,62,,33923,22,4,,1,23,,33924,22,4,,1,24,,33925,22,4,,1,63,,33926,22,4,,1,23,,33927,22,4,,1,63,,33928,22,4,,1,23,,33929,22,4,,1,23,,33930,22,4,,1,63,,33931,22,4,,1,23,,33932,22,4,,1,23,,33933,22,4,,1,63,,33934,22,4,,1,23,,33935,22,4,,1,65,,33936,22,4,,1,23,,33937,22,4,,1,20,,33938,22,4,,1,64,,33939,22,4,,1,23,,33940,22,4,,1,69,,33942,22,4,,1,24,,33941,22,4,,1,19,,33943,22,4,,1,64,,33944,22,4,,1,24,,33945,22,4,,1,67,,33946,22,4,,1,21,,33947,22,4,,1,22,,33948,22,4,,1,64,,33949,22,4,,1,24,,33950,22,4,,1,24,,33951,22,4,,1,64,,33952,22,4,,1,24,,33953,22,4,,1,64,,33954,22,4,,1
36001,'80',1004,,33955,22,4,,1,22,,33956,22,4,,1,22,,33957,22,4,,1,62,,33958,22,4,,1,19,,33959,22,4,,1,22,,33960,22,4,,1,64,,33961,22,4,,1,22,,33962,22,4,,1,22,,33963,22,4,,1,62,,33964,22,4,,1,23,,33965,22,4,,1,62,,33966,22,4,,1,22,,33967,22,4,,1,20,,33968,22,4,,1,65,,33969,22,4,,1,22,,33970,22,4,,1,22,,33971,22,4,,1,62,,33972,22,4,,1,23,,33973,22,4,,1,62,,33974,22,4,,1,22,,33975,22,4,,1,22,,33976,22,4,,1,62,,33977,22,4,,1,22,,33978,22,4,,1,22,,33979,22,4,,1,67,,33980,22,4,,1,21,,33992,22,4,,1,17,,33991,22,4,,1,63,,33981,22,4,,1,23,,33982,22,4,,1,63,,33983,22,4,,1,23,,33984,22,4,,1,23,,33985,22,4,,1,60,,33986,22,4,,1,23,,33987,22,4,,1,63,,33988,22,4,,1,23,,33989,22,4,,1,23,,33990,22,4,,1
989901,'1',2252,,36877,96,4,,1,68,,36878,96,4,,1,38,,36879,96,4,,1,74,,36880,96,4,,1,75,,36881,96,4,,1,29,,36882,96,4,,1,75,,36883,96,4,,1,35,,36884,96,4,,1
989901,'2',2300,,36885,96,4,,1,46,,36886,96,4,,1,81,,36887,96,4,,1,91,,36890,96,4,,1,85,,36888,96,4,,1,46,,36889,96,4,,1
989901,'3',2307,,36891,96,4,,1,47,,36892,96,4,,1,83,,36893,96,4,,1,85,,36894,96,4,,1,79,,36895,96,4,,1,43,,36896,96,4,,1
989901,'74',2300,,36897,96,4,,1,46,,36898,96,4,,1,81,,36899,96,4,,1,91,,36902,96,4,,1,85,,36900,96,4,,1,46,,36901,96,4,,1
989901,'80',2307,,36903,96,4,,1,47,,36904,96,4,,1,83,,36905,96,4,,1,85,,36906,96,4,,1,79,,36907,96,4,,1,43,,36908,96,4,,1
