9901,'1',407,,31722,12,,,1,41,,31723,12,,,1,80,,31724,12,,,1,80,,31725,12,,,1,36,,31726,12,,,1,75,,31727,12,,,1,29,,31728,12,,,1,83,,31729,12,,,1,75,,31730,12,,,1,35,,31731,12,,,1,94,,31732,12,,,1,97,,31733,12,,,1,94,,31734,12,,,1,94,,31735,12,,,1,100,,31736,12,,,1,25,,31737,12,,,1,70,,31738,12,,,1,30,,31739,12,,,1,70,,31740,12,,,1,30,,31741,12,,,1,70,,31742,12,,,1,30,,31743,12,,,1,69,,31744,12,,,1,30,,31745,12,,,1,67,,31746,12,,,1,30,,31747,12,,,1,70,,31748,12,,,1,25,,31749,12,,,1,73,,31750,12,,,1,45,,31751,12,,,1
9901,'2',528,,31752,12,,,1,77,,31753,12,,,1,37,,31754,12,,,1,77,,31755,12,,,1,87,,31756,12,,,1,49,,31757,12,,,1,87,,31758,12,,,1,87,,31759,12,,,1,101,,31760,12,,,1,95,,31761,12,,,1,95,,31762,12,,,1,95,,31763,12,,,1,95,,31764,12,,,1,95,,31765,12,,,1,53,,31766,12,,,1,94,,31767,12,,,1,95,,31768,12,,,1,93,,31769,12,,,1,85,,31770,12,,,1,85,,31771,12,,,1
9901,'3',533,,31772,12,,,1,79,,31773,12,,,1,38,,31774,12,,,1,78,,31775,12,,,1,78,,31776,12,,,1,51,,31777,12,,,1,89,,31778,12,,,1,89,,31779,12,,,1,89,,31780,12,,,1,91,,31781,12,,,1,89,,31782,12,,,1,49,,31783,12,,,1,89,,31784,12,,,1,89,,31785,12,,,1,89,,31786,12,,,1,89,,31787,12,,,1,46,,31788,12,,,1,89,,31789,12,,,1,89,,31790,12,,,1,88,,31791,12,,,1,89,,31792,12,,,1,39,,31793,12,,,1
9901,'74',528,,31794,12,,,1,77,,31795,12,,,1,37,,31796,12,,,1,77,,31797,12,,,1,87,,31798,12,,,1,49,,31799,12,,,1,87,,31800,12,,,1,87,,31801,12,,,1,101,,31802,12,,,1,95,,31803,12,,,1,95,,31804,12,,,1,95,,31805,12,,,1,95,,31806,12,,,1,95,,31807,12,,,1,53,,31808,12,,,1,94,,31809,12,,,1,95,,31810,12,,,1,93,,31811,12,,,1,85,,31812,12,,,1,85,,31813,12,,,1
9901,'80',533,,31814,12,,,1,79,,31815,12,,,1,38,,31816,12,,,1,78,,31817,12,,,1,78,,31818,12,,,1,51,,31819,12,,,1,89,,31820,12,,,1,89,,31821,12,,,1,89,,31822,12,,,1,91,,31823,12,,,1,89,,31824,12,,,1,49,,31825,12,,,1,89,,31826,12,,,1,89,,31827,12,,,1,89,,31828,12,,,1,89,,31829,12,,,1,46,,31830,12,,,1,89,,31831,12,,,1,89,,31832,12,,,1,88,,31833,12,,,1,89,,31834,12,,,1,39,,31835,12,,,1
989901,'1',2231,,36877,67,,,1,71,,36878,67,,,1,38,,36879,67,,,1,75,,36880,67,,,1,35,,36881,67,,,1,70,,36882,67,,,1,35,,36883,67,,,1,75,,36884,67,,,1
989901,'2',2239,,36885,67,,,1,88,,36886,67,,,1,82,,36887,67,,,1,91,,36890,67,,,1,45,,36888,67,,,1,86,,36889,67,,,1
989901,'3',2249,,36891,67,,,1,87,,36892,67,,,1,83,,36893,67,,,1,87,,36894,67,,,1,39,,36895,67,,,1,83,,36896,67,,,1
989901,'74',2239,,36897,67,,,1,88,,36898,67,,,1,82,,36899,67,,,1,91,,36902,67,,,1,45,,36900,67,,,1,86,,36901,67,,,1
989901,'80',2249,,36903,67,,,1,87,,36904,67,,,1,83,,36905,67,,,1,87,,36906,67,,,1,39,,36907,67,,,1,83,,36908,67,,,1
