8500,'1',540,,29617,1,,,1,16,,29618,1,,,1,56,,29619,1,,,1,16,,29620,1,,,1,16,,29621,1,,,1,56,,29622,1,,,1,16,,29623,1,,,1,16,,29624,1,,,1,16,,29625,1,,,1,56,,29626,1,,,1,16,,29627,1,,,1,16,,29628,1,,,1,16,,29629,1,,,1,65,,29630,1,,,1,25,,29631,1,,,1,65,,29632,1,,,1,25,,29633,1,,,1,25,,29634,1,,,1,65,,29635,1,,,1,25,,29636,1,,,1,65,,29637,1,,,1,25,,29638,1,,,1,65,,29639,1,,,1,25,,29640,1,,,1,20,,29641,1,,,1
8500,'2',630,,29697,1,,,1,70,,29698,1,,,1,30,,29699,1,,,1,28,,29700,1,,,1,70,,29701,1,,,1,30,,29702,1,,,1,70,,29703,1,,,1,72,,29704,1,,,1,30,,29705,1,,,1,71,,29669,1,,,1,22,,29670,1,,,1,23,,29671,1,,,1,63,,29672,1,,,1,23,,29673,1,,,1,23,,29674,1,,,1,63,,29675,1,,,1,23,,29676,1,,,1,63,,29677,1,,,1,23,,29678,1,,,1,23,,29679,1,,,1,63,,29680,1,,,1,23,,29681,1,,,1,23,,29682,1,,,1,63,,29683,1,,,1,21,,29684,1,,,1,65,,29685,1,,,1,17,,29686,1,,,1,21,,29687,1,,,1,61,,29688,1,,,1,21,,29689,1,,,1,21,,29690,1,,,1,61,,29691,1,,,1,21,,29692,1,,,1,21,,29693,1,,,1,61,,29694,1,,,1,21,,29695,1,,,1,21,,29696,1,,,1,70,,29706,1,,,1,30,,29707,1,,,1,70,,29708,1,,,1
8500,'3',919,,29709,1,,,1,40,,29710,1,,,1,80,,29711,1,,,1,80,,29712,1,,,1,91,,29713,1,,,1,43,,29714,1,,,1,83,,29715,1,,,1,83,,29716,1,,,1,82,,29717,1,,,1,43,,29718,1,,,1,83,,29719,1,,,1,74,,29720,1,,,1,41,,29721,1,,,1,85,,29722,1,,,1,77,,29723,1,,,1,41,,29724,1,,,1,81,,29725,1,,,1
8500,'74',630,,29756,1,,,1,70,,29757,1,,,1,30,,29758,1,,,1,28,,29759,1,,,1,70,,29760,1,,,1,30,,29761,1,,,1,70,,29762,1,,,1,72,,29763,1,,,1,30,,29764,1,,,1,71,,29728,1,,,1,22,,29729,1,,,1,23,,29730,1,,,1,63,,29731,1,,,1,23,,29732,1,,,1,23,,29733,1,,,1,63,,29734,1,,,1,23,,29735,1,,,1,63,,29736,1,,,1,23,,29737,1,,,1,23,,29738,1,,,1,63,,29739,1,,,1,23,,29740,1,,,1,23,,29741,1,,,1,63,,29742,1,,,1,21,,29743,1,,,1,65,,29744,1,,,1,17,,29745,1,,,1,21,,29746,1,,,1,61,,29747,1,,,1,21,,29748,1,,,1,21,,29749,1,,,1,61,,29750,1,,,1,21,,29751,1,,,1,21,,29752,1,,,1,61,,29753,1,,,1,21,,29754,1,,,1,21,,29755,1,,,1,70,,29765,1,,,1,30,,29766,1,,,1,70,,29767,1,,,1
8500,'80',919,,29768,1,,,1,40,,29769,1,,,1,80,,29770,1,,,1,80,,29771,1,,,1,91,,29772,1,,,1,43,,29773,1,,,1,83,,29774,1,,,1,83,,29775,1,,,1,82,,29776,1,,,1,43,,29777,1,,,1,83,,29778,1,,,1,74,,29779,1,,,1,41,,29780,1,,,1,85,,29781,1,,,1,77,,29782,1,,,1,41,,29783,1,,,1,81,,29784,1,,,1
8501,'1',535,,29840,40,4,,1,16,,29839,40,4,,1,55,,29801,52,4,,1,16,,29800,52,4,,1,16,,29799,52,4,,1,16,,29798,52,4,,1,56,,29797,52,4,,1,16,,29796,52,4,,1,16,,29795,52,4,,1,16,,29787,52,4,,1,56,,29788,52,4,,1,16,,29789,52,4,,1,16,,29790,52,4,,1,56,,29791,52,4,,1,16,,29792,52,4,,1,16,,29793,52,4,,1,15,,29794,52,4,,1,66,,29811,52,4,,1,25,,29810,52,4,,1,62,,29809,52,4,,1,25,,29802,52,4,,1,25,,29803,52,4,,1,65,,29804,52,4,,1,25,,29805,52,4,,1,69,,29806,52,4,,1,25,,29807,52,4,,1,18,,29808,52,,,1,65,,29812,52,,,1,25,,29813,52,,,1,66,,29814,52,,,1,16,,29841,52,,,1,16,,29842,52,,,1,16,,29831,52,,,1,56,,29830,52,,,1,16,,29829,52,,,1,70,,29828,52,,,1,24,,29827,52,,,1,16,,29815,52,,,1,19,,29816,52,,,1,53,,29817,52,,,1,7,,29818,52,,,1,16,,29819,52,,,1,11,,29820,52,,,1,59,,29821,52,,,1,13,,29822,52,,,1,16,,29823,52,,,1,16,,29824,52,,,1,55,,29825,52,,,1,14,,29826,52,,,1,32,,29834,52,,,1,63,,29833,52,,,1,25,,29832,52,,,1,62,,29838,52,,,1,29,,29837,52,,,1,70,,29835,52,,,1,32,,29836,52,,,1
8501,'2',713,,29858,52,4,,1,35,,29859,52,4,,1,70,,29860,52,4,,1,34,,29861,52,4,,1,70,,29862,52,4,,1,30,,29863,52,4,,1,70,,29864,52,4,,1,34,,29865,52,4,,1,70,,29866,52,4,,1,30,,29843,52,4,,1,63,,29844,52,4,,1,29,,29845,52,4,,1,63,,29846,52,4,,1,23,,29847,52,4,,1,23,,29848,52,4,,1,63,,29849,52,4,,1,23,,29850,52,4,,1,63,,29851,52,4,,1,23,,29852,52,4,,1,23,,29853,52,4,,1,63,,29854,52,4,,1,23,,29855,52,4,,1,63,,29856,52,4,,1,18,,29857,52,4,,1,21,,29867,52,4,,1,19,,29868,52,4,,1,63,,29869,52,4,,1,21,,29870,52,4,,1,61,,29871,52,4,,1,18,,29872,52,4,,1,21,,29873,52,4,,1,61,,29874,52,4,,1,17,,29875,52,4,,1,21,,29876,52,4,,1,61,,29877,52,4,,1,21,,29878,52,4,,1,21,,29879,52,4,,1,70,,29880,52,4,,1,30,,29881,52,,,1,70,,29882,52,,,1
8501,'3',909,,29885,52,4,,1,44,,29886,52,4,,1,80,,29887,52,4,,1,80,,29888,52,4,,1,87,,29889,52,4,,1,43,,29890,52,4,,1,83,,29891,52,4,,1,87,,29892,52,4,,1,43,,29893,52,4,,1,83,,29894,52,4,,1,83,,29895,52,4,,1,33,,29896,52,4,,1,82,,29897,52,4,,1,84,,29898,52,4,,1,36,,29899,52,4,,1,81,,29900,52,4,,1,83,,29901,52,4,,1,79,,29883,52,,,1,41,,29884,52,,,1
8501,'74',713,,29902,52,4,,1,35,,29903,52,4,,1,70,,29904,52,4,,1,34,,29905,52,4,,1,70,,29906,52,4,,1,30,,29907,52,4,,1,70,,29908,52,4,,1,34,,29909,52,4,,1,70,,29910,52,4,,1,30,,29911,52,4,,1,63,,29912,52,4,,1,29,,29913,52,4,,1,63,,29914,52,4,,1,23,,29915,52,4,,1,23,,29916,52,4,,1,63,,29917,52,4,,1,23,,29918,52,4,,1,63,,29919,52,4,,1,23,,29920,52,4,,1,23,,29921,52,4,,1,63,,29922,52,4,,1,23,,29923,52,4,,1,63,,29924,52,4,,1,18,,29925,52,4,,1,21,,29926,52,4,,1,19,,29927,52,4,,1,63,,29928,52,4,,1,21,,29929,52,4,,1,61,,29930,52,4,,1,18,,29931,52,4,,1,21,,29932,52,4,,1,61,,29933,52,4,,1,17,,29934,52,4,,1,21,,29935,52,4,,1,61,,29936,52,4,,1,21,,29937,52,4,,1,21,,29938,52,4,,1,70,,29939,52,4,,1,30,,29940,52,,,1,70,,29941,52,,,1
8501,'80',909,,29942,52,4,,1,44,,29943,52,4,,1,80,,29944,52,4,,1,80,,29945,52,4,,1,87,,29946,52,4,,1,43,,29947,52,4,,1,83,,29948,52,4,,1,87,,29949,52,4,,1,43,,29950,52,4,,1,83,,29951,52,4,,1,83,,29952,52,4,,1,33,,29953,52,4,,1,82,,29954,52,4,,1,84,,29955,52,4,,1,36,,29958,52,4,,1,81,,29959,52,4,,1,83,,29960,52,4,,1,79,,29956,52,,,1,41,,29957,52,,,1
