9601,'1',458,,18590,27,,,1,68,,18591,27,,,1,29,,18592,27,,,1,70,,18593,27,,,1,76,,18594,27,,,1,35,,18595,27,,,1,78,,18596,27,,,1,31,,18597,27,,,1,74,,18598,27,,,1,32,,18599,27,,,1,79,,18600,27,,,1,80,,18601,27,,,1,43,,18602,27,,,1,75,,18603,27,,,1,72,,18604,27,,,1,46,,18605,27,,,1,81,,18606,27,,,1,18,,18625,27,,,1,61,,18607,27,,,1,28,,18608,27,,,1,67,,18609,27,,,1,27,,18610,27,,,1,27,,18611,27,,,1,67,,18612,27,,,1,25,,18613,27,,,1,63,,18614,27,,,1,25,,18615,27,,,1,65,,18616,27,,,1,25,,18617,27,,,1,25,,18618,27,,,1,65,,18619,27,,,1,28,,18620,27,,,1,70,,18621,27,,,1,30,,18622,27,,,1,70,,18623,27,,,1,24,,18624,27,,,1
9601,'2',823,,18626,27,,,1,99,,18627,27,,,1,100,,18628,27,,,1,99,,18629,27,,,1,99,,18630,27,,,1,99,,18631,27,,,1,99,,18632,27,,,1,99,,18633,27,,,1,99,,18634,27,,,1,99,,18635,27,,,1,90,,18636,27,,,1,51,,18637,27,,,1,97,,18638,27,,,1
9601,'3',923,,18639,27,,,1,94,,18640,27,,,1,94,,18641,27,,,1,94,,18642,27,,,1,54,,18643,27,,,1,94,,18644,27,,,1,95,,18645,27,,,1,94,,18646,27,,,1,92,,18647,27,,,1,94,,18648,27,,,1,93,,18649,27,,,1,94,,18650,27,,,1
9601,'80',923,,18651,27,,,1,94,,18652,27,,,1,94,,18653,27,,,1,94,,18654,27,,,1,54,,18655,27,,,1,94,,18656,27,,,1,95,,18657,27,,,1,94,,18658,27,,,1,92,,18659,27,,,1,94,,18660,27,,,1,93,,18661,27,,,1,94,,18662,27,,,1
9801,'1',534,,18741,36,,,1,75,,18740,36,,,1,36,,18739,36,,,1,75,,18738,36,,,1,36,,18737,36,,,1,75,,18736,36,,,1,75,,18735,36,,,1,35,,18734,36,,,1,75,,18745,36,,,1,100,,18744,36,,,1,98,,18743,36,,,1,98,,18742,36,,,1,101,,18757,36,,,1,40,,18756,36,,,1,80,,18755,36,,,1,80,,18754,36,,,1,40,,18753,36,,,1,80,,18752,36,,,1,80,,18751,36,,,1,38,,18750,36,,,1,78,,18749,36,,,1,91,,18748,36,,,1,87,,18747,36,,,1,48,,18746,36,,,1
9801,'2',541,,18776,36,,,1,86,,18775,36,,,1,86,,18774,36,,,1,46,,18773,36,,,1,88,,18772,36,,,1,96,,18771,36,,,1,94,,18770,36,,,1,97,,18769,36,,,1,94,,18768,36,,,1,101,,18767,36,,,1,98,,18766,36,,,1,98,,18765,36,,,1,96,,18764,36,,,1,98,,18763,36,,,1,98,,18762,36,,,1,95,,18761,36,,,1,46,,18760,36,,,1,89,,18759,36,,,1,87,,18758,36,,,1
9801,'3',724,,18793,36,,,1,88,,18794,36,,,1,88,,18792,36,,,1,48,,18791,36,,,1,88,,18790,36,,,1,96,,18789,36,,,1,93,,18788,36,,,1,93,,18787,36,,,1,95,,18786,36,,,1,93,,18785,36,,,1,53,,18784,36,,,1,93,,18783,36,,,1,93,,18782,36,,,1,90,,18781,36,,,1,87,,18780,36,,,1,86,,18779,36,,,1,47,,18778,36,,,1,88,,18777,36,,,1
9801,'80',724,,18811,36,,,1,88,,18812,36,,,1,88,,18810,36,,,1,48,,18809,36,,,1,88,,18808,36,,,1,96,,18807,36,,,1,93,,18806,36,,,1,93,,18805,36,,,1,95,,18804,36,,,1,93,,18803,36,,,1,53,,18802,36,,,1,93,,18801,36,,,1,93,,18800,36,,,1,90,,18799,36,,,1,87,,18798,36,,,1,86,,18797,36,,,1,47,,18796,36,,,1,88,,18795,36,,,1
60101,'1',500,,21151,10,,,1,11,,21150,10,,,1,11,,21149,10,,,1,11,,21148,10,,,1,11,,21147,10,,,1,11,,21146,10,,,1,50,,21145,10,,,1,10,,21144,10,,,1,11,,21143,10,,,1,12,,21142,10,,,1,10,,21141,10,,,1,11,,21140,10,,,1,50,,21064,10,,,1,10,,21065,10,,,1,11,,21066,10,,,1,11,,21067,10,,,1,11,,21068,10,,,1,53,,21069,10,,,1,11,,21070,10,,,1,11,,21071,10,,,1,11,,21072,10,,,1,12,,21073,10,,,1,9,,21074,10,,,1,51,,21075,10,,,1,11,,21076,10,,,1,11,,21077,10,,,1,11,,21078,10,,,1,12,,21079,10,,,1,51,,21080,10,,,1,10,,21081,10,,,1,11,,21082,10,,,1,11,,21098,10,,,1,16,,21097,10,,,1,56,,21096,10,,,1,16,,21095,10,,,1,16,,21094,10,,,1,16,,21093,10,,,1,56,,21083,10,,,1,16,,21084,10,,,1,16,,21085,10,,,1,56,,21086,10,,,1,16,,21087,10,,,1,16,,21088,10,,,1,16,,21089,10,,,1,56,,21090,10,,,1,17,,21091,10,,,1,16,,21092,10,,,1,14,,21125,10,,,1,52,,21124,10,,,1,14,,21123,10,,,1,12,,21122,10,,,1,12,,21121,10,,,1,12,,21120,10,,,1,52,,21099,10,,,1,12,,21100,10,,,1,12,,21101,10,,,1,12,,21102,10,,,1,12,,21103,10,,,1,52,,21104,10,,,1,12,,21105,10,,,1,12,,21106,10,,,1,12,,21107,10,,,1,11,,21108,10,,,1,52,,21109,10,,,1,11,,21110,10,,,1,12,,21111,10,,,1,12,,21112,10,,,1,12,,21113,10,,,1,52,,21114,10,,,1,12,,21115,10,,,1,12,,21116,10,,,1,10,,21117,10,,,1,12,,21118,10,,,1,52,,21119,10,,,1,25,,21133,10,,,1,16,,21132,10,,,1,58,,21131,10,,,1,18,,21130,10,,,1,17,,21129,10,,,1,18,,21126,10,,,1,58,,21127,10,,,1,18,,21128,10,,,1,15,,21139,10,,,1,56,,21138,10,,,1,19,,21137,10,,,1,19,,21134,10,,,1,16,,21135,10,,,1,56,,21136,10,,,1
60101,'2',622,,21220,10,,,1,17,,21152,10,,,1,17,,21153,10,,,1,58,,21154,10,,,1,17,,21155,10,,,1,15,,21173,10,,,1,56,,21172,10,,,1,17,,21171,10,,,1,16,,21170,10,,,1,16,,21169,10,,,1,55,,21156,10,,,1,19,,21157,10,,,1,16,,21158,10,,,1,16,,21159,10,,,1,56,,21160,10,,,1,16,,21161,10,,,1,16,,21162,10,,,1,57,,21163,10,,,1,16,,21164,10,,,1,16,,21165,10,,,1,16,,21166,10,,,1,56,,21167,10,,,1,15,,21168,10,,,1,14,,21205,10,,,1,15,,21204,10,,,1,55,,21203,10,,,1,15,,21202,10,,,1,15,,21201,10,,,1,15,,21200,10,,,1,55,,21174,10,,,1,15,,21175,10,,,1,15,,21176,10,,,1,15,,21177,10,,,1,55,,21178,10,,,1,15,,21179,10,,,1,15,,21180,10,,,1,15,,21181,10,,,1,55,,21182,10,,,1,15,,21183,10,,,1,15,,21184,10,,,1,15,,21185,10,,,1,55,,21186,10,,,1,15,,21187,10,,,1,15,,21188,10,,,1,15,,21189,10,,,1,55,,21190,10,,,1,15,,21191,10,,,1,15,,21192,10,,,1,14,,21193,10,,,1,55,,21194,10,,,1,15,,21195,10,,,1,15,,21196,10,,,1,15,,21197,10,,,1,54,,21198,10,,,1,15,,21199,10,,,1,20,,21211,10,,,1,18,,21210,10,,,1,58,,21209,10,,,1,18,,21208,10,,,1,16,,21206,10,,,1,58,,21207,10,,,1,20,,21219,10,,,1,16,,21218,10,,,1,16,,21217,10,,,1,54,,21216,10,,,1,16,,21215,10,,,1,16,,21212,10,,,1,56,,21213,10,,,1,14,,21214,10,,,1
60101,'3',710,,21221,10,,,1,22,,21222,10,,,1,20,,21223,10,,,1,60,,21224,10,,,1,20,,21225,10,,,1,20,,21226,10,,,1,60,,21227,10,,,1,21,,21228,10,,,1,21,,21229,10,,,1,60,,21230,10,,,1,21,,21231,10,,,1,21,,21232,10,,,1,61,,21233,10,,,1,21,,21234,10,,,1,62,,21235,10,,,1,20,,21236,10,,,1,22,,21237,10,,,1,61,,21238,10,,,1,21,,21239,10,,,1,22,,21240,10,,,1,61,,21241,10,,,1,21,,21242,10,,,1,21,,21243,10,,,1,61,,21244,10,,,1,21,,21245,10,,,1,21,,21246,10,,,1,60,,21247,10,,,1,21,,21248,10,,,1,21,,21249,10,,,1,61,,21250,10,,,1,21,,21251,10,,,1,21,,21252,10,,,1,59,,21253,10,,,1,21,,21254,10,,,1,21,,21255,10,,,1,61,,21256,10,,,1,21,,21257,10,,,1,61,,21258,10,,,1,21,,21259,10,,,1,18,,21260,10,,,1,60,,21261,10,,,1,20,,21262,10,,,1,20,,21263,10,,,1,19,,21264,10,,,1,60,,21265,10,,,1,18,,21266,10,,,1,20,,21267,10,,,1,60,,21268,10,,,1,20,,21269,10,,,1,20,,21270,10,,,1,60,,21271,10,,,1,20,,21272,10,,,1
60101,'80',710,,21273,10,,,1,22,,21274,10,,,1,20,,21275,10,,,1,60,,21276,10,,,1,20,,21277,10,,,1,20,,21278,10,,,1,60,,21279,10,,,1,21,,21280,10,,,1,21,,21281,10,,,1,60,,21282,10,,,1,21,,21283,10,,,1,21,,21284,10,,,1,61,,21285,10,,,1,21,,21286,10,,,1,62,,21287,10,,,1,20,,21288,10,,,1,22,,21289,10,,,1,61,,21290,10,,,1,21,,21291,10,,,1,22,,21292,10,,,1,61,,21293,10,,,1,21,,21294,10,,,1,21,,21295,10,,,1,61,,21296,10,,,1,21,,21297,10,,,1,21,,21298,10,,,1,60,,21299,10,,,1,21,,21300,10,,,1,21,,21301,10,,,1,61,,21302,10,,,1,21,,21303,10,,,1,21,,21304,10,,,1,59,,21305,10,,,1,21,,21306,10,,,1,21,,21307,10,,,1,61,,21308,10,,,1,21,,21309,10,,,1,61,,21310,10,,,1,21,,21311,10,,,1,18,,21312,10,,,1,60,,21313,10,,,1,20,,21314,10,,,1,20,,21315,10,,,1,19,,21316,10,,,1,60,,21317,10,,,1,18,,21318,10,,,1,20,,21319,10,,,1,60,,21320,10,,,1,20,,21321,10,,,1,20,,21322,10,,,1,60,,21323,10,,,1,20,,21324,10,,,1
989901,'1',2214,,22691,36,,,1,31,,22692,36,,,1,78,,22693,36,,,1,36,,22694,36,,,1,75,,22695,36,,,1,71,,22696,36,,,1,35,,22697,36,,,1,75,,22698,36,,,1
989901,'2',2220,,22699,36,,,1,91,,22700,36,,,1,43,,22701,36,,,1,91,,22704,36,,,1,85,,22702,36,,,1,86,,22703,36,,,1
989901,'3',2232,,22705,36,,,1,88,,22706,36,,,1,83,,22707,36,,,1,49,,22708,36,,,1,79,,22709,36,,,1,83,,22710,36,,,1
989901,'80',2232,,22711,36,,,1,88,,22712,36,,,1,83,,22713,36,,,1,49,,22714,36,,,1,79,,22715,36,,,1,83,,22716,36,,,1
