9601,'1',536,,31339,79,,,1,72,,31340,79,,,1,29,,31341,79,,,1,70,,31342,79,,,1,42,,31343,79,,,1,76,,31344,79,,,1,78,,31345,79,,,1,27,,31346,79,,,1,72,,31347,79,,,1,31,,31348,79,,,1,79,,31349,79,,,1,38,,31350,75,,,1,83,,31351,75,,,1,75,,31352,75,,,1,32,,31353,75,,,1,86,,31354,75,,,1,82,,31355,75,,,1,22,,31374,75,,,1,17,,31356,75,,,1,72,,31357,75,,,1,27,,31358,75,,,1,71,,31359,79,,,1,27,,31360,79,,,1,64,,31361,79,,,1,22,,31362,79,,,1,16,,31363,79,,,1,65,,31364,79,,,1,25,,31365,79,,,1,65,,31366,79,,,1,21,,31367,75,,,1,25,,31368,75,,,1,67,,31369,75,,,1,30,,31370,75,,,1,70,,31371,75,,,1,30,,31372,75,,,1,64,,31373,75,,,1
9601,'2',900,,31375,75,,,1,59,,31376,75,,,1,142,,31377,75,,,1,99,,31378,75,,,1,59,,31379,75,,,1,96,,31380,75,,,1,99,,31381,75,,,1,99,,31382,75,,,1,99,,31383,75,,,1,99,,31384,75,,,1,88,,31385,75,,,1,90,,31386,75,,,1,97,,31387,75,,,1
9601,'3',1000,,31388,75,,,1,54,,31389,75,,,1,94,,31390,75,,,1,94,,31391,75,,,1,94,,31392,75,,,1,94,,31393,75,,,1,96,,31394,75,,,1,94,,31395,75,,,1,88,,31396,75,,,1,94,,31397,75,,,1,52,,31398,75,,,1,94,,31399,75,,,1
9601,'74',900,,31400,75,,,1,59,,31401,75,,,1,142,,31402,75,,,1,99,,31403,75,,,1,59,,31404,75,,,1,96,,31405,75,,,1,99,,31406,75,,,1,99,,31407,75,,,1,99,,31408,75,,,1,99,,31409,75,,,1,88,,31410,75,,,1,90,,31411,75,,,1,97,,31412,75,,,1
9601,'80',1000,,31413,75,,,1,54,,31414,75,,,1,94,,31415,75,,,1,94,,31416,75,,,1,94,,31417,75,,,1,94,,31418,75,,,1,96,,31419,75,,,1,94,,31420,75,,,1,88,,31421,75,,,1,94,,31422,75,,,1,52,,31423,75,,,1,94,,31424,75,,,1
10701,'1',529,,32420,22,,,1,24,,32419,22,,,1,68,,32418,22,,,1,24,,32417,22,,,1,64,,32416,22,,,1,18,,32415,22,,,1,20,,32414,22,,,1,12,,32413,22,,,1,61,,32412,22,,,1,16,,32411,22,,,1,16,,32410,22,,,1,50,,32409,22,,,1,43,,32398,22,,,1,80,,32405,22,,,1,82,,32404,22,,,1,42,,32403,22,,,1,82,,32402,22,,,1,87,,32401,22,,,1,82,,32400,22,,,1,28,,32408,22,,,1,14,,32399,22,,,1,63,,32397,22,,,1,19,,32396,22,,,1,18,,32395,22,,,1,58,,32394,22,,,1,22,,32393,22,,,1,18,,32392,22,,,1,18,,32391,22,,,1,63,,32390,22,,,1,18,,32389,22,,,1,18,,32388,22,,,1,55,,32387,22,,,1,17,,32386,22,,,1,18,,32434,22,,,1,66,,32433,22,,,1,18,,32421,22,,,1,78,,32435,22,,,1,41,,32432,22,,,1,75,,32431,22,,,1,78,,32430,22,,,1,32,,32429,22,,,1,74,,32428,22,,,1,34,,32427,22,,,1,74,,32426,22,,,1,34,,32425,22,,,1,74,,32424,22,,,1,34,,32423,22,,,1,74,,32422,22,,,1
10701,'2',704,,32463,22,,,1,39,,32464,22,,,1,77,,32465,22,,,1,37,,32466,22,,,1,77,,32467,22,,,1,77,,32468,22,,,1,37,,32469,22,,,1,77,,32470,22,,,1,77,,32471,22,,,1,37,,32472,22,,,1,76,,32440,22,,,1,37,,32441,22,,,1,76,,32443,22,,,1,77,,32444,22,,,1,37,,32445,22,,,1,77,,32446,22,,,1,35,,32447,22,,,1,77,,32448,22,,,1,77,,32449,22,,,1,37,,32450,22,,,1,77,,32451,22,,,1,37,,32452,22,,,1,77,,32453,22,,,1,77,,32454,22,,,1,37,,32455,22,,,1,77,,32442,22,,,1,77,,32456,22,,,1,37,,32457,22,,,1,77,,32458,22,,,1,37,,32459,22,,,1,76,,32439,22,,,1,75,,32460,22,,,1
10701,'3',743,,32485,22,,,1,77,,32486,22,,,1,34,,32487,22,,,1,77,,32488,22,,,1,78,,32489,22,,,1,37,,32490,22,,,1,77,,32484,22,,,1,77,,32491,22,,,1,37,,32492,22,,,1,77,,32493,22,,,1,37,,32494,22,,,1,76,,32495,22,,,1,75,,32496,22,,,1,37,,32497,22,,,1,77,,32498,22,,,1,37,,32500,22,,,1,77,,32501,22,,,1,77,,32499,22,,,1,37,,32481,22,,,1,77,,32502,22,,,1,37,,32503,22,,,1,77,,32504,22,,,1,77,,32505,22,,,1,37,,32473,22,,,1,77,,32474,22,,,1,77,,32475,22,,,1,37,,32476,22,,,1,77,,32477,22,,,1,36,,32478,22,,,1,77,,32479,22,,,1,77,,32480,22,,,1
10701,'74',704,,32530,22,,,1,39,,32531,22,,,1,77,,32532,22,,,1,37,,32533,22,,,1,77,,32534,22,,,1,77,,32535,22,,,1,37,,32536,22,,,1,77,,32537,22,,,1,77,,32538,22,,,1,37,,32539,22,,,1,76,,32507,22,,,1,37,,32508,22,,,1,76,,32510,22,,,1,77,,32511,22,,,1,37,,32512,22,,,1,77,,32513,22,,,1,35,,32514,22,,,1,77,,32515,22,,,1,77,,32516,22,,,1,37,,32517,22,,,1,77,,32518,22,,,1,37,,32519,22,,,1,77,,32520,22,,,1,77,,32521,22,,,1,37,,32522,22,,,1,77,,32509,22,,,1,77,,32523,22,,,1,37,,32524,22,,,1,77,,32525,22,,,1,37,,32526,22,,,1,76,,32506,22,,,1,75,,32527,22,,,1
10701,'80',743,,32552,22,,,1,77,,32553,22,,,1,34,,32554,22,,,1,77,,32555,22,,,1,78,,32556,22,,,1,37,,32557,22,,,1,77,,32551,22,,,1,77,,32558,22,,,1,37,,32559,22,,,1,77,,32560,22,,,1,37,,32561,22,,,1,76,,32562,22,,,1,75,,32563,22,,,1,37,,32564,22,,,1,77,,32565,22,,,1,37,,32567,22,,,1,77,,32568,22,,,1,77,,32566,22,,,1,37,,32548,22,,,1,77,,32569,22,,,1,37,,32570,22,,,1,77,,32571,22,,,1,77,,32572,22,,,1,37,,32540,22,,,1,77,,32541,22,,,1,77,,32542,22,,,1,37,,32543,22,,,1,77,,32544,22,,,1,36,,32545,22,,,1,77,,32546,22,,,1,77,,32547,22,,,1
