'148.0.1',900,62200,4,'',1,3500,4,'',1,7700,4,'',1,7300,4,'',1,3300,4,'',1,7300,4,'',1,3300,4,'',1,7300,4,'',1,8400,4,'',1,4400,4,'',1,8400,4,'',1,8400,4,'',1,4100,4,'',1,8400,4,'',1,8200,4,'',1,8600,4,'',1,3400,4,'',1,7700,4,'',1,8200,4,'',1,3400,4,'',1,7400,4,'',1,3800,4,'',1,7800,4,'',1,7800,4,'',1
'148.0.1',901,60500,,'',1,2900,,'',1,7300,,'',1,3300,,'',1,7300,,'',1,3300,,'',1,7300,,'',1,3300,,'',1,7300,,'',1,8400,,'',1,4400,,'',1,8400,,'',1,8400,,'',1,8400,,'',1,9600,,'',1,4200,,'',1,7300,,'',1,3300,,'',1,7600,,'',1,9200,,'',1,3100,,'',1,7800,,'',1,7800,,'',1,3800,,'',1
'148.0.2',900,74300,4,'',1,8700,4,'',1,8700,4,'',1,8700,4,'',1,4700,4,'',1,8700,4,'',1,8700,4,'',1,8700,4,'',1,4700,4,'',1,8700,4,'',1,8700,4,'',1,8700,4,'',1,8700,4,'',1,4700,4,'',1,8700,4,'',1,8700,4,'',1,8700,4,'',1,8700,4,'',1,4700,4,'',1
'148.0.2',901,70700,,'',1,4700,,'',1,8700,,'',1,8700,,'',1,8700,,'',1,8700,,'',1,4700,,'',1,8700,,'',1,8700,,'',1,8700,,'',1,4700,,'',1,8700,,'',1,8700,,'',1,8700,,'',1,8700,,'',1,4700,,'',1,8700,,'',1,8700,,'',1,8700,,'',1
'148.0.3',900,84500,4,'',1,8700,4,'',1,8700,4,'',1,8700,4,'',1,4700,4,'',1,8700,4,'',1,8700,4,'',1,8700,4,'',1,8700,4,'',1,4700,4,'',1,8700,4,'',1,8700,4,'',1,8700,4,'',1,4700,4,'',1,8700,4,'',1,8700,4,'',1,8700,4,'',1
'148.0.3',901,80900,,'',1,4700,,'',1,8700,,'',1,8700,,'',1,8700,,'',1,8700,,'',1,4700,,'',1,8700,,'',1,8700,,'',1,8700,,'',1,4700,,'',1,8700,,'',1,8700,,'',1,8700,,'',1,8700,,'',1,4700,,'',1
'148.0.74',900,74300,4,'',1,8700,4,'',1,8700,4,'',1,8700,4,'',1,4700,4,'',1,8700,4,'',1,8700,4,'',1,8700,4,'',1,4700,4,'',1,8700,4,'',1,8700,4,'',1,8700,4,'',1,8700,4,'',1,4700,4,'',1,8700,4,'',1,8700,4,'',1,8700,4,'',1,8700,4,'',1,4700,4,'',1
'148.0.74',901,70700,,'',1,4700,,'',1,8700,,'',1,8700,,'',1,8700,,'',1,8700,,'',1,4700,,'',1,8700,,'',1,8700,,'',1,8700,,'',1,4700,,'',1,8700,,'',1,8700,,'',1,8700,,'',1,8700,,'',1,4700,,'',1,8700,,'',1,8700,,'',1,8700,,'',1
'148.0.80',900,84500,4,'',1,8700,4,'',1,8700,4,'',1,8700,4,'',1,4700,4,'',1,8700,4,'',1,8700,4,'',1,8700,4,'',1,8700,4,'',1,4700,4,'',1,8700,4,'',1,8700,4,'',1,8700,4,'',1,4700,4,'',1,8700,4,'',1,8700,4,'',1,8700,4,'',1
'148.0.80',901,80900,,'',1,4700,,'',1,8700,,'',1,8700,,'',1,8700,,'',1,8700,,'',1,4700,,'',1,8700,,'',1,8700,,'',1,8700,,'',1,4700,,'',1,8700,,'',1,8700,,'',1,8700,,'',1,8700,,'',1,4700,,'',1
