8000,'1',545,,29334,3,,,1,69,,29335,3,,,1,29,,29336,3,,,1,69,,29337,3,,,1,29,,29338,3,,,1,69,,29339,3,,,1,29,,29340,3,,,1,69,,29341,3,,,1,29,,29343,3,,,1,90,,29342,3,,,1,90,,29316,3,,,1,90,,29344,3,,,1,50,,29321,3,,,1,88,,29322,3,,,1,64,,29346,3,,,1,28,,29323,3,,,1,69,,29324,3,,,1,29,,29325,3,,,1,69,,29326,3,,,1,29,,29327,3,,,1,69,,29328,3,,,1,29,,29329,3,,,1,69,,29330,3,,,1,29,,29331,3,,,1,29,,29332,3,,,1,69,,29345,3,,,1,89,,29317,3,,,1,89,,29318,3,,,1,49,,29319,3,,,1,89,,29320,3,,,1,89,,29333,3,,,1
8000,'2',657,,29347,3,,,1,84,,29348,3,,,1,96,,29349,3,,,1,98,,29350,3,,,1,98,,29351,3,,,1,98,,29352,3,,,1,96,,29353,3,,,1,98,,29354,3,,,1,98,,29355,3,,,1,98,,29356,3,,,1,98,,29357,3,,,1,97,,29358,3,,,1,98,,29359,3,,,1,96,,29360,3,,,1,93,,29361,3,,,1
8000,'3',922,,29362,3,,,1,87,,29363,3,,,1,49,,29364,3,,,1,92,,29365,3,,,1,93,,29366,3,,,1,93,,29367,3,,,1,93,,29368,3,,,1,93,,29369,3,,,1,91,,29370,3,,,1,91,,29371,3,,,1,51,,29372,3,,,1,86,,29373,3,,,1,85,,29374,3,,,1,85,,29375,3,,,1,45,,29376,3,,,1,85,,29377,3,,,1
8000,'74',657,,29378,3,,,1,84,,29379,3,,,1,96,,29380,3,,,1,98,,29381,3,,,1,98,,29382,3,,,1,98,,29383,3,,,1,96,,29384,3,,,1,98,,29385,3,,,1,98,,29386,3,,,1,98,,29387,3,,,1,98,,29388,3,,,1,97,,29389,3,,,1,98,,29390,3,,,1,96,,29391,3,,,1,93,,29392,3,,,1
8000,'80',922,,29393,3,,,1,87,,29394,3,,,1,49,,29395,3,,,1,92,,29396,3,,,1,93,,29397,3,,,1,93,,29398,3,,,1,93,,29399,3,,,1,93,,29400,3,,,1,91,,29401,3,,,1,91,,29402,3,,,1,51,,29403,3,,,1,86,,29404,3,,,1,85,,29405,3,,,1,85,,29406,3,,,1,45,,29407,3,,,1,85,,29408,3,,,1
8301,'1',1433,,29604,14,,,1,168,,29589,13,,,1
8801,'1',530,,30342,3,,,1,27,,30343,22,,,1,67,,30312,22,,,1,15,,30311,22,,,1,16,,30310,22,,,1,55,,30307,22,,,1,16,,30308,22,,,1,16,,30309,22,,,1,14,,30326,22,,,1,64,,30325,22,,,1,12,,30324,22,,,1,14,,30313,22,,,1,54,,30314,22,,,1,14,,30315,22,,,1,14,,30316,22,,,1,13,,30317,22,,,1,14,,30318,22,,,1,54,,30319,22,,,1,14,,30320,22,,,1,14,,30321,22,,,1,15,,30322,22,,,1,54,,30323,22,,,1,22,,30331,22,,,1,30,,30330,22,,,1,70,,30327,22,,,1,30,,30328,22,,,1,70,,30329,22,,,1,73,,30340,22,,,1,30,,30339,22,,,1,20,,30338,22,,,1,58,,30337,22,,,1,12,,30336,22,,,1,15,,30332,22,,,1,15,,30333,22,,,1,53,,30334,22,,,1,15,,30335,22,,,1,15,,30344,22,,,1,15,,30345,22,,,1,55,,30346,22,,,1,15,,30347,22,,,1,15,,30348,22,,,1,15,,30349,22,,,1,55,,30350,22,,,1,15,,30351,22,,,1,12,,30352,22,,,1,21,,30359,22,,,1,54,,30358,22,,,1,14,,30357,22,,,1,14,,30356,22,,,1,14,,30353,22,,,1,54,,30354,22,,,1,13,,30355,22,,,1,20,,30364,22,,,1,81,,30363,22,,,1,40,,30360,22,,,1,81,,30361,22,,,1,81,,30362,22,,,1
8801,'2',603,,30365,22,,,1,29,,30366,22,,,1,69,,30367,22,,,1,29,,30368,22,,,1,74,,30369,22,,,1,34,,30370,22,,,1,75,,30371,22,,,1,34,,30372,22,,,1,74,,30373,22,,,1,29,,30374,22,,,1,69,,30375,22,,,1,29,,30376,22,,,1,69,,30377,22,,,1,29,,30378,22,,,1,69,,30379,22,,,1,29,,30380,22,,,1,69,,30381,22,,,1,29,,30382,22,,,1,69,,30383,22,,,1,29,,30384,22,,,1,69,,30385,22,,,1,29,,30386,22,,,1,69,,30387,22,,,1,29,,30388,22,,,1,69,,30389,22,,,1,29,,30390,22,,,1,69,,30391,22,,,1,25,,30392,22,,,1,29,,30393,22,,,1,63,,30394,22,,,1,26,,30395,22,,,1,66,,30396,22,,,1,26,,30397,22,,,1,66,,30398,22,,,1,26,,30399,22,,,1,26,,30400,22,,,1,66,,30401,22,,,1
8801,'3',757,,30402,22,,,1,71,,30403,22,,,1,31,,30404,22,,,1,71,,30405,22,,,1,75,,30406,22,,,1,35,,30407,22,,,1,77,,30408,22,,,1,36,,30409,22,,,1,69,,30410,22,,,1,29,,30411,22,,,1,69,,30412,22,,,1,29,,30413,22,,,1,69,,30414,22,,,1,29,,30415,22,,,1,69,,30416,22,,,1,29,,30417,22,,,1,69,,30418,22,,,1,29,,30419,22,,,1,68,,30420,22,,,1,29,,30421,22,,,1,68,,30422,22,,,1,25,,30423,22,,,1,25,,30424,22,,,1,65,,30425,22,,,1,25,,30426,22,,,1,65,,30427,22,,,1,23,,30428,22,,,1,65,,30429,22,,,1
8801,'74',603,,30430,22,,,1,29,,30431,22,,,1,69,,30432,22,,,1,29,,30433,22,,,1,74,,30434,22,,,1,34,,30435,22,,,1,75,,30436,22,,,1,34,,30437,22,,,1,74,,30438,22,,,1,29,,30439,22,,,1,69,,30440,22,,,1,29,,30441,22,,,1,69,,30442,22,,,1,29,,30443,22,,,1,69,,30444,22,,,1,29,,30445,22,,,1,69,,30446,22,,,1,29,,30447,22,,,1,69,,30448,22,,,1,29,,30449,22,,,1,69,,30450,22,,,1,29,,30451,22,,,1,69,,30452,22,,,1,29,,30453,22,,,1,69,,30454,22,,,1,29,,30455,22,,,1,69,,30456,22,,,1,25,,30457,22,,,1,29,,30458,22,,,1,63,,30459,22,,,1,26,,30460,22,,,1,66,,30461,22,,,1,26,,30462,22,,,1,66,,30463,22,,,1,26,,30464,22,,,1,26,,30465,22,,,1,66,,30466,22,,,1
8801,'80',757,,30467,22,,,1,71,,30468,22,,,1,31,,30469,22,,,1,71,,30470,22,,,1,75,,30471,22,,,1,35,,30472,22,,,1,77,,30473,22,,,1,36,,30474,22,,,1,69,,30475,22,,,1,29,,30476,22,,,1,69,,30477,22,,,1,29,,30478,22,,,1,69,,30479,22,,,1,29,,30480,22,,,1,69,,30481,22,,,1,29,,30482,22,,,1,69,,30483,22,,,1,29,,30484,22,,,1,68,,30485,22,,,1,29,,30486,22,,,1,68,,30487,22,,,1,25,,30488,22,,,1,25,,30489,22,,,1,65,,30490,22,,,1,25,,30491,22,,,1,65,,30492,22,,,1,23,,30493,22,,,1,65,,30494,22,,,1
