800,'1',534,,25474,2,,,1,16,,25460,2,,,1,56,,25461,2,,,1,16,,25462,2,,,1,16,,25463,2,,,1,16,,25464,2,,,1,56,,25465,2,,,1,16,,25466,2,,,1,16,,25467,2,,,1,17,,25468,2,,,1,56,,25469,2,,,1,16,,25470,2,,,1,16,,25471,2,,,1,56,,25472,2,,,1,15,,25473,2,,,1,11,,25506,2,,,1,29,,25475,2,,,1,69,,25476,2,,,1,29,,25477,2,,,1,69,,25478,2,,,1,29,,25479,2,,,1,69,,25480,2,,,1,29,,25481,2,,,1,69,,25482,2,,,1,29,,25483,2,,,1,69,,25484,2,,,1,13,,25508,2,,,1,16,,25507,2,,,1,56,,25485,2,,,1,16,,25486,2,,,1,16,,25487,2,,,1,16,,25488,2,,,1,56,,25489,2,,,1,16,,25490,2,,,1,16,,25491,2,,,1,16,,25492,2,,,1,56,,25493,2,,,1,16,,25494,2,,,1,16,,25495,2,,,1,56,,25496,2,,,1,16,,25497,2,,,1,16,,25498,2,,,1,16,,25499,2,,,1,55,,25500,2,,,1,16,,25501,2,,,1,16,,25502,2,,,1,16,,25503,2,,,1,56,,25504,2,,,1,24,,25505,2,,,1,25,,25509,2,,,1,65,,25510,2,,,1,25,,25511,2,,,1,65,,25512,2,,,1,24,,25513,2,,,1,65,,25514,2,,,1,25,,25515,2,,,1,25,,25516,2,,,1,65,,25517,2,,,1
800,'74',800,,25521,2,,,1,28,,25522,2,,,1,28,,25523,2,,,1,68,,25524,2,,,1,28,,25525,2,,,1,69,,25526,2,,,1,28,,25527,2,,,1,68,,25528,2,,,1,28,,25529,2,,,1,68,,25530,2,,,1,28,,25531,2,,,1,68,,25532,2,,,1,28,,25533,2,,,1,68,,25534,2,,,1,28,,25535,2,,,1,68,,25536,2,,,1,28,,25537,2,,,1,28,,25538,2,,,1,68,,25539,2,,,1,28,,25540,2,,,1,68,,25541,2,,,1,28,,25542,2,,,1,67,,25543,2,,,1,28,,25544,2,,,1,68,,25545,2,,,1,28,,25546,2,,,1,68,,25547,2,,,1,28,,25548,2,,,1,68,,25549,2,,,1,30,,25550,2,,,1,70,,25551,2,,,1,30,,25552,2,,,1,70,,25553,2,,,1,30,,25554,2,,,1,70,,25555,2,,,1
800,'80',754,,25556,2,,,1,94,,25557,2,,,1,67,,25558,2,,,1,27,,25559,2,,,1,67,,25560,2,,,1,27,,25561,2,,,1,67,,25562,2,,,1,27,,25563,2,,,1,27,,25564,2,,,1,67,,25565,2,,,1,27,,25566,2,,,1,67,,25567,2,,,1,27,,25568,2,,,1,67,,25569,2,,,1,27,,25570,2,,,1,67,,25571,2,,,1,27,,25572,2,,,1,67,,25573,2,,,1,27,,25574,2,,,1,27,,25575,2,,,1,67,,25576,2,,,1,27,,25577,2,,,1,67,,25578,2,,,1,27,,25579,2,,,1,94,,25580,2,,,1,113,,25581,2,,,1
800,'35296.2',800,,25582,2,,,1,28,,25583,2,,,1,28,,25584,2,,,1,68,,25585,2,,,1,28,,25586,2,,,1,69,,25587,2,,,1,28,,25588,2,,,1,68,,25589,2,,,1,28,,25590,2,,,1,68,,25591,2,,,1,28,,25592,2,,,1,68,,25593,2,,,1,28,,25594,2,,,1,68,,25595,2,,,1,28,,25596,2,,,1,68,,25597,2,,,1,28,,25598,2,,,1,28,,25599,2,,,1,68,,25600,2,,,1,28,,25601,2,,,1,68,,25602,2,,,1,28,,25603,2,,,1,67,,25604,2,,,1,28,,25605,2,,,1,68,,25606,2,,,1,28,,25607,2,,,1,68,,25608,2,,,1,28,,25609,2,,,1,68,,25610,2,,,1,30,,25611,2,,,1,70,,25612,2,,,1,30,,25613,2,,,1,70,,25614,2,,,1,30,,25615,2,,,1,70,,25616,2,,,1
800,'35296.3',754,,25617,2,,,1,94,,25618,2,,,1,67,,25619,2,,,1,27,,25620,2,,,1,67,,25621,2,,,1,27,,25622,2,,,1,67,,25623,2,,,1,27,,25624,2,,,1,27,,25625,2,,,1,67,,25626,2,,,1,27,,25627,2,,,1,67,,25628,2,,,1,27,,25629,2,,,1,67,,25630,2,,,1,27,,25631,2,,,1,67,,25632,2,,,1,27,,25633,2,,,1,67,,25634,2,,,1,27,,25635,2,,,1,27,,25636,2,,,1,67,,25637,2,,,1,27,,25638,2,,,1,67,,25639,2,,,1,27,,25640,2,,,1,94,,25641,2,,,1,113,,25642,2,,,1
800,'35298.2',708,,25643,2,,,1,15,,25644,2,,,1,15,,25645,2,,,1,15,,25646,2,,,1,55,,25647,2,,,1,15,,25648,2,,,1,15,,25649,2,,,1,15,,25650,2,,,1,55,,25651,2,,,1,15,,25652,2,,,1,15,,25653,2,,,1,15,,25654,2,,,1,56,,25655,2,,,1,15,,25656,2,,,1,15,,25657,2,,,1,15,,25658,2,,,1,55,,25659,2,,,1,15,,25660,2,,,1,15,,25661,2,,,1,15,,25662,2,,,1,55,,25663,2,,,1,15,,25664,2,,,1,15,,25665,2,,,1,15,,25666,2,,,1,55,,25667,2,,,1,15,,25668,2,,,1,15,,25669,2,,,1,15,,25670,2,,,1,55,,25671,2,,,1,15,,25672,2,,,1,15,,25673,2,,,1,15,,25674,2,,,1,55,,25675,2,,,1,15,,25676,2,,,1,15,,25677,2,,,1,15,,25678,2,,,1,55,,25679,2,,,1,15,,25680,2,,,1,15,,25681,2,,,1,15,,25682,2,,,1,55,,25683,2,,,1,15,,25684,2,,,1,15,,25685,2,,,1,15,,25686,2,,,1,54,,25687,2,,,1,15,,25688,2,,,1,15,,25689,2,,,1,15,,25690,2,,,1,55,,25691,2,,,1,32,,25692,2,,,1,68,,25693,2,,,1,28,,25694,2,,,1,68,,25695,2,,,1,30,,25696,2,,,1,70,,25697,2,,,1,30,,25698,2,,,1,70,,25699,2,,,1,30,,25700,2,,,1,70,,25701,2,,,1
800,'35298.3',708,,25702,2,,,1,15,,25703,2,,,1,15,,25704,2,,,1,15,,25705,2,,,1,55,,25706,2,,,1,15,,25707,2,,,1,15,,25708,2,,,1,15,,25709,2,,,1,55,,25710,2,,,1,15,,25711,2,,,1,15,,25712,2,,,1,15,,25713,2,,,1,55,,25714,2,,,1,15,,25715,2,,,1,15,,25716,2,,,1,15,,25717,2,,,1,55,,25718,2,,,1,15,,25719,2,,,1,15,,25720,2,,,1,15,,25721,2,,,1,55,,25722,2,,,1,15,,25723,2,,,1,15,,25724,2,,,1,15,,25725,2,,,1,55,,25726,2,,,1,15,,25727,2,,,1,15,,25728,2,,,1,15,,25729,2,,,1,55,,25730,2,,,1,15,,25731,2,,,1,15,,25732,2,,,1,15,,25733,2,,,1,55,,25734,2,,,1,15,,25735,2,,,1,15,,25736,2,,,1,15,,25737,2,,,1,55,,25738,2,,,1,15,,25739,2,,,1,15,,25740,2,,,1,15,,25741,2,,,1,55,,25742,2,,,1,15,,25743,2,,,1,15,,25744,2,,,1,15,,25745,2,,,1,55,,25746,2,,,1,15,,25747,2,,,1,15,,25748,2,,,1,15,,25749,2,,,1,55,,25750,2,,,1,28,,25751,2,,,1,113,,25752,2,,,1
801,'1',2008,,25799,33,4,,1,422,,25810,33,4,,1
801,'80',1856,,25870,33,4,,1,94,,25872,33,4,,1,204,,25874,33,4,,1
801,'35296.3',1856,,25936,33,4,,1,94,,25938,33,4,,1,204,,25940,33,4,,1
801,'35298.2',1909,,25988,33,4,,1,503,,25999,33,4,,1
801,'35298.3',1907,,26047,33,4,,1,43,,26049,33,4,,1,204,,26051,33,4,,1
