9801,'1',540,,31521,47,,,1,75,,31520,47,,,1,38,,31519,47,,,1,75,,31518,47,,,1,76,,31517,47,,,1,35,,31516,47,,,1,75,,31515,47,,,1,35,,31514,47,,,1,75,,31525,47,,,1,101,,31524,47,,,1,98,,31523,47,,,1,98,,31522,47,,,1,101,,31537,47,,,1,80,,31536,47,,,1,40,,31535,47,,,1,80,,31534,47,,,1,80,,31533,47,,,1,40,,31532,47,,,1,80,,31531,47,,,1,37,,31530,47,,,1,78,,31529,47,,,1,91,,31528,47,,,1,86,,31527,47,,,1,88,,31526,47,,,1
9801,'2',547,,31556,47,,,1,86,,31555,47,,,1,86,,31554,47,,,1,86,,31553,47,,,1,48,,31552,47,,,1,97,,31551,47,,,1,94,,31550,47,,,1,98,,31549,47,,,1,94,,31548,47,,,1,102,,31547,47,,,1,98,,31546,47,,,1,98,,31545,47,,,1,95,,31544,47,,,1,98,,31543,47,,,1,98,,31542,47,,,1,94,,31541,47,,,1,85,,31540,47,,,1,49,,31539,47,,,1,87,,31538,47,,,1
9801,'3',730,,31573,47,,,1,88,,31574,47,,,1,90,,31572,47,,,1,48,,31571,47,,,1,88,,31570,47,,,1,96,,31569,47,,,1,93,,31568,47,,,1,93,,31567,47,,,1,95,,31566,47,,,1,93,,31565,47,,,1,93,,31564,47,,,1,93,,31563,47,,,1,53,,31562,47,,,1,90,,31561,47,,,1,85,,31560,47,,,1,86,,31559,47,,,1,87,,31558,47,,,1,48,,31557,47,,,1
9801,'74',547,,31593,47,,,1,86,,31592,47,,,1,86,,31591,47,,,1,86,,31590,47,,,1,48,,31589,47,,,1,97,,31588,47,,,1,94,,31587,47,,,1,98,,31586,47,,,1,94,,31585,47,,,1,102,,31584,47,,,1,98,,31583,47,,,1,98,,31582,47,,,1,95,,31581,47,,,1,98,,31580,47,,,1,98,,31579,47,,,1,94,,31578,47,,,1,85,,31577,47,,,1,49,,31576,47,,,1,87,,31575,47,,,1
9801,'80',730,,31610,47,,,1,88,,31611,47,,,1,90,,31609,47,,,1,48,,31608,47,,,1,88,,31607,47,,,1,96,,31606,47,,,1,93,,31605,47,,,1,93,,31604,47,,,1,95,,31603,47,,,1,93,,31602,47,,,1,93,,31601,47,,,1,93,,31600,47,,,1,53,,31599,47,,,1,90,,31598,47,,,1,85,,31597,47,,,1,86,,31596,47,,,1,87,,31595,47,,,1,48,,31594,47,,,1
989901,'1',2219,,36877,47,,,1,31,,36878,47,,,1,78,,36879,47,,,1,76,,36880,47,,,1,35,,36881,47,,,1,71,,36882,47,,,1,35,,36883,47,,,1,75,,36884,47,,,1
989901,'2',2225,,36885,47,,,1,91,,36886,47,,,1,43,,36887,47,,,1,91,,36890,47,,,1,85,,36888,47,,,1,86,,36889,47,,,1
989901,'3',2237,,36891,47,,,1,88,,36892,47,,,1,83,,36893,47,,,1,49,,36894,47,,,1,79,,36895,47,,,1,83,,36896,47,,,1
989901,'74',2225,,36897,47,,,1,91,,36898,47,,,1,43,,36899,47,,,1,91,,36902,47,,,1,85,,36900,47,,,1,86,,36901,47,,,1
989901,'80',2237,,36903,47,,,1,88,,36904,47,,,1,83,,36905,47,,,1,49,,36906,47,,,1,79,,36907,47,,,1,83,,36908,47,,,1
