8600,'1',610,,17474,32,,,1,35,,17475,32,,,1,66,,17476,32,,,1,30,,17477,32,,,1,67,,17478,34,,,1,18,,17479,31,,,1,77,,17480,31,,,1,43,,17490,31,,,1,79,,17481,31,,,1,94,,17482,31,,,1,94,,17483,31,,,1,87,,17484,31,,,1,56,,17485,31,,,1,88,,17486,34,,,1,99,,17487,31,,,1,91,,17488,31,,,1,68,,17491,31,,,1,45,,17489,32,,,1,74,,17492,32,,,1,26,,17493,32,,,1,57,,17494,31,,,1,43,,17495,32,,,1,83,,17496,31,,,1,80,,17498,31,,,1,41,,17497,31,,,1
8600,'2',806,,17499,31,,,1,46,,17500,31,,,1,89,,17501,31,,,1,86,,17502,31,,,1,86,,17503,31,,,1,46,,17504,31,,,1,89,,17505,31,,,1,86,,17506,31,,,1,86,,17507,31,,,1,82,,17508,31,,,1,46,,17509,31,,,1,86,,17510,31,,,1,86,,17511,31,,,1,84,,17512,31,,,1,46,,17513,31,,,1,86,,17514,31,,,1
9900,'1',353,,18839,23,,,1,80,,18840,23,,,1,73,,18813,43,,,1,42,,18814,43,,,1,80,,18815,43,,,1,85,,18816,43,,,1,97,,18817,43,,,1,35,,18818,43,,,1,78,,18819,43,,,1,31,,18820,43,,,1,75,,18821,43,,,1,75,,18822,43,,,1,100,,18823,43,,,1,54,,18824,43,,,1,94,,18825,43,,,1,94,,18826,43,,,1,76,,18838,43,,,1,31,,18837,43,,,1,69,,18827,43,,,1,30,,18828,43,,,1,70,,18829,43,,,1,30,,18830,43,,,1,70,,18831,43,,,1,24,,18832,43,,,1,70,,18833,43,,,1,24,,18834,43,,,1,70,,18835,43,,,1,26,,18836,43,,,1
9900,'2',513,,18859,23,,,1,37,,18860,23,,,1,74,,18841,43,,,1,80,,18842,43,,,1,38,,18856,43,,,1,92,,18855,43,,,1,87,,18843,43,,,1,87,,18844,43,,,1,47,,18845,43,,,1,91,,18846,43,,,1,108,,18847,43,,,1,95,,18848,43,,,1,95,,18849,43,,,1,97,,18850,43,,,1,95,,18851,43,,,1,92,,18852,43,,,1,95,,18853,43,,,1,95,,18854,43,,,1,84,,18858,43,,,1,50,,18857,43,,,1
9900,'3',515,,18879,23,,,1,38,,18880,23,,,1,81,,18861,43,,,1,78,,18862,43,,,1,38,,18863,43,,,1,78,,18864,43,,,1,96,,18881,43,,,1,89,,18865,43,,,1,89,,18866,43,,,1,49,,18867,43,,,1,93,,18868,43,,,1,89,,18869,43,,,1,89,,18870,43,,,1,89,,18871,43,,,1,89,,18872,43,,,1,49,,18873,43,,,1,89,,18874,43,,,1,87,,18875,43,,,1,89,,18876,43,,,1,89,,18877,43,,,1,39,,18878,43,,,1
9900,'80',515,,18900,23,,,1,38,,18901,23,,,1,81,,18882,43,,,1,78,,18883,43,,,1,38,,18884,43,,,1,78,,18885,43,,,1,96,,18902,43,,,1,89,,18886,43,,,1,89,,18887,43,,,1,49,,18888,43,,,1,93,,18889,43,,,1,89,,18890,43,,,1,89,,18891,43,,,1,89,,18892,43,,,1,89,,18893,43,,,1,49,,18894,43,,,1,89,,18895,43,,,1,87,,18896,43,,,1,89,,18897,43,,,1,89,,18898,43,,,1,39,,18899,43,,,1
44800,'24612.1',828,,20735,43,,,1
989900,'1',2107,,22653,43,,,1,34,,22654,43,,,1,78,,22655,43,,,1,38,,22656,43,,,1,75,,22657,43,,,1,73,,22658,43,,,1,35,,22659,43,,,1,75,,22660,43,,,1,35,,22661,43,0,5 6,1,75,,22662,43,0,5 6,1,80,,22663,43,0,5 6,1
989900,'2',2111,,22664,43,,,1,94,,22665,43,,,1,47,,22666,43,,,1,93,,22667,43,,,1,86,,22668,43,,,1,86,,22669,43,,,1,85,,22670,43,0,5 6,1,46,,22671,43,0,5 6,1,86,,22672,43,0,5 6,1
989900,'3',2128,,22673,43,,,1,90,,22674,43,,,1,86,,22675,43,,,1,50,,22676,43,,,1,80,,22677,43,,,1,83,,22678,43,,,1,40,,22679,43,0,5 6,1,83,,22680,43,0,5 6,1,83,,22681,43,0,5 6,1
989900,'80',2128,,22682,43,,,1,90,,22683,43,,,1,86,,22684,43,,,1,50,,22685,43,,,1,80,,22686,43,,,1,83,,22687,43,,,1,40,,22688,43,0,5 6,1,83,,22689,43,0,5 6,1,83,,22690,43,0,5 6,1
