101,'1',512,,23682,41,,,1,38,,23683,41,,,1,71,,23684,41,,,1,93,,23690,41,,,1,39,,23692,41,,,1,75,,23685,41,,,1,16,,23691,41,,,1,85,,23689,41,,,1,29,,23688,41,,,1,72,,23687,41,,,1,70,,23686,41,,,1,109,,23681,41,,,1,113,,23680,41,,,1,114,,23679,41,,,1,76,,23693,41,,,1,39,,23678,41,,,1,63,,23670,41,,,1,35,,23671,41,,,1,74,,23672,41,,,1,34,,23677,41,,,1,74,,23676,41,,,1,74,,23675,41,,,1,30,,23674,41,,,1,67,,23673,41,,,1,42,,23666,41,,,1,98,,23669,41,,,1,98,,23668,41,,,1,98,,23667,41,,,1,89,,23665,41,,,1,95,,23664,41,,,1
101,'74',617,,23714,17,,,1,88,,23715,41,,,1,107,,23694,41,,,1,103,,23695,41,,,1,111,,23696,41,,,1,112,,23697,41,,,1,112,,23708,41,,,1,101,,23698,41,,,1,92,,23699,41,,,1,92,,23700,41,,,1,92,,23701,41,,,1,93,,23702,41,,,1,92,,23703,41,,,1,46,,23704,41,,,1,87,,23705,41,,,1,92,,23706,41,,,1,87,,23707,41,,,1,121,,23709,41,,,1,94,,23710,41,,,1,92,,23711,41,,,1,94,,23712,41,,,1,97,,23713,41,,,1
101,'80',804,,23731,17,,,1,53,,23730,41,,,1,158,,23729,41,,,1,115,,23716,41,,,1,112,,23717,41,,,1,158,,23718,41,,,1,112,,23719,41,,,1,107,,23720,41,,,1,112,,23721,41,,,1,110,,23722,41,,,1,108,,23723,41,,,1,92,,23728,41,,,1,99,,23724,41,,,1,99,,23725,41,,,1,96,,23726,41,,,1,99,,23727,41,,,1
101,'35296.2',617,,23743,17,,,1,88,,23744,41,,,1,107,,23732,41,,,1,103,,23733,41,,,1,111,,23734,41,,,1,112,,23735,41,,,1,112,,23742,41,,,1,101,,23736,41,,,1,92,,23737,41,,,1,92,,23738,41,,,1,92,,23739,41,,,1,93,,23740,41,,,1,92,,23741,41,,,1,46,,23745,41,,,1,87,,23746,41,,,1,92,,23747,41,,,1,87,,23748,41,,,1,121,,23749,41,,,1,94,,23750,41,,,1,92,,23751,41,,,1,94,,23752,41,,,1,97,,23753,41,,,1
101,'35296.3',804,,23758,17,,,1,53,,23757,41,,,1,158,,23756,41,,,1,115,,23754,41,,,1,112,,23755,41,,,1,158,,23759,41,,,1,112,,23760,41,,,1,107,,23761,41,,,1,112,,23762,41,,,1,110,,23763,41,,,1,108,,23764,41,,,1,92,,23769,41,,,1,99,,23765,41,,,1,99,,23766,41,,,1,96,,23767,41,,,1,99,,23768,41,,,1
101,'35298.2',615,,23809,17,,,1,90,,23808,41,,,1,35,,23804,41,,,1,17,,23805,41,,,1,61,,23806,41,,,1,17,,23807,41,,,1,17,,23770,41,,,1,57,,23771,41,,,1,17,,23772,41,,,1,25,,23773,41,,,1,57,,23774,41,,,1,17,,23775,41,,,1,17,,23776,41,,,1,61,,23777,41,,,1,17,,23778,41,,,1,17,,23779,41,,,1,20,,23780,41,,,1,57,,23781,41,,,1,17,,23782,41,,,1,17,,23783,41,,,1,57,,23784,41,,,1,16,,23785,41,,,1,17,,23786,41,,,1,17,,23787,41,,,1,57,,23788,41,,,1,17,,23789,41,,,1,17,,23790,41,,,1,57,,23791,41,,,1,17,,23792,41,,,1,17,,23793,41,,,1,17,,23794,41,,,1,57,,23795,41,,,1,17,,23796,41,,,1,17,,23797,41,,,1,58,,23798,41,,,1,17,,23799,41,,,1,17,,23800,41,,,1,17,,23801,41,,,1,57,,23802,41,,,1,17,,23803,41,,,1,17,,23810,41,,,1,11,,23811,41,,,1,57,,23812,41,,,1,17,,23813,41,,,1,15,,23814,41,,,1,92,,23815,41,,,1,87,,23816,41,,,1,121,,23817,41,,,1,94,,23818,41,,,1,92,,23819,41,,,1,94,,23820,41,,,1,97,,23821,41,,,1
101,'35298.3',738,,23822,41,,,1,17,,23823,41,,,1,57,,23824,41,,,1,17,,23825,41,,,1,17,,23826,41,,,1,57,,23827,41,,,1,17,,23828,41,,,1,23,,23829,41,,,1,57,,23830,41,,,1,17,,23831,41,,,1,17,,23832,41,,,1,20,,23833,41,,,1,57,,23834,41,,,1,17,,23835,41,,,1,17,,23836,41,,,1,57,,23837,41,,,1,17,,23838,41,,,1,17,,23839,41,,,1,17,,23840,41,,,1,57,,23841,41,,,1,23,,23842,41,,,1,17,,23843,41,,,1,57,,23844,41,,,1,17,,23845,41,,,1,17,,23846,41,,,1,17,,23847,41,,,1,57,,23848,41,,,1,17,,23849,41,,,1,17,,23850,41,,,1,52,,23851,41,,,1,17,,23852,41,,,1,17,,23853,41,,,1,17,,23854,41,,,1,57,,23855,41,,,1,17,,23856,41,,,1,17,,23857,41,,,1,57,,23858,41,,,1,17,,23859,41,,,1,15,,23860,41,,,1,17,,23861,41,,,1,57,,23862,41,,,1,17,,23863,41,,,1,13,,23864,41,,,1,17,,23865,41,,,1,88,,23866,41,,,1,99,,23867,41,,,1,99,,23868,41,,,1,96,,23869,41,,,1,99,,23870,41,,,1
8601,'1',620,,30022,49,,,1,33,,30021,49,,,1,68,,30018,49,,,1,27,,30019,49,,,1,77,,30020,52,,,1,80,,30023,48,,,1,34,,30026,48,,,1,102,,30025,48,,,1,86,,30024,48,,,1,94,,30027,48,,,1,93,,30028,48,,,1,42,,30029,48,,,1,144,,30030,52,,,1,47,,30031,48,,,1,71,,30041,48,,,1,29,,30032,48,,,1,89,,30033,48,,,1,65,,30034,49,,,1,24,,30036,49,,,1,32,,30035,49,,,1,68,,30037,48,,,1,32,,30038,49,,,1,80,,30039,48,,,1,81,,30040,48,,,1
8601,'2',816,,30042,48,,,1,86,,30043,48,,,1,48,,30044,48,,,1,86,,30045,48,,,1,86,,30046,48,,,1,86,,30047,48,,,1,45,,30048,48,,,1,86,,30049,48,,,1,86,,30050,48,,,1,87,,30051,48,,,1,46,,30052,48,,,1,86,,30053,48,,,1,86,,30054,48,,,1,80,,30055,48,,,1,46,,30056,48,,,1,86,,30057,48,,,1
8601,'74',816,,30058,48,,,1,86,,30059,48,,,1,48,,30060,48,,,1,86,,30061,48,,,1,86,,30062,48,,,1,86,,30063,48,,,1,45,,30064,48,,,1,86,,30065,48,,,1,86,,30066,48,,,1,87,,30067,48,,,1,46,,30068,48,,,1,86,,30069,48,,,1,86,,30070,48,,,1,80,,30071,48,,,1,46,,30072,48,,,1,86,,30073,48,,,1
