500,'1',527,,13436,29,,,1,22,,13452,29,,,1,62,,13451,29,,,1,22,,13450,29,,,1,22,,13449,29,,,1,64,,13448,29,,,1,22,,13447,29,,,1,65,,13446,29,,,1,20,,13445,29,,,1,22,,13444,29,,,1,62,,13443,29,,,1,22,,13441,29,,,1,72,,13440,16,,,1,32,,13442,16,,,1,72,,13439,16,,,1,32,,13438,16,,,1,72,,13437,16,,,1,32,,13435,16,,,1,72,,13416,16,,,1,32,,13434,16,,,1,72,,13433,16,,,1,32,,13432,16,,,1,65,,13431,16,,,1,23,,13430,16,,,1,61,,13429,16,,,1,23,,13428,16,,,1,23,,13427,16,,,1,62,,13426,16,,,1,23,,13425,16,,,1,23,,13424,16,,,1,63,,13423,16,,,1,22,,13422,16,,,1,63,,13421,16,,,1,23,,13420,16,,,1,28,,13418,16,,,1,68,,13417,16,,,1,28,,13419,16,,,1,68,,13415,16,,,1,28,,13414,16,,,1,68,,13413,16,,,1,23,,13412,16,,,1
500,'2',700,,13468,16,,,1,28,,13470,16,,,1,28,,13471,16,,,1,68,,13472,16,,,1,28,,13473,16,,,1,68,,13474,16,,,1,28,,13475,16,,,1,68,,13476,16,,,1,28,,13477,16,,,1,68,,13478,16,,,1,30,,13479,16,,,1,68,,13480,16,,,1,28,,13481,16,,,1,68,,13453,16,,,1,30,,13454,16,,,1,70,,13455,16,,,1,29,,13456,16,,,1,69,,13457,16,,,1,29,,13458,16,,,1,69,,13459,16,,,1,29,,13460,16,,,1,69,,13461,16,,,1,29,,13462,16,,,1,28,,13463,16,,,1,66,,13464,16,,,1,26,,13465,16,,,1,67,,13466,16,,,1,25,,13467,16,,,1,65,,13469,16,,,1
7700,'1',419,,16671,28,,,1,15,,16672,28,,,1,15,,16673,28,,,1,55,,16674,28,,,1,15,,16675,28,,,1,9,,16632,41,,,1,17,,16631,41,,,1,13,,16630,41,,,1,60,,16629,41,,,1,15,,16627,41,,,1,22,,16628,41,,,1,53,,16647,41,,,1,16,,16646,41,,,1,16,,16645,41,,,1,65,,16644,41,,,1,16,,16643,41,,,1,16,,16642,41,,,1,16,,16633,41,,,1,53,,16634,41,,,1,16,,16635,41,,,1,16,,16636,41,,,1,16,,16637,41,,,1,53,,16638,41,,,1,12,,16639,41,,,1,16,,16640,41,,,1,71,,16641,41,,,1,34,,16655,41,,,1,70,,16654,41,,,1,30,,16653,41,,,1,70,,16648,41,,,1,33,,16649,41,,,1,61,,16676,28,,,1,9,,16650,41,,,1,28,,16677,28,,,1,2,,16651,41,,,1,75,,16652,41,,,1,20,,16678,28,,,1,3,,16670,41,,,1,59,,16669,41,,,1,26,,16668,41,,,1,24,,16667,41,,,1,59,,16666,41,,,1,19,,16656,41,,,1,19,,16657,41,,,1,59,,16658,41,,,1,14,,16659,41,,,1,13,,16660,41,,,1,19,,16661,41,,,1,50,,16662,41,,,1,19,,16663,41,,,1,15,,16664,41,,,1,14,,16665,41,,,1,59,,16679,41,,,1,19,,16680,41,,,1,19,,16681,41,,,1,69,,16684,41,,,1,27,,16683,41,,,1,67,,16682,41,,,1,40,,16693,41,,,1,73,,16692,41,,,1,27,,16691,41,,,1,73,,16685,41,,,1,33,,16686,41,,,1,73,,16687,41,,,1,73,,16688,41,,,1,33,,16689,41,,,1,73,,16690,41,,,1
7700,'2',459,,16694,28,,,1,70,,16695,41,,,1,75,,16696,41,,,1,35,,16697,41,,,1,76,,16698,41,,,1,35,,16699,41,,,1,75,,16700,41,,,1,76,,16701,41,,,1,35,,16702,41,,,1,75,,16703,41,,,1,89,,16704,41,,,1,41,,16705,41,,,1,81,,16706,41,,,1,87,,16707,41,,,1,41,,16708,41,,,1,81,,16709,41,,,1,77,,16710,41,,,1,33,,16711,41,,,1,73,,16712,41,,,1,30,,16713,41,,,1,73,,16714,41,,,1,33,,16715,41,,,1,70,,16716,41,,,1,34,,16717,41,,,1,70,,16719,41,,,1,28,,16720,41,,,1,70,,16721,41,,,1,30,,16722,41,,,1,64,,16723,41,,,1,30,,16724,41,,,1,73,,16725,41,,,1,30,,16726,41,,,1,70,,16727,41,,,1,26,,16728,41,,,1,70,,16729,41,,,1,23,,16718,41,,,1,69,,16730,41,,,1,33,,16731,41,,,1,73,,16732,41,,,1,33,,16733,41,,,1,73,,16734,41,,,1
7700,'3',844,,16735,42,,,1,92,,16736,42,,,1,91,,16737,42,,,1,97,,16738,42,,,1,97,,16739,42,,,1,89,,16740,42,,,1,92,,16741,42,,,1,55,,16742,42,,,1,92,,16743,42,,,1,88,,16744,42,,,1,92,,16745,42,,,1,97,,16746,42,,,1,89,,16747,42,,,1,90,,16748,42,,,1,51,,16749,42,,,1,84,,16750,42,,,1,87,,16751,42,,,1,88,,16752,42,,,1,86,,16753,42,,,1,47,,16754,42,,,1,80,,16755,42,,,1,80,,16756,42,,,1,36,,16757,42,,,1,80,,16758,42,,,1
7700,'80',844,,16759,42,,,1,92,,16760,42,,,1,91,,16761,42,,,1,97,,16762,42,,,1,97,,16763,42,,,1,89,,16764,42,,,1,92,,16765,42,,,1,55,,16766,42,,,1,92,,16767,42,,,1,88,,16768,42,,,1,92,,16769,42,,,1,97,,16770,42,,,1,89,,16771,42,,,1,90,,16772,42,,,1,51,,16773,42,,,1,84,,16774,42,,,1,87,,16775,42,,,1,88,,16776,42,,,1,86,,16777,42,,,1,47,,16778,42,,,1,80,,16779,42,,,1,80,,16780,42,,,1,36,,16781,42,,,1,80,,16782,42,,,1
9901,'1',423,,18903,38,,,1,81,,18904,38,,,1,40,,18905,38,,,1,83,,18906,38,,,1,81,,18907,38,,,1,35,,18908,38,,,1,72,,18909,38,,,1,43,,18910,38,,,1,72,,18911,38,,,1,75,,18912,38,,,1,54,,18913,38,,,1,99,,18914,38,,,1,94,,18915,38,,,1,94,,18916,38,,,1,100,,18917,38,,,1,67,,18918,38,,,1,30,,18919,38,,,1,70,,18920,38,,,1,30,,18921,38,,,1,70,,18922,38,,,1,30,,18923,38,,,1,70,,18924,38,,,1,26,,18925,38,,,1,70,,18926,38,,,1,25,,18927,38,,,1,70,,18928,38,,,1,30,,18929,38,,,1,25,,18930,38,,,1,71,,18931,38,,,1,85,,18932,38,,,1
9901,'2',546,,18933,38,,,1,77,,18934,38,,,1,77,,18935,38,,,1,37,,18936,38,,,1,87,,18937,38,,,1,92,,18938,38,,,1,88,,18939,38,,,1,47,,18940,38,,,1,104,,18941,38,,,1,97,,18942,38,,,1,95,,18943,38,,,1,95,,18944,38,,,1,95,,18945,38,,,1,95,,18946,38,,,1,92,,18947,38,,,1,93,,18948,38,,,1,95,,18949,38,,,1,90,,18950,38,,,1,45,,18951,38,,,1,85,,18952,38,,,1
9901,'3',550,,18953,38,,,1,81,,18954,38,,,1,78,,18955,38,,,1,38,,18956,38,,,1,78,,18957,38,,,1,93,,18958,38,,,1,89,,18959,38,,,1,49,,18960,38,,,1,89,,18961,38,,,1,93,,18962,38,,,1,89,,18963,38,,,1,89,,18964,38,,,1,89,,18965,38,,,1,49,,18966,38,,,1,89,,18967,38,,,1,89,,18968,38,,,1,85,,18969,38,,,1,89,,18970,38,,,1,49,,18971,38,,,1,85,,18972,38,,,1,89,,18973,38,,,1,79,,18974,38,,,1
9901,'80',550,,18975,38,,,1,81,,18976,38,,,1,78,,18977,38,,,1,38,,18978,38,,,1,78,,18979,38,,,1,93,,18980,38,,,1,89,,18981,38,,,1,49,,18982,38,,,1,89,,18983,38,,,1,93,,18984,38,,,1,89,,18985,38,,,1,89,,18986,38,,,1,89,,18987,38,,,1,49,,18988,38,,,1,89,,18989,38,,,1,89,,18990,38,,,1,85,,18991,38,,,1,89,,18992,38,,,1,49,,18993,38,,,1,85,,18994,38,,,1,89,,18995,38,,,1,79,,18996,38,,,1
36001,'2',1007,,20526,19,,,1,28,,20527,19,,,1,68,,20528,19,,,1,28,,20529,19,,,1,27,,20530,19,,,1,68,,20531,19,,,1,29,,20532,19,,,1,68,,20533,19,,,1,28,,20534,19,,,1,68,,20535,19,,,1,28,,20536,19,,,1,68,,20537,19,,,1,27,,20538,19,,,1,68,,20539,19,,,1,28,,20540,19,,,1,71,,20554,19,,,1,29,,20553,19,,,1,67,,20541,19,,,1,31,,20542,19,,,1,76,,20543,19,,,1,30,,20544,19,,,1,65,,20545,19,,,1,30,,20546,19,,,1,73,,20547,19,,,1,28,,20548,19,,,1,68,,20549,19,,,1,30,,20550,19,,,1,70,,20551,19,,,1,30,,20552,19,,,1
36001,'80',1002,,20555,19,,,1,28,,20556,19,,,1,28,,20557,19,,,1,66,,20558,19,,,1,28,,20559,19,,,1,69,,20560,19,,,1,28,,20561,19,,,1,68,,20562,19,,,1,29,,20563,19,,,1,68,,20564,19,,,1,26,,20565,19,,,1,72,,20566,19,,,1,28,,20567,19,,,1,68,,20568,19,,,1,29,,20569,19,,,1,68,,20570,19,,,1,28,,20571,19,,,1,68,,20572,19,,,1,28,,20573,19,,,1,28,,20574,19,,,1,71,,20575,19,,,1,22,,20576,19,,,1,67,,20577,19,,,1,28,,20578,19,,,1,66,,20582,19,,,1,28,,20579,19,,,1,66,,20580,19,,,1,28,,20581,19,,,1
36001,'24603.3',1002,,20583,19,,,1,28,,20584,19,,,1,28,,20585,19,,,1,66,,20586,19,,,1,28,,20587,19,,,1,69,,20588,19,,,1,28,,20589,19,,,1,68,,20590,19,,,1,29,,20591,19,,,1,68,,20592,19,,,1,26,,20593,19,,,1,72,,20594,19,,,1,28,,20595,19,,,1,68,,20596,19,,,1,29,,20597,19,,,1,68,,20598,19,,,1,28,,20599,19,,,1,68,,20600,19,,,1,28,,20601,19,,,1,28,,20602,19,,,1,71,,20603,19,,,1,22,,20604,19,,,1,67,,20605,19,,,1,28,,20606,19,,,1,66,,20610,19,,,1,28,,20607,19,,,1,66,,20608,19,,,1,28,,20609,19,,,1
36001,'24604.3',2254,,20611,19,,,1,66,,20612,19,,,1,26,,20613,19,,,1
989901,'1',2250,,22691,93,,,1,68,,22692,93,,,1,38,,22693,93,,,1,74,,22694,93,,,1,75,,22695,93,,,1,29,,22696,93,,,1,75,,22697,93,,,1,35,,22698,93,,,1
989901,'2',2258,,22699,93,,,1,86,,22700,93,,,1,81,,22701,93,,,1,91,,22704,93,,,1,85,,22702,93,,,1,46,,22703,93,,,1
989901,'3',2305,,22705,93,,,1,47,,22706,93,,,1,83,,22707,93,,,1,85,,22708,93,,,1,39,,22709,93,,,1,83,,22710,93,,,1
989901,'80',2305,,22711,93,,,1,47,,22712,93,,,1,83,,22713,93,,,1,85,,22714,93,,,1,39,,22715,93,,,1,83,,22716,93,,,1
