201,'1',528,,24021,31,4,,1,21,,24022,31,4,,1,61,,24023,31,4,,1,21,,24024,31,4,,1,3,,23991,82,4,,1,21,,23992,82,4,,1,65,,23993,82,4,,1,24,,23994,82,4,,1,61,,23995,82,4,,1,29,,23996,90,4,,1,22,,23997,82,4,,1,61,,23998,82,4,,1,21,,23999,82,4,,1,12,,24000,82,4,,1,71,,24001,82,4,,1,35,,24002,82,4,,1,75,,24003,82,4,,1,75,,24004,82,4,,1,35,,24005,82,4,,1,75,,24006,82,4,,1,35,,24007,82,4,,1,75,,24008,82,4,,1,83,,24009,82,4,,1,23,,24010,82,4,,1,23,,24011,82,4,,1,64,,24012,82,4,,1,21,,24013,82,4,,1,67,,24014,82,4,,1,25,,24015,82,4,,1,23,,24016,82,4,,1,63,,24017,82,4,,1,17,,24018,82,4,,1,23,,24019,82,4,,1,59,,24020,82,4,,1,23,,24025,82,4,,1,17,,24026,82,4,,1,80,,24027,82,4,,1,80,,24028,82,4,,1,36,,24029,82,4,,1,80,,24030,82,4,,1,80,,24031,82,4,,1,35,,24032,82,4,,1
201,'2',859,,24035,98,4,,1,80,,24036,98,4,,1,85,,24037,98,4,,1,80,,24038,98,4,,1,40,,24039,98,4,,1,81,,24040,98,4,,1,80,,24041,98,4,,1,40,,24042,98,4,,1,80,,24043,98,4,,1,80,,24044,98,4,,1,37,,24045,98,4,,1,80,,24046,98,4,,1,80,,24047,98,4,,1,40,,24048,98,4,,1,80,,24049,98,4,,1,80,,24050,98,4,,1,36,,24051,98,4,,1,80,,24052,98,4,,1,40,,24053,98,4,,1,80,,24054,98,4,,1,74,,24055,98,4,,1,33,,24056,98,4,,1,73,,24057,98,4,,1,33,,24058,98,4,,1,69,,24059,98,4,,1,33,,24060,98,4,,1
201,'3',951,,24071,98,4,,1,152,,24061,98,4,,1,117,,24062,98,4,,1,120,,24063,98,4,,1,117,,24064,98,4,,1,155,,24065,98,4,,1,117,,24066,98,4,,1,117,,24067,98,4,,1,157,,24068,98,4,,1,113,,24069,98,4,,1,110,,24070,98,4,,1,105,,24072,98,4,,1,108,,24073,98,4,,1
201,'74',859,,24074,98,4,,1,80,,24075,98,4,,1,85,,24076,98,4,,1,80,,24077,98,4,,1,40,,24078,98,4,,1,81,,24079,98,4,,1,80,,24080,98,4,,1,40,,24081,98,4,,1,80,,24082,98,4,,1,80,,24083,98,4,,1,37,,24084,98,4,,1,80,,24085,98,4,,1,80,,24086,98,4,,1,40,,24087,98,4,,1,80,,24088,98,4,,1,80,,24089,98,4,,1,36,,24090,98,4,,1,80,,24091,98,4,,1,40,,24092,98,4,,1,80,,24093,98,4,,1,74,,24094,98,4,,1,33,,24095,98,4,,1,73,,24096,98,4,,1,33,,24097,98,4,,1,69,,24098,98,4,,1,33,,24099,98,4,,1
201,'80',951,,24110,98,4,,1,152,,24100,98,4,,1,117,,24101,98,4,,1,120,,24102,98,4,,1,117,,24103,98,4,,1,155,,24104,98,4,,1,117,,24105,98,4,,1,117,,24106,98,4,,1,157,,24107,98,4,,1,113,,24108,98,4,,1,110,,24109,98,4,,1,105,,24111,98,4,,1,108,,24112,98,4,,1
500,'1',531,,24761,35,4,,1,22,,24777,35,4,,1,62,,24776,35,4,,1,22,,24775,35,4,,1,22,,24774,35,4,,1,65,,24773,35,4,,1,22,,24772,35,4,,1,66,,24771,35,4,,1,20,,24770,35,4,,1,22,,24769,35,4,,1,62,,24768,35,4,,1,22,,24766,35,4,,1,72,,24765,22,4,,1,32,,24767,22,4,,1,72,,24764,22,4,,1,32,,24763,22,4,,1,72,,24762,22,4,,1,32,,24760,22,4,,1,72,,24741,22,4,,1,32,,24759,22,4,,1,72,,24758,22,4,,1,32,,24757,22,4,,1,65,,24756,22,4,,1,23,,24755,22,4,,1,61,,24754,22,4,,1,23,,24753,22,4,,1,23,,24752,22,4,,1,62,,24751,22,4,,1,23,,24750,22,4,,1,63,,24749,22,4,,1,23,,24748,22,4,,1,21,,24747,22,4,,1,63,,24746,22,4,,1,23,,24745,22,4,,1,28,,24743,22,4,,1,68,,24742,22,4,,1,28,,24744,22,4,,1,68,,24740,22,4,,1,26,,24739,22,4,,1,68,,24738,22,4,,1,23,,24737,22,4,,1
500,'2',706,,24793,22,4,,1,28,,24795,22,4,,1,68,,24796,22,4,,1,28,,24797,22,4,,1,28,,24798,22,4,,1,68,,24799,22,4,,1,28,,24800,22,4,,1,68,,24801,22,4,,1,28,,24802,22,4,,1,68,,24803,22,4,,1,30,,24804,22,4,,1,68,,24805,22,4,,1,28,,24806,22,4,,1,68,,24778,22,4,,1,30,,24779,22,4,,1,70,,24780,22,4,,1,29,,24781,22,4,,1,69,,24782,22,4,,1,29,,24783,22,4,,1,69,,24784,22,4,,1,29,,24785,22,4,,1,69,,24786,22,4,,1,29,,24787,22,4,,1,67,,24788,22,4,,1,26,,24789,22,4,,1,26,,24790,22,4,,1,67,,24791,22,4,,1,24,,24792,22,4,,1,65,,24794,22,4,,1
500,'74',706,,24822,22,4,,1,28,,24824,22,4,,1,68,,24825,22,4,,1,28,,24826,22,4,,1,28,,24827,22,4,,1,68,,24828,22,4,,1,28,,24829,22,4,,1,68,,24830,22,4,,1,28,,24831,22,4,,1,68,,24832,22,4,,1,30,,24833,22,4,,1,68,,24834,22,4,,1,28,,24835,22,4,,1,68,,24807,22,4,,1,30,,24808,22,4,,1,70,,24809,22,4,,1,29,,24810,22,4,,1,69,,24811,22,4,,1,29,,24812,22,4,,1,69,,24813,22,4,,1,29,,24814,22,4,,1,69,,24815,22,4,,1,29,,24816,22,4,,1,67,,24817,22,4,,1,26,,24818,22,4,,1,26,,24819,22,4,,1,67,,24820,22,4,,1,24,,24821,22,4,,1,65,,24823,22,4,,1
2301,'1',604,,27579,52,4,,1,106,,27578,52,4,,1,113,,27577,52,4,,1,106,,27576,52,4,,1,618,,27575,52,4,,1,76,,27574,52,4,,1,90,,27573,52,4,,1,90,,27572,52,4,,1,47,,27571,52,4,,1,85,,27570,52,4,,1
7700,'1',422,,28964,34,4,,1,15,,28965,34,4,,1,15,,28966,34,4,,1,55,,28967,34,4,,1,15,,28968,34,4,,1,9,,28926,47,4,,1,17,,28925,47,4,,1,53,,28924,47,4,,1,21,,28923,47,4,,1,15,,28921,47,4,,1,21,,28922,47,4,,1,53,,28941,47,4,,1,16,,28940,47,4,,1,16,,28939,47,4,,1,67,,28938,47,4,,1,16,,28937,47,4,,1,16,,28936,47,4,,1,16,,28927,47,4,,1,53,,28928,47,4,,1,16,,28929,47,4,,1,16,,28930,47,4,,1,16,,28931,47,4,,1,53,,28932,47,4,,1,12,,28933,47,4,,1,16,,28934,47,4,,1,71,,28935,47,4,,1,34,,28949,47,4,,1,70,,28948,47,4,,1,30,,28947,47,4,,1,70,,28942,47,4,,1,33,,28943,47,4,,1,61,,28969,34,4,,1,9,,28944,47,4,,1,29,,28970,34,4,,1,1,,28945,47,4,,1,76,,28946,47,4,,1,20,,28971,34,4,,1,3,,28963,47,4,,1,59,,28962,47,4,,1,26,,28961,47,4,,1,24,,28960,47,4,,1,59,,28959,47,4,,1,19,,28950,47,4,,1,19,,28951,47,4,,1,59,,28952,47,4,,1,13,,28953,47,4,,1,13,,28954,47,4,,1,19,,28955,47,4,,1,50,,28956,47,4,,1,19,,28957,47,4,,1,15,,28958,47,4,,1,13,,28972,47,4,,1,59,,28973,47,4,,1,19,,28974,47,4,,1,19,,28975,47,4,,1,69,,28978,47,4,,1,27,,28977,47,4,,1,67,,28976,47,4,,1,39,,28987,47,4,,1,73,,28986,47,4,,1,27,,28985,47,4,,1,73,,28979,47,4,,1,33,,28980,47,4,,1,73,,28981,47,4,,1,73,,28982,47,4,,1,33,,28983,47,4,,1,73,,28984,47,4,,1
7700,'2',502,,28988,34,4,,1,30,,28989,47,4,,1,75,,28990,47,4,,1,35,,28991,47,4,,1,76,,28992,47,4,,1,35,,28993,47,4,,1,75,,28994,47,4,,1,77,,28995,47,4,,1,35,,28996,47,4,,1,75,,28997,47,4,,1,90,,28998,47,4,,1,41,,28999,47,4,,1,81,,29000,47,4,,1,88,,29001,47,4,,1,41,,29002,47,4,,1,81,,29003,47,4,,1,76,,29005,47,4,,1,33,,29006,47,4,,1,73,,29007,47,4,,1,30,,29008,47,4,,1,73,,29009,47,4,,1,33,,29010,47,4,,1,70,,29011,47,4,,1,33,,29012,47,4,,1,70,,29013,47,4,,1,29,,29014,47,4,,1,70,,29015,47,4,,1,30,,29016,47,4,,1,63,,29017,47,4,,1,30,,29018,47,4,,1,74,,29019,47,4,,1,30,,29020,47,4,,1,70,,29021,47,4,,1,24,,29022,47,4,,1,70,,29023,47,4,,1,23,,29004,47,4,,1,70,,29024,47,4,,1,33,,29025,47,4,,1,73,,29026,47,4,,1,33,,29027,47,4,,1,73,,29028,47,4,,1
7700,'3',848,,29029,48,4,,1,92,,29030,48,4,,1,91,,29031,48,4,,1,97,,29032,48,4,,1,97,,29033,48,4,,1,89,,29034,48,4,,1,92,,29035,48,4,,1,95,,29036,48,4,,1,52,,29037,48,4,,1,89,,29038,48,4,,1,92,,29039,48,4,,1,97,,29040,48,4,,1,88,,29041,48,4,,1,90,,29042,48,4,,1,91,,29043,48,4,,1,44,,29044,48,4,,1,87,,29045,48,4,,1,88,,29046,48,4,,1,86,,29047,48,4,,1,47,,29048,48,4,,1,80,,29049,48,4,,1,80,,29050,48,4,,1,36,,29051,48,4,,1,80,,29052,48,4,,1
7700,'74',502,,29053,34,4,,1,30,,29054,47,4,,1,75,,29055,47,4,,1,35,,29056,47,4,,1,76,,29057,47,4,,1,35,,29058,47,4,,1,75,,29059,47,4,,1,77,,29060,47,4,,1,35,,29061,47,4,,1,75,,29062,47,4,,1,90,,29063,47,4,,1,41,,29064,47,4,,1,81,,29065,47,4,,1,88,,29066,47,4,,1,41,,29067,47,4,,1,81,,29068,47,4,,1,76,,29070,47,4,,1,33,,29071,47,4,,1,73,,29072,47,4,,1,30,,29073,47,4,,1,73,,29074,47,4,,1,33,,29075,47,4,,1,70,,29076,47,4,,1,33,,29077,47,4,,1,70,,29078,47,4,,1,29,,29079,47,4,,1,70,,29080,47,4,,1,30,,29081,47,4,,1,63,,29082,47,4,,1,30,,29083,47,4,,1,74,,29084,47,4,,1,30,,29085,47,4,,1,70,,29086,47,4,,1,24,,29087,47,4,,1,70,,29088,47,4,,1,23,,29069,47,4,,1,70,,29089,47,4,,1,33,,29090,47,4,,1,73,,29091,47,4,,1,33,,29092,47,4,,1,73,,29093,47,4,,1
7700,'80',848,,29094,48,4,,1,92,,29095,48,4,,1,91,,29096,48,4,,1,97,,29097,48,4,,1,97,,29098,48,4,,1,89,,29099,48,4,,1,92,,29100,48,4,,1,95,,29101,48,4,,1,52,,29102,48,4,,1,89,,29103,48,4,,1,92,,29104,48,4,,1,97,,29105,48,4,,1,88,,29106,48,4,,1,90,,29107,48,4,,1,91,,29108,48,4,,1,44,,29109,48,4,,1,87,,29110,48,4,,1,88,,29111,48,4,,1,86,,29112,48,4,,1,47,,29113,48,4,,1,80,,29114,48,4,,1,80,,29115,48,4,,1,36,,29116,48,4,,1,80,,29117,48,4,,1
8801,'1',532,,30341,17,4,,1,69,,30342,40,4,,1,28,,30343,59,4,,1,27,,30312,59,4,,1,55,,30311,59,4,,1,22,,30310,59,4,,1,15,,30307,59,4,,1,58,,30308,59,4,,1,22,,30309,59,4,,1,14,,30326,59,4,,1,64,,30325,59,4,,1,9,,30324,59,4,,1,14,,30313,59,4,,1,14,,30314,59,4,,1,10,,30315,59,4,,1,54,,30316,59,4,,1,10,,30317,59,4,,1,14,,30318,59,4,,1,14,,30319,59,4,,1,14,,30320,59,4,,1,54,,30321,59,4,,1,20,,30322,59,4,,1,14,,30323,59,4,,1,62,,30331,59,4,,1,30,,30330,59,4,,1,70,,30327,59,4,,1,30,,30328,59,4,,1,70,,30329,59,4,,1,38,,30340,59,4,,1,70,,30339,59,4,,1,20,,30338,59,4,,1,18,,30337,59,4,,1,52,,30336,59,4,,1,15,,30332,59,4,,1,15,,30333,59,4,,1,13,,30334,59,4,,1,55,,30335,59,4,,1,15,,30344,59,4,,1,15,,30345,59,4,,1,15,,30346,59,4,,1,55,,30347,59,4,,1,10,,30348,59,4,,1,15,,30349,59,4,,1,15,,30350,59,4,,1,55,,30351,59,4,,1,8,,30352,59,4,,1,19,,30359,59,4,,1,14,,30358,59,4,,1,14,,30357,59,4,,1,54,,30356,59,4,,1,14,,30353,59,4,,1,14,,30354,59,4,,1,11,,30355,59,4,,1,60,,30364,59,4,,1,41,,30363,59,4,,1,75,,30360,59,4,,1,81,,30361,59,4,,1,38,,30362,59,4,,1
8801,'2',635,,30365,59,4,,1,69,,30366,59,4,,1,29,,30367,59,4,,1,69,,30368,59,4,,1,40,,30369,59,4,,1,74,,30370,59,4,,1,38,,30371,59,4,,1,74,,30372,59,4,,1,74,,30373,59,4,,1,29,,30374,59,4,,1,69,,30375,59,4,,1,32,,30376,59,4,,1,69,,30377,59,4,,1,29,,30378,59,4,,1,29,,30379,59,4,,1,69,,30380,59,4,,1,29,,30381,59,4,,1,69,,30382,59,4,,1,29,,30383,59,4,,1,69,,30384,59,4,,1,29,,30385,59,4,,1,69,,30386,59,4,,1,29,,30387,59,4,,1,69,,30388,59,4,,1,24,,30389,59,4,,1,69,,30390,59,4,,1,29,,30391,59,4,,1,62,,30392,59,4,,1,29,,30393,59,4,,1,23,,30394,59,4,,1,66,,30395,59,4,,1,22,,30396,59,4,,1,66,,30397,59,4,,1,26,,30398,59,4,,1,66,,30399,59,4,,1,26,,30400,59,4,,1,26,,30401,59,4,,1
8801,'3',831,,30402,59,4,,1,71,,30403,59,4,,1,34,,30404,59,4,,1,71,,30405,59,4,,1,35,,30406,59,4,,1,75,,30407,59,4,,1,40,,30408,59,4,,1,78,,30409,59,4,,1,69,,30410,59,4,,1,29,,30411,59,4,,1,69,,30412,59,4,,1,29,,30413,59,4,,1,69,,30414,59,4,,1,29,,30415,59,4,,1,29,,30416,59,4,,1,69,,30417,59,4,,1,29,,30418,59,4,,1,69,,30419,59,4,,1,26,,30420,59,4,,1,69,,30421,59,4,,1,22,,30422,59,4,,1,65,,30423,59,4,,1,25,,30424,59,4,,1,25,,30425,59,4,,1,65,,30426,59,4,,1,25,,30427,59,4,,1,59,,30428,59,4,,1,25,,30429,59,4,,1
8801,'74',635,,30430,59,4,,1,69,,30431,59,4,,1,29,,30432,59,4,,1,69,,30433,59,4,,1,40,,30434,59,4,,1,74,,30435,59,4,,1,38,,30436,59,4,,1,74,,30437,59,4,,1,74,,30438,59,4,,1,29,,30439,59,4,,1,69,,30440,59,4,,1,32,,30441,59,4,,1,69,,30442,59,4,,1,29,,30443,59,4,,1,29,,30444,59,4,,1,69,,30445,59,4,,1,29,,30446,59,4,,1,69,,30447,59,4,,1,29,,30448,59,4,,1,69,,30449,59,4,,1,29,,30450,59,4,,1,69,,30451,59,4,,1,29,,30452,59,4,,1,69,,30453,59,4,,1,24,,30454,59,4,,1,69,,30455,59,4,,1,29,,30456,59,4,,1,62,,30457,59,4,,1,29,,30458,59,4,,1,23,,30459,59,4,,1,66,,30460,59,4,,1,22,,30461,59,4,,1,66,,30462,59,4,,1,26,,30463,59,4,,1,66,,30464,59,4,,1,26,,30465,59,4,,1,26,,30466,59,4,,1
8801,'80',831,,30467,59,4,,1,71,,30468,59,4,,1,34,,30469,59,4,,1,71,,30470,59,4,,1,35,,30471,59,4,,1,75,,30472,59,4,,1,40,,30473,59,4,,1,78,,30474,59,4,,1,69,,30475,59,4,,1,29,,30476,59,4,,1,69,,30477,59,4,,1,29,,30478,59,4,,1,69,,30479,59,4,,1,29,,30480,59,4,,1,29,,30481,59,4,,1,69,,30482,59,4,,1,29,,30483,59,4,,1,69,,30484,59,4,,1,26,,30485,59,4,,1,69,,30486,59,4,,1,22,,30487,59,4,,1,65,,30488,59,4,,1,25,,30489,59,4,,1,25,,30490,59,4,,1,65,,30491,59,4,,1,25,,30492,59,4,,1,59,,30493,59,4,,1,25,,30494,59,4,,1
9101,'1',552,,31116,49,4,,1,51,,31115,49,4,,1,11,,31114,49,4,,1,11,,31113,49,4,,1,13,,31112,49,4,,1,11,,31111,49,4,,1,51,,31110,49,4,,1,13,,31046,49,4,,1,11,,31047,49,4,,1,13,,31048,49,4,,1,16,,31063,49,4,,1,52,,31062,49,4,,1,22,,31061,49,4,,1,12,,31060,49,4,,1,12,,31049,49,4,,1,52,,31050,49,4,,1,12,,31051,49,4,,1,9,,31052,49,4,,1,12,,31053,49,4,,1,5,,31054,49,4,,1,12,,31055,49,4,,1,52,,31056,49,4,,1,12,,31057,49,4,,1,12,,31058,49,4,,1,12,,31059,49,4,,1,13,,31071,49,4,,1,65,,31070,49,4,,1,28,,31064,49,4,,1,65,,31065,49,4,,1,25,,31066,49,4,,1,65,,31067,49,4,,1,25,,31068,49,4,,1,24,,31069,49,4,,1,62,,31083,49,4,,1,13,,31082,49,4,,1,19,,31081,49,4,,1,13,,31080,49,4,,1,53,,31072,49,4,,1,13,,31073,49,4,,1,11,,31074,49,4,,1,13,,31075,49,4,,1,53,,31076,49,4,,1,13,,31077,49,4,,1,13,,31078,49,4,,1,13,,31079,49,4,,1,60,,31096,49,4,,1,14,,31095,49,4,,1,14,,31094,49,4,,1,14,,31093,49,4,,1,14,,31092,49,4,,1,54,,31084,49,4,,1,14,,31085,49,4,,1,7,,31086,49,4,,1,14,,31087,49,4,,1,14,,31088,49,4,,1,52,,31089,49,4,,1,14,,31090,49,4,,1,11,,31091,49,4,,1,67,,31109,49,4,,1,22,,31108,49,4,,1,23,,31097,49,4,,1,63,,31098,49,4,,1,23,,31099,49,4,,1,23,,31100,49,4,,1,61,,31101,49,4,,1,23,,31102,49,4,,1,59,,31103,49,4,,1,23,,31104,49,4,,1,23,,31105,49,4,,1,63,,31106,49,4,,1,23,,31107,49,4,,1
9101,'2',800,,31117,49,4,,1,22,,31118,49,4,,1,26,,31119,49,4,,1,62,,31120,49,4,,1,22,,31121,49,4,,1,22,,31122,49,4,,1,62,,31123,49,4,,1,26,,31124,49,4,,1,67,,31144,49,4,,1,25,,31125,49,4,,1,24,,31126,49,4,,1,65,,31127,49,4,,1,25,,31128,49,4,,1,65,,31129,49,4,,1,28,,31130,49,4,,1,65,,31131,49,4,,1,25,,31132,49,4,,1,25,,31133,49,4,,1,65,,31134,49,4,,1,20,,31135,49,4,,1,65,,31136,49,4,,1,25,,31137,49,4,,1,25,,31138,49,4,,1,65,,31139,49,4,,1,25,,31140,49,4,,1,65,,31141,49,4,,1,25,,31142,49,4,,1,65,,31143,49,4,,1,25,,31145,49,4,,1,24,,31146,49,4,,1,65,,31147,49,4,,1,25,,31148,49,4,,1,88,,31149,49,4,,1,29,,31150,49,4,,1,69,,31151,49,4,,1,21,,31152,49,4,,1,69,,31153,49,4,,1,29,,31154,49,4,,1,63,,31155,49,4,,1
9101,'3',756,,31156,49,4,,1,163,,31157,49,4,,1,91,,31158,49,4,,1,37,,31159,49,4,,1,75,,31160,49,4,,1,32,,31161,49,4,,1,72,,31162,49,4,,1,31,,31163,49,4,,1,72,,31164,49,4,,1,72,,31165,49,4,,1,32,,31166,49,4,,1,72,,31167,49,4,,1,31,,31168,49,4,,1,70,,31169,49,4,,1,32,,31170,49,4,,1,72,,31171,49,4,,1,32,,31172,49,4,,1,72,,31173,49,4,,1,32,,31174,49,4,,1,69,,31175,49,4,,1,96,,31180,49,4,,1,42,,31176,49,4,,1,82,,31177,49,4,,1,81,,31178,49,4,,1,42,,31179,49,4,,1,75,,31184,49,4,,1,76,,31181,49,4,,1,36,,31182,49,4,,1,68,,31183,49,4,,1
9101,'74',800,,31185,49,4,,1,22,,31186,49,4,,1,26,,31187,49,4,,1,62,,31188,49,4,,1,22,,31189,49,4,,1,22,,31190,49,4,,1,62,,31191,49,4,,1,26,,31192,49,4,,1,67,,31212,49,4,,1,25,,31193,49,4,,1,24,,31194,49,4,,1,65,,31195,49,4,,1,25,,31196,49,4,,1,65,,31197,49,4,,1,28,,31198,49,4,,1,65,,31199,49,4,,1,25,,31200,49,4,,1,25,,31201,49,4,,1,65,,31202,49,4,,1,20,,31203,49,4,,1,65,,31204,49,4,,1,25,,31205,49,4,,1,25,,31206,49,4,,1,65,,31207,49,4,,1,25,,31208,49,4,,1,65,,31209,49,4,,1,25,,31210,49,4,,1,65,,31211,49,4,,1,25,,31213,49,4,,1,24,,31214,49,4,,1,65,,31215,49,4,,1,25,,31216,49,4,,1,88,,31217,49,4,,1,29,,31218,49,4,,1,69,,31219,49,4,,1,21,,31220,49,4,,1,69,,31221,49,4,,1,29,,31222,49,4,,1,63,,31223,49,4,,1
9101,'80',756,,31224,49,4,,1,163,,31225,49,4,,1,91,,31226,49,4,,1,37,,31227,49,4,,1,75,,31228,49,4,,1,32,,31229,49,4,,1,72,,31230,49,4,,1,31,,31231,49,4,,1,72,,31232,49,4,,1,72,,31233,49,4,,1,32,,31234,49,4,,1,72,,31235,49,4,,1,31,,31236,49,4,,1,70,,31237,49,4,,1,32,,31238,49,4,,1,72,,31239,49,4,,1,32,,31240,49,4,,1,72,,31241,49,4,,1,32,,31242,49,4,,1,69,,31243,49,4,,1,96,,31248,49,4,,1,42,,31244,49,4,,1,82,,31245,49,4,,1,81,,31246,49,4,,1,42,,31247,49,4,,1,75,,31252,49,4,,1,76,,31249,49,4,,1,36,,31250,49,4,,1,68,,31251,49,4,,1
9901,'1',426,,31722,44,4,,1,81,,31723,44,4,,1,40,,31724,44,4,,1,83,,31725,44,4,,1,83,,31726,44,4,,1,35,,31727,44,4,,1,73,,31728,44,4,,1,83,,31729,44,4,,1,30,,31730,44,4,,1,75,,31731,44,4,,1,94,,31732,44,4,,1,100,,31733,44,4,,1,54,,31734,44,4,,1,94,,31735,44,4,,1,100,,31736,44,4,,1,68,,31737,44,4,,1,30,,31738,44,4,,1,70,,31739,44,4,,1,30,,31740,44,4,,1,70,,31741,44,4,,1,30,,31742,44,4,,1,70,,31743,44,4,,1,25,,31744,44,4,,1,70,,31745,44,4,,1,24,,31746,44,4,,1,70,,31747,44,4,,1,30,,31748,44,4,,1,65,,31749,44,4,,1,30,,31750,44,4,,1,85,,31751,44,4,,1
9901,'2',549,,31752,44,4,,1,77,,31753,44,4,,1,77,,31754,44,4,,1,37,,31755,44,4,,1,87,,31756,44,4,,1,92,,31757,44,4,,1,89,,31758,44,4,,1,47,,31759,44,4,,1,104,,31760,44,4,,1,98,,31761,44,4,,1,95,,31762,44,4,,1,95,,31763,44,4,,1,95,,31764,44,4,,1,95,,31765,44,4,,1,92,,31766,44,4,,1,93,,31767,44,4,,1,95,,31768,44,4,,1,89,,31769,44,4,,1,45,,31770,44,4,,1,85,,31771,44,4,,1
9901,'3',553,,31772,44,4,,1,81,,31773,44,4,,1,78,,31774,44,4,,1,38,,31775,44,4,,1,78,,31776,44,4,,1,94,,31777,44,4,,1,89,,31778,44,4,,1,89,,31779,44,4,,1,49,,31780,44,4,,1,94,,31781,44,4,,1,89,,31782,44,4,,1,89,,31783,44,4,,1,89,,31784,44,4,,1,49,,31785,44,4,,1,89,,31786,44,4,,1,89,,31787,44,4,,1,84,,31788,44,4,,1,89,,31789,44,4,,1,49,,31790,44,4,,1,84,,31791,44,4,,1,89,,31792,44,4,,1,79,,31793,44,4,,1
9901,'74',549,,31794,44,4,,1,77,,31795,44,4,,1,77,,31796,44,4,,1,37,,31797,44,4,,1,87,,31798,44,4,,1,92,,31799,44,4,,1,89,,31800,44,4,,1,47,,31801,44,4,,1,104,,31802,44,4,,1,98,,31803,44,4,,1,95,,31804,44,4,,1,95,,31805,44,4,,1,95,,31806,44,4,,1,95,,31807,44,4,,1,92,,31808,44,4,,1,93,,31809,44,4,,1,95,,31810,44,4,,1,89,,31811,44,4,,1,45,,31812,44,4,,1,85,,31813,44,4,,1
9901,'80',553,,31814,44,4,,1,81,,31815,44,4,,1,78,,31816,44,4,,1,38,,31817,44,4,,1,78,,31818,44,4,,1,94,,31819,44,4,,1,89,,31820,44,4,,1,89,,31821,44,4,,1,49,,31822,44,4,,1,94,,31823,44,4,,1,89,,31824,44,4,,1,89,,31825,44,4,,1,89,,31826,44,4,,1,49,,31827,44,4,,1,89,,31828,44,4,,1,89,,31829,44,4,,1,84,,31830,44,4,,1,89,,31831,44,4,,1,49,,31832,44,4,,1,84,,31833,44,4,,1,89,,31834,44,4,,1,79,,31835,44,4,,1
36001,'1',1013,,33821,25,4,,1,29,,33822,25,4,,1,71,,33823,25,4,,1,26,,33824,25,4,,1,65,,33837,25,4,,1,44,,33836,25,4,,1,84,,33825,25,4,,1,84,,33826,25,4,,1,84,,33827,25,4,,1,49,,33828,25,4,,1,84,,33829,25,4,,1,87,,33830,25,4,,1,83,,33831,25,4,,1,40,,33832,25,4,,1,84,,33833,25,4,,1,84,,33834,25,4,,1,41,,33835,25,4,,1,84,,33843,25,4,,1,66,,33842,25,4,,1,26,,33838,25,4,,1,26,,33839,25,4,,1,66,,33840,25,4,,1,26,,33841,25,4,,1
36001,'2',1012,,33844,25,4,,1,23,,33845,25,4,,1,23,,33846,25,4,,1,63,,33847,25,4,,1,23,,33848,25,4,,1,62,,33849,25,4,,1,23,,33850,25,4,,1,24,,33851,25,4,,1,63,,33852,25,4,,1,23,,33853,25,4,,1,63,,33854,25,4,,1,23,,33855,25,4,,1,23,,33856,25,4,,1,63,,33857,25,4,,1,23,,33858,25,4,,1,23,,33859,25,4,,1,63,,33860,25,4,,1,23,,33861,25,4,,1,65,,33862,25,4,,1,23,,33863,25,4,,1,20,,33864,25,4,,1,64,,33865,25,4,,1,23,,33866,25,4,,1,69,,33879,25,4,,1,24,,33878,25,4,,1,18,,33867,25,4,,1,64,,33868,25,4,,1,24,,33869,25,4,,1,68,,33870,25,4,,1,21,,33871,25,4,,1,22,,33872,25,4,,1,64,,33873,25,4,,1,24,,33874,25,4,,1,64,,33875,25,4,,1,24,,33876,25,4,,1,24,,33877,25,4,,1
36001,'3',1005,,33880,25,4,,1,22,,33881,25,4,,1,22,,33882,25,4,,1,62,,33883,25,4,,1,20,,33884,25,4,,1,22,,33885,25,4,,1,63,,33886,25,4,,1,22,,33887,25,4,,1,62,,33888,25,4,,1,22,,33889,25,4,,1,23,,33890,25,4,,1,62,,33891,25,4,,1,22,,33892,25,4,,1,20,,33893,25,4,,1,66,,33894,25,4,,1,22,,33895,25,4,,1,22,,33896,25,4,,1,62,,33897,25,4,,1,23,,33898,25,4,,1,62,,33899,25,4,,1,22,,33900,25,4,,1,22,,33901,25,4,,1,62,,33902,25,4,,1,22,,33903,25,4,,1,22,,33904,25,4,,1,67,,33905,25,4,,1,21,,33917,25,4,,1,57,,33916,25,4,,1,22,,33906,25,4,,1,23,,33907,25,4,,1,63,,33908,25,4,,1,23,,33909,25,4,,1,23,,33910,25,4,,1,61,,33911,25,4,,1,23,,33912,25,4,,1,63,,33913,25,4,,1,23,,33914,25,4,,1,23,,33915,25,4,,1
36001,'74',1012,,33918,25,4,,1,23,,33919,25,4,,1,23,,33920,25,4,,1,63,,33921,25,4,,1,23,,33922,25,4,,1,62,,33923,25,4,,1,23,,33924,25,4,,1,24,,33925,25,4,,1,63,,33926,25,4,,1,23,,33927,25,4,,1,63,,33928,25,4,,1,23,,33929,25,4,,1,23,,33930,25,4,,1,63,,33931,25,4,,1,23,,33932,25,4,,1,23,,33933,25,4,,1,63,,33934,25,4,,1,23,,33935,25,4,,1,65,,33936,25,4,,1,23,,33937,25,4,,1,20,,33938,25,4,,1,64,,33939,25,4,,1,23,,33940,25,4,,1,69,,33942,25,4,,1,24,,33941,25,4,,1,18,,33943,25,4,,1,64,,33944,25,4,,1,24,,33945,25,4,,1,68,,33946,25,4,,1,21,,33947,25,4,,1,22,,33948,25,4,,1,64,,33949,25,4,,1,24,,33950,25,4,,1,64,,33951,25,4,,1,24,,33952,25,4,,1,24,,33953,25,4,,1,64,,33954,25,4,,1
36001,'80',1005,,33955,25,4,,1,22,,33956,25,4,,1,22,,33957,25,4,,1,62,,33958,25,4,,1,20,,33959,25,4,,1,22,,33960,25,4,,1,63,,33961,25,4,,1,22,,33962,25,4,,1,62,,33963,25,4,,1,22,,33964,25,4,,1,23,,33965,25,4,,1,62,,33966,25,4,,1,22,,33967,25,4,,1,20,,33968,25,4,,1,66,,33969,25,4,,1,22,,33970,25,4,,1,22,,33971,25,4,,1,62,,33972,25,4,,1,23,,33973,25,4,,1,62,,33974,25,4,,1,22,,33975,25,4,,1,22,,33976,25,4,,1,62,,33977,25,4,,1,22,,33978,25,4,,1,22,,33979,25,4,,1,67,,33980,25,4,,1,21,,33992,25,4,,1,57,,33991,25,4,,1,22,,33981,25,4,,1,23,,33982,25,4,,1,63,,33983,25,4,,1,23,,33984,25,4,,1,23,,33985,25,4,,1,61,,33986,25,4,,1,23,,33987,25,4,,1,63,,33988,25,4,,1,23,,33989,25,4,,1,23,,33990,25,4,,1
989901,'1',2253,,36877,99,4,,1,68,,36878,99,4,,1,38,,36879,99,4,,1,74,,36880,99,4,,1,75,,36881,99,4,,1,29,,36882,99,4,,1,75,,36883,99,4,,1,35,,36884,99,4,,1
989901,'2',2301,,36885,99,4,,1,46,,36886,99,4,,1,81,,36887,99,4,,1,91,,36890,99,4,,1,85,,36888,99,4,,1,46,,36889,99,4,,1
989901,'3',2308,,36891,99,4,,1,47,,36892,99,4,,1,83,,36893,99,4,,1,85,,36894,99,4,,1,79,,36895,99,4,,1,43,,36896,99,4,,1
989901,'74',2301,,36897,99,4,,1,46,,36898,99,4,,1,81,,36899,99,4,,1,91,,36902,99,4,,1,85,,36900,99,4,,1,46,,36901,99,4,,1
989901,'80',2308,,36903,99,4,,1,47,,36904,99,4,,1,83,,36905,99,4,,1,85,,36906,99,4,,1,79,,36907,99,4,,1,43,,36908,99,4,,1
