200,'1',540,,23881,5,0,12 13,1,61,,23880,5,0,12 13,1,21,,23879,5,0,12 13,1,21,,23878,5,0,12 13,1,61,,23871,5,0,12 13,1,21,,23872,5,0,12 13,1,22,,23873,5,0,12 13,1,61,,23874,5,0,12 13,1,21,,23875,5,0,12 13,1,21,,23876,5,0,12 13,1,61,,23877,5,0,12 13,1,21,,23882,5,0,12 13,1,77,,23890,5,0,12 13,1,35,,23883,5,0,12 13,1,75,,23884,5,0,12 13,1,35,,23885,5,0,12 13,1,75,,23886,5,0,12 13,1,75,,23887,5,0,12 13,1,35,,23888,5,0,12 13,1,72,,23889,5,0,12 13,1,34,,23903,5,0,12 13,1,63,,23902,5,0,12 13,1,23,,23901,5,0,12 13,1,23,,23891,5,0,12 13,1,63,,23892,5,0,12 13,1,24,,23893,5,0,12 13,1,18,,23894,5,0,12 13,1,68,,23895,5,0,12 13,1,23,,23896,5,0,12 13,1,62,,23897,5,0,12 13,1,23,,23898,5,0,12 13,1,23,,23899,5,0,12 13,1,63,,23900,5,0,12 13,1,90,,23909,5,0,12 13,1,39,,23904,5,0,12 13,1,80,,23905,5,0,12 13,1,80,,23906,5,0,12 13,1,40,,23907,5,0,12 13,1,80,,23908,5,0,12 13,1
200,'2',800,,23938,5,,,1,40,,23937,5,,,1,80,,23913,5,,,1,80,,23914,5,,,1,40,,23915,5,,,1,80,,23916,5,,,1,80,,23917,5,,,1,40,,23918,5,,,1,80,,23919,5,,,1,80,,23920,5,,,1,40,,23921,5,,,1,80,,23922,5,,,1,80,,23923,5,,,1,40,,23924,5,,,1,80,,23925,5,,,1,80,,23926,5,,,1,40,,23927,5,,,1,80,,23928,5,,,1,80,,23929,5,,,1,40,,23930,5,,,1,79,,23931,5,,,1,32,,23936,5,,,1,73,,23935,5,,,1,33,,23932,5,,,1,73,,23933,5,,,1,73,,23934,5,,,1
200,'3',847,,23939,5,,,1,158,,23940,5,,,1,117,,23941,5,,,1,117,,23942,5,,,1,117,,23943,5,,,1,157,,23944,5,,,1,117,,23945,5,,,1,117,,23946,5,,,1,157,,23947,5,,,1,117,,23948,5,,,1,107,,23949,5,,,1,108,,23950,5,,,1,108,,23951,5,,,1
200,'74',800,,23977,5,,,1,40,,23976,5,,,1,80,,23952,5,,,1,80,,23953,5,,,1,40,,23954,5,,,1,80,,23955,5,,,1,80,,23956,5,,,1,40,,23957,5,,,1,80,,23958,5,,,1,80,,23959,5,,,1,40,,23960,5,,,1,80,,23961,5,,,1,80,,23962,5,,,1,40,,23963,5,,,1,80,,23964,5,,,1,80,,23965,5,,,1,40,,23966,5,,,1,80,,23967,5,,,1,80,,23968,5,,,1,40,,23969,5,,,1,79,,23970,5,,,1,32,,23975,5,,,1,73,,23974,5,,,1,33,,23971,5,,,1,73,,23972,5,,,1,73,,23973,5,,,1
200,'80',847,,23978,5,,,1,158,,23979,5,,,1,117,,23980,5,,,1,117,,23981,5,,,1,117,,23982,5,,,1,157,,23983,5,,,1,117,,23984,5,,,1,117,,23985,5,,,1,157,,23986,5,,,1,117,,23987,5,,,1,107,,23988,5,,,1,108,,23989,5,,,1,108,,23990,5,,,1
501,'1',550,,24862,5,,,1,62,,24861,5,,,1,22,,24860,5,,,1,22,,24859,5,,,1,62,,24858,5,,,1,23,,24857,5,,,1,62,,24856,5,,,1,22,,24855,5,,,1,22,,24854,5,,,1,62,,24853,5,,,1,41,,24842,5,,,1,72,,24852,5,,,1,32,,24851,5,,,1,72,,24850,5,,,1,32,,24849,5,,,1,72,,24848,5,,,1,72,,24847,5,,,1,32,,24846,5,,,1,72,,24845,5,,,1,37,,24844,5,,,1,67,,24843,5,,,1,27,,24841,5,,,1,22,,24840,5,,,1,63,,24839,5,,,1,23,,24838,5,,,1,62,,24864,5,,,1,23,,24877,5,,,1,23,,24876,5,,,1,63,,24875,5,,,1,27,,24874,5,,,1,63,,24873,5,,,1,23,,24872,5,,,1,23,,24871,5,,,1,59,,24870,5,,,1,28,,24869,5,,,1,68,,24868,5,,,1,27,,24867,5,,,1,66,,24866,5,,,1,30,,24865,5,,,1,21,,24863,5,,,1
501,'2',652,,24894,5,,,1,68,,24895,5,,,1,28,,24896,5,,,1,68,,24897,5,,,1,28,,24898,5,,,1,68,,24904,5,,,1,28,,24899,5,,,1,68,,24900,5,,,1,28,,24901,5,,,1,68,,24902,5,,,1,28,,24903,5,,,1,68,,24878,5,,,1,28,,24879,5,,,1,29,,24880,5,,,1,69,,24881,5,,,1,29,,24882,5,,,1,69,,24883,5,,,1,29,,24884,5,,,1,69,,24885,5,,,1,29,,24886,5,,,1,69,,24887,5,,,1,29,,24888,5,,,1,69,,24889,5,,,1,29,,24905,5,,,1,67,,24890,5,,,1,27,,24891,5,,,1,67,,24892,5,,,1,25,,24893,5,,,1
501,'74',652,,24910,5,,,1,68,,24911,5,,,1,28,,24912,5,,,1,68,,24913,5,,,1,28,,24914,5,,,1,68,,24920,5,,,1,28,,24915,5,,,1,68,,24916,5,,,1,28,,24917,5,,,1,68,,24918,5,,,1,28,,24919,5,,,1,68,,24906,5,,,1,28,,24907,5,,,1,29,,24908,5,,,1,69,,24909,5,,,1,29,,24921,5,,,1,69,,24922,5,,,1,29,,24923,5,,,1,69,,24924,5,,,1,29,,24925,5,,,1,69,,24926,5,,,1,29,,24927,5,,,1,69,,24928,5,,,1,29,,24933,5,,,1,67,,24929,5,,,1,27,,24930,5,,,1,67,,24931,5,,,1,25,,24932,5,,,1
2300,'1',629,,27566,5,,,1,107,,27565,5,,,1,106,,27564,5,,,1,763,,27563,5,,,1,50,,27562,5,,,1,90,,27561,5,,,1,90,,27569,5,,,1,90,,27568,5,,,1
7701,'1',432,,29118,5,,,1,17,,29119,5,,,1,53,,29120,5,,,1,15,,29121,5,,,1,16,,29122,5,,,1,15,,29123,5,,,1,55,,29124,5,,,1,16,,29125,5,,,1,16,,29126,5,,,1,16,,29127,5,,,1,56,,29128,5,,,1,16,,29129,5,,,1,16,,29130,5,,,1,16,,29131,5,,,1,56,,29132,5,,,1,16,,29133,5,,,1,16,,29134,5,,,1,16,,29135,5,,,1,56,,29136,5,,,1,16,,29137,5,,,1,16,,29138,5,,,1,56,,29139,5,,,1,30,,29140,5,,,1,70,,29141,5,,,1,30,,29142,5,,,1,70,,29143,5,,,1,30,,29144,5,,,1,71,,29145,5,,,1,30,,29146,5,,,1,70,,29147,5,,,1,19,,29148,5,,,1,19,,29149,5,,,1,59,,29150,5,,,1,19,,29151,5,,,1,19,,29152,5,,,1,19,,29153,5,,,1,59,,29154,5,,,1,19,,29155,5,,,1,19,,29156,5,,,1,59,,29157,5,,,1,19,,29158,5,,,1,19,,29159,5,,,1,58,,29160,5,,,1,19,,29161,5,,,1,19,,29162,5,,,1,59,,29163,5,,,1,19,,29164,5,,,1,19,,29165,5,,,1,67,,29166,5,,,1,27,,29167,5,,,1,67,,29168,5,,,1,27,,29169,5,,,1,67,,29170,5,,,1,33,,29171,5,,,1,72,,29172,5,,,1,33,,29173,5,,,1,73,,29174,5,,,1,33,,29175,5,,,1,73,,29176,5,,,1,33,,29177,5,,,1,75,,29178,5,,,1
7701,'2',514,,29187,5,,,1,35,,29188,5,,,1,75,,29189,5,,,1,35,,29190,5,,,1,75,,29191,5,,,1,75,,29192,5,,,1,35,,29193,5,,,1,75,,29194,5,,,1,86,,29195,5,,,1,41,,29196,5,,,1,81,,29197,5,,,1,81,,29198,5,,,1,41,,29199,5,,,1,82,,29200,5,,,1,80,,29201,5,,,1,42,,29220,5,,,1,73,,29202,5,,,1,33,,29203,5,,,1,73,,29204,5,,,1,74,,29205,5,,,1,32,,29206,5,,,1,73,,29207,5,,,1,30,,29208,5,,,1,70,,29209,5,,,1,30,,29210,5,,,1,70,,29211,5,,,1,30,,29212,5,,,1,70,,29213,5,,,1,30,,29214,5,,,1,70,,29215,5,,,1,30,,29216,5,,,1,69,,29217,5,,,1,30,,29218,5,,,1,76,,29219,5,,,1,36,,29221,5,,,1,70,,29222,5,,,1,33,,29223,5,,,1,73,,29224,5,,,1
7701,'3',913,,29225,5,,,1,92,,29226,5,,,1,52,,29227,5,,,1,92,,29228,5,,,1,92,,29229,5,,,1,92,,29230,5,,,1,93,,29231,5,,,1,91,,29232,5,,,1,92,,29233,5,,,1,92,,29234,5,,,1,52,,29235,5,,,1,93,,29236,5,,,1,91,,29237,5,,,1,86,,29238,5,,,1,89,,29243,5,,,1,44,,29239,5,,,1,88,,29240,5,,,1,88,,29241,5,,,1,83,,29242,5,,,1,87,,29246,5,,,1,40,,29244,5,,,1,80,,29245,5,,,1
7701,'74',514,,29253,5,,,1,35,,29254,5,,,1,75,,29255,5,,,1,35,,29256,5,,,1,75,,29257,5,,,1,75,,29258,5,,,1,35,,29259,5,,,1,75,,29260,5,,,1,86,,29261,5,,,1,41,,29262,5,,,1,81,,29263,5,,,1,81,,29264,5,,,1,41,,29265,5,,,1,82,,29266,5,,,1,80,,29267,5,,,1,42,,29286,5,,,1,73,,29268,5,,,1,33,,29269,5,,,1,73,,29270,5,,,1,74,,29271,5,,,1,32,,29272,5,,,1,73,,29273,5,,,1,30,,29274,5,,,1,70,,29275,5,,,1,30,,29276,5,,,1,70,,29277,5,,,1,30,,29278,5,,,1,70,,29279,5,,,1,30,,29280,5,,,1,70,,29281,5,,,1,30,,29282,5,,,1,69,,29283,5,,,1,30,,29284,5,,,1,76,,29285,5,,,1,36,,29287,5,,,1,70,,29288,5,,,1,33,,29289,5,,,1,73,,29290,5,,,1
7701,'80',913,,29291,5,,,1,92,,29292,5,,,1,52,,29293,5,,,1,92,,29294,5,,,1,92,,29295,5,,,1,92,,29296,5,,,1,93,,29297,5,,,1,91,,29298,5,,,1,92,,29299,5,,,1,92,,29300,5,,,1,52,,29301,5,,,1,93,,29302,5,,,1,91,,29303,5,,,1,86,,29304,5,,,1,89,,29309,5,,,1,44,,29305,5,,,1,88,,29306,5,,,1,88,,29307,5,,,1,83,,29308,5,,,1,87,,29312,5,,,1,40,,29310,5,,,1,80,,29311,5,,,1
8800,'1',547,,30108,5,,,1,55,,30109,5,,,1,15,,30110,5,,,1,15,,30111,5,,,1,15,,30112,5,,,1,55,,30113,5,,,1,11,,30114,5,,,1,18,,30115,5,,,1,7,,30167,5,,,1,7,,30116,5,,,1,14,,30117,5,,,1,54,,30118,5,,,1,14,,30119,5,,,1,14,,30120,5,,,1,14,,30121,5,,,1,54,,30122,5,,,1,14,,30123,5,,,1,14,,30124,5,,,1,14,,30125,5,,,1,54,,30126,5,,,1,14,,30127,5,,,1,14,,30128,5,,,1,70,,30129,5,,,1,30,,30130,5,,,1,70,,30131,5,,,1,30,,30132,5,,,1,70,,30133,5,,,1,41,,30134,5,,,1,10,,30135,5,,,1,70,,30136,5,,,1,15,,30137,5,,,1,15,,30138,5,,,1,56,,30139,5,,,1,15,,30140,5,,,1,15,,30141,5,,,1,15,,30142,5,,,1,57,,30143,5,,,1,13,,30144,5,,,1,15,,30145,5,,,1,15,,30146,5,,,1,55,,30147,5,,,1,15,,30148,5,,,1,15,,30149,5,,,1,15,,30150,5,,,1,55,,30151,5,,,1,14,,30152,5,,,1,12,,30153,5,,,1,14,,30154,5,,,1,54,,30155,5,,,1,14,,30156,5,,,1,14,,30157,5,,,1,14,,30158,5,,,1,54,,30159,5,,,1,41,,30160,5,,,1,80,,30161,5,,,1,81,,30162,5,,,1,41,,30163,5,,,1,73,,30168,5,,,1
8800,'2',647,,30169,5,,,1,69,,30170,5,,,1,36,,30176,5,,,1,74,,30175,5,,,1,74,,30171,5,,,1,32,,30172,5,,,1,76,,30173,5,,,1,34,,30174,5,,,1,79,,30192,5,,,1,29,,30177,5,,,1,69,,30178,5,,,1,29,,30179,5,,,1,69,,30180,5,,,1,29,,30181,5,,,1,69,,30182,5,,,1,29,,30183,5,,,1,69,,30184,5,,,1,29,,30185,5,,,1,69,,30186,5,,,1,29,,30187,5,,,1,69,,30188,5,,,1,29,,30189,5,,,1,69,,30190,5,,,1,29,,30191,5,,,1,65,,30202,5,,,1,26,,30201,5,,,1,28,,30200,5,,,1,64,,30193,5,,,1,27,,30194,5,,,1,65,,30195,5,,,1,26,,30196,5,,,1,66,,30197,5,,,1,26,,30198,5,,,1,26,,30199,5,,,1
8800,'3',816,,30209,5,,,1,31,,30207,5,,,1,71,,30208,5,,,1,38,,30214,5,,,1,75,,30213,5,,,1,75,,30210,5,,,1,35,,30211,5,,,1,75,,30212,5,,,1,35,,30228,5,,,1,69,,30218,5,,,1,29,,30219,5,,,1,69,,30220,5,,,1,29,,30221,5,,,1,69,,30222,5,,,1,29,,30223,5,,,1,69,,30224,5,,,1,29,,30225,5,,,1,69,,30226,5,,,1,27,,30227,5,,,1,69,,30237,5,,,1,26,,30236,5,,,1,23,,30235,5,,,1,65,,30229,5,,,1,25,,30230,5,,,1,65,,30231,5,,,1,25,,30232,5,,,1,65,,30233,5,,,1,24,,30234,5,,,1
8800,'74',647,,30238,5,,,1,69,,30239,5,,,1,36,,30245,5,,,1,74,,30244,5,,,1,74,,30240,5,,,1,32,,30241,5,,,1,76,,30242,5,,,1,34,,30243,5,,,1,79,,30261,5,,,1,29,,30246,5,,,1,69,,30247,5,,,1,29,,30248,5,,,1,69,,30249,5,,,1,29,,30250,5,,,1,69,,30251,5,,,1,29,,30252,5,,,1,69,,30253,5,,,1,29,,30254,5,,,1,69,,30255,5,,,1,29,,30256,5,,,1,69,,30257,5,,,1,29,,30258,5,,,1,69,,30259,5,,,1,29,,30260,5,,,1,65,,30271,5,,,1,26,,30270,5,,,1,28,,30269,5,,,1,64,,30262,5,,,1,27,,30263,5,,,1,65,,30264,5,,,1,26,,30265,5,,,1,66,,30266,5,,,1,26,,30267,5,,,1,26,,30268,5,,,1
8800,'80',816,,30278,5,,,1,31,,30276,5,,,1,71,,30277,5,,,1,38,,30283,5,,,1,75,,30282,5,,,1,75,,30279,5,,,1,35,,30280,5,,,1,75,,30281,5,,,1,35,,30294,5,,,1,69,,30284,5,,,1,29,,30285,5,,,1,69,,30286,5,,,1,29,,30287,5,,,1,69,,30288,5,,,1,29,,30289,5,,,1,69,,30290,5,,,1,29,,30291,5,,,1,69,,30292,5,,,1,27,,30293,5,,,1,69,,30303,5,,,1,26,,30302,5,,,1,23,,30301,5,,,1,65,,30295,5,,,1,25,,30296,5,,,1,65,,30297,5,,,1,25,,30298,5,,,1,65,,30299,5,,,1,24,,30300,5,,,1
9100,'1',548,,30826,5,,,1,11,,30827,5,,,1,51,,30828,5,,,1,11,,30829,5,,,1,11,,30837,5,,,1,11,,30838,5,,,1,11,,30839,5,,,1,52,,30840,5,,,1,12,,30841,5,,,1,12,,30842,5,,,1,13,,30843,5,,,1,12,,30844,5,,,1,52,,30845,5,,,1,12,,30846,5,,,1,12,,30847,5,,,1,12,,30848,5,,,1,12,,30849,5,,,1,51,,30850,5,,,1,12,,30851,5,,,1,12,,30852,5,,,1,12,,30853,5,,,1,12,,30854,5,,,1,65,,30855,5,,,1,25,,30856,5,,,1,65,,30857,5,,,1,25,,30858,5,,,1,25,,30859,5,,,1,65,,30860,5,,,1,25,,30861,5,,,1,65,,30862,5,,,1,13,,30863,5,,,1,13,,30864,5,,,1,13,,30865,5,,,1,53,,30866,5,,,1,13,,30867,5,,,1,13,,30868,5,,,1,13,,30869,5,,,1,14,,30870,5,,,1,53,,30871,5,,,1,13,,30872,5,,,1,13,,30873,5,,,1,13,,30874,5,,,1,53,,30875,5,,,1,14,,30876,5,,,1,14,,30877,5,,,1,14,,30878,5,,,1,54,,30879,5,,,1,14,,30880,5,,,1,14,,30881,5,,,1,14,,30882,5,,,1,14,,30883,5,,,1,54,,30884,5,,,1,14,,30885,5,,,1,14,,30886,5,,,1,14,,30887,5,,,1,53,,30888,5,,,1,23,,30889,5,,,1,23,,30890,5,,,1,63,,30891,5,,,1,23,,30892,5,,,1,63,,30893,5,,,1,23,,30894,5,,,1,22,,30895,5,,,1,63,,30896,5,,,1,23,,30897,5,,,1,23,,30898,5,,,1,63,,30899,5,,,1,23,,30900,5,,,1,63,,30901,5,,,1,23,,30902,5,,,1,23,,30903,5,,,1
9100,'2',647,,30906,5,,,1,62,,30907,5,,,1,22,,30908,5,,,1,22,,30909,5,,,1,62,,30910,5,,,1,22,,30911,5,,,1,22,,30912,5,,,1,62,,30913,5,,,1,22,,30914,5,,,1,65,,30915,5,,,1,25,,30916,5,,,1,25,,30917,5,,,1,66,,30918,5,,,1,25,,30919,5,,,1,65,,30920,5,,,1,25,,30921,5,,,1,65,,30922,5,,,1,25,,30923,5,,,1,25,,30924,5,,,1,65,,30925,5,,,1,25,,30926,5,,,1,65,,30927,5,,,1,25,,30928,5,,,1,25,,30929,5,,,1,65,,30930,5,,,1,25,,30931,5,,,1,65,,30932,5,,,1,25,,30933,5,,,1,65,,30934,5,,,1,25,,30935,5,,,1,25,,30936,5,,,1,65,,30937,5,,,1,25,,30938,5,,,1,69,,30939,5,,,1,29,,30940,5,,,1,69,,30941,5,,,1,29,,30942,5,,,1,69,,30943,5,,,1,28,,30944,5,,,1,69,,30945,5,,,1
9100,'3',650,,30946,5,,,1,156,,30947,5,,,1,47,,30948,5,,,1,77,,30949,5,,,1,27,,30950,5,,,1,72,,30951,5,,,1,72,,30952,5,,,1,32,,30953,5,,,1,72,,30954,5,,,1,32,,30955,5,,,1,72,,30956,5,,,1,32,,30957,5,,,1,72,,30958,5,,,1,32,,30959,5,,,1,72,,30960,5,,,1,32,,30961,5,,,1,72,,30962,5,,,1,32,,30963,5,,,1,72,,30964,5,,,1,32,,30965,5,,,1,72,,30966,5,,,1,72,,30967,5,,,1,42,,30968,5,,,1,82,,30969,5,,,1,82,,30970,5,,,1,41,,30971,5,,,1,82,,30972,5,,,1,78,,30973,5,,,1,35,,30974,5,,,1,76,,30975,5,,,1
9100,'74',647,,30976,5,,,1,62,,30977,5,,,1,22,,30978,5,,,1,22,,30979,5,,,1,62,,30980,5,,,1,22,,30981,5,,,1,22,,30982,5,,,1,62,,30983,5,,,1,22,,30984,5,,,1,65,,30985,5,,,1,25,,30986,5,,,1,25,,30987,5,,,1,66,,30988,5,,,1,25,,30989,5,,,1,65,,30990,5,,,1,25,,30991,5,,,1,65,,30992,5,,,1,25,,30993,5,,,1,25,,30994,5,,,1,65,,30995,5,,,1,25,,30996,5,,,1,65,,30997,5,,,1,25,,30998,5,,,1,25,,30999,5,,,1,65,,31000,5,,,1,25,,31001,5,,,1,65,,31002,5,,,1,25,,31003,5,,,1,65,,31004,5,,,1,25,,31005,5,,,1,25,,31006,5,,,1,65,,31007,5,,,1,25,,31008,5,,,1,69,,31009,5,,,1,29,,31010,5,,,1,69,,31011,5,,,1,29,,31012,5,,,1,69,,31013,5,,,1,28,,31014,5,,,1,69,,31015,5,,,1
9100,'80',650,,31016,5,,,1,156,,31017,5,,,1,47,,31018,5,,,1,77,,31019,5,,,1,27,,31020,5,,,1,72,,31021,5,,,1,72,,31022,5,,,1,32,,31023,5,,,1,72,,31024,5,,,1,32,,31025,5,,,1,72,,31026,5,,,1,32,,31027,5,,,1,72,,31028,5,,,1,32,,31029,5,,,1,72,,31030,5,,,1,32,,31031,5,,,1,72,,31032,5,,,1,32,,31033,5,,,1,72,,31034,5,,,1,32,,31035,5,,,1,72,,31036,5,,,1,72,,31037,5,,,1,42,,31038,5,,,1,82,,31039,5,,,1,82,,31040,5,,,1,41,,31041,5,,,1,82,,31042,5,,,1,78,,31043,5,,,1,35,,31044,5,,,1,76,,31045,5,,,1
9900,'1',442,,31612,5,,,1,80,,31613,5,,,1,80,,31614,5,,,1,41,,31615,5,,,1,90,,31616,5,,,1,75,,31617,5,,,1,35,,31618,5,,,1,75,,31619,5,,,1,35,,31620,5,,,1,75,,31621,5,,,1,96,,31622,5,,,1,94,,31623,5,,,1,94,,31624,5,,,1,94,,31625,5,,,1,28,,31637,5,,,1,71,,31636,5,,,1,29,,31626,5,,,1,70,,31627,5,,,1,30,,31628,5,,,1,70,,31629,5,,,1,30,,31630,5,,,1,70,,31631,5,,,1,30,,31632,5,,,1,70,,31633,5,,,1,30,,31634,5,,,1,70,,31635,5,,,1
9900,'2',600,,31640,5,,,1,38,,31641,5,,,1,78,,31655,5,,,1,88,,31654,5,,,1,47,,31642,5,,,1,87,,31643,5,,,1,87,,31644,5,,,1,87,,31645,5,,,1,104,,31646,5,,,1,95,,31647,5,,,1,95,,31648,5,,,1,95,,31649,5,,,1,55,,31650,5,,,1,95,,31651,5,,,1,95,,31652,5,,,1,95,,31653,5,,,1,88,,31657,5,,,1,90,,31656,5,,,1
9900,'3',607,,31660,5,,,1,38,,31661,5,,,1,78,,31662,5,,,1,78,,31663,5,,,1,51,,31680,5,,,1,89,,31664,5,,,1,89,,31665,5,,,1,89,,31666,5,,,1,89,,31667,5,,,1,49,,31668,5,,,1,89,,31669,5,,,1,89,,31670,5,,,1,89,,31671,5,,,1,89,,31672,5,,,1,89,,31673,5,,,1,49,,31674,5,,,1,89,,31675,5,,,1,89,,31676,5,,,1,87,,31677,5,,,1
9900,'74',600,,31681,5,,,1,38,,31682,5,,,1,78,,31696,5,,,1,88,,31695,5,,,1,47,,31683,5,,,1,87,,31684,5,,,1,87,,31685,5,,,1,87,,31686,5,,,1,104,,31687,5,,,1,95,,31688,5,,,1,95,,31689,5,,,1,95,,31690,5,,,1,55,,31691,5,,,1,95,,31692,5,,,1,95,,31693,5,,,1,95,,31694,5,,,1,88,,31698,5,,,1,90,,31697,5,,,1
9900,'80',607,,31701,5,,,1,38,,31702,5,,,1,78,,31703,5,,,1,78,,31704,5,,,1,51,,31721,5,,,1,89,,31705,5,,,1,89,,31706,5,,,1,89,,31707,5,,,1,89,,31708,5,,,1,49,,31709,5,,,1,89,,31710,5,,,1,89,,31711,5,,,1,89,,31712,5,,,1,89,,31713,5,,,1,89,,31714,5,,,1,49,,31715,5,,,1,89,,31716,5,,,1,89,,31717,5,,,1,87,,31718,5,,,1
36000,'1',833,,33649,5,,,1,69,,33650,5,,,1,29,,33651,5,,,1,69,,33652,5,,,1,29,,33653,5,,,1,29,,33654,5,,,1,84,,33655,5,,,1,84,,33656,5,,,1,84,,33657,5,,,1,44,,33658,5,,,1,84,,33659,5,,,1,84,,33660,5,,,1,84,,33661,5,,,1,44,,33662,5,,,1,84,,33663,5,,,1,84,,33664,5,,,1,83,,33665,5,,,1,44,,33666,5,,,1,84,,33667,5,,,1,26,,33668,5,,,1,66,,33669,5,,,1,26,,33670,5,,,1,66,,33671,5,,,1
36000,'2',833,,33672,5,,,1,23,,33673,5,,,1,63,,33674,5,,,1,23,,33675,5,,,1,63,,33676,5,,,1,23,,33677,5,,,1,23,,33678,5,,,1,63,,33679,5,,,1,23,,33680,5,,,1,63,,33681,5,,,1,23,,33682,5,,,1,23,,33683,5,,,1,63,,33684,5,,,1,23,,33685,5,,,1,23,,33686,5,,,1,63,,33687,5,,,1,23,,33688,5,,,1,63,,33689,5,,,1,23,,33690,5,,,1,23,,33691,5,,,1,62,,33692,5,,,1,23,,33693,5,,,1,23,,33694,5,,,1,63,,33695,5,,,1,24,,33696,5,,,1,63,,33697,5,,,1,24,,33698,5,,,1,24,,33699,5,,,1,64,,33700,5,,,1,24,,33701,5,,,1,64,,33702,5,,,1,25,,33703,5,,,1,24,,33704,5,,,1,64,,33705,5,,,1,24,,33706,5,,,1,64,,33707,5,,,1
36000,'3',832,,33708,5,,,1,22,,33709,5,,,1,62,,33710,5,,,1,22,,33711,5,,,1,62,,33712,5,,,1,22,,33713,5,,,1,22,,33714,5,,,1,62,,33715,5,,,1,22,,33716,5,,,1,22,,33717,5,,,1,62,,33718,5,,,1,22,,33719,5,,,1,22,,33720,5,,,1,62,,33721,5,,,1,22,,33722,5,,,1,62,,33723,5,,,1,22,,33724,5,,,1,22,,33725,5,,,1,62,,33726,5,,,1,22,,33727,5,,,1,22,,33728,5,,,1,62,,33729,5,,,1,22,,33730,5,,,1,22,,33731,5,,,1,62,,33732,5,,,1,22,,33733,5,,,1,62,,33734,5,,,1,22,,33735,5,,,1,23,,33736,5,,,1,63,,33737,5,,,1,23,,33738,5,,,1,23,,33739,5,,,1,63,,33740,5,,,1,23,,33741,5,,,1,63,,33742,5,,,1,23,,33743,5,,,1,23,,33744,5,,,1,63,,33745,5,,,1
36000,'74',833,,33746,5,,,1,23,,33747,5,,,1,63,,33748,5,,,1,23,,33749,5,,,1,63,,33750,5,,,1,23,,33751,5,,,1,23,,33752,5,,,1,63,,33753,5,,,1,23,,33754,5,,,1,63,,33755,5,,,1,23,,33756,5,,,1,23,,33757,5,,,1,63,,33758,5,,,1,23,,33759,5,,,1,23,,33760,5,,,1,63,,33761,5,,,1,23,,33762,5,,,1,63,,33763,5,,,1,23,,33764,5,,,1,23,,33765,5,,,1,62,,33766,5,,,1,23,,33767,5,,,1,23,,33768,5,,,1,63,,33769,5,,,1,24,,33770,5,,,1,63,,33771,5,,,1,24,,33772,5,,,1,24,,33773,5,,,1,64,,33774,5,,,1,24,,33775,5,,,1,64,,33776,5,,,1,25,,33777,5,,,1,24,,33778,5,,,1,64,,33779,5,,,1,24,,33780,5,,,1,64,,33781,5,,,1,24,,33782,5,,,1
36000,'80',832,,33783,5,,,1,22,,33784,5,,,1,62,,33785,5,,,1,22,,33786,5,,,1,62,,33787,5,,,1,22,,33788,5,,,1,22,,33789,5,,,1,62,,33790,5,,,1,22,,33791,5,,,1,22,,33792,5,,,1,62,,33793,5,,,1,22,,33794,5,,,1,22,,33795,5,,,1,62,,33796,5,,,1,22,,33797,5,,,1,62,,33798,5,,,1,22,,33799,5,,,1,22,,33800,5,,,1,62,,33801,5,,,1,22,,33802,5,,,1,22,,33803,5,,,1,62,,33804,5,,,1,22,,33805,5,,,1,22,,33806,5,,,1,62,,33807,5,,,1,22,,33808,5,,,1,62,,33809,5,,,1,22,,33810,5,,,1,23,,33811,5,,,1,63,,33812,5,,,1,23,,33813,5,,,1,23,,33814,5,,,1,63,,33815,5,,,1,23,,33816,5,,,1,63,,33817,5,,,1,23,,33818,5,,,1,23,,33819,5,,,1,63,,33820,5,,,1
989900,'1',2038,,36830,5,,,1,77,,36831,5,,,1,38,,36832,5,,,1,78,,36833,5,,,1,75,,36834,5,,,1,34,,36835,5,,,1,75,,36836,5,,,1,35,,36837,5,,,1,75,,36838,5,0,5 6,1,75,,36839,5,0,5 6,1,42,,36840,5,0,5 6,1
989900,'2',2039,,36841,5,,,1,94,,36842,5,,,1,93,,36843,5,,,1,94,,36844,5,,,1,86,,36845,5,,,1,46,,36846,5,,,1,86,,36847,5,0,5 6,1,86,,36848,5,0,5 6,1,86,,36849,5,0,5 6,1
989900,'3',2057,,36850,5,,,1,90,,36851,5,,,1,91,,36852,5,,,1,90,,36853,5,,,1,82,,36854,5,,,1,43,,36855,5,,,1,83,,36856,5,0,5 6,1,83,,36857,5,0,5 6,1,83,,36858,5,0,5 6,1
989900,'74',2039,,36859,5,,,1,94,,36860,5,,,1,93,,36861,5,,,1,94,,36862,5,,,1,86,,36863,5,,,1,46,,36864,5,,,1,86,,36865,5,0,5 6,1,86,,36866,5,0,5 6,1,86,,36867,5,0,5 6,1
989900,'80',2057,,36868,5,,,1,90,,36869,5,,,1,91,,36870,5,,,1,90,,36871,5,,,1,82,,36872,5,,,1,43,,36873,5,,,1,83,,36874,5,0,5 6,1,83,,36875,5,0,5 6,1,83,,36876,5,0,5 6,1
