9901,'1',405,,31722,9,,,1,41,,31723,9,,,1,80,,31724,9,,,1,80,,31725,9,,,1,36,,31726,9,,,1,75,,31727,9,,,1,29,,31728,9,,,1,83,,31729,9,,,1,75,,31730,9,,,1,35,,31731,9,,,1,94,,31732,9,,,1,95,,31733,9,,,1,94,,31734,9,,,1,94,,31735,9,,,1,100,,31736,9,,,1,25,,31737,9,,,1,70,,31738,9,,,1,30,,31739,9,,,1,70,,31740,9,,,1,30,,31741,9,,,1,70,,31742,9,,,1,30,,31743,9,,,1,69,,31744,9,,,1,30,,31745,9,,,1,69,,31746,9,,,1,30,,31747,9,,,1,70,,31748,9,,,1,25,,31749,9,,,1,73,,31750,9,,,1,45,,31751,9,,,1
9901,'2',526,,31752,9,,,1,77,,31753,9,,,1,37,,31754,9,,,1,77,,31755,9,,,1,87,,31756,9,,,1,49,,31757,9,,,1,87,,31758,9,,,1,87,,31759,9,,,1,99,,31760,9,,,1,95,,31761,9,,,1,95,,31762,9,,,1,95,,31763,9,,,1,95,,31764,9,,,1,95,,31765,9,,,1,53,,31766,9,,,1,94,,31767,9,,,1,95,,31768,9,,,1,95,,31769,9,,,1,85,,31770,9,,,1,85,,31771,9,,,1
9901,'3',531,,31772,9,,,1,79,,31773,9,,,1,38,,31774,9,,,1,78,,31775,9,,,1,78,,31776,9,,,1,51,,31777,9,,,1,89,,31778,9,,,1,89,,31779,9,,,1,89,,31780,9,,,1,89,,31781,9,,,1,89,,31782,9,,,1,49,,31783,9,,,1,89,,31784,9,,,1,89,,31785,9,,,1,89,,31786,9,,,1,89,,31787,9,,,1,48,,31788,9,,,1,89,,31789,9,,,1,89,,31790,9,,,1,88,,31791,9,,,1,89,,31792,9,,,1,39,,31793,9,,,1
9901,'74',526,,31794,9,,,1,77,,31795,9,,,1,37,,31796,9,,,1,77,,31797,9,,,1,87,,31798,9,,,1,49,,31799,9,,,1,87,,31800,9,,,1,87,,31801,9,,,1,99,,31802,9,,,1,95,,31803,9,,,1,95,,31804,9,,,1,95,,31805,9,,,1,95,,31806,9,,,1,95,,31807,9,,,1,53,,31808,9,,,1,94,,31809,9,,,1,95,,31810,9,,,1,95,,31811,9,,,1,85,,31812,9,,,1,85,,31813,9,,,1
9901,'80',531,,31814,9,,,1,79,,31815,9,,,1,38,,31816,9,,,1,78,,31817,9,,,1,78,,31818,9,,,1,51,,31819,9,,,1,89,,31820,9,,,1,89,,31821,9,,,1,89,,31822,9,,,1,89,,31823,9,,,1,89,,31824,9,,,1,49,,31825,9,,,1,89,,31826,9,,,1,89,,31827,9,,,1,89,,31828,9,,,1,89,,31829,9,,,1,48,,31830,9,,,1,89,,31831,9,,,1,89,,31832,9,,,1,88,,31833,9,,,1,89,,31834,9,,,1,39,,31835,9,,,1
989901,'1',2229,,36877,64,,,1,71,,36878,64,,,1,38,,36879,64,,,1,75,,36880,64,,,1,35,,36881,64,,,1,71,,36882,64,,,1,35,,36883,64,,,1,75,,36884,64,,,1
989901,'2',2237,,36885,64,,,1,88,,36886,64,,,1,82,,36887,64,,,1,51,,36890,64,,,1,85,,36888,64,,,1,86,,36889,64,,,1
989901,'3',2247,,36891,64,,,1,87,,36892,64,,,1,83,,36893,64,,,1,88,,36894,64,,,1,39,,36895,64,,,1,83,,36896,64,,,1
989901,'74',2237,,36897,64,,,1,88,,36898,64,,,1,82,,36899,64,,,1,51,,36902,64,,,1,85,,36900,64,,,1,86,,36901,64,,,1
989901,'80',2247,,36903,64,,,1,87,,36904,64,,,1,83,,36905,64,,,1,88,,36906,64,,,1,39,,36907,64,,,1,83,,36908,64,,,1
