1601,'1',521,,26620,12,,,1,22,,26621,12,,,1,62,,26622,12,,,1,21,,26623,12,,,1,5,,26588,53,,,1,27,,26587,53,,,1,62,,26579,53,,,1,22,,26580,53,,,1,69,,26581,53,,,1,22,,26582,53,,,1,22,,26583,53,,,1,62,,26584,53,,,1,9,,26585,53,,,1,26,,26586,53,,,1,61,,26599,53,,,1,24,,26598,53,,,1,68,,26589,53,,,1,32,,26590,53,,,1,71,,26591,53,,,1,29,,26592,53,,,1,71,,26593,53,,,1,31,,26594,53,,,1,69,,26595,53,,,1,24,,26624,12,,,1,13,,26596,53,,,1,70,,26597,53,,,1,21,,26616,53,,,1,23,,26615,53,,,1,63,,26600,53,,,1,17,,26601,53,,,1,69,,26602,53,,,1,24,,26603,53,,,1,23,,26604,53,,,1,63,,26605,53,,,1,21,,26606,53,,,1,63,,26607,53,,,1,15,,26608,53,,,1,23,,26609,53,,,1,63,,26610,53,,,1,23,,26611,53,,,1,23,,26612,53,,,1,63,,26613,53,,,1,19,,26614,53,,,1,28,,26619,53,,,1,74,,26617,53,,,1,70,,26618,53,,,1,34,,26625,53,,,1
1601,'2',629,,26652,12,,,1,78,,26653,12,,,1,30,,26635,53,,,1,80,,26626,53,,,1,38,,26627,53,,,1,79,,26628,53,,,1,78,,26629,53,,,1,38,,26630,53,,,1,78,,26631,53,,,1,80,,26632,53,,,1,38,,26633,53,,,1,78,,26634,53,,,1,83,,26644,53,,,1,42,,26636,53,,,1,81,,26637,53,,,1,81,,26638,53,,,1,39,,26639,53,,,1,81,,26640,53,,,1,81,,26641,53,,,1,41,,26642,53,,,1,77,,26643,53,,,1,80,,26651,53,,,1,32,,26645,53,,,1,76,,26646,53,,,1,38,,26647,53,,,1,71,,26648,53,,,1,76,,26649,53,,,1,33,,26650,53,,,1
1601,'3',818,,26654,53,,,1,95,,26655,53,,,1,97,,26656,53,,,1,95,,26657,53,,,1,95,,26658,53,,,1,55,,26659,53,,,1,99,,26660,53,,,1,95,,26661,53,,,1,98,,26662,53,,,1,98,,26663,53,,,1,97,,26664,53,,,1,92,,26665,53,,,1,90,,26666,53,,,1,92,,26667,53,,,1,92,,26668,53,,,1,49,,26669,53,,,1
1601,'74',629,,26696,12,,,1,78,,26697,12,,,1,30,,26679,53,,,1,80,,26670,53,,,1,38,,26671,53,,,1,79,,26672,53,,,1,78,,26673,53,,,1,38,,26674,53,,,1,78,,26675,53,,,1,80,,26676,53,,,1,38,,26677,53,,,1,78,,26678,53,,,1,83,,26688,53,,,1,42,,26680,53,,,1,81,,26681,53,,,1,81,,26682,53,,,1,39,,26683,53,,,1,81,,26684,53,,,1,81,,26685,53,,,1,41,,26686,53,,,1,77,,26687,53,,,1,80,,26695,53,,,1,32,,26689,53,,,1,76,,26690,53,,,1,38,,26691,53,,,1,71,,26692,53,,,1,76,,26693,53,,,1,33,,26694,53,,,1
1601,'80',818,,26698,53,,,1,95,,26699,53,,,1,97,,26700,53,,,1,95,,26701,53,,,1,95,,26702,53,,,1,55,,26703,53,,,1,99,,26704,53,,,1,95,,26705,53,,,1,98,,26706,53,,,1,98,,26707,53,,,1,97,,26708,53,,,1,92,,26709,53,,,1,90,,26710,53,,,1,92,,26711,53,,,1,92,,26712,53,,,1,49,,26713,53,,,1
8501,'1',517,,29801,12,,,1,16,,29800,12,,,1,16,,29799,12,,,1,56,,29798,12,,,1,16,,29797,12,,,1,16,,29796,12,,,1,16,,29795,12,,,1,56,,29787,12,,,1,16,,29788,12,,,1,16,,29789,12,,,1,16,,29790,12,,,1,56,,29791,12,,,1,16,,29792,12,,,1,16,,29793,12,,,1,55,,29794,12,,,1,26,,29811,12,,,1,25,,29810,12,,,1,64,,29809,12,,,1,25,,29802,12,,,1,65,,29803,12,,,1,25,,29804,12,,,1,25,,29805,12,,,1,64,,29806,12,,,1,25,,29807,12,,,1,65,,29808,12,,,1,25,,29812,12,,,1,25,,29813,12,,,1,61,,29814,12,,,1,16,,29841,12,,,1,16,,29842,12,,,1,56,,29831,12,,,1,15,,29830,12,,,1,16,,29829,12,,,1,20,,29828,12,,,1,57,,29827,12,,,1,16,,29815,12,,,1,19,,29816,12,,,1,53,,29817,12,,,1,19,,29818,12,,,1,16,,29819,12,,,1,11,,29820,12,,,1,59,,29821,12,,,1,13,,29822,12,,,1,16,,29823,12,,,1,16,,29824,12,,,1,58,,29825,12,,,1,19,,29826,12,,,1,72,,29834,12,,,1,29,,29833,12,,,1,25,,29832,12,,,1,62,,29838,12,,,1,29,,29837,12,,,1,71,,29835,12,,,1,32,,29836,12,,,1
8501,'2',639,,29858,12,,,1,70,,29859,12,,,1,30,,29860,12,,,1,71,,29861,12,,,1,30,,29862,12,,,1,70,,29863,12,,,1,30,,29864,12,,,1,70,,29865,12,,,1,30,,29866,12,,,1,70,,29843,12,,,1,23,,29844,12,,,1,25,,29845,12,,,1,63,,29846,12,,,1,23,,29847,12,,,1,63,,29848,12,,,1,23,,29849,12,,,1,23,,29850,12,,,1,63,,29851,12,,,1,23,,29852,12,,,1,63,,29853,12,,,1,23,,29854,12,,,1,23,,29855,12,,,1,63,,29856,12,,,1,21,,29857,12,,,1,21,,29867,12,,,1,62,,29868,12,,,1,23,,29869,12,,,1,21,,29870,12,,,1,61,,29871,12,,,1,18,,29872,12,,,1,21,,29873,12,,,1,61,,29874,12,,,1,21,,29875,12,,,1,61,,29876,12,,,1,21,,29877,12,,,1,21,,29878,12,,,1,61,,29879,12,,,1,30,,29880,12,,,1,70,,29881,12,,,1,30,,29882,12,,,1
8501,'3',832,,29885,12,,,1,81,,29886,12,,,1,40,,29887,12,,,1,80,,29888,12,,,1,83,,29889,12,,,1,43,,29890,12,,,1,83,,29891,12,,,1,83,,29892,12,,,1,83,,29893,12,,,1,43,,29894,12,,,1,83,,29895,12,,,1,80,,29896,12,,,1,42,,29897,12,,,1,84,,29898,12,,,1,76,,29899,12,,,1,41,,29900,12,,,1,83,,29901,12,,,1,79,,29883,12,,,1,81,,29884,12,,,1
8501,'74',639,,29902,12,,,1,70,,29903,12,,,1,30,,29904,12,,,1,71,,29905,12,,,1,30,,29906,12,,,1,70,,29907,12,,,1,30,,29908,12,,,1,70,,29909,12,,,1,30,,29910,12,,,1,70,,29911,12,,,1,23,,29912,12,,,1,25,,29913,12,,,1,63,,29914,12,,,1,23,,29915,12,,,1,63,,29916,12,,,1,23,,29917,12,,,1,23,,29918,12,,,1,63,,29919,12,,,1,23,,29920,12,,,1,63,,29921,12,,,1,23,,29922,12,,,1,23,,29923,12,,,1,63,,29924,12,,,1,21,,29925,12,,,1,21,,29926,12,,,1,62,,29927,12,,,1,23,,29928,12,,,1,21,,29929,12,,,1,61,,29930,12,,,1,18,,29931,12,,,1,21,,29932,12,,,1,61,,29933,12,,,1,21,,29934,12,,,1,61,,29935,12,,,1,21,,29936,12,,,1,21,,29937,12,,,1,61,,29938,12,,,1,30,,29939,12,,,1,70,,29940,12,,,1,30,,29941,12,,,1
8501,'80',832,,29942,12,,,1,81,,29943,12,,,1,40,,29944,12,,,1,80,,29945,12,,,1,83,,29946,12,,,1,43,,29947,12,,,1,83,,29948,12,,,1,83,,29949,12,,,1,83,,29950,12,,,1,43,,29951,12,,,1,83,,29952,12,,,1,80,,29953,12,,,1,42,,29954,12,,,1,84,,29955,12,,,1,76,,29958,12,,,1,41,,29959,12,,,1,83,,29960,12,,,1,79,,29956,12,,,1,81,,29957,12,,,1
