300,'1',452,,24137,45,0,21 22 23 3 24,1,70,,24138,45,0,21 22 23 3 24,1,87,,24113,45,0,21 22 23 3 24,1,32,,24114,45,0,21 22 23 3 24,1,74,,24115,45,0,21 22 23 3 24,1,36,,24116,45,0,21 22 23 3 24,1,72,,24117,45,0,21 22 23 3 24,1,77,,24118,45,0,21 22 23 3 24,1,26,,24119,45,0,21 22 23 3 24,1,32,,24120,45,0,21 22 23 3 24,1,67,,24121,45,0,21 22 23 3 24,1,88,,24122,45,0,21 22 23 3 24,1,46,,24123,45,0,21 22 23 3 24,1,86,,24124,45,0,21 22 23 3 24,1,86,,24125,45,0,21 22 23 3 24,1,86,,24126,45,0,21 22 23 3 24,1,88,,24127,45,0,21 22 23 3 24,1,38,,24128,45,0,21 22 23 3 24,1,72,,24129,45,0,21 22 23 3 24,1,32,,24130,45,0,21 22 23 3 24,1,72,,24131,45,0,21 22 23 3 24,1,32,,24132,45,0,21 22 23 3 24,1,72,,24133,45,0,21 22 23 3 24,1,28,,24134,45,0,21 22 23 3 24,1,72,,24135,45,0,21 22 23 3 24,1,28,,24136,45,0,21 22 23 3 24,1,72,,24139,45,0,21 22 23 3 24,1,83,,24140,45,0,21 22 23 3 24,1,41,,24141,45,0,21 22 23 3 24,1
300,'2',829,,24147,45,0,21 22 23 3 24,1,103,,24146,45,0,21 22 23 3 24,1,105,,24148,45,0,21 22 23 3 24,1,105,,24149,45,0,21 22 23 3 24,1,105,,24150,45,0,21 22 23 3 24,1,105,,24151,45,0,21 22 23 3 24,1,107,,24152,45,0,21 22 23 3 24,1,145,,24153,45,0,21 22 23 3 24,1,106,,24154,45,0,21 22 23 3 24,1,106,,24155,45,0,21 22 23 3 24,1,103,,24156,45,0,21 22 23 3 24,1,102,,24157,45,0,21 22 23 3 24,1,99,,24158,45,0,21 22 23 3 24,1,102,,24145,45,0,21 22 23 3 24,1
300,'3',950,,24160,45,0,21 22 23 3 24,1,100,,24172,45,0,21 22 23 3 24,1,104,,24171,45,0,21 22 23 3 24,1,102,,24170,45,0,21 22 23 3 24,1,102,,24169,45,0,21 22 23 3 24,1,99,,24168,45,0,21 22 23 3 24,1,102,,24167,45,0,21 22 23 3 24,1,142,,24166,45,0,21 22 23 3 24,1,102,,24165,45,0,21 22 23 3 24,1,102,,24164,45,0,21 22 23 3 24,1,100,,24163,45,0,21 22 23 3 24,1,99,,24162,45,0,21 22 23 3 24,1,98,,24161,45,0,21 22 23 3 24,1
300,'74',829,,24176,45,0,21 22 23 3 24,1,103,,24175,45,0,21 22 23 3 24,1,105,,24177,45,0,21 22 23 3 24,1,105,,24178,45,0,21 22 23 3 24,1,105,,24179,45,0,21 22 23 3 24,1,105,,24180,45,0,21 22 23 3 24,1,107,,24181,45,0,21 22 23 3 24,1,145,,24182,45,0,21 22 23 3 24,1,106,,24183,45,0,21 22 23 3 24,1,106,,24184,45,0,21 22 23 3 24,1,103,,24185,45,0,21 22 23 3 24,1,102,,24186,45,0,21 22 23 3 24,1,99,,24187,45,0,21 22 23 3 24,1,102,,24174,45,0,21 22 23 3 24,1
300,'80',950,,24189,45,0,21 22 23 3 24,1,100,,24201,45,0,21 22 23 3 24,1,104,,24200,45,0,21 22 23 3 24,1,102,,24199,45,0,21 22 23 3 24,1,102,,24198,45,0,21 22 23 3 24,1,99,,24197,45,0,21 22 23 3 24,1,102,,24196,45,0,21 22 23 3 24,1,142,,24195,45,0,21 22 23 3 24,1,102,,24194,45,0,21 22 23 3 24,1,102,,24193,45,0,21 22 23 3 24,1,100,,24192,45,0,21 22 23 3 24,1,99,,24191,45,0,21 22 23 3 24,1,98,,24190,45,0,21 22 23 3 24,1
301,'1',534,,24203,31,,,1,72,,24204,31,,,1,34,,24205,31,,,1,73,,24206,31,,,1,32,,24207,31,,,1,77,,24208,31,,,1,32,,24209,31,,,1,67,,24210,31,,,1,32,,24202,31,,,1,77,,24226,31,,,1,86,,24211,31,,,1,86,,24212,31,,,1,46,,24213,31,,,1,86,,24214,31,,,1,86,,24215,31,,,1,89,,24216,31,,,1,27,,24217,31,,,1,72,,24218,31,,,1,32,,24219,31,,,1,72,,24220,31,,,1,32,,24221,31,,,1,72,,24222,31,,,1,28,,24223,31,,,1,72,,24224,31,,,1,26,,24225,31,,,1,69,,24231,31,,,1,26,,24228,31,,,1,83,,24229,31,,,1,39,,24230,31,0,25 26,1
301,'2',813,,24234,31,,,1,103,,24233,31,,,1,104,,24238,31,,,1,105,,24235,31,,,1,105,,24236,31,,,1,105,,24237,31,,,1,105,,24239,31,,,1,106,,24240,31,,,1,106,,24241,31,,,1,106,,24242,31,,,1,145,,24243,31,,,1,102,,24244,31,,,1,102,,24245,31,,,1,102,,24232,31,0,25 26,1
301,'3',933,,24253,31,,,1,102,,24252,31,,,1,102,,24251,31,,,1,102,,24250,31,,,1,102,,24249,31,,,1,102,,24248,31,,,1,102,,24247,31,,,1,102,,24246,31,,,1,102,,24258,31,,,1,102,,24257,31,,,1,100,,24256,31,,,1,98,,24255,31,,,1,96,,24254,31,0,25 26,1
301,'74',813,,24261,31,,,1,103,,24260,31,,,1,104,,24265,31,,,1,105,,24262,31,,,1,105,,24263,31,,,1,105,,24264,31,,,1,105,,24266,31,,,1,106,,24267,31,,,1,106,,24268,31,,,1,106,,24269,31,,,1,145,,24270,31,,,1,102,,24271,31,,,1,102,,24272,31,,,1,102,,24259,31,0,25 26,1
301,'80',933,,24276,31,,,1,102,,24275,31,,,1,102,,24274,31,,,1,102,,24273,31,,,1,102,,24280,31,,,1,102,,24279,31,,,1,102,,24278,31,,,1,102,,24277,31,,,1,102,,24285,31,,,1,102,,24284,31,,,1,100,,24283,31,,,1,98,,24282,31,,,1,96,,24281,31,0,25 26,1
