9601,'1',533,,18590,73,,,1,72,,18591,73,,,1,29,,18592,73,,,1,70,,18593,73,,,1,42,,18594,73,,,1,76,,18595,73,,,1,78,,18596,73,,,1,27,,18597,73,,,1,32,,18598,73,,,1,71,,18599,73,,,1,79,,18600,73,,,1,38,,18601,69,,,1,83,,18602,69,,,1,75,,18603,69,,,1,32,,18604,69,,,1,86,,18605,69,,,1,82,,18606,69,,,1,21,,18625,69,,,1,18,,18607,69,,,1,71,,18608,69,,,1,27,,18609,69,,,1,71,,18610,73,,,1,27,,18611,73,,,1,65,,18612,73,,,1,22,,18613,73,,,1,17,,18614,73,,,1,65,,18615,73,,,1,25,,18616,73,,,1,25,,18617,73,,,1,61,,18618,69,,,1,25,,18619,69,,,1,67,,18620,69,,,1,30,,18621,69,,,1,70,,18622,69,,,1,30,,18623,69,,,1,64,,18624,69,,,1
9601,'2',858,,18626,69,,,1,99,,18627,69,,,1,102,,18628,69,,,1,99,,18629,69,,,1,99,,18630,69,,,1,96,,18631,69,,,1,99,,18632,69,,,1,99,,18633,69,,,1,99,,18634,69,,,1,99,,18635,69,,,1,88,,18636,69,,,1,90,,18637,69,,,1,97,,18638,69,,,1
9601,'3',958,,18639,69,,,1,94,,18640,69,,,1,94,,18641,69,,,1,94,,18642,69,,,1,94,,18643,69,,,1,94,,18644,69,,,1,96,,18645,69,,,1,94,,18646,69,,,1,88,,18647,69,,,1,94,,18648,69,,,1,52,,18649,69,,,1,94,,18650,69,,,1
9601,'80',958,,18651,69,,,1,94,,18652,69,,,1,94,,18653,69,,,1,94,,18654,69,,,1,94,,18655,69,,,1,94,,18656,69,,,1,96,,18657,69,,,1,94,,18658,69,,,1,88,,18659,69,,,1,94,,18660,69,,,1,52,,18661,69,,,1,94,,18662,69,,,1
10701,'1',527,,19485,16,,,1,24,,19484,16,,,1,67,,19483,16,,,1,24,,19482,16,,,1,64,,19481,16,,,1,18,,19480,16,,,1,20,,19479,16,,,1,12,,19478,16,,,1,61,,19477,16,,,1,16,,19476,16,,,1,16,,19475,16,,,1,10,,19474,16,,,1,84,,19462,16,,,1,80,,19469,16,,,1,82,,19468,16,,,1,42,,19467,16,,,1,82,,19466,16,,,1,87,,19465,16,,,1,42,,19464,16,,,1,68,,19473,16,,,1,14,,19463,16,,,1,63,,19461,16,,,1,18,,19460,16,,,1,18,,19459,16,,,1,18,,19458,16,,,1,62,,19457,16,,,1,18,,19456,16,,,1,18,,19455,16,,,1,63,,19454,16,,,1,18,,19453,16,,,1,18,,19452,16,,,1,55,,19451,16,,,1,17,,19450,16,,,1,18,,19449,16,,,1,66,,19498,16,,,1,18,,19486,16,,,1,78,,19499,16,,,1,41,,19497,16,,,1,76,,19496,16,,,1,78,,19495,16,,,1,32,,19494,16,,,1,74,,19493,16,,,1,34,,19492,16,,,1,74,,19491,16,,,1,34,,19490,16,,,1,74,,19489,16,,,1,34,,19488,16,,,1,74,,19487,16,,,1
10701,'2',702,,19526,16,,,1,39,,19527,16,,,1,77,,19528,16,,,1,37,,19529,16,,,1,77,,19530,16,,,1,77,,19531,16,,,1,37,,19532,16,,,1,77,,19533,16,,,1,77,,19534,16,,,1,37,,19535,16,,,1,76,,19503,16,,,1,37,,19504,16,,,1,76,,19506,16,,,1,77,,19507,16,,,1,37,,19508,16,,,1,77,,19509,16,,,1,35,,19510,16,,,1,77,,19511,16,,,1,77,,19512,16,,,1,37,,19513,16,,,1,77,,19514,16,,,1,37,,19515,16,,,1,77,,19516,16,,,1,77,,19517,16,,,1,37,,19518,16,,,1,77,,19505,16,,,1,77,,19519,16,,,1,37,,19520,16,,,1,77,,19521,16,,,1,37,,19522,16,,,1,76,,19502,16,,,1,75,,19523,16,,,1
10701,'3',741,,19548,16,,,1,77,,19549,16,,,1,34,,19550,16,,,1,77,,19551,16,,,1,78,,19552,16,,,1,37,,19553,16,,,1,77,,19547,16,,,1,37,,19554,16,,,1,77,,19555,16,,,1,77,,19556,16,,,1,37,,19557,16,,,1,77,,19558,16,,,1,75,,19559,16,,,1,37,,19560,16,,,1,77,,19561,16,,,1,37,,19563,16,,,1,77,,19564,16,,,1,77,,19562,16,,,1,37,,19544,16,,,1,77,,19565,16,,,1,37,,19566,16,,,1,77,,19567,16,,,1,77,,19568,16,,,1,37,,19536,16,,,1,77,,19537,16,,,1,77,,19538,16,,,1,37,,19539,16,,,1,77,,19540,16,,,1,36,,19541,16,,,1,77,,19542,16,,,1,77,,19543,16,,,1
10701,'80',741,,19569,16,,,1,77,,19570,16,,,1,34,,19571,16,,,1,77,,19572,16,,,1,78,,19585,16,,,1,37,,19586,16,,,1,77,,19584,16,,,1,37,,19587,16,,,1,77,,19588,16,,,1,77,,19589,16,,,1,37,,19590,16,,,1,77,,19591,16,,,1,75,,19592,16,,,1,37,,19593,16,,,1,77,,19594,16,,,1,37,,19596,16,,,1,77,,19597,16,,,1,77,,19595,16,,,1,37,,19581,16,,,1,77,,19598,16,,,1,37,,19599,16,,,1,77,,19600,16,,,1,77,,19601,16,,,1,37,,19573,16,,,1,77,,19574,16,,,1,77,,19575,16,,,1,37,,19576,16,,,1,77,,19577,16,,,1,36,,19578,16,,,1,77,,19579,16,,,1,77,,19580,16,,,1
46201,'24610.1',1607,,20747,35,4,,1,5,,20748,35,4,,1
46500,'24611.1',752,,20753,4,,,1
