9600,'1',704,,31260,79,,,1,48,,31259,79,,,1,71,,31258,79,,,1,77,,31257,79,,,1,27,,31256,79,,,1,73,,31253,79,,,1,34,,31254,79,,,1,70,,31255,79,,,1,32,,31268,79,,,1,68,,31267,75,,,1,39,,31261,75,,,1,79,,31262,75,,,1,79,,31263,75,,,1,45,,31264,75,,,1,65,,31265,75,,,1,92,,31266,79,,,1,43,,31274,79,,,1,67,,31273,79,,,1,32,,31272,79,,,1,62,,31269,79,,,1,27,,31270,79,,,1,21,,31271,79,,,1,67,,31277,79,,,1,19,,31278,79,,,1,13,,31288,79,,,1,51,,31276,79,,,1,25,,31275,79,,,1,70,,31285,75,,,1,30,,31284,75,,,1,15,,31287,75,,,1,12,,31279,75,,,1,70,,31280,75,,,1,30,,31281,75,,,1,68,,31282,75,,,1,30,,31283,75,,,1,57,,31286,75,,,1
9600,'2',1025,,31289,75,,,1,102,,31290,75,,,1,99,,31291,75,,,1,96,,31292,75,,,1,99,,31293,75,,,1,99,,31294,75,,,1,98,,31295,75,,,1,99,,31296,75,,,1,94,,31297,75,,,1,97,,31298,75,,,1,47,,31299,75,,,1,83,,31300,75,,,1,97,,31301,75,,,1
9600,'3',1116,,31302,75,,,1,94,,31303,75,,,1,94,,31304,75,,,1,54,,31305,75,,,1,94,,31306,75,,,1,94,,31307,75,,,1,94,,31308,75,,,1,94,,31309,75,,,1,91,,31310,75,,,1,94,,31311,75,,,1,94,,31312,75,,,1,91,,31313,75,,,1
9600,'74',1025,,31314,75,,,1,102,,31315,75,,,1,99,,31316,75,,,1,96,,31317,75,,,1,99,,31318,75,,,1,99,,31319,75,,,1,98,,31320,75,,,1,99,,31321,75,,,1,94,,31322,75,,,1,97,,31323,75,,,1,47,,31324,75,,,1,83,,31325,75,,,1,97,,31326,75,,,1
9600,'80',1116,,31327,75,,,1,94,,31328,75,,,1,94,,31329,75,,,1,54,,31330,75,,,1,94,,31331,75,,,1,94,,31332,75,,,1,94,,31333,75,,,1,94,,31334,75,,,1,91,,31335,75,,,1,94,,31336,75,,,1,94,,31337,75,,,1,91,,31338,75,,,1
9800,'1',622,,31445,31,,,1,35,,31444,31,,,1,73,,31443,31,,,1,75,,31442,31,,,1,35,,31441,31,,,1,75,,31440,31,,,1,98,,31436,31,,,1,98,,31433,31,,,1,96,,31438,31,,,1,98,,31437,31,,,1,40,,31425,31,,,1,78,,31435,31,,,1,80,,31434,31,,,1,40,,31432,31,,,1,80,,31431,31,,,1,80,,31430,31,,,1,45,,31429,31,,,1,80,,31428,31,,,1,93,,31427,31,,,1,91,,31426,31,,,1,88,,31439,31,,,1
9800,'2',621,,31463,31,,,1,86,,31462,31,,,1,44,,31461,31,,,1,94,,31460,31,,,1,93,,31459,31,,,1,91,,31458,31,,,1,94,,31457,31,,,1,98,,31456,31,,,1,98,,31455,31,,,1,96,,31454,31,,,1,98,,31453,31,,,1,98,,31452,31,,,1,100,,31451,31,,,1,101,,31450,31,,,1,89,,31449,31,,,1,53,,31448,31,,,1,89,,31447,31,,,1,85,,31446,31,,,1
9800,'3',805,,31479,31,,,1,48,,31478,31,,,1,88,,31477,31,,,1,92,,31476,31,,,1,93,,31475,31,,,1,90,,31474,31,,,1,93,,31473,31,,,1,93,,31472,31,,,1,53,,31471,31,,,1,93,,31470,31,,,1,93,,31469,31,,,1,96,,31468,31,,,1,88,,31467,31,,,1,91,,31466,31,,,1,87,,31465,31,,,1,48,,31464,31,,,1
9800,'74',621,,31497,31,,,1,86,,31496,31,,,1,44,,31495,31,,,1,94,,31494,31,,,1,93,,31493,31,,,1,91,,31492,31,,,1,94,,31491,31,,,1,98,,31490,31,,,1,98,,31489,31,,,1,96,,31488,31,,,1,98,,31487,31,,,1,98,,31486,31,,,1,100,,31485,31,,,1,101,,31484,31,,,1,89,,31483,31,,,1,53,,31482,31,,,1,89,,31481,31,,,1,85,,31480,31,,,1
9800,'80',805,,31513,31,,,1,48,,31512,31,,,1,88,,31511,31,,,1,92,,31510,31,,,1,93,,31509,31,,,1,90,,31508,31,,,1,93,,31507,31,,,1,93,,31506,31,,,1,53,,31505,31,,,1,93,,31504,31,,,1,93,,31503,31,,,1,96,,31502,31,,,1,88,,31501,31,,,1,91,,31500,31,,,1,87,,31499,31,,,1,48,,31498,31,,,1
989900,'1',2126,,36830,74,,,1,33,,36831,74,,,1,78,,36832,74,,,1,78,,36833,74,,,1,35,,36834,74,,,1,72,,36835,74,,,1,35,,36836,74,,,1,75,,36837,74,,,1,75,,36838,74,0,5 6,1,35,,36839,74,0,5 6,1,79,,36840,74,0,5 6,1
989900,'2',2130,,36841,74,,,1,94,,36842,74,,,1,86,,36843,74,,,1,92,,36844,74,,,1,46,,36845,74,,,1,86,,36846,74,,,1,83,,36847,74,0,5 6,1,86,,36848,74,0,5 6,1,46,,36849,74,0,5 6,1
989900,'3',2145,,36850,74,,,1,90,,36851,74,,,1,85,,36852,74,,,1,90,,36853,74,,,1,40,,36854,74,,,1,83,,36855,74,,,1,79,,36856,74,0,5 6,1,43,,36857,74,0,5 6,1,83,,36858,74,0,5 6,1
989900,'74',2130,,36859,74,,,1,94,,36860,74,,,1,86,,36861,74,,,1,92,,36862,74,,,1,46,,36863,74,,,1,86,,36864,74,,,1,83,,36865,74,0,5 6,1,86,,36866,74,0,5 6,1,46,,36867,74,0,5 6,1
989900,'80',2145,,36868,74,,,1,90,,36869,74,,,1,85,,36870,74,,,1,90,,36871,74,,,1,40,,36872,74,,,1,83,,36873,74,,,1,79,,36874,74,0,5 6,1,43,,36875,74,0,5 6,1,83,,36876,74,0,5 6,1
