8100,'1',517,,17097,6,,,1,31,,17099,6,,,1,71,,17101,6,,,1,32,,17102,6,,,1,74,,17100,6,,,1,34,,17103,6,,,1,86,,17098,6,,,1
8101,'1',1507,,17111,6,,,1,41,,17110,6,,,1,81,,17109,6,,,1,79,,17108,6,,,1,38,,17107,6,,,1,77,,17106,6,,,1,36,,17105,6,,,1,79,,17104,6,,,1
9800,'1',606,,18683,6,,,1,35,,18682,6,,,1,72,,18681,6,,,1,35,,18680,6,,,1,75,,18679,6,,,1,35,,18678,6,,,1,98,,18674,6,,,1,98,,18671,6,,,1,94,,18676,6,,,1,98,,18675,6,,,1,80,,18663,6,,,1,76,,18673,6,,,1,40,,18672,6,,,1,80,,18670,6,,,1,80,,18669,6,,,1,40,,18668,6,,,1,87,,18667,6,,,1,80,,18666,6,,,1,95,,18665,6,,,1,51,,18664,6,,,1,91,,18677,6,,,1
9800,'2',607,,18701,6,,,1,46,,18700,6,,,1,84,,18699,6,,,1,94,,18698,6,,,1,91,,18697,6,,,1,89,,18696,6,,,1,94,,18695,6,,,1,98,,18694,6,,,1,98,,18693,6,,,1,56,,18692,6,,,1,98,,18691,6,,,1,98,,18690,6,,,1,101,,18689,6,,,1,103,,18688,6,,,1,89,,18687,6,,,1,93,,18686,6,,,1,89,,18685,6,,,1,85,,18684,6,,,1
9800,'3',752,,18717,6,,,1,88,,18716,6,,,1,88,,18715,6,,,1,90,,18714,6,,,1,93,,18713,6,,,1,48,,18712,6,,,1,93,,18711,6,,,1,93,,18710,6,,,1,93,,18709,6,,,1,93,,18708,6,,,1,93,,18707,6,,,1,99,,18706,6,,,1,88,,18705,6,,,1,92,,18704,6,,,1,47,,18703,6,,,1,88,,18702,6,,,1
9800,'80',752,,18733,6,,,1,88,,18732,6,,,1,88,,18731,6,,,1,90,,18730,6,,,1,93,,18729,6,,,1,48,,18728,6,,,1,93,,18727,6,,,1,93,,18726,6,,,1,93,,18725,6,,,1,93,,18724,6,,,1,93,,18723,6,,,1,99,,18722,6,,,1,88,,18721,6,,,1,92,,18720,6,,,1,47,,18719,6,,,1,88,,18718,6,,,1
44201,'24612.1',1551,,20724,4,,,1
44701,'24611.1',1442,,20734,22,,,1
989900,'1',2111,,22653,49,,,1,34,,22654,49,,,1,78,,22655,49,,,1,78,,22656,49,,,1,35,,22657,49,,,1,72,,22658,49,,,1,35,,22659,49,,,1,75,,22660,49,,,1,36,,22661,49,0,5 6,1,75,,22662,49,0,5 6,1,80,,22663,49,0,5 6,1
989900,'2',2115,,22664,49,,,1,94,,22665,49,,,1,47,,22666,49,,,1,92,,22667,49,,,1,86,,22668,49,,,1,86,,22669,49,,,1,85,,22670,49,0,5 6,1,46,,22671,49,0,5 6,1,86,,22672,49,0,5 6,1
989900,'3',2132,,22673,49,,,1,90,,22674,49,,,1,85,,22675,49,,,1,50,,22676,49,,,1,80,,22677,49,,,1,83,,22678,49,,,1,80,,22679,49,0,5 6,1,43,,22680,49,0,5 6,1,83,,22681,49,0,5 6,1
989900,'80',2132,,22682,49,,,1,90,,22683,49,,,1,85,,22684,49,,,1,50,,22685,49,,,1,80,,22686,49,,,1,83,,22687,49,,,1,80,,22688,49,0,5 6,1,43,,22689,49,0,5 6,1,83,,22690,49,0,5 6,1
