9600,'1',613,,31260,13,,,1,42,,31259,13,,,1,71,,31258,13,,,1,77,,31257,13,,,1,27,,31256,13,,,1,80,,31253,13,,,1,34,,31254,13,,,1,70,,31255,13,,,1,32,,31268,13,,,1,70,,31267,13,,,1,39,,31261,13,,,1,79,,31262,13,,,1,79,,31263,13,,,1,41,,31264,13,,,1,65,,31265,13,,,1,86,,31266,13,,,1,43,,31274,13,,,1,67,,31273,13,,,1,28,,31272,13,,,1,68,,31269,13,,,1,27,,31270,13,,,1,63,,31271,13,,,1,27,,31277,13,,,1,25,,31278,13,,,1,53,,31288,13,,,1,14,,31276,13,,,1,25,,31275,13,,,1,74,,31285,13,,,1,30,,31284,13,,,1,55,,31287,13,,,1,15,,31279,13,,,1,30,,31280,13,,,1,70,,31281,13,,,1,30,,31282,13,,,1,70,,31283,13,,,1,17,,31286,13,,,1
9600,'2',937,,31289,13,,,1,99,,31290,13,,,1,99,,31291,13,,,1,99,,31292,13,,,1,99,,31293,13,,,1,99,,31294,13,,,1,99,,31295,13,,,1,99,,31296,13,,,1,96,,31297,13,,,1,97,,31298,13,,,1,87,,31299,13,,,1,47,,31300,13,,,1,97,,31301,13,,,1
9600,'3',1031,,31302,13,,,1,94,,31303,13,,,1,94,,31304,13,,,1,94,,31305,13,,,1,94,,31306,13,,,1,94,,31307,13,,,1,54,,31308,13,,,1,94,,31309,13,,,1,93,,31310,13,,,1,94,,31311,13,,,1,94,,31312,13,,,1,93,,31313,13,,,1
9600,'74',937,,31314,13,,,1,99,,31315,13,,,1,99,,31316,13,,,1,99,,31317,13,,,1,99,,31318,13,,,1,99,,31319,13,,,1,99,,31320,13,,,1,99,,31321,13,,,1,96,,31322,13,,,1,97,,31323,13,,,1,87,,31324,13,,,1,47,,31325,13,,,1,97,,31326,13,,,1
9600,'80',1031,,31327,13,,,1,94,,31328,13,,,1,94,,31329,13,,,1,94,,31330,13,,,1,94,,31331,13,,,1,94,,31332,13,,,1,54,,31333,13,,,1,94,,31334,13,,,1,93,,31335,13,,,1,94,,31336,13,,,1,94,,31337,13,,,1,93,,31338,13,,,1
10700,'1',454,,32223,13,,,1,64,,32222,13,,,1,24,,32221,13,,,1,64,,32220,13,,,1,19,,32219,13,,,1,16,,32218,13,,,1,61,,32217,13,,,1,11,,32216,13,,,1,16,,32215,13,,,1,19,,32214,13,,,1,56,,32213,13,,,1,12,,32212,13,,,1,16,,32211,13,,,1,16,,32210,13,,,1,55,,32209,13,,,1,43,,32208,13,,,1,82,,32207,13,,,1,82,,32206,13,,,1,42,,32205,13,,,1,84,,32204,13,,,1,82,,32203,13,,,1,82,,32202,13,,,1,20,,32201,13,,,1,18,,32200,13,,,1,18,,32251,13,,,1,59,,32250,13,,,1,19,,32249,13,,,1,18,,32248,13,,,1,58,,32247,13,,,1,22,,32246,13,,,1,16,,32245,13,,,1,58,,32244,13,,,1,18,,32243,13,,,1,20,,32242,13,,,1,56,,32241,13,,,1,18,,32240,13,,,1,14,,32239,13,,,1,18,,32238,13,,,1,79,,32237,13,,,1,81,,32236,13,,,1,38,,32235,13,,,1,80,,32234,13,,,1,74,,32233,13,,,1,34,,32232,13,,,1,74,,32231,13,,,1,34,,32230,13,,,1,74,,32229,13,,,1,34,,32228,13,,,1,74,,32227,13,,,1,74,,32226,13,,,1,31,,32225,13,,,1,74,,32224,13,,,1
10700,'2',629,,32254,13,,,1,78,,32253,13,,,1,37,,32252,13,,,1,77,,32255,13,,,1,37,,32256,13,,,1,77,,32257,13,,,1,77,,32258,13,,,1,37,,32259,13,,,1,77,,32260,13,,,1,77,,32261,13,,,1,36,,32262,13,,,1,77,,32263,13,,,1,37,,32264,13,,,1,77,,32265,13,,,1,77,,32266,13,,,1,37,,32267,13,,,1,76,,32268,13,,,1,37,,32269,13,,,1,77,,32270,13,,,1,77,,32271,13,,,1,37,,32272,13,,,1,77,,32273,13,,,1,77,,32274,13,,,1,37,,32275,13,,,1,77,,32276,13,,,1,37,,32277,13,,,1,77,,32278,13,,,1,77,,32279,13,,,1,37,,32280,13,,,1,77,,32281,13,,,1,37,,32282,13,,,1,76,,32283,13,,,1,77,,32285,13,,,1,37,,32284,13,,,1
10700,'3',819,,32299,13,,,1,37,,32300,13,,,1,77,,32301,13,,,1,77,,32302,13,,,1,37,,32303,13,,,1,77,,32304,13,,,1,77,,32305,13,,,1,37,,32306,13,,,1,77,,32307,13,,,1,37,,32308,13,,,1,76,,32309,13,,,1,77,,32310,13,,,1,37,,32314,13,,,1,77,,32313,13,,,1,37,,32315,13,,,1,77,,32316,13,,,1,77,,32317,13,,,1,37,,32318,13,,,1,77,,32286,13,,,1,77,,32287,13,,,1,37,,32288,13,,,1,77,,32311,13,,,1,37,,32289,13,,,1,77,,32290,13,,,1,77,,32291,13,,,1,37,,32292,13,,,1,77,,32293,13,,,1,37,,32294,13,,,1,77,,32295,13,,,1,77,,32312,13,,,1,37,,32296,13,,,1
10700,'74',629,,32321,13,,,1,78,,32320,13,,,1,37,,32319,13,,,1,77,,32322,13,,,1,37,,32323,13,,,1,77,,32324,13,,,1,77,,32325,13,,,1,37,,32326,13,,,1,77,,32327,13,,,1,77,,32328,13,,,1,36,,32329,13,,,1,77,,32330,13,,,1,37,,32331,13,,,1,77,,32332,13,,,1,77,,32333,13,,,1,37,,32334,13,,,1,76,,32335,13,,,1,37,,32336,13,,,1,77,,32337,13,,,1,77,,32338,13,,,1,37,,32339,13,,,1,77,,32340,13,,,1,77,,32341,13,,,1,37,,32342,13,,,1,77,,32343,13,,,1,37,,32344,13,,,1,77,,32345,13,,,1,77,,32346,13,,,1,37,,32347,13,,,1,77,,32348,13,,,1,37,,32349,13,,,1,76,,32350,13,,,1,77,,32352,13,,,1,37,,32351,13,,,1
10700,'80',819,,32366,13,,,1,37,,32367,13,,,1,77,,32368,13,,,1,77,,32369,13,,,1,37,,32370,13,,,1,77,,32371,13,,,1,77,,32372,13,,,1,37,,32373,13,,,1,77,,32374,13,,,1,37,,32375,13,,,1,76,,32376,13,,,1,77,,32377,13,,,1,37,,32381,13,,,1,77,,32380,13,,,1,37,,32382,13,,,1,77,,32383,13,,,1,77,,32384,13,,,1,37,,32385,13,,,1,77,,32353,13,,,1,77,,32354,13,,,1,37,,32355,13,,,1,77,,32378,13,,,1,37,,32356,13,,,1,77,,32357,13,,,1,77,,32358,13,,,1,37,,32359,13,,,1,77,,32360,13,,,1,37,,32361,13,,,1,77,,32362,13,,,1,77,,32379,13,,,1,37,,32363,13,,,1
