100,'1',407,,23457,30,,,1,38,,23456,30,,,1,71,,23455,30,,,1,42,,23483,45,,,1,78,,23482,45,,,1,81,,23480,45,,,1,38,,23481,45,,,1,73,,23479,45,,,1,75,,23478,45,,,1,35,,23477,45,,,1,109,,23476,45,,,1,153,,23475,45,,,1,112,,23474,45,,,1,116,,23473,45,,,1,87,,23484,45,,,1,43,,23472,45,,,1,71,,23471,45,,,1,77,,23470,45,,,1,31,,23469,45,,,1,74,,23468,45,,,1,34,,23467,45,,,1,65,,23466,45,,,1,24,,23465,45,,,1,98,,23464,45,,,1,102,,23463,45,,,1,100,,23462,45,,,1,91,,23461,45,,,1,95,,23460,45,,,1,89,,23459,45,,,1,95,,23458,45,,,1
100,'74',607,,23507,30,,,1,96,,23485,45,,,1,103,,23486,45,,,1,107,,23487,45,,,1,103,,23488,45,,,1,111,,23489,45,,,1,95,,23490,45,,,1,87,,23491,45,,,1,103,,23492,45,,,1,92,,23493,45,,,1,52,,23494,45,,,1,92,,23495,45,,,1,86,,23496,45,,,1,92,,23497,45,,,1,91,,23498,45,,,1,42,,23499,45,,,1,92,,23500,45,,,1,90,,23501,45,,,1,97,,23502,45,,,1,97,,23503,45,,,1,94,,23504,45,,,1,92,,23505,45,,,1,97,,23506,45,,,1
100,'80',757,,23523,30,,,1,91,,23508,45,,,1,159,,23509,45,,,1,115,,23510,45,,,1,115,,23511,45,,,1,115,,23512,45,,,1,152,,23513,45,,,1,107,,23514,45,,,1,112,,23515,45,,,1,110,,23516,45,,,1,108,,23517,45,,,1,96,,23518,45,,,1,99,,23519,45,,,1,99,,23520,45,,,1,94,,23521,45,,,1,99,,23522,45,,,1
100,'35296.2',607,,23546,30,,,1,96,,23524,45,,,1,103,,23525,45,,,1,107,,23526,45,,,1,103,,23527,45,,,1,111,,23528,45,,,1,95,,23529,45,,,1,87,,23530,45,,,1,103,,23531,45,,,1,92,,23532,45,,,1,52,,23533,45,,,1,92,,23534,45,,,1,86,,23535,45,,,1,92,,23536,45,,,1,91,,23537,45,,,1,42,,23538,45,,,1,92,,23539,45,,,1,90,,23540,45,,,1,97,,23541,45,,,1,97,,23542,45,,,1,94,,23543,45,,,1,92,,23544,45,,,1,97,,23545,45,,,1
100,'35296.3',757,,23562,30,,,1,91,,23547,45,,,1,159,,23548,45,,,1,115,,23549,45,,,1,115,,23550,45,,,1,115,,23551,45,,,1,152,,23552,45,,,1,107,,23553,45,,,1,112,,23554,45,,,1,110,,23555,45,,,1,108,,23556,45,,,1,96,,23557,45,,,1,99,,23558,45,,,1,99,,23559,45,,,1,94,,23560,45,,,1,99,,23561,45,,,1
100,'35298.2',607,,23615,30,,,1,96,,23614,45,,,1,37,,23563,45,,,1,17,,23564,45,,,1,61,,23565,45,,,1,17,,23566,45,,,1,17,,23567,45,,,1,57,,23568,45,,,1,17,,23569,45,,,1,17,,23570,45,,,1,57,,23571,45,,,1,17,,23572,45,,,1,17,,23573,45,,,1,25,,23574,45,,,1,57,,23575,45,,,1,17,,23576,45,,,1,17,,23577,45,,,1,60,,23578,45,,,1,17,,23579,45,,,1,17,,23580,45,,,1,57,,23581,45,,,1,23,,23582,45,,,1,17,,23583,45,,,1,17,,23584,45,,,1,57,,23585,45,,,1,17,,23586,45,,,1,17,,23587,45,,,1,57,,23588,45,,,1,17,,23589,45,,,1,17,,23590,45,,,1,17,,23591,45,,,1,57,,23592,45,,,1,17,,23593,45,,,1,17,,23594,45,,,1,11,,23595,45,,,1,57,,23596,45,,,1,17,,23597,45,,,1,17,,23598,45,,,1,57,,23599,45,,,1,17,,23600,45,,,1,17,,23601,45,,,1,16,,23602,45,,,1,57,,23603,45,,,1,17,,23604,45,,,1,17,,23605,45,,,1,11,,23606,45,,,1,92,,23607,45,,,1,90,,23608,45,,,1,97,,23609,45,,,1,97,,23610,45,,,1,94,,23611,45,,,1,92,,23612,45,,,1,97,,23613,45,,,1
100,'35298.3',738,,23616,45,,,1,17,,23617,45,,,1,57,,23618,45,,,1,17,,23619,45,,,1,17,,23620,45,,,1,57,,23621,45,,,1,17,,23622,45,,,1,24,,23623,45,,,1,57,,23624,45,,,1,17,,23625,45,,,1,17,,23626,45,,,1,20,,23627,45,,,1,57,,23628,45,,,1,17,,23629,45,,,1,17,,23630,45,,,1,60,,23631,45,,,1,17,,23632,45,,,1,17,,23633,45,,,1,17,,23634,45,,,1,57,,23635,45,,,1,20,,23636,45,,,1,17,,23637,45,,,1,57,,23638,45,,,1,17,,23639,45,,,1,17,,23640,45,,,1,17,,23641,45,,,1,57,,23642,45,,,1,17,,23643,45,,,1,17,,23644,45,,,1,52,,23645,45,,,1,17,,23646,45,,,1,17,,23647,45,,,1,17,,23648,45,,,1,57,,23649,45,,,1,17,,23650,45,,,1,17,,23651,45,,,1,57,,23652,45,,,1,17,,23653,45,,,1,15,,23654,45,,,1,17,,23655,45,,,1,57,,23656,45,,,1,17,,23657,45,,,1,13,,23658,45,,,1,100,,23659,45,,,1,99,,23660,45,,,1,99,,23661,45,,,1,94,,23662,45,,,1,99,,23663,45,,,1
900,'1',546,,26052,9,,,1,67,,26053,9,,,1,41,,26054,9,,,1,73,,26055,9,,,1,73,,26056,9,,,1,33,,26057,9,,,1,73,,26058,9,,,1,33,,26059,9,,,1,84,,26060,9,,,1,84,,26061,9,,,1,44,,26062,9,,,1,84,,26063,9,,,1,83,,26064,9,,,1,84,,26065,9,,,1,42,,26066,9,,,1,76,,26067,9,,,1,34,,26068,9,,,1,81,,26069,9,,,1,82,,26070,9,,,1,34,,26071,9,,,1,77,,26072,9,,,1,78,,26073,9,,,1,38,,26074,9,,,1,78,,26075,9,,,1
900,'2',701,,26096,9,,,1,39,,26097,9,,,1,79,,26076,9,,,1,39,,26077,9,,,1,79,,26078,9,,,1,79,,26079,9,,,1,39,,26080,9,,,1,79,,26081,9,,,1,79,,26082,9,,,1,39,,26083,9,,,1,84,,26084,9,,,1,81,,26085,9,,,1,41,,26086,9,,,1,81,,26087,9,,,1,81,,26088,9,,,1,81,,26089,9,,,1,45,,26090,9,,,1,82,,26091,9,,,1,80,,26092,9,,,1,42,,26093,9,,,1,82,,26094,9,,,1,82,,26095,9,,,1
900,'3',803,,26116,9,,,1,41,,26117,9,,,1,81,,26098,9,,,1,81,,26099,9,,,1,41,,26100,9,,,1,81,,26101,9,,,1,81,,26102,9,,,1,41,,26103,9,,,1,81,,26104,9,,,1,81,,26105,9,,,1,41,,26106,9,,,1,81,,26107,9,,,1,81,,26108,9,,,1,41,,26109,9,,,1,78,,26110,9,,,1,81,,26111,9,,,1,41,,26112,9,,,1,80,,26113,9,,,1,80,,26114,9,,,1,40,,26115,9,,,1
900,'74',701,,26138,9,,,1,39,,26139,9,,,1,79,,26118,9,,,1,39,,26119,9,,,1,79,,26120,9,,,1,79,,26121,9,,,1,39,,26122,9,,,1,79,,26123,9,,,1,79,,26124,9,,,1,39,,26125,9,,,1,84,,26126,9,,,1,81,,26127,9,,,1,41,,26128,9,,,1,81,,26129,9,,,1,81,,26130,9,,,1,81,,26131,9,,,1,45,,26132,9,,,1,82,,26133,9,,,1,80,,26134,9,,,1,42,,26135,9,,,1,82,,26136,9,,,1,82,,26137,9,,,1
900,'80',803,,26158,9,,,1,41,,26159,9,,,1,81,,26140,9,,,1,81,,26141,9,,,1,41,,26142,9,,,1,81,,26143,9,,,1,81,,26144,9,,,1,41,,26145,9,,,1,81,,26146,9,,,1,81,,26147,9,,,1,41,,26148,9,,,1,81,,26149,9,,,1,81,,26150,9,,,1,41,,26151,9,,,1,78,,26152,9,,,1,81,,26153,9,,,1,41,,26154,9,,,1,80,,26155,9,,,1,80,,26156,9,,,1,40,,26157,9,,,1
1601,'1',549,,26588,3,,,1,62,,26587,3,,,1,22,,26579,3,,,1,22,,26580,3,,,1,62,,26581,3,,,1,22,,26582,3,,,1,62,,26583,3,,,1,22,,26584,3,,,1,17,,26585,3,,,1,66,,26586,3,,,1,21,,26599,3,,,1,24,,26598,3,,,1,68,,26589,3,,,1,32,,26590,3,,,1,71,,26591,3,,,1,31,,26592,3,,,1,71,,26593,3,,,1,31,,26594,3,,,1,69,,26595,3,,,1,33,,26596,3,,,1,67,,26597,3,,,1,21,,26616,3,,,1,63,,26615,3,,,1,23,,26600,3,,,1,17,,26601,3,,,1,69,,26602,3,,,1,23,,26603,3,,,1,63,,26604,3,,,1,23,,26605,3,,,1,23,,26606,3,,,1,63,,26607,3,,,1,23,,26608,3,,,1,23,,26609,3,,,1,63,,26610,3,,,1,23,,26611,3,,,1,63,,26612,3,,,1,23,,26613,3,,,1,22,,26614,3,,,1,68,,26619,3,,,1,34,,26617,3,,,1,74,,26618,3,,,1,74,,26625,3,,,1
1601,'2',657,,26635,3,,,1,78,,26626,3,,,1,78,,26627,3,,,1,38,,26628,3,,,1,78,,26629,3,,,1,78,,26630,3,,,1,38,,26631,3,,,1,78,,26632,3,,,1,78,,26633,3,,,1,38,,26634,3,,,1,84,,26644,3,,,1,81,,26636,3,,,1,41,,26637,3,,,1,81,,26638,3,,,1,81,,26639,3,,,1,41,,26640,3,,,1,81,,26641,3,,,1,81,,26642,3,,,1,37,,26643,3,,,1,81,,26651,3,,,1,72,,26645,3,,,1,36,,26646,3,,,1,78,,26647,3,,,1,34,,26648,3,,,1,76,,26649,3,,,1,33,,26650,3,,,1
1601,'3',738,,26654,3,,,1,95,,26655,3,,,1,95,,26656,3,,,1,95,,26657,3,,,1,95,,26658,3,,,1,95,,26659,3,,,1,98,,26660,3,,,1,97,,26661,3,,,1,98,,26662,3,,,1,98,,26663,3,,,1,99,,26664,3,,,1,52,,26665,3,,,1,92,,26666,3,,,1,92,,26667,3,,,1,92,,26668,3,,,1,91,,26669,3,,,1
1601,'74',657,,26679,3,,,1,78,,26670,3,,,1,78,,26671,3,,,1,38,,26672,3,,,1,78,,26673,3,,,1,78,,26674,3,,,1,38,,26675,3,,,1,78,,26676,3,,,1,78,,26677,3,,,1,38,,26678,3,,,1,84,,26688,3,,,1,81,,26680,3,,,1,41,,26681,3,,,1,81,,26682,3,,,1,81,,26683,3,,,1,41,,26684,3,,,1,81,,26685,3,,,1,81,,26686,3,,,1,37,,26687,3,,,1,81,,26695,3,,,1,72,,26689,3,,,1,36,,26690,3,,,1,78,,26691,3,,,1,34,,26692,3,,,1,76,,26693,3,,,1,33,,26694,3,,,1
1601,'80',738,,26698,3,,,1,95,,26699,3,,,1,95,,26700,3,,,1,95,,26701,3,,,1,95,,26702,3,,,1,95,,26703,3,,,1,98,,26704,3,,,1,97,,26705,3,,,1,98,,26706,3,,,1,98,,26707,3,,,1,99,,26708,3,,,1,52,,26709,3,,,1,92,,26710,3,,,1,92,,26711,3,,,1,92,,26712,3,,,1,91,,26713,3,,,1
30301,'1',1626,,32980,5,,,1,31,,32977,5,,,1,60,,32978,5,,,1,10,,32979,5,,,1,17,,32981,5,,,1,10,,32976,5,,,1,53,,32982,5,,,1,12,,32983,5,,,1,15,,32975,5,,,1
52201,'1',856,,34051,2,,,1,162,,34045,2,,,1,119,,34046,2,,,1,119,,34047,2,,,1,159,,34048,2,,,1,119,,34049,2,,,1,119,,34050,2,,,1
