9600,'1',700,,31260,72,,,1,46,,31259,72,,,1,71,,31258,72,,,1,37,,31257,72,,,1,67,,31256,72,,,1,34,,31253,72,,,1,74,,31254,72,,,1,30,,31255,72,,,1,72,,31268,72,,,1,27,,31267,68,,,1,79,,31261,68,,,1,79,,31262,68,,,1,39,,31263,68,,,1,85,,31264,68,,,1,65,,31265,68,,,1,53,,31266,72,,,1,83,,31274,72,,,1,67,,31273,72,,,1,31,,31272,72,,,1,64,,31269,72,,,1,27,,31270,72,,,1,21,,31271,72,,,1,67,,31277,72,,,1,19,,31278,72,,,1,13,,31288,72,,,1,51,,31276,72,,,1,25,,31275,72,,,1,30,,31285,68,,,1,70,,31284,68,,,1,15,,31287,68,,,1,12,,31279,68,,,1,70,,31280,68,,,1,30,,31281,68,,,1,68,,31282,68,,,1,30,,31283,68,,,1,57,,31286,68,,,1
9600,'2',1021,,31289,68,,,1,100,,31290,68,,,1,99,,31291,68,,,1,97,,31292,68,,,1,99,,31293,68,,,1,99,,31294,68,,,1,99,,31295,68,,,1,99,,31296,68,,,1,94,,31297,68,,,1,97,,31298,68,,,1,47,,31299,68,,,1,83,,31300,68,,,1,97,,31301,68,,,1
9600,'3',1112,,31302,68,,,1,94,,31303,68,,,1,94,,31304,68,,,1,54,,31305,68,,,1,94,,31306,68,,,1,94,,31307,68,,,1,94,,31308,68,,,1,94,,31309,68,,,1,91,,31310,68,,,1,94,,31311,68,,,1,94,,31312,68,,,1,91,,31313,68,,,1
9600,'74',1021,,31314,68,,,1,100,,31315,68,,,1,99,,31316,68,,,1,97,,31317,68,,,1,99,,31318,68,,,1,99,,31319,68,,,1,99,,31320,68,,,1,99,,31321,68,,,1,94,,31322,68,,,1,97,,31323,68,,,1,47,,31324,68,,,1,83,,31325,68,,,1,97,,31326,68,,,1
9600,'80',1112,,31327,68,,,1,94,,31328,68,,,1,94,,31329,68,,,1,54,,31330,68,,,1,94,,31331,68,,,1,94,,31332,68,,,1,94,,31333,68,,,1,94,,31334,68,,,1,91,,31335,68,,,1,94,,31336,68,,,1,94,,31337,68,,,1,91,,31338,68,,,1
9800,'1',618,,31445,24,,,1,35,,31444,24,,,1,73,,31443,24,,,1,75,,31442,24,,,1,35,,31441,24,,,1,75,,31440,24,,,1,98,,31436,24,,,1,98,,31433,24,,,1,94,,31438,24,,,1,58,,31437,24,,,1,80,,31425,24,,,1,78,,31435,24,,,1,40,,31434,24,,,1,80,,31432,24,,,1,80,,31431,24,,,1,40,,31430,24,,,1,85,,31429,24,,,1,80,,31428,24,,,1,94,,31427,24,,,1,91,,31426,24,,,1,50,,31439,24,,,1
9800,'2',617,,31463,24,,,1,86,,31462,24,,,1,44,,31461,24,,,1,94,,31460,24,,,1,93,,31459,24,,,1,90,,31458,24,,,1,94,,31457,24,,,1,98,,31456,24,,,1,98,,31455,24,,,1,96,,31454,24,,,1,98,,31453,24,,,1,98,,31452,24,,,1,100,,31451,24,,,1,102,,31450,24,,,1,49,,31449,24,,,1,93,,31448,24,,,1,89,,31447,24,,,1,85,,31446,24,,,1
9800,'3',802,,31479,24,,,1,48,,31478,24,,,1,88,,31477,24,,,1,91,,31476,24,,,1,93,,31475,24,,,1,90,,31474,24,,,1,93,,31473,24,,,1,53,,31472,24,,,1,93,,31471,24,,,1,93,,31470,24,,,1,93,,31469,24,,,1,97,,31468,24,,,1,88,,31467,24,,,1,91,,31466,24,,,1,87,,31465,24,,,1,48,,31464,24,,,1
9800,'74',617,,31497,24,,,1,86,,31496,24,,,1,44,,31495,24,,,1,94,,31494,24,,,1,93,,31493,24,,,1,90,,31492,24,,,1,94,,31491,24,,,1,98,,31490,24,,,1,98,,31489,24,,,1,96,,31488,24,,,1,98,,31487,24,,,1,98,,31486,24,,,1,100,,31485,24,,,1,102,,31484,24,,,1,49,,31483,24,,,1,93,,31482,24,,,1,89,,31481,24,,,1,85,,31480,24,,,1
9800,'80',802,,31513,24,,,1,48,,31512,24,,,1,88,,31511,24,,,1,91,,31510,24,,,1,93,,31509,24,,,1,90,,31508,24,,,1,93,,31507,24,,,1,53,,31506,24,,,1,93,,31505,24,,,1,93,,31504,24,,,1,93,,31503,24,,,1,97,,31502,24,,,1,88,,31501,24,,,1,91,,31500,24,,,1,87,,31499,24,,,1,48,,31498,24,,,1
989900,'1',2122,,36830,67,,,1,34,,36831,67,,,1,78,,36832,67,,,1,78,,36833,67,,,1,35,,36834,67,,,1,71,,36835,67,,,1,35,,36836,67,,,1,75,,36837,67,,,1,76,,36838,67,0,5 6,1,35,,36839,67,0,5 6,1,79,,36840,67,0,5 6,1
989900,'2',2126,,36841,67,,,1,94,,36842,67,,,1,86,,36843,67,,,1,52,,36844,67,,,1,86,,36845,67,,,1,86,,36846,67,,,1,84,,36847,67,0,5 6,1,86,,36848,67,0,5 6,1,46,,36849,67,0,5 6,1
989900,'3',2142,,36850,67,,,1,90,,36851,67,,,1,85,,36852,67,,,1,90,,36853,67,,,1,40,,36854,67,,,1,83,,36855,67,,,1,79,,36856,67,0,5 6,1,43,,36857,67,0,5 6,1,83,,36858,67,0,5 6,1
989900,'74',2126,,36859,67,,,1,94,,36860,67,,,1,86,,36861,67,,,1,52,,36862,67,,,1,86,,36863,67,,,1,86,,36864,67,,,1,84,,36865,67,0,5 6,1,86,,36866,67,0,5 6,1,46,,36867,67,0,5 6,1
989900,'80',2142,,36868,67,,,1,90,,36869,67,,,1,85,,36870,67,,,1,90,,36871,67,,,1,40,,36872,67,,,1,83,,36873,67,,,1,79,,36874,67,0,5 6,1,43,,36875,67,0,5 6,1,83,,36876,67,0,5 6,1
