9600,'1',703,,31260,77,,,1,47,,31259,77,,,1,71,,31258,77,,,1,37,,31257,77,,,1,67,,31256,77,,,1,33,,31253,77,,,1,74,,31254,77,,,1,70,,31255,77,,,1,32,,31268,77,,,1,68,,31267,73,,,1,39,,31261,73,,,1,79,,31262,73,,,1,39,,31263,73,,,1,85,,31264,73,,,1,65,,31265,73,,,1,92,,31266,77,,,1,43,,31274,77,,,1,67,,31273,77,,,1,32,,31272,77,,,1,63,,31269,77,,,1,27,,31270,77,,,1,21,,31271,77,,,1,67,,31277,77,,,1,19,,31278,77,,,1,13,,31288,77,,,1,51,,31276,77,,,1,25,,31275,77,,,1,30,,31285,73,,,1,70,,31284,73,,,1,15,,31287,73,,,1,12,,31279,73,,,1,70,,31280,73,,,1,30,,31281,73,,,1,68,,31282,73,,,1,30,,31283,73,,,1,57,,31286,73,,,1
9600,'2',1024,,31289,73,,,1,101,,31290,73,,,1,99,,31291,73,,,1,96,,31292,73,,,1,99,,31293,73,,,1,99,,31294,73,,,1,99,,31295,73,,,1,99,,31296,73,,,1,94,,31297,73,,,1,97,,31298,73,,,1,47,,31299,73,,,1,83,,31300,73,,,1,97,,31301,73,,,1
9600,'3',1115,,31302,73,,,1,94,,31303,73,,,1,94,,31304,73,,,1,54,,31305,73,,,1,94,,31306,73,,,1,94,,31307,73,,,1,94,,31308,73,,,1,94,,31309,73,,,1,91,,31310,73,,,1,94,,31311,73,,,1,94,,31312,73,,,1,91,,31313,73,,,1
9600,'74',1024,,31314,73,,,1,101,,31315,73,,,1,99,,31316,73,,,1,96,,31317,73,,,1,99,,31318,73,,,1,99,,31319,73,,,1,99,,31320,73,,,1,99,,31321,73,,,1,94,,31322,73,,,1,97,,31323,73,,,1,47,,31324,73,,,1,83,,31325,73,,,1,97,,31326,73,,,1
9600,'80',1115,,31327,73,,,1,94,,31328,73,,,1,94,,31329,73,,,1,54,,31330,73,,,1,94,,31331,73,,,1,94,,31332,73,,,1,94,,31333,73,,,1,94,,31334,73,,,1,91,,31335,73,,,1,94,,31336,73,,,1,94,,31337,73,,,1,91,,31338,73,,,1
9800,'1',620,,31445,29,,,1,35,,31444,29,,,1,73,,31443,29,,,1,75,,31442,29,,,1,35,,31441,29,,,1,75,,31440,29,,,1,98,,31436,29,,,1,98,,31433,29,,,1,96,,31438,29,,,1,98,,31437,29,,,1,40,,31425,29,,,1,78,,31435,29,,,1,80,,31434,29,,,1,40,,31432,29,,,1,80,,31431,29,,,1,80,,31430,29,,,1,45,,31429,29,,,1,80,,31428,29,,,1,93,,31427,29,,,1,91,,31426,29,,,1,49,,31439,29,,,1
9800,'2',619,,31463,29,,,1,86,,31462,29,,,1,44,,31461,29,,,1,94,,31460,29,,,1,93,,31459,29,,,1,91,,31458,29,,,1,94,,31457,29,,,1,98,,31456,29,,,1,98,,31455,29,,,1,96,,31454,29,,,1,98,,31453,29,,,1,98,,31452,29,,,1,100,,31451,29,,,1,101,,31450,29,,,1,49,,31449,29,,,1,93,,31448,29,,,1,89,,31447,29,,,1,85,,31446,29,,,1
9800,'3',804,,31479,29,,,1,48,,31478,29,,,1,88,,31477,29,,,1,91,,31476,29,,,1,93,,31475,29,,,1,90,,31474,29,,,1,93,,31473,29,,,1,93,,31472,29,,,1,53,,31471,29,,,1,93,,31470,29,,,1,93,,31469,29,,,1,97,,31468,29,,,1,88,,31467,29,,,1,91,,31466,29,,,1,87,,31465,29,,,1,48,,31464,29,,,1
9800,'74',619,,31497,29,,,1,86,,31496,29,,,1,44,,31495,29,,,1,94,,31494,29,,,1,93,,31493,29,,,1,91,,31492,29,,,1,94,,31491,29,,,1,98,,31490,29,,,1,98,,31489,29,,,1,96,,31488,29,,,1,98,,31487,29,,,1,98,,31486,29,,,1,100,,31485,29,,,1,101,,31484,29,,,1,49,,31483,29,,,1,93,,31482,29,,,1,89,,31481,29,,,1,85,,31480,29,,,1
9800,'80',804,,31513,29,,,1,48,,31512,29,,,1,88,,31511,29,,,1,91,,31510,29,,,1,93,,31509,29,,,1,90,,31508,29,,,1,93,,31507,29,,,1,93,,31506,29,,,1,53,,31505,29,,,1,93,,31504,29,,,1,93,,31503,29,,,1,97,,31502,29,,,1,88,,31501,29,,,1,91,,31500,29,,,1,87,,31499,29,,,1,48,,31498,29,,,1
989900,'1',2124,,36830,72,,,1,34,,36831,72,,,1,78,,36832,72,,,1,78,,36833,72,,,1,35,,36834,72,,,1,71,,36835,72,,,1,35,,36836,72,,,1,75,,36837,72,,,1,76,,36838,72,0,5 6,1,35,,36839,72,0,5 6,1,79,,36840,72,0,5 6,1
989900,'2',2128,,36841,72,,,1,94,,36842,72,,,1,86,,36843,72,,,1,92,,36844,72,,,1,46,,36845,72,,,1,86,,36846,72,,,1,84,,36847,72,0,5 6,1,86,,36848,72,0,5 6,1,46,,36849,72,0,5 6,1
989900,'3',2144,,36850,72,,,1,90,,36851,72,,,1,85,,36852,72,,,1,90,,36853,72,,,1,40,,36854,72,,,1,83,,36855,72,,,1,79,,36856,72,0,5 6,1,43,,36857,72,0,5 6,1,83,,36858,72,0,5 6,1
989900,'74',2128,,36859,72,,,1,94,,36860,72,,,1,86,,36861,72,,,1,92,,36862,72,,,1,46,,36863,72,,,1,86,,36864,72,,,1,84,,36865,72,0,5 6,1,86,,36866,72,0,5 6,1,46,,36867,72,0,5 6,1
989900,'80',2144,,36868,72,,,1,90,,36869,72,,,1,85,,36870,72,,,1,90,,36871,72,,,1,40,,36872,72,,,1,83,,36873,72,,,1,79,,36874,72,0,5 6,1,43,,36875,72,0,5 6,1,83,,36876,72,0,5 6,1
