9600,'1',625,,31260,28,,,1,83,,31259,28,,,1,31,,31258,28,,,1,77,,31257,28,,,1,27,,31256,28,,,1,79,,31253,28,,,1,34,,31254,28,,,1,70,,31255,28,,,1,32,,31268,28,,,1,70,,31267,28,,,1,79,,31261,28,,,1,39,,31262,28,,,1,79,,31263,28,,,1,83,,31264,28,,,1,25,,31265,28,,,1,86,,31266,28,,,1,83,,31274,28,,,1,27,,31273,28,,,1,30,,31272,28,,,1,67,,31269,28,,,1,27,,31270,28,,,1,62,,31271,28,,,1,27,,31277,28,,,1,64,,31278,28,,,1,13,,31288,28,,,1,12,,31276,28,,,1,25,,31275,28,,,1,74,,31285,28,,,1,70,,31284,28,,,1,15,,31287,28,,,1,14,,31279,28,,,1,30,,31280,28,,,1,70,,31281,28,,,1,30,,31282,28,,,1,70,,31283,28,,,1,17,,31286,28,,,1
9600,'2',950,,31289,28,,,1,99,,31290,28,,,1,99,,31291,28,,,1,99,,31292,28,,,1,99,,31293,28,,,1,99,,31294,28,,,1,98,,31295,28,,,1,99,,31296,28,,,1,95,,31297,28,,,1,97,,31298,28,,,1,87,,31299,28,,,1,86,,31300,28,,,1,97,,31301,28,,,1
9600,'3',1043,,31302,28,,,1,94,,31303,28,,,1,94,,31304,28,,,1,94,,31305,28,,,1,94,,31306,28,,,1,94,,31307,28,,,1,94,,31308,28,,,1,94,,31309,28,,,1,52,,31310,28,,,1,94,,31311,28,,,1,94,,31312,28,,,1,92,,31313,28,,,1
9600,'74',950,,31314,28,,,1,99,,31315,28,,,1,99,,31316,28,,,1,99,,31317,28,,,1,99,,31318,28,,,1,99,,31319,28,,,1,98,,31320,28,,,1,99,,31321,28,,,1,95,,31322,28,,,1,97,,31323,28,,,1,87,,31324,28,,,1,86,,31325,28,,,1,97,,31326,28,,,1
9600,'80',1043,,31327,28,,,1,94,,31328,28,,,1,94,,31329,28,,,1,94,,31330,28,,,1,94,,31331,28,,,1,94,,31332,28,,,1,94,,31333,28,,,1,94,,31334,28,,,1,52,,31335,28,,,1,94,,31336,28,,,1,94,,31337,28,,,1,92,,31338,28,,,1
10700,'1',503,,32223,28,,,1,24,,32222,28,,,1,24,,32221,28,,,1,64,,32220,28,,,1,22,,32219,28,,,1,16,,32218,28,,,1,61,,32217,28,,,1,11,,32216,28,,,1,16,,32215,28,,,1,59,,32214,28,,,1,16,,32213,28,,,1,12,,32212,28,,,1,15,,32211,28,,,1,16,,32210,28,,,1,55,,32209,28,,,1,41,,32208,28,,,1,82,,32207,28,,,1,82,,32206,28,,,1,82,,32205,28,,,1,47,,32204,28,,,1,80,,32203,28,,,1,28,,32199,7,,,1,54,,32202,28,,,1,22,,32201,28,,,1,18,,32200,28,,,1,58,,32251,28,,,1,19,,32250,28,,,1,20,,32249,28,,,1,58,,32248,28,,,1,18,,32247,28,,,1,25,,32246,28,,,1,56,,32245,28,,,1,18,,32244,28,,,1,15,,32243,28,,,1,20,,32242,28,,,1,56,,32241,28,,,1,18,,32240,28,,,1,13,,32239,28,,,1,58,,32238,28,,,1,37,,32237,28,,,1,81,,32236,28,,,1,38,,32235,28,,,1,79,,32234,28,,,1,74,,32233,28,,,1,34,,32232,28,,,1,74,,32231,28,,,1,34,,32230,28,,,1,74,,32229,28,,,1,74,,32228,28,,,1,34,,32227,28,,,1,74,,32226,28,,,1,30,,32225,28,,,1,74,,32224,28,,,1
10700,'2',638,,32254,28,,,1,78,,32253,28,,,1,37,,32252,28,,,1,77,,32255,28,,,1,77,,32256,28,,,1,37,,32257,28,,,1,77,,32258,28,,,1,37,,32259,28,,,1,77,,32260,28,,,1,77,,32261,28,,,1,36,,32262,28,,,1,77,,32263,28,,,1,77,,32264,28,,,1,37,,32265,28,,,1,77,,32266,28,,,1,37,,32267,28,,,1,75,,32268,28,,,1,77,,32269,28,,,1,37,,32270,28,,,1,77,,32271,28,,,1,37,,32272,28,,,1,77,,32273,28,,,1,77,,32274,28,,,1,37,,32275,28,,,1,77,,32276,28,,,1,77,,32277,28,,,1,37,,32278,28,,,1,77,,32279,28,,,1,37,,32280,28,,,1,77,,32281,28,,,1,77,,32282,28,,,1,36,,32283,28,,,1,77,,32285,28,,,1,37,,32284,28,,,1
10700,'3',722,,32297,7,,,1,37,,32298,7,,,1,68,,32299,28,,,1,77,,32300,28,,,1,37,,32301,28,,,1,77,,32302,28,,,1,37,,32303,28,,,1,77,,32304,28,,,1,77,,32305,28,,,1,37,,32306,28,,,1,77,,32307,28,,,1,77,,32308,28,,,1,36,,32309,28,,,1,77,,32310,28,,,1,37,,32314,28,,,1,77,,32313,28,,,1,77,,32315,28,,,1,37,,32316,28,,,1,77,,32317,28,,,1,37,,32318,28,,,1,77,,32286,28,,,1,77,,32287,28,,,1,37,,32288,28,,,1,77,,32311,28,,,1,77,,32289,28,,,1,37,,32290,28,,,1,77,,32291,28,,,1,37,,32292,28,,,1,77,,32293,28,,,1,77,,32294,28,,,1,37,,32295,28,,,1,77,,32312,28,,,1,37,,32296,28,,,1
10700,'74',638,,32321,28,,,1,78,,32320,28,,,1,37,,32319,28,,,1,77,,32322,28,,,1,77,,32323,28,,,1,37,,32324,28,,,1,77,,32325,28,,,1,37,,32326,28,,,1,77,,32327,28,,,1,77,,32328,28,,,1,36,,32329,28,,,1,77,,32330,28,,,1,77,,32331,28,,,1,37,,32332,28,,,1,77,,32333,28,,,1,37,,32334,28,,,1,75,,32335,28,,,1,77,,32336,28,,,1,37,,32337,28,,,1,77,,32338,28,,,1,37,,32339,28,,,1,77,,32340,28,,,1,77,,32341,28,,,1,37,,32342,28,,,1,77,,32343,28,,,1,77,,32344,28,,,1,37,,32345,28,,,1,77,,32346,28,,,1,37,,32347,28,,,1,77,,32348,28,,,1,77,,32349,28,,,1,36,,32350,28,,,1,77,,32352,28,,,1,37,,32351,28,,,1
10700,'80',722,,32364,7,,,1,37,,32365,7,,,1,68,,32366,28,,,1,77,,32367,28,,,1,37,,32368,28,,,1,77,,32369,28,,,1,37,,32370,28,,,1,77,,32371,28,,,1,77,,32372,28,,,1,37,,32373,28,,,1,77,,32374,28,,,1,77,,32375,28,,,1,36,,32376,28,,,1,77,,32377,28,,,1,37,,32381,28,,,1,77,,32380,28,,,1,77,,32382,28,,,1,37,,32383,28,,,1,77,,32384,28,,,1,37,,32385,28,,,1,77,,32353,28,,,1,77,,32354,28,,,1,37,,32355,28,,,1,77,,32378,28,,,1,77,,32356,28,,,1,37,,32357,28,,,1,77,,32358,28,,,1,37,,32359,28,,,1,77,,32360,28,,,1,77,,32361,28,,,1,37,,32362,28,,,1,77,,32379,28,,,1,37,,32363,28,,,1
