9601,'1',450,,18590,19,,,1,68,,18591,19,,,1,29,,18592,19,,,1,70,,18593,19,,,1,36,,18594,19,,,1,73,,18595,19,,,1,78,,18596,19,,,1,33,,18597,19,,,1,74,,18598,19,,,1,32,,18599,19,,,1,79,,18600,19,,,1,80,,18601,19,,,1,43,,18602,19,,,1,75,,18603,19,,,1,32,,18604,19,,,1,86,,18605,19,,,1,80,,18606,19,,,1,17,,18625,19,,,1,22,,18607,19,,,1,67,,18608,19,,,1,27,,18609,19,,,1,67,,18610,19,,,1,27,,18611,19,,,1,67,,18612,19,,,1,27,,18613,19,,,1,64,,18614,19,,,1,25,,18615,19,,,1,25,,18616,19,,,1,65,,18617,19,,,1,24,,18618,19,,,1,65,,18619,19,,,1,29,,18620,19,,,1,70,,18621,19,,,1,30,,18622,19,,,1,70,,18623,19,,,1,24,,18624,19,,,1
9601,'2',815,,18626,19,,,1,99,,18627,19,,,1,100,,18628,19,,,1,99,,18629,19,,,1,99,,18630,19,,,1,99,,18631,19,,,1,99,,18632,19,,,1,99,,18633,19,,,1,99,,18634,19,,,1,99,,18635,19,,,1,50,,18636,19,,,1,92,,18637,19,,,1,97,,18638,19,,,1
9601,'3',915,,18639,19,,,1,94,,18640,19,,,1,94,,18641,19,,,1,54,,18642,19,,,1,94,,18643,19,,,1,94,,18644,19,,,1,94,,18645,19,,,1,94,,18646,19,,,1,93,,18647,19,,,1,94,,18648,19,,,1,94,,18649,19,,,1,94,,18650,19,,,1
9601,'80',915,,18651,19,,,1,94,,18652,19,,,1,94,,18653,19,,,1,54,,18654,19,,,1,94,,18655,19,,,1,94,,18656,19,,,1,94,,18657,19,,,1,94,,18658,19,,,1,93,,18659,19,,,1,94,,18660,19,,,1,94,,18661,19,,,1,94,,18662,19,,,1
9801,'1',527,,18741,28,,,1,75,,18740,28,,,1,36,,18739,28,,,1,75,,18738,28,,,1,35,,18737,28,,,1,75,,18736,28,,,1,35,,18735,28,,,1,75,,18734,28,,,1,75,,18745,28,,,1,100,,18744,28,,,1,98,,18743,28,,,1,98,,18742,28,,,1,101,,18757,28,,,1,40,,18756,28,,,1,80,,18755,28,,,1,80,,18754,28,,,1,40,,18753,28,,,1,80,,18752,28,,,1,80,,18751,28,,,1,38,,18750,28,,,1,78,,18749,28,,,1,91,,18748,28,,,1,88,,18747,28,,,1,48,,18746,28,,,1
9801,'2',534,,18776,28,,,1,86,,18775,28,,,1,86,,18774,28,,,1,46,,18773,28,,,1,88,,18772,28,,,1,96,,18771,28,,,1,94,,18770,28,,,1,97,,18769,28,,,1,94,,18768,28,,,1,100,,18767,28,,,1,98,,18766,28,,,1,98,,18765,28,,,1,96,,18764,28,,,1,98,,18763,28,,,1,98,,18762,28,,,1,96,,18761,28,,,1,46,,18760,28,,,1,89,,18759,28,,,1,87,,18758,28,,,1
9801,'3',717,,18793,28,,,1,88,,18794,28,,,1,48,,18792,28,,,1,88,,18791,28,,,1,88,,18790,28,,,1,96,,18789,28,,,1,93,,18788,28,,,1,93,,18787,28,,,1,95,,18786,28,,,1,53,,18785,28,,,1,93,,18784,28,,,1,93,,18783,28,,,1,93,,18782,28,,,1,90,,18781,28,,,1,87,,18780,28,,,1,87,,18779,28,,,1,47,,18778,28,,,1,88,,18777,28,,,1
9801,'80',717,,18811,28,,,1,88,,18812,28,,,1,48,,18810,28,,,1,88,,18809,28,,,1,88,,18808,28,,,1,96,,18807,28,,,1,93,,18806,28,,,1,93,,18805,28,,,1,95,,18804,28,,,1,53,,18803,28,,,1,93,,18802,28,,,1,93,,18801,28,,,1,93,,18800,28,,,1,90,,18799,28,,,1,87,,18798,28,,,1,87,,18797,28,,,1,47,,18796,28,,,1,88,,18795,28,,,1
42801,'24612.1',1529,,20705,13,0,231 232 233 234,1,3,,20706,13,0,231 232 233 234,1
989901,'1',2207,,22691,28,,,1,32,,22692,28,,,1,78,,22693,28,,,1,36,,22694,28,,,1,75,,22695,28,,,1,31,,22696,28,,,1,75,,22697,28,,,1,75,,22698,28,,,1
989901,'2',2213,,22699,28,,,1,92,,22700,28,,,1,43,,22701,28,,,1,91,,22704,28,,,1,85,,22702,28,,,1,86,,22703,28,,,1
989901,'3',2225,,22705,28,,,1,89,,22706,28,,,1,43,,22707,28,,,1,89,,22708,28,,,1,79,,22709,28,,,1,83,,22710,28,,,1
989901,'80',2225,,22711,28,,,1,89,,22712,28,,,1,43,,22713,28,,,1,89,,22714,28,,,1,79,,22715,28,,,1,83,,22716,28,,,1
