1600,'1',540,,26443,9,,,1,62,,26444,9,,,1,23,,26445,9,,,1,22,,26446,9,,,1,62,,26447,9,,,1,22,,26448,9,,,1,18,,26449,9,,,1,66,,26450,9,,,1,22,,26451,9,,,1,22,,26452,9,,,1,71,,26453,9,,,1,71,,26454,9,,,1,35,,26455,9,,,1,67,,26456,9,,,1,31,,26457,9,,,1,71,,26458,9,,,1,31,,26459,9,,,1,71,,26460,9,,,1,31,,26461,9,,,1,75,,26462,9,,,1,20,,26463,9,,,1,23,,26464,9,,,1,63,,26465,9,,,1,23,,26466,9,,,1,63,,26467,9,,,1,24,,26468,9,,,1,23,,26469,9,,,1,63,,26470,9,,,1,23,,26471,9,,,1,63,,26472,9,,,1,23,,26473,9,,,1,20,,26474,9,,,1,63,,26475,9,,,1,23,,26476,9,,,1,23,,26477,9,,,1,63,,26478,9,,,1,23,,26479,9,,,1,74,,26480,9,,,1,34,,26481,9,,,1,74,,26482,9,,,1,34,,26483,9,,,1,74,,26484,9,,,1,74,,26488,9,,,1
1600,'2',649,,26489,9,,,1,78,,26490,9,,,1,78,,26491,9,,,1,38,,26492,9,,,1,78,,26493,9,,,1,38,,26494,9,,,1,78,,26495,9,,,1,78,,26496,9,,,1,38,,26497,9,,,1,78,,26498,9,,,1,81,,26499,9,,,1,41,,26500,9,,,1,82,,26501,9,,,1,81,,26502,9,,,1,42,,26503,9,,,1,81,,26504,9,,,1,81,,26505,9,,,1,81,,26506,9,,,1,41,,26507,9,,,1,75,,26508,9,,,1,36,,26509,9,,,1,79,,26510,9,,,1,73,,26511,9,,,1,35,,26512,9,,,1,77,,26513,9,,,1,35,,26515,9,,,1,76,,26516,9,,,1
1600,'3',842,,26517,9,,,1,96,,26518,9,,,1,95,,26519,9,,,1,95,,26520,9,,,1,95,,26521,9,,,1,99,,26526,9,,,1,98,,26522,9,,,1,98,,26523,9,,,1,98,,26524,9,,,1,94,,26525,9,,,1,95,,26531,9,,,1,52,,26527,9,,,1,91,,26528,9,,,1,92,,26529,9,,,1,92,,26530,9,,,1
1600,'74',649,,26534,9,,,1,78,,26535,9,,,1,78,,26536,9,,,1,38,,26537,9,,,1,78,,26538,9,,,1,38,,26539,9,,,1,78,,26540,9,,,1,78,,26541,9,,,1,38,,26542,9,,,1,78,,26543,9,,,1,81,,26544,9,,,1,41,,26545,9,,,1,82,,26546,9,,,1,81,,26547,9,,,1,42,,26548,9,,,1,81,,26549,9,,,1,81,,26550,9,,,1,81,,26551,9,,,1,41,,26552,9,,,1,75,,26553,9,,,1,36,,26554,9,,,1,79,,26555,9,,,1,73,,26556,9,,,1,35,,26558,9,,,1,77,,26559,9,,,1,35,,26560,9,,,1,76,,26561,9,,,1
1600,'80',842,,26562,9,,,1,96,,26563,9,,,1,95,,26564,9,,,1,95,,26565,9,,,1,95,,26566,9,,,1,99,,26571,9,,,1,98,,26567,9,,,1,98,,26568,9,,,1,98,,26569,9,,,1,94,,26570,9,,,1,95,,26576,9,,,1,52,,26572,9,,,1,91,,26573,9,,,1,92,,26574,9,,,1,92,,26575,9,,,1
8500,'1',636,,29617,53,,,1,16,,29618,53,,,1,56,,29619,53,,,1,16,,29620,53,,,1,16,,29621,53,,,1,19,,29622,53,,,1,56,,29623,53,,,1,16,,29624,53,,,1,16,,29625,53,,,1,56,,29626,53,,,1,16,,29627,53,,,1,11,,29628,52,,,1,16,,29629,52,,,1,65,,29630,52,,,1,25,,29631,52,,,1,18,,29632,52,,,1,65,,29633,52,,,1,25,,29634,52,,,1,65,,29635,52,,,1,25,,29636,52,,,1,67,,29637,52,,,1,25,,29638,52,,,1,27,,29639,52,,,1,65,,29640,52,,,1,20,,29641,52,,,1,16,,29668,38,,,1,58,,29642,38,,,1,20,,29643,38,,,1,16,,29644,38,,,1,57,,29645,38,,,1,16,,29646,38,,,1,24,,29647,39,,,1,13,,29648,39,,,1,56,,29649,39,,,1,16,,29650,39,,,1,19,,29651,39,,,1,56,,29652,39,,,1,16,,29653,39,,,1,16,,29654,39,,,1,9,,29655,39,,,1,56,,29656,39,,,1,16,,29657,39,,,1,16,,29658,39,,,1,16,,29659,39,,,1,53,,29660,38,,,1,25,,29661,38,,,1,26,,29662,38,,,1,65,,29663,38,,,1,32,,29664,38,,,1,72,,29665,38,,,1,32,,29666,38,,,1,72,,29667,38,,,1
8500,'2',711,,29697,52,,,1,31,,29698,52,,,1,70,,29699,52,,,1,28,,29700,52,,,1,74,,29701,52,,,1,30,,29702,52,,,1,70,,29703,52,,,1,34,,29704,52,,,1,70,,29705,52,,,1,31,,29669,52,,,1,62,,29670,52,,,1,25,,29671,52,,,1,23,,29672,52,,,1,63,,29673,52,,,1,23,,29674,52,,,1,63,,29675,52,,,1,23,,29676,52,,,1,23,,29677,52,,,1,63,,29678,52,,,1,23,,29679,52,,,1,63,,29680,52,,,1,23,,29681,52,,,1,23,,29682,52,,,1,63,,29683,52,,,1,21,,29684,52,,,1,21,,29685,52,,,1,57,,29686,52,,,1,21,,29687,52,,,1,21,,29688,52,,,1,61,,29689,52,,,1,21,,29690,52,,,1,21,,29691,52,,,1,59,,29692,52,,,1,21,,29693,52,,,1,21,,29694,52,,,1,61,,29695,52,,,1,21,,29696,52,,,1,70,,29706,52,,,1,30,,29707,52,,,1,70,,29708,52,,,1
8500,'3',846,,29726,24,,,1,80,,29727,24,,,1,79,,29709,52,,,1,40,,29710,52,,,1,81,,29711,52,,,1,80,,29712,52,,,1,51,,29713,52,,,1,83,,29714,52,,,1,83,,29715,52,,,1,83,,29716,52,,,1,42,,29717,52,,,1,83,,29718,52,,,1,84,,29719,52,,,1,34,,29720,52,,,1,81,,29721,52,,,1,85,,29722,52,,,1,37,,29723,52,,,1,81,,29724,52,,,1,81,,29725,52,,,1
8500,'74',711,,29756,52,,,1,31,,29757,52,,,1,70,,29758,52,,,1,28,,29759,52,,,1,74,,29760,52,,,1,30,,29761,52,,,1,70,,29762,52,,,1,34,,29763,52,,,1,70,,29764,52,,,1,31,,29728,52,,,1,62,,29729,52,,,1,25,,29730,52,,,1,23,,29731,52,,,1,63,,29732,52,,,1,23,,29733,52,,,1,63,,29734,52,,,1,23,,29735,52,,,1,23,,29736,52,,,1,63,,29737,52,,,1,23,,29738,52,,,1,63,,29739,52,,,1,23,,29740,52,,,1,23,,29741,52,,,1,63,,29742,52,,,1,21,,29743,52,,,1,21,,29744,52,,,1,57,,29745,52,,,1,21,,29746,52,,,1,21,,29747,52,,,1,61,,29748,52,,,1,21,,29749,52,,,1,21,,29750,52,,,1,59,,29751,52,,,1,21,,29752,52,,,1,21,,29753,52,,,1,61,,29754,52,,,1,21,,29755,52,,,1,70,,29765,52,,,1,30,,29766,52,,,1,70,,29767,52,,,1
8500,'80',846,,29785,24,,,1,80,,29786,24,,,1,79,,29768,52,,,1,40,,29769,52,,,1,81,,29770,52,,,1,80,,29771,52,,,1,51,,29772,52,,,1,83,,29773,52,,,1,83,,29774,52,,,1,83,,29775,52,,,1,42,,29776,52,,,1,83,,29777,52,,,1,84,,29778,52,,,1,34,,29779,52,,,1,81,,29780,52,,,1,85,,29781,52,,,1,37,,29782,52,,,1,81,,29783,52,,,1,81,,29784,52,,,1
8601,'1',614,,30022,40,,,1,33,,30021,40,,,1,68,,30018,40,,,1,27,,30019,40,,,1,77,,30020,43,,,1,40,,30023,39,,,1,74,,30026,39,,,1,102,,30025,39,,,1,86,,30024,39,,,1,94,,30027,39,,,1,93,,30028,39,,,1,42,,30029,39,,,1,103,,30030,43,,,1,88,,30031,39,,,1,71,,30041,39,,,1,29,,30032,39,,,1,89,,30033,39,,,1,25,,30034,40,,,1,65,,30036,40,,,1,32,,30035,40,,,1,68,,30037,39,,,1,33,,30038,40,,,1,80,,30039,39,,,1,81,,30040,39,,,1
8601,'2',811,,30042,39,,,1,46,,30043,39,,,1,88,,30044,39,,,1,86,,30045,39,,,1,86,,30046,39,,,1,86,,30047,39,,,1,45,,30048,39,,,1,86,,30049,39,,,1,86,,30050,39,,,1,87,,30051,39,,,1,46,,30052,39,,,1,86,,30053,39,,,1,86,,30054,39,,,1,82,,30055,39,,,1,46,,30056,39,,,1,86,,30057,39,,,1
8601,'74',811,,30058,39,,,1,46,,30059,39,,,1,88,,30060,39,,,1,86,,30061,39,,,1,86,,30062,39,,,1,86,,30063,39,,,1,45,,30064,39,,,1,86,,30065,39,,,1,86,,30066,39,,,1,87,,30067,39,,,1,46,,30068,39,,,1,86,,30069,39,,,1,86,,30070,39,,,1,82,,30071,39,,,1,46,,30072,39,,,1,86,,30073,39,,,1
