1601,'1',517,,26620,6,,,1,22,,26621,6,,,1,62,,26622,6,,,1,19,,26623,6,,,1,7,,26588,47,,,1,25,,26587,47,,,1,62,,26579,47,,,1,22,,26580,47,,,1,70,,26581,47,,,1,22,,26582,47,,,1,22,,26583,47,,,1,62,,26584,47,,,1,9,,26585,47,,,1,26,,26586,47,,,1,61,,26599,47,,,1,24,,26598,47,,,1,68,,26589,47,,,1,32,,26590,47,,,1,71,,26591,47,,,1,29,,26592,47,,,1,71,,26593,47,,,1,31,,26594,47,,,1,69,,26595,47,,,1,22,,26624,6,,,1,13,,26596,47,,,1,70,,26597,47,,,1,21,,26616,47,,,1,23,,26615,47,,,1,63,,26600,47,,,1,17,,26601,47,,,1,69,,26602,47,,,1,24,,26603,47,,,1,23,,26604,47,,,1,63,,26605,47,,,1,21,,26606,47,,,1,23,,26607,47,,,1,57,,26608,47,,,1,23,,26609,47,,,1,23,,26610,47,,,1,63,,26611,47,,,1,23,,26612,47,,,1,63,,26613,47,,,1,20,,26614,47,,,1,28,,26619,47,,,1,74,,26617,47,,,1,30,,26618,47,,,1,74,,26625,47,,,1
1601,'2',625,,26652,6,,,1,78,,26653,6,,,1,30,,26635,47,,,1,80,,26626,47,,,1,38,,26627,47,,,1,78,,26628,47,,,1,78,,26629,47,,,1,38,,26630,47,,,1,78,,26631,47,,,1,79,,26632,47,,,1,38,,26633,47,,,1,78,,26634,47,,,1,82,,26644,47,,,1,42,,26636,47,,,1,81,,26637,47,,,1,81,,26638,47,,,1,40,,26639,47,,,1,81,,26640,47,,,1,81,,26641,47,,,1,41,,26642,47,,,1,77,,26643,47,,,1,81,,26651,47,,,1,32,,26645,47,,,1,76,,26646,47,,,1,38,,26647,47,,,1,72,,26648,47,,,1,36,,26649,47,,,1,73,,26650,47,,,1
1601,'3',813,,26654,47,,,1,95,,26655,47,,,1,96,,26656,47,,,1,55,,26657,47,,,1,95,,26658,47,,,1,95,,26659,47,,,1,98,,26660,47,,,1,96,,26661,47,,,1,98,,26662,47,,,1,98,,26663,47,,,1,99,,26664,47,,,1,92,,26665,47,,,1,90,,26666,47,,,1,92,,26667,47,,,1,92,,26668,47,,,1,49,,26669,47,,,1
1601,'74',625,,26696,6,,,1,78,,26697,6,,,1,30,,26679,47,,,1,80,,26670,47,,,1,38,,26671,47,,,1,78,,26672,47,,,1,78,,26673,47,,,1,38,,26674,47,,,1,78,,26675,47,,,1,79,,26676,47,,,1,38,,26677,47,,,1,78,,26678,47,,,1,82,,26688,47,,,1,42,,26680,47,,,1,81,,26681,47,,,1,81,,26682,47,,,1,40,,26683,47,,,1,81,,26684,47,,,1,81,,26685,47,,,1,41,,26686,47,,,1,77,,26687,47,,,1,81,,26695,47,,,1,32,,26689,47,,,1,76,,26690,47,,,1,38,,26691,47,,,1,72,,26692,47,,,1,36,,26693,47,,,1,73,,26694,47,,,1
1601,'80',813,,26698,47,,,1,95,,26699,47,,,1,96,,26700,47,,,1,55,,26701,47,,,1,95,,26702,47,,,1,95,,26703,47,,,1,98,,26704,47,,,1,96,,26705,47,,,1,98,,26706,47,,,1,98,,26707,47,,,1,99,,26708,47,,,1,92,,26709,47,,,1,90,,26710,47,,,1,92,,26711,47,,,1,92,,26712,47,,,1,49,,26713,47,,,1
8501,'1',511,,29801,6,,,1,16,,29800,6,,,1,16,,29799,6,,,1,16,,29798,6,,,1,56,,29797,6,,,1,16,,29796,6,,,1,16,,29795,6,,,1,56,,29787,6,,,1,16,,29788,6,,,1,16,,29789,6,,,1,16,,29790,6,,,1,56,,29791,6,,,1,16,,29792,6,,,1,16,,29793,6,,,1,15,,29794,6,,,1,66,,29811,6,,,1,25,,29810,6,,,1,64,,29809,6,,,1,25,,29802,6,,,1,25,,29803,6,,,1,65,,29804,6,,,1,25,,29805,6,,,1,65,,29806,6,,,1,25,,29807,6,,,1,65,,29808,6,,,1,25,,29812,6,,,1,25,,29813,6,,,1,60,,29814,6,,,1,16,,29841,6,,,1,16,,29842,6,,,1,56,,29831,6,,,1,15,,29830,6,,,1,16,,29829,6,,,1,20,,29828,6,,,1,57,,29827,6,,,1,16,,29815,6,,,1,19,,29816,6,,,1,13,,29817,6,,,1,60,,29818,6,,,1,16,,29819,6,,,1,11,,29820,6,,,1,59,,29821,6,,,1,13,,29822,6,,,1,16,,29823,6,,,1,16,,29824,6,,,1,57,,29825,6,,,1,19,,29826,6,,,1,32,,29834,6,,,1,69,,29833,6,,,1,25,,29832,6,,,1,62,,29838,6,,,1,29,,29837,6,,,1,72,,29835,6,,,1,32,,29836,6,,,1
8501,'2',634,,29858,6,,,1,70,,29859,6,,,1,30,,29860,6,,,1,70,,29861,6,,,1,30,,29862,6,,,1,70,,29863,6,,,1,30,,29864,6,,,1,70,,29865,6,,,1,30,,29866,6,,,1,70,,29843,6,,,1,23,,29844,6,,,1,24,,29845,6,,,1,63,,29846,6,,,1,23,,29847,6,,,1,63,,29848,6,,,1,23,,29849,6,,,1,23,,29850,6,,,1,63,,29851,6,,,1,23,,29852,6,,,1,23,,29853,6,,,1,63,,29854,6,,,1,23,,29855,6,,,1,63,,29856,6,,,1,22,,29857,6,,,1,21,,29867,6,,,1,62,,29868,6,,,1,23,,29869,6,,,1,21,,29870,6,,,1,61,,29871,6,,,1,18,,29872,6,,,1,21,,29873,6,,,1,61,,29874,6,,,1,21,,29875,6,,,1,21,,29876,6,,,1,61,,29877,6,,,1,21,,29878,6,,,1,21,,29879,6,,,1,70,,29880,6,,,1,30,,29881,6,,,1,70,,29882,6,,,1
8501,'3',826,,29885,6,,,1,81,,29886,6,,,1,40,,29887,6,,,1,80,,29888,6,,,1,83,,29889,6,,,1,43,,29890,6,,,1,83,,29891,6,,,1,83,,29892,6,,,1,83,,29893,6,,,1,43,,29894,6,,,1,83,,29895,6,,,1,81,,29896,6,,,1,42,,29897,6,,,1,84,,29898,6,,,1,76,,29899,6,,,1,41,,29900,6,,,1,83,,29901,6,,,1,79,,29883,6,,,1,41,,29884,6,,,1
8501,'74',634,,29902,6,,,1,70,,29903,6,,,1,30,,29904,6,,,1,70,,29905,6,,,1,30,,29906,6,,,1,70,,29907,6,,,1,30,,29908,6,,,1,70,,29909,6,,,1,30,,29910,6,,,1,70,,29911,6,,,1,23,,29912,6,,,1,24,,29913,6,,,1,63,,29914,6,,,1,23,,29915,6,,,1,63,,29916,6,,,1,23,,29917,6,,,1,23,,29918,6,,,1,63,,29919,6,,,1,23,,29920,6,,,1,23,,29921,6,,,1,63,,29922,6,,,1,23,,29923,6,,,1,63,,29924,6,,,1,22,,29925,6,,,1,21,,29926,6,,,1,62,,29927,6,,,1,23,,29928,6,,,1,21,,29929,6,,,1,61,,29930,6,,,1,18,,29931,6,,,1,21,,29932,6,,,1,61,,29933,6,,,1,21,,29934,6,,,1,21,,29935,6,,,1,61,,29936,6,,,1,21,,29937,6,,,1,21,,29938,6,,,1,70,,29939,6,,,1,30,,29940,6,,,1,70,,29941,6,,,1
8501,'80',826,,29942,6,,,1,81,,29943,6,,,1,40,,29944,6,,,1,80,,29945,6,,,1,83,,29946,6,,,1,43,,29947,6,,,1,83,,29948,6,,,1,83,,29949,6,,,1,83,,29950,6,,,1,43,,29951,6,,,1,83,,29952,6,,,1,81,,29953,6,,,1,42,,29954,6,,,1,84,,29955,6,,,1,76,,29958,6,,,1,41,,29959,6,,,1,83,,29960,6,,,1,79,,29956,6,,,1,41,,29957,6,,,1
