100,'1',531,,23483,15,,,1,78,,23482,15,,,1,34,,23480,15,,,1,73,,23481,15,,,1,32,,23479,15,,,1,75,,23478,15,,,1,35,,23477,15,,,1,151,,23476,15,,,1,113,,23475,15,,,1,112,,23474,15,,,1,114,,23473,15,,,1,87,,23484,15,,,1,75,,23472,15,,,1,31,,23471,15,,,1,77,,23470,15,,,1,31,,23469,15,,,1,74,,23468,15,,,1,34,,23467,15,,,1,73,,23466,15,,,1,28,,23465,15,,,1,99,,23464,15,,,1,147,,23463,15,,,1,100,,23462,15,,,1,54,,23461,15,,,1,98,,23460,15,,,1,89,,23459,15,,,1,95,,23458,15,,,1
100,'74',635,,23485,15,,,1,103,,23486,15,,,1,105,,23487,15,,,1,103,,23488,15,,,1,103,,23489,15,,,1,93,,23490,15,,,1,87,,23491,15,,,1,98,,23492,15,,,1,92,,23493,15,,,1,92,,23494,15,,,1,92,,23495,15,,,1,51,,23496,15,,,1,92,,23497,15,,,1,93,,23498,15,,,1,89,,23499,15,,,1,92,,23500,15,,,1,92,,23501,15,,,1,97,,23502,15,,,1,97,,23503,15,,,1,95,,23504,15,,,1,56,,23505,15,,,1,97,,23506,15,,,1
100,'80',821,,23508,15,,,1,114,,23509,15,,,1,114,,23510,15,,,1,152,,23511,15,,,1,112,,23512,15,,,1,112,,23513,15,,,1,111,,23514,15,,,1,112,,23515,15,,,1,152,,23516,15,,,1,111,,23517,15,,,1,99,,23518,15,,,1,99,,23519,15,,,1,99,,23520,15,,,1,96,,23521,15,,,1,99,,23522,15,,,1
100,'35296.2',635,,23524,15,,,1,103,,23525,15,,,1,105,,23526,15,,,1,103,,23527,15,,,1,103,,23528,15,,,1,93,,23529,15,,,1,87,,23530,15,,,1,98,,23531,15,,,1,92,,23532,15,,,1,92,,23533,15,,,1,92,,23534,15,,,1,51,,23535,15,,,1,92,,23536,15,,,1,93,,23537,15,,,1,89,,23538,15,,,1,92,,23539,15,,,1,92,,23540,15,,,1,97,,23541,15,,,1,97,,23542,15,,,1,95,,23543,15,,,1,56,,23544,15,,,1,97,,23545,15,,,1
100,'35296.3',821,,23547,15,,,1,114,,23548,15,,,1,114,,23549,15,,,1,152,,23550,15,,,1,112,,23551,15,,,1,112,,23552,15,,,1,111,,23553,15,,,1,112,,23554,15,,,1,152,,23555,15,,,1,111,,23556,15,,,1,99,,23557,15,,,1,99,,23558,15,,,1,99,,23559,15,,,1,96,,23560,15,,,1,99,,23561,15,,,1
100,'35298.2',635,,23614,15,,,1,77,,23563,15,,,1,17,,23564,15,,,1,19,,23565,15,,,1,57,,23566,15,,,1,17,,23567,15,,,1,17,,23568,15,,,1,17,,23569,15,,,1,57,,23570,15,,,1,17,,23571,15,,,1,17,,23572,15,,,1,57,,23573,15,,,1,17,,23574,15,,,1,17,,23575,15,,,1,17,,23576,15,,,1,57,,23577,15,,,1,18,,23578,15,,,1,17,,23579,15,,,1,57,,23580,15,,,1,17,,23581,15,,,1,18,,23582,15,,,1,17,,23583,15,,,1,57,,23584,15,,,1,17,,23585,15,,,1,17,,23586,15,,,1,57,,23587,15,,,1,17,,23588,15,,,1,17,,23589,15,,,1,17,,23590,15,,,1,57,,23591,15,,,1,17,,23592,15,,,1,17,,23593,15,,,1,57,,23594,15,,,1,16,,23595,15,,,1,17,,23596,15,,,1,17,,23597,15,,,1,57,,23598,15,,,1,17,,23599,15,,,1,17,,23600,15,,,1,57,,23601,15,,,1,18,,23602,15,,,1,17,,23603,15,,,1,17,,23604,15,,,1,57,,23605,15,,,1,18,,23606,15,,,1,92,,23607,15,,,1,92,,23608,15,,,1,97,,23609,15,,,1,97,,23610,15,,,1,95,,23611,15,,,1,56,,23612,15,,,1,97,,23613,15,,,1
100,'35298.3',711,,23616,15,,,1,17,,23617,15,,,1,17,,23618,15,,,1,57,,23619,15,,,1,17,,23620,15,,,1,17,,23621,15,,,1,17,,23622,15,,,1,59,,23623,15,,,1,17,,23624,15,,,1,17,,23625,15,,,1,57,,23626,15,,,1,19,,23627,15,,,1,17,,23628,15,,,1,17,,23629,15,,,1,57,,23630,15,,,1,17,,23631,15,,,1,17,,23632,15,,,1,57,,23633,15,,,1,17,,23634,15,,,1,17,,23635,15,,,1,17,,23636,15,,,1,57,,23637,15,,,1,17,,23638,15,,,1,17,,23639,15,,,1,57,,23640,15,,,1,17,,23641,15,,,1,17,,23642,15,,,1,17,,23643,15,,,1,57,,23644,15,,,1,16,,23645,15,,,1,17,,23646,15,,,1,57,,23647,15,,,1,17,,23648,15,,,1,17,,23649,15,,,1,17,,23650,15,,,1,57,,23651,15,,,1,17,,23652,15,,,1,17,,23653,15,,,1,57,,23654,15,,,1,17,,23655,15,,,1,17,,23656,15,,,1,17,,23657,15,,,1,56,,23658,15,,,1,103,,23659,15,,,1,99,,23660,15,,,1,99,,23661,15,,,1,96,,23662,15,,,1,99,,23663,15,,,1
30000,'1',750,,32934,6,,,1,57,,32933,6,,,1,13,,32932,6,,,1,11,,32935,6,,,1,10,,32936,6,,,1,11,,32937,6,,,1,51,,32938,6,,,1,11,,32939,6,,,1,11,,32940,6,,,1,11,,32941,6,,,1,11,,32942,6,,,1
900200,'1',621,,36759,52,,,1,19,,36760,52,,,1,19,,36761,52,,,1,59,,36762,52,,,1,20,,36763,52,,,1,67,,36764,52,,,1,28,,36765,52,,,1,23,,36766,52,,,1,56,,36767,52,,,1,23,,36768,52,,,1,67,,36769,52,,,1,22,,36770,52,,,1,18,,36771,52,,,1
900201,'1',516,,36796,10,,,1,19,,36797,10,,,1,19,,36798,10,,,1,59,,36799,10,,,1,991,,36800,24,,,1,23,,36801,24,,,1,23,,36802,24,,,1,63,,36803,24,,,1,23,,36804,24,,,1,22,,36805,24,,,1,63,,36806,24,,,1,22,,36807,24,,,1,63,,36811,24,,,1,17,,36808,24,,,1,19,,36809,24,,,1,59,,36810,24,,,1
