9901,'1',417,,18903,28,,,1,41,,18904,28,,,1,80,,18905,28,,,1,82,,18906,28,,,1,80,,18907,28,,,1,35,,18908,28,,,1,70,,18909,28,,,1,43,,18910,28,,,1,74,,18911,28,,,1,35,,18912,28,,,1,94,,18913,28,,,1,98,,18914,28,,,1,94,,18915,28,,,1,94,,18916,28,,,1,100,,18917,28,,,1,66,,18918,28,,,1,30,,18919,28,,,1,70,,18920,28,,,1,30,,18921,28,,,1,70,,18922,28,,,1,30,,18923,28,,,1,70,,18924,28,,,1,28,,18925,28,,,1,70,,18926,28,,,1,26,,18927,28,,,1,30,,18928,28,,,1,70,,18929,28,,,1,25,,18930,28,,,1,71,,18931,28,,,1,85,,18932,28,,,1
9901,'2',539,,18933,28,,,1,77,,18934,28,,,1,37,,18935,28,,,1,77,,18936,28,,,1,87,,18937,28,,,1,92,,18938,28,,,1,48,,18939,28,,,1,87,,18940,28,,,1,102,,18941,28,,,1,97,,18942,28,,,1,95,,18943,28,,,1,95,,18944,28,,,1,95,,18945,28,,,1,95,,18946,28,,,1,92,,18947,28,,,1,94,,18948,28,,,1,95,,18949,28,,,1,51,,18950,28,,,1,85,,18951,28,,,1,85,,18952,28,,,1
9901,'3',543,,18953,28,,,1,81,,18954,28,,,1,78,,18955,28,,,1,38,,18956,28,,,1,78,,18957,28,,,1,93,,18958,28,,,1,89,,18959,28,,,1,49,,18960,28,,,1,89,,18961,28,,,1,93,,18962,28,,,1,89,,18963,28,,,1,89,,18964,28,,,1,49,,18965,28,,,1,89,,18966,28,,,1,89,,18967,28,,,1,89,,18968,28,,,1,85,,18969,28,,,1,49,,18970,28,,,1,89,,18971,28,,,1,86,,18972,28,,,1,89,,18973,28,,,1,79,,18974,28,,,1
9901,'80',543,,18975,28,,,1,81,,18976,28,,,1,78,,18977,28,,,1,38,,18978,28,,,1,78,,18979,28,,,1,93,,18980,28,,,1,89,,18981,28,,,1,49,,18982,28,,,1,89,,18983,28,,,1,93,,18984,28,,,1,89,,18985,28,,,1,89,,18986,28,,,1,49,,18987,28,,,1,89,,18988,28,,,1,89,,18989,28,,,1,89,,18990,28,,,1,85,,18991,28,,,1,49,,18992,28,,,1,89,,18993,28,,,1,86,,18994,28,,,1,89,,18995,28,,,1,79,,18996,28,,,1
36001,'2',959,,20526,9,,,1,68,,20527,9,,,1,28,,20528,9,,,1,68,,20529,9,,,1,26,,20530,9,,,1,68,,20531,9,,,1,30,,20532,9,,,1,68,,20533,9,,,1,28,,20534,9,,,1,67,,20535,9,,,1,28,,20536,9,,,1,68,,20537,9,,,1,27,,20538,9,,,1,68,,20539,9,,,1,28,,20540,9,,,1,71,,20554,9,,,1,29,,20553,9,,,1,27,,20541,9,,,1,71,,20542,9,,,1,75,,20543,9,,,1,30,,20544,9,,,1,68,,20545,9,,,1,30,,20546,9,,,1,70,,20547,9,,,1,30,,20548,9,,,1,27,,20549,9,,,1,70,,20550,9,,,1,30,,20551,9,,,1,70,,20552,9,,,1
36001,'80',955,,20555,9,,,1,68,,20556,9,,,1,28,,20557,9,,,1,66,,20558,9,,,1,28,,20559,9,,,1,69,,20560,9,,,1,28,,20561,9,,,1,68,,20562,9,,,1,29,,20563,9,,,1,68,,20564,9,,,1,26,,20565,9,,,1,71,,20566,9,,,1,28,,20567,9,,,1,68,,20568,9,,,1,28,,20569,9,,,1,28,,20570,9,,,1,68,,20571,9,,,1,29,,20572,9,,,1,68,,20573,9,,,1,28,,20574,9,,,1,71,,20575,9,,,1,23,,20576,9,,,1,67,,20577,9,,,1,28,,20578,9,,,1,66,,20582,9,,,1,28,,20579,9,,,1,26,,20580,9,,,1,68,,20581,9,,,1
36001,'24603.3',955,,20583,9,,,1,68,,20584,9,,,1,28,,20585,9,,,1,66,,20586,9,,,1,28,,20587,9,,,1,69,,20588,9,,,1,28,,20589,9,,,1,68,,20590,9,,,1,29,,20591,9,,,1,68,,20592,9,,,1,26,,20593,9,,,1,71,,20594,9,,,1,28,,20595,9,,,1,68,,20596,9,,,1,28,,20597,9,,,1,28,,20598,9,,,1,68,,20599,9,,,1,29,,20600,9,,,1,68,,20601,9,,,1,28,,20602,9,,,1,71,,20603,9,,,1,23,,20604,9,,,1,67,,20605,9,,,1,28,,20606,9,,,1,66,,20610,9,,,1,28,,20607,9,,,1,26,,20608,9,,,1,68,,20609,9,,,1
36001,'24604.3',2247,,20611,9,,,1,66,,20612,9,,,1,26,,20613,9,,,1
989901,'1',2243,,22691,83,,,1,69,,22692,83,,,1,38,,22693,83,,,1,75,,22694,83,,,1,75,,22695,83,,,1,30,,22696,83,,,1,75,,22697,83,,,1,35,,22698,83,,,1
989901,'2',2251,,22699,83,,,1,87,,22700,83,,,1,81,,22701,83,,,1,91,,22704,83,,,1,45,,22702,83,,,1,86,,22703,83,,,1
989901,'3',2259,,22705,83,,,1,87,,22706,83,,,1,83,,22707,83,,,1,86,,22708,83,,,1,39,,22709,83,,,1,83,,22710,83,,,1
989901,'80',2259,,22711,83,,,1,87,,22712,83,,,1,83,,22713,83,,,1,86,,22714,83,,,1,39,,22715,83,,,1,83,,22716,83,,,1
