9600,'1',713,,31260,87,,,1,87,,31259,87,,,1,31,,31258,87,,,1,77,,31257,87,,,1,27,,31256,87,,,1,73,,31253,87,,,1,34,,31254,87,,,1,70,,31255,87,,,1,32,,31268,87,,,1,69,,31267,83,,,1,39,,31261,83,,,1,79,,31262,83,,,1,79,,31263,83,,,1,47,,31264,83,,,1,65,,31265,83,,,1,90,,31266,87,,,1,43,,31274,87,,,1,67,,31273,87,,,1,32,,31272,87,,,1,62,,31269,87,,,1,27,,31270,87,,,1,61,,31271,87,,,1,27,,31277,87,,,1,18,,31278,87,,,1,52,,31288,87,,,1,11,,31276,87,,,1,25,,31275,87,,,1,70,,31285,83,,,1,30,,31284,83,,,1,15,,31287,83,,,1,52,,31279,83,,,1,30,,31280,83,,,1,69,,31281,83,,,1,28,,31282,83,,,1,70,,31283,83,,,1,17,,31286,83,,,1
9600,'2',1034,,31289,83,,,1,102,,31290,83,,,1,99,,31291,83,,,1,96,,31292,83,,,1,99,,31293,83,,,1,99,,31294,83,,,1,98,,31295,83,,,1,99,,31296,83,,,1,93,,31297,83,,,1,97,,31298,83,,,1,87,,31299,83,,,1,42,,31300,83,,,1,97,,31301,83,,,1
9600,'3',1124,,31302,83,,,1,94,,31303,83,,,1,94,,31304,83,,,1,94,,31305,83,,,1,94,,31306,83,,,1,54,,31307,83,,,1,94,,31308,83,,,1,94,,31309,83,,,1,91,,31310,83,,,1,94,,31311,83,,,1,94,,31312,83,,,1,90,,31313,83,,,1
9600,'74',1034,,31314,83,,,1,102,,31315,83,,,1,99,,31316,83,,,1,96,,31317,83,,,1,99,,31318,83,,,1,99,,31319,83,,,1,98,,31320,83,,,1,99,,31321,83,,,1,93,,31322,83,,,1,97,,31323,83,,,1,87,,31324,83,,,1,42,,31325,83,,,1,97,,31326,83,,,1
9600,'80',1124,,31327,83,,,1,94,,31328,83,,,1,94,,31329,83,,,1,94,,31330,83,,,1,94,,31331,83,,,1,54,,31332,83,,,1,94,,31333,83,,,1,94,,31334,83,,,1,91,,31335,83,,,1,94,,31336,83,,,1,94,,31337,83,,,1,90,,31338,83,,,1
9800,'1',628,,31445,39,,,1,75,,31444,39,,,1,34,,31443,39,,,1,75,,31442,39,,,1,35,,31441,39,,,1,75,,31440,39,,,1,98,,31436,39,,,1,98,,31433,39,,,1,96,,31438,39,,,1,98,,31437,39,,,1,40,,31425,39,,,1,79,,31435,39,,,1,80,,31434,39,,,1,40,,31432,39,,,1,80,,31431,39,,,1,80,,31430,39,,,1,44,,31429,39,,,1,80,,31428,39,,,1,92,,31427,39,,,1,91,,31426,39,,,1,88,,31439,39,,,1
9800,'2',627,,31463,39,,,1,86,,31462,39,,,1,44,,31461,39,,,1,94,,31460,39,,,1,93,,31459,39,,,1,92,,31458,39,,,1,94,,31457,39,,,1,98,,31456,39,,,1,98,,31455,39,,,1,97,,31454,39,,,1,98,,31453,39,,,1,98,,31452,39,,,1,99,,31451,39,,,1,100,,31450,39,,,1,89,,31449,39,,,1,93,,31448,39,,,1,49,,31447,39,,,1,85,,31446,39,,,1
9800,'3',811,,31479,39,,,1,48,,31478,39,,,1,88,,31477,39,,,1,92,,31476,39,,,1,93,,31475,39,,,1,90,,31474,39,,,1,93,,31473,39,,,1,93,,31472,39,,,1,93,,31471,39,,,1,53,,31470,39,,,1,93,,31469,39,,,1,96,,31468,39,,,1,88,,31467,39,,,1,91,,31466,39,,,1,87,,31465,39,,,1,48,,31464,39,,,1
9800,'74',627,,31497,39,,,1,86,,31496,39,,,1,44,,31495,39,,,1,94,,31494,39,,,1,93,,31493,39,,,1,92,,31492,39,,,1,94,,31491,39,,,1,98,,31490,39,,,1,98,,31489,39,,,1,97,,31488,39,,,1,98,,31487,39,,,1,98,,31486,39,,,1,99,,31485,39,,,1,100,,31484,39,,,1,89,,31483,39,,,1,93,,31482,39,,,1,49,,31481,39,,,1,85,,31480,39,,,1
9800,'80',811,,31513,39,,,1,48,,31512,39,,,1,88,,31511,39,,,1,92,,31510,39,,,1,93,,31509,39,,,1,90,,31508,39,,,1,93,,31507,39,,,1,93,,31506,39,,,1,93,,31505,39,,,1,53,,31504,39,,,1,93,,31503,39,,,1,96,,31502,39,,,1,88,,31501,39,,,1,91,,31500,39,,,1,87,,31499,39,,,1,48,,31498,39,,,1
60100,'1',426,,34138,18,,,1,11,,34139,18,,,1,11,,34140,18,,,1,11,,34141,18,,,1,51,,34142,18,,,1,11,,34143,18,,,1,8,,34144,18,,,1,10,,34145,18,,,1,11,,34148,18,,,1,50,,34146,18,,,1,11,,34147,18,,,1,11,,34053,23,,,1,11,,34054,23,,,1,12,,34055,23,,,1,55,,34056,23,,,1,11,,34057,23,,,1,11,,34058,23,,,1,11,,34059,23,,,1,11,,34060,23,,,1,11,,34061,23,,,1,56,,34062,23,,,1,11,,34063,23,,,1,11,,34064,23,,,1,13,,34065,23,,,1,11,,34066,23,,,1,55,,34067,23,,,1,11,,34068,23,,,1,8,,34069,23,,,1,11,,34070,23,,,1,11,,34071,23,,,1,51,,34072,23,,,1,8,,34073,23,,,1,11,,34074,23,,,1,11,,34075,23,,,1,11,,34076,23,,,1,11,,34077,23,,,1,54,,34078,23,,,1,16,,34079,23,,,1,21,,34080,23,,,1,56,,34081,23,,,1,16,,34082,23,,,1,16,,34083,23,,,1,16,,34084,23,,,1,56,,34085,23,,,1,16,,34086,23,,,1,16,,34087,23,,,1,16,,34088,23,,,1,56,,34089,23,,,1,20,,34090,23,,,1,16,,34091,23,,,1,56,,34092,23,,,1,14,,34093,23,,,1,12,,34094,23,,,1,12,,34095,23,,,1,12,,34096,23,,,1,52,,34097,23,,,1,12,,34098,23,,,1,12,,34099,23,,,1,12,,34100,23,,,1,12,,34101,23,,,1,52,,34102,23,,,1,12,,34103,23,,,1,12,,34104,23,,,1,12,,34105,23,,,1,12,,34106,23,,,1,52,,34107,23,,,1,12,,34108,23,,,1,12,,34109,23,,,1,12,,34110,23,,,1,12,,34111,23,,,1,52,,34112,23,,,1,12,,34113,23,,,1,12,,34114,23,,,1,12,,34115,23,,,1,8,,34116,23,,,1,52,,34117,23,,,1,12,,34118,23,,,1,4,,34119,23,,,1,12,,34120,23,,,1,12,,34121,23,,,1,12,,34122,23,,,1,62,,34123,23,,,1,18,,34124,23,,,1,18,,34125,23,,,1,56,,34126,23,,,1,18,,34127,23,,,1,18,,34128,23,,,1,59,,34129,23,,,1,19,,34130,23,,,1,16,,34131,23,,,1,13,,34132,23,,,1,59,,34133,23,,,1,19,,34134,23,,,1,19,,34135,23,,,1,59,,34136,23,,,1,19,,34137,23,,,1
60100,'2',554,,34149,23,,,1,57,,34150,23,,,1,17,,34151,23,,,1,17,,34152,23,,,1,57,,34153,23,,,1,21,,34154,23,,,1,19,,34155,23,,,1,17,,34156,23,,,1,59,,34157,23,,,1,16,,34158,23,,,1,18,,34159,23,,,1,56,,34160,23,,,1,16,,34161,23,,,1,16,,34162,23,,,1,18,,34163,23,,,1,56,,34164,23,,,1,19,,34165,23,,,1,16,,34166,23,,,1,56,,34167,23,,,1,16,,34168,23,,,1,16,,34169,23,,,1,18,,34170,23,,,1,56,,34171,23,,,1,16,,34172,23,,,1,20,,34173,23,,,1,56,,34174,23,,,1,15,,34175,23,,,1,15,,34176,23,,,1,15,,34177,23,,,1,55,,34178,23,,,1,15,,34179,23,,,1,15,,34180,23,,,1,15,,34181,23,,,1,55,,34182,23,,,1,15,,34183,23,,,1,15,,34184,23,,,1,15,,34185,23,,,1,55,,34186,23,,,1,12,,34187,23,,,1,15,,34188,23,,,1,15,,34189,23,,,1,55,,34190,23,,,1,15,,34191,23,,,1,15,,34192,23,,,1,15,,34193,23,,,1,55,,34194,23,,,1,15,,34195,23,,,1,15,,34196,23,,,1,15,,34197,23,,,1,12,,34198,23,,,1,55,,34199,23,,,1,15,,34200,23,,,1,15,,34201,23,,,1,15,,34202,23,,,1,55,,34203,23,,,1,15,,34204,23,,,1,15,,34205,23,,,1,8,,34206,23,,,1,58,,34207,23,,,1,18,,34208,23,,,1,18,,34209,23,,,1,15,,34210,23,,,1,58,,34211,23,,,1,18,,34212,23,,,1,18,,34213,23,,,1,56,,34214,23,,,1,16,,34215,23,,,1,10,,34216,23,,,1,16,,34217,23,,,1,56,,34218,23,,,1,16,,34219,23,,,1,16,,34220,23,,,1,16,,34221,23,,,1,56,,34222,23,,,1,16,,34223,23,,,1
60100,'3',626,,34238,23,,,1,20,,34237,23,,,1,60,,34236,23,,,1,20,,34235,23,,,1,20,,34234,23,,,1,64,,34233,23,,,1,20,,34232,23,,,1,20,,34231,23,,,1,64,,34230,23,,,1,20,,34224,23,,,1,20,,34225,23,,,1,60,,34226,23,,,1,23,,34227,23,,,1,20,,34228,23,,,1,63,,34229,23,,,1,27,,34265,23,,,1,61,,34264,23,,,1,23,,34263,23,,,1,21,,34239,23,,,1,65,,34240,23,,,1,21,,34241,23,,,1,21,,34242,23,,,1,61,,34243,23,,,1,21,,34244,23,,,1,61,,34245,23,,,1,21,,34246,23,,,1,22,,34247,23,,,1,61,,34248,23,,,1,21,,34249,23,,,1,17,,34250,23,,,1,61,,34251,23,,,1,21,,34252,23,,,1,21,,34253,23,,,1,61,,34254,23,,,1,21,,34255,23,,,1,18,,34256,23,,,1,61,,34257,23,,,1,21,,34258,23,,,1,20,,34259,23,,,1,61,,34260,23,,,1,21,,34261,23,,,1,21,,34262,23,,,1,56,,34266,23,,,1,29,,34272,23,,,1,20,,34271,23,,,1,60,,34270,23,,,1,20,,34267,23,,,1,20,,34268,23,,,1,56,,34269,23,,,1,30,,34279,23,,,1,15,,34278,23,,,1,60,,34273,23,,,1,20,,34274,23,,,1,20,,34275,23,,,1,60,,34276,23,,,1,20,,34277,23,,,1
60100,'74',554,,34280,23,,,1,57,,34281,23,,,1,17,,34282,23,,,1,17,,34283,23,,,1,57,,34284,23,,,1,21,,34285,23,,,1,19,,34286,23,,,1,17,,34287,23,,,1,59,,34288,23,,,1,16,,34289,23,,,1,18,,34290,23,,,1,56,,34291,23,,,1,16,,34292,23,,,1,16,,34293,23,,,1,18,,34294,23,,,1,56,,34295,23,,,1,19,,34296,23,,,1,16,,34297,23,,,1,56,,34298,23,,,1,16,,34299,23,,,1,16,,34300,23,,,1,18,,34301,23,,,1,56,,34302,23,,,1,16,,34303,23,,,1,20,,34304,23,,,1,56,,34305,23,,,1,15,,34306,23,,,1,15,,34307,23,,,1,15,,34308,23,,,1,55,,34309,23,,,1,15,,34310,23,,,1,15,,34311,23,,,1,15,,34312,23,,,1,55,,34313,23,,,1,15,,34314,23,,,1,15,,34315,23,,,1,15,,34316,23,,,1,55,,34317,23,,,1,12,,34318,23,,,1,15,,34319,23,,,1,15,,34320,23,,,1,55,,34321,23,,,1,15,,34322,23,,,1,15,,34323,23,,,1,15,,34324,23,,,1,55,,34325,23,,,1,15,,34326,23,,,1,15,,34327,23,,,1,15,,34328,23,,,1,12,,34329,23,,,1,55,,34330,23,,,1,15,,34331,23,,,1,15,,34332,23,,,1,15,,34333,23,,,1,55,,34334,23,,,1,15,,34335,23,,,1,15,,34336,23,,,1,8,,34337,23,,,1,58,,34338,23,,,1,18,,34339,23,,,1,18,,34340,23,,,1,15,,34341,23,,,1,58,,34342,23,,,1,18,,34343,23,,,1,18,,34344,23,,,1,56,,34345,23,,,1,16,,34346,23,,,1,10,,34347,23,,,1,16,,34348,23,,,1,56,,34349,23,,,1,16,,34350,23,,,1,16,,34351,23,,,1,16,,34352,23,,,1,56,,34353,23,,,1,16,,34354,23,,,1
60100,'80',626,,34369,23,,,1,20,,34368,23,,,1,60,,34367,23,,,1,20,,34366,23,,,1,20,,34365,23,,,1,64,,34364,23,,,1,20,,34363,23,,,1,20,,34362,23,,,1,64,,34361,23,,,1,20,,34355,23,,,1,20,,34356,23,,,1,60,,34357,23,,,1,23,,34358,23,,,1,20,,34359,23,,,1,63,,34360,23,,,1,27,,34397,23,,,1,61,,34396,23,,,1,23,,34395,23,,,1,21,,34370,23,,,1,65,,34371,23,,,1,21,,34372,23,,,1,21,,34373,23,,,1,61,,34374,23,,,1,21,,34375,23,,,1,61,,34376,23,,,1,21,,34377,23,,,1,22,,34378,23,,,1,61,,34379,23,,,1,21,,34380,23,,,1,17,,34381,23,,,1,61,,34382,23,,,1,21,,34383,23,,,1,21,,34384,23,,,1,61,,34385,23,,,1,21,,34386,23,,,1,18,,34387,23,,,1,61,,34388,23,,,1,21,,34389,23,,,1,20,,34390,23,,,1,61,,34391,23,,,1,21,,34392,23,,,1,21,,34393,23,,,1,56,,34394,23,,,1,29,,34403,23,,,1,20,,34402,23,,,1,60,,34401,23,,,1,20,,34398,23,,,1,20,,34399,23,,,1,56,,34400,23,,,1,30,,34410,23,,,1,15,,34409,23,,,1,60,,34404,23,,,1,20,,34405,23,,,1,20,,34406,23,,,1,60,,34407,23,,,1,20,,34408,23,,,1
989900,'1',2132,,36830,82,,,1,73,,36831,82,,,1,38,,36832,82,,,1,78,,36833,82,,,1,35,,36834,82,,,1,72,,36835,82,,,1,75,,36836,82,,,1,35,,36837,82,,,1,74,,36838,82,0,5 6,1,35,,36839,82,0,5 6,1,79,,36840,82,0,5 6,1
989900,'2',2136,,36841,82,,,1,94,,36842,82,,,1,86,,36843,82,,,1,91,,36844,82,,,1,46,,36845,82,,,1,86,,36846,82,,,1,82,,36847,82,0,5 6,1,86,,36848,82,0,5 6,1,46,,36849,82,0,5 6,1
989900,'3',2151,,36850,82,,,1,90,,36851,82,,,1,85,,36852,82,,,1,90,,36853,82,,,1,40,,36854,82,,,1,83,,36855,82,,,1,78,,36856,82,0,5 6,1,83,,36857,82,0,5 6,1,43,,36858,82,0,5 6,1
989900,'74',2136,,36859,82,,,1,94,,36860,82,,,1,86,,36861,82,,,1,91,,36862,82,,,1,46,,36863,82,,,1,86,,36864,82,,,1,82,,36865,82,0,5 6,1,86,,36866,82,0,5 6,1,46,,36867,82,0,5 6,1
989900,'80',2151,,36868,82,,,1,90,,36869,82,,,1,85,,36870,82,,,1,90,,36871,82,,,1,40,,36872,82,,,1,83,,36873,82,,,1,78,,36874,82,0,5 6,1,83,,36875,82,0,5 6,1,43,,36876,82,0,5 6,1
