7701,'1',436,,16783,9,,,1,17,,16784,9,,,1,53,,16785,9,,,1,15,,16786,9,,,1,16,,16787,9,,,1,15,,16788,9,,,1,55,,16789,9,,,1,16,,16790,9,,,1,16,,16791,9,,,1,16,,16792,9,,,1,57,,16793,9,,,1,16,,16794,9,,,1,16,,16795,9,,,1,56,,16796,9,,,1,16,,16797,9,,,1,16,,16798,9,,,1,17,,16799,9,,,1,56,,16800,9,,,1,15,,16801,9,,,1,16,,16802,9,,,1,16,,16803,9,,,1,56,,16804,9,,,1,31,,16805,9,,,1,70,,16806,9,,,1,30,,16807,9,,,1,70,,16808,9,,,1,30,,16809,9,,,1,71,,16810,9,,,1,30,,16811,9,,,1,70,,16812,9,,,1,19,,16813,9,,,1,19,,16814,9,,,1,59,,16815,9,,,1,19,,16816,9,,,1,19,,16817,9,,,1,59,,16818,9,,,1,19,,16819,9,,,1,19,,16820,9,,,1,59,,16821,9,,,1,19,,16822,9,,,1,19,,16823,9,,,1,19,,16824,9,,,1,58,,16825,9,,,1,19,,16826,9,,,1,18,,16827,9,,,1,58,,16828,9,,,1,19,,16829,9,,,1,19,,16830,9,,,1,67,,16831,9,,,1,27,,16832,9,,,1,67,,16833,9,,,1,27,,16834,9,,,1,67,,16835,9,,,1,33,,16836,9,,,1,72,,16837,9,,,1,33,,16838,9,,,1,72,,16839,9,,,1,33,,16840,9,,,1,73,,16841,9,,,1,33,,16842,9,,,1,75,,16843,9,,,1
7701,'2',518,,16852,9,,,1,35,,16853,9,,,1,75,,16854,9,,,1,75,,16855,9,,,1,35,,16856,9,,,1,75,,16857,9,,,1,35,,16858,9,,,1,75,,16859,9,,,1,86,,16860,9,,,1,42,,16861,9,,,1,81,,16862,9,,,1,81,,16863,9,,,1,41,,16864,9,,,1,82,,16865,9,,,1,81,,16866,9,,,1,42,,16885,9,,,1,73,,16867,9,,,1,73,,16868,9,,,1,33,,16869,9,,,1,73,,16870,9,,,1,31,,16871,9,,,1,73,,16872,9,,,1,30,,16873,9,,,1,70,,16874,9,,,1,30,,16875,9,,,1,70,,16876,9,,,1,30,,16877,9,,,1,70,,16878,9,,,1,30,,16879,9,,,1,70,,16880,9,,,1,30,,16881,9,,,1,69,,16882,9,,,1,30,,16883,9,,,1,76,,16884,9,,,1,36,,16886,9,,,1,70,,16887,9,,,1,33,,16888,9,,,1,73,,16889,9,,,1
7701,'3',917,,16890,9,,,1,92,,16891,9,,,1,92,,16892,9,,,1,53,,16893,9,,,1,92,,16894,9,,,1,92,,16895,9,,,1,93,,16896,9,,,1,90,,16897,9,,,1,92,,16898,9,,,1,92,,16899,9,,,1,53,,16900,9,,,1,93,,16901,9,,,1,91,,16902,9,,,1,86,,16903,9,,,1,89,,16908,9,,,1,84,,16904,9,,,1,48,,16905,9,,,1,88,,16906,9,,,1,83,,16907,9,,,1,87,,16911,9,,,1,39,,16909,9,,,1,80,,16910,9,,,1
7701,'80',917,,16915,9,,,1,92,,16916,9,,,1,92,,16917,9,,,1,53,,16918,9,,,1,92,,16919,9,,,1,92,,16920,9,,,1,93,,16921,9,,,1,90,,16922,9,,,1,92,,16923,9,,,1,92,,16924,9,,,1,53,,16925,9,,,1,93,,16926,9,,,1,91,,16927,9,,,1,86,,16928,9,,,1,89,,16933,9,,,1,84,,16929,9,,,1,48,,16930,9,,,1,88,,16931,9,,,1,83,,16932,9,,,1,87,,16936,9,,,1,39,,16934,9,,,1,80,,16935,9,,,1
9900,'1',446,,18813,9,,,1,80,,18814,9,,,1,80,,18815,9,,,1,41,,18816,9,,,1,91,,18817,9,,,1,75,,18818,9,,,1,36,,18819,9,,,1,74,,18820,9,,,1,35,,18821,9,,,1,75,,18822,9,,,1,96,,18823,9,,,1,94,,18824,9,,,1,94,,18825,9,,,1,94,,18826,9,,,1,29,,18838,9,,,1,71,,18837,9,,,1,29,,18827,9,,,1,70,,18828,9,,,1,30,,18829,9,,,1,70,,18830,9,,,1,30,,18831,9,,,1,70,,18832,9,,,1,30,,18833,9,,,1,68,,18834,9,,,1,30,,18835,9,,,1,70,,18836,9,,,1
9900,'2',604,,18841,9,,,1,38,,18842,9,,,1,78,,18856,9,,,1,88,,18855,9,,,1,47,,18843,9,,,1,87,,18844,9,,,1,87,,18845,9,,,1,87,,18846,9,,,1,104,,18847,9,,,1,95,,18848,9,,,1,95,,18849,9,,,1,95,,18850,9,,,1,95,,18851,9,,,1,55,,18852,9,,,1,95,,18853,9,,,1,95,,18854,9,,,1,88,,18858,9,,,1,90,,18857,9,,,1
9900,'3',611,,18861,9,,,1,38,,18862,9,,,1,78,,18863,9,,,1,78,,18864,9,,,1,51,,18881,9,,,1,89,,18865,9,,,1,89,,18866,9,,,1,89,,18867,9,,,1,89,,18868,9,,,1,89,,18869,9,,,1,49,,18870,9,,,1,89,,18871,9,,,1,89,,18872,9,,,1,89,,18873,9,,,1,89,,18874,9,,,1,49,,18875,9,,,1,89,,18876,9,,,1,89,,18877,9,,,1,87,,18878,9,,,1
9900,'80',611,,18882,9,,,1,38,,18883,9,,,1,78,,18884,9,,,1,78,,18885,9,,,1,51,,18902,9,,,1,89,,18886,9,,,1,89,,18887,9,,,1,89,,18888,9,,,1,89,,18889,9,,,1,89,,18890,9,,,1,49,,18891,9,,,1,89,,18892,9,,,1,89,,18893,9,,,1,89,,18894,9,,,1,89,,18895,9,,,1,49,,18896,9,,,1,89,,18897,9,,,1,89,,18898,9,,,1,87,,18899,9,,,1
36000,'2',837,,20438,9,,,1,68,,20439,9,,,1,28,,20440,9,,,1,68,,20441,9,,,1,28,,20442,9,,,1,28,,20443,9,,,1,68,,20444,9,,,1,28,,20445,9,,,1,68,,20446,9,,,1,28,,20447,9,,,1,68,,20448,9,,,1,28,,20449,9,,,1,68,,20450,9,,,1,29,,20451,9,,,1,68,,20452,9,,,1,28,,20453,9,,,1,68,,20454,9,,,1,28,,20455,9,,,1,70,,20456,9,,,1,30,,20457,9,,,1,71,,20458,9,,,1,29,,20459,9,,,1,70,,20460,9,,,1,30,,20461,9,,,1,70,,20462,9,,,1,30,,20463,9,,,1,71,,20464,9,,,1,30,,20465,9,,,1,70,,20466,9,,,1
36000,'80',836,,20467,9,,,1,68,,20468,9,,,1,28,,20469,9,,,1,68,,20470,9,,,1,28,,20471,9,,,1,28,,20472,9,,,1,68,,20473,9,,,1,28,,20474,9,,,1,68,,20475,9,,,1,28,,20476,9,,,1,68,,20477,9,,,1,28,,20478,9,,,1,68,,20479,9,,,1,28,,20480,9,,,1,68,,20481,9,,,1,28,,20482,9,,,1,68,,20483,9,,,1,28,,20484,9,,,1,68,,20485,9,,,1,28,,20486,9,,,1,28,,20487,9,,,1,68,,20488,9,,,1,28,,20489,9,,,1,68,,20490,9,,,1,28,,20491,9,,,1,66,,20492,9,,,1,26,,20493,9,,,1,66,,20494,9,,,1
36000,'24603.3',836,,20495,9,,,1,68,,20496,9,,,1,28,,20497,9,,,1,68,,20498,9,,,1,28,,20499,9,,,1,28,,20500,9,,,1,68,,20501,9,,,1,28,,20502,9,,,1,68,,20503,9,,,1,28,,20504,9,,,1,68,,20505,9,,,1,28,,20506,9,,,1,68,,20507,9,,,1,28,,20508,9,,,1,68,,20509,9,,,1,28,,20510,9,,,1,68,,20511,9,,,1,28,,20512,9,,,1,68,,20513,9,,,1,28,,20514,9,,,1,28,,20515,9,,,1,68,,20516,9,,,1,28,,20517,9,,,1,68,,20518,9,,,1,28,,20519,9,,,1,66,,20520,9,,,1,26,,20521,9,,,1,66,,20522,9,,,1
36000,'24604.3',2132,,20523,9,,,1,26,,20524,9,,,1,66,,20525,9,,,1
989900,'1',2042,,22653,9,,,1,77,,22654,9,,,1,38,,22655,9,,,1,78,,22656,9,,,1,75,,22657,9,,,1,34,,22658,9,,,1,75,,22659,9,,,1,35,,22660,9,,,1,75,,22661,9,0,5 6,1,75,,22662,9,0,5 6,1,41,,22663,9,0,5 6,1
989900,'2',2043,,22664,9,,,1,94,,22665,9,,,1,93,,22666,9,,,1,94,,22667,9,,,1,86,,22668,9,,,1,46,,22669,9,,,1,86,,22670,9,0,5 6,1,86,,22671,9,0,5 6,1,86,,22672,9,0,5 6,1
989900,'3',2101,,22673,9,,,1,50,,22674,9,,,1,91,,22675,9,,,1,90,,22676,9,,,1,82,,22677,9,,,1,43,,22678,9,,,1,82,,22679,9,0,5 6,1,83,,22680,9,0,5 6,1,83,,22681,9,0,5 6,1
989900,'80',2101,,22682,9,,,1,50,,22683,9,,,1,91,,22684,9,,,1,90,,22685,9,,,1,82,,22686,9,,,1,43,,22687,9,,,1,82,,22688,9,0,5 6,1,83,,22689,9,0,5 6,1,83,,22690,9,0,5 6,1
