5500,'1',550,,28727,35,,,1,81,,28726,35,,,1,74,,28725,35,,,1,44,,28724,35,,,1,78,,28723,35,,,1,79,,28722,35,,,1,39,,28713,35,,,1,669,,28721,35,,,1,41,,28720,35,,,1,81,,28719,35,,,1,80,,28718,35,,,1,41,,28717,35,,,1,81,,28716,35,,,1,79,,28715,35,,,1,41,,28714,35,,,1
5501,'1',604,,28743,6,,,1,39,,28742,6,,,1,77,,28741,6,,,1,81,,28740,6,,,1,40,,28739,6,,,1,79,,28738,6,,,1,39,,28728,6,,,1,544,,28730,6,,,1,44,,28731,6,,,1,81,,28732,6,,,1,81,,28737,6,,,1,40,,28736,6,,,1,81,,28735,6,,,1,81,,28734,6,,,1,41,,28733,6,,,1,81,,28729,6,,,1
5600,'1',600,,28752,33,4,,1,106,,28751,33,4,,1,106,,28750,33,4,,1,108,,28749,34,4,,1,497,,28748,34,4,,1,110,,28747,34,4,,1,110,,28746,34,4,,1,110,,28745,34,4,,1,108,,28744,34,4,,1
5601,'1',607,,28761,1,,,1,12,,28761,20,,,1,94,,28760,1,,,1,12,,28760,20,,,1,94,,28759,1,,,1,12,,28759,20,,,1,94,,28758,1,,,1,11,,28758,20,,,1,486,,28757,1,,,1,14,,28757,20,,,1,96,,28756,1,,,1,14,,28756,20,,,1,96,,28755,1,,,1,14,,28755,20,,,1,96,,28754,1,,,1,52,,28754,20,,,1,98,,28753,1,,,1,11,,28753,20,,,1
5700,'1',723,,28762,36,4,,1,32,,28763,36,4,,1,82,,28764,36,4,,1,77,,28765,36,4,,1,34,,28766,36,4,,1,76,,28767,36,4,,1,76,,28768,36,4,,1,36,,28769,36,4,,1,76,,28770,36,4,,1,36,,28771,36,4,,1,76,,28772,36,4,,1,76,,28773,36,4,,1,41,,28774,36,4,,1,78,,28775,36,4,,1,39,,28776,36,4,,1,77,,28777,36,4,,1,78,,28778,36,4,,1,36,,28779,36,4,,1,78,,28780,36,4,,1,75,,28781,36,4,,1,38,,28782,36,4,,1,99,,28783,36,4,,1,102,,28784,36,4,,1,102,,28785,36,4,,1
5700,'2',727,,28800,36,4,,1,104,,28799,36,4,,1,106,,28798,36,4,,1,104,,28797,36,4,,1,104,,28796,36,4,,1,104,,28795,36,4,,1,104,,28794,36,4,,1,104,,28793,36,4,,1,145,,28792,36,4,,1,104,,28791,36,4,,1,104,,28790,36,4,,1,104,,28789,36,4,,1,101,,28788,36,4,,1,104,,28787,36,4,,1,104,,28786,36,4,,1
5700,'3',827,,28814,36,4,,1,103,,28813,36,4,,1,105,,28812,36,4,,1,105,,28811,36,4,,1,105,,28810,36,4,,1,105,,28809,36,4,,1,105,,28808,36,4,,1,145,,28807,36,4,,1,105,,28806,36,4,,1,105,,28805,36,4,,1,103,,28804,36,4,,1,105,,28803,36,4,,1,107,,28802,36,4,,1,102,,28801,36,4,,1
5700,'74',727,,28829,36,4,,1,104,,28828,36,4,,1,106,,28827,36,4,,1,104,,28826,36,4,,1,104,,28825,36,4,,1,104,,28824,36,4,,1,104,,28823,36,4,,1,104,,28822,36,4,,1,145,,28821,36,4,,1,104,,28820,36,4,,1,104,,28819,36,4,,1,104,,28818,36,4,,1,101,,28817,36,4,,1,104,,28816,36,4,,1,104,,28815,36,4,,1
5700,'80',827,,28843,36,4,,1,103,,28842,36,4,,1,105,,28841,36,4,,1,105,,28840,36,4,,1,105,,28839,36,4,,1,105,,28838,36,4,,1,105,,28837,36,4,,1,145,,28836,36,4,,1,105,,28835,36,4,,1,105,,28834,36,4,,1,103,,28833,36,4,,1,105,,28832,36,4,,1,107,,28831,36,4,,1,102,,28830,36,4,,1
5701,'1',729,,28844,1,,,1,77,,28845,1,,,1,36,,28846,1,,,1,78,,28847,1,,,1,36,,28848,1,,,1,76,,28849,1,,,1,76,,28850,1,,,1,36,,28851,1,,,1,76,,28852,1,,,1,36,,28853,1,,,1,76,,28854,1,,,1,76,,28855,1,,,1,40,,28856,1,,,1,77,,28857,1,,,1,78,,28858,1,,,1,38,,28859,1,,,1,78,,28860,1,,,1,38,,28861,1,,,1,78,,28862,1,,,1,78,,28863,1,,,1,32,,28866,1,,,1,102,,28864,1,,,1,102,,28865,1,,,1
5701,'2',730,,28880,1,,,1,104,,28879,1,,,1,104,,28878,1,,,1,104,,28877,1,,,1,104,,28876,1,,,1,104,,28875,1,,,1,104,,28874,1,,,1,104,,28873,1,,,1,145,,28872,1,,,1,104,,28871,1,,,1,104,,28870,1,,,1,104,,28869,1,,,1,103,,28868,1,,,1,104,,28867,1,,,1
5701,'3',827,,28893,1,,,1,105,,28892,1,,,1,105,,28891,1,,,1,105,,28890,1,,,1,105,,28889,1,,,1,105,,28888,1,,,1,105,,28887,1,,,1,145,,28886,1,,,1,105,,28885,1,,,1,105,,28884,1,,,1,103,,28883,1,,,1,105,,28882,1,,,1,107,,28881,1,,,1
5701,'74',730,,28907,1,,,1,104,,28906,1,,,1,104,,28905,1,,,1,104,,28904,1,,,1,104,,28903,1,,,1,104,,28902,1,,,1,104,,28901,1,,,1,104,,28900,1,,,1,145,,28899,1,,,1,104,,28898,1,,,1,104,,28897,1,,,1,104,,28896,1,,,1,103,,28895,1,,,1,104,,28894,1,,,1
5701,'80',827,,28920,1,,,1,105,,28919,1,,,1,105,,28918,1,,,1,105,,28917,1,,,1,105,,28916,1,,,1,105,,28915,1,,,1,105,,28914,1,,,1,145,,28913,1,,,1,105,,28912,1,,,1,105,,28911,1,,,1,103,,28910,1,,,1,105,,28909,1,,,1,107,,28908,1,,,1
