201,'1',527,,12827,29,4,,1,21,,12828,29,4,,1,61,,12829,29,4,,1,21,,12830,29,4,,1,3,,12797,80,4,,1,21,,12798,80,4,,1,65,,12799,80,4,,1,24,,12800,80,4,,1,61,,12801,80,4,,1,29,,12802,88,4,,1,21,,12803,80,4,,1,61,,12804,80,4,,1,21,,12805,80,4,,1,13,,12806,80,4,,1,71,,12807,80,4,,1,35,,12808,80,4,,1,75,,12809,80,4,,1,75,,12810,80,4,,1,35,,12811,80,4,,1,75,,12812,80,4,,1,35,,12813,80,4,,1,75,,12814,80,4,,1,83,,12815,80,4,,1,23,,12816,80,4,,1,23,,12817,80,4,,1,63,,12818,80,4,,1,21,,12819,80,4,,1,67,,12820,80,4,,1,25,,12821,80,4,,1,23,,12822,80,4,,1,63,,12823,80,4,,1,17,,12824,80,4,,1,23,,12825,80,4,,1,60,,12826,80,4,,1,23,,12831,80,4,,1,17,,12832,80,4,,1,80,,12833,80,4,,1,80,,12834,80,4,,1,35,,12835,80,4,,1,80,,12836,80,4,,1,80,,12837,80,4,,1,36,,12838,80,4,,1
201,'2',858,,12841,96,4,,1,80,,12842,96,4,,1,85,,12843,96,4,,1,80,,12844,96,4,,1,40,,12845,96,4,,1,81,,12846,96,4,,1,80,,12847,96,4,,1,40,,12848,96,4,,1,80,,12849,96,4,,1,80,,12850,96,4,,1,37,,12851,96,4,,1,80,,12852,96,4,,1,80,,12853,96,4,,1,40,,12854,96,4,,1,80,,12855,96,4,,1,80,,12856,96,4,,1,36,,12857,96,4,,1,80,,12858,96,4,,1,40,,12859,96,4,,1,80,,12860,96,4,,1,74,,12861,96,4,,1,33,,12862,96,4,,1,73,,12863,96,4,,1,33,,12864,96,4,,1,69,,12865,96,4,,1,33,,12866,96,4,,1
201,'3',950,,12877,96,4,,1,152,,12867,96,4,,1,117,,12868,96,4,,1,120,,12869,96,4,,1,117,,12870,96,4,,1,155,,12871,96,4,,1,117,,12872,96,4,,1,117,,12873,96,4,,1,157,,12874,96,4,,1,113,,12875,96,4,,1,109,,12876,96,4,,1,105,,12878,96,4,,1,108,,12879,96,4,,1
201,'80',950,,12890,96,4,,1,152,,12880,96,4,,1,117,,12881,96,4,,1,120,,12882,96,4,,1,117,,12883,96,4,,1,155,,12884,96,4,,1,117,,12885,96,4,,1,117,,12886,96,4,,1,157,,12887,96,4,,1,113,,12888,96,4,,1,109,,12889,96,4,,1,105,,12891,96,4,,1,108,,12892,96,4,,1
500,'1',530,,13436,33,4,,1,22,,13452,33,4,,1,62,,13451,33,4,,1,22,,13450,33,4,,1,22,,13449,33,4,,1,64,,13448,33,4,,1,22,,13447,33,4,,1,66,,13446,33,4,,1,20,,13445,33,4,,1,22,,13444,33,4,,1,62,,13443,33,4,,1,22,,13441,33,4,,1,72,,13440,20,4,,1,32,,13442,20,4,,1,72,,13439,20,4,,1,32,,13438,20,4,,1,72,,13437,20,4,,1,32,,13435,20,4,,1,72,,13416,20,4,,1,32,,13434,20,4,,1,72,,13433,20,4,,1,32,,13432,20,4,,1,65,,13431,20,4,,1,23,,13430,20,4,,1,61,,13429,20,4,,1,23,,13428,20,4,,1,23,,13427,20,4,,1,62,,13426,20,4,,1,23,,13425,20,4,,1,23,,13424,20,4,,1,63,,13423,20,4,,1,21,,13422,20,4,,1,63,,13421,20,4,,1,23,,13420,20,4,,1,28,,13418,20,4,,1,68,,13417,20,4,,1,28,,13419,20,4,,1,68,,13415,20,4,,1,27,,13414,20,4,,1,68,,13413,20,4,,1,23,,13412,20,4,,1
500,'2',704,,13468,20,4,,1,28,,13470,20,4,,1,68,,13471,20,4,,1,28,,13472,20,4,,1,28,,13473,20,4,,1,68,,13474,20,4,,1,28,,13475,20,4,,1,68,,13476,20,4,,1,28,,13477,20,4,,1,68,,13478,20,4,,1,30,,13479,20,4,,1,68,,13480,20,4,,1,28,,13481,20,4,,1,68,,13453,20,4,,1,30,,13454,20,4,,1,70,,13455,20,4,,1,29,,13456,20,4,,1,69,,13457,20,4,,1,29,,13458,20,4,,1,69,,13459,20,4,,1,29,,13460,20,4,,1,69,,13461,20,4,,1,29,,13462,20,4,,1,67,,13463,20,4,,1,26,,13464,20,4,,1,26,,13465,20,4,,1,67,,13466,20,4,,1,25,,13467,20,4,,1,65,,13469,20,4,,1
2301,'1',603,,15530,50,4,,1,106,,15529,50,4,,1,113,,15528,50,4,,1,106,,15527,50,4,,1,617,,15526,50,4,,1,76,,15525,50,4,,1,90,,15524,50,4,,1,90,,15523,50,4,,1,47,,15522,50,4,,1,86,,15521,50,4,,1
7700,'1',421,,16671,32,4,,1,15,,16672,32,4,,1,15,,16673,32,4,,1,55,,16674,32,4,,1,15,,16675,32,4,,1,9,,16632,45,4,,1,17,,16631,45,4,,1,53,,16630,45,4,,1,21,,16629,45,4,,1,15,,16627,45,4,,1,21,,16628,45,4,,1,53,,16647,45,4,,1,16,,16646,45,4,,1,16,,16645,45,4,,1,66,,16644,45,4,,1,16,,16643,45,4,,1,16,,16642,45,4,,1,16,,16633,45,4,,1,53,,16634,45,4,,1,16,,16635,45,4,,1,16,,16636,45,4,,1,16,,16637,45,4,,1,53,,16638,45,4,,1,12,,16639,45,4,,1,16,,16640,45,4,,1,71,,16641,45,4,,1,34,,16655,45,4,,1,70,,16654,45,4,,1,30,,16653,45,4,,1,70,,16648,45,4,,1,33,,16649,45,4,,1,61,,16676,32,4,,1,9,,16650,45,4,,1,29,,16677,32,4,,1,1,,16651,45,4,,1,76,,16652,45,4,,1,20,,16678,32,4,,1,3,,16670,45,4,,1,59,,16669,45,4,,1,26,,16668,45,4,,1,24,,16667,45,4,,1,59,,16666,45,4,,1,19,,16656,45,4,,1,19,,16657,45,4,,1,59,,16658,45,4,,1,13,,16659,45,4,,1,13,,16660,45,4,,1,19,,16661,45,4,,1,50,,16662,45,4,,1,19,,16663,45,4,,1,15,,16664,45,4,,1,14,,16665,45,4,,1,59,,16679,45,4,,1,19,,16680,45,4,,1,19,,16681,45,4,,1,69,,16684,45,4,,1,27,,16683,45,4,,1,67,,16682,45,4,,1,39,,16693,45,4,,1,73,,16692,45,4,,1,27,,16691,45,4,,1,73,,16685,45,4,,1,33,,16686,45,4,,1,73,,16687,45,4,,1,73,,16688,45,4,,1,33,,16689,45,4,,1,73,,16690,45,4,,1
7700,'2',501,,16694,32,4,,1,30,,16695,45,4,,1,75,,16696,45,4,,1,35,,16697,45,4,,1,76,,16698,45,4,,1,35,,16699,45,4,,1,75,,16700,45,4,,1,77,,16701,45,4,,1,35,,16702,45,4,,1,75,,16703,45,4,,1,89,,16704,45,4,,1,41,,16705,45,4,,1,81,,16706,45,4,,1,88,,16707,45,4,,1,41,,16708,45,4,,1,81,,16709,45,4,,1,76,,16710,45,4,,1,33,,16711,45,4,,1,73,,16712,45,4,,1,30,,16713,45,4,,1,73,,16714,45,4,,1,33,,16715,45,4,,1,70,,16716,45,4,,1,34,,16717,45,4,,1,70,,16719,45,4,,1,28,,16720,45,4,,1,70,,16721,45,4,,1,30,,16722,45,4,,1,64,,16723,45,4,,1,30,,16724,45,4,,1,73,,16725,45,4,,1,30,,16726,45,4,,1,70,,16727,45,4,,1,25,,16728,45,4,,1,70,,16729,45,4,,1,23,,16718,45,4,,1,70,,16730,45,4,,1,33,,16731,45,4,,1,73,,16732,45,4,,1,33,,16733,45,4,,1,73,,16734,45,4,,1
7700,'3',846,,16735,46,4,,1,92,,16736,46,4,,1,92,,16737,46,4,,1,97,,16738,46,4,,1,97,,16739,46,4,,1,89,,16740,46,4,,1,92,,16741,46,4,,1,95,,16742,46,4,,1,52,,16743,46,4,,1,88,,16744,46,4,,1,92,,16745,46,4,,1,97,,16746,46,4,,1,89,,16747,46,4,,1,90,,16748,46,4,,1,51,,16749,46,4,,1,83,,16750,46,4,,1,87,,16751,46,4,,1,88,,16752,46,4,,1,86,,16753,46,4,,1,47,,16754,46,4,,1,80,,16755,46,4,,1,80,,16756,46,4,,1,36,,16757,46,4,,1,80,,16758,46,4,,1
7700,'80',846,,16759,46,4,,1,92,,16760,46,4,,1,92,,16761,46,4,,1,97,,16762,46,4,,1,97,,16763,46,4,,1,89,,16764,46,4,,1,92,,16765,46,4,,1,95,,16766,46,4,,1,52,,16767,46,4,,1,88,,16768,46,4,,1,92,,16769,46,4,,1,97,,16770,46,4,,1,89,,16771,46,4,,1,90,,16772,46,4,,1,51,,16773,46,4,,1,83,,16774,46,4,,1,87,,16775,46,4,,1,88,,16776,46,4,,1,86,,16777,46,4,,1,47,,16778,46,4,,1,80,,16779,46,4,,1,80,,16780,46,4,,1,36,,16781,46,4,,1,80,,16782,46,4,,1
8801,'1',531,,17784,15,4,,1,69,,17785,38,4,,1,28,,17786,57,4,,1,27,,17755,57,4,,1,55,,17754,57,4,,1,22,,17753,57,4,,1,15,,17750,57,4,,1,58,,17751,57,4,,1,22,,17752,57,4,,1,14,,17769,57,4,,1,64,,17768,57,4,,1,9,,17767,57,4,,1,14,,17756,57,4,,1,14,,17757,57,4,,1,10,,17758,57,4,,1,54,,17759,57,4,,1,10,,17760,57,4,,1,14,,17761,57,4,,1,14,,17762,57,4,,1,14,,17763,57,4,,1,54,,17764,57,4,,1,20,,17765,57,4,,1,14,,17766,57,4,,1,62,,17774,57,4,,1,30,,17773,57,4,,1,70,,17770,57,4,,1,30,,17771,57,4,,1,70,,17772,57,4,,1,38,,17783,57,4,,1,70,,17782,57,4,,1,20,,17781,57,4,,1,18,,17780,57,4,,1,52,,17779,57,4,,1,15,,17775,57,4,,1,15,,17776,57,4,,1,13,,17777,57,4,,1,55,,17778,57,4,,1,15,,17787,57,4,,1,15,,17788,57,4,,1,15,,17789,57,4,,1,55,,17790,57,4,,1,10,,17791,57,4,,1,15,,17792,57,4,,1,15,,17793,57,4,,1,15,,17794,57,4,,1,48,,17795,57,4,,1,19,,17802,57,4,,1,14,,17801,57,4,,1,14,,17800,57,4,,1,54,,17799,57,4,,1,14,,17796,57,4,,1,14,,17797,57,4,,1,11,,17798,57,4,,1,60,,17807,57,4,,1,41,,17806,57,4,,1,75,,17803,57,4,,1,81,,17804,57,4,,1,38,,17805,57,4,,1
8801,'2',634,,17808,57,4,,1,69,,17809,57,4,,1,29,,17810,57,4,,1,69,,17811,57,4,,1,40,,17812,57,4,,1,74,,17813,57,4,,1,38,,17814,57,4,,1,74,,17815,57,4,,1,74,,17816,57,4,,1,29,,17817,57,4,,1,29,,17818,57,4,,1,72,,17819,57,4,,1,69,,17820,57,4,,1,29,,17821,57,4,,1,29,,17822,57,4,,1,69,,17823,57,4,,1,29,,17824,57,4,,1,69,,17825,57,4,,1,29,,17826,57,4,,1,69,,17827,57,4,,1,29,,17828,57,4,,1,69,,17829,57,4,,1,29,,17830,57,4,,1,69,,17831,57,4,,1,24,,17832,57,4,,1,69,,17833,57,4,,1,29,,17834,57,4,,1,62,,17835,57,4,,1,29,,17836,57,4,,1,23,,17837,57,4,,1,66,,17838,57,4,,1,22,,17839,57,4,,1,66,,17840,57,4,,1,26,,17841,57,4,,1,66,,17842,57,4,,1,26,,17843,57,4,,1,26,,17844,57,4,,1
8801,'3',830,,17845,57,4,,1,71,,17846,57,4,,1,34,,17847,57,4,,1,71,,17848,57,4,,1,35,,17849,57,4,,1,75,,17850,57,4,,1,40,,17851,57,4,,1,78,,17852,57,4,,1,69,,17853,57,4,,1,29,,17854,57,4,,1,69,,17855,57,4,,1,29,,17856,57,4,,1,29,,17857,57,4,,1,69,,17858,57,4,,1,29,,17859,57,4,,1,69,,17860,57,4,,1,29,,17861,57,4,,1,69,,17862,57,4,,1,26,,17863,57,4,,1,69,,17864,57,4,,1,22,,17865,57,4,,1,65,,17866,57,4,,1,25,,17867,57,4,,1,25,,17868,57,4,,1,65,,17869,57,4,,1,25,,17870,57,4,,1,59,,17871,57,4,,1,25,,17872,57,4,,1
8801,'80',830,,17873,57,4,,1,71,,17874,57,4,,1,34,,17875,57,4,,1,71,,17876,57,4,,1,35,,17877,57,4,,1,75,,17878,57,4,,1,40,,17879,57,4,,1,78,,17880,57,4,,1,69,,17881,57,4,,1,29,,17882,57,4,,1,69,,17883,57,4,,1,29,,17884,57,4,,1,29,,17885,57,4,,1,69,,17886,57,4,,1,29,,17887,57,4,,1,69,,17888,57,4,,1,29,,17889,57,4,,1,69,,17890,57,4,,1,26,,17891,57,4,,1,69,,17892,57,4,,1,22,,17893,57,4,,1,65,,17894,57,4,,1,25,,17895,57,4,,1,25,,17896,57,4,,1,65,,17897,57,4,,1,25,,17898,57,4,,1,59,,17899,57,4,,1,25,,17900,57,4,,1
9101,'1',551,,18419,47,4,,1,51,,18418,47,4,,1,11,,18417,47,4,,1,11,,18416,47,4,,1,13,,18415,47,4,,1,11,,18414,47,4,,1,11,,18413,47,4,,1,53,,18349,47,4,,1,11,,18350,47,4,,1,13,,18351,47,4,,1,16,,18366,47,4,,1,52,,18365,47,4,,1,22,,18364,47,4,,1,12,,18363,47,4,,1,12,,18352,47,4,,1,52,,18353,47,4,,1,12,,18354,47,4,,1,9,,18355,47,4,,1,12,,18356,47,4,,1,4,,18357,47,4,,1,12,,18358,47,4,,1,52,,18359,47,4,,1,12,,18360,47,4,,1,12,,18361,47,4,,1,12,,18362,47,4,,1,13,,18374,47,4,,1,65,,18373,47,4,,1,29,,18367,47,4,,1,65,,18368,47,4,,1,25,,18369,47,4,,1,65,,18370,47,4,,1,25,,18371,47,4,,1,24,,18372,47,4,,1,62,,18386,47,4,,1,13,,18385,47,4,,1,18,,18384,47,4,,1,13,,18383,47,4,,1,53,,18375,47,4,,1,13,,18376,47,4,,1,11,,18377,47,4,,1,13,,18378,47,4,,1,13,,18379,47,4,,1,53,,18380,47,4,,1,13,,18381,47,4,,1,13,,18382,47,4,,1,20,,18399,47,4,,1,54,,18398,47,4,,1,14,,18397,47,4,,1,14,,18396,47,4,,1,14,,18395,47,4,,1,54,,18387,47,4,,1,14,,18388,47,4,,1,7,,18389,47,4,,1,14,,18390,47,4,,1,14,,18391,47,4,,1,52,,18392,47,4,,1,14,,18393,47,4,,1,12,,18394,47,4,,1,67,,18412,47,4,,1,22,,18411,47,4,,1,23,,18400,47,4,,1,63,,18401,47,4,,1,23,,18402,47,4,,1,23,,18403,47,4,,1,61,,18404,47,4,,1,23,,18405,47,4,,1,19,,18406,47,4,,1,63,,18407,47,4,,1,23,,18408,47,4,,1,63,,18409,47,4,,1,23,,18410,47,4,,1
9101,'2',759,,18420,47,4,,1,62,,18421,47,4,,1,26,,18422,47,4,,1,62,,18423,47,4,,1,22,,18424,47,4,,1,22,,18425,47,4,,1,62,,18426,47,4,,1,25,,18427,47,4,,1,67,,18447,47,4,,1,25,,18428,47,4,,1,24,,18429,47,4,,1,65,,18430,47,4,,1,25,,18431,47,4,,1,65,,18432,47,4,,1,29,,18433,47,4,,1,65,,18434,47,4,,1,25,,18435,47,4,,1,25,,18436,47,4,,1,65,,18437,47,4,,1,20,,18438,47,4,,1,65,,18439,47,4,,1,25,,18440,47,4,,1,25,,18441,47,4,,1,65,,18442,47,4,,1,25,,18443,47,4,,1,65,,18444,47,4,,1,25,,18445,47,4,,1,65,,18446,47,4,,1,25,,18448,47,4,,1,23,,18449,47,4,,1,65,,18450,47,4,,1,25,,18451,47,4,,1,88,,18452,47,4,,1,29,,18453,47,4,,1,69,,18454,47,4,,1,22,,18455,47,4,,1,69,,18456,47,4,,1,29,,18457,47,4,,1,63,,18458,47,4,,1
9101,'3',755,,18459,47,4,,1,163,,18460,47,4,,1,91,,18461,47,4,,1,37,,18462,47,4,,1,75,,18463,47,4,,1,32,,18464,47,4,,1,72,,18465,47,4,,1,31,,18466,47,4,,1,72,,18467,47,4,,1,72,,18468,47,4,,1,32,,18469,47,4,,1,71,,18470,47,4,,1,32,,18471,47,4,,1,69,,18472,47,4,,1,32,,18473,47,4,,1,72,,18474,47,4,,1,32,,18475,47,4,,1,72,,18476,47,4,,1,32,,18477,47,4,,1,70,,18478,47,4,,1,96,,18483,47,4,,1,42,,18479,47,4,,1,82,,18480,47,4,,1,81,,18481,47,4,,1,42,,18482,47,4,,1,75,,18487,47,4,,1,76,,18484,47,4,,1,36,,18485,47,4,,1,68,,18486,47,4,,1
9101,'80',755,,18488,47,4,,1,163,,18489,47,4,,1,91,,18490,47,4,,1,37,,18491,47,4,,1,75,,18492,47,4,,1,32,,18493,47,4,,1,72,,18494,47,4,,1,31,,18495,47,4,,1,72,,18496,47,4,,1,72,,18497,47,4,,1,32,,18498,47,4,,1,71,,18499,47,4,,1,32,,18500,47,4,,1,69,,18501,47,4,,1,32,,18502,47,4,,1,72,,18503,47,4,,1,32,,18504,47,4,,1,72,,18505,47,4,,1,32,,18506,47,4,,1,70,,18507,47,4,,1,96,,18512,47,4,,1,42,,18508,47,4,,1,82,,18509,47,4,,1,81,,18510,47,4,,1,42,,18511,47,4,,1,75,,18516,47,4,,1,76,,18513,47,4,,1,36,,18514,47,4,,1,68,,18515,47,4,,1
9901,'1',425,,18903,42,4,,1,81,,18904,42,4,,1,40,,18905,42,4,,1,83,,18906,42,4,,1,82,,18907,42,4,,1,35,,18908,42,4,,1,73,,18909,42,4,,1,83,,18910,42,4,,1,31,,18911,42,4,,1,75,,18912,42,4,,1,94,,18913,42,4,,1,99,,18914,42,4,,1,54,,18915,42,4,,1,94,,18916,42,4,,1,100,,18917,42,4,,1,68,,18918,42,4,,1,30,,18919,42,4,,1,70,,18920,42,4,,1,30,,18921,42,4,,1,70,,18922,42,4,,1,30,,18923,42,4,,1,70,,18924,42,4,,1,25,,18925,42,4,,1,70,,18926,42,4,,1,25,,18927,42,4,,1,70,,18928,42,4,,1,30,,18929,42,4,,1,65,,18930,42,4,,1,30,,18931,42,4,,1,85,,18932,42,4,,1
9901,'2',548,,18933,42,4,,1,77,,18934,42,4,,1,77,,18935,42,4,,1,37,,18936,42,4,,1,87,,18937,42,4,,1,92,,18938,42,4,,1,89,,18939,42,4,,1,47,,18940,42,4,,1,104,,18941,42,4,,1,97,,18942,42,4,,1,95,,18943,42,4,,1,95,,18944,42,4,,1,95,,18945,42,4,,1,95,,18946,42,4,,1,92,,18947,42,4,,1,93,,18948,42,4,,1,95,,18949,42,4,,1,90,,18950,42,4,,1,45,,18951,42,4,,1,85,,18952,42,4,,1
9901,'3',552,,18953,42,4,,1,81,,18954,42,4,,1,78,,18955,42,4,,1,38,,18956,42,4,,1,78,,18957,42,4,,1,93,,18958,42,4,,1,89,,18959,42,4,,1,49,,18960,42,4,,1,89,,18961,42,4,,1,94,,18962,42,4,,1,89,,18963,42,4,,1,89,,18964,42,4,,1,89,,18965,42,4,,1,49,,18966,42,4,,1,89,,18967,42,4,,1,89,,18968,42,4,,1,84,,18969,42,4,,1,89,,18970,42,4,,1,49,,18971,42,4,,1,85,,18972,42,4,,1,89,,18973,42,4,,1,79,,18974,42,4,,1
9901,'80',552,,18975,42,4,,1,81,,18976,42,4,,1,78,,18977,42,4,,1,38,,18978,42,4,,1,78,,18979,42,4,,1,93,,18980,42,4,,1,89,,18981,42,4,,1,49,,18982,42,4,,1,89,,18983,42,4,,1,94,,18984,42,4,,1,89,,18985,42,4,,1,89,,18986,42,4,,1,89,,18987,42,4,,1,49,,18988,42,4,,1,89,,18989,42,4,,1,89,,18990,42,4,,1,84,,18991,42,4,,1,89,,18992,42,4,,1,49,,18993,42,4,,1,85,,18994,42,4,,1,89,,18995,42,4,,1,79,,18996,42,4,,1
36001,'2',1010,,20526,23,4,,1,28,,20527,23,4,,1,68,,20528,23,4,,1,28,,20529,23,4,,1,67,,20530,23,4,,1,28,,20531,23,4,,1,29,,20532,23,4,,1,68,,20533,23,4,,1,28,,20534,23,4,,1,68,,20535,23,4,,1,28,,20536,23,4,,1,68,,20537,23,4,,1,27,,20538,23,4,,1,68,,20539,23,4,,1,28,,20540,23,4,,1,71,,20554,23,4,,1,29,,20553,23,4,,1,67,,20541,23,4,,1,31,,20542,23,4,,1,76,,20543,23,4,,1,30,,20544,23,4,,1,65,,20545,23,4,,1,30,,20546,23,4,,1,73,,20547,23,4,,1,28,,20548,23,4,,1,68,,20549,23,4,,1,30,,20550,23,4,,1,70,,20551,23,4,,1,30,,20552,23,4,,1
36001,'80',1005,,20555,23,4,,1,28,,20556,23,4,,1,68,,20557,23,4,,1,25,,20558,23,4,,1,28,,20559,23,4,,1,70,,20560,23,4,,1,28,,20561,23,4,,1,68,,20562,23,4,,1,29,,20563,23,4,,1,68,,20564,23,4,,1,26,,20565,23,4,,1,72,,20566,23,4,,1,28,,20567,23,4,,1,68,,20568,23,4,,1,29,,20569,23,4,,1,68,,20570,23,4,,1,28,,20571,23,4,,1,68,,20572,23,4,,1,28,,20573,23,4,,1,68,,20574,23,4,,1,31,,20575,23,4,,1,21,,20576,23,4,,1,68,,20577,23,4,,1,28,,20578,23,4,,1,66,,20582,23,4,,1,28,,20579,23,4,,1,66,,20580,23,4,,1,28,,20581,23,4,,1
36001,'24603.3',1005,,20583,23,4,,1,28,,20584,23,4,,1,68,,20585,23,4,,1,25,,20586,23,4,,1,28,,20587,23,4,,1,70,,20588,23,4,,1,28,,20589,23,4,,1,68,,20590,23,4,,1,29,,20591,23,4,,1,68,,20592,23,4,,1,26,,20593,23,4,,1,72,,20594,23,4,,1,28,,20595,23,4,,1,68,,20596,23,4,,1,29,,20597,23,4,,1,68,,20598,23,4,,1,28,,20599,23,4,,1,68,,20600,23,4,,1,28,,20601,23,4,,1,68,,20602,23,4,,1,31,,20603,23,4,,1,21,,20604,23,4,,1,68,,20605,23,4,,1,28,,20606,23,4,,1,66,,20610,23,4,,1,28,,20607,23,4,,1,66,,20608,23,4,,1,28,,20609,23,4,,1
36001,'24604.3',2257,,20611,23,4,,1,66,,20612,23,4,,1,26,,20613,23,4,,1
989901,'1',2252,,22691,97,4,,1,68,,22692,97,4,,1,38,,22693,97,4,,1,74,,22694,97,4,,1,75,,22695,97,4,,1,29,,22696,97,4,,1,75,,22697,97,4,,1,35,,22698,97,4,,1
989901,'2',2300,,22699,97,4,,1,46,,22700,97,4,,1,81,,22701,97,4,,1,91,,22704,97,4,,1,85,,22702,97,4,,1,46,,22703,97,4,,1
989901,'3',2307,,22705,97,4,,1,47,,22706,97,4,,1,83,,22707,97,4,,1,85,,22708,97,4,,1,79,,22709,97,4,,1,43,,22710,97,4,,1
989901,'80',2307,,22711,97,4,,1,47,,22712,97,4,,1,83,,22713,97,4,,1,85,,22714,97,4,,1,79,,22715,97,4,,1,43,,22716,97,4,,1
