5000,'1',559,,28302,34,,,1,67,,28303,34,,,1,27,,28295,34,,,1,67,,28296,34,,,1,28,,28297,34,,,1,65,,28298,34,,,1,25,,28299,34,,,1,65,,28300,34,,,1,25,,28301,34,,,1,30,,28304,34,,,1,69,,28305,34,,,1,29,,28306,34,,,1,69,,28307,34,,,1,29,,28308,34,,,1,72,,28309,34,,,1,29,,28310,34,,,1,69,,28311,34,,,1,29,,28312,34,,,1,69,,28313,34,,,1,30,,28314,34,,,1,69,,28315,34,,,1,29,,28316,34,,,1,73,,28317,34,,,1,32,,28318,34,,,1,71,,28319,34,,,1,26,,28320,34,,,1,60,,28321,34,,,1,26,,28322,34,,,1,66,,28323,34,,,1,31,,28324,34,,,1,79,,28325,34,,,1,31,,28326,34,,,1,76,,28327,34,,,1,34,,28328,34,,,1,76,,28329,34,,,1,77,,28330,34,,,1
5000,'2',626,,28331,34,,,1,77,,28332,34,,,1,37,,28333,34,,,1,77,,28334,34,,,1,38,,28335,34,,,1,79,,28336,34,,,1,79,,28337,34,,,1,39,,28338,34,,,1,79,,28339,34,,,1,82,,28340,34,,,1,39,,28341,34,,,1,79,,28342,34,,,1,77,,28343,34,,,1,38,,28344,34,,,1,79,,28345,34,,,1,79,,28346,34,,,1,37,,28347,34,,,1,70,,28348,34,,,1,37,,28349,34,,,1,78,,28350,34,,,1,79,,28351,34,,,1,34,,28352,34,,,1,74,,28353,34,,,1,34,,28354,34,,,1,74,,28355,34,,,1,34,,28356,34,,,1,71,,28357,34,,,1,32,,28358,34,,,1
5000,'3',625,,28359,34,,,1,84,,28360,34,,,1,44,,28361,34,,,1,84,,28362,34,,,1,84,,28363,34,,,1,89,,28364,34,,,1,47,,28365,34,,,1,87,,28366,34,,,1,89,,28367,34,,,1,87,,28368,34,,,1,87,,28369,34,,,1,47,,28370,34,,,1,87,,28371,34,,,1,87,,28372,34,,,1,88,,28373,34,,,1,42,,28374,34,,,1,85,,28375,34,,,1,85,,28376,34,,,1,85,,28377,34,,,1,44,,28378,34,,,1,82,,28381,34,,,1,81,,28380,34,,,1,81,,28379,34,,,1
5000,'74',626,,28382,34,,,1,77,,28383,34,,,1,37,,28384,34,,,1,77,,28385,34,,,1,38,,28386,34,,,1,79,,28387,34,,,1,79,,28388,34,,,1,39,,28389,34,,,1,79,,28390,34,,,1,82,,28391,34,,,1,39,,28392,34,,,1,79,,28393,34,,,1,77,,28394,34,,,1,38,,28395,34,,,1,79,,28396,34,,,1,79,,28397,34,,,1,37,,28398,34,,,1,70,,28399,34,,,1,37,,28400,34,,,1,78,,28401,34,,,1,79,,28402,34,,,1,34,,28403,34,,,1,74,,28404,34,,,1,34,,28405,34,,,1,74,,28406,34,,,1,34,,28407,34,,,1,71,,28408,34,,,1,32,,28409,34,,,1
5000,'80',625,,28410,34,,,1,84,,28411,34,,,1,44,,28412,34,,,1,84,,28413,34,,,1,84,,28414,34,,,1,89,,28415,34,,,1,47,,28416,34,,,1,87,,28417,34,,,1,89,,28418,34,,,1,87,,28419,34,,,1,87,,28420,34,,,1,47,,28421,34,,,1,87,,28422,34,,,1,87,,28423,34,,,1,88,,28424,34,,,1,42,,28425,34,,,1,85,,28426,34,,,1,85,,28427,34,,,1,85,,28428,34,,,1,44,,28429,34,,,1,82,,28432,34,,,1,81,,28431,34,,,1,81,,28430,34,,,1
5001,'1',452,,28440,72,,,1,72,,28441,72,,,1,25,,28433,72,,,1,64,,28434,72,,,1,26,,28435,72,,,1,65,,28436,72,,,1,25,,28437,72,,,1,25,,28438,72,,,1,65,,28439,72,,,1,29,,28442,72,,,1,69,,28443,72,,,1,29,,28444,72,,,1,69,,28445,72,,,1,29,,28446,72,,,1,69,,28447,72,,,1,29,,28448,72,,,1,67,,28449,72,,,1,29,,28450,72,,,1,69,,28451,72,,,1,29,,28452,72,,,1,69,,28453,72,,,1,31,,28454,72,,,1,70,,28455,72,,,1,32,,28456,72,,,1,68,,28457,72,,,1,29,,28458,72,,,1,22,,28459,72,,,1,65,,28460,72,,,1,26,,28461,72,,,1,84,,28462,72,,,1,79,,28463,72,,,1,34,,28464,72,,,1,76,,28465,72,,,1,36,,28466,72,,,1,76,,28467,72,,,1,79,,28468,72,,,1,31,,28469,72,,,1,74,,28470,72,,,1
5001,'2',714,,28497,72,,,1,37,,28498,72,,,1,77,,28471,72,,,1,77,,28472,72,,,1,37,,28473,72,,,1,80,,28474,72,,,1,37,,28475,72,,,1,84,,28476,72,,,1,79,,28477,72,,,1,79,,28478,72,,,1,39,,28479,72,,,1,79,,28480,72,,,1,39,,28481,72,,,1,79,,28482,72,,,1,70,,28483,72,,,1,38,,28484,72,,,1,79,,28485,72,,,1,79,,28486,72,,,1,35,,28487,72,,,1,73,,28488,72,,,1,33,,28489,72,,,1,77,,28490,72,,,1,37,,28491,72,,,1,74,,28492,72,,,1,74,,28493,72,,,1,34,,28494,72,,,1,74,,28495,72,,,1,34,,28496,72,,,1
5001,'3',741,,28504,72,,,1,84,,28499,72,,,1,84,,28500,72,,,1,44,,28501,72,,,1,86,,28502,72,,,1,84,,28503,72,,,1,93,,28505,72,,,1,87,,28506,72,,,1,47,,28507,72,,,1,87,,28508,72,,,1,87,,28509,72,,,1,87,,28510,72,,,1,47,,28511,72,,,1,82,,28512,72,,,1,87,,28513,72,,,1,89,,28514,72,,,1,85,,28515,72,,,1,45,,28516,72,,,1,81,,28517,72,,,1,85,,28518,72,,,1,40,,28519,72,,,1,80,,28520,72,,,1
5001,'74',714,,28547,72,,,1,37,,28548,72,,,1,77,,28521,72,,,1,77,,28522,72,,,1,37,,28523,72,,,1,80,,28524,72,,,1,37,,28525,72,,,1,84,,28526,72,,,1,79,,28527,72,,,1,79,,28528,72,,,1,39,,28529,72,,,1,79,,28530,72,,,1,39,,28531,72,,,1,79,,28532,72,,,1,70,,28533,72,,,1,38,,28534,72,,,1,79,,28535,72,,,1,79,,28536,72,,,1,35,,28537,72,,,1,73,,28538,72,,,1,33,,28539,72,,,1,77,,28540,72,,,1,37,,28541,72,,,1,74,,28542,72,,,1,74,,28543,72,,,1,34,,28544,72,,,1,74,,28545,72,,,1,34,,28546,72,,,1
5001,'80',741,,28570,72,,,1,84,,28549,72,,,1,84,,28550,72,,,1,44,,28551,72,,,1,86,,28552,72,,,1,84,,28553,72,,,1,93,,28554,72,,,1,87,,28555,72,,,1,47,,28556,72,,,1,87,,28557,72,,,1,87,,28558,72,,,1,87,,28559,72,,,1,47,,28560,72,,,1,82,,28561,72,,,1,87,,28562,72,,,1,89,,28563,72,,,1,85,,28564,72,,,1,45,,28565,72,,,1,81,,28566,72,,,1,85,,28567,72,,,1,40,,28568,72,,,1,80,,28569,72,,,1
