9600,'1',714,,18524,88,,,1,88,,18523,88,,,1,31,,18522,88,,,1,77,,18521,88,,,1,27,,18520,88,,,1,73,,18517,88,,,1,34,,18518,88,,,1,70,,18519,88,,,1,32,,18532,88,,,1,69,,18531,84,,,1,39,,18525,84,,,1,79,,18526,84,,,1,79,,18527,84,,,1,47,,18528,84,,,1,65,,18529,84,,,1,90,,18530,88,,,1,43,,18538,88,,,1,67,,18537,88,,,1,32,,18536,88,,,1,61,,18533,88,,,1,27,,18534,88,,,1,61,,18535,88,,,1,27,,18541,88,,,1,19,,18542,88,,,1,51,,18552,88,,,1,11,,18540,88,,,1,25,,18539,88,,,1,70,,18549,84,,,1,30,,18548,84,,,1,15,,18551,84,,,1,52,,18543,84,,,1,30,,18544,84,,,1,69,,18545,84,,,1,28,,18546,84,,,1,70,,18547,84,,,1,17,,18550,84,,,1
9600,'2',1035,,18553,84,,,1,103,,18554,84,,,1,99,,18555,84,,,1,96,,18556,84,,,1,99,,18557,84,,,1,99,,18558,84,,,1,97,,18559,84,,,1,99,,18560,84,,,1,94,,18561,84,,,1,97,,18562,84,,,1,87,,18563,84,,,1,41,,18564,84,,,1,97,,18565,84,,,1
9600,'3',1126,,18566,84,,,1,94,,18567,84,,,1,94,,18568,84,,,1,94,,18569,84,,,1,94,,18570,84,,,1,54,,18571,84,,,1,94,,18572,84,,,1,94,,18573,84,,,1,91,,18574,84,,,1,94,,18575,84,,,1,94,,18576,84,,,1,89,,18577,84,,,1
9600,'80',1126,,18578,84,,,1,94,,18579,84,,,1,94,,18580,84,,,1,94,,18581,84,,,1,94,,18582,84,,,1,54,,18583,84,,,1,94,,18584,84,,,1,94,,18585,84,,,1,91,,18586,84,,,1,94,,18587,84,,,1,94,,18588,84,,,1,89,,18589,84,,,1
9800,'1',630,,18683,40,,,1,75,,18682,40,,,1,34,,18681,40,,,1,75,,18680,40,,,1,35,,18679,40,,,1,75,,18678,40,,,1,98,,18674,40,,,1,98,,18671,40,,,1,96,,18676,40,,,1,98,,18675,40,,,1,40,,18663,40,,,1,79,,18673,40,,,1,80,,18672,40,,,1,40,,18670,40,,,1,80,,18669,40,,,1,80,,18668,40,,,1,44,,18667,40,,,1,80,,18666,40,,,1,92,,18665,40,,,1,91,,18664,40,,,1,88,,18677,40,,,1
9800,'2',628,,18701,40,,,1,86,,18700,40,,,1,45,,18699,40,,,1,94,,18698,40,,,1,93,,18697,40,,,1,92,,18696,40,,,1,94,,18695,40,,,1,98,,18694,40,,,1,98,,18693,40,,,1,97,,18692,40,,,1,98,,18691,40,,,1,98,,18690,40,,,1,99,,18689,40,,,1,100,,18688,40,,,1,89,,18687,40,,,1,92,,18686,40,,,1,49,,18685,40,,,1,85,,18684,40,,,1
9800,'3',812,,18717,40,,,1,88,,18716,40,,,1,48,,18715,40,,,1,93,,18714,40,,,1,93,,18713,40,,,1,90,,18712,40,,,1,93,,18711,40,,,1,93,,18710,40,,,1,93,,18709,40,,,1,53,,18708,40,,,1,93,,18707,40,,,1,96,,18706,40,,,1,88,,18705,40,,,1,90,,18704,40,,,1,87,,18703,40,,,1,48,,18702,40,,,1
9800,'80',812,,18733,40,,,1,88,,18732,40,,,1,48,,18731,40,,,1,93,,18730,40,,,1,93,,18729,40,,,1,90,,18728,40,,,1,93,,18727,40,,,1,93,,18726,40,,,1,93,,18725,40,,,1,53,,18724,40,,,1,93,,18723,40,,,1,96,,18722,40,,,1,88,,18721,40,,,1,90,,18720,40,,,1,87,,18719,40,,,1,48,,18718,40,,,1
989900,'1',2133,,22653,83,,,1,73,,22654,83,,,1,38,,22655,83,,,1,78,,22656,83,,,1,35,,22657,83,,,1,72,,22658,83,,,1,75,,22659,83,,,1,35,,22660,83,,,1,74,,22661,83,0,5 6,1,35,,22662,83,0,5 6,1,79,,22663,83,0,5 6,1
989900,'2',2138,,22664,83,,,1,94,,22665,83,,,1,85,,22666,83,,,1,91,,22667,83,,,1,46,,22668,83,,,1,86,,22669,83,,,1,82,,22670,83,0,5 6,1,86,,22671,83,0,5 6,1,46,,22672,83,0,5 6,1
989900,'3',2152,,22673,83,,,1,90,,22674,83,,,1,85,,22675,83,,,1,90,,22676,83,,,1,40,,22677,83,,,1,83,,22678,83,,,1,78,,22679,83,0,5 6,1,83,,22680,83,0,5 6,1,43,,22681,83,0,5 6,1
989900,'80',2152,,22682,83,,,1,90,,22683,83,,,1,85,,22684,83,,,1,90,,22685,83,,,1,40,,22686,83,,,1,83,,22687,83,,,1,78,,22688,83,0,5 6,1,83,,22689,83,0,5 6,1,43,,22690,83,0,5 6,1
