9901,'1',413,,31722,24,,,1,41,,31723,24,,,1,80,,31724,24,,,1,81,,31725,24,,,1,39,,31726,24,,,1,75,,31727,24,,,1,29,,31728,24,,,1,83,,31729,24,,,1,75,,31730,24,,,1,35,,31731,24,,,1,94,,31732,24,,,1,98,,31733,24,,,1,94,,31734,24,,,1,94,,31735,24,,,1,100,,31736,24,,,1,25,,31737,24,,,1,70,,31738,24,,,1,30,,31739,24,,,1,70,,31740,24,,,1,30,,31741,24,,,1,70,,31742,24,,,1,30,,31743,24,,,1,69,,31744,24,,,1,30,,31745,24,,,1,66,,31746,24,,,1,30,,31747,24,,,1,70,,31748,24,,,1,25,,31749,24,,,1,71,,31750,24,,,1,85,,31751,24,,,1
9901,'2',535,,31752,24,,,1,77,,31753,24,,,1,37,,31754,24,,,1,77,,31755,24,,,1,87,,31756,24,,,1,90,,31757,24,,,1,48,,31758,24,,,1,87,,31759,24,,,1,102,,31760,24,,,1,97,,31761,24,,,1,95,,31762,24,,,1,95,,31763,24,,,1,95,,31764,24,,,1,95,,31765,24,,,1,92,,31766,24,,,1,94,,31767,24,,,1,55,,31768,24,,,1,91,,31769,24,,,1,85,,31770,24,,,1,85,,31771,24,,,1
9901,'3',539,,31772,24,,,1,80,,31773,24,,,1,38,,31774,24,,,1,78,,31775,24,,,1,78,,31776,24,,,1,92,,31777,24,,,1,49,,31778,24,,,1,89,,31779,24,,,1,89,,31780,24,,,1,93,,31781,24,,,1,89,,31782,24,,,1,89,,31783,24,,,1,49,,31784,24,,,1,89,,31785,24,,,1,89,,31786,24,,,1,89,,31787,24,,,1,85,,31788,24,,,1,49,,31789,24,,,1,89,,31790,24,,,1,86,,31791,24,,,1,89,,31792,24,,,1,39,,31793,24,,,1
9901,'74',535,,31794,24,,,1,77,,31795,24,,,1,37,,31796,24,,,1,77,,31797,24,,,1,87,,31798,24,,,1,90,,31799,24,,,1,48,,31800,24,,,1,87,,31801,24,,,1,102,,31802,24,,,1,97,,31803,24,,,1,95,,31804,24,,,1,95,,31805,24,,,1,95,,31806,24,,,1,95,,31807,24,,,1,92,,31808,24,,,1,94,,31809,24,,,1,55,,31810,24,,,1,91,,31811,24,,,1,85,,31812,24,,,1,85,,31813,24,,,1
9901,'80',539,,31814,24,,,1,80,,31815,24,,,1,38,,31816,24,,,1,78,,31817,24,,,1,78,,31818,24,,,1,92,,31819,24,,,1,49,,31820,24,,,1,89,,31821,24,,,1,89,,31822,24,,,1,93,,31823,24,,,1,89,,31824,24,,,1,89,,31825,24,,,1,49,,31826,24,,,1,89,,31827,24,,,1,89,,31828,24,,,1,89,,31829,24,,,1,85,,31830,24,,,1,49,,31831,24,,,1,89,,31832,24,,,1,86,,31833,24,,,1,89,,31834,24,,,1,39,,31835,24,,,1
989901,'1',2238,,36877,79,,,1,70,,36878,79,,,1,38,,36879,79,,,1,75,,36880,79,,,1,35,,36881,79,,,1,70,,36882,79,,,1,75,,36883,79,,,1,35,,36884,79,,,1
989901,'2',2245,,36885,79,,,1,88,,36886,79,,,1,82,,36887,79,,,1,91,,36890,79,,,1,45,,36888,79,,,1,86,,36889,79,,,1
989901,'3',2255,,36891,79,,,1,87,,36892,79,,,1,83,,36893,79,,,1,86,,36894,79,,,1,39,,36895,79,,,1,83,,36896,79,,,1
989901,'74',2245,,36897,79,,,1,88,,36898,79,,,1,82,,36899,79,,,1,91,,36902,79,,,1,45,,36900,79,,,1,86,,36901,79,,,1
989901,'80',2255,,36903,79,,,1,87,,36904,79,,,1,83,,36905,79,,,1,86,,36906,79,,,1,39,,36907,79,,,1,83,,36908,79,,,1
