100,'1',356,,23457,18,,,1,78,,23456,18,,,1,71,,23455,18,,,1,42,,23483,33,,,1,78,,23482,33,,,1,78,,23480,33,,,1,38,,23481,33,,,1,74,,23479,33,,,1,35,,23478,33,,,1,75,,23477,33,,,1,109,,23476,33,,,1,113,,23475,33,,,1,112,,23474,33,,,1,155,,23473,33,,,1,87,,23484,33,,,1,42,,23472,33,,,1,71,,23471,33,,,1,37,,23470,33,,,1,71,,23469,33,,,1,34,,23468,33,,,1,74,,23467,33,,,1,27,,23466,33,,,1,65,,23465,33,,,1,98,,23464,33,,,1,103,,23463,33,,,1,100,,23462,33,,,1,92,,23461,33,,,1,95,,23460,33,,,1,49,,23459,33,,,1,95,,23458,33,,,1
100,'74',557,,23507,18,,,1,96,,23485,33,,,1,103,,23486,33,,,1,147,,23487,33,,,1,103,,23488,33,,,1,109,,23489,33,,,1,95,,23490,33,,,1,47,,23491,33,,,1,143,,23492,33,,,1,52,,23493,33,,,1,92,,23494,33,,,1,92,,23495,33,,,1,86,,23496,33,,,1,92,,23497,33,,,1,91,,23498,33,,,1,44,,23499,33,,,1,92,,23500,33,,,1,90,,23501,33,,,1,97,,23502,33,,,1,97,,23503,33,,,1,94,,23504,33,,,1,93,,23505,33,,,1,97,,23506,33,,,1
100,'80',747,,23523,18,,,1,91,,23508,33,,,1,118,,23509,33,,,1,155,,23510,33,,,1,114,,23511,33,,,1,115,,23512,33,,,1,112,,23513,33,,,1,107,,23514,33,,,1,152,,23515,33,,,1,111,,23516,33,,,1,109,,23517,33,,,1,96,,23518,33,,,1,99,,23519,33,,,1,99,,23520,33,,,1,95,,23521,33,,,1,99,,23522,33,,,1
100,'35296.2',557,,23546,18,,,1,96,,23524,33,,,1,103,,23525,33,,,1,147,,23526,33,,,1,103,,23527,33,,,1,109,,23528,33,,,1,95,,23529,33,,,1,47,,23530,33,,,1,143,,23531,33,,,1,52,,23532,33,,,1,92,,23533,33,,,1,92,,23534,33,,,1,86,,23535,33,,,1,92,,23536,33,,,1,91,,23537,33,,,1,44,,23538,33,,,1,92,,23539,33,,,1,90,,23540,33,,,1,97,,23541,33,,,1,97,,23542,33,,,1,94,,23543,33,,,1,93,,23544,33,,,1,97,,23545,33,,,1
100,'35296.3',747,,23562,18,,,1,91,,23547,33,,,1,118,,23548,33,,,1,155,,23549,33,,,1,114,,23550,33,,,1,115,,23551,33,,,1,112,,23552,33,,,1,107,,23553,33,,,1,152,,23554,33,,,1,111,,23555,33,,,1,109,,23556,33,,,1,96,,23557,33,,,1,99,,23558,33,,,1,99,,23559,33,,,1,95,,23560,33,,,1,99,,23561,33,,,1
100,'35298.2',557,,23615,18,,,1,96,,23614,33,,,1,77,,23563,33,,,1,17,,23564,33,,,1,61,,23565,33,,,1,17,,23566,33,,,1,17,,23567,33,,,1,17,,23568,33,,,1,57,,23569,33,,,1,17,,23570,33,,,1,17,,23571,33,,,1,57,,23572,33,,,1,17,,23573,33,,,1,23,,23574,33,,,1,57,,23575,33,,,1,17,,23576,33,,,1,17,,23577,33,,,1,20,,23578,33,,,1,57,,23579,33,,,1,17,,23580,33,,,1,17,,23581,33,,,1,63,,23582,33,,,1,17,,23583,33,,,1,17,,23584,33,,,1,57,,23585,33,,,1,17,,23586,33,,,1,17,,23587,33,,,1,17,,23588,33,,,1,57,,23589,33,,,1,17,,23590,33,,,1,17,,23591,33,,,1,57,,23592,33,,,1,17,,23593,33,,,1,17,,23594,33,,,1,11,,23595,33,,,1,57,,23596,33,,,1,17,,23597,33,,,1,17,,23598,33,,,1,17,,23599,33,,,1,57,,23600,33,,,1,17,,23601,33,,,1,16,,23602,33,,,1,57,,23603,33,,,1,17,,23604,33,,,1,17,,23605,33,,,1,13,,23606,33,,,1,92,,23607,33,,,1,90,,23608,33,,,1,97,,23609,33,,,1,97,,23610,33,,,1,94,,23611,33,,,1,93,,23612,33,,,1,97,,23613,33,,,1
100,'35298.3',728,,23616,33,,,1,17,,23617,33,,,1,57,,23618,33,,,1,17,,23619,33,,,1,17,,23620,33,,,1,17,,23621,33,,,1,57,,23622,33,,,1,23,,23623,33,,,1,17,,23624,33,,,1,57,,23625,33,,,1,17,,23626,33,,,1,20,,23627,33,,,1,57,,23628,33,,,1,17,,23629,33,,,1,17,,23630,33,,,1,19,,23631,33,,,1,57,,23632,33,,,1,17,,23633,33,,,1,17,,23634,33,,,1,57,,23635,33,,,1,20,,23636,33,,,1,17,,23637,33,,,1,17,,23638,33,,,1,57,,23639,33,,,1,17,,23640,33,,,1,17,,23641,33,,,1,57,,23642,33,,,1,17,,23643,33,,,1,17,,23644,33,,,1,12,,23645,33,,,1,57,,23646,33,,,1,17,,23647,33,,,1,17,,23648,33,,,1,17,,23649,33,,,1,57,,23650,33,,,1,17,,23651,33,,,1,17,,23652,33,,,1,57,,23653,33,,,1,16,,23654,33,,,1,17,,23655,33,,,1,17,,23656,33,,,1,57,,23657,33,,,1,14,,23658,33,,,1,100,,23659,33,,,1,99,,23660,33,,,1,99,,23661,33,,,1,95,,23662,33,,,1,99,,23663,33,,,1
60300,'1',514,,34741,18,,,1,20,,34742,18,,,1,21,,34743,18,,,1,62,,34744,18,,,1,23,,34745,18,,,1,18,,34746,18,,,1,63,,34747,18,,,1,18,,34748,18,,,1,18,,34749,18,,,1,61,,34750,18,,,1,18,,34751,18,,,1,18,,34752,18,,,1,58,,34753,18,,,1,18,,34754,18,,,1,19,,34755,18,,,1,62,,34756,18,,,1,22,,34757,18,,,1,22,,34758,18,,,1,64,,34759,18,,,1,22,,34760,18,,,1,62,,34761,18,,,1,22,,34762,18,,,1,22,,34763,18,,,1,62,,34764,18,,,1,23,,34765,18,,,1,22,,34766,18,,,1,62,,34767,18,,,1,22,,34768,18,,,1,62,,34769,18,,,1,22,,34770,18,,,1,16,,34771,18,,,1,16,,34772,18,,,1,56,,34773,18,,,1,16,,34774,18,,,1,16,,34775,18,,,1,16,,34776,18,,,1,56,,34777,18,,,1,16,,34778,18,,,1,17,,34779,18,,,1,56,,34780,18,,,1,14,,34781,18,,,1,16,,34782,18,,,1,11,,34783,18,,,1,56,,34784,18,,,1,16,,34785,18,,,1,13,,34786,18,,,1,30,,34787,18,,,1,70,,34788,18,,,1,30,,34789,18,,,1,68,,34790,18,,,1,27,,34791,18,,,1,70,,34792,18,,,1,81,,34793,18,,,1,38,,34794,18,,,1,82,,34795,18,,,1,87,,34796,18,,,1
60300,'74',545,,34797,18,,,1,82,,34798,18,,,1,80,,34799,18,,,1,41,,34800,18,,,1,80,,34801,18,,,1,85,,34802,18,,,1,45,,34803,18,,,1,81,,34804,18,,,1,77,,34805,18,,,1,38,,34806,18,,,1,83,,34807,18,,,1,74,,34808,18,,,1,38,,34809,18,,,1,78,,34810,18,,,1,78,,34811,18,,,1,39,,34812,18,,,1,78,,34813,18,,,1,78,,34814,18,,,1,34,,34815,18,,,1,81,,34816,18,,,1,35,,34817,18,,,1,78,,34818,18,,,1,77,,34819,18,,,1,40,,34820,18,,,1,79,,34821,18,,,1,77,,34822,18,,,1,45,,34823,18,,,1,89,,34824,18,,,1,92,,34825,18,,,1
60300,'80',729,,34826,18,,,1,76,,34827,18,,,1,39,,34828,18,,,1,78,,34829,18,,,1,82,,34830,18,,,1,45,,34831,18,,,1,85,,34832,18,,,1,82,,34833,18,,,1,41,,34834,18,,,1,82,,34835,18,,,1,82,,34836,18,,,1,84,,34837,18,,,1,39,,34838,18,,,1,76,,34839,18,,,1,36,,34840,18,,,1,76,,34841,18,,,1,74,,34842,18,,,1,36,,34843,18,,,1,72,,34844,18,,,1,36,,34845,18,,,1,74,,34846,18,,,1,76,,34847,18,,,1,51,,34848,18,,,1,105,,34849,18,,,1,102,,34850,18,,,1,146,,34851,18,,,1
60300,'35296.2',545,,34852,18,,,1,82,,34853,18,,,1,80,,34854,18,,,1,41,,34855,18,,,1,80,,34856,18,,,1,85,,34857,18,,,1,45,,34858,18,,,1,81,,34859,18,,,1,77,,34860,18,,,1,38,,34861,18,,,1,83,,34862,18,,,1,74,,34863,18,,,1,38,,34864,18,,,1,78,,34865,18,,,1,78,,34866,18,,,1,39,,34867,18,,,1,78,,34868,18,,,1,78,,34869,18,,,1,34,,34870,18,,,1,81,,34871,18,,,1,35,,34872,18,,,1,78,,34873,18,,,1,77,,34874,18,,,1,40,,34875,18,,,1,79,,34876,18,,,1,77,,34877,18,,,1,45,,34878,18,,,1,89,,34879,18,,,1,92,,34880,18,,,1
60300,'35296.3',729,,34881,18,,,1,76,,34882,18,,,1,39,,34883,18,,,1,78,,34884,18,,,1,82,,34885,18,,,1,45,,34886,18,,,1,85,,34887,18,,,1,82,,34888,18,,,1,41,,34889,18,,,1,82,,34890,18,,,1,82,,34891,18,,,1,84,,34892,18,,,1,39,,34893,18,,,1,76,,34894,18,,,1,36,,34895,18,,,1,76,,34896,18,,,1,74,,34897,18,,,1,36,,34898,18,,,1,72,,34899,18,,,1,36,,34900,18,,,1,74,,34901,18,,,1,76,,34902,18,,,1,51,,34903,18,,,1,105,,34904,18,,,1,102,,34905,18,,,1,146,,34906,18,,,1
60300,'35297.2',535,,34998,18,,,1,22,,34999,18,,,1,62,,35000,18,,,1,24,,35001,18,,,1,62,,35002,18,,,1,23,,34907,18,,,1,7,,34908,18,,,1,7,,34909,18,,,1,7,,34910,18,,,1,7,,34911,18,,,1,47,,34912,18,,,1,7,,34913,18,,,1,7,,34914,18,,,1,7,,34915,18,,,1,7,,34916,18,,,1,7,,34917,18,,,1,12,,34918,18,,,1,7,,34919,18,,,1,47,,34920,18,,,1,7,,34921,18,,,1,7,,34922,18,,,1,7,,34923,18,,,1,7,,34924,18,,,1,12,,34925,18,,,1,7,,34926,18,,,1,7,,34927,18,,,1,47,,34928,18,,,1,7,,34929,18,,,1,7,,34930,18,,,1,8,,34931,18,,,1,7,,34932,18,,,1,7,,34933,18,,,1,7,,34934,18,,,1,7,,34935,18,,,1,47,,34936,18,,,1,5,,34937,18,,,1,7,,34938,18,,,1,7,,34939,18,,,1,7,,34940,18,,,1,7,,34941,18,,,1,7,,34942,18,,,1,7,,34943,18,,,1,7,,34944,18,,,1,47,,34945,18,,,1,12,,34946,18,,,1,7,,34947,18,,,1,7,,34948,18,,,1,7,,34949,18,,,1,7,,34950,18,,,1,7,,34951,18,,,1,7,,34952,18,,,1,47,,34953,18,,,1,7,,34954,18,,,1,3,,34955,18,,,1,7,,34956,18,,,1,7,,34957,18,,,1,7,,34958,18,,,1,7,,34959,18,,,1,7,,34960,18,,,1,7,,34961,18,,,1,47,,34962,18,,,1,7,,34963,18,,,1,7,,34964,18,,,1,7,,34965,18,,,1,7,,34966,18,,,1,7,,34967,18,,,1,7,,34968,18,,,1,7,,34969,18,,,1,7,,34970,18,,,1,47,,34971,18,,,1,13,,34972,18,,,1,7,,34973,18,,,1,7,,34974,18,,,1,7,,34975,18,,,1,2,,34976,18,,,1,7,,34977,18,,,1,7,,34978,18,,,1,47,,34979,18,,,1,7,,34980,18,,,1,7,,34981,18,,,1,7,,34982,18,,,1,7,,34983,18,,,1,7,,34984,18,,,1,7,,34985,18,,,1,7,,34986,18,,,1,7,,34987,18,,,1,47,,34988,18,,,1,7,,34989,18,,,1,7,,34990,18,,,1,3,,34991,18,,,1,7,,34992,18,,,1,7,,34993,18,,,1,7,,34994,18,,,1,7,,34995,18,,,1,7,,34996,18,,,1,50,,34997,18,,,1,7,,35003,18,,,1,7,,35004,18,,,1,7,,35005,18,,,1,7,,35006,18,,,1,4,,35007,18,,,1,7,,35008,18,,,1,7,,35009,18,,,1,47,,35010,18,,,1,7,,35011,18,,,1,7,,35012,18,,,1,7,,35013,18,,,1,7,,35014,18,,,1,6,,35015,18,,,1,7,,35016,18,,,1,7,,35017,18,,,1,7,,35018,18,,,1,62,,35019,18,,,1,22,,35020,18,,,1,62,,35021,18,,,1,21,,35022,18,,,1,22,,35023,18,,,1,59,,35024,18,,,1,22,,35025,18,,,1,21,,35026,18,,,1,62,,35027,18,,,1,19,,35028,18,,,1,22,,35029,18,,,1,62,,35030,18,,,1,22,,35031,18,,,1,22,,35032,18,,,1
60300,'35297.3',726,,35033,18,,,1,7,,35034,18,,,1,7,,35035,18,,,1,7,,35036,18,,,1,7,,35037,18,,,1,47,,35038,18,,,1,7,,35039,18,,,1,10,,35040,18,,,1,7,,35041,18,,,1,7,,35042,18,,,1,7,,35043,18,,,1,7,,35044,18,,,1,7,,35045,18,,,1,49,,35046,18,,,1,7,,35047,18,,,1,7,,35048,18,,,1,7,,35049,18,,,1,7,,35050,18,,,1,7,,35051,18,,,1,7,,35052,18,,,1,7,,35053,18,,,1,7,,35054,18,,,1,47,,35055,18,,,1,10,,35056,18,,,1,7,,35057,18,,,1,7,,35058,18,,,1,7,,35059,18,,,1,7,,35060,18,,,1,7,,35061,18,,,1,7,,35062,18,,,1,50,,35063,18,,,1,7,,35064,18,,,1,7,,35065,18,,,1,7,,35066,18,,,1,7,,35067,18,,,1,7,,35068,18,,,1,7,,35069,18,,,1,7,,35070,18,,,1,47,,35071,18,,,1,7,,35072,18,,,1,7,,35073,18,,,1,6,,35074,18,,,1,7,,35075,18,,,1,7,,35076,18,,,1,7,,35077,18,,,1,7,,35078,18,,,1,7,,35079,18,,,1,47,,35080,18,,,1,7,,35081,18,,,1,7,,35082,18,,,1,7,,35083,18,,,1,7,,35084,18,,,1,7,,35085,18,,,1,7,,35086,18,,,1,7,,35087,18,,,1,47,,35088,18,,,1,7,,35089,18,,,1,7,,35090,18,,,1,7,,35091,18,,,1,7,,35092,18,,,1,9,,35093,18,,,1,7,,35094,18,,,1,7,,35095,18,,,1,7,,35096,18,,,1,47,,35097,18,,,1,7,,35098,18,,,1,7,,35099,18,,,1,7,,35100,18,,,1,7,,35101,18,,,1,7,,35102,18,,,1,7,,35103,18,,,1,7,,35104,18,,,1,47,,35105,18,,,1,7,,35106,18,,,1,7,,35107,18,,,1,7,,35108,18,,,1,7,,35109,18,,,1,7,,35110,18,,,1,7,,35111,18,,,1,7,,35112,18,,,1,7,,35113,18,,,1,47,,35114,18,,,1,7,,35115,18,,,1,7,,35116,18,,,1,7,,35117,18,,,1,7,,35118,18,,,1,5,,35119,18,,,1,7,,35120,18,,,1,7,,35121,18,,,1,7,,35122,18,,,1,47,,35123,18,,,1,7,,35124,18,,,1,7,,35125,18,,,1,7,,35126,18,,,1,7,,35127,18,,,1,7,,35128,18,,,1,7,,35129,18,,,1,7,,35130,18,,,1,47,,35131,18,,,1,3,,35132,18,,,1,7,,35133,18,,,1,7,,35134,18,,,1,7,,35135,18,,,1,7,,35136,18,,,1,7,,35137,18,,,1,7,,35138,18,,,1,7,,35139,18,,,1,47,,35140,18,,,1,20,,35141,18,,,1,22,,35142,18,,,1,62,,35143,18,,,1,22,,35144,18,,,1,22,,35145,18,,,1,62,,35146,18,,,1,21,,35147,18,,,1,22,,35148,18,,,1,62,,35149,18,,,1,22,,35150,18,,,1,18,,35151,18,,,1,62,,35152,18,,,1,22,,35153,18,,,1,62,,35154,18,,,1
6030100,'1',530,,37453,18,,,1,20,,37454,18,,,1,63,,37455,18,,,1,24,,37456,18,,,1,18,,37457,18,,,1,58,,37458,18,,,1,22,,37459,18,,,1,18,,37460,18,,,1,62,,37461,18,,,1,18,,37462,18,,,1,18,,37463,18,,,1,58,,37464,18,,,1,18,,37465,18,,,1,16,,37466,18,,,1,62,,37467,18,,,1,22,,37468,18,,,1,22,,37469,18,,,1,62,,37470,18,,,1,22,,37471,18,,,1,22,,37472,18,,,1,62,,37473,18,,,1,22,,37474,18,,,1,62,,37475,18,,,1,24,,37476,18,,,1,22,,37477,18,,,1,62,,37478,18,,,1,22,,37479,18,,,1,22,,37480,18,,,1,63,,37481,18,,,1,16,,37482,18,,,1,16,,37483,18,,,1,56,,37484,18,,,1,16,,37485,18,,,1,16,,37486,18,,,1,16,,37487,18,,,1,56,,37488,18,,,1,16,,37489,18,,,1,16,,37490,18,,,1,19,,37491,18,,,1,56,,37492,18,,,1,16,,37493,18,,,1,16,,37494,18,,,1,9,,37495,18,,,1,56,,37496,18,,,1,14,,37497,18,,,1,23,,37498,18,,,1,70,,37499,18,,,1,30,,37500,18,,,1,70,,37501,18,,,1,27,,37502,18,,,1,70,,37503,18,,,1,36,,37504,18,,,1,80,,37505,18,,,1,78,,37506,18,,,1,42,,37507,18,,,1
6030100,'74',528,,37508,18,,,1,80,,37509,18,,,1,45,,37510,18,,,1,83,,37511,18,,,1,80,,37512,18,,,1,40,,37513,18,,,1,82,,37514,18,,,1,80,,37515,18,,,1,84,,37516,18,,,1,39,,37517,18,,,1,78,,37518,18,,,1,38,,37519,18,,,1,75,,37520,18,,,1,78,,37521,18,,,1,41,,37522,18,,,1,78,,37523,18,,,1,78,,37524,18,,,1,38,,37525,18,,,1,78,,37526,18,,,1,79,,37527,18,,,1,38,,37528,18,,,1,79,,37529,18,,,1,32,,37530,18,,,1,79,,37531,18,,,1,80,,37532,18,,,1,40,,37533,18,,,1,79,,37534,18,,,1,91,,37535,18,,,1,86,,37536,18,,,1,52,,37537,18,,,1
6030100,'80',716,,37538,18,,,1,36,,37539,18,,,1,78,,37540,18,,,1,77,,37541,18,,,1,39,,37542,18,,,1,88,,37543,18,,,1,82,,37544,18,,,1,42,,37545,18,,,1,84,,37546,18,,,1,83,,37547,18,,,1,79,,37548,18,,,1,44,,37549,18,,,1,82,,37550,18,,,1,76,,37551,18,,,1,36,,37552,18,,,1,76,,37553,18,,,1,35,,37554,18,,,1,76,,37555,18,,,1,76,,37556,18,,,1,33,,37557,18,,,1,76,,37558,18,,,1,36,,37559,18,,,1,73,,37560,18,,,1,105,,37561,18,,,1,103,,37562,18,,,1,103,,37563,18,,,1
6030100,'35296.2',528,,37564,10,,,1,80,,37565,10,,,1,45,,37566,10,,,1,83,,37567,10,,,1,80,,37568,10,,,1,40,,37569,10,,,1,82,,37570,10,,,1,80,,37571,10,,,1,84,,37572,10,,,1,39,,37573,10,,,1,78,,37574,10,,,1,38,,37575,10,,,1,75,,37576,10,,,1,78,,37577,10,,,1,41,,37578,10,,,1,78,,37579,10,,,1,78,,37580,10,,,1,38,,37581,10,,,1,78,,37582,10,,,1,79,,37583,10,,,1,38,,37584,10,,,1,79,,37585,10,,,1,32,,37586,10,,,1,79,,37587,10,,,1,80,,37588,10,,,1,40,,37589,10,,,1,79,,37590,10,,,1,91,,37591,10,,,1,86,,37592,10,,,1,52,,37593,10,,,1
6030100,'35296.3',716,,37594,18,,,1,36,,37595,18,,,1,78,,37596,18,,,1,77,,37597,18,,,1,39,,37598,18,,,1,88,,37599,18,,,1,82,,37600,18,,,1,42,,37601,18,,,1,84,,37602,18,,,1,83,,37603,18,,,1,79,,37604,18,,,1,44,,37605,18,,,1,82,,37606,18,,,1,76,,37607,18,,,1,36,,37608,18,,,1,76,,37609,18,,,1,35,,37610,18,,,1,76,,37611,18,,,1,76,,37612,18,,,1,33,,37613,18,,,1,76,,37614,18,,,1,36,,37615,18,,,1,73,,37616,18,,,1,105,,37617,18,,,1,103,,37618,18,,,1,103,,37619,18,,,1
