'151.0.1',9600,55800,,'',1,8200,,'',1,7100,,'',1,3700,,'',1,6700,,'',1,4100,,'',1,7400,,'',1,7000,,'',1,3200,,'',1,6900,,'',1,3900,,'',1,7900,,'',1,3900,,'',1,7900,,'',1,6500,,'',1,4600,,'',1,8300,,'',1,2700,,'',1,6700,,'',1,2700,,'',1,6700,,'',1,2700,,'',1,6700,,'',1,2600,,'',1,1400,,'',1,5500,,'',1,2500,,'',1,7600,,'',1,3000,,'',1,1500,,'',1,5500,,'',1,3000,,'',1,7000,,'',1,3000,,'',1,7000,,'',1,1700,,'',1
'151.0.1',9601,54900,4,'',1,7500,4,'',1,2900,4,'',1,7000,4,'',1,8200,4,'',1,3700,4,'',1,7800,4,'',1,2600,4,'',1,7000,4,'',1,3100,4,'',1,7900,4,'',1,7800,4,'',1,4300,4,'',1,7500,4,'',1,3200,4,'',1,8600,4,'',1,8400,4,'',1,2500,4,'',1,5400,4,'',1,3500,4,'',1,6700,4,'',1,3100,4,'',1,6700,4,'',1,1900,4,'',1,2100,4,'',1,1600,4,'',1,6500,4,'',1,2500,4,'',1,6500,4,'',1,2100,4,'',1,6500,4,'',1,2600,4,'',1,3000,4,'',1,7000,4,'',1,3000,4,'',1,6400,4,'',1
'151.0.2',9600,92500,,'',1,9900,,'',1,9900,,'',1,9900,,'',1,9900,,'',1,9900,,'',1,9900,,'',1,9900,,'',1,9600,,'',1,9700,,'',1,4700,,'',1,8900,,'',1,9700,,'',1
'151.0.2',9601,91200,4,'',1,9900,4,'',1,10300,4,'',1,9900,4,'',1,9900,4,'',1,9600,4,'',1,9900,4,'',1,9900,4,'',1,9900,4,'',1,9900,4,'',1,4700,4,'',1,8900,4,'',1,9700,4,'',1
'151.0.3',9600,101900,,'',1,9400,,'',1,9400,,'',1,9400,,'',1,5400,,'',1,9400,,'',1,9400,,'',1,9400,,'',1,9400,,'',1,9400,,'',1,9400,,'',1,9400,,'',1
'151.0.3',9601,101200,4,'',1,9400,4,'',1,9400,4,'',1,5400,4,'',1,9400,4,'',1,9400,4,'',1,9600,4,'',1,9400,4,'',1,8700,4,'',1,9400,4,'',1,9200,4,'',1,5400,4,'',1
'151.0.74',9600,92500,,'',1,9900,,'',1,9900,,'',1,9900,,'',1,9900,,'',1,9900,,'',1,9900,,'',1,9900,,'',1,9600,,'',1,9700,,'',1,4700,,'',1,8900,,'',1,9700,,'',1
'151.0.74',9601,91200,4,'',1,9900,4,'',1,10300,4,'',1,9900,4,'',1,9900,4,'',1,9600,4,'',1,9900,4,'',1,9900,4,'',1,9900,4,'',1,9900,4,'',1,4700,4,'',1,8900,4,'',1,9700,4,'',1
'151.0.75',9600,92500,,'',1,9900,,'',1,9900,,'',1,9900,,'',1,9900,,'',1,9900,,'',1,9900,,'',1,9900,,'',1,9600,,'',1,9700,,'',1,4700,,'',1,8900,,'',1,9700,,'',1
'151.0.75',9601,91200,4,'',1,9900,4,'',1,10300,4,'',1,9900,4,'',1,9900,4,'',1,9600,4,'',1,9900,4,'',1,9900,4,'',1,9900,4,'',1,9900,4,'',1,4700,4,'',1,8900,4,'',1,9700,4,'',1
'151.0.80',9600,101900,,'',1,9400,,'',1,9400,,'',1,9400,,'',1,5400,,'',1,9400,,'',1,9400,,'',1,9400,,'',1,9400,,'',1,9400,,'',1,9400,,'',1,9400,,'',1
'151.0.80',9601,101200,4,'',1,9400,4,'',1,9400,4,'',1,5400,4,'',1,9400,4,'',1,9400,4,'',1,9600,4,'',1,9400,4,'',1,8700,4,'',1,9400,4,'',1,9200,4,'',1,5400,4,'',1
