5000,'1',533,,28302,2,,,1,67,,28303,2,,,1,27,,28295,2,,,1,25,,28296,2,,,1,68,,28297,2,,,1,25,,28298,2,,,1,65,,28299,2,,,1,25,,28300,2,,,1,65,,28301,2,,,1,30,,28304,2,,,1,29,,28305,2,,,1,69,,28306,2,,,1,29,,28307,2,,,1,69,,28308,2,,,1,29,,28309,2,,,1,69,,28310,2,,,1,29,,28311,2,,,1,69,,28312,2,,,1,29,,28313,2,,,1,69,,28314,2,,,1,29,,28315,2,,,1,69,,28316,2,,,1,33,,28317,2,,,1,72,,28318,2,,,1,31,,28319,2,,,1,67,,28320,2,,,1,20,,28321,2,,,1,66,,28322,2,,,1,26,,28323,2,,,1,75,,28324,2,,,1,39,,28325,2,,,1,71,,28326,2,,,1,36,,28327,2,,,1,76,,28328,2,,,1,76,,28329,2,,,1,37,,28330,2,,,1
5000,'2',600,,28331,2,,,1,37,,28332,2,,,1,77,,28333,2,,,1,37,,28334,2,,,1,77,,28335,2,,,1,79,,28336,2,,,1,39,,28337,2,,,1,79,,28338,2,,,1,79,,28339,2,,,1,40,,28340,2,,,1,79,,28341,2,,,1,79,,28342,2,,,1,38,,28343,2,,,1,78,,28344,2,,,1,39,,28345,2,,,1,79,,28346,2,,,1,78,,28347,2,,,1,30,,28348,2,,,1,77,,28349,2,,,1,38,,28350,2,,,1,79,,28351,2,,,1,74,,28352,2,,,1,34,,28353,2,,,1,74,,28354,2,,,1,34,,28355,2,,,1,74,,28356,2,,,1,74,,28357,2,,,1,34,,28358,2,,,1
5000,'3',600,,28359,2,,,1,44,,28360,2,,,1,84,,28361,2,,,1,84,,28362,2,,,1,44,,28363,2,,,1,87,,28364,2,,,1,87,,28365,2,,,1,87,,28366,2,,,1,88,,28367,2,,,1,47,,28368,2,,,1,87,,28369,2,,,1,87,,28370,2,,,1,87,,28371,2,,,1,87,,28372,2,,,1,48,,28373,2,,,1,84,,28374,2,,,1,85,,28375,2,,,1,85,,28376,2,,,1,45,,28377,2,,,1,84,,28378,2,,,1,85,,28381,2,,,1,41,,28380,2,,,1,81,,28379,2,,,1
5000,'74',600,,28382,2,,,1,37,,28383,2,,,1,77,,28384,2,,,1,37,,28385,2,,,1,77,,28386,2,,,1,79,,28387,2,,,1,39,,28388,2,,,1,79,,28389,2,,,1,79,,28390,2,,,1,40,,28391,2,,,1,79,,28392,2,,,1,79,,28393,2,,,1,38,,28394,2,,,1,78,,28395,2,,,1,39,,28396,2,,,1,79,,28397,2,,,1,78,,28398,2,,,1,30,,28399,2,,,1,77,,28400,2,,,1,38,,28401,2,,,1,79,,28402,2,,,1,74,,28403,2,,,1,34,,28404,2,,,1,74,,28405,2,,,1,34,,28406,2,,,1,74,,28407,2,,,1,74,,28408,2,,,1,34,,28409,2,,,1
5000,'80',600,,28410,2,,,1,44,,28411,2,,,1,84,,28412,2,,,1,84,,28413,2,,,1,44,,28414,2,,,1,87,,28415,2,,,1,87,,28416,2,,,1,87,,28417,2,,,1,88,,28418,2,,,1,47,,28419,2,,,1,87,,28420,2,,,1,87,,28421,2,,,1,87,,28422,2,,,1,87,,28423,2,,,1,48,,28424,2,,,1,84,,28425,2,,,1,85,,28426,2,,,1,85,,28427,2,,,1,45,,28428,2,,,1,84,,28429,2,,,1,85,,28432,2,,,1,41,,28431,2,,,1,81,,28430,2,,,1
5500,'1',529,,28727,2,,,1,79,,28726,2,,,1,34,,28725,2,,,1,84,,28724,2,,,1,77,,28723,2,,,1,39,,28722,2,,,1,79,,28713,2,,,1,628,,28721,2,,,1,81,,28720,2,,,1,81,,28719,2,,,1,41,,28718,2,,,1,81,,28717,2,,,1,81,,28716,2,,,1,41,,28715,2,,,1,81,,28714,2,,,1
9800,'1',639,,31445,51,,,1,75,,31444,51,,,1,35,,31443,51,,,1,75,,31442,51,,,1,35,,31441,51,,,1,75,,31440,51,,,1,98,,31436,51,,,1,98,,31433,51,,,1,96,,31438,51,,,1,98,,31437,51,,,1,80,,31425,51,,,1,39,,31435,51,,,1,80,,31434,51,,,1,80,,31432,51,,,1,40,,31431,51,,,1,80,,31430,51,,,1,83,,31429,51,,,1,40,,31428,51,,,1,92,,31427,51,,,1,91,,31426,51,,,1,88,,31439,51,,,1
9800,'2',638,,31463,51,,,1,86,,31462,51,,,1,85,,31461,51,,,1,94,,31460,51,,,1,53,,31459,51,,,1,92,,31458,51,,,1,94,,31457,51,,,1,98,,31456,51,,,1,98,,31455,51,,,1,97,,31454,51,,,1,98,,31453,51,,,1,98,,31452,51,,,1,99,,31451,51,,,1,100,,31450,51,,,1,89,,31449,51,,,1,91,,31448,51,,,1,49,,31447,51,,,1,85,,31446,51,,,1
9800,'3',822,,31479,51,,,1,88,,31478,51,,,1,48,,31477,51,,,1,93,,31476,51,,,1,93,,31475,51,,,1,91,,31474,51,,,1,93,,31473,51,,,1,93,,31472,51,,,1,93,,31471,51,,,1,93,,31470,51,,,1,93,,31469,51,,,1,55,,31468,51,,,1,88,,31467,51,,,1,90,,31466,51,,,1,87,,31465,51,,,1,88,,31464,51,,,1
9800,'74',638,,31497,51,,,1,86,,31496,51,,,1,85,,31495,51,,,1,94,,31494,51,,,1,53,,31493,51,,,1,92,,31492,51,,,1,94,,31491,51,,,1,98,,31490,51,,,1,98,,31489,51,,,1,97,,31488,51,,,1,98,,31487,51,,,1,98,,31486,51,,,1,99,,31485,51,,,1,100,,31484,51,,,1,89,,31483,51,,,1,91,,31482,51,,,1,49,,31481,51,,,1,85,,31480,51,,,1
9800,'80',822,,31513,51,,,1,88,,31512,51,,,1,48,,31511,51,,,1,93,,31510,51,,,1,93,,31509,51,,,1,91,,31508,51,,,1,93,,31507,51,,,1,93,,31506,51,,,1,93,,31505,51,,,1,93,,31504,51,,,1,93,,31503,51,,,1,55,,31502,51,,,1,88,,31501,51,,,1,90,,31500,51,,,1,87,,31499,51,,,1,88,,31498,51,,,1
9801,'1',514,,31521,10,,,1,35,,31520,10,,,1,75,,31519,10,,,1,35,,31518,10,,,1,75,,31517,10,,,1,75,,31516,10,,,1,35,,31515,10,,,1,75,,31514,10,,,1,35,,31525,10,,,1,99,,31524,10,,,1,98,,31523,10,,,1,98,,31522,10,,,1,99,,31537,10,,,1,80,,31536,10,,,1,80,,31535,10,,,1,40,,31534,10,,,1,80,,31533,10,,,1,80,,31532,10,,,1,40,,31531,10,,,1,79,,31530,10,,,1,80,,31529,10,,,1,51,,31528,10,,,1,90,,31527,10,,,1,88,,31526,10,,,1
9801,'2',523,,31556,10,,,1,86,,31555,10,,,1,46,,31554,10,,,1,86,,31553,10,,,1,86,,31552,10,,,1,94,,31551,10,,,1,94,,31550,10,,,1,96,,31549,10,,,1,94,,31548,10,,,1,100,,31547,10,,,1,98,,31546,10,,,1,98,,31545,10,,,1,57,,31544,10,,,1,98,,31543,10,,,1,98,,31542,10,,,1,97,,31541,10,,,1,87,,31540,10,,,1,89,,31539,10,,,1,89,,31538,10,,,1
9801,'3',704,,31573,10,,,1,48,,31574,10,,,1,88,,31572,10,,,1,88,,31571,10,,,1,88,,31570,10,,,1,94,,31569,10,,,1,93,,31568,10,,,1,53,,31567,10,,,1,94,,31566,10,,,1,93,,31565,10,,,1,93,,31564,10,,,1,93,,31563,10,,,1,93,,31562,10,,,1,93,,31561,10,,,1,87,,31560,10,,,1,48,,31559,10,,,1,87,,31558,10,,,1,88,,31557,10,,,1
9801,'74',523,,31593,10,,,1,86,,31592,10,,,1,46,,31591,10,,,1,86,,31590,10,,,1,86,,31589,10,,,1,94,,31588,10,,,1,94,,31587,10,,,1,96,,31586,10,,,1,94,,31585,10,,,1,100,,31584,10,,,1,98,,31583,10,,,1,98,,31582,10,,,1,57,,31581,10,,,1,98,,31580,10,,,1,98,,31579,10,,,1,97,,31578,10,,,1,87,,31577,10,,,1,89,,31576,10,,,1,89,,31575,10,,,1
9801,'80',704,,31610,10,,,1,48,,31611,10,,,1,88,,31609,10,,,1,88,,31608,10,,,1,88,,31607,10,,,1,94,,31606,10,,,1,93,,31605,10,,,1,53,,31604,10,,,1,94,,31603,10,,,1,93,,31602,10,,,1,93,,31601,10,,,1,93,,31600,10,,,1,93,,31599,10,,,1,93,,31598,10,,,1,87,,31597,10,,,1,48,,31596,10,,,1,87,,31595,10,,,1,88,,31594,10,,,1
989900,'1',2141,,36830,94,,,1,72,,36831,94,,,1,38,,36832,94,,,1,78,,36833,94,,,1,75,,36834,94,,,1,32,,36835,94,,,1,75,,36836,94,,,1,35,,36837,94,,,1
989900,'2',2146,,36841,94,,,1,94,,36842,94,,,1,84,,36843,94,,,1,91,,36844,94,,,1,86,,36845,94,,,1,46,,36846,94,,,1
989900,'3',2200,,36850,94,,,1,50,,36851,94,,,1,83,,36852,94,,,1,90,,36853,94,,,1,79,,36854,94,,,1,43,,36855,94,,,1
989900,'74',2146,,36859,94,,,1,94,,36860,94,,,1,84,,36861,94,,,1,91,,36862,94,,,1,86,,36863,94,,,1,46,,36864,94,,,1
989900,'80',2200,,36868,94,,,1,50,,36869,94,,,1,83,,36870,94,,,1,90,,36871,94,,,1,79,,36872,94,,,1,43,,36873,94,,,1
989901,'1',2156,,36877,10,,,1,72,,36878,10,,,1,78,,36879,10,,,1,37,,36880,10,,,1,75,,36881,10,,,1,32,,36882,10,,,1,75,,36883,10,,,1,75,,36884,10,,,1
989901,'2',2201,,36885,10,,,1,54,,36886,10,,,1,83,,36887,10,,,1,91,,36890,10,,,1,85,,36888,10,,,1,86,,36889,10,,,1
989901,'3',2214,,36891,10,,,1,90,,36892,10,,,1,43,,36893,10,,,1,90,,36894,10,,,1,79,,36895,10,,,1,43,,36896,10,,,1
989901,'74',2201,,36897,10,,,1,54,,36898,10,,,1,83,,36899,10,,,1,91,,36902,10,,,1,85,,36900,10,,,1,86,,36901,10,,,1
989901,'80',2214,,36903,10,,,1,90,,36904,10,,,1,43,,36905,10,,,1,90,,36906,10,,,1,79,,36907,10,,,1,43,,36908,10,,,1
