9601,'1',534,,31339,76,,,1,72,,31340,76,,,1,29,,31341,76,,,1,70,,31342,76,,,1,42,,31343,76,,,1,77,,31344,76,,,1,78,,31345,76,,,1,26,,31346,76,,,1,72,,31347,76,,,1,31,,31348,76,,,1,79,,31349,76,,,1,38,,31350,72,,,1,83,,31351,72,,,1,75,,31352,72,,,1,32,,31353,72,,,1,86,,31354,72,,,1,82,,31355,72,,,1,22,,31374,72,,,1,17,,31356,72,,,1,72,,31357,72,,,1,27,,31358,72,,,1,71,,31359,76,,,1,27,,31360,76,,,1,64,,31361,76,,,1,22,,31362,76,,,1,17,,31363,76,,,1,65,,31364,76,,,1,25,,31365,76,,,1,65,,31366,76,,,1,21,,31367,72,,,1,25,,31368,72,,,1,67,,31369,72,,,1,30,,31370,72,,,1,70,,31371,72,,,1,30,,31372,72,,,1,64,,31373,72,,,1
9601,'2',859,,31375,72,,,1,99,,31376,72,,,1,142,,31377,72,,,1,59,,31378,72,,,1,99,,31379,72,,,1,96,,31380,72,,,1,99,,31381,72,,,1,99,,31382,72,,,1,99,,31383,72,,,1,99,,31384,72,,,1,88,,31385,72,,,1,90,,31386,72,,,1,97,,31387,72,,,1
9601,'3',959,,31388,72,,,1,94,,31389,72,,,1,94,,31390,72,,,1,94,,31391,72,,,1,94,,31392,72,,,1,94,,31393,72,,,1,96,,31394,72,,,1,94,,31395,72,,,1,88,,31396,72,,,1,94,,31397,72,,,1,52,,31398,72,,,1,94,,31399,72,,,1
9601,'74',859,,31400,72,,,1,99,,31401,72,,,1,142,,31402,72,,,1,59,,31403,72,,,1,99,,31404,72,,,1,96,,31405,72,,,1,99,,31406,72,,,1,99,,31407,72,,,1,99,,31408,72,,,1,99,,31409,72,,,1,88,,31410,72,,,1,90,,31411,72,,,1,97,,31412,72,,,1
9601,'80',959,,31413,72,,,1,94,,31414,72,,,1,94,,31415,72,,,1,94,,31416,72,,,1,94,,31417,72,,,1,94,,31418,72,,,1,96,,31419,72,,,1,94,,31420,72,,,1,88,,31421,72,,,1,94,,31422,72,,,1,52,,31423,72,,,1,94,,31424,72,,,1
10701,'1',528,,32420,19,,,1,24,,32419,19,,,1,67,,32418,19,,,1,24,,32417,19,,,1,64,,32416,19,,,1,18,,32415,19,,,1,20,,32414,19,,,1,12,,32413,19,,,1,61,,32412,19,,,1,16,,32411,19,,,1,16,,32410,19,,,1,50,,32409,19,,,1,44,,32398,19,,,1,80,,32405,19,,,1,82,,32404,19,,,1,42,,32403,19,,,1,82,,32402,19,,,1,87,,32401,19,,,1,42,,32400,19,,,1,68,,32408,19,,,1,14,,32399,19,,,1,63,,32397,19,,,1,18,,32396,19,,,1,18,,32395,19,,,1,18,,32394,19,,,1,62,,32393,19,,,1,18,,32392,19,,,1,18,,32391,19,,,1,63,,32390,19,,,1,18,,32389,19,,,1,18,,32388,19,,,1,55,,32387,19,,,1,17,,32386,19,,,1,18,,32434,19,,,1,66,,32433,19,,,1,18,,32421,19,,,1,78,,32435,19,,,1,41,,32432,19,,,1,76,,32431,19,,,1,78,,32430,19,,,1,32,,32429,19,,,1,74,,32428,19,,,1,34,,32427,19,,,1,74,,32426,19,,,1,34,,32425,19,,,1,74,,32424,19,,,1,34,,32423,19,,,1,74,,32422,19,,,1
10701,'2',703,,32463,19,,,1,39,,32464,19,,,1,77,,32465,19,,,1,37,,32466,19,,,1,77,,32467,19,,,1,77,,32468,19,,,1,37,,32469,19,,,1,77,,32470,19,,,1,77,,32471,19,,,1,37,,32472,19,,,1,76,,32440,19,,,1,37,,32441,19,,,1,76,,32443,19,,,1,77,,32444,19,,,1,37,,32445,19,,,1,77,,32446,19,,,1,35,,32447,19,,,1,77,,32448,19,,,1,77,,32449,19,,,1,37,,32450,19,,,1,77,,32451,19,,,1,37,,32452,19,,,1,77,,32453,19,,,1,77,,32454,19,,,1,37,,32455,19,,,1,77,,32442,19,,,1,77,,32456,19,,,1,37,,32457,19,,,1,77,,32458,19,,,1,37,,32459,19,,,1,76,,32439,19,,,1,75,,32460,19,,,1
10701,'3',742,,32485,19,,,1,77,,32486,19,,,1,34,,32487,19,,,1,77,,32488,19,,,1,78,,32489,19,,,1,37,,32490,19,,,1,77,,32484,19,,,1,37,,32491,19,,,1,77,,32492,19,,,1,77,,32493,19,,,1,37,,32494,19,,,1,76,,32495,19,,,1,75,,32496,19,,,1,37,,32497,19,,,1,77,,32498,19,,,1,37,,32500,19,,,1,77,,32501,19,,,1,77,,32499,19,,,1,37,,32481,19,,,1,77,,32502,19,,,1,37,,32503,19,,,1,77,,32504,19,,,1,77,,32505,19,,,1,37,,32473,19,,,1,77,,32474,19,,,1,77,,32475,19,,,1,37,,32476,19,,,1,77,,32477,19,,,1,36,,32478,19,,,1,77,,32479,19,,,1,77,,32480,19,,,1
10701,'74',703,,32530,19,,,1,39,,32531,19,,,1,77,,32532,19,,,1,37,,32533,19,,,1,77,,32534,19,,,1,77,,32535,19,,,1,37,,32536,19,,,1,77,,32537,19,,,1,77,,32538,19,,,1,37,,32539,19,,,1,76,,32507,19,,,1,37,,32508,19,,,1,76,,32510,19,,,1,77,,32511,19,,,1,37,,32512,19,,,1,77,,32513,19,,,1,35,,32514,19,,,1,77,,32515,19,,,1,77,,32516,19,,,1,37,,32517,19,,,1,77,,32518,19,,,1,37,,32519,19,,,1,77,,32520,19,,,1,77,,32521,19,,,1,37,,32522,19,,,1,77,,32509,19,,,1,77,,32523,19,,,1,37,,32524,19,,,1,77,,32525,19,,,1,37,,32526,19,,,1,76,,32506,19,,,1,75,,32527,19,,,1
10701,'80',742,,32552,19,,,1,77,,32553,19,,,1,34,,32554,19,,,1,77,,32555,19,,,1,78,,32556,19,,,1,37,,32557,19,,,1,77,,32551,19,,,1,37,,32558,19,,,1,77,,32559,19,,,1,77,,32560,19,,,1,37,,32561,19,,,1,76,,32562,19,,,1,75,,32563,19,,,1,37,,32564,19,,,1,77,,32565,19,,,1,37,,32567,19,,,1,77,,32568,19,,,1,77,,32566,19,,,1,37,,32548,19,,,1,77,,32569,19,,,1,37,,32570,19,,,1,77,,32571,19,,,1,77,,32572,19,,,1,37,,32540,19,,,1,77,,32541,19,,,1,77,,32542,19,,,1,37,,32543,19,,,1,77,,32544,19,,,1,36,,32545,19,,,1,77,,32546,19,,,1,77,,32547,19,,,1
