'148.0.1',36000,92300,4,'',1,2900,4,'',1,6900,4,'',1,2900,4,'',1,6600,4,'',1,2700,4,'',1,8800,4,'',1,8400,4,'',1,4300,4,'',1,8400,4,'',1,8400,4,'',1,9200,4,'',1,8700,4,'',1,4400,4,'',1,7300,4,'',1,8400,4,'',1,4100,4,'',1,8400,4,'',1,8100,4,'',1,2800,4,'',1,6200,4,'',1,2500,4,'',1,2500,4,'',1
'148.0.1',36001,93000,,'',1,2900,,'',1,6900,,'',1,2900,,'',1,6500,,'',1,8200,,'',1,4400,,'',1,8400,,'',1,8400,,'',1,8400,,'',1,4400,,'',1,8400,,'',1,8400,,'',1,4400,,'',1,8400,,'',1,8400,,'',1,8400,,'',1,4100,,'',1,6800,,'',1,2800,,'',1,6200,,'',1,2500,,'',1,2500,,'',1
'148.0.2',36000,91800,4,'',1,2400,4,'',1,6400,4,'',1,2400,4,'',1,2400,4,'',1,6400,4,'',1,2400,4,'',1,6600,4,'',1,2400,4,'',1,2400,4,'',1,6400,4,'',1,2400,4,'',1,6400,4,'',1,2400,4,'',1,2400,4,'',1,6400,4,'',1,2400,4,'',1,6400,4,'',1,2400,4,'',1,2300,4,'',1,6400,4,'',1,2400,4,'',1,6200,4,'',1,2800,4,'',1,2100,4,'',1,6400,4,'',1,2400,4,'',1,6400,4,'',1,2400,4,'',1,2400,4,'',1,6700,4,'',1,2400,4,'',1,6300,4,'',1,2400,4,'',1,2400,4,'',1
'148.0.2',36001,92700,,'',1,2400,,'',1,6400,,'',1,2400,,'',1,6400,,'',1,2400,,'',1,2400,,'',1,6400,,'',1,2400,,'',1,6400,,'',1,2400,,'',1,2400,,'',1,6400,,'',1,2400,,'',1,6400,,'',1,2400,,'',1,2400,,'',1,6400,,'',1,2400,,'',1,6400,,'',1,2400,,'',1,2400,,'',1,6400,,'',1,2400,,'',1,6400,,'',1,2400,,'',1,2400,,'',1,6400,,'',1,2400,,'',1,6400,,'',1,2400,,'',1,2400,,'',1,6400,,'',1,2400,,'',1,6400,,'',1
'148.0.74',36000,91800,4,'',1,2400,4,'',1,6400,4,'',1,2400,4,'',1,2400,4,'',1,6400,4,'',1,2400,4,'',1,6600,4,'',1,2400,4,'',1,2400,4,'',1,6400,4,'',1,2400,4,'',1,6400,4,'',1,2400,4,'',1,2400,4,'',1,6400,4,'',1,2400,4,'',1,6400,4,'',1,2400,4,'',1,2300,4,'',1,6400,4,'',1,2400,4,'',1,6200,4,'',1,2800,4,'',1,2100,4,'',1,6400,4,'',1,2400,4,'',1,6400,4,'',1,2400,4,'',1,2400,4,'',1,6700,4,'',1,2400,4,'',1,6300,4,'',1,2400,4,'',1,2400,4,'',1,6400,4,'',1
'148.0.74',36001,92700,,'',1,2400,,'',1,6400,,'',1,2400,,'',1,6400,,'',1,2400,,'',1,2400,,'',1,6400,,'',1,2400,,'',1,6400,,'',1,2400,,'',1,2400,,'',1,6400,,'',1,2400,,'',1,6400,,'',1,2400,,'',1,2400,,'',1,6400,,'',1,2400,,'',1,6400,,'',1,2400,,'',1,2400,,'',1,6400,,'',1,2400,,'',1,6400,,'',1,2400,,'',1,2400,,'',1,6400,,'',1,2400,,'',1,6400,,'',1,2400,,'',1,2400,,'',1,6400,,'',1,2400,,'',1,6400,,'',1,2400,,'',1
'148.0.80',36000,91400,4,'',1,2200,4,'',1,2200,4,'',1,6200,4,'',1,2200,4,'',1,6200,4,'',1,2400,4,'',1,2200,4,'',1,6200,4,'',1,2000,4,'',1,2200,4,'',1,6200,4,'',1,2200,4,'',1,6200,4,'',1,2200,4,'',1,2400,4,'',1,6200,4,'',1,2200,4,'',1,2200,4,'',1,6200,4,'',1,2000,4,'',1,2200,4,'',1,6200,4,'',1,2200,4,'',1,6400,4,'',1,2200,4,'',1,2200,4,'',1,6200,4,'',1,2200,4,'',1,2200,4,'',1,5900,4,'',1,2200,4,'',1,2200,4,'',1,6500,4,'',1,2200,4,'',1,6200,4,'',1,2200,4,'',1,2200,4,'',1
'148.0.80',36001,92100,,'',1,2200,,'',1,6200,,'',1,2200,,'',1,2200,,'',1,6200,,'',1,2200,,'',1,2200,,'',1,6200,,'',1,2200,,'',1,6200,,'',1,2200,,'',1,2200,,'',1,6200,,'',1,2200,,'',1,2200,,'',1,6200,,'',1,2200,,'',1,2200,,'',1,6200,,'',1,2200,,'',1,6200,,'',1,2200,,'',1,2200,,'',1,6200,,'',1,2200,,'',1,2200,,'',1,6200,,'',1,2200,,'',1,2200,,'',1,6200,,'',1,2200,,'',1,6200,,'',1,2200,,'',1,2200,,'',1,6200,,'',1,2200,,'',1,2200,,'',1
'148.24604.3',36000,91400,4,'',1,2200,4,'',1,2200,4,'',1,6200,4,'',1,2200,4,'',1,6200,4,'',1,2400,4,'',1,2200,4,'',1,6200,4,'',1,2000,4,'',1,2200,4,'',1,6200,4,'',1,2200,4,'',1,6200,4,'',1,2200,4,'',1,2400,4,'',1,6200,4,'',1,2200,4,'',1,2200,4,'',1,6200,4,'',1,2000,4,'',1,2200,4,'',1,6200,4,'',1,2200,4,'',1,6400,4,'',1,2200,4,'',1,2200,4,'',1,6200,4,'',1,2200,4,'',1,2200,4,'',1,5900,4,'',1,2200,4,'',1,2200,4,'',1,6500,4,'',1,2200,4,'',1,6200,4,'',1,2200,4,'',1,2200,4,'',1
'148.24604.3',36001,92100,,'',1,2200,,'',1,6200,,'',1,2200,,'',1,2200,,'',1,6200,,'',1,2200,,'',1,2200,,'',1,6200,,'',1,2200,,'',1,6200,,'',1,2200,,'',1,2200,,'',1,6200,,'',1,2200,,'',1,2200,,'',1,6200,,'',1,2200,,'',1,2200,,'',1,6200,,'',1,2200,,'',1,6200,,'',1,2200,,'',1,2200,,'',1,6200,,'',1,2200,,'',1,2200,,'',1,6200,,'',1,2200,,'',1,2200,,'',1,6200,,'',1,2200,,'',1,6200,,'',1,2200,,'',1,2200,,'',1,6200,,'',1,2200,,'',1,2200,,'',1
'148.24605.3',36000,231200,4,'',1,2200,4,'',1
'148.24605.3',36001,231700,,'',1,2200,,'',1
