8501,'1',508,,29801,3,,,1,16,,29800,3,,,1,16,,29799,3,,,1,16,,29798,3,,,1,56,,29797,3,,,1,16,,29796,3,,,1,16,,29795,3,,,1,56,,29787,3,,,1,16,,29788,3,,,1,16,,29789,3,,,1,16,,29790,3,,,1,56,,29791,3,,,1,16,,29792,3,,,1,16,,29793,3,,,1,15,,29794,3,,,1,66,,29811,3,,,1,25,,29810,3,,,1,65,,29809,3,,,1,25,,29802,3,,,1,25,,29803,3,,,1,65,,29804,3,,,1,25,,29805,3,,,1,64,,29806,3,,,1,25,,29807,3,,,1,65,,29808,3,,,1,25,,29812,3,,,1,25,,29813,3,,,1,61,,29814,3,,,1,16,,29841,3,,,1,16,,29842,3,,,1,56,,29831,3,,,1,15,,29830,3,,,1,16,,29829,3,,,1,20,,29828,3,,,1,56,,29827,3,,,1,16,,29815,3,,,1,19,,29816,3,,,1,13,,29817,3,,,1,60,,29818,3,,,1,16,,29819,3,,,1,11,,29820,3,,,1,59,,29821,3,,,1,13,,29822,3,,,1,16,,29823,3,,,1,16,,29824,3,,,1,57,,29825,3,,,1,20,,29826,3,,,1,32,,29834,3,,,1,69,,29833,3,,,1,25,,29832,3,,,1,62,,29838,3,,,1,29,,29837,3,,,1,71,,29835,3,,,1,32,,29836,3,,,1
8501,'2',631,,29858,3,,,1,70,,29859,3,,,1,30,,29860,3,,,1,71,,29861,3,,,1,30,,29862,3,,,1,70,,29863,3,,,1,30,,29864,3,,,1,70,,29865,3,,,1,30,,29866,3,,,1,70,,29843,3,,,1,23,,29844,3,,,1,23,,29845,3,,,1,63,,29846,3,,,1,23,,29847,3,,,1,23,,29848,3,,,1,63,,29849,3,,,1,23,,29850,3,,,1,63,,29851,3,,,1,23,,29852,3,,,1,23,,29853,3,,,1,63,,29854,3,,,1,23,,29855,3,,,1,63,,29856,3,,,1,23,,29857,3,,,1,21,,29867,3,,,1,62,,29868,3,,,1,23,,29869,3,,,1,21,,29870,3,,,1,61,,29871,3,,,1,18,,29872,3,,,1,21,,29873,3,,,1,61,,29874,3,,,1,21,,29875,3,,,1,21,,29876,3,,,1,61,,29877,3,,,1,21,,29878,3,,,1,21,,29879,3,,,1,70,,29880,3,,,1,30,,29881,3,,,1,70,,29882,3,,,1
8501,'3',824,,29885,3,,,1,80,,29886,3,,,1,40,,29887,3,,,1,80,,29888,3,,,1,83,,29889,3,,,1,43,,29890,3,,,1,83,,29891,3,,,1,83,,29892,3,,,1,43,,29893,3,,,1,83,,29894,3,,,1,83,,29895,3,,,1,81,,29896,3,,,1,42,,29897,3,,,1,84,,29898,3,,,1,76,,29899,3,,,1,41,,29900,3,,,1,83,,29901,3,,,1,79,,29883,3,,,1,41,,29884,3,,,1
8501,'74',631,,29902,3,,,1,70,,29903,3,,,1,30,,29904,3,,,1,71,,29905,3,,,1,30,,29906,3,,,1,70,,29907,3,,,1,30,,29908,3,,,1,70,,29909,3,,,1,30,,29910,3,,,1,70,,29911,3,,,1,23,,29912,3,,,1,23,,29913,3,,,1,63,,29914,3,,,1,23,,29915,3,,,1,23,,29916,3,,,1,63,,29917,3,,,1,23,,29918,3,,,1,63,,29919,3,,,1,23,,29920,3,,,1,23,,29921,3,,,1,63,,29922,3,,,1,23,,29923,3,,,1,63,,29924,3,,,1,23,,29925,3,,,1,21,,29926,3,,,1,62,,29927,3,,,1,23,,29928,3,,,1,21,,29929,3,,,1,61,,29930,3,,,1,18,,29931,3,,,1,21,,29932,3,,,1,61,,29933,3,,,1,21,,29934,3,,,1,21,,29935,3,,,1,61,,29936,3,,,1,21,,29937,3,,,1,21,,29938,3,,,1,70,,29939,3,,,1,30,,29940,3,,,1,70,,29941,3,,,1
8501,'80',824,,29942,3,,,1,80,,29943,3,,,1,40,,29944,3,,,1,80,,29945,3,,,1,83,,29946,3,,,1,43,,29947,3,,,1,83,,29948,3,,,1,83,,29949,3,,,1,43,,29950,3,,,1,83,,29951,3,,,1,83,,29952,3,,,1,81,,29953,3,,,1,42,,29954,3,,,1,84,,29955,3,,,1,76,,29958,3,,,1,41,,29959,3,,,1,83,,29960,3,,,1,79,,29956,3,,,1,41,,29957,3,,,1
9001,'1',544,,30670,12,,,1,11,,30669,12,,,1,51,,30668,12,,,1,11,,30667,12,,,1,11,,30666,12,,,1,11,,30665,12,,,1,11,,30664,12,,,1,51,,30662,12,,,1,13,,30663,12,,,1,10,,30682,12,,,1,11,,30681,12,,,1,15,,30680,12,,,1,53,,30679,12,,,1,13,,30678,12,,,1,13,,30671,12,,,1,13,,30672,12,,,1,13,,30673,12,,,1,53,,30674,12,,,1,13,,30675,12,,,1,10,,30676,12,,,1,13,,30677,12,,,1,79,,30690,12,,,1,32,,30683,12,,,1,72,,30684,12,,,1,32,,30685,12,,,1,72,,30686,12,,,1,72,,30687,12,,,1,32,,30688,12,,,1,73,,30689,12,,,1,25,,30691,12,,,1,17,,30692,12,,,1,54,,30693,12,,,1,14,,30694,12,,,1,15,,30695,12,,,1,14,,30696,12,,,1,12,,30697,12,,,1,56,,30698,12,,,1,14,,30699,12,,,1,14,,30700,12,,,1,14,,30701,12,,,1,53,,30702,12,,,1,14,,30703,12,,,1,14,,30704,12,,,1,14,,30705,12,,,1,54,,30706,12,,,1,14,,30707,12,,,1,14,,30708,12,,,1,14,,30709,12,,,1,53,,30710,12,,,1,28,,30717,12,,,1,82,,30716,12,,,1,42,,30711,12,,,1,82,,30712,12,,,1,82,,30713,12,,,1,42,,30714,12,,,1,82,,30715,12,,,1,82,,30718,12,,,1
9001,'2',638,,30721,12,,,1,81,,30722,12,,,1,81,,30723,12,,,1,45,,30736,12,,,1,73,,30728,12,,,1,32,,30729,12,,,1,72,,30730,12,,,1,32,,30731,12,,,1,72,,30732,12,,,1,32,,30733,12,,,1,72,,30734,12,,,1,72,,30735,12,,,1,32,,30737,12,,,1,72,,30738,12,,,1,32,,30739,12,,,1,72,,30740,12,,,1,32,,30741,12,,,1,72,,30742,12,,,1,32,,30743,12,,,1,72,,30744,12,,,1,32,,30745,12,,,1,72,,30746,12,,,1,32,,30747,12,,,1,72,,30748,12,,,1,32,,30749,12,,,1,95,,30750,12,,,1,81,,30751,12,,,1,81,,30724,12,,,1,41,,30725,12,,,1,81,,30726,12,,,1,81,,30727,12,,,1
9001,'3',845,,30753,12,,,1,82,,30754,12,,,1,84,,30755,12,,,1,42,,30756,12,,,1,82,,30757,12,,,1,83,,30758,12,,,1,85,,30759,12,,,1,45,,30760,12,,,1,85,,30761,12,,,1,85,,30762,12,,,1,85,,30763,12,,,1,45,,30764,12,,,1,85,,30765,12,,,1,83,,30766,12,,,1,84,,30767,12,,,1,39,,30768,12,,,1,84,,30769,12,,,1,79,,30770,12,,,1,39,,30771,12,,,1,79,,30772,12,,,1
9001,'74',638,,30774,12,,,1,81,,30775,12,,,1,81,,30776,12,,,1,45,,30789,12,,,1,73,,30781,12,,,1,32,,30782,12,,,1,72,,30783,12,,,1,32,,30784,12,,,1,72,,30785,12,,,1,32,,30786,12,,,1,72,,30787,12,,,1,72,,30788,12,,,1,32,,30790,12,,,1,72,,30791,12,,,1,32,,30792,12,,,1,72,,30793,12,,,1,32,,30794,12,,,1,72,,30795,12,,,1,32,,30796,12,,,1,72,,30797,12,,,1,32,,30798,12,,,1,72,,30799,12,,,1,32,,30800,12,,,1,72,,30801,12,,,1,32,,30802,12,,,1,95,,30803,12,,,1,81,,30804,12,,,1,81,,30777,12,,,1,41,,30778,12,,,1,81,,30779,12,,,1,81,,30780,12,,,1
9001,'80',845,,30806,12,,,1,82,,30807,12,,,1,84,,30808,12,,,1,42,,30809,12,,,1,82,,30810,12,,,1,83,,30811,12,,,1,85,,30812,12,,,1,45,,30813,12,,,1,85,,30814,12,,,1,85,,30815,12,,,1,85,,30816,12,,,1,45,,30817,12,,,1,85,,30818,12,,,1,83,,30819,12,,,1,84,,30820,12,,,1,39,,30821,12,,,1,84,,30822,12,,,1,79,,30823,12,,,1,39,,30824,12,,,1,79,,30825,12,,,1
900200,'1',613,,36759,42,,,1,19,,36760,42,,,1,19,,36761,42,,,1,59,,36762,42,,,1,20,,36763,42,,,1,26,,36764,42,,,1,67,,36765,42,,,1,23,,36766,42,,,1,59,,36767,42,,,1,23,,36768,42,,,1,26,,36769,42,,,1,61,,36770,42,,,1,18,,36771,42,,,1
900201,'1',1552,,36800,14,,,1,63,,36801,14,,,1,23,,36802,14,,,1,63,,36803,14,,,1,23,,36804,14,,,1,23,,36805,14,,,1,63,,36806,14,,,1,23,,36807,14,,,1,23,,36811,14,,,1,57,,36808,14,,,1,19,,36809,14,,,1,19,,36810,14,,,1
