9601,'1',451,,18590,20,,,1,68,,18591,20,,,1,29,,18592,20,,,1,70,,18593,20,,,1,35,,18594,20,,,1,74,,18595,20,,,1,78,,18596,20,,,1,32,,18597,20,,,1,74,,18598,20,,,1,32,,18599,20,,,1,79,,18600,20,,,1,80,,18601,20,,,1,43,,18602,20,,,1,75,,18603,20,,,1,32,,18604,20,,,1,86,,18605,20,,,1,80,,18606,20,,,1,18,,18625,20,,,1,21,,18607,20,,,1,68,,18608,20,,,1,27,,18609,20,,,1,67,,18610,20,,,1,27,,18611,20,,,1,67,,18612,20,,,1,26,,18613,20,,,1,65,,18614,20,,,1,25,,18615,20,,,1,25,,18616,20,,,1,65,,18617,20,,,1,24,,18618,20,,,1,65,,18619,20,,,1,29,,18620,20,,,1,70,,18621,20,,,1,30,,18622,20,,,1,70,,18623,20,,,1,24,,18624,20,,,1
9601,'2',815,,18626,20,,,1,99,,18627,20,,,1,100,,18628,20,,,1,99,,18629,20,,,1,99,,18630,20,,,1,99,,18631,20,,,1,99,,18632,20,,,1,99,,18633,20,,,1,99,,18634,20,,,1,99,,18635,20,,,1,51,,18636,20,,,1,92,,18637,20,,,1,97,,18638,20,,,1
9601,'3',915,,18639,20,,,1,94,,18640,20,,,1,94,,18641,20,,,1,54,,18642,20,,,1,94,,18643,20,,,1,94,,18644,20,,,1,94,,18645,20,,,1,94,,18646,20,,,1,94,,18647,20,,,1,94,,18648,20,,,1,94,,18649,20,,,1,94,,18650,20,,,1
9601,'80',915,,18651,20,,,1,94,,18652,20,,,1,94,,18653,20,,,1,54,,18654,20,,,1,94,,18655,20,,,1,94,,18656,20,,,1,94,,18657,20,,,1,94,,18658,20,,,1,94,,18659,20,,,1,94,,18660,20,,,1,94,,18661,20,,,1,94,,18662,20,,,1
9801,'1',528,,18741,29,,,1,75,,18740,29,,,1,36,,18739,29,,,1,75,,18738,29,,,1,35,,18737,29,,,1,75,,18736,29,,,1,35,,18735,29,,,1,75,,18734,29,,,1,75,,18745,29,,,1,100,,18744,29,,,1,98,,18743,29,,,1,98,,18742,29,,,1,101,,18757,29,,,1,40,,18756,29,,,1,80,,18755,29,,,1,80,,18754,29,,,1,40,,18753,29,,,1,80,,18752,29,,,1,80,,18751,29,,,1,38,,18750,29,,,1,78,,18749,29,,,1,91,,18748,29,,,1,88,,18747,29,,,1,48,,18746,29,,,1
9801,'2',535,,18776,29,,,1,86,,18775,29,,,1,86,,18774,29,,,1,46,,18773,29,,,1,88,,18772,29,,,1,96,,18771,29,,,1,94,,18770,29,,,1,97,,18769,29,,,1,94,,18768,29,,,1,100,,18767,29,,,1,98,,18766,29,,,1,98,,18765,29,,,1,96,,18764,29,,,1,98,,18763,29,,,1,98,,18762,29,,,1,96,,18761,29,,,1,46,,18760,29,,,1,89,,18759,29,,,1,87,,18758,29,,,1
9801,'3',718,,18793,29,,,1,88,,18794,29,,,1,48,,18792,29,,,1,88,,18791,29,,,1,88,,18790,29,,,1,96,,18789,29,,,1,93,,18788,29,,,1,93,,18787,29,,,1,95,,18786,29,,,1,93,,18785,29,,,1,53,,18784,29,,,1,93,,18783,29,,,1,93,,18782,29,,,1,90,,18781,29,,,1,87,,18780,29,,,1,87,,18779,29,,,1,47,,18778,29,,,1,88,,18777,29,,,1
9801,'80',718,,18811,29,,,1,88,,18812,29,,,1,48,,18810,29,,,1,88,,18809,29,,,1,88,,18808,29,,,1,96,,18807,29,,,1,93,,18806,29,,,1,93,,18805,29,,,1,95,,18804,29,,,1,93,,18803,29,,,1,53,,18802,29,,,1,93,,18801,29,,,1,93,,18800,29,,,1,90,,18799,29,,,1,87,,18798,29,,,1,87,,18797,29,,,1,47,,18796,29,,,1,88,,18795,29,,,1
42801,'24612.1',1530,,20705,14,0,231 232 233 234,1,3,,20706,14,0,231 232 233 234,1
989901,'1',2208,,22691,29,,,1,32,,22692,29,,,1,78,,22693,29,,,1,36,,22694,29,,,1,75,,22695,29,,,1,71,,22696,29,,,1,35,,22697,29,,,1,75,,22698,29,,,1
989901,'2',2214,,22699,29,,,1,92,,22700,29,,,1,43,,22701,29,,,1,91,,22704,29,,,1,85,,22702,29,,,1,86,,22703,29,,,1
989901,'3',2226,,22705,29,,,1,89,,22706,29,,,1,43,,22707,29,,,1,89,,22708,29,,,1,79,,22709,29,,,1,83,,22710,29,,,1
989901,'80',2226,,22711,29,,,1,89,,22712,29,,,1,43,,22713,29,,,1,89,,22714,29,,,1,79,,22715,29,,,1,83,,22716,29,,,1
