200,'1',543,,12713,7,0,12 13,1,61,,12712,7,0,12 13,1,21,,12711,7,0,12 13,1,21,,12710,7,0,12 13,1,61,,12703,7,0,12 13,1,21,,12704,7,0,12 13,1,23,,12705,7,0,12 13,1,61,,12706,7,0,12 13,1,21,,12707,7,0,12 13,1,20,,12708,7,0,12 13,1,61,,12709,7,0,12 13,1,21,,12714,7,0,12 13,1,77,,12722,7,0,12 13,1,35,,12715,7,0,12 13,1,76,,12716,7,0,12 13,1,35,,12717,7,0,12 13,1,75,,12718,7,0,12 13,1,75,,12719,7,0,12 13,1,35,,12720,7,0,12 13,1,72,,12721,7,0,12 13,1,34,,12735,7,0,12 13,1,63,,12734,7,0,12 13,1,23,,12733,7,0,12 13,1,23,,12723,7,0,12 13,1,63,,12724,7,0,12 13,1,24,,12725,7,0,12 13,1,58,,12726,7,0,12 13,1,28,,12727,7,0,12 13,1,23,,12728,7,0,12 13,1,61,,12729,7,0,12 13,1,23,,12730,7,0,12 13,1,64,,12731,7,0,12 13,1,23,,12732,7,0,12 13,1,90,,12741,7,0,12 13,1,38,,12736,7,0,12 13,1,80,,12737,7,0,12 13,1,80,,12738,7,0,12 13,1,39,,12739,7,0,12 13,1,80,,12740,7,0,12 13,1
200,'2',803,,12770,7,,,1,40,,12769,7,,,1,80,,12745,7,,,1,80,,12746,7,,,1,40,,12747,7,,,1,80,,12748,7,,,1,80,,12749,7,,,1,40,,12750,7,,,1,80,,12751,7,,,1,80,,12752,7,,,1,40,,12753,7,,,1,80,,12754,7,,,1,80,,12755,7,,,1,40,,12756,7,,,1,80,,12757,7,,,1,80,,12758,7,,,1,40,,12759,7,,,1,80,,12760,7,,,1,80,,12761,7,,,1,40,,12762,7,,,1,79,,12763,7,,,1,32,,12768,7,,,1,73,,12767,7,,,1,73,,12764,7,,,1,33,,12765,7,,,1,73,,12766,7,,,1
200,'3',850,,12771,7,,,1,158,,12772,7,,,1,117,,12773,7,,,1,117,,12774,7,,,1,117,,12775,7,,,1,157,,12776,7,,,1,117,,12777,7,,,1,117,,12778,7,,,1,157,,12779,7,,,1,117,,12780,7,,,1,107,,12781,7,,,1,108,,12782,7,,,1,108,,12783,7,,,1
200,'80',850,,12784,7,,,1,158,,12785,7,,,1,117,,12786,7,,,1,117,,12787,7,,,1,117,,12788,7,,,1,157,,12789,7,,,1,117,,12790,7,,,1,117,,12791,7,,,1,157,,12792,7,,,1,117,,12793,7,,,1,107,,12794,7,,,1,108,,12795,7,,,1,108,,12796,7,,,1
501,'1',553,,13508,7,,,1,62,,13507,7,,,1,22,,13506,7,,,1,22,,13505,7,,,1,62,,13504,7,,,1,23,,13503,7,,,1,62,,13502,7,,,1,22,,13501,7,,,1,22,,13500,7,,,1,62,,13499,7,,,1,41,,13488,7,,,1,72,,13498,7,,,1,32,,13497,7,,,1,72,,13496,7,,,1,72,,13495,7,,,1,32,,13494,7,,,1,72,,13493,7,,,1,32,,13492,7,,,1,72,,13491,7,,,1,37,,13490,7,,,1,67,,13489,7,,,1,27,,13487,7,,,1,63,,13486,7,,,1,23,,13485,7,,,1,23,,13484,7,,,1,62,,13510,7,,,1,23,,13523,7,,,1,23,,13522,7,,,1,63,,13521,7,,,1,26,,13520,7,,,1,63,,13519,7,,,1,23,,13518,7,,,1,23,,13517,7,,,1,59,,13516,7,,,1,28,,13515,7,,,1,68,,13514,7,,,1,27,,13513,7,,,1,66,,13512,7,,,1,30,,13511,7,,,1,21,,13509,7,,,1
501,'2',655,,13540,7,,,1,68,,13541,7,,,1,28,,13542,7,,,1,68,,13543,7,,,1,28,,13544,7,,,1,68,,13550,7,,,1,28,,13545,7,,,1,68,,13546,7,,,1,28,,13547,7,,,1,68,,13548,7,,,1,28,,13549,7,,,1,68,,13524,7,,,1,28,,13525,7,,,1,69,,13526,7,,,1,29,,13527,7,,,1,29,,13528,7,,,1,69,,13529,7,,,1,29,,13530,7,,,1,69,,13531,7,,,1,29,,13532,7,,,1,69,,13533,7,,,1,29,,13534,7,,,1,69,,13535,7,,,1,29,,13551,7,,,1,67,,13536,7,,,1,27,,13537,7,,,1,67,,13538,7,,,1,25,,13539,7,,,1
7701,'1',434,,16783,7,,,1,17,,16784,7,,,1,53,,16785,7,,,1,15,,16786,7,,,1,16,,16787,7,,,1,15,,16788,7,,,1,55,,16789,7,,,1,16,,16790,7,,,1,16,,16791,7,,,1,16,,16792,7,,,1,57,,16793,7,,,1,16,,16794,7,,,1,16,,16795,7,,,1,16,,16796,7,,,1,56,,16797,7,,,1,16,,16798,7,,,1,16,,16799,7,,,1,56,,16800,7,,,1,16,,16801,7,,,1,16,,16802,7,,,1,16,,16803,7,,,1,56,,16804,7,,,1,30,,16805,7,,,1,70,,16806,7,,,1,30,,16807,7,,,1,70,,16808,7,,,1,30,,16809,7,,,1,71,,16810,7,,,1,30,,16811,7,,,1,70,,16812,7,,,1,19,,16813,7,,,1,19,,16814,7,,,1,59,,16815,7,,,1,19,,16816,7,,,1,19,,16817,7,,,1,59,,16818,7,,,1,19,,16819,7,,,1,19,,16820,7,,,1,19,,16821,7,,,1,59,,16822,7,,,1,19,,16823,7,,,1,19,,16824,7,,,1,58,,16825,7,,,1,19,,16826,7,,,1,19,,16827,7,,,1,58,,16828,7,,,1,19,,16829,7,,,1,19,,16830,7,,,1,67,,16831,7,,,1,27,,16832,7,,,1,67,,16833,7,,,1,27,,16834,7,,,1,67,,16835,7,,,1,33,,16836,7,,,1,72,,16837,7,,,1,33,,16838,7,,,1,73,,16839,7,,,1,32,,16840,7,,,1,73,,16841,7,,,1,33,,16842,7,,,1,75,,16843,7,,,1
7701,'2',516,,16852,7,,,1,35,,16853,7,,,1,75,,16854,7,,,1,75,,16855,7,,,1,35,,16856,7,,,1,75,,16857,7,,,1,35,,16858,7,,,1,75,,16859,7,,,1,86,,16860,7,,,1,42,,16861,7,,,1,81,,16862,7,,,1,81,,16863,7,,,1,41,,16864,7,,,1,82,,16865,7,,,1,80,,16866,7,,,1,42,,16885,7,,,1,73,,16867,7,,,1,73,,16868,7,,,1,33,,16869,7,,,1,74,,16870,7,,,1,31,,16871,7,,,1,73,,16872,7,,,1,30,,16873,7,,,1,70,,16874,7,,,1,30,,16875,7,,,1,70,,16876,7,,,1,30,,16877,7,,,1,70,,16878,7,,,1,30,,16879,7,,,1,70,,16880,7,,,1,30,,16881,7,,,1,69,,16882,7,,,1,30,,16883,7,,,1,76,,16884,7,,,1,36,,16886,7,,,1,70,,16887,7,,,1,33,,16888,7,,,1,73,,16889,7,,,1
7701,'3',915,,16890,7,,,1,92,,16891,7,,,1,52,,16892,7,,,1,93,,16893,7,,,1,92,,16894,7,,,1,92,,16895,7,,,1,93,,16896,7,,,1,90,,16897,7,,,1,92,,16898,7,,,1,92,,16899,7,,,1,53,,16900,7,,,1,93,,16901,7,,,1,91,,16902,7,,,1,86,,16903,7,,,1,89,,16908,7,,,1,44,,16904,7,,,1,88,,16905,7,,,1,88,,16906,7,,,1,83,,16907,7,,,1,87,,16911,7,,,1,39,,16909,7,,,1,80,,16910,7,,,1
7701,'80',915,,16915,7,,,1,92,,16916,7,,,1,52,,16917,7,,,1,93,,16918,7,,,1,92,,16919,7,,,1,92,,16920,7,,,1,93,,16921,7,,,1,90,,16922,7,,,1,92,,16923,7,,,1,92,,16924,7,,,1,53,,16925,7,,,1,93,,16926,7,,,1,91,,16927,7,,,1,86,,16928,7,,,1,89,,16933,7,,,1,44,,16929,7,,,1,88,,16930,7,,,1,88,,16931,7,,,1,83,,16932,7,,,1,87,,16936,7,,,1,39,,16934,7,,,1,80,,16935,7,,,1
9900,'1',445,,18813,7,,,1,80,,18814,7,,,1,80,,18815,7,,,1,41,,18816,7,,,1,90,,18817,7,,,1,75,,18818,7,,,1,36,,18819,7,,,1,74,,18820,7,,,1,35,,18821,7,,,1,75,,18822,7,,,1,96,,18823,7,,,1,94,,18824,7,,,1,94,,18825,7,,,1,94,,18826,7,,,1,29,,18838,7,,,1,71,,18837,7,,,1,29,,18827,7,,,1,70,,18828,7,,,1,30,,18829,7,,,1,70,,18830,7,,,1,30,,18831,7,,,1,70,,18832,7,,,1,30,,18833,7,,,1,69,,18834,7,,,1,30,,18835,7,,,1,70,,18836,7,,,1
9900,'2',603,,18841,7,,,1,38,,18842,7,,,1,78,,18856,7,,,1,88,,18855,7,,,1,47,,18843,7,,,1,87,,18844,7,,,1,87,,18845,7,,,1,87,,18846,7,,,1,104,,18847,7,,,1,95,,18848,7,,,1,95,,18849,7,,,1,95,,18850,7,,,1,55,,18851,7,,,1,95,,18852,7,,,1,95,,18853,7,,,1,95,,18854,7,,,1,88,,18858,7,,,1,90,,18857,7,,,1
9900,'3',610,,18861,7,,,1,38,,18862,7,,,1,78,,18863,7,,,1,78,,18864,7,,,1,51,,18881,7,,,1,89,,18865,7,,,1,89,,18866,7,,,1,89,,18867,7,,,1,89,,18868,7,,,1,89,,18869,7,,,1,49,,18870,7,,,1,89,,18871,7,,,1,89,,18872,7,,,1,89,,18873,7,,,1,89,,18874,7,,,1,49,,18875,7,,,1,89,,18876,7,,,1,89,,18877,7,,,1,87,,18878,7,,,1
9900,'80',610,,18882,7,,,1,38,,18883,7,,,1,78,,18884,7,,,1,78,,18885,7,,,1,51,,18902,7,,,1,89,,18886,7,,,1,89,,18887,7,,,1,89,,18888,7,,,1,89,,18889,7,,,1,89,,18890,7,,,1,49,,18891,7,,,1,89,,18892,7,,,1,89,,18893,7,,,1,89,,18894,7,,,1,89,,18895,7,,,1,49,,18896,7,,,1,89,,18897,7,,,1,89,,18898,7,,,1,87,,18899,7,,,1
36000,'2',835,,20438,7,,,1,68,,20439,7,,,1,28,,20440,7,,,1,28,,20441,7,,,1,68,,20442,7,,,1,28,,20443,7,,,1,68,,20444,7,,,1,28,,20445,7,,,1,68,,20446,7,,,1,28,,20447,7,,,1,68,,20448,7,,,1,28,,20449,7,,,1,68,,20450,7,,,1,28,,20451,7,,,1,69,,20452,7,,,1,28,,20453,7,,,1,68,,20454,7,,,1,28,,20455,7,,,1,70,,20456,7,,,1,30,,20457,7,,,1,71,,20458,7,,,1,30,,20459,7,,,1,70,,20460,7,,,1,30,,20461,7,,,1,70,,20462,7,,,1,29,,20463,7,,,1,71,,20464,7,,,1,30,,20465,7,,,1,70,,20466,7,,,1
36000,'80',834,,20467,7,,,1,68,,20468,7,,,1,28,,20469,7,,,1,28,,20470,7,,,1,68,,20471,7,,,1,29,,20472,7,,,1,68,,20473,7,,,1,27,,20474,7,,,1,68,,20475,7,,,1,28,,20476,7,,,1,68,,20477,7,,,1,28,,20478,7,,,1,69,,20479,7,,,1,28,,20480,7,,,1,68,,20481,7,,,1,28,,20482,7,,,1,67,,20483,7,,,1,28,,20484,7,,,1,28,,20485,7,,,1,68,,20486,7,,,1,28,,20487,7,,,1,68,,20488,7,,,1,28,,20489,7,,,1,68,,20490,7,,,1,28,,20491,7,,,1,66,,20492,7,,,1,27,,20493,7,,,1,66,,20494,7,,,1
36000,'24603.3',834,,20495,7,,,1,68,,20496,7,,,1,28,,20497,7,,,1,28,,20498,7,,,1,68,,20499,7,,,1,29,,20500,7,,,1,68,,20501,7,,,1,27,,20502,7,,,1,68,,20503,7,,,1,28,,20504,7,,,1,68,,20505,7,,,1,28,,20506,7,,,1,69,,20507,7,,,1,28,,20508,7,,,1,68,,20509,7,,,1,28,,20510,7,,,1,67,,20511,7,,,1,28,,20512,7,,,1,28,,20513,7,,,1,68,,20514,7,,,1,28,,20515,7,,,1,68,,20516,7,,,1,28,,20517,7,,,1,68,,20518,7,,,1,28,,20519,7,,,1,66,,20520,7,,,1,27,,20521,7,,,1,66,,20522,7,,,1
36000,'24604.3',2130,,20523,7,,,1,26,,20524,7,,,1,66,,20525,7,,,1
60100,'1',531,,20781,2,,,1,11,,20782,2,,,1,11,,20783,2,,,1,51,,20784,2,,,1,11,,20785,2,,,1,11,,20786,2,,,1,11,,20787,2,,,1,11,,20788,2,,,1,11,,20789,2,,,1,52,,20790,2,,,1,11,,20791,2,,,1,11,,20792,2,,,1,11,,20793,2,,,1,11,,20794,2,,,1,52,,20795,2,,,1,11,,20796,2,,,1,11,,20797,2,,,1,11,,20798,2,,,1,11,,20799,2,,,1,51,,20800,2,,,1,10,,20801,2,,,1,11,,20802,2,,,1,11,,20803,2,,,1,11,,20804,2,,,1,11,,20805,2,,,1,54,,20806,2,,,1,16,,20807,2,,,1,16,,20808,2,,,1,16,,20809,2,,,1,56,,20810,2,,,1,16,,20811,2,,,1,16,,20812,2,,,1,56,,20813,2,,,1,16,,20814,2,,,1,16,,20815,2,,,1,16,,20816,2,,,1,56,,20817,2,,,1,17,,20818,2,,,1,16,,20819,2,,,1,16,,20820,2,,,1,54,,20821,2,,,1,12,,20822,2,,,1,12,,20823,2,,,1,12,,20824,2,,,1,12,,20825,2,,,1,52,,20826,2,,,1,12,,20827,2,,,1,12,,20828,2,,,1,12,,20829,2,,,1,12,,20830,2,,,1,52,,20831,2,,,1,12,,20832,2,,,1,12,,20833,2,,,1,12,,20834,2,,,1,12,,20835,2,,,1,52,,20836,2,,,1,12,,20837,2,,,1,12,,20838,2,,,1,12,,20839,2,,,1,12,,20840,2,,,1,52,,20841,2,,,1,12,,20842,2,,,1,12,,20843,2,,,1,12,,20844,2,,,1,12,,20845,2,,,1,52,,20846,2,,,1,11,,20847,2,,,1,12,,20848,2,,,1,12,,20849,2,,,1,12,,20850,2,,,1,64,,20851,2,,,1,18,,20852,2,,,1,18,,20853,2,,,1,58,,20854,2,,,1,18,,20855,2,,,1,18,,20856,2,,,1,59,,20857,2,,,1,19,,20858,2,,,1,18,,20859,2,,,1,59,,20860,2,,,1,19,,20861,2,,,1,19,,20862,2,,,1,59,,20863,2,,,1,19,,20864,2,,,1,19,,20865,2,,,1
60100,'2',507,,20877,2,,,1,17,,20878,2,,,1,17,,20879,2,,,1,17,,20880,2,,,1,57,,20881,2,,,1,17,,20882,2,,,1,17,,20883,2,,,1,57,,20884,2,,,1,16,,20885,2,,,1,16,,20886,2,,,1,17,,20887,2,,,1,56,,20888,2,,,1,16,,20889,2,,,1,16,,20890,2,,,1,16,,20891,2,,,1,56,,20892,2,,,1,16,,20893,2,,,1,16,,20894,2,,,1,56,,20895,2,,,1,16,,20896,2,,,1,16,,20897,2,,,1,16,,20898,2,,,1,56,,20899,2,,,1,16,,20900,2,,,1,17,,20901,2,,,1,16,,20902,2,,,1,55,,20903,2,,,1,15,,20904,2,,,1,15,,20905,2,,,1,15,,20906,2,,,1,55,,20907,2,,,1,15,,20908,2,,,1,15,,20909,2,,,1,15,,20910,2,,,1,55,,20911,2,,,1,15,,20912,2,,,1,15,,20913,2,,,1,15,,20914,2,,,1,55,,20915,2,,,1,15,,20916,2,,,1,15,,20917,2,,,1,15,,20918,2,,,1,55,,20919,2,,,1,15,,20920,2,,,1,15,,20921,2,,,1,15,,20922,2,,,1,55,,20923,2,,,1,15,,20924,2,,,1,15,,20925,2,,,1,15,,20926,2,,,1,55,,20927,2,,,1,15,,20928,2,,,1,15,,20929,2,,,1,15,,20930,2,,,1,55,,20931,2,,,1,15,,20932,2,,,1,15,,20933,2,,,1,14,,20934,2,,,1,58,,20935,2,,,1,18,,20936,2,,,1,18,,20937,2,,,1,58,,20938,2,,,1,18,,20939,2,,,1,18,,20940,2,,,1,58,,20941,2,,,1,16,,20942,2,,,1,16,,20943,2,,,1,15,,20944,2,,,1,56,,20945,2,,,1,16,,20946,2,,,1,16,,20947,2,,,1,16,,20948,2,,,1,56,,20949,2,,,1,16,,20950,2,,,1,16,,20951,2,,,1
60100,'3',539,,20960,2,,,1,20,,20959,2,,,1,60,,20958,2,,,1,20,,20957,2,,,1,20,,20956,2,,,1,60,,20955,2,,,1,20,,20954,2,,,1,20,,20953,2,,,1,60,,20952,2,,,1,20,,20961,2,,,1,20,,20962,2,,,1,60,,20963,2,,,1,21,,20964,2,,,1,60,,20965,2,,,1,20,,20966,2,,,1,27,,20994,2,,,1,61,,20993,2,,,1,21,,20992,2,,,1,21,,20967,2,,,1,62,,20968,2,,,1,21,,20969,2,,,1,21,,20970,2,,,1,61,,20971,2,,,1,21,,20972,2,,,1,21,,20973,2,,,1,61,,20974,2,,,1,21,,20975,2,,,1,61,,20976,2,,,1,21,,20977,2,,,1,20,,20978,2,,,1,61,,20979,2,,,1,21,,20980,2,,,1,21,,20981,2,,,1,61,,20982,2,,,1,21,,20983,2,,,1,21,,20984,2,,,1,61,,20985,2,,,1,21,,20986,2,,,1,21,,20987,2,,,1,61,,20988,2,,,1,21,,20989,2,,,1,21,,20990,2,,,1,61,,20991,2,,,1,29,,21000,2,,,1,60,,20999,2,,,1,20,,20998,2,,,1,20,,20995,2,,,1,60,,20996,2,,,1,19,,20997,2,,,1,30,,21007,2,,,1,60,,21006,2,,,1,20,,21001,2,,,1,20,,21002,2,,,1,60,,21003,2,,,1,20,,21004,2,,,1,20,,21005,2,,,1
60100,'80',539,,21022,2,,,1,20,,21021,2,,,1,60,,21020,2,,,1,20,,21019,2,,,1,20,,21018,2,,,1,60,,21017,2,,,1,20,,21016,2,,,1,20,,21015,2,,,1,60,,21014,2,,,1,20,,21008,2,,,1,20,,21009,2,,,1,60,,21010,2,,,1,21,,21011,2,,,1,60,,21012,2,,,1,20,,21013,2,,,1,27,,21050,2,,,1,61,,21049,2,,,1,21,,21048,2,,,1,21,,21023,2,,,1,62,,21024,2,,,1,21,,21025,2,,,1,21,,21026,2,,,1,61,,21027,2,,,1,21,,21028,2,,,1,21,,21029,2,,,1,61,,21030,2,,,1,21,,21031,2,,,1,61,,21032,2,,,1,21,,21033,2,,,1,20,,21034,2,,,1,61,,21035,2,,,1,21,,21036,2,,,1,21,,21037,2,,,1,61,,21038,2,,,1,21,,21039,2,,,1,21,,21040,2,,,1,61,,21041,2,,,1,21,,21042,2,,,1,21,,21043,2,,,1,61,,21044,2,,,1,21,,21045,2,,,1,21,,21046,2,,,1,61,,21047,2,,,1,29,,21056,2,,,1,60,,21055,2,,,1,20,,21054,2,,,1,20,,21051,2,,,1,60,,21052,2,,,1,19,,21053,2,,,1,30,,21063,2,,,1,60,,21062,2,,,1,20,,21057,2,,,1,20,,21058,2,,,1,60,,21059,2,,,1,20,,21060,2,,,1,20,,21061,2,,,1
989900,'1',2041,,22653,7,,,1,77,,22654,7,,,1,38,,22655,7,,,1,78,,22656,7,,,1,75,,22657,7,,,1,34,,22658,7,,,1,75,,22659,7,,,1,35,,22660,7,,,1,75,,22661,7,0,5 6,1,75,,22662,7,0,5 6,1,41,,22663,7,0,5 6,1
989900,'2',2042,,22664,7,,,1,94,,22665,7,,,1,93,,22666,7,,,1,94,,22667,7,,,1,86,,22668,7,,,1,46,,22669,7,,,1,86,,22670,7,0,5 6,1,86,,22671,7,0,5 6,1,86,,22672,7,0,5 6,1
989900,'3',2100,,22673,7,,,1,50,,22674,7,,,1,91,,22675,7,,,1,90,,22676,7,,,1,82,,22677,7,,,1,43,,22678,7,,,1,82,,22679,7,0,5 6,1,83,,22680,7,0,5 6,1,83,,22681,7,0,5 6,1
989900,'80',2100,,22682,7,,,1,50,,22683,7,,,1,91,,22684,7,,,1,90,,22685,7,,,1,82,,22686,7,,,1,43,,22687,7,,,1,82,,22688,7,0,5 6,1,83,,22689,7,0,5 6,1,83,,22690,7,0,5 6,1
6010200,'1',537,,22806,2,,,1,11,,22807,2,,,1,11,,22808,2,,,1,51,,22809,2,,,1,11,,22810,2,,,1,11,,22811,2,,,1,11,,22812,2,,,1,11,,22813,2,,,1,52,,22814,2,,,1,11,,22815,2,,,1,11,,22816,2,,,1,11,,22817,2,,,1,11,,22818,2,,,1,51,,22819,2,,,1,12,,22820,2,,,1,11,,22821,2,,,1,11,,22822,2,,,1,11,,22823,2,,,1,11,,22824,2,,,1,50,,22825,2,,,1,11,,22826,2,,,1,11,,22827,2,,,1,11,,22828,2,,,1,11,,22829,2,,,1,51,,22830,2,,,1,16,,22831,2,,,1,16,,22832,2,,,1,16,,22833,2,,,1,56,,22834,2,,,1,16,,22835,2,,,1,16,,22836,2,,,1,16,,22837,2,,,1,56,,22838,2,,,1,16,,22839,2,,,1,16,,22840,2,,,1,16,,22841,2,,,1,56,,22842,2,,,1,17,,22843,2,,,1,16,,22844,2,,,1,56,,22845,2,,,1,12,,22846,2,,,1,12,,22847,2,,,1,12,,22848,2,,,1,12,,22849,2,,,1,52,,22850,2,,,1,12,,22851,2,,,1,12,,22852,2,,,1,12,,22853,2,,,1,12,,22854,2,,,1,52,,22855,2,,,1,12,,22856,2,,,1,12,,22857,2,,,1,12,,22858,2,,,1,12,,22859,2,,,1,52,,22860,2,,,1,12,,22861,2,,,1,12,,22862,2,,,1,12,,22863,2,,,1,12,,22864,2,,,1,52,,22865,2,,,1,12,,22866,2,,,1,12,,22867,2,,,1,12,,22868,2,,,1,12,,22869,2,,,1,52,,22870,2,,,1,12,,22871,2,,,1,11,,22872,2,,,1,12,,22873,2,,,1,12,,22874,2,,,1,52,,22875,2,,,1
6010200,'2',819,,22876,2,,,1,16,,22877,2,,,1,16,,22878,2,,,1,56,,22879,2,,,1,16,,22880,2,,,1,16,,22881,2,,,1,16,,22882,2,,,1,56,,22883,2,,,1,16,,22884,2,,,1,16,,22885,2,,,1,16,,22886,2,,,1,56,,22887,2,,,1,16,,22888,2,,,1,17,,22889,2,,,1,56,,22890,2,,,1,15,,22891,2,,,1,15,,22892,2,,,1,15,,22893,2,,,1,55,,22894,2,,,1,15,,22895,2,,,1,15,,22896,2,,,1,15,,22897,2,,,1,55,,22898,2,,,1,15,,22899,2,,,1,15,,22900,2,,,1,15,,22901,2,,,1,55,,22902,2,,,1,15,,22903,2,,,1,15,,22904,2,,,1,15,,22905,2,,,1,55,,22906,2,,,1,15,,22907,2,,,1,15,,22908,2,,,1,15,,22909,2,,,1,55,,22910,2,,,1,15,,22911,2,,,1,15,,22912,2,,,1,15,,22913,2,,,1,55,,22914,2,,,1,15,,22915,2,,,1,15,,22916,2,,,1,15,,22917,2,,,1,55,,22918,2,,,1,15,,22919,2,,,1,15,,22920,2,,,1,15,,22921,2,,,1
6010200,'3',849,,22922,2,,,1,60,,22923,2,,,1,20,,22924,2,,,1,21,,22925,2,,,1,60,,22926,2,,,1,24,,22927,2,,,1,24,,22928,2,,,1,60,,22929,2,,,1,21,,22930,2,,,1,61,,22931,2,,,1,21,,22932,2,,,1,21,,22933,2,,,1,61,,22934,2,,,1,22,,22935,2,,,1,21,,22936,2,,,1,61,,22937,2,,,1,21,,22938,2,,,1,21,,22939,2,,,1,61,,22940,2,,,1,21,,22941,2,,,1,20,,22942,2,,,1,61,,22943,2,,,1,21,,22944,2,,,1,21,,22945,2,,,1,61,,22946,2,,,1,21,,22947,2,,,1,21,,22948,2,,,1,61,,22949,2,,,1,21,,22950,2,,,1,61,,22951,2,,,1,21,,22952,2,,,1,21,,22953,2,,,1,61,,22954,2,,,1,20,,22955,2,,,1
6010200,'80',849,,22956,2,,,1,60,,22957,2,,,1,20,,22958,2,,,1,21,,22959,2,,,1,60,,22960,2,,,1,24,,22961,2,,,1,24,,22962,2,,,1,60,,22963,2,,,1,21,,22964,2,,,1,61,,22965,2,,,1,21,,22966,2,,,1,21,,22967,2,,,1,61,,22968,2,,,1,22,,22969,2,,,1,21,,22970,2,,,1,61,,22971,2,,,1,21,,22972,2,,,1,21,,22973,2,,,1,61,,22974,2,,,1,21,,22975,2,,,1,20,,22976,2,,,1,61,,22977,2,,,1,21,,22978,2,,,1,21,,22979,2,,,1,61,,22980,2,,,1,21,,22981,2,,,1,21,,22982,2,,,1,61,,22983,2,,,1,21,,22984,2,,,1,61,,22985,2,,,1,21,,22986,2,,,1,21,,22987,2,,,1,61,,22988,2,,,1,20,,22989,2,,,1
