7700,'1',418,,16671,26,,,1,15,,16672,26,,,1,15,,16673,26,,,1,55,,16674,26,,,1,15,,16675,26,,,1,9,,16632,39,,,1,17,,16631,39,,,1,13,,16630,39,,,1,60,,16629,39,,,1,15,,16627,39,,,1,21,,16628,39,,,1,53,,16647,39,,,1,16,,16646,39,,,1,16,,16645,39,,,1,65,,16644,39,,,1,16,,16643,39,,,1,16,,16642,39,,,1,16,,16633,39,,,1,53,,16634,39,,,1,16,,16635,39,,,1,16,,16636,39,,,1,16,,16637,39,,,1,53,,16638,39,,,1,12,,16639,39,,,1,16,,16640,39,,,1,71,,16641,39,,,1,34,,16655,39,,,1,70,,16654,39,,,1,30,,16653,39,,,1,70,,16648,39,,,1,33,,16649,39,,,1,61,,16676,26,,,1,9,,16650,39,,,1,28,,16677,26,,,1,2,,16651,39,,,1,75,,16652,39,,,1,20,,16678,26,,,1,3,,16670,39,,,1,19,,16669,39,,,1,66,,16668,39,,,1,24,,16667,39,,,1,59,,16666,39,,,1,19,,16656,39,,,1,19,,16657,39,,,1,59,,16658,39,,,1,14,,16659,39,,,1,13,,16660,39,,,1,19,,16661,39,,,1,50,,16662,39,,,1,19,,16663,39,,,1,15,,16664,39,,,1,14,,16665,39,,,1,59,,16679,39,,,1,19,,16680,39,,,1,19,,16681,39,,,1,69,,16684,39,,,1,27,,16683,39,,,1,67,,16682,39,,,1,40,,16693,39,,,1,73,,16692,39,,,1,28,,16691,39,,,1,73,,16685,39,,,1,33,,16686,39,,,1,73,,16687,39,,,1,73,,16688,39,,,1,33,,16689,39,,,1,73,,16690,39,,,1
7700,'2',457,,16694,26,,,1,70,,16695,39,,,1,75,,16696,39,,,1,35,,16697,39,,,1,76,,16698,39,,,1,35,,16699,39,,,1,75,,16700,39,,,1,36,,16701,39,,,1,75,,16702,39,,,1,75,,16703,39,,,1,49,,16704,39,,,1,81,,16705,39,,,1,81,,16706,39,,,1,87,,16707,39,,,1,41,,16708,39,,,1,81,,16709,39,,,1,77,,16710,39,,,1,33,,16711,39,,,1,73,,16712,39,,,1,30,,16713,39,,,1,73,,16714,39,,,1,33,,16715,39,,,1,70,,16716,39,,,1,34,,16717,39,,,1,70,,16719,39,,,1,28,,16720,39,,,1,70,,16721,39,,,1,30,,16722,39,,,1,64,,16723,39,,,1,30,,16724,39,,,1,73,,16725,39,,,1,30,,16726,39,,,1,70,,16727,39,,,1,26,,16728,39,,,1,70,,16729,39,,,1,23,,16718,39,,,1,69,,16730,39,,,1,33,,16731,39,,,1,73,,16732,39,,,1,33,,16733,39,,,1,73,,16734,39,,,1
9901,'1',422,,18903,36,,,1,81,,18904,36,,,1,40,,18905,36,,,1,82,,18906,36,,,1,82,,18907,36,,,1,35,,18908,36,,,1,71,,18909,36,,,1,43,,18910,36,,,1,72,,18911,36,,,1,75,,18912,36,,,1,54,,18913,36,,,1,99,,18914,36,,,1,94,,18915,36,,,1,94,,18916,36,,,1,100,,18917,36,,,1,67,,18918,36,,,1,30,,18919,36,,,1,70,,18920,36,,,1,30,,18921,36,,,1,70,,18922,36,,,1,30,,18923,36,,,1,70,,18924,36,,,1,26,,18925,36,,,1,70,,18926,36,,,1,26,,18927,36,,,1,70,,18928,36,,,1,30,,18929,36,,,1,25,,18930,36,,,1,70,,18931,36,,,1,85,,18932,36,,,1
9901,'2',544,,18933,36,,,1,77,,18934,36,,,1,37,,18935,36,,,1,77,,18936,36,,,1,87,,18937,36,,,1,92,,18938,36,,,1,89,,18939,36,,,1,47,,18940,36,,,1,103,,18941,36,,,1,97,,18942,36,,,1,95,,18943,36,,,1,95,,18944,36,,,1,95,,18945,36,,,1,95,,18946,36,,,1,92,,18947,36,,,1,93,,18948,36,,,1,95,,18949,36,,,1,91,,18950,36,,,1,45,,18951,36,,,1,85,,18952,36,,,1
9901,'3',548,,18953,36,,,1,81,,18954,36,,,1,78,,18955,36,,,1,38,,18956,36,,,1,78,,18957,36,,,1,93,,18958,36,,,1,89,,18959,36,,,1,49,,18960,36,,,1,89,,18961,36,,,1,94,,18962,36,,,1,89,,18963,36,,,1,89,,18964,36,,,1,89,,18965,36,,,1,49,,18966,36,,,1,89,,18967,36,,,1,89,,18968,36,,,1,84,,18969,36,,,1,89,,18970,36,,,1,49,,18971,36,,,1,86,,18972,36,,,1,89,,18973,36,,,1,79,,18974,36,,,1
9901,'80',548,,18975,36,,,1,81,,18976,36,,,1,78,,18977,36,,,1,38,,18978,36,,,1,78,,18979,36,,,1,93,,18980,36,,,1,89,,18981,36,,,1,49,,18982,36,,,1,89,,18983,36,,,1,94,,18984,36,,,1,89,,18985,36,,,1,89,,18986,36,,,1,89,,18987,36,,,1,49,,18988,36,,,1,89,,18989,36,,,1,89,,18990,36,,,1,84,,18991,36,,,1,89,,18992,36,,,1,49,,18993,36,,,1,86,,18994,36,,,1,89,,18995,36,,,1,79,,18996,36,,,1
36001,'2',1005,,20526,17,,,1,28,,20527,17,,,1,68,,20528,17,,,1,28,,20529,17,,,1,27,,20530,17,,,1,68,,20531,17,,,1,29,,20532,17,,,1,68,,20533,17,,,1,28,,20534,17,,,1,68,,20535,17,,,1,28,,20536,17,,,1,68,,20537,17,,,1,27,,20538,17,,,1,68,,20539,17,,,1,28,,20540,17,,,1,71,,20554,17,,,1,29,,20553,17,,,1,67,,20541,17,,,1,31,,20542,17,,,1,76,,20543,17,,,1,30,,20544,17,,,1,66,,20545,17,,,1,30,,20546,17,,,1,72,,20547,17,,,1,28,,20548,17,,,1,68,,20549,17,,,1,30,,20550,17,,,1,70,,20551,17,,,1,30,,20552,17,,,1
36001,'80',1001,,20555,17,,,1,28,,20556,17,,,1,28,,20557,17,,,1,65,,20558,17,,,1,28,,20559,17,,,1,70,,20560,17,,,1,28,,20561,17,,,1,68,,20562,17,,,1,29,,20563,17,,,1,68,,20564,17,,,1,26,,20565,17,,,1,71,,20566,17,,,1,28,,20567,17,,,1,68,,20568,17,,,1,29,,20569,17,,,1,68,,20570,17,,,1,28,,20571,17,,,1,28,,20572,17,,,1,68,,20573,17,,,1,28,,20574,17,,,1,71,,20575,17,,,1,22,,20576,17,,,1,68,,20577,17,,,1,28,,20578,17,,,1,66,,20582,17,,,1,28,,20579,17,,,1,66,,20580,17,,,1,28,,20581,17,,,1
36001,'24603.3',1001,,20583,17,,,1,28,,20584,17,,,1,28,,20585,17,,,1,65,,20586,17,,,1,28,,20587,17,,,1,70,,20588,17,,,1,28,,20589,17,,,1,68,,20590,17,,,1,29,,20591,17,,,1,68,,20592,17,,,1,26,,20593,17,,,1,71,,20594,17,,,1,28,,20595,17,,,1,68,,20596,17,,,1,29,,20597,17,,,1,68,,20598,17,,,1,28,,20599,17,,,1,28,,20600,17,,,1,68,,20601,17,,,1,28,,20602,17,,,1,71,,20603,17,,,1,22,,20604,17,,,1,68,,20605,17,,,1,28,,20606,17,,,1,66,,20610,17,,,1,28,,20607,17,,,1,66,,20608,17,,,1,28,,20609,17,,,1
36001,'24604.3',2253,,20611,17,,,1,66,,20612,17,,,1,26,,20613,17,,,1
989901,'1',2248,,22691,91,,,1,69,,22692,91,,,1,38,,22693,91,,,1,74,,22694,91,,,1,75,,22695,91,,,1,29,,22696,91,,,1,75,,22697,91,,,1,35,,22698,91,,,1
989901,'2',2256,,22699,91,,,1,87,,22700,91,,,1,81,,22701,91,,,1,91,,22704,91,,,1,85,,22702,91,,,1,46,,22703,91,,,1
989901,'3',2304,,22705,91,,,1,47,,22706,91,,,1,83,,22707,91,,,1,85,,22708,91,,,1,39,,22709,91,,,1,83,,22710,91,,,1
989901,'80',2304,,22711,91,,,1,47,,22712,91,,,1,83,,22713,91,,,1,85,,22714,91,,,1,39,,22715,91,,,1,83,,22716,91,,,1
