9601,'1',528,,31339,67,,,1,31,,31340,67,,,1,69,,31341,67,,,1,30,,31342,67,,,1,82,,31343,67,,,1,76,,31344,67,,,1,38,,31345,67,,,1,67,,31346,67,,,1,33,,31347,67,,,1,71,,31348,67,,,1,79,,31349,67,,,1,37,,31350,63,,,1,83,,31351,63,,,1,35,,31352,63,,,1,72,,31353,63,,,1,86,,31354,63,,,1,42,,31355,63,,,1,61,,31374,63,,,1,18,,31356,63,,,1,71,,31357,63,,,1,27,,31358,63,,,1,71,,31359,67,,,1,27,,31360,67,,,1,66,,31361,67,,,1,23,,31362,67,,,1,17,,31363,67,,,1,65,,31364,67,,,1,25,,31365,67,,,1,25,,31366,67,,,1,61,,31367,63,,,1,25,,31368,63,,,1,67,,31369,63,,,1,30,,31370,63,,,1,70,,31371,63,,,1,30,,31372,63,,,1,64,,31373,63,,,1
9601,'2',854,,31375,63,,,1,99,,31376,63,,,1,101,,31377,63,,,1,99,,31378,63,,,1,99,,31379,63,,,1,97,,31380,63,,,1,99,,31381,63,,,1,99,,31382,63,,,1,99,,31383,63,,,1,99,,31384,63,,,1,88,,31385,63,,,1,90,,31386,63,,,1,97,,31387,63,,,1
9601,'3',953,,31388,63,,,1,94,,31389,63,,,1,94,,31390,63,,,1,94,,31391,63,,,1,94,,31392,63,,,1,94,,31393,63,,,1,96,,31394,63,,,1,94,,31395,63,,,1,89,,31396,63,,,1,54,,31397,63,,,1,92,,31398,63,,,1,94,,31399,63,,,1
9601,'74',854,,31400,63,,,1,99,,31401,63,,,1,101,,31402,63,,,1,99,,31403,63,,,1,99,,31404,63,,,1,97,,31405,63,,,1,99,,31406,63,,,1,99,,31407,63,,,1,99,,31408,63,,,1,99,,31409,63,,,1,88,,31410,63,,,1,90,,31411,63,,,1,97,,31412,63,,,1
9601,'80',953,,31413,63,,,1,94,,31414,63,,,1,94,,31415,63,,,1,94,,31416,63,,,1,94,,31417,63,,,1,94,,31418,63,,,1,96,,31419,63,,,1,94,,31420,63,,,1,89,,31421,63,,,1,54,,31422,63,,,1,92,,31423,63,,,1,94,,31424,63,,,1
10701,'1',522,,32420,10,,,1,24,,32419,10,,,1,66,,32418,10,,,1,24,,32417,10,,,1,64,,32416,10,,,1,17,,32415,10,,,1,20,,32414,10,,,1,12,,32413,10,,,1,61,,32412,10,,,1,16,,32411,10,,,1,16,,32410,10,,,1,10,,32409,10,,,1,85,,32398,10,,,1,80,,32405,10,,,1,42,,32404,10,,,1,82,,32403,10,,,1,82,,32402,10,,,1,87,,32401,10,,,1,42,,32400,10,,,1,68,,32408,10,,,1,14,,32399,10,,,1,23,,32397,10,,,1,58,,32396,10,,,1,18,,32395,10,,,1,18,,32394,10,,,1,62,,32393,10,,,1,18,,32392,10,,,1,18,,32391,10,,,1,63,,32390,10,,,1,18,,32389,10,,,1,18,,32388,10,,,1,55,,32387,10,,,1,18,,32386,10,,,1,18,,32434,10,,,1,66,,32433,10,,,1,18,,32421,10,,,1,78,,32435,10,,,1,41,,32432,10,,,1,76,,32431,10,,,1,38,,32430,10,,,1,73,,32429,10,,,1,74,,32428,10,,,1,34,,32427,10,,,1,74,,32426,10,,,1,34,,32425,10,,,1,74,,32424,10,,,1,34,,32423,10,,,1,74,,32422,10,,,1
10701,'2',657,,32463,10,,,1,79,,32464,10,,,1,77,,32465,10,,,1,37,,32466,10,,,1,77,,32467,10,,,1,77,,32468,10,,,1,37,,32469,10,,,1,77,,32470,10,,,1,37,,32471,10,,,1,77,,32472,10,,,1,76,,32440,10,,,1,37,,32441,10,,,1,76,,32443,10,,,1,37,,32444,10,,,1,77,,32445,10,,,1,77,,32446,10,,,1,35,,32447,10,,,1,77,,32448,10,,,1,77,,32449,10,,,1,37,,32450,10,,,1,77,,32451,10,,,1,37,,32452,10,,,1,77,,32453,10,,,1,77,,32454,10,,,1,37,,32455,10,,,1,77,,32442,10,,,1,37,,32456,10,,,1,77,,32457,10,,,1,77,,32458,10,,,1,37,,32459,10,,,1,76,,32439,10,,,1,35,,32460,10,,,1
10701,'3',736,,32485,10,,,1,77,,32486,10,,,1,34,,32487,10,,,1,77,,32488,10,,,1,78,,32489,10,,,1,37,,32490,10,,,1,77,,32484,10,,,1,37,,32491,10,,,1,77,,32492,10,,,1,77,,32493,10,,,1,37,,32494,10,,,1,77,,32495,10,,,1,35,,32496,10,,,1,77,,32497,10,,,1,77,,32498,10,,,1,37,,32500,10,,,1,77,,32501,10,,,1,77,,32499,10,,,1,37,,32481,10,,,1,77,,32502,10,,,1,37,,32503,10,,,1,77,,32504,10,,,1,77,,32505,10,,,1,37,,32473,10,,,1,77,,32474,10,,,1,37,,32475,10,,,1,77,,32476,10,,,1,77,,32477,10,,,1,36,,32478,10,,,1,77,,32479,10,,,1,77,,32480,10,,,1
10701,'74',657,,32530,10,,,1,79,,32531,10,,,1,77,,32532,10,,,1,37,,32533,10,,,1,77,,32534,10,,,1,77,,32535,10,,,1,37,,32536,10,,,1,77,,32537,10,,,1,37,,32538,10,,,1,77,,32539,10,,,1,76,,32507,10,,,1,37,,32508,10,,,1,76,,32510,10,,,1,37,,32511,10,,,1,77,,32512,10,,,1,77,,32513,10,,,1,35,,32514,10,,,1,77,,32515,10,,,1,77,,32516,10,,,1,37,,32517,10,,,1,77,,32518,10,,,1,37,,32519,10,,,1,77,,32520,10,,,1,77,,32521,10,,,1,37,,32522,10,,,1,77,,32509,10,,,1,37,,32523,10,,,1,77,,32524,10,,,1,77,,32525,10,,,1,37,,32526,10,,,1,76,,32506,10,,,1,35,,32527,10,,,1
10701,'80',736,,32552,10,,,1,77,,32553,10,,,1,34,,32554,10,,,1,77,,32555,10,,,1,78,,32556,10,,,1,37,,32557,10,,,1,77,,32551,10,,,1,37,,32558,10,,,1,77,,32559,10,,,1,77,,32560,10,,,1,37,,32561,10,,,1,77,,32562,10,,,1,35,,32563,10,,,1,77,,32564,10,,,1,77,,32565,10,,,1,37,,32567,10,,,1,77,,32568,10,,,1,77,,32566,10,,,1,37,,32548,10,,,1,77,,32569,10,,,1,37,,32570,10,,,1,77,,32571,10,,,1,77,,32572,10,,,1,37,,32540,10,,,1,77,,32541,10,,,1,37,,32542,10,,,1,77,,32543,10,,,1,77,,32544,10,,,1,36,,32545,10,,,1,77,,32546,10,,,1,77,,32547,10,,,1
