100,'1',353,,23457,14,,,1,78,,23456,14,,,1,71,,23455,14,,,1,42,,23483,29,,,1,78,,23482,29,,,1,37,,23480,29,,,1,78,,23481,29,,,1,74,,23479,29,,,1,35,,23478,29,,,1,75,,23477,29,,,1,109,,23476,29,,,1,113,,23475,29,,,1,112,,23474,29,,,1,155,,23473,29,,,1,47,,23484,29,,,1,80,,23472,29,,,1,71,,23471,29,,,1,37,,23470,29,,,1,71,,23469,29,,,1,34,,23468,29,,,1,74,,23467,29,,,1,28,,23466,29,,,1,66,,23465,29,,,1,98,,23464,29,,,1,103,,23463,29,,,1,100,,23462,29,,,1,93,,23461,29,,,1,96,,23460,29,,,1,49,,23459,29,,,1,95,,23458,29,,,1
100,'74',553,,23507,14,,,1,96,,23485,29,,,1,103,,23486,29,,,1,107,,23487,29,,,1,143,,23488,29,,,1,109,,23489,29,,,1,95,,23490,29,,,1,47,,23491,29,,,1,103,,23492,29,,,1,92,,23493,29,,,1,92,,23494,29,,,1,92,,23495,29,,,1,86,,23496,29,,,1,92,,23497,29,,,1,91,,23498,29,,,1,44,,23499,29,,,1,92,,23500,29,,,1,91,,23501,29,,,1,97,,23502,29,,,1,97,,23503,29,,,1,94,,23504,29,,,1,93,,23505,29,,,1,97,,23506,29,,,1
100,'80',744,,23523,14,,,1,91,,23508,29,,,1,117,,23509,29,,,1,155,,23510,29,,,1,114,,23511,29,,,1,115,,23512,29,,,1,112,,23513,29,,,1,107,,23514,29,,,1,152,,23515,29,,,1,111,,23516,29,,,1,109,,23517,29,,,1,97,,23518,29,,,1,99,,23519,29,,,1,99,,23520,29,,,1,95,,23521,29,,,1,99,,23522,29,,,1
100,'35296.2',553,,23546,14,,,1,96,,23524,29,,,1,103,,23525,29,,,1,107,,23526,29,,,1,143,,23527,29,,,1,109,,23528,29,,,1,95,,23529,29,,,1,47,,23530,29,,,1,103,,23531,29,,,1,92,,23532,29,,,1,92,,23533,29,,,1,92,,23534,29,,,1,86,,23535,29,,,1,92,,23536,29,,,1,91,,23537,29,,,1,44,,23538,29,,,1,92,,23539,29,,,1,91,,23540,29,,,1,97,,23541,29,,,1,97,,23542,29,,,1,94,,23543,29,,,1,93,,23544,29,,,1,97,,23545,29,,,1
100,'35296.3',744,,23562,14,,,1,91,,23547,29,,,1,117,,23548,29,,,1,155,,23549,29,,,1,114,,23550,29,,,1,115,,23551,29,,,1,112,,23552,29,,,1,107,,23553,29,,,1,152,,23554,29,,,1,111,,23555,29,,,1,109,,23556,29,,,1,97,,23557,29,,,1,99,,23558,29,,,1,99,,23559,29,,,1,95,,23560,29,,,1,99,,23561,29,,,1
100,'35298.2',553,,23615,14,,,1,96,,23614,29,,,1,77,,23563,29,,,1,17,,23564,29,,,1,61,,23565,29,,,1,17,,23566,29,,,1,17,,23567,29,,,1,17,,23568,29,,,1,57,,23569,29,,,1,17,,23570,29,,,1,17,,23571,29,,,1,57,,23572,29,,,1,17,,23573,29,,,1,23,,23574,29,,,1,57,,23575,29,,,1,17,,23576,29,,,1,17,,23577,29,,,1,20,,23578,29,,,1,57,,23579,29,,,1,17,,23580,29,,,1,17,,23581,29,,,1,63,,23582,29,,,1,17,,23583,29,,,1,17,,23584,29,,,1,17,,23585,29,,,1,57,,23586,29,,,1,17,,23587,29,,,1,17,,23588,29,,,1,57,,23589,29,,,1,17,,23590,29,,,1,17,,23591,29,,,1,17,,23592,29,,,1,57,,23593,29,,,1,17,,23594,29,,,1,11,,23595,29,,,1,57,,23596,29,,,1,17,,23597,29,,,1,17,,23598,29,,,1,17,,23599,29,,,1,57,,23600,29,,,1,17,,23601,29,,,1,16,,23602,29,,,1,17,,23603,29,,,1,57,,23604,29,,,1,17,,23605,29,,,1,13,,23606,29,,,1,92,,23607,29,,,1,91,,23608,29,,,1,97,,23609,29,,,1,97,,23610,29,,,1,94,,23611,29,,,1,93,,23612,29,,,1,97,,23613,29,,,1
100,'35298.3',725,,23616,29,,,1,17,,23617,29,,,1,17,,23618,29,,,1,57,,23619,29,,,1,17,,23620,29,,,1,17,,23621,29,,,1,57,,23622,29,,,1,22,,23623,29,,,1,17,,23624,29,,,1,57,,23625,29,,,1,17,,23626,29,,,1,20,,23627,29,,,1,17,,23628,29,,,1,57,,23629,29,,,1,17,,23630,29,,,1,19,,23631,29,,,1,57,,23632,29,,,1,17,,23633,29,,,1,17,,23634,29,,,1,17,,23635,29,,,1,60,,23636,29,,,1,17,,23637,29,,,1,17,,23638,29,,,1,57,,23639,29,,,1,17,,23640,29,,,1,17,,23641,29,,,1,57,,23642,29,,,1,17,,23643,29,,,1,17,,23644,29,,,1,12,,23645,29,,,1,57,,23646,29,,,1,17,,23647,29,,,1,17,,23648,29,,,1,17,,23649,29,,,1,57,,23650,29,,,1,17,,23651,29,,,1,17,,23652,29,,,1,57,,23653,29,,,1,16,,23654,29,,,1,17,,23655,29,,,1,17,,23656,29,,,1,57,,23657,29,,,1,14,,23658,29,,,1,101,,23659,29,,,1,99,,23660,29,,,1,99,,23661,29,,,1,95,,23662,29,,,1,99,,23663,29,,,1
60300,'1',511,,34741,16,,,1,20,,34742,16,,,1,21,,34743,16,,,1,61,,34744,16,,,1,23,,34745,16,,,1,18,,34746,16,,,1,63,,34747,16,,,1,18,,34748,16,,,1,18,,34749,16,,,1,60,,34750,16,,,1,18,,34751,16,,,1,18,,34752,16,,,1,58,,34753,16,,,1,18,,34754,16,,,1,19,,34755,16,,,1,62,,34756,16,,,1,22,,34757,16,,,1,22,,34758,16,,,1,64,,34759,16,,,1,22,,34760,16,,,1,22,,34761,16,,,1,62,,34762,16,,,1,22,,34763,16,,,1,62,,34764,16,,,1,23,,34765,16,,,1,22,,34766,16,,,1,62,,34767,16,,,1,22,,34768,16,,,1,22,,34769,16,,,1,60,,34770,16,,,1,16,,34771,16,,,1,16,,34772,16,,,1,56,,34773,16,,,1,16,,34774,16,,,1,16,,34775,16,,,1,16,,34776,16,,,1,56,,34777,16,,,1,16,,34778,16,,,1,16,,34779,16,,,1,16,,34780,16,,,1,54,,34781,16,,,1,16,,34782,16,,,1,13,,34783,16,,,1,16,,34784,16,,,1,56,,34785,16,,,1,14,,34786,16,,,1,30,,34787,16,,,1,70,,34788,16,,,1,30,,34789,16,,,1,69,,34790,16,,,1,27,,34791,16,,,1,70,,34792,16,,,1,81,,34793,16,,,1,39,,34794,16,,,1,82,,34795,16,,,1,87,,34796,16,,,1
60300,'74',542,,34797,16,,,1,82,,34798,16,,,1,80,,34799,16,,,1,41,,34800,16,,,1,80,,34801,16,,,1,83,,34802,16,,,1,45,,34803,16,,,1,81,,34804,16,,,1,77,,34805,16,,,1,38,,34806,16,,,1,82,,34807,16,,,1,74,,34808,16,,,1,38,,34809,16,,,1,78,,34810,16,,,1,38,,34811,16,,,1,79,,34812,16,,,1,78,,34813,16,,,1,38,,34814,16,,,1,75,,34815,16,,,1,80,,34816,16,,,1,35,,34817,16,,,1,78,,34818,16,,,1,37,,34819,16,,,1,80,,34820,16,,,1,80,,34821,16,,,1,38,,34822,16,,,1,86,,34823,16,,,1,89,,34824,16,,,1,92,,34825,16,,,1
60300,'80',726,,34826,16,,,1,76,,34827,16,,,1,38,,34828,16,,,1,77,,34829,16,,,1,42,,34830,16,,,1,85,,34831,16,,,1,85,,34832,16,,,1,82,,34833,16,,,1,41,,34834,16,,,1,82,,34835,16,,,1,82,,34836,16,,,1,84,,34837,16,,,1,39,,34838,16,,,1,76,,34839,16,,,1,36,,34840,16,,,1,76,,34841,16,,,1,74,,34842,16,,,1,36,,34843,16,,,1,73,,34844,16,,,1,36,,34845,16,,,1,74,,34846,16,,,1,36,,34847,16,,,1,91,,34848,16,,,1,105,,34849,16,,,1,103,,34850,16,,,1,146,,34851,16,,,1
60300,'35296.2',542,,34852,16,,,1,82,,34853,16,,,1,80,,34854,16,,,1,41,,34855,16,,,1,80,,34856,16,,,1,83,,34857,16,,,1,45,,34858,16,,,1,81,,34859,16,,,1,77,,34860,16,,,1,38,,34861,16,,,1,82,,34862,16,,,1,74,,34863,16,,,1,38,,34864,16,,,1,78,,34865,16,,,1,38,,34866,16,,,1,79,,34867,16,,,1,78,,34868,16,,,1,38,,34869,16,,,1,75,,34870,16,,,1,80,,34871,16,,,1,35,,34872,16,,,1,78,,34873,16,,,1,37,,34874,16,,,1,80,,34875,16,,,1,80,,34876,16,,,1,38,,34877,16,,,1,86,,34878,16,,,1,89,,34879,16,,,1,92,,34880,16,,,1
60300,'35296.3',726,,34881,16,,,1,76,,34882,16,,,1,38,,34883,16,,,1,77,,34884,16,,,1,42,,34885,16,,,1,85,,34886,16,,,1,85,,34887,16,,,1,82,,34888,16,,,1,41,,34889,16,,,1,82,,34890,16,,,1,82,,34891,16,,,1,84,,34892,16,,,1,39,,34893,16,,,1,76,,34894,16,,,1,36,,34895,16,,,1,76,,34896,16,,,1,74,,34897,16,,,1,36,,34898,16,,,1,73,,34899,16,,,1,36,,34900,16,,,1,74,,34901,16,,,1,36,,34902,16,,,1,91,,34903,16,,,1,105,,34904,16,,,1,103,,34905,16,,,1,146,,34906,16,,,1
60300,'35297.2',532,,34998,16,,,1,22,,34999,16,,,1,62,,35000,16,,,1,24,,35001,16,,,1,62,,35002,16,,,1,23,,34907,16,,,1,7,,34908,16,,,1,7,,34909,16,,,1,7,,34910,16,,,1,7,,34911,16,,,1,47,,34912,16,,,1,7,,34913,16,,,1,7,,34914,16,,,1,7,,34915,16,,,1,7,,34916,16,,,1,7,,34917,16,,,1,10,,34918,16,,,1,7,,34919,16,,,1,7,,34920,16,,,1,47,,34921,16,,,1,7,,34922,16,,,1,7,,34923,16,,,1,7,,34924,16,,,1,12,,34925,16,,,1,7,,34926,16,,,1,7,,34927,16,,,1,47,,34928,16,,,1,7,,34929,16,,,1,7,,34930,16,,,1,8,,34931,16,,,1,7,,34932,16,,,1,7,,34933,16,,,1,7,,34934,16,,,1,7,,34935,16,,,1,7,,34936,16,,,1,45,,34937,16,,,1,7,,34938,16,,,1,7,,34939,16,,,1,7,,34940,16,,,1,7,,34941,16,,,1,7,,34942,16,,,1,7,,34943,16,,,1,7,,34944,16,,,1,7,,34945,16,,,1,51,,34946,16,,,1,7,,34947,16,,,1,7,,34948,16,,,1,7,,34949,16,,,1,7,,34950,16,,,1,7,,34951,16,,,1,7,,34952,16,,,1,7,,34953,16,,,1,47,,34954,16,,,1,3,,34955,16,,,1,7,,34956,16,,,1,7,,34957,16,,,1,7,,34958,16,,,1,7,,34959,16,,,1,7,,34960,16,,,1,7,,34961,16,,,1,7,,34962,16,,,1,47,,34963,16,,,1,7,,34964,16,,,1,7,,34965,16,,,1,7,,34966,16,,,1,7,,34967,16,,,1,7,,34968,16,,,1,7,,34969,16,,,1,7,,34970,16,,,1,47,,34971,16,,,1,12,,34972,16,,,1,7,,34973,16,,,1,7,,34974,16,,,1,7,,34975,16,,,1,3,,34976,16,,,1,7,,34977,16,,,1,7,,34978,16,,,1,7,,34979,16,,,1,47,,34980,16,,,1,7,,34981,16,,,1,7,,34982,16,,,1,7,,34983,16,,,1,7,,34984,16,,,1,7,,34985,16,,,1,7,,34986,16,,,1,7,,34987,16,,,1,47,,34988,16,,,1,7,,34989,16,,,1,7,,34990,16,,,1,4,,34991,16,,,1,7,,34992,16,,,1,7,,34993,16,,,1,7,,34994,16,,,1,7,,34995,16,,,1,7,,34996,16,,,1,49,,34997,16,,,1,7,,35003,16,,,1,7,,35004,16,,,1,7,,35005,16,,,1,7,,35006,16,,,1,4,,35007,16,,,1,7,,35008,16,,,1,7,,35009,16,,,1,7,,35010,16,,,1,47,,35011,16,,,1,7,,35012,16,,,1,7,,35013,16,,,1,7,,35014,16,,,1,6,,35015,16,,,1,7,,35016,16,,,1,7,,35017,16,,,1,7,,35018,16,,,1,62,,35019,16,,,1,22,,35020,16,,,1,22,,35021,16,,,1,62,,35022,16,,,1,22,,35023,16,,,1,60,,35024,16,,,1,22,,35025,16,,,1,22,,35026,16,,,1,62,,35027,16,,,1,19,,35028,16,,,1,22,,35029,16,,,1,62,,35030,16,,,1,22,,35031,16,,,1,22,,35032,16,,,1
60300,'35297.3',723,,35033,16,,,1,7,,35034,16,,,1,7,,35035,16,,,1,7,,35036,16,,,1,7,,35037,16,,,1,7,,35038,16,,,1,47,,35039,16,,,1,9,,35040,16,,,1,7,,35041,16,,,1,7,,35042,16,,,1,7,,35043,16,,,1,7,,35044,16,,,1,7,,35045,16,,,1,8,,35046,16,,,1,47,,35047,16,,,1,7,,35048,16,,,1,7,,35049,16,,,1,7,,35050,16,,,1,7,,35051,16,,,1,7,,35052,16,,,1,7,,35053,16,,,1,7,,35054,16,,,1,47,,35055,16,,,1,10,,35056,16,,,1,7,,35057,16,,,1,7,,35058,16,,,1,7,,35059,16,,,1,7,,35060,16,,,1,7,,35061,16,,,1,7,,35062,16,,,1,50,,35063,16,,,1,7,,35064,16,,,1,7,,35065,16,,,1,7,,35066,16,,,1,7,,35067,16,,,1,7,,35068,16,,,1,7,,35069,16,,,1,7,,35070,16,,,1,7,,35071,16,,,1,47,,35072,16,,,1,7,,35073,16,,,1,6,,35074,16,,,1,7,,35075,16,,,1,7,,35076,16,,,1,7,,35077,16,,,1,7,,35078,16,,,1,7,,35079,16,,,1,47,,35080,16,,,1,7,,35081,16,,,1,7,,35082,16,,,1,7,,35083,16,,,1,7,,35084,16,,,1,7,,35085,16,,,1,7,,35086,16,,,1,7,,35087,16,,,1,7,,35088,16,,,1,47,,35089,16,,,1,7,,35090,16,,,1,7,,35091,16,,,1,7,,35092,16,,,1,9,,35093,16,,,1,7,,35094,16,,,1,7,,35095,16,,,1,7,,35096,16,,,1,47,,35097,16,,,1,7,,35098,16,,,1,7,,35099,16,,,1,7,,35100,16,,,1,7,,35101,16,,,1,7,,35102,16,,,1,7,,35103,16,,,1,7,,35104,16,,,1,7,,35105,16,,,1,47,,35106,16,,,1,7,,35107,16,,,1,7,,35108,16,,,1,7,,35109,16,,,1,7,,35110,16,,,1,7,,35111,16,,,1,7,,35112,16,,,1,7,,35113,16,,,1,47,,35114,16,,,1,7,,35115,16,,,1,7,,35116,16,,,1,7,,35117,16,,,1,7,,35118,16,,,1,5,,35119,16,,,1,7,,35120,16,,,1,7,,35121,16,,,1,7,,35122,16,,,1,47,,35123,16,,,1,7,,35124,16,,,1,7,,35125,16,,,1,7,,35126,16,,,1,7,,35127,16,,,1,7,,35128,16,,,1,7,,35129,16,,,1,7,,35130,16,,,1,7,,35131,16,,,1,44,,35132,16,,,1,7,,35133,16,,,1,7,,35134,16,,,1,7,,35135,16,,,1,7,,35136,16,,,1,7,,35137,16,,,1,7,,35138,16,,,1,7,,35139,16,,,1,7,,35140,16,,,1,60,,35141,16,,,1,22,,35142,16,,,1,62,,35143,16,,,1,22,,35144,16,,,1,22,,35145,16,,,1,62,,35146,16,,,1,21,,35147,16,,,1,22,,35148,16,,,1,62,,35149,16,,,1,22,,35150,16,,,1,19,,35151,16,,,1,62,,35152,16,,,1,22,,35153,16,,,1,22,,35154,16,,,1
6030100,'1',528,,37453,16,,,1,20,,37454,16,,,1,62,,37455,16,,,1,24,,37456,16,,,1,18,,37457,16,,,1,58,,37458,16,,,1,21,,37459,16,,,1,18,,37460,16,,,1,62,,37461,16,,,1,18,,37462,16,,,1,18,,37463,16,,,1,58,,37464,16,,,1,18,,37465,16,,,1,16,,37466,16,,,1,62,,37467,16,,,1,22,,37468,16,,,1,22,,37469,16,,,1,62,,37470,16,,,1,22,,37471,16,,,1,22,,37472,16,,,1,62,,37473,16,,,1,22,,37474,16,,,1,22,,37475,16,,,1,64,,37476,16,,,1,22,,37477,16,,,1,62,,37478,16,,,1,22,,37479,16,,,1,22,,37480,16,,,1,62,,37481,16,,,1,16,,37482,16,,,1,16,,37483,16,,,1,16,,37484,16,,,1,56,,37485,16,,,1,16,,37486,16,,,1,16,,37487,16,,,1,56,,37488,16,,,1,16,,37489,16,,,1,16,,37490,16,,,1,18,,37491,16,,,1,56,,37492,16,,,1,16,,37493,16,,,1,16,,37494,16,,,1,10,,37495,16,,,1,56,,37496,16,,,1,15,,37497,16,,,1,23,,37498,16,,,1,70,,37499,16,,,1,30,,37500,16,,,1,70,,37501,16,,,1,27,,37502,16,,,1,70,,37503,16,,,1,36,,37504,16,,,1,81,,37505,16,,,1,79,,37506,16,,,1,42,,37507,16,,,1
6030100,'74',526,,37508,16,,,1,80,,37509,16,,,1,45,,37510,16,,,1,82,,37511,16,,,1,80,,37512,16,,,1,40,,37513,16,,,1,81,,37514,16,,,1,80,,37515,16,,,1,44,,37516,16,,,1,78,,37517,16,,,1,78,,37518,16,,,1,38,,37519,16,,,1,76,,37520,16,,,1,78,,37521,16,,,1,40,,37522,16,,,1,78,,37523,16,,,1,78,,37524,16,,,1,38,,37525,16,,,1,78,,37526,16,,,1,38,,37527,16,,,1,78,,37528,16,,,1,78,,37529,16,,,1,34,,37530,16,,,1,79,,37531,16,,,1,81,,37532,16,,,1,40,,37533,16,,,1,79,,37534,16,,,1,92,,37535,16,,,1,87,,37536,16,,,1,52,,37537,16,,,1
6030100,'80',714,,37538,16,,,1,36,,37539,16,,,1,77,,37540,16,,,1,76,,37541,16,,,1,39,,37542,16,,,1,88,,37543,16,,,1,82,,37544,16,,,1,42,,37545,16,,,1,84,,37546,16,,,1,83,,37547,16,,,1,79,,37548,16,,,1,44,,37549,16,,,1,82,,37550,16,,,1,76,,37551,16,,,1,36,,37552,16,,,1,76,,37553,16,,,1,35,,37554,16,,,1,76,,37555,16,,,1,76,,37556,16,,,1,33,,37557,16,,,1,76,,37558,16,,,1,36,,37559,16,,,1,74,,37560,16,,,1,105,,37561,16,,,1,103,,37562,16,,,1,104,,37563,16,,,1
6030100,'35296.2',526,,37564,8,,,1,80,,37565,8,,,1,45,,37566,8,,,1,82,,37567,8,,,1,80,,37568,8,,,1,40,,37569,8,,,1,81,,37570,8,,,1,80,,37571,8,,,1,44,,37572,8,,,1,78,,37573,8,,,1,78,,37574,8,,,1,38,,37575,8,,,1,76,,37576,8,,,1,78,,37577,8,,,1,40,,37578,8,,,1,78,,37579,8,,,1,78,,37580,8,,,1,38,,37581,8,,,1,78,,37582,8,,,1,38,,37583,8,,,1,78,,37584,8,,,1,78,,37585,8,,,1,34,,37586,8,,,1,79,,37587,8,,,1,81,,37588,8,,,1,40,,37589,8,,,1,79,,37590,8,,,1,92,,37591,8,,,1,87,,37592,8,,,1,52,,37593,8,,,1
6030100,'35296.3',714,,37594,16,,,1,36,,37595,16,,,1,77,,37596,16,,,1,76,,37597,16,,,1,39,,37598,16,,,1,88,,37599,16,,,1,82,,37600,16,,,1,42,,37601,16,,,1,84,,37602,16,,,1,83,,37603,16,,,1,79,,37604,16,,,1,44,,37605,16,,,1,82,,37606,16,,,1,76,,37607,16,,,1,36,,37608,16,,,1,76,,37609,16,,,1,35,,37610,16,,,1,76,,37611,16,,,1,76,,37612,16,,,1,33,,37613,16,,,1,76,,37614,16,,,1,36,,37615,16,,,1,74,,37616,16,,,1,105,,37617,16,,,1,103,,37618,16,,,1,104,,37619,16,,,1
