1301,'1',616,,26386,11,,,1,29,,26365,11,,,1,64,,26364,11,,,1,29,,26363,11,,,1,71,,26362,11,,,1,27,,26361,11,,,1,68,,26360,11,,,1,30,,26359,11,,,1,82,,26366,11,,,1,42,,26367,11,,,1,74,,26368,11,,,1,81,,26369,11,,,1,37,,26370,11,,,1,76,,26371,11,,,1,84,,26372,11,,,1,39,,26383,11,,,1,74,,26373,11,,,1,32,,26374,11,,,1,72,,26375,11,,,1,30,,26376,11,,,1,71,,26377,11,,,1,31,,26378,11,,,1,71,,26379,11,,,1,71,,26380,11,,,1,31,,26381,11,,,1,71,,26382,11,,,1,100,,26384,11,,,1,29,,26385,11,,,1,74,,26387,11,,,1
8500,'1',550,,29617,15,,,1,56,,29618,15,,,1,16,,29619,15,,,1,16,,29620,15,,,1,16,,29621,15,,,1,56,,29622,15,,,1,16,,29623,15,,,1,16,,29624,15,,,1,16,,29625,15,,,1,56,,29626,15,,,1,16,,29627,15,,,1,16,,29628,15,,,1,56,,29629,15,,,1,25,,29630,15,,,1,25,,29631,15,,,1,63,,29632,15,,,1,25,,29633,15,,,1,65,,29634,15,,,1,25,,29635,15,,,1,25,,29636,15,,,1,65,,29637,15,,,1,25,,29638,15,,,1,65,,29639,15,,,1,25,,29640,15,,,1,20,,29641,15,,,1,59,,29668,1,,,1,18,,29642,1,,,1,20,,29643,1,,,1,56,,29644,1,,,1,17,,29645,1,,,1,16,,29646,1,,,1,59,,29647,1,,,1,13,,29648,1,,,1,16,,29649,1,,,1,16,,29650,1,,,1,56,,29651,1,,,1,16,,29652,1,,,1,16,,29653,1,,,1,16,,29654,1,,,1,56,,29655,1,,,1,16,,29656,1,,,1,16,,29657,1,,,1,16,,29658,1,,,1,56,,29659,1,,,1,16,,29660,1,,,1,25,,29661,1,,,1,65,,29662,1,,,1,25,,29663,1,,,1,72,,29664,1,,,1,32,,29665,1,,,1,72,,29666,1,,,1,32,,29667,1,,,1
8500,'2',637,,29697,15,,,1,70,,29698,15,,,1,30,,29699,15,,,1,68,,29700,15,,,1,31,,29701,15,,,1,70,,29702,15,,,1,30,,29703,15,,,1,73,,29704,15,,,1,30,,29705,15,,,1,71,,29669,15,,,1,22,,29670,15,,,1,23,,29671,15,,,1,63,,29672,15,,,1,23,,29673,15,,,1,63,,29674,15,,,1,23,,29675,15,,,1,23,,29676,15,,,1,63,,29677,15,,,1,23,,29678,15,,,1,23,,29679,15,,,1,63,,29680,15,,,1,23,,29681,15,,,1,63,,29682,15,,,1,23,,29683,15,,,1,21,,29684,15,,,1,64,,29685,15,,,1,17,,29686,15,,,1,21,,29687,15,,,1,61,,29688,15,,,1,21,,29689,15,,,1,21,,29690,15,,,1,61,,29691,15,,,1,21,,29692,15,,,1,61,,29693,15,,,1,21,,29694,15,,,1,21,,29695,15,,,1,61,,29696,15,,,1,30,,29706,15,,,1,70,,29707,15,,,1,30,,29708,15,,,1
8500,'3',927,,29709,15,,,1,80,,29710,15,,,1,40,,29711,15,,,1,80,,29712,15,,,1,91,,29713,15,,,1,83,,29714,15,,,1,43,,29715,15,,,1,83,,29716,15,,,1,82,,29717,15,,,1,43,,29718,15,,,1,82,,29719,15,,,1,74,,29720,15,,,1,41,,29721,15,,,1,85,,29722,15,,,1,77,,29723,15,,,1,41,,29724,15,,,1,81,,29725,15,,,1
8500,'74',637,,29756,15,,,1,70,,29757,15,,,1,30,,29758,15,,,1,68,,29759,15,,,1,31,,29760,15,,,1,70,,29761,15,,,1,30,,29762,15,,,1,73,,29763,15,,,1,30,,29764,15,,,1,71,,29728,15,,,1,22,,29729,15,,,1,23,,29730,15,,,1,63,,29731,15,,,1,23,,29732,15,,,1,63,,29733,15,,,1,23,,29734,15,,,1,23,,29735,15,,,1,63,,29736,15,,,1,23,,29737,15,,,1,23,,29738,15,,,1,63,,29739,15,,,1,23,,29740,15,,,1,63,,29741,15,,,1,23,,29742,15,,,1,21,,29743,15,,,1,64,,29744,15,,,1,17,,29745,15,,,1,21,,29746,15,,,1,61,,29747,15,,,1,21,,29748,15,,,1,21,,29749,15,,,1,61,,29750,15,,,1,21,,29751,15,,,1,61,,29752,15,,,1,21,,29753,15,,,1,21,,29754,15,,,1,61,,29755,15,,,1,30,,29765,15,,,1,70,,29766,15,,,1,30,,29767,15,,,1
8500,'80',927,,29768,15,,,1,80,,29769,15,,,1,40,,29770,15,,,1,80,,29771,15,,,1,91,,29772,15,,,1,83,,29773,15,,,1,43,,29774,15,,,1,83,,29775,15,,,1,82,,29776,15,,,1,43,,29777,15,,,1,82,,29778,15,,,1,74,,29779,15,,,1,41,,29780,15,,,1,85,,29781,15,,,1,77,,29782,15,,,1,41,,29783,15,,,1,81,,29784,15,,,1
8501,'1',1402,,29808,66,4,,1,25,,29812,66,4,,1,25,,29813,66,4,,1,66,,29814,66,4,,1,16,,29841,66,4,,1,16,,29842,66,4,,1,56,,29831,66,4,,1,16,,29830,66,4,,1,16,,29829,66,4,,1,73,,29828,66,4,,1,25,,29827,66,4,,1,16,,29815,66,4,,1,59,,29816,66,4,,1,13,,29817,66,4,,1,5,,29818,66,4,,1,16,,29819,66,4,,1,11,,29820,66,4,,1,59,,29821,66,4,,1,13,,29822,66,4,,1,16,,29823,66,4,,1,56,,29824,66,4,,1,17,,29825,66,4,,1,11,,29826,66,4,,1,72,,29834,66,4,,1,23,,29833,66,4,,1,25,,29832,66,4,,1,62,,29838,66,4,,1,29,,29837,66,4,,1,72,,29835,66,4,,1,32,,29836,66,4,,1
8501,'2',2252,,29881,66,4,,1,70,,29882,66,4,,1
8501,'3',2108,,29883,66,4,,1,41,,29884,66,4,,1
8501,'74',2252,,29940,66,4,,1,70,,29941,66,4,,1
8501,'80',2108,,29956,66,4,,1,41,,29957,66,4,,1
