9600,'1',707,,18524,82,,,1,47,,18523,82,,,1,71,,18522,82,,,1,77,,18521,82,,,1,27,,18520,82,,,1,73,,18517,82,,,1,34,,18518,82,,,1,70,,18519,82,,,1,32,,18532,82,,,1,69,,18531,78,,,1,39,,18525,78,,,1,79,,18526,78,,,1,79,,18527,78,,,1,45,,18528,78,,,1,65,,18529,78,,,1,92,,18530,82,,,1,43,,18538,82,,,1,67,,18537,82,,,1,32,,18536,82,,,1,62,,18533,82,,,1,27,,18534,82,,,1,21,,18535,82,,,1,67,,18541,82,,,1,19,,18542,82,,,1,12,,18552,82,,,1,51,,18540,82,,,1,25,,18539,82,,,1,70,,18549,78,,,1,30,,18548,78,,,1,15,,18551,78,,,1,12,,18543,78,,,1,70,,18544,78,,,1,30,,18545,78,,,1,68,,18546,78,,,1,30,,18547,78,,,1,57,,18550,78,,,1
9600,'2',1028,,18553,78,,,1,102,,18554,78,,,1,99,,18555,78,,,1,96,,18556,78,,,1,99,,18557,78,,,1,99,,18558,78,,,1,98,,18559,78,,,1,99,,18560,78,,,1,94,,18561,78,,,1,97,,18562,78,,,1,47,,18563,78,,,1,82,,18564,78,,,1,97,,18565,78,,,1
9600,'3',1119,,18566,78,,,1,94,,18567,78,,,1,94,,18568,78,,,1,94,,18569,78,,,1,54,,18570,78,,,1,94,,18571,78,,,1,94,,18572,78,,,1,94,,18573,78,,,1,91,,18574,78,,,1,94,,18575,78,,,1,94,,18576,78,,,1,90,,18577,78,,,1
9600,'80',1119,,18578,78,,,1,94,,18579,78,,,1,94,,18580,78,,,1,94,,18581,78,,,1,54,,18582,78,,,1,94,,18583,78,,,1,94,,18584,78,,,1,94,,18585,78,,,1,91,,18586,78,,,1,94,,18587,78,,,1,94,,18588,78,,,1,90,,18589,78,,,1
9800,'1',624,,18683,34,,,1,35,,18682,34,,,1,73,,18681,34,,,1,75,,18680,34,,,1,35,,18679,34,,,1,75,,18678,34,,,1,98,,18674,34,,,1,98,,18671,34,,,1,96,,18676,34,,,1,98,,18675,34,,,1,40,,18663,34,,,1,79,,18673,34,,,1,80,,18672,34,,,1,40,,18670,34,,,1,80,,18669,34,,,1,80,,18668,34,,,1,44,,18667,34,,,1,80,,18666,34,,,1,93,,18665,34,,,1,91,,18664,34,,,1,88,,18677,34,,,1
9800,'2',623,,18701,34,,,1,86,,18700,34,,,1,44,,18699,34,,,1,94,,18698,34,,,1,93,,18697,34,,,1,91,,18696,34,,,1,94,,18695,34,,,1,98,,18694,34,,,1,98,,18693,34,,,1,97,,18692,34,,,1,98,,18691,34,,,1,98,,18690,34,,,1,99,,18689,34,,,1,101,,18688,34,,,1,89,,18687,34,,,1,53,,18686,34,,,1,89,,18685,34,,,1,85,,18684,34,,,1
9800,'3',807,,18717,34,,,1,48,,18716,34,,,1,88,,18715,34,,,1,92,,18714,34,,,1,93,,18713,34,,,1,90,,18712,34,,,1,93,,18711,34,,,1,93,,18710,34,,,1,53,,18709,34,,,1,93,,18708,34,,,1,93,,18707,34,,,1,96,,18706,34,,,1,88,,18705,34,,,1,91,,18704,34,,,1,87,,18703,34,,,1,48,,18702,34,,,1
9800,'80',807,,18733,34,,,1,48,,18732,34,,,1,88,,18731,34,,,1,92,,18730,34,,,1,93,,18729,34,,,1,90,,18728,34,,,1,93,,18727,34,,,1,93,,18726,34,,,1,53,,18725,34,,,1,93,,18724,34,,,1,93,,18723,34,,,1,96,,18722,34,,,1,88,,18721,34,,,1,91,,18720,34,,,1,87,,18719,34,,,1,48,,18718,34,,,1
989900,'1',2128,,22653,77,,,1,73,,22654,77,,,1,38,,22655,77,,,1,78,,22656,77,,,1,35,,22657,77,,,1,72,,22658,77,,,1,35,,22659,77,,,1,75,,22660,77,,,1,75,,22661,77,0,5 6,1,35,,22662,77,0,5 6,1,79,,22663,77,0,5 6,1
989900,'2',2132,,22664,77,,,1,94,,22665,77,,,1,86,,22666,77,,,1,92,,22667,77,,,1,46,,22668,77,,,1,86,,22669,77,,,1,82,,22670,77,0,5 6,1,86,,22671,77,0,5 6,1,46,,22672,77,0,5 6,1
989900,'3',2147,,22673,77,,,1,90,,22674,77,,,1,85,,22675,77,,,1,90,,22676,77,,,1,40,,22677,77,,,1,83,,22678,77,,,1,79,,22679,77,0,5 6,1,43,,22680,77,0,5 6,1,83,,22681,77,0,5 6,1
989900,'80',2147,,22682,77,,,1,90,,22683,77,,,1,85,,22684,77,,,1,90,,22685,77,,,1,40,,22686,77,,,1,83,,22687,77,,,1,79,,22688,77,0,5 6,1,43,,22689,77,0,5 6,1,83,,22690,77,0,5 6,1
