9600,'1',711,,31260,86,,,1,47,,31259,86,,,1,71,,31258,86,,,1,77,,31257,86,,,1,27,,31256,86,,,1,73,,31253,86,,,1,34,,31254,86,,,1,70,,31255,86,,,1,32,,31268,86,,,1,69,,31267,82,,,1,39,,31261,82,,,1,79,,31262,82,,,1,79,,31263,82,,,1,46,,31264,82,,,1,65,,31265,82,,,1,91,,31266,86,,,1,43,,31274,86,,,1,67,,31273,86,,,1,32,,31272,86,,,1,62,,31269,86,,,1,27,,31270,86,,,1,61,,31271,86,,,1,27,,31277,86,,,1,19,,31278,86,,,1,52,,31288,86,,,1,11,,31276,86,,,1,25,,31275,86,,,1,70,,31285,82,,,1,30,,31284,82,,,1,15,,31287,82,,,1,51,,31279,82,,,1,30,,31280,82,,,1,69,,31281,82,,,1,28,,31282,82,,,1,30,,31283,82,,,1,57,,31286,82,,,1
9600,'2',1032,,31289,82,,,1,102,,31290,82,,,1,99,,31291,82,,,1,96,,31292,82,,,1,99,,31293,82,,,1,99,,31294,82,,,1,98,,31295,82,,,1,99,,31296,82,,,1,94,,31297,82,,,1,97,,31298,82,,,1,87,,31299,82,,,1,41,,31300,82,,,1,97,,31301,82,,,1
9600,'3',1123,,31302,82,,,1,94,,31303,82,,,1,94,,31304,82,,,1,94,,31305,82,,,1,54,,31306,82,,,1,94,,31307,82,,,1,94,,31308,82,,,1,94,,31309,82,,,1,91,,31310,82,,,1,94,,31311,82,,,1,94,,31312,82,,,1,89,,31313,82,,,1
9600,'74',1032,,31314,82,,,1,102,,31315,82,,,1,99,,31316,82,,,1,96,,31317,82,,,1,99,,31318,82,,,1,99,,31319,82,,,1,98,,31320,82,,,1,99,,31321,82,,,1,94,,31322,82,,,1,97,,31323,82,,,1,87,,31324,82,,,1,41,,31325,82,,,1,97,,31326,82,,,1
9600,'80',1123,,31327,82,,,1,94,,31328,82,,,1,94,,31329,82,,,1,94,,31330,82,,,1,54,,31331,82,,,1,94,,31332,82,,,1,94,,31333,82,,,1,94,,31334,82,,,1,91,,31335,82,,,1,94,,31336,82,,,1,94,,31337,82,,,1,89,,31338,82,,,1
9800,'1',627,,31445,38,,,1,75,,31444,38,,,1,34,,31443,38,,,1,75,,31442,38,,,1,35,,31441,38,,,1,75,,31440,38,,,1,98,,31436,38,,,1,98,,31433,38,,,1,96,,31438,38,,,1,98,,31437,38,,,1,40,,31425,38,,,1,79,,31435,38,,,1,80,,31434,38,,,1,40,,31432,38,,,1,80,,31431,38,,,1,80,,31430,38,,,1,44,,31429,38,,,1,80,,31428,38,,,1,92,,31427,38,,,1,91,,31426,38,,,1,88,,31439,38,,,1
9800,'2',626,,31463,38,,,1,86,,31462,38,,,1,44,,31461,38,,,1,94,,31460,38,,,1,93,,31459,38,,,1,92,,31458,38,,,1,94,,31457,38,,,1,98,,31456,38,,,1,98,,31455,38,,,1,97,,31454,38,,,1,98,,31453,38,,,1,98,,31452,38,,,1,99,,31451,38,,,1,100,,31450,38,,,1,89,,31449,38,,,1,53,,31448,38,,,1,89,,31447,38,,,1,85,,31446,38,,,1
9800,'3',810,,31479,38,,,1,48,,31478,38,,,1,88,,31477,38,,,1,92,,31476,38,,,1,93,,31475,38,,,1,90,,31474,38,,,1,93,,31473,38,,,1,93,,31472,38,,,1,93,,31471,38,,,1,53,,31470,38,,,1,93,,31469,38,,,1,96,,31468,38,,,1,88,,31467,38,,,1,91,,31466,38,,,1,87,,31465,38,,,1,48,,31464,38,,,1
9800,'74',626,,31497,38,,,1,86,,31496,38,,,1,44,,31495,38,,,1,94,,31494,38,,,1,93,,31493,38,,,1,92,,31492,38,,,1,94,,31491,38,,,1,98,,31490,38,,,1,98,,31489,38,,,1,97,,31488,38,,,1,98,,31487,38,,,1,98,,31486,38,,,1,99,,31485,38,,,1,100,,31484,38,,,1,89,,31483,38,,,1,53,,31482,38,,,1,89,,31481,38,,,1,85,,31480,38,,,1
9800,'80',810,,31513,38,,,1,48,,31512,38,,,1,88,,31511,38,,,1,92,,31510,38,,,1,93,,31509,38,,,1,90,,31508,38,,,1,93,,31507,38,,,1,93,,31506,38,,,1,93,,31505,38,,,1,53,,31504,38,,,1,93,,31503,38,,,1,96,,31502,38,,,1,88,,31501,38,,,1,91,,31500,38,,,1,87,,31499,38,,,1,48,,31498,38,,,1
989900,'1',2131,,36830,81,,,1,73,,36831,81,,,1,38,,36832,81,,,1,78,,36833,81,,,1,35,,36834,81,,,1,72,,36835,81,,,1,75,,36836,81,,,1,35,,36837,81,,,1,74,,36838,81,0,5 6,1,35,,36839,81,0,5 6,1,79,,36840,81,0,5 6,1
989900,'2',2135,,36841,81,,,1,94,,36842,81,,,1,86,,36843,81,,,1,91,,36844,81,,,1,46,,36845,81,,,1,86,,36846,81,,,1,82,,36847,81,0,5 6,1,86,,36848,81,0,5 6,1,46,,36849,81,0,5 6,1
989900,'3',2150,,36850,81,,,1,90,,36851,81,,,1,85,,36852,81,,,1,90,,36853,81,,,1,40,,36854,81,,,1,83,,36855,81,,,1,78,,36856,81,0,5 6,1,43,,36857,81,0,5 6,1,83,,36858,81,0,5 6,1
989900,'74',2135,,36859,81,,,1,94,,36860,81,,,1,86,,36861,81,,,1,91,,36862,81,,,1,46,,36863,81,,,1,86,,36864,81,,,1,82,,36865,81,0,5 6,1,86,,36866,81,0,5 6,1,46,,36867,81,0,5 6,1
989900,'80',2150,,36868,81,,,1,90,,36869,81,,,1,85,,36870,81,,,1,90,,36871,81,,,1,40,,36872,81,,,1,83,,36873,81,,,1,78,,36874,81,0,5 6,1,43,,36875,81,0,5 6,1,83,,36876,81,0,5 6,1
