101,'1',444,,23682,9,,,1,78,,23683,9,,,1,31,,23684,9,,,1,85,,23690,9,,,1,78,,23692,9,,,1,30,,23685,9,,,1,56,,23691,9,,,1,45,,23689,9,,,1,72,,23688,9,,,1,32,,23687,9,,,1,70,,23686,9,,,1,109,,23681,9,,,1,113,,23680,9,,,1,113,,23679,9,,,1,76,,23693,9,,,1,77,,23678,9,,,1,23,,23670,9,,,1,75,,23671,9,,,1,34,,23672,9,,,1,74,,23677,9,,,1,34,,23676,9,,,1,74,,23675,9,,,1,34,,23674,9,,,1,72,,23673,9,,,1,82,,23666,9,,,1,99,,23669,9,,,1,104,,23668,9,,,1,99,,23667,9,,,1,89,,23665,9,,,1,55,,23664,9,,,1
101,'74',638,,23715,9,,,1,104,,23694,9,,,1,103,,23695,9,,,1,104,,23696,9,,,1,108,,23697,9,,,1,150,,23708,9,,,1,101,,23698,9,,,1,92,,23699,9,,,1,52,,23700,9,,,1,92,,23701,9,,,1,92,,23702,9,,,1,92,,23703,9,,,1,91,,23704,9,,,1,92,,23705,9,,,1,92,,23706,9,,,1,52,,23707,9,,,1,161,,23709,9,,,1,97,,23710,9,,,1,95,,23711,9,,,1,96,,23712,9,,,1,97,,23713,9,,,1
101,'80',828,,23730,9,,,1,112,,23729,9,,,1,113,,23716,9,,,1,152,,23717,9,,,1,112,,23718,9,,,1,112,,23719,9,,,1,112,,23720,9,,,1,112,,23721,9,,,1,152,,23722,9,,,1,111,,23723,9,,,1,98,,23728,9,,,1,99,,23724,9,,,1,99,,23725,9,,,1,97,,23726,9,,,1,99,,23727,9,,,1
101,'35296.2',638,,23744,9,,,1,104,,23732,9,,,1,103,,23733,9,,,1,104,,23734,9,,,1,108,,23735,9,,,1,150,,23742,9,,,1,101,,23736,9,,,1,92,,23737,9,,,1,52,,23738,9,,,1,92,,23739,9,,,1,92,,23740,9,,,1,92,,23741,9,,,1,91,,23745,9,,,1,92,,23746,9,,,1,92,,23747,9,,,1,52,,23748,9,,,1,161,,23749,9,,,1,97,,23750,9,,,1,95,,23751,9,,,1,96,,23752,9,,,1,97,,23753,9,,,1
101,'35296.3',828,,23757,9,,,1,112,,23756,9,,,1,113,,23754,9,,,1,152,,23755,9,,,1,112,,23759,9,,,1,112,,23760,9,,,1,112,,23761,9,,,1,112,,23762,9,,,1,152,,23763,9,,,1,111,,23764,9,,,1,98,,23769,9,,,1,99,,23765,9,,,1,99,,23766,9,,,1,97,,23767,9,,,1,99,,23768,9,,,1
101,'35298.2',638,,23808,9,,,1,75,,23804,9,,,1,17,,23805,9,,,1,18,,23806,9,,,1,57,,23807,9,,,1,17,,23770,9,,,1,17,,23771,9,,,1,17,,23772,9,,,1,58,,23773,9,,,1,17,,23774,9,,,1,17,,23775,9,,,1,57,,23776,9,,,1,17,,23777,9,,,1,17,,23778,9,,,1,17,,23779,9,,,1,58,,23780,9,,,1,17,,23781,9,,,1,17,,23782,9,,,1,57,,23783,9,,,1,17,,23784,9,,,1,16,,23785,9,,,1,17,,23786,9,,,1,57,,23787,9,,,1,17,,23788,9,,,1,17,,23789,9,,,1,57,,23790,9,,,1,17,,23791,9,,,1,17,,23792,9,,,1,17,,23793,9,,,1,57,,23794,9,,,1,17,,23795,9,,,1,17,,23796,9,,,1,57,,23797,9,,,1,17,,23798,9,,,1,17,,23799,9,,,1,17,,23800,9,,,1,57,,23801,9,,,1,17,,23802,9,,,1,17,,23803,9,,,1,57,,23810,9,,,1,16,,23811,9,,,1,17,,23812,9,,,1,17,,23813,9,,,1,60,,23814,9,,,1,92,,23815,9,,,1,52,,23816,9,,,1,161,,23817,9,,,1,97,,23818,9,,,1,95,,23819,9,,,1,96,,23820,9,,,1,97,,23821,9,,,1
101,'35298.3',709,,23822,9,,,1,17,,23823,9,,,1,17,,23824,9,,,1,57,,23825,9,,,1,17,,23826,9,,,1,17,,23827,9,,,1,17,,23828,9,,,1,57,,23829,9,,,1,17,,23830,9,,,1,17,,23831,9,,,1,17,,23832,9,,,1,58,,23833,9,,,1,17,,23834,9,,,1,17,,23835,9,,,1,57,,23836,9,,,1,17,,23837,9,,,1,17,,23838,9,,,1,17,,23839,9,,,1,57,,23840,9,,,1,17,,23841,9,,,1,17,,23842,9,,,1,57,,23843,9,,,1,17,,23844,9,,,1,17,,23845,9,,,1,17,,23846,9,,,1,57,,23847,9,,,1,17,,23848,9,,,1,17,,23849,9,,,1,57,,23850,9,,,1,17,,23851,9,,,1,17,,23852,9,,,1,17,,23853,9,,,1,57,,23854,9,,,1,17,,23855,9,,,1,17,,23856,9,,,1,57,,23857,9,,,1,17,,23858,9,,,1,17,,23859,9,,,1,17,,23860,9,,,1,57,,23861,9,,,1,17,,23862,9,,,1,17,,23863,9,,,1,56,,23864,9,,,1,17,,23865,9,,,1,94,,23866,9,,,1,99,,23867,9,,,1,99,,23868,9,,,1,97,,23869,9,,,1,99,,23870,9,,,1
60301,'1',544,,35160,4,,,1,60,,35161,4,,,1,16,,35162,4,,,1,18,,35163,4,,,1,18,,35164,4,,,1,59,,35165,4,,,1,18,,35166,4,,,1,18,,35167,4,,,1,62,,35168,4,,,1,18,,35169,4,,,1,18,,35170,4,,,1,54,,35171,4,,,1,19,,35172,4,,,1,22,,35173,4,,,1,62,,35174,4,,,1,22,,35175,4,,,1,21,,35176,4,,,1,62,,35177,4,,,1,22,,35178,4,,,1,22,,35179,4,,,1,62,,35180,4,,,1,22,,35181,4,,,1,62,,35182,4,,,1,22,,35183,4,,,1,22,,35184,4,,,1,62,,35185,4,,,1,22,,35186,4,,,1,22,,35187,4,,,1,56,,35188,4,,,1,16,,35189,4,,,1,16,,35190,4,,,1,16,,35191,4,,,1,56,,35192,4,,,1,16,,35193,4,,,1,16,,35194,4,,,1,16,,35195,4,,,1,56,,35196,4,,,1,16,,35197,4,,,1,16,,35198,4,,,1,56,,35199,4,,,1,16,,35200,4,,,1,16,,35201,4,,,1,16,,35202,4,,,1,56,,35203,4,,,1,26,,35204,4,,,1,70,,35205,4,,,1,30,,35206,4,,,1,70,,35207,4,,,1,30,,35208,4,,,1,70,,35209,4,,,1,34,,35210,4,,,1,82,,35211,4,,,1,40,,35212,4,,,1
60301,'74',551,,35215,4,,,1,79,,35216,4,,,1,81,,35217,4,,,1,40,,35218,4,,,1,81,,35219,4,,,1,81,,35220,4,,,1,40,,35221,4,,,1,80,,35222,4,,,1,85,,35223,4,,,1,38,,35224,4,,,1,78,,35225,4,,,1,77,,35226,4,,,1,38,,35227,4,,,1,77,,35228,4,,,1,79,,35229,4,,,1,38,,35230,4,,,1,78,,35231,4,,,1,36,,35232,4,,,1,78,,35233,4,,,1,78,,35234,4,,,1,38,,35235,4,,,1,78,,35236,4,,,1,91,,35237,4,,,1,80,,35238,4,,,1,40,,35239,4,,,1,80,,35240,4,,,1,99,,35241,4,,,1,92,,35242,4,,,1,92,,35243,4,,,1
60301,'80',804,,35247,4,,,1,38,,35248,4,,,1,76,,35249,4,,,1,88,,35250,4,,,1,40,,35251,4,,,1,82,,35252,4,,,1,82,,35253,4,,,1,42,,35254,4,,,1,83,,35255,4,,,1,82,,35256,4,,,1,42,,35257,4,,,1,81,,35258,4,,,1,80,,35259,4,,,1,36,,35260,4,,,1,76,,35261,4,,,1,76,,35262,4,,,1,35,,35263,4,,,1,76,,35264,4,,,1,36,,35265,4,,,1,76,,35266,4,,,1,76,,35267,4,,,1,40,,35268,4,,,1,106,,35269,4,,,1,106,,35270,4,,,1,146,,35271,4,,,1
60301,'35296.2',551,,35274,4,,,1,79,,35275,4,,,1,81,,35276,4,,,1,40,,35277,4,,,1,81,,35278,4,,,1,81,,35279,4,,,1,40,,35280,4,,,1,80,,35281,4,,,1,85,,35282,4,,,1,38,,35283,4,,,1,78,,35284,4,,,1,77,,35285,4,,,1,38,,35286,4,,,1,77,,35287,4,,,1,79,,35288,4,,,1,38,,35289,4,,,1,78,,35290,4,,,1,36,,35291,4,,,1,78,,35292,4,,,1,78,,35293,4,,,1,38,,35294,4,,,1,78,,35295,4,,,1,91,,35296,4,,,1,80,,35297,4,,,1,40,,35298,4,,,1,80,,35299,4,,,1,99,,35300,4,,,1,92,,35301,4,,,1,92,,35302,4,,,1
60301,'35296.3',804,,35306,4,,,1,38,,35307,4,,,1,76,,35308,4,,,1,88,,35309,4,,,1,40,,35310,4,,,1,82,,35311,4,,,1,82,,35312,4,,,1,42,,35313,4,,,1,83,,35314,4,,,1,82,,35315,4,,,1,42,,35316,4,,,1,81,,35317,4,,,1,80,,35318,4,,,1,36,,35319,4,,,1,76,,35320,4,,,1,76,,35321,4,,,1,35,,35322,4,,,1,76,,35323,4,,,1,36,,35324,4,,,1,76,,35325,4,,,1,76,,35326,4,,,1,40,,35327,4,,,1,106,,35328,4,,,1,106,,35329,4,,,1,146,,35330,4,,,1
60301,'35297.2',518,,35438,4,,,1,22,,35439,4,,,1,62,,35440,4,,,1,21,,35441,4,,,1,22,,35442,4,,,1,63,,35331,4,,,1,7,,35332,4,,,1,7,,35333,4,,,1,7,,35334,4,,,1,7,,35335,4,,,1,7,,35336,4,,,1,7,,35337,4,,,1,7,,35338,4,,,1,47,,35339,4,,,1,7,,35340,4,,,1,7,,35341,4,,,1,8,,35342,4,,,1,7,,35343,4,,,1,7,,35344,4,,,1,7,,35345,4,,,1,7,,35346,4,,,1,47,,35347,4,,,1,7,,35348,4,,,1,8,,35349,4,,,1,7,,35350,4,,,1,7,,35351,4,,,1,7,,35352,4,,,1,7,,35353,4,,,1,7,,35354,4,,,1,7,,35355,4,,,1,47,,35356,4,,,1,7,,35357,4,,,1,7,,35358,4,,,1,7,,35359,4,,,1,7,,35360,4,,,1,8,,35361,4,,,1,7,,35362,4,,,1,7,,35363,4,,,1,47,,35364,4,,,1,7,,35365,4,,,1,7,,35366,4,,,1,7,,35367,4,,,1,7,,35368,4,,,1,7,,35369,4,,,1,7,,35370,4,,,1,7,,35371,4,,,1,7,,35372,4,,,1,47,,35373,4,,,1,7,,35374,4,,,1,7,,35375,4,,,1,7,,35376,4,,,1,7,,35377,4,,,1,7,,35378,4,,,1,6,,35379,4,,,1,7,,35380,4,,,1,47,,35381,4,,,1,7,,35382,4,,,1,7,,35383,4,,,1,7,,35384,4,,,1,7,,35385,4,,,1,7,,35386,4,,,1,7,,35387,4,,,1,7,,35388,4,,,1,7,,35389,4,,,1,47,,35390,4,,,1,6,,35391,4,,,1,7,,35392,4,,,1,7,,35393,4,,,1,7,,35394,4,,,1,7,,35395,4,,,1,8,,35396,4,,,1,7,,35397,4,,,1,7,,35398,4,,,1,47,,35399,4,,,1,7,,35400,4,,,1,7,,35401,4,,,1,7,,35402,4,,,1,7,,35403,4,,,1,7,,35404,4,,,1,7,,35405,4,,,1,7,,35406,4,,,1,47,,35407,4,,,1,7,,35408,4,,,1,7,,35409,4,,,1,7,,35410,4,,,1,7,,35411,4,,,1,7,,35412,4,,,1,7,,35413,4,,,1,7,,35414,4,,,1,5,,35415,4,,,1,47,,35416,4,,,1,7,,35417,4,,,1,7,,35418,4,,,1,7,,35419,4,,,1,7,,35420,4,,,1,10,,35421,4,,,1,7,,35422,4,,,1,7,,35423,4,,,1,47,,35424,4,,,1,7,,35425,4,,,1,4,,35426,4,,,1,7,,35427,4,,,1,7,,35428,4,,,1,7,,35429,4,,,1,7,,35430,4,,,1,7,,35431,4,,,1,7,,35432,4,,,1,47,,35433,4,,,1,7,,35434,4,,,1,7,,35435,4,,,1,7,,35436,4,,,1,7,,35437,4,,,1,22,,35443,4,,,1,62,,35444,4,,,1,22,,35445,4,,,1,22,,35446,4,,,1,62,,35447,4,,,1,22,,35448,4,,,1,62,,35449,4,,,1,22,,35450,4,,,1,22,,35451,4,,,1,61,,35452,4,,,1,22,,35453,4,,,1,22,,35454,4,,,1,62,,35455,4,,,1,22,,35456,4,,,1,22,,35457,4,,,1,62,,35458,4,,,1
60301,'35297.3',707,,35459,4,,,1,7,,35460,4,,,1,7,,35461,4,,,1,7,,35462,4,,,1,7,,35463,4,,,1,7,,35464,4,,,1,7,,35465,4,,,1,7,,35466,4,,,1,47,,35467,4,,,1,7,,35468,4,,,1,7,,35469,4,,,1,7,,35470,4,,,1,7,,35471,4,,,1,9,,35472,4,,,1,7,,35473,4,,,1,7,,35474,4,,,1,47,,35475,4,,,1,7,,35476,4,,,1,7,,35477,4,,,1,7,,35478,4,,,1,7,,35479,4,,,1,7,,35480,4,,,1,7,,35481,4,,,1,9,,35482,4,,,1,7,,35483,4,,,1,47,,35484,4,,,1,7,,35485,4,,,1,7,,35486,4,,,1,7,,35487,4,,,1,7,,35488,4,,,1,5,,35489,4,,,1,7,,35490,4,,,1,7,,35491,4,,,1,47,,35492,4,,,1,7,,35493,4,,,1,7,,35494,4,,,1,7,,35495,4,,,1,7,,35496,4,,,1,7,,35497,4,,,1,7,,35498,4,,,1,7,,35499,4,,,1,7,,35500,4,,,1,47,,35501,4,,,1,7,,35502,4,,,1,7,,35503,4,,,1,7,,35504,4,,,1,7,,35505,4,,,1,7,,35506,4,,,1,7,,35507,4,,,1,7,,35508,4,,,1,7,,35509,4,,,1,47,,35510,4,,,1,7,,35511,4,,,1,7,,35512,4,,,1,8,,35513,4,,,1,7,,35514,4,,,1,7,,35515,4,,,1,7,,35516,4,,,1,7,,35517,4,,,1,47,,35518,4,,,1,7,,35519,4,,,1,7,,35520,4,,,1,7,,35521,4,,,1,7,,35522,4,,,1,7,,35523,4,,,1,7,,35524,4,,,1,7,,35525,4,,,1,7,,35526,4,,,1,47,,35527,4,,,1,7,,35528,4,,,1,7,,35529,4,,,1,6,,35530,4,,,1,7,,35531,4,,,1,7,,35532,4,,,1,7,,35533,4,,,1,7,,35534,4,,,1,47,,35535,4,,,1,7,,35536,4,,,1,7,,35537,4,,,1,7,,35538,4,,,1,7,,35539,4,,,1,7,,35540,4,,,1,7,,35541,4,,,1,7,,35542,4,,,1,7,,35543,4,,,1,47,,35544,4,,,1,7,,35545,4,,,1,7,,35546,4,,,1,7,,35547,4,,,1,7,,35548,4,,,1,7,,35549,4,,,1,7,,35550,4,,,1,7,,35551,4,,,1,47,,35552,4,,,1,7,,35553,4,,,1,7,,35554,4,,,1,7,,35555,4,,,1,7,,35556,4,,,1,7,,35557,4,,,1,6,,35558,4,,,1,7,,35559,4,,,1,7,,35560,4,,,1,47,,35561,4,,,1,7,,35562,4,,,1,7,,35563,4,,,1,7,,35564,4,,,1,7,,35565,4,,,1,7,,35566,4,,,1,22,,35567,4,,,1,62,,35568,4,,,1,22,,35569,4,,,1,62,,35570,4,,,1,21,,35571,4,,,1,22,,35572,4,,,1,62,,35573,4,,,1,22,,35574,4,,,1,22,,35575,4,,,1,62,,35576,4,,,1,22,,35577,4,,,1,62,,35578,4,,,1,22,,35579,4,,,1,22,,35580,4,,,1,62,,35581,4,,,1
6030101,'1',554,,37625,4,,,1,57,,37626,4,,,1,18,,37627,4,,,1,18,,37628,4,,,1,58,,37629,4,,,1,19,,37630,4,,,1,18,,37631,4,,,1,62,,37632,4,,,1,18,,37633,4,,,1,18,,37634,4,,,1,14,,37635,4,,,1,58,,37636,4,,,1,21,,37637,4,,,1,22,,37638,4,,,1,62,,37639,4,,,1,21,,37640,4,,,1,62,,37641,4,,,1,22,,37642,4,,,1,22,,37643,4,,,1,62,,37644,4,,,1,22,,37645,4,,,1,22,,37646,4,,,1,62,,37647,4,,,1,22,,37648,4,,,1,22,,37649,4,,,1,62,,37650,4,,,1,22,,37651,4,,,1,19,,37652,4,,,1,56,,37653,4,,,1,16,,37654,4,,,1,16,,37655,4,,,1,56,,37656,4,,,1,16,,37657,4,,,1,16,,37658,4,,,1,16,,37659,4,,,1,56,,37660,4,,,1,16,,37661,4,,,1,16,,37662,4,,,1,16,,37663,4,,,1,56,,37664,4,,,1,16,,37665,4,,,1,16,,37666,4,,,1,16,,37667,4,,,1,59,,37668,4,,,1,30,,37669,4,,,1,70,,37670,4,,,1,30,,37671,4,,,1,70,,37672,4,,,1,30,,37673,4,,,1,70,,37674,4,,,1,40,,37675,4,,,1,81,,37676,4,,,1,81,,37677,4,,,1
6030101,'74',610,,37678,4,,,1,40,,37679,4,,,1,81,,37680,4,,,1,80,,37681,4,,,1,41,,37682,4,,,1,81,,37683,4,,,1,80,,37684,4,,,1,46,,37698,4,,,1,78,,37697,4,,,1,78,,37685,4,,,1,37,,37686,4,,,1,78,,37687,4,,,1,78,,37688,4,,,1,38,,37689,4,,,1,78,,37690,4,,,1,78,,37691,4,,,1,38,,37692,4,,,1,76,,37693,4,,,1,41,,37694,4,,,1,75,,37695,4,,,1,78,,37696,4,,,1,90,,37702,4,,,1,40,,37701,4,,,1,80,,37699,4,,,1,80,,37700,4,,,1,54,,37706,4,,,1,91,,37703,4,,,1,92,,37704,4,,,1,92,,37705,4,,,1
6030101,'80',746,,37710,4,,,1,76,,37711,4,,,1,78,,37712,4,,,1,43,,37721,4,,,1,83,,37713,4,,,1,80,,37714,4,,,1,42,,37715,4,,,1,83,,37716,4,,,1,81,,37717,4,,,1,44,,37718,4,,,1,81,,37719,4,,,1,82,,37720,4,,,1,83,,37731,4,,,1,35,,37722,4,,,1,77,,37723,4,,,1,36,,37724,4,,,1,75,,37725,4,,,1,76,,37726,4,,,1,36,,37727,4,,,1,75,,37728,4,,,1,37,,37729,4,,,1,75,,37730,4,,,1,96,,37732,4,,,1,106,,37733,4,,,1,106,,37734,4,,,1,106,,37738,4,,,1
6030101,'35296.2',610,,37739,4,,,1,40,,37740,4,,,1,81,,37741,4,,,1,80,,37742,4,,,1,41,,37743,4,,,1,81,,37744,4,,,1,80,,37745,4,,,1,46,,37759,4,,,1,78,,37758,4,,,1,78,,37746,4,,,1,37,,37747,4,,,1,78,,37748,4,,,1,78,,37749,4,,,1,38,,37750,4,,,1,78,,37751,4,,,1,78,,37752,4,,,1,38,,37753,4,,,1,76,,37754,4,,,1,41,,37755,4,,,1,75,,37756,4,,,1,78,,37757,4,,,1,90,,37763,4,,,1,40,,37762,4,,,1,80,,37760,4,,,1,80,,37761,4,,,1,54,,37767,4,,,1,91,,37764,4,,,1,92,,37765,4,,,1,92,,37766,4,,,1
6030101,'35296.3',746,,37771,4,,,1,76,,37772,4,,,1,78,,37773,4,,,1,43,,37782,4,,,1,83,,37774,4,,,1,80,,37775,4,,,1,42,,37776,4,,,1,83,,37777,4,,,1,81,,37778,4,,,1,44,,37779,4,,,1,81,,37780,4,,,1,82,,37781,4,,,1,83,,37792,4,,,1,35,,37783,4,,,1,77,,37784,4,,,1,36,,37785,4,,,1,75,,37786,4,,,1,76,,37787,4,,,1,36,,37788,4,,,1,75,,37789,4,,,1,37,,37790,4,,,1,75,,37791,4,,,1,96,,37793,4,,,1,106,,37794,4,,,1,106,,37795,4,,,1,106,,37799,4,,,1
