9900,'1',451,,31612,17,,,1,81,,31613,17,,,1,80,,31614,17,,,1,41,,31615,17,,,1,93,,31616,17,,,1,75,,31617,17,,,1,38,,31618,17,,,1,71,,31619,17,,,1,75,,31620,17,,,1,35,,31621,17,,,1,97,,31622,17,,,1,94,,31623,17,,,1,94,,31624,17,,,1,94,,31625,17,,,1,31,,31637,17,,,1,71,,31636,17,,,1,29,,31626,17,,,1,70,,31627,17,,,1,30,,31628,17,,,1,70,,31629,17,,,1,30,,31630,17,,,1,69,,31631,17,,,1,30,,31632,17,,,1,66,,31633,17,,,1,30,,31634,17,,,1,69,,31635,17,,,1
9900,'2',609,,31640,17,,,1,38,,31641,17,,,1,78,,31655,17,,,1,89,,31654,17,,,1,87,,31642,17,,,1,47,,31643,17,,,1,87,,31644,17,,,1,88,,31645,17,,,1,104,,31646,17,,,1,95,,31647,17,,,1,95,,31648,17,,,1,95,,31649,17,,,1,95,,31650,17,,,1,95,,31651,17,,,1,55,,31652,17,,,1,95,,31653,17,,,1,87,,31657,17,,,1,90,,31656,17,,,1
9900,'3',617,,31660,17,,,1,38,,31661,17,,,1,78,,31662,17,,,1,78,,31663,17,,,1,91,,31680,17,,,1,49,,31664,17,,,1,89,,31665,17,,,1,89,,31666,17,,,1,90,,31667,17,,,1,89,,31668,17,,,1,49,,31669,17,,,1,89,,31670,17,,,1,89,,31671,17,,,1,89,,31672,17,,,1,89,,31673,17,,,1,88,,31674,17,,,1,49,,31675,17,,,1,89,,31676,17,,,1,86,,31677,17,,,1
9900,'74',609,,31681,17,,,1,38,,31682,17,,,1,78,,31696,17,,,1,89,,31695,17,,,1,87,,31683,17,,,1,47,,31684,17,,,1,87,,31685,17,,,1,88,,31686,17,,,1,104,,31687,17,,,1,95,,31688,17,,,1,95,,31689,17,,,1,95,,31690,17,,,1,95,,31691,17,,,1,95,,31692,17,,,1,55,,31693,17,,,1,95,,31694,17,,,1,87,,31698,17,,,1,90,,31697,17,,,1
9900,'80',617,,31701,17,,,1,38,,31702,17,,,1,78,,31703,17,,,1,78,,31704,17,,,1,91,,31721,17,,,1,49,,31705,17,,,1,89,,31706,17,,,1,89,,31707,17,,,1,90,,31708,17,,,1,89,,31709,17,,,1,49,,31710,17,,,1,89,,31711,17,,,1,89,,31712,17,,,1,89,,31713,17,,,1,89,,31714,17,,,1,88,,31715,17,,,1,49,,31716,17,,,1,89,,31717,17,,,1,86,,31718,17,,,1
36000,'1',845,,33649,17,,,1,69,,33650,17,,,1,29,,33651,17,,,1,69,,33652,17,,,1,28,,33653,17,,,1,70,,33654,17,,,1,44,,33655,17,,,1,84,,33656,17,,,1,84,,33657,17,,,1,84,,33658,17,,,1,44,,33659,17,,,1,86,,33660,17,,,1,82,,33661,17,,,1,84,,33662,17,,,1,44,,33663,17,,,1,84,,33664,17,,,1,81,,33665,17,,,1,44,,33666,17,,,1,84,,33667,17,,,1,66,,33668,17,,,1,26,,33669,17,,,1,26,,33670,17,,,1,66,,33671,17,,,1
36000,'2',844,,33672,17,,,1,63,,33673,17,,,1,23,,33674,17,,,1,23,,33675,17,,,1,63,,33676,17,,,1,23,,33677,17,,,1,63,,33678,17,,,1,24,,33679,17,,,1,23,,33680,17,,,1,63,,33681,17,,,1,23,,33682,17,,,1,23,,33683,17,,,1,63,,33684,17,,,1,23,,33685,17,,,1,62,,33686,17,,,1,23,,33687,17,,,1,24,,33688,17,,,1,64,,33689,17,,,1,23,,33690,17,,,1,63,,33691,17,,,1,19,,33692,17,,,1,23,,33693,17,,,1,63,,33694,17,,,1,23,,33695,17,,,1,26,,33696,17,,,1,62,,33697,17,,,1,24,,33698,17,,,1,64,,33699,17,,,1,24,,33700,17,,,1,24,,33701,17,,,1,63,,33702,17,,,1,26,,33703,17,,,1,64,,33704,17,,,1,24,,33705,17,,,1,24,,33706,17,,,1,64,,33707,17,,,1
36000,'3',842,,33708,17,,,1,62,,33709,17,,,1,22,,33710,17,,,1,22,,33711,17,,,1,62,,33712,17,,,1,22,,33713,17,,,1,23,,33714,17,,,1,62,,33715,17,,,1,22,,33716,17,,,1,61,,33717,17,,,1,22,,33718,17,,,1,22,,33719,17,,,1,62,,33720,17,,,1,22,,33721,17,,,1,22,,33722,17,,,1,63,,33723,17,,,1,22,,33724,17,,,1,22,,33725,17,,,1,62,,33726,17,,,1,22,,33727,17,,,1,61,,33728,17,,,1,22,,33729,17,,,1,22,,33730,17,,,1,62,,33731,17,,,1,22,,33732,17,,,1,22,,33733,17,,,1,62,,33734,17,,,1,22,,33735,17,,,1,23,,33736,17,,,1,63,,33737,17,,,1,23,,33738,17,,,1,63,,33739,17,,,1,23,,33740,17,,,1,24,,33741,17,,,1,63,,33742,17,,,1,22,,33743,17,,,1,63,,33744,17,,,1,23,,33745,17,,,1
36000,'74',844,,33746,17,,,1,63,,33747,17,,,1,23,,33748,17,,,1,23,,33749,17,,,1,63,,33750,17,,,1,23,,33751,17,,,1,63,,33752,17,,,1,24,,33753,17,,,1,23,,33754,17,,,1,63,,33755,17,,,1,23,,33756,17,,,1,23,,33757,17,,,1,63,,33758,17,,,1,23,,33759,17,,,1,62,,33760,17,,,1,23,,33761,17,,,1,24,,33762,17,,,1,64,,33763,17,,,1,23,,33764,17,,,1,63,,33765,17,,,1,19,,33766,17,,,1,23,,33767,17,,,1,63,,33768,17,,,1,23,,33769,17,,,1,26,,33770,17,,,1,62,,33771,17,,,1,24,,33772,17,,,1,64,,33773,17,,,1,24,,33774,17,,,1,24,,33775,17,,,1,63,,33776,17,,,1,26,,33777,17,,,1,64,,33778,17,,,1,24,,33779,17,,,1,24,,33780,17,,,1,64,,33781,17,,,1,24,,33782,17,,,1
36000,'80',842,,33783,17,,,1,62,,33784,17,,,1,22,,33785,17,,,1,22,,33786,17,,,1,62,,33787,17,,,1,22,,33788,17,,,1,23,,33789,17,,,1,62,,33790,17,,,1,22,,33791,17,,,1,61,,33792,17,,,1,22,,33793,17,,,1,22,,33794,17,,,1,62,,33795,17,,,1,22,,33796,17,,,1,22,,33797,17,,,1,63,,33798,17,,,1,22,,33799,17,,,1,22,,33800,17,,,1,62,,33801,17,,,1,22,,33802,17,,,1,61,,33803,17,,,1,22,,33804,17,,,1,22,,33805,17,,,1,62,,33806,17,,,1,22,,33807,17,,,1,22,,33808,17,,,1,62,,33809,17,,,1,22,,33810,17,,,1,23,,33811,17,,,1,63,,33812,17,,,1,23,,33813,17,,,1,63,,33814,17,,,1,23,,33815,17,,,1,24,,33816,17,,,1,63,,33817,17,,,1,22,,33818,17,,,1,63,,33819,17,,,1,23,,33820,17,,,1
989900,'1',2048,,36830,17,,,1,76,,36831,17,,,1,78,,36832,17,,,1,38,,36833,17,,,1,75,,36834,17,,,1,34,,36835,17,,,1,75,,36836,17,,,1,35,,36837,17,,,1,75,,36838,17,0,5 6,1,75,,36839,17,0,5 6,1,41,,36840,17,0,5 6,1
989900,'2',2050,,36841,17,,,1,94,,36842,17,,,1,91,,36843,17,,,1,94,,36844,17,,,1,86,,36845,17,,,1,86,,36846,17,,,1,45,,36847,17,0,5 6,1,86,,36848,17,0,5 6,1,86,,36849,17,0,5 6,1
989900,'3',2107,,36850,17,,,1,50,,36851,17,,,1,90,,36852,17,,,1,90,,36853,17,,,1,82,,36854,17,,,1,83,,36855,17,,,1,41,,36856,17,0,5 6,1,83,,36857,17,0,5 6,1,83,,36858,17,0,5 6,1
989900,'74',2050,,36859,17,,,1,94,,36860,17,,,1,91,,36861,17,,,1,94,,36862,17,,,1,86,,36863,17,,,1,86,,36864,17,,,1,45,,36865,17,0,5 6,1,86,,36866,17,0,5 6,1,86,,36867,17,0,5 6,1
989900,'80',2107,,36868,17,,,1,50,,36869,17,,,1,90,,36870,17,,,1,90,,36871,17,,,1,82,,36872,17,,,1,83,,36873,17,,,1,41,,36874,17,0,5 6,1,83,,36875,17,0,5 6,1,83,,36876,17,0,5 6,1
