9600,'1',656,,31260,67,,,1,87,,31259,67,,,1,71,,31258,67,,,1,37,,31257,67,,,1,67,,31256,67,,,1,33,,31253,67,,,1,74,,31254,67,,,1,30,,31255,67,,,1,72,,31268,67,,,1,28,,31267,63,,,1,79,,31261,63,,,1,79,,31262,63,,,1,39,,31263,63,,,1,85,,31264,63,,,1,65,,31265,63,,,1,52,,31266,67,,,1,83,,31274,67,,,1,67,,31273,67,,,1,32,,31272,67,,,1,23,,31269,67,,,1,67,,31270,67,,,1,21,,31271,67,,,1,67,,31277,67,,,1,20,,31278,67,,,1,13,,31288,67,,,1,11,,31276,67,,,1,65,,31275,67,,,1,30,,31285,63,,,1,70,,31284,63,,,1,15,,31287,63,,,1,13,,31279,63,,,1,70,,31280,63,,,1,30,,31281,63,,,1,68,,31282,63,,,1,30,,31283,63,,,1,57,,31286,63,,,1
9600,'2',1017,,31289,63,,,1,101,,31290,63,,,1,99,,31291,63,,,1,96,,31292,63,,,1,99,,31293,63,,,1,99,,31294,63,,,1,99,,31295,63,,,1,99,,31296,63,,,1,95,,31297,63,,,1,97,,31298,63,,,1,47,,31299,63,,,1,83,,31300,63,,,1,97,,31301,63,,,1
9600,'3',1108,,31302,63,,,1,94,,31303,63,,,1,54,,31304,63,,,1,94,,31305,63,,,1,94,,31306,63,,,1,94,,31307,63,,,1,94,,31308,63,,,1,94,,31309,63,,,1,92,,31310,63,,,1,94,,31311,63,,,1,94,,31312,63,,,1,51,,31313,63,,,1
9600,'74',1017,,31314,63,,,1,101,,31315,63,,,1,99,,31316,63,,,1,96,,31317,63,,,1,99,,31318,63,,,1,99,,31319,63,,,1,99,,31320,63,,,1,99,,31321,63,,,1,95,,31322,63,,,1,97,,31323,63,,,1,47,,31324,63,,,1,83,,31325,63,,,1,97,,31326,63,,,1
9600,'80',1108,,31327,63,,,1,94,,31328,63,,,1,54,,31329,63,,,1,94,,31330,63,,,1,94,,31331,63,,,1,94,,31332,63,,,1,94,,31333,63,,,1,94,,31334,63,,,1,92,,31335,63,,,1,94,,31336,63,,,1,94,,31337,63,,,1,51,,31338,63,,,1
9800,'1',615,,31445,19,,,1,35,,31444,19,,,1,73,,31443,19,,,1,35,,31442,19,,,1,75,,31441,19,,,1,75,,31440,19,,,1,98,,31436,19,,,1,98,,31433,19,,,1,54,,31438,19,,,1,98,,31437,19,,,1,80,,31425,19,,,1,77,,31435,19,,,1,40,,31434,19,,,1,80,,31432,19,,,1,80,,31431,19,,,1,40,,31430,19,,,1,86,,31429,19,,,1,80,,31428,19,,,1,94,,31427,19,,,1,91,,31426,19,,,1,50,,31439,19,,,1
9800,'2',614,,31463,19,,,1,86,,31462,19,,,1,44,,31461,19,,,1,94,,31460,19,,,1,93,,31459,19,,,1,90,,31458,19,,,1,94,,31457,19,,,1,98,,31456,19,,,1,98,,31455,19,,,1,96,,31454,19,,,1,98,,31453,19,,,1,98,,31452,19,,,1,100,,31451,19,,,1,102,,31450,19,,,1,49,,31449,19,,,1,93,,31448,19,,,1,89,,31447,19,,,1,85,,31446,19,,,1
9800,'3',759,,31479,19,,,1,88,,31478,19,,,1,88,,31477,19,,,1,91,,31476,19,,,1,93,,31475,19,,,1,90,,31474,19,,,1,93,,31473,19,,,1,53,,31472,19,,,1,93,,31471,19,,,1,93,,31470,19,,,1,93,,31469,19,,,1,97,,31468,19,,,1,88,,31467,19,,,1,91,,31466,19,,,1,47,,31465,19,,,1,88,,31464,19,,,1
9800,'74',614,,31497,19,,,1,86,,31496,19,,,1,44,,31495,19,,,1,94,,31494,19,,,1,93,,31493,19,,,1,90,,31492,19,,,1,94,,31491,19,,,1,98,,31490,19,,,1,98,,31489,19,,,1,96,,31488,19,,,1,98,,31487,19,,,1,98,,31486,19,,,1,100,,31485,19,,,1,102,,31484,19,,,1,49,,31483,19,,,1,93,,31482,19,,,1,89,,31481,19,,,1,85,,31480,19,,,1
9800,'80',759,,31513,19,,,1,88,,31512,19,,,1,88,,31511,19,,,1,91,,31510,19,,,1,93,,31509,19,,,1,90,,31508,19,,,1,93,,31507,19,,,1,53,,31506,19,,,1,93,,31505,19,,,1,93,,31504,19,,,1,93,,31503,19,,,1,97,,31502,19,,,1,88,,31501,19,,,1,91,,31500,19,,,1,47,,31499,19,,,1,88,,31498,19,,,1
910200,'1',1604,,36812,41,,,1,43,,36820,41,,,1,85,,36816,41,,,1,85,,36817,41,,,1,83,,36818,41,,,1
989900,'1',2119,,36830,62,,,1,34,,36831,62,,,1,78,,36832,62,,,1,78,,36833,62,,,1,35,,36834,62,,,1,71,,36835,62,,,1,35,,36836,62,,,1,75,,36837,62,,,1,76,,36838,62,0,5 6,1,35,,36839,62,0,5 6,1,79,,36840,62,0,5 6,1
989900,'2',2123,,36841,62,,,1,94,,36842,62,,,1,86,,36843,62,,,1,52,,36844,62,,,1,86,,36845,62,,,1,86,,36846,62,,,1,84,,36847,62,0,5 6,1,46,,36848,62,0,5 6,1,86,,36849,62,0,5 6,1
989900,'3',2139,,36850,62,,,1,90,,36851,62,,,1,85,,36852,62,,,1,90,,36853,62,,,1,40,,36854,62,,,1,83,,36855,62,,,1,79,,36856,62,0,5 6,1,43,,36857,62,0,5 6,1,83,,36858,62,0,5 6,1
989900,'74',2123,,36859,62,,,1,94,,36860,62,,,1,86,,36861,62,,,1,52,,36862,62,,,1,86,,36863,62,,,1,86,,36864,62,,,1,84,,36865,62,0,5 6,1,46,,36866,62,0,5 6,1,86,,36867,62,0,5 6,1
989900,'80',2139,,36868,62,,,1,90,,36869,62,,,1,85,,36870,62,,,1,90,,36871,62,,,1,40,,36872,62,,,1,83,,36873,62,,,1,79,,36874,62,0,5 6,1,43,,36875,62,0,5 6,1,83,,36876,62,0,5 6,1
