100,'1',425,,23457,49,,,1,78,,23456,49,,,1,31,,23455,49,,,1,83,,23483,64,,,1,38,,23482,64,,,1,83,,23480,64,,,1,79,,23481,64,,,1,32,,23479,64,,,1,75,,23478,64,,,1,35,,23477,64,,,1,147,,23476,64,,,1,113,,23475,64,,,1,112,,23474,64,,,1,116,,23473,64,,,1,87,,23484,64,,,1,84,,23472,64,,,1,31,,23471,64,,,1,77,,23470,64,,,1,31,,23469,64,,,1,74,,23468,64,,,1,74,,23467,64,,,1,24,,23466,64,,,1,23,,23465,64,,,1,97,,23464,64,,,1,102,,23463,64,,,1,100,,23462,64,,,1,91,,23461,64,,,1,95,,23460,64,,,1,89,,23459,64,,,1,95,,23458,64,,,1
100,'74',622,,23507,49,,,1,96,,23485,64,,,1,103,,23486,64,,,1,107,,23487,64,,,1,103,,23488,64,,,1,112,,23489,64,,,1,96,,23490,64,,,1,87,,23491,64,,,1,103,,23492,64,,,1,92,,23493,64,,,1,92,,23494,64,,,1,92,,23495,64,,,1,46,,23496,64,,,1,92,,23497,64,,,1,91,,23498,64,,,1,80,,23499,64,,,1,92,,23500,64,,,1,50,,23501,64,,,1,97,,23502,64,,,1,97,,23503,64,,,1,94,,23504,64,,,1,92,,23505,64,,,1,95,,23506,64,,,1
100,'80',811,,23523,49,,,1,92,,23508,64,,,1,119,,23509,64,,,1,115,,23510,64,,,1,115,,23511,64,,,1,155,,23512,64,,,1,112,,23513,64,,,1,107,,23514,64,,,1,112,,23515,64,,,1,110,,23516,64,,,1,108,,23517,64,,,1,94,,23518,64,,,1,99,,23519,64,,,1,99,,23520,64,,,1,94,,23521,64,,,1,99,,23522,64,,,1
100,'35296.2',622,,23546,49,,,1,96,,23524,64,,,1,103,,23525,64,,,1,107,,23526,64,,,1,103,,23527,64,,,1,112,,23528,64,,,1,96,,23529,64,,,1,87,,23530,64,,,1,103,,23531,64,,,1,92,,23532,64,,,1,92,,23533,64,,,1,92,,23534,64,,,1,46,,23535,64,,,1,92,,23536,64,,,1,91,,23537,64,,,1,80,,23538,64,,,1,92,,23539,64,,,1,50,,23540,64,,,1,97,,23541,64,,,1,97,,23542,64,,,1,94,,23543,64,,,1,92,,23544,64,,,1,95,,23545,64,,,1
100,'35296.3',811,,23562,49,,,1,92,,23547,64,,,1,119,,23548,64,,,1,115,,23549,64,,,1,115,,23550,64,,,1,155,,23551,64,,,1,112,,23552,64,,,1,107,,23553,64,,,1,112,,23554,64,,,1,110,,23555,64,,,1,108,,23556,64,,,1,94,,23557,64,,,1,99,,23558,64,,,1,99,,23559,64,,,1,94,,23560,64,,,1,99,,23561,64,,,1
100,'35298.2',622,,23615,49,,,1,96,,23614,64,,,1,37,,23563,64,,,1,57,,23564,64,,,1,21,,23565,64,,,1,17,,23566,64,,,1,57,,23567,64,,,1,17,,23568,64,,,1,17,,23569,64,,,1,17,,23570,64,,,1,57,,23571,64,,,1,17,,23572,64,,,1,17,,23573,64,,,1,66,,23574,64,,,1,17,,23575,64,,,1,17,,23576,64,,,1,57,,23577,64,,,1,21,,23578,64,,,1,17,,23579,64,,,1,57,,23580,64,,,1,17,,23581,64,,,1,23,,23582,64,,,1,17,,23583,64,,,1,57,,23584,64,,,1,17,,23585,64,,,1,17,,23586,64,,,1,57,,23587,64,,,1,17,,23588,64,,,1,17,,23589,64,,,1,17,,23590,64,,,1,57,,23591,64,,,1,17,,23592,64,,,1,17,,23593,64,,,1,57,,23594,64,,,1,11,,23595,64,,,1,17,,23596,64,,,1,17,,23597,64,,,1,57,,23598,64,,,1,17,,23599,64,,,1,17,,23600,64,,,1,17,,23601,64,,,1,56,,23602,64,,,1,17,,23603,64,,,1,17,,23604,64,,,1,57,,23605,64,,,1,9,,23606,64,,,1,92,,23607,64,,,1,50,,23608,64,,,1,97,,23609,64,,,1,97,,23610,64,,,1,94,,23611,64,,,1,92,,23612,64,,,1,95,,23613,64,,,1
100,'35298.3',753,,23616,64,,,1,57,,23617,64,,,1,17,,23618,64,,,1,17,,23619,64,,,1,57,,23620,64,,,1,17,,23621,64,,,1,17,,23622,64,,,1,24,,23623,64,,,1,57,,23624,64,,,1,17,,23625,64,,,1,17,,23626,64,,,1,60,,23627,64,,,1,17,,23628,64,,,1,17,,23629,64,,,1,57,,23630,64,,,1,20,,23631,64,,,1,17,,23632,64,,,1,17,,23633,64,,,1,57,,23634,64,,,1,17,,23635,64,,,1,20,,23636,64,,,1,57,,23637,64,,,1,17,,23638,64,,,1,17,,23639,64,,,1,17,,23640,64,,,1,57,,23641,64,,,1,17,,23642,64,,,1,17,,23643,64,,,1,57,,23644,64,,,1,12,,23645,64,,,1,17,,23646,64,,,1,17,,23647,64,,,1,57,,23648,64,,,1,17,,23649,64,,,1,17,,23650,64,,,1,17,,23651,64,,,1,57,,23652,64,,,1,17,,23653,64,,,1,15,,23654,64,,,1,57,,23655,64,,,1,17,,23656,64,,,1,17,,23657,64,,,1,13,,23658,64,,,1,98,,23659,64,,,1,99,,23660,64,,,1,99,,23661,64,,,1,94,,23662,64,,,1,99,,23663,64,,,1
201,'2',756,,24035,2,,,1,80,,24036,2,,,1,80,,24037,2,,,1,40,,24038,2,,,1,80,,24039,2,,,1,80,,24040,2,,,1,40,,24041,2,,,1,80,,24042,2,,,1,80,,24043,2,,,1,40,,24044,2,,,1,80,,24045,2,,,1,80,,24046,2,,,1,40,,24047,2,,,1,80,,24048,2,,,1,80,,24049,2,,,1,40,,24050,2,,,1,80,,24051,2,,,1,80,,24052,2,,,1,40,,24053,2,,,1,80,,24054,2,,,1,80,,24055,2,,,1,33,,24056,2,,,1,73,,24057,2,,,1,33,,24058,2,,,1,73,,24059,2,,,1,73,,24060,2,,,1
201,'3',846,,24071,2,,,1,112,,24061,2,,,1,157,,24062,2,,,1,117,,24063,2,,,1,117,,24064,2,,,1,157,,24065,2,,,1,117,,24066,2,,,1,117,,24067,2,,,1,117,,24068,2,,,1,153,,24069,2,,,1,116,,24070,2,,,1,105,,24072,2,,,1,108,,24073,2,,,1
201,'74',756,,24074,2,,,1,80,,24075,2,,,1,80,,24076,2,,,1,40,,24077,2,,,1,80,,24078,2,,,1,80,,24079,2,,,1,40,,24080,2,,,1,80,,24081,2,,,1,80,,24082,2,,,1,40,,24083,2,,,1,80,,24084,2,,,1,80,,24085,2,,,1,40,,24086,2,,,1,80,,24087,2,,,1,80,,24088,2,,,1,40,,24089,2,,,1,80,,24090,2,,,1,80,,24091,2,,,1,40,,24092,2,,,1,80,,24093,2,,,1,80,,24094,2,,,1,33,,24095,2,,,1,73,,24096,2,,,1,33,,24097,2,,,1,73,,24098,2,,,1,73,,24099,2,,,1
201,'80',846,,24110,2,,,1,112,,24100,2,,,1,157,,24101,2,,,1,117,,24102,2,,,1,117,,24103,2,,,1,157,,24104,2,,,1,117,,24105,2,,,1,117,,24106,2,,,1,117,,24107,2,,,1,153,,24108,2,,,1,116,,24109,2,,,1,105,,24111,2,,,1,108,,24112,2,,,1
1801,'1',542,,26751,2,0,236 237 228,1,65,,26750,2,0,236 237 228,1,25,,26749,2,0,236 237 228,1,26,,26748,2,0,236 237 228,1,66,,26747,2,0,236 237 228,1,19,,26746,2,0,236 237 228,1,63,,26745,2,0,236 237 228,1,28,,26744,2,0,236 237 228,1,66,,26743,2,0,236 237 228,1,26,,26742,2,0,236 237 228,1,517,,26740,2,0,236 237 228,1,107,,26741,2,0,236 237 228,1,73,,26739,2,0,236 237 228,1,32,,26738,2,0,236 237 228,1,85,,26737,2,0,236 237 228,1,75,,26736,2,0,236 237 228,1,25,,26735,2,0,236 237 228,1,68,,26734,2,0,236 237 228,1,34,,26732,2,0,236 237 228,1,74,,26733,2,0,236 237 228,1
2501,'1',517,,27999,2,,,1,32,,28000,2,,,1,69,,28009,2,,,1,30,,28008,2,,,1,66,,28001,2,,,1,25,,28002,2,,,1,73,,28003,2,,,1,28,,28004,2,,,1,67,,28005,2,,,1,28,,28006,2,,,1,68,,28007,2,,,1,50,,28014,2,,,1,84,,28010,2,,,1,83,,28011,2,,,1,82,,28012,2,,,1,43,,28013,2,,,1,83,,28027,2,,,1,25,,28026,2,,,1,69,,28025,2,,,1,29,,28015,2,,,1,72,,28016,2,,,1,26,,28017,2,,,1,69,,28018,2,,,1,29,,28019,2,,,1,69,,28020,2,,,1,29,,28021,2,,,1,69,,28022,2,,,1,34,,28023,2,,,1,80,,28024,2,,,1
2501,'2',556,,28028,2,,,1,95,,28029,2,,,1,95,,28030,2,,,1,95,,28031,2,,,1,95,,28032,2,,,1,95,,28033,2,,,1,101,,28034,2,,,1,101,,28035,2,,,1,101,,28036,2,,,1,101,,28037,2,,,1,101,,28038,2,,,1,104,,28039,2,,,1,103,,28040,2,,,1,103,,28041,2,,,1,103,,28042,2,,,1
2501,'74',556,,28043,2,,,1,95,,28044,2,,,1,95,,28045,2,,,1,95,,28046,2,,,1,95,,28047,2,,,1,95,,28048,2,,,1,101,,28049,2,,,1,101,,28050,2,,,1,101,,28051,2,,,1,101,,28052,2,,,1,101,,28053,2,,,1,104,,28054,2,,,1,103,,28055,2,,,1,103,,28056,2,,,1,103,,28057,2,,,1
