9601,'1',541,,31339,87,,,1,74,,31340,87,,,1,29,,31341,87,,,1,70,,31342,87,,,1,42,,31343,87,,,1,76,,31344,87,,,1,78,,31345,87,,,1,27,,31346,87,,,1,71,,31347,87,,,1,31,,31348,87,,,1,79,,31349,87,,,1,38,,31350,83,,,1,83,,31351,83,,,1,75,,31352,83,,,1,32,,31353,83,,,1,86,,31354,83,,,1,83,,31355,83,,,1,23,,31374,83,,,1,16,,31356,83,,,1,73,,31357,83,,,1,27,,31358,83,,,1,71,,31359,87,,,1,27,,31360,87,,,1,62,,31361,87,,,1,21,,31362,87,,,1,16,,31363,87,,,1,65,,31364,87,,,1,25,,31365,87,,,1,65,,31366,87,,,1,21,,31367,83,,,1,25,,31368,83,,,1,67,,31369,83,,,1,30,,31370,83,,,1,70,,31371,83,,,1,30,,31372,83,,,1,64,,31373,83,,,1
9601,'2',905,,31375,83,,,1,99,,31376,83,,,1,102,,31377,83,,,1,99,,31378,83,,,1,99,,31379,83,,,1,96,,31380,83,,,1,59,,31381,83,,,1,99,,31382,83,,,1,99,,31383,83,,,1,99,,31384,83,,,1,88,,31385,83,,,1,89,,31386,83,,,1,97,,31387,83,,,1
9601,'3',1005,,31388,83,,,1,54,,31389,83,,,1,94,,31390,83,,,1,94,,31391,83,,,1,94,,31392,83,,,1,94,,31393,83,,,1,96,,31394,83,,,1,94,,31395,83,,,1,87,,31396,83,,,1,94,,31397,83,,,1,52,,31398,83,,,1,94,,31399,83,,,1
9601,'74',905,,31400,83,,,1,99,,31401,83,,,1,102,,31402,83,,,1,99,,31403,83,,,1,99,,31404,83,,,1,96,,31405,83,,,1,59,,31406,83,,,1,99,,31407,83,,,1,99,,31408,83,,,1,99,,31409,83,,,1,88,,31410,83,,,1,89,,31411,83,,,1,97,,31412,83,,,1
9601,'80',1005,,31413,83,,,1,54,,31414,83,,,1,94,,31415,83,,,1,94,,31416,83,,,1,94,,31417,83,,,1,94,,31418,83,,,1,96,,31419,83,,,1,94,,31420,83,,,1,87,,31421,83,,,1,94,,31422,83,,,1,52,,31423,83,,,1,94,,31424,83,,,1
10701,'1',535,,32420,30,,,1,24,,32419,30,,,1,70,,32418,30,,,1,24,,32417,30,,,1,64,,32416,30,,,1,19,,32415,30,,,1,20,,32414,30,,,1,52,,32413,30,,,1,20,,32412,30,,,1,16,,32411,30,,,1,56,,32410,30,,,1,10,,32409,30,,,1,42,,32398,30,,,1,80,,32405,30,,,1,82,,32404,30,,,1,42,,32403,30,,,1,82,,32402,30,,,1,88,,32401,30,,,1,82,,32400,30,,,1,28,,32408,30,,,1,14,,32399,30,,,1,63,,32397,30,,,1,22,,32396,30,,,1,18,,32395,30,,,1,58,,32394,30,,,1,22,,32393,30,,,1,18,,32392,30,,,1,58,,32391,30,,,1,21,,32390,30,,,1,18,,32389,30,,,1,58,,32388,30,,,1,15,,32387,30,,,1,15,,32386,30,,,1,18,,32434,30,,,1,66,,32433,30,,,1,18,,32421,30,,,1,78,,32435,30,,,1,41,,32432,30,,,1,74,,32431,30,,,1,78,,32430,30,,,1,32,,32429,30,,,1,74,,32428,30,,,1,34,,32427,30,,,1,74,,32426,30,,,1,34,,32425,30,,,1,74,,32424,30,,,1,74,,32423,30,,,1,34,,32422,30,,,1
10701,'2',710,,32463,30,,,1,39,,32464,30,,,1,77,,32465,30,,,1,77,,32466,30,,,1,37,,32467,30,,,1,77,,32468,30,,,1,37,,32469,30,,,1,77,,32470,30,,,1,77,,32471,30,,,1,37,,32472,30,,,1,76,,32440,30,,,1,37,,32441,30,,,1,76,,32443,30,,,1,77,,32444,30,,,1,37,,32445,30,,,1,77,,32446,30,,,1,75,,32447,30,,,1,37,,32448,30,,,1,77,,32449,30,,,1,37,,32450,30,,,1,77,,32451,30,,,1,77,,32452,30,,,1,37,,32453,30,,,1,77,,32454,30,,,1,37,,32455,30,,,1,77,,32442,30,,,1,77,,32456,30,,,1,37,,32457,30,,,1,77,,32458,30,,,1,77,,32459,30,,,1,35,,32439,30,,,1,75,,32460,30,,,1
10701,'3',749,,32485,30,,,1,77,,32486,30,,,1,74,,32487,30,,,1,37,,32488,30,,,1,78,,32489,30,,,1,37,,32490,30,,,1,77,,32484,30,,,1,77,,32491,30,,,1,37,,32492,30,,,1,77,,32493,30,,,1,37,,32494,30,,,1,76,,32495,30,,,1,75,,32496,30,,,1,37,,32497,30,,,1,77,,32498,30,,,1,37,,32500,30,,,1,77,,32501,30,,,1,77,,32499,30,,,1,37,,32481,30,,,1,77,,32502,30,,,1,77,,32503,30,,,1,37,,32504,30,,,1,77,,32505,30,,,1,37,,32473,30,,,1,77,,32474,30,,,1,77,,32475,30,,,1,37,,32476,30,,,1,77,,32477,30,,,1,36,,32478,30,,,1,77,,32479,30,,,1,77,,32480,30,,,1
10701,'74',710,,32530,30,,,1,39,,32531,30,,,1,77,,32532,30,,,1,77,,32533,30,,,1,37,,32534,30,,,1,77,,32535,30,,,1,37,,32536,30,,,1,77,,32537,30,,,1,77,,32538,30,,,1,37,,32539,30,,,1,76,,32507,30,,,1,37,,32508,30,,,1,76,,32510,30,,,1,77,,32511,30,,,1,37,,32512,30,,,1,77,,32513,30,,,1,75,,32514,30,,,1,37,,32515,30,,,1,77,,32516,30,,,1,37,,32517,30,,,1,77,,32518,30,,,1,77,,32519,30,,,1,37,,32520,30,,,1,77,,32521,30,,,1,37,,32522,30,,,1,77,,32509,30,,,1,77,,32523,30,,,1,37,,32524,30,,,1,77,,32525,30,,,1,77,,32526,30,,,1,35,,32506,30,,,1,75,,32527,30,,,1
10701,'80',749,,32552,30,,,1,77,,32553,30,,,1,74,,32554,30,,,1,37,,32555,30,,,1,78,,32556,30,,,1,37,,32557,30,,,1,77,,32551,30,,,1,77,,32558,30,,,1,37,,32559,30,,,1,77,,32560,30,,,1,37,,32561,30,,,1,76,,32562,30,,,1,75,,32563,30,,,1,37,,32564,30,,,1,77,,32565,30,,,1,37,,32567,30,,,1,77,,32568,30,,,1,77,,32566,30,,,1,37,,32548,30,,,1,77,,32569,30,,,1,77,,32570,30,,,1,37,,32571,30,,,1,77,,32572,30,,,1,37,,32540,30,,,1,77,,32541,30,,,1,77,,32542,30,,,1,37,,32543,30,,,1,77,,32544,30,,,1,36,,32545,30,,,1,77,,32546,30,,,1,77,,32547,30,,,1
1070201,'1',554,,36981,23,,,1,52,,36980,23,,,1,12,,36979,23,,,1,12,,36978,23,,,1,12,,36977,23,,,1,12,,36976,23,,,1,52,,36975,23,,,1,20,,36974,23,,,1,12,,36973,23,,,1,12,,36972,23,,,1,52,,36971,23,,,1,12,,36970,23,,,1,10,,36969,23,,,1,12,,36968,23,,,1,12,,36967,23,,,1,73,,36955,23,,,1,26,,36964,23,,,1,66,,36966,23,,,1,23,,36965,23,,,1,66,,36963,23,,,1,26,,36962,23,,,1,26,,36961,23,,,1,67,,36960,23,,,1,26,,36959,23,,,1,66,,36958,23,,,1,27,,36957,23,,,1,66,,36956,23,,,1,24,,36997,23,,,1,16,,36996,23,,,1,56,,36982,23,,,1,18,,36983,23,,,1,16,,36984,23,,,1,16,,36985,23,,,1,56,,36986,23,,,1,19,,36987,23,,,1,16,,36988,23,,,1,16,,36989,23,,,1,63,,36990,23,,,1,18,,36991,23,,,1,19,,36992,23,,,1,59,,36993,23,,,1,14,,36994,23,,,1,78,,36995,23,,,1
