300,'1',502,,24137,63,0,21 22 23 3 24,1,31,,24138,63,0,21 22 23 3 24,1,87,,24113,63,0,21 22 23 3 24,1,32,,24114,63,0,21 22 23 3 24,1,75,,24115,63,0,21 22 23 3 24,1,78,,24116,63,0,21 22 23 3 24,1,32,,24117,63,0,21 22 23 3 24,1,77,,24118,63,0,21 22 23 3 24,1,25,,24119,63,0,21 22 23 3 24,1,72,,24120,63,0,21 22 23 3 24,1,25,,24121,63,0,21 22 23 3 24,1,89,,24122,63,0,21 22 23 3 24,1,86,,24123,63,0,21 22 23 3 24,1,46,,24124,63,0,21 22 23 3 24,1,86,,24125,63,0,21 22 23 3 24,1,86,,24126,63,0,21 22 23 3 24,1,92,,24127,63,0,21 22 23 3 24,1,36,,24128,63,0,21 22 23 3 24,1,72,,24129,63,0,21 22 23 3 24,1,72,,24130,63,0,21 22 23 3 24,1,32,,24131,63,0,21 22 23 3 24,1,72,,24132,63,0,21 22 23 3 24,1,32,,24133,63,0,21 22 23 3 24,1,66,,24134,63,0,21 22 23 3 24,1,32,,24135,63,0,21 22 23 3 24,1,67,,24136,63,0,21 22 23 3 24,1,32,,24139,63,0,21 22 23 3 24,1,83,,24140,63,0,21 22 23 3 24,1,41,,24141,63,0,21 22 23 3 24,1
300,'2',840,,24147,63,0,21 22 23 3 24,1,103,,24146,63,0,21 22 23 3 24,1,105,,24148,63,0,21 22 23 3 24,1,105,,24149,63,0,21 22 23 3 24,1,105,,24150,63,0,21 22 23 3 24,1,145,,24151,63,0,21 22 23 3 24,1,107,,24152,63,0,21 22 23 3 24,1,105,,24153,63,0,21 22 23 3 24,1,107,,24154,63,0,21 22 23 3 24,1,106,,24155,63,0,21 22 23 3 24,1,102,,24156,63,0,21 22 23 3 24,1,102,,24157,63,0,21 22 23 3 24,1,99,,24158,63,0,21 22 23 3 24,1,102,,24145,63,0,21 22 23 3 24,1
300,'3',1001,,24160,63,0,21 22 23 3 24,1,100,,24172,63,0,21 22 23 3 24,1,104,,24171,63,0,21 22 23 3 24,1,102,,24170,63,0,21 22 23 3 24,1,102,,24169,63,0,21 22 23 3 24,1,99,,24168,63,0,21 22 23 3 24,1,102,,24167,63,0,21 22 23 3 24,1,102,,24166,63,0,21 22 23 3 24,1,102,,24165,63,0,21 22 23 3 24,1,102,,24164,63,0,21 22 23 3 24,1,99,,24163,63,0,21 22 23 3 24,1,99,,24162,63,0,21 22 23 3 24,1,98,,24161,63,0,21 22 23 3 24,1
300,'74',840,,24176,63,0,21 22 23 3 24,1,103,,24175,63,0,21 22 23 3 24,1,105,,24177,63,0,21 22 23 3 24,1,105,,24178,63,0,21 22 23 3 24,1,105,,24179,63,0,21 22 23 3 24,1,145,,24180,63,0,21 22 23 3 24,1,107,,24181,63,0,21 22 23 3 24,1,105,,24182,63,0,21 22 23 3 24,1,107,,24183,63,0,21 22 23 3 24,1,106,,24184,63,0,21 22 23 3 24,1,102,,24185,63,0,21 22 23 3 24,1,102,,24186,63,0,21 22 23 3 24,1,99,,24187,63,0,21 22 23 3 24,1,102,,24174,63,0,21 22 23 3 24,1
300,'80',1001,,24189,63,0,21 22 23 3 24,1,100,,24201,63,0,21 22 23 3 24,1,104,,24200,63,0,21 22 23 3 24,1,102,,24199,63,0,21 22 23 3 24,1,102,,24198,63,0,21 22 23 3 24,1,99,,24197,63,0,21 22 23 3 24,1,102,,24196,63,0,21 22 23 3 24,1,102,,24195,63,0,21 22 23 3 24,1,102,,24194,63,0,21 22 23 3 24,1,102,,24193,63,0,21 22 23 3 24,1,99,,24192,63,0,21 22 23 3 24,1,99,,24191,63,0,21 22 23 3 24,1,98,,24190,63,0,21 22 23 3 24,1
9001,'1',555,,30670,23,,,1,51,,30669,23,,,1,11,,30668,23,,,1,11,,30667,23,,,1,11,,30666,23,,,1,11,,30665,23,,,1,51,,30664,23,,,1,11,,30662,23,,,1,15,,30663,23,,,1,10,,30682,23,,,1,11,,30681,23,,,1,57,,30680,23,,,1,13,,30679,23,,,1,13,,30678,23,,,1,13,,30671,23,,,1,13,,30672,23,,,1,53,,30673,23,,,1,13,,30674,23,,,1,12,,30675,23,,,1,9,,30676,23,,,1,13,,30677,23,,,1,79,,30690,23,,,1,72,,30683,23,,,1,32,,30684,23,,,1,72,,30685,23,,,1,32,,30686,23,,,1,72,,30687,23,,,1,32,,30688,23,,,1,77,,30689,23,,,1,25,,30691,23,,,1,55,,30692,23,,,1,14,,30693,23,,,1,14,,30694,23,,,1,16,,30695,23,,,1,54,,30696,23,,,1,12,,30697,23,,,1,18,,30698,23,,,1,6,,30719,11,,,1,8,,30699,23,,,1,54,,30700,23,,,1,14,,30701,23,,,1,12,,30702,23,,,1,14,,30703,23,,,1,12,,30704,23,,,1,54,,30705,23,,,1,14,,30706,23,,,1,14,,30707,23,,,1,14,,30708,23,,,1,54,,30709,23,,,1,11,,30710,23,,,1,27,,30717,23,,,1,82,,30716,23,,,1,81,,30711,23,,,1,42,,30712,23,,,1,82,,30713,23,,,1,82,,30714,23,,,1,40,,30715,23,,,1,82,,30718,23,,,1
9001,'2',608,,30720,6,,,1,40,,30721,23,,,1,81,,30722,23,,,1,81,,30723,23,,,1,46,,30736,23,,,1,73,,30728,23,,,1,72,,30729,23,,,1,32,,30730,23,,,1,73,,30731,23,,,1,32,,30732,23,,,1,72,,30733,23,,,1,34,,30734,23,,,1,72,,30735,23,,,1,32,,30737,23,,,1,72,,30738,23,,,1,32,,30739,23,,,1,72,,30740,23,,,1,32,,30741,23,,,1,72,,30742,23,,,1,72,,30743,23,,,1,32,,30744,23,,,1,72,,30745,23,,,1,32,,30746,23,,,1,69,,30747,23,,,1,32,,30748,23,,,1,72,,30749,23,,,1,95,,30750,23,,,1,41,,30751,23,,,1,81,,30724,23,,,1,81,,30725,23,,,1,41,,30726,23,,,1,81,,30727,23,,,1
9001,'3',817,,30752,6,,,1,38,,30753,23,,,1,82,,30754,23,,,1,84,,30755,23,,,1,82,,30756,23,,,1,42,,30757,23,,,1,85,,30758,23,,,1,85,,30759,23,,,1,85,,30760,23,,,1,45,,30761,23,,,1,85,,30762,23,,,1,85,,30763,23,,,1,85,,30764,23,,,1,45,,30765,23,,,1,82,,30766,23,,,1,84,,30767,23,,,1,39,,30768,23,,,1,84,,30769,23,,,1,79,,30770,23,,,1,39,,30771,23,,,1,79,,30772,23,,,1
9001,'74',608,,30773,6,,,1,40,,30774,23,,,1,81,,30775,23,,,1,81,,30776,23,,,1,46,,30789,23,,,1,73,,30781,23,,,1,72,,30782,23,,,1,32,,30783,23,,,1,73,,30784,23,,,1,32,,30785,23,,,1,72,,30786,23,,,1,34,,30787,23,,,1,72,,30788,23,,,1,32,,30790,23,,,1,72,,30791,23,,,1,32,,30792,23,,,1,72,,30793,23,,,1,32,,30794,23,,,1,72,,30795,23,,,1,72,,30796,23,,,1,32,,30797,23,,,1,72,,30798,23,,,1,32,,30799,23,,,1,69,,30800,23,,,1,32,,30801,23,,,1,72,,30802,23,,,1,95,,30803,23,,,1,41,,30804,23,,,1,81,,30777,23,,,1,81,,30778,23,,,1,41,,30779,23,,,1,81,,30780,23,,,1
9001,'80',817,,30805,6,,,1,38,,30806,23,,,1,82,,30807,23,,,1,84,,30808,23,,,1,82,,30809,23,,,1,42,,30810,23,,,1,85,,30811,23,,,1,85,,30812,23,,,1,85,,30813,23,,,1,45,,30814,23,,,1,85,,30815,23,,,1,85,,30816,23,,,1,85,,30817,23,,,1,45,,30818,23,,,1,82,,30819,23,,,1,84,,30820,23,,,1,39,,30821,23,,,1,84,,30822,23,,,1,79,,30823,23,,,1,39,,30824,23,,,1,79,,30825,23,,,1
900201,'1',521,,36796,18,,,1,19,,36797,18,,,1,19,,36798,18,,,1,59,,36799,18,,,1,17,,36784,4,,,1,19,,36785,4,,,1,62,,36795,4,,,1,25,,36794,4,,,1,63,,36793,4,,,1,21,,36786,4,,,1,23,,36787,4,,,1,63,,36788,4,,,1,23,,36789,4,,,1,23,,36790,4,,,1,63,,36791,4,,,1,23,,36792,4,,,1,569,,36800,32,,,1,23,,36801,32,,,1,23,,36802,32,,,1,63,,36803,32,,,1,23,,36804,32,,,1,61,,36805,32,,,1,23,,36806,32,,,1,21,,36807,32,,,1,63,,36811,32,,,1,17,,36808,32,,,1,19,,36809,32,,,1,59,,36810,32,,,1
