300,'1',447,,12917,36,0,21 22 23 3 24,1,68,,12918,36,0,21 22 23 3 24,1,87,,12893,36,0,21 22 23 3 24,1,32,,12894,36,0,21 22 23 3 24,1,74,,12895,36,0,21 22 23 3 24,1,35,,12896,36,0,21 22 23 3 24,1,72,,12897,36,0,21 22 23 3 24,1,36,,12898,36,0,21 22 23 3 24,1,67,,12899,36,0,21 22 23 3 24,1,32,,12900,36,0,21 22 23 3 24,1,68,,12901,36,0,21 22 23 3 24,1,88,,12902,36,0,21 22 23 3 24,1,46,,12903,36,0,21 22 23 3 24,1,86,,12904,36,0,21 22 23 3 24,1,86,,12905,36,0,21 22 23 3 24,1,86,,12906,36,0,21 22 23 3 24,1,47,,12907,36,0,21 22 23 3 24,1,78,,12908,36,0,21 22 23 3 24,1,72,,12909,36,0,21 22 23 3 24,1,32,,12910,36,0,21 22 23 3 24,1,72,,12911,36,0,21 22 23 3 24,1,32,,12912,36,0,21 22 23 3 24,1,72,,12913,36,0,21 22 23 3 24,1,29,,12914,36,0,21 22 23 3 24,1,72,,12915,36,0,21 22 23 3 24,1,28,,12916,36,0,21 22 23 3 24,1,72,,12919,36,0,21 22 23 3 24,1,43,,12920,36,0,21 22 23 3 24,1,81,,12921,36,0,21 22 23 3 24,1
300,'2',821,,12927,36,0,21 22 23 3 24,1,103,,12926,36,0,21 22 23 3 24,1,105,,12928,36,0,21 22 23 3 24,1,105,,12929,36,0,21 22 23 3 24,1,105,,12930,36,0,21 22 23 3 24,1,105,,12931,36,0,21 22 23 3 24,1,107,,12932,36,0,21 22 23 3 24,1,105,,12933,36,0,21 22 23 3 24,1,146,,12934,36,0,21 22 23 3 24,1,106,,12935,36,0,21 22 23 3 24,1,103,,12936,36,0,21 22 23 3 24,1,102,,12937,36,0,21 22 23 3 24,1,101,,12938,36,0,21 22 23 3 24,1,102,,12925,36,0,21 22 23 3 24,1
300,'3',943,,12940,36,0,21 22 23 3 24,1,100,,12952,36,0,21 22 23 3 24,1,104,,12951,36,0,21 22 23 3 24,1,102,,12950,36,0,21 22 23 3 24,1,102,,12949,36,0,21 22 23 3 24,1,100,,12948,36,0,21 22 23 3 24,1,102,,12947,36,0,21 22 23 3 24,1,102,,12946,36,0,21 22 23 3 24,1,102,,12945,36,0,21 22 23 3 24,1,102,,12944,36,0,21 22 23 3 24,1,100,,12943,36,0,21 22 23 3 24,1,99,,12942,36,0,21 22 23 3 24,1,98,,12941,36,0,21 22 23 3 24,1
300,'80',943,,12954,36,0,21 22 23 3 24,1,100,,12966,36,0,21 22 23 3 24,1,104,,12965,36,0,21 22 23 3 24,1,102,,12964,36,0,21 22 23 3 24,1,102,,12963,36,0,21 22 23 3 24,1,100,,12962,36,0,21 22 23 3 24,1,102,,12961,36,0,21 22 23 3 24,1,102,,12960,36,0,21 22 23 3 24,1,102,,12959,36,0,21 22 23 3 24,1,102,,12958,36,0,21 22 23 3 24,1,100,,12957,36,0,21 22 23 3 24,1,99,,12956,36,0,21 22 23 3 24,1,98,,12955,36,0,21 22 23 3 24,1
9900,'1',450,,18813,14,,,1,81,,18814,14,,,1,80,,18815,14,,,1,41,,18816,14,,,1,92,,18817,14,,,1,75,,18818,14,,,1,38,,18819,14,,,1,72,,18820,14,,,1,75,,18821,14,,,1,35,,18822,14,,,1,97,,18823,14,,,1,94,,18824,14,,,1,94,,18825,14,,,1,94,,18826,14,,,1,30,,18838,14,,,1,71,,18837,14,,,1,29,,18827,14,,,1,70,,18828,14,,,1,30,,18829,14,,,1,70,,18830,14,,,1,30,,18831,14,,,1,69,,18832,14,,,1,30,,18833,14,,,1,67,,18834,14,,,1,30,,18835,14,,,1,69,,18836,14,,,1
9900,'2',608,,18841,14,,,1,38,,18842,14,,,1,78,,18856,14,,,1,89,,18855,14,,,1,87,,18843,14,,,1,47,,18844,14,,,1,87,,18845,14,,,1,88,,18846,14,,,1,104,,18847,14,,,1,95,,18848,14,,,1,95,,18849,14,,,1,95,,18850,14,,,1,95,,18851,14,,,1,95,,18852,14,,,1,55,,18853,14,,,1,95,,18854,14,,,1,87,,18858,14,,,1,90,,18857,14,,,1
9900,'3',616,,18861,14,,,1,38,,18862,14,,,1,78,,18863,14,,,1,78,,18864,14,,,1,91,,18881,14,,,1,49,,18865,14,,,1,89,,18866,14,,,1,89,,18867,14,,,1,90,,18868,14,,,1,89,,18869,14,,,1,49,,18870,14,,,1,89,,18871,14,,,1,89,,18872,14,,,1,89,,18873,14,,,1,89,,18874,14,,,1,88,,18875,14,,,1,49,,18876,14,,,1,89,,18877,14,,,1,86,,18878,14,,,1
9900,'80',616,,18882,14,,,1,38,,18883,14,,,1,78,,18884,14,,,1,78,,18885,14,,,1,91,,18902,14,,,1,49,,18886,14,,,1,89,,18887,14,,,1,89,,18888,14,,,1,90,,18889,14,,,1,89,,18890,14,,,1,49,,18891,14,,,1,89,,18892,14,,,1,89,,18893,14,,,1,89,,18894,14,,,1,89,,18895,14,,,1,88,,18896,14,,,1,49,,18897,14,,,1,89,,18898,14,,,1,86,,18899,14,,,1
36000,'2',842,,20438,14,,,1,68,,20439,14,,,1,28,,20440,14,,,1,68,,20441,14,,,1,28,,20442,14,,,1,68,,20443,14,,,1,29,,20444,14,,,1,28,,20445,14,,,1,68,,20446,14,,,1,28,,20447,14,,,1,68,,20448,14,,,1,27,,20449,14,,,1,68,,20450,14,,,1,29,,20451,14,,,1,69,,20452,14,,,1,28,,20453,14,,,1,68,,20454,14,,,1,27,,20455,14,,,1,70,,20456,14,,,1,30,,20457,14,,,1,72,,20458,14,,,1,28,,20459,14,,,1,70,,20460,14,,,1,30,,20461,14,,,1,70,,20462,14,,,1,29,,20463,14,,,1,72,,20464,14,,,1,30,,20465,14,,,1,70,,20466,14,,,1
36000,'80',840,,20467,14,,,1,68,,20468,14,,,1,28,,20469,14,,,1,68,,20470,14,,,1,28,,20471,14,,,1,69,,20472,14,,,1,28,,20473,14,,,1,28,,20474,14,,,1,68,,20475,14,,,1,28,,20476,14,,,1,68,,20477,14,,,1,28,,20478,14,,,1,68,,20479,14,,,1,28,,20480,14,,,1,68,,20481,14,,,1,28,,20482,14,,,1,68,,20483,14,,,1,28,,20484,14,,,1,68,,20485,14,,,1,28,,20486,14,,,1,68,,20487,14,,,1,28,,20488,14,,,1,28,,20489,14,,,1,68,,20490,14,,,1,27,,20491,14,,,1,66,,20492,14,,,1,27,,20493,14,,,1,66,,20494,14,,,1
36000,'24603.3',840,,20495,14,,,1,68,,20496,14,,,1,28,,20497,14,,,1,68,,20498,14,,,1,28,,20499,14,,,1,69,,20500,14,,,1,28,,20501,14,,,1,28,,20502,14,,,1,68,,20503,14,,,1,28,,20504,14,,,1,68,,20505,14,,,1,28,,20506,14,,,1,68,,20507,14,,,1,28,,20508,14,,,1,68,,20509,14,,,1,28,,20510,14,,,1,68,,20511,14,,,1,28,,20512,14,,,1,68,,20513,14,,,1,28,,20514,14,,,1,68,,20515,14,,,1,28,,20516,14,,,1,28,,20517,14,,,1,68,,20518,14,,,1,27,,20519,14,,,1,66,,20520,14,,,1,27,,20521,14,,,1,66,,20522,14,,,1
36000,'24604.3',2137,,20523,14,,,1,66,,20524,14,,,1,26,,20525,14,,,1
60100,'1',536,,20781,5,,,1,11,,20782,5,,,1,12,,20783,5,,,1,51,,20784,5,,,1,11,,20785,5,,,1,11,,20786,5,,,1,11,,20787,5,,,1,11,,20788,5,,,1,51,,20789,5,,,1,12,,20790,5,,,1,11,,20791,5,,,1,11,,20792,5,,,1,12,,20793,5,,,1,51,,20794,5,,,1,12,,20795,5,,,1,11,,20796,5,,,1,11,,20797,5,,,1,11,,20798,5,,,1,11,,20799,5,,,1,51,,20800,5,,,1,10,,20801,5,,,1,11,,20802,5,,,1,11,,20803,5,,,1,11,,20804,5,,,1,51,,20805,5,,,1,14,,20806,5,,,1,16,,20807,5,,,1,16,,20808,5,,,1,56,,20809,5,,,1,16,,20810,5,,,1,16,,20811,5,,,1,16,,20812,5,,,1,56,,20813,5,,,1,16,,20814,5,,,1,16,,20815,5,,,1,16,,20816,5,,,1,56,,20817,5,,,1,18,,20818,5,,,1,16,,20819,5,,,1,56,,20820,5,,,1,14,,20821,5,,,1,12,,20822,5,,,1,12,,20823,5,,,1,12,,20824,5,,,1,52,,20825,5,,,1,12,,20826,5,,,1,12,,20827,5,,,1,12,,20828,5,,,1,12,,20829,5,,,1,52,,20830,5,,,1,12,,20831,5,,,1,12,,20832,5,,,1,12,,20833,5,,,1,12,,20834,5,,,1,52,,20835,5,,,1,12,,20836,5,,,1,12,,20837,5,,,1,12,,20838,5,,,1,12,,20839,5,,,1,52,,20840,5,,,1,12,,20841,5,,,1,12,,20842,5,,,1,12,,20843,5,,,1,12,,20844,5,,,1,52,,20845,5,,,1,12,,20846,5,,,1,9,,20847,5,,,1,12,,20848,5,,,1,12,,20849,5,,,1,52,,20850,5,,,1,24,,20851,5,,,1,18,,20852,5,,,1,58,,20853,5,,,1,18,,20854,5,,,1,18,,20855,5,,,1,18,,20856,5,,,1,59,,20857,5,,,1,19,,20858,5,,,1,18,,20859,5,,,1,58,,20860,5,,,1,19,,20861,5,,,1,19,,20862,5,,,1,59,,20863,5,,,1,19,,20864,5,,,1,19,,20865,5,,,1
60100,'2',513,,20877,5,,,1,17,,20878,5,,,1,17,,20879,5,,,1,57,,20880,5,,,1,17,,20881,5,,,1,17,,20882,5,,,1,17,,20883,5,,,1,57,,20884,5,,,1,16,,20885,5,,,1,16,,20886,5,,,1,57,,20887,5,,,1,16,,20888,5,,,1,16,,20889,5,,,1,16,,20890,5,,,1,56,,20891,5,,,1,16,,20892,5,,,1,17,,20893,5,,,1,16,,20894,5,,,1,56,,20895,5,,,1,16,,20896,5,,,1,16,,20897,5,,,1,16,,20898,5,,,1,56,,20899,5,,,1,16,,20900,5,,,1,17,,20901,5,,,1,56,,20902,5,,,1,15,,20903,5,,,1,15,,20904,5,,,1,15,,20905,5,,,1,55,,20906,5,,,1,15,,20907,5,,,1,15,,20908,5,,,1,15,,20909,5,,,1,55,,20910,5,,,1,15,,20911,5,,,1,15,,20912,5,,,1,15,,20913,5,,,1,55,,20914,5,,,1,15,,20915,5,,,1,15,,20916,5,,,1,15,,20917,5,,,1,55,,20918,5,,,1,15,,20919,5,,,1,15,,20920,5,,,1,15,,20921,5,,,1,55,,20922,5,,,1,15,,20923,5,,,1,15,,20924,5,,,1,15,,20925,5,,,1,55,,20926,5,,,1,15,,20927,5,,,1,15,,20928,5,,,1,15,,20929,5,,,1,55,,20930,5,,,1,15,,20931,5,,,1,15,,20932,5,,,1,15,,20933,5,,,1,53,,20934,5,,,1,18,,20935,5,,,1,18,,20936,5,,,1,18,,20937,5,,,1,58,,20938,5,,,1,18,,20939,5,,,1,18,,20940,5,,,1,58,,20941,5,,,1,16,,20942,5,,,1,16,,20943,5,,,1,15,,20944,5,,,1,56,,20945,5,,,1,16,,20946,5,,,1,16,,20947,5,,,1,16,,20948,5,,,1,56,,20949,5,,,1,16,,20950,5,,,1,16,,20951,5,,,1
60100,'3',544,,20960,5,,,1,60,,20959,5,,,1,20,,20958,5,,,1,20,,20957,5,,,1,60,,20956,5,,,1,20,,20955,5,,,1,20,,20954,5,,,1,60,,20953,5,,,1,21,,20952,5,,,1,20,,20961,5,,,1,60,,20962,5,,,1,20,,20963,5,,,1,21,,20964,5,,,1,60,,20965,5,,,1,20,,20966,5,,,1,27,,20994,5,,,1,61,,20993,5,,,1,21,,20992,5,,,1,21,,20967,5,,,1,63,,20968,5,,,1,21,,20969,5,,,1,61,,20970,5,,,1,21,,20971,5,,,1,21,,20972,5,,,1,61,,20973,5,,,1,21,,20974,5,,,1,21,,20975,5,,,1,61,,20976,5,,,1,21,,20977,5,,,1,20,,20978,5,,,1,61,,20979,5,,,1,21,,20980,5,,,1,21,,20981,5,,,1,61,,20982,5,,,1,21,,20983,5,,,1,21,,20984,5,,,1,61,,20985,5,,,1,21,,20986,5,,,1,21,,20987,5,,,1,61,,20988,5,,,1,21,,20989,5,,,1,61,,20990,5,,,1,20,,20991,5,,,1,29,,21000,5,,,1,60,,20999,5,,,1,20,,20998,5,,,1,20,,20995,5,,,1,60,,20996,5,,,1,19,,20997,5,,,1,30,,21007,5,,,1,59,,21006,5,,,1,20,,21001,5,,,1,20,,21002,5,,,1,60,,21003,5,,,1,20,,21004,5,,,1,20,,21005,5,,,1
60100,'80',544,,21022,5,,,1,60,,21021,5,,,1,20,,21020,5,,,1,20,,21019,5,,,1,60,,21018,5,,,1,20,,21017,5,,,1,20,,21016,5,,,1,60,,21015,5,,,1,21,,21014,5,,,1,20,,21008,5,,,1,60,,21009,5,,,1,20,,21010,5,,,1,21,,21011,5,,,1,60,,21012,5,,,1,20,,21013,5,,,1,27,,21050,5,,,1,61,,21049,5,,,1,21,,21048,5,,,1,21,,21023,5,,,1,63,,21024,5,,,1,21,,21025,5,,,1,61,,21026,5,,,1,21,,21027,5,,,1,21,,21028,5,,,1,61,,21029,5,,,1,21,,21030,5,,,1,21,,21031,5,,,1,61,,21032,5,,,1,21,,21033,5,,,1,20,,21034,5,,,1,61,,21035,5,,,1,21,,21036,5,,,1,21,,21037,5,,,1,61,,21038,5,,,1,21,,21039,5,,,1,21,,21040,5,,,1,61,,21041,5,,,1,21,,21042,5,,,1,21,,21043,5,,,1,61,,21044,5,,,1,21,,21045,5,,,1,61,,21046,5,,,1,20,,21047,5,,,1,29,,21056,5,,,1,60,,21055,5,,,1,20,,21054,5,,,1,20,,21051,5,,,1,60,,21052,5,,,1,19,,21053,5,,,1,30,,21063,5,,,1,59,,21062,5,,,1,20,,21057,5,,,1,20,,21058,5,,,1,60,,21059,5,,,1,20,,21060,5,,,1,20,,21061,5,,,1
989900,'1',2047,,22653,14,,,1,76,,22654,14,,,1,78,,22655,14,,,1,38,,22656,14,,,1,75,,22657,14,,,1,34,,22658,14,,,1,75,,22659,14,,,1,35,,22660,14,,,1,75,,22661,14,0,5 6,1,75,,22662,14,0,5 6,1,41,,22663,14,0,5 6,1
989900,'2',2049,,22664,14,,,1,94,,22665,14,,,1,91,,22666,14,,,1,94,,22667,14,,,1,86,,22668,14,,,1,86,,22669,14,,,1,45,,22670,14,0,5 6,1,86,,22671,14,0,5 6,1,86,,22672,14,0,5 6,1
989900,'3',2106,,22673,14,,,1,50,,22674,14,,,1,90,,22675,14,,,1,90,,22676,14,,,1,82,,22677,14,,,1,83,,22678,14,,,1,41,,22679,14,0,5 6,1,83,,22680,14,0,5 6,1,83,,22681,14,0,5 6,1
989900,'80',2106,,22682,14,,,1,50,,22683,14,,,1,90,,22684,14,,,1,90,,22685,14,,,1,82,,22686,14,,,1,83,,22687,14,,,1,41,,22688,14,0,5 6,1,83,,22689,14,0,5 6,1,83,,22690,14,0,5 6,1
6010200,'1',542,,22806,5,,,1,11,,22807,5,,,1,52,,22808,5,,,1,11,,22809,5,,,1,11,,22810,5,,,1,11,,22811,5,,,1,11,,22812,5,,,1,51,,22813,5,,,1,12,,22814,5,,,1,11,,22815,5,,,1,11,,22816,5,,,1,12,,22817,5,,,1,11,,22818,5,,,1,51,,22819,5,,,1,12,,22820,5,,,1,11,,22821,5,,,1,11,,22822,5,,,1,11,,22823,5,,,1,51,,22824,5,,,1,10,,22825,5,,,1,11,,22826,5,,,1,11,,22827,5,,,1,11,,22828,5,,,1,11,,22829,5,,,1,51,,22830,5,,,1,16,,22831,5,,,1,16,,22832,5,,,1,16,,22833,5,,,1,56,,22834,5,,,1,16,,22835,5,,,1,16,,22836,5,,,1,56,,22837,5,,,1,16,,22838,5,,,1,16,,22839,5,,,1,16,,22840,5,,,1,56,,22841,5,,,1,16,,22842,5,,,1,18,,22843,5,,,1,16,,22844,5,,,1,56,,22845,5,,,1,12,,22846,5,,,1,12,,22847,5,,,1,12,,22848,5,,,1,12,,22849,5,,,1,52,,22850,5,,,1,12,,22851,5,,,1,12,,22852,5,,,1,12,,22853,5,,,1,12,,22854,5,,,1,52,,22855,5,,,1,12,,22856,5,,,1,12,,22857,5,,,1,12,,22858,5,,,1,12,,22859,5,,,1,52,,22860,5,,,1,12,,22861,5,,,1,12,,22862,5,,,1,12,,22863,5,,,1,12,,22864,5,,,1,52,,22865,5,,,1,12,,22866,5,,,1,12,,22867,5,,,1,12,,22868,5,,,1,12,,22869,5,,,1,52,,22870,5,,,1,12,,22871,5,,,1,9,,22872,5,,,1,12,,22873,5,,,1,12,,22874,5,,,1,52,,22875,5,,,1
6010200,'2',825,,22876,5,,,1,16,,22877,5,,,1,16,,22878,5,,,1,56,,22879,5,,,1,17,,22880,5,,,1,16,,22881,5,,,1,56,,22882,5,,,1,16,,22883,5,,,1,16,,22884,5,,,1,16,,22885,5,,,1,56,,22886,5,,,1,16,,22887,5,,,1,16,,22888,5,,,1,17,,22889,5,,,1,56,,22890,5,,,1,15,,22891,5,,,1,15,,22892,5,,,1,15,,22893,5,,,1,55,,22894,5,,,1,15,,22895,5,,,1,15,,22896,5,,,1,15,,22897,5,,,1,55,,22898,5,,,1,15,,22899,5,,,1,15,,22900,5,,,1,15,,22901,5,,,1,55,,22902,5,,,1,15,,22903,5,,,1,15,,22904,5,,,1,15,,22905,5,,,1,55,,22906,5,,,1,15,,22907,5,,,1,15,,22908,5,,,1,15,,22909,5,,,1,55,,22910,5,,,1,15,,22911,5,,,1,15,,22912,5,,,1,15,,22913,5,,,1,55,,22914,5,,,1,15,,22915,5,,,1,15,,22916,5,,,1,15,,22917,5,,,1,55,,22918,5,,,1,15,,22919,5,,,1,15,,22920,5,,,1,15,,22921,5,,,1
6010200,'3',855,,22922,5,,,1,60,,22923,5,,,1,20,,22924,5,,,1,21,,22925,5,,,1,60,,22926,5,,,1,24,,22927,5,,,1,64,,22928,5,,,1,20,,22929,5,,,1,21,,22930,5,,,1,61,,22931,5,,,1,22,,22932,5,,,1,21,,22933,5,,,1,61,,22934,5,,,1,22,,22935,5,,,1,21,,22936,5,,,1,61,,22937,5,,,1,21,,22938,5,,,1,21,,22939,5,,,1,61,,22940,5,,,1,21,,22941,5,,,1,20,,22942,5,,,1,61,,22943,5,,,1,21,,22944,5,,,1,61,,22945,5,,,1,21,,22946,5,,,1,21,,22947,5,,,1,61,,22948,5,,,1,21,,22949,5,,,1,21,,22950,5,,,1,61,,22951,5,,,1,21,,22952,5,,,1,21,,22953,5,,,1,61,,22954,5,,,1,19,,22955,5,,,1
6010200,'80',855,,22956,5,,,1,60,,22957,5,,,1,20,,22958,5,,,1,21,,22959,5,,,1,60,,22960,5,,,1,24,,22961,5,,,1,64,,22962,5,,,1,20,,22963,5,,,1,21,,22964,5,,,1,61,,22965,5,,,1,22,,22966,5,,,1,21,,22967,5,,,1,61,,22968,5,,,1,22,,22969,5,,,1,21,,22970,5,,,1,61,,22971,5,,,1,21,,22972,5,,,1,21,,22973,5,,,1,61,,22974,5,,,1,21,,22975,5,,,1,20,,22976,5,,,1,61,,22977,5,,,1,21,,22978,5,,,1,61,,22979,5,,,1,21,,22980,5,,,1,21,,22981,5,,,1,61,,22982,5,,,1,21,,22983,5,,,1,21,,22984,5,,,1,61,,22985,5,,,1,21,,22986,5,,,1,21,,22987,5,,,1,61,,22988,5,,,1,19,,22989,5,,,1
