8600,'1',552,,29961,9,,,1,75,,29962,9,,,1,25,,29963,9,,,1,70,,29964,9,,,1,20,,29965,9,,,1,67,,29966,9,,,1,38,,29967,9,,,1,83,,29977,9,,,1,79,,29968,9,,,1,94,,29969,9,,,1,54,,29970,9,,,1,87,,29971,9,,,1,96,,29972,9,,,1,78,,29973,9,,,1,106,,29974,9,,,1,89,,29975,9,,,1,28,,29978,9,,,1,85,,29976,9,,,1,33,,29979,9,,,1,67,,29980,9,,,1,19,,29981,9,,,1,82,,29982,9,,,1,88,,29983,9,,,1,40,,29985,9,,,1,81,,29984,9,,,1
8600,'2',753,,29986,9,,,1,86,,29987,9,,,1,85,,29988,9,,,1,86,,29989,9,,,1,46,,29990,9,,,1,86,,29991,9,,,1,88,,29992,9,,,1,86,,29993,9,,,1,86,,29994,9,,,1,44,,29995,9,,,1,86,,29996,9,,,1,86,,29997,9,,,1,86,,29998,9,,,1,45,,29999,9,,,1,86,,30000,9,,,1,86,,30001,9,,,1
8600,'74',753,,30002,9,,,1,86,,30003,9,,,1,85,,30004,9,,,1,86,,30005,9,,,1,46,,30006,9,,,1,86,,30007,9,,,1,88,,30008,9,,,1,86,,30009,9,,,1,86,,30010,9,,,1,44,,30011,9,,,1,86,,30012,9,,,1,86,,30013,9,,,1,86,,30014,9,,,1,45,,30015,9,,,1,86,,30016,9,,,1,86,,30017,9,,,1
9900,'1',347,,31638,7,,,1,80,,31639,7,,,1,32,,31612,27,,,1,81,,31613,27,,,1,80,,31614,27,,,1,83,,31615,27,,,1,54,,31616,27,,,1,75,,31617,27,,,1,78,,31618,27,,,1,31,,31619,27,,,1,75,,31620,27,,,1,35,,31621,27,,,1,98,,31622,27,,,1,94,,31623,27,,,1,94,,31624,27,,,1,94,,31625,27,,,1,75,,31637,27,,,1,31,,31636,27,,,1,69,,31626,27,,,1,30,,31627,27,,,1,70,,31628,27,,,1,30,,31629,27,,,1,70,,31630,27,,,1,27,,31631,27,,,1,70,,31632,27,,,1,24,,31633,27,,,1,30,,31634,27,,,1,68,,31635,27,,,1
9900,'2',507,,31658,7,,,1,37,,31659,7,,,1,73,,31640,27,,,1,39,,31641,27,,,1,78,,31655,27,,,1,90,,31654,27,,,1,87,,31642,27,,,1,47,,31643,27,,,1,87,,31644,27,,,1,88,,31645,27,,,1,106,,31646,27,,,1,95,,31647,27,,,1,95,,31648,27,,,1,96,,31649,27,,,1,95,,31650,27,,,1,94,,31651,27,,,1,95,,31652,27,,,1,95,,31653,27,,,1,46,,31657,27,,,1,90,,31656,27,,,1
9900,'3',509,,31678,7,,,1,38,,31679,7,,,1,79,,31660,27,,,1,78,,31661,27,,,1,38,,31662,27,,,1,78,,31663,27,,,1,92,,31680,27,,,1,89,,31664,27,,,1,49,,31665,27,,,1,89,,31666,27,,,1,92,,31667,27,,,1,89,,31668,27,,,1,89,,31669,27,,,1,49,,31670,27,,,1,89,,31671,27,,,1,89,,31672,27,,,1,89,,31673,27,,,1,87,,31674,27,,,1,89,,31675,27,,,1,49,,31676,27,,,1,84,,31677,27,,,1
9900,'74',507,,31699,7,,,1,37,,31700,7,,,1,73,,31681,27,,,1,39,,31682,27,,,1,78,,31696,27,,,1,90,,31695,27,,,1,87,,31683,27,,,1,47,,31684,27,,,1,87,,31685,27,,,1,88,,31686,27,,,1,106,,31687,27,,,1,95,,31688,27,,,1,95,,31689,27,,,1,96,,31690,27,,,1,95,,31691,27,,,1,94,,31692,27,,,1,95,,31693,27,,,1,95,,31694,27,,,1,46,,31698,27,,,1,90,,31697,27,,,1
9900,'80',509,,31719,7,,,1,38,,31720,7,,,1,79,,31701,27,,,1,78,,31702,27,,,1,38,,31703,27,,,1,78,,31704,27,,,1,92,,31721,27,,,1,89,,31705,27,,,1,49,,31706,27,,,1,89,,31707,27,,,1,92,,31708,27,,,1,89,,31709,27,,,1,89,,31710,27,,,1,49,,31711,27,,,1,89,,31712,27,,,1,89,,31713,27,,,1,89,,31714,27,,,1,87,,31715,27,,,1,89,,31716,27,,,1,49,,31717,27,,,1,84,,31718,27,,,1
989900,'1',2057,,36830,27,,,1,76,,36831,27,,,1,78,,36832,27,,,1,38,,36833,27,,,1,75,,36834,27,,,1,33,,36835,27,,,1,75,,36836,27,,,1,75,,36837,27,,,1,35,,36838,27,0,5 6,1,75,,36839,27,0,5 6,1,41,,36840,27,0,5 6,1
989900,'2',2100,,36841,27,,,1,54,,36842,27,,,1,90,,36843,27,,,1,93,,36844,27,,,1,86,,36845,27,,,1,86,,36846,27,,,1,45,,36847,27,0,5 6,1,86,,36848,27,0,5 6,1,86,,36849,27,0,5 6,1
989900,'3',2117,,36850,27,,,1,90,,36851,27,,,1,48,,36852,27,,,1,90,,36853,27,,,1,82,,36854,27,,,1,83,,36855,27,,,1,40,,36856,27,0,5 6,1,83,,36857,27,0,5 6,1,83,,36858,27,0,5 6,1
989900,'74',2100,,36859,27,,,1,54,,36860,27,,,1,90,,36861,27,,,1,93,,36862,27,,,1,86,,36863,27,,,1,86,,36864,27,,,1,45,,36865,27,0,5 6,1,86,,36866,27,0,5 6,1,86,,36867,27,0,5 6,1
989900,'80',2117,,36868,27,,,1,90,,36869,27,,,1,48,,36870,27,,,1,90,,36871,27,,,1,82,,36872,27,,,1,83,,36873,27,,,1,40,,36874,27,0,5 6,1,83,,36875,27,0,5 6,1,83,,36876,27,0,5 6,1
