9901,'1',418,,31722,29,,,1,41,,31723,29,,,1,80,,31724,29,,,1,82,,31725,29,,,1,80,,31726,29,,,1,35,,31727,29,,,1,70,,31728,29,,,1,43,,31729,29,,,1,73,,31730,29,,,1,35,,31731,29,,,1,94,,31732,29,,,1,98,,31733,29,,,1,94,,31734,29,,,1,94,,31735,29,,,1,100,,31736,29,,,1,67,,31737,29,,,1,30,,31738,29,,,1,70,,31739,29,,,1,30,,31740,29,,,1,70,,31741,29,,,1,30,,31742,29,,,1,70,,31743,29,,,1,27,,31744,29,,,1,70,,31745,29,,,1,26,,31746,29,,,1,30,,31747,29,,,1,70,,31748,29,,,1,25,,31749,29,,,1,71,,31750,29,,,1,85,,31751,29,,,1
9901,'2',540,,31752,29,,,1,77,,31753,29,,,1,37,,31754,29,,,1,77,,31755,29,,,1,87,,31756,29,,,1,91,,31757,29,,,1,48,,31758,29,,,1,87,,31759,29,,,1,102,,31760,29,,,1,97,,31761,29,,,1,95,,31762,29,,,1,95,,31763,29,,,1,95,,31764,29,,,1,95,,31765,29,,,1,92,,31766,29,,,1,94,,31767,29,,,1,95,,31768,29,,,1,51,,31769,29,,,1,85,,31770,29,,,1,85,,31771,29,,,1
9901,'3',544,,31772,29,,,1,81,,31773,29,,,1,78,,31774,29,,,1,38,,31775,29,,,1,78,,31776,29,,,1,92,,31777,29,,,1,89,,31778,29,,,1,49,,31779,29,,,1,89,,31780,29,,,1,93,,31781,29,,,1,89,,31782,29,,,1,89,,31783,29,,,1,49,,31784,29,,,1,89,,31785,29,,,1,89,,31786,29,,,1,89,,31787,29,,,1,85,,31788,29,,,1,49,,31789,29,,,1,89,,31790,29,,,1,86,,31791,29,,,1,89,,31792,29,,,1,79,,31793,29,,,1
9901,'74',540,,31794,29,,,1,77,,31795,29,,,1,37,,31796,29,,,1,77,,31797,29,,,1,87,,31798,29,,,1,91,,31799,29,,,1,48,,31800,29,,,1,87,,31801,29,,,1,102,,31802,29,,,1,97,,31803,29,,,1,95,,31804,29,,,1,95,,31805,29,,,1,95,,31806,29,,,1,95,,31807,29,,,1,92,,31808,29,,,1,94,,31809,29,,,1,95,,31810,29,,,1,51,,31811,29,,,1,85,,31812,29,,,1,85,,31813,29,,,1
9901,'80',544,,31814,29,,,1,81,,31815,29,,,1,78,,31816,29,,,1,38,,31817,29,,,1,78,,31818,29,,,1,92,,31819,29,,,1,89,,31820,29,,,1,49,,31821,29,,,1,89,,31822,29,,,1,93,,31823,29,,,1,89,,31824,29,,,1,89,,31825,29,,,1,49,,31826,29,,,1,89,,31827,29,,,1,89,,31828,29,,,1,89,,31829,29,,,1,85,,31830,29,,,1,49,,31831,29,,,1,89,,31832,29,,,1,86,,31833,29,,,1,89,,31834,29,,,1,79,,31835,29,,,1
36001,'1',1002,,33821,10,,,1,29,,33822,10,,,1,70,,33823,10,,,1,26,,33824,10,,,1,25,,33837,10,,,1,84,,33836,10,,,1,84,,33825,10,,,1,84,,33826,10,,,1,44,,33827,10,,,1,86,,33828,10,,,1,84,,33829,10,,,1,88,,33830,10,,,1,42,,33831,10,,,1,82,,33832,10,,,1,85,,33833,10,,,1,44,,33834,10,,,1,82,,33835,10,,,1,84,,33843,10,,,1,26,,33842,10,,,1,66,,33838,10,,,1,26,,33839,10,,,1,66,,33840,10,,,1,26,,33841,10,,,1
36001,'2',1000,,33844,10,,,1,23,,33845,10,,,1,23,,33846,10,,,1,63,,33847,10,,,1,23,,33848,10,,,1,22,,33849,10,,,1,63,,33850,10,,,1,24,,33851,10,,,1,63,,33852,10,,,1,23,,33853,10,,,1,23,,33854,10,,,1,63,,33855,10,,,1,23,,33856,10,,,1,23,,33857,10,,,1,63,,33858,10,,,1,22,,33859,10,,,1,63,,33860,10,,,1,23,,33861,10,,,1,26,,33862,10,,,1,63,,33863,10,,,1,20,,33864,10,,,1,64,,33865,10,,,1,23,,33866,10,,,1,27,,33879,10,,,1,64,,33878,10,,,1,21,,33867,10,,,1,64,,33868,10,,,1,24,,33869,10,,,1,25,,33870,10,,,1,63,,33871,10,,,1,22,,33872,10,,,1,64,,33873,10,,,1,24,,33874,10,,,1,24,,33875,10,,,1,64,,33876,10,,,1,24,,33877,10,,,1
36001,'3',954,,33880,10,,,1,62,,33881,10,,,1,22,,33882,10,,,1,62,,33883,10,,,1,20,,33884,10,,,1,22,,33885,10,,,1,63,,33886,10,,,1,22,,33887,10,,,1,22,,33888,10,,,1,62,,33889,10,,,1,23,,33890,10,,,1,22,,33891,10,,,1,62,,33892,10,,,1,20,,33893,10,,,1,65,,33894,10,,,1,22,,33895,10,,,1,22,,33896,10,,,1,62,,33897,10,,,1,23,,33898,10,,,1,22,,33899,10,,,1,62,,33900,10,,,1,22,,33901,10,,,1,62,,33902,10,,,1,22,,33903,10,,,1,22,,33904,10,,,1,67,,33905,10,,,1,21,,33917,10,,,1,18,,33916,10,,,1,62,,33906,10,,,1,23,,33907,10,,,1,23,,33908,10,,,1,63,,33909,10,,,1,23,,33910,10,,,1,62,,33911,10,,,1,23,,33912,10,,,1,23,,33913,10,,,1,63,,33914,10,,,1,23,,33915,10,,,1
36001,'74',1000,,33918,10,,,1,23,,33919,10,,,1,23,,33920,10,,,1,63,,33921,10,,,1,23,,33922,10,,,1,22,,33923,10,,,1,63,,33924,10,,,1,24,,33925,10,,,1,63,,33926,10,,,1,23,,33927,10,,,1,23,,33928,10,,,1,63,,33929,10,,,1,23,,33930,10,,,1,23,,33931,10,,,1,63,,33932,10,,,1,22,,33933,10,,,1,63,,33934,10,,,1,23,,33935,10,,,1,26,,33936,10,,,1,63,,33937,10,,,1,20,,33938,10,,,1,64,,33939,10,,,1,23,,33940,10,,,1,27,,33942,10,,,1,64,,33941,10,,,1,21,,33943,10,,,1,64,,33944,10,,,1,24,,33945,10,,,1,25,,33946,10,,,1,63,,33947,10,,,1,22,,33948,10,,,1,64,,33949,10,,,1,24,,33950,10,,,1,24,,33951,10,,,1,64,,33952,10,,,1,24,,33953,10,,,1,64,,33954,10,,,1
36001,'80',954,,33955,10,,,1,62,,33956,10,,,1,22,,33957,10,,,1,62,,33958,10,,,1,20,,33959,10,,,1,22,,33960,10,,,1,63,,33961,10,,,1,22,,33962,10,,,1,22,,33963,10,,,1,62,,33964,10,,,1,23,,33965,10,,,1,22,,33966,10,,,1,62,,33967,10,,,1,20,,33968,10,,,1,65,,33969,10,,,1,22,,33970,10,,,1,22,,33971,10,,,1,62,,33972,10,,,1,23,,33973,10,,,1,22,,33974,10,,,1,62,,33975,10,,,1,22,,33976,10,,,1,62,,33977,10,,,1,22,,33978,10,,,1,22,,33979,10,,,1,67,,33980,10,,,1,21,,33992,10,,,1,18,,33991,10,,,1,62,,33981,10,,,1,23,,33982,10,,,1,23,,33983,10,,,1,63,,33984,10,,,1,23,,33985,10,,,1,62,,33986,10,,,1,23,,33987,10,,,1,23,,33988,10,,,1,63,,33989,10,,,1,23,,33990,10,,,1
989901,'1',2243,,36877,84,,,1,70,,36878,84,,,1,38,,36879,84,,,1,74,,36880,84,,,1,75,,36881,84,,,1,30,,36882,84,,,1,75,,36883,84,,,1,35,,36884,84,,,1
989901,'2',2251,,36885,84,,,1,88,,36886,84,,,1,81,,36887,84,,,1,91,,36890,84,,,1,45,,36888,84,,,1,86,,36889,84,,,1
989901,'3',2300,,36891,84,,,1,47,,36892,84,,,1,83,,36893,84,,,1,85,,36894,84,,,1,39,,36895,84,,,1,83,,36896,84,,,1
989901,'74',2251,,36897,84,,,1,88,,36898,84,,,1,81,,36899,84,,,1,91,,36902,84,,,1,45,,36900,84,,,1,86,,36901,84,,,1
989901,'80',2300,,36903,84,,,1,47,,36904,84,,,1,83,,36905,84,,,1,85,,36906,84,,,1,39,,36907,84,,,1,83,,36908,84,,,1
