5200,'1',703,,28575,3,,,1,100,,28578,3,,,1,104,,28577,5,,,1,500,,28583,5,,,1,100,,28582,5,,,1,100,,28581,5,,,1,100,,28580,5,,,1,100,,28579,5,,,1
9800,'1',642,,31445,53,,,1,75,,31444,53,,,1,35,,31443,53,,,1,75,,31442,53,,,1,75,,31441,53,,,1,35,,31440,53,,,1,98,,31436,53,,,1,98,,31433,53,,,1,97,,31438,53,,,1,98,,31437,53,,,1,80,,31425,53,,,1,40,,31435,53,,,1,80,,31434,53,,,1,80,,31432,53,,,1,40,,31431,53,,,1,80,,31430,53,,,1,81,,31429,53,,,1,40,,31428,53,,,1,92,,31427,53,,,1,91,,31426,53,,,1,88,,31439,53,,,1
9800,'2',641,,31463,53,,,1,86,,31462,53,,,1,85,,31461,53,,,1,94,,31460,53,,,1,53,,31459,53,,,1,93,,31458,53,,,1,94,,31457,53,,,1,98,,31456,53,,,1,98,,31455,53,,,1,98,,31454,53,,,1,98,,31453,53,,,1,98,,31452,53,,,1,98,,31451,53,,,1,99,,31450,53,,,1,89,,31449,53,,,1,91,,31448,53,,,1,89,,31447,53,,,1,45,,31446,53,,,1
9800,'3',825,,31479,53,,,1,88,,31478,53,,,1,88,,31477,53,,,1,53,,31476,53,,,1,93,,31475,53,,,1,92,,31474,53,,,1,93,,31473,53,,,1,93,,31472,53,,,1,93,,31471,53,,,1,93,,31470,53,,,1,93,,31469,53,,,1,54,,31468,53,,,1,88,,31467,53,,,1,90,,31466,53,,,1,87,,31465,53,,,1,88,,31464,53,,,1
9800,'74',641,,31497,53,,,1,86,,31496,53,,,1,85,,31495,53,,,1,94,,31494,53,,,1,53,,31493,53,,,1,93,,31492,53,,,1,94,,31491,53,,,1,98,,31490,53,,,1,98,,31489,53,,,1,98,,31488,53,,,1,98,,31487,53,,,1,98,,31486,53,,,1,98,,31485,53,,,1,99,,31484,53,,,1,89,,31483,53,,,1,91,,31482,53,,,1,89,,31481,53,,,1,45,,31480,53,,,1
9800,'80',825,,31513,53,,,1,88,,31512,53,,,1,88,,31511,53,,,1,53,,31510,53,,,1,93,,31509,53,,,1,92,,31508,53,,,1,93,,31507,53,,,1,93,,31506,53,,,1,93,,31505,53,,,1,93,,31504,53,,,1,93,,31503,53,,,1,54,,31502,53,,,1,88,,31501,53,,,1,90,,31500,53,,,1,87,,31499,53,,,1,88,,31498,53,,,1
989900,'1',2143,,36830,96,,,1,72,,36831,96,,,1,38,,36832,96,,,1,78,,36833,96,,,1,75,,36834,96,,,1,32,,36835,96,,,1,75,,36836,96,,,1,35,,36837,96,,,1
989900,'2',2148,,36841,96,,,1,94,,36842,96,,,1,84,,36843,96,,,1,91,,36844,96,,,1,86,,36845,96,,,1,46,,36846,96,,,1
989900,'3',2202,,36850,96,,,1,50,,36851,96,,,1,83,,36852,96,,,1,90,,36853,96,,,1,79,,36854,96,,,1,43,,36855,96,,,1
989900,'74',2148,,36859,96,,,1,94,,36860,96,,,1,84,,36861,96,,,1,91,,36862,96,,,1,86,,36863,96,,,1,46,,36864,96,,,1
989900,'80',2202,,36868,96,,,1,50,,36869,96,,,1,83,,36870,96,,,1,90,,36871,96,,,1,79,,36872,96,,,1,43,,36873,96,,,1
