5000,'1',621,,28302,52,,,1,27,,28303,52,,,1,67,,28295,52,,,1,28,,28296,52,,,1,68,,28297,52,,,1,25,,28298,52,,,1,65,,28299,52,,,1,25,,28300,52,,,1,25,,28301,52,,,1,70,,28304,52,,,1,29,,28305,52,,,1,69,,28306,52,,,1,29,,28307,52,,,1,69,,28308,52,,,1,32,,28309,52,,,1,69,,28310,52,,,1,29,,28311,52,,,1,69,,28312,52,,,1,29,,28313,52,,,1,71,,28314,52,,,1,29,,28315,52,,,1,69,,28316,52,,,1,33,,28317,52,,,1,72,,28318,52,,,1,31,,28319,52,,,1,65,,28320,52,,,1,20,,28321,52,,,1,66,,28322,52,,,1,26,,28323,52,,,1,29,,28324,52,,,1,79,,28325,52,,,1,71,,28326,52,,,1,36,,28327,52,,,1,74,,28328,52,,,1,36,,28329,52,,,1,77,,28330,52,,,1
5000,'2',648,,28331,52,,,1,77,,28332,52,,,1,77,,28333,52,,,1,37,,28334,52,,,1,78,,28335,52,,,1,39,,28336,52,,,1,79,,28337,52,,,1,79,,28338,52,,,1,39,,28339,52,,,1,83,,28340,52,,,1,79,,28341,52,,,1,39,,28342,52,,,1,76,,28343,52,,,1,78,,28344,52,,,1,39,,28345,52,,,1,79,,28346,52,,,1,76,,28347,52,,,1,30,,28348,52,,,1,77,,28349,52,,,1,38,,28350,52,,,1,79,,28351,52,,,1,74,,28352,52,,,1,34,,28353,52,,,1,74,,28354,52,,,1,34,,28355,52,,,1,74,,28356,52,,,1,30,,28357,52,,,1,72,,28358,52,,,1
5000,'3',646,,28359,52,,,1,84,,28360,52,,,1,84,,28361,52,,,1,44,,28362,52,,,1,84,,28363,52,,,1,89,,28364,52,,,1,87,,28365,52,,,1,87,,28366,52,,,1,49,,28367,52,,,1,87,,28368,52,,,1,87,,28369,52,,,1,87,,28370,52,,,1,87,,28371,52,,,1,47,,28372,52,,,1,88,,28373,52,,,1,82,,28374,52,,,1,85,,28375,52,,,1,45,,28376,52,,,1,85,,28377,52,,,1,84,,28378,52,,,1,41,,28381,52,,,1,81,,28380,52,,,1,81,,28379,52,,,1
5000,'74',648,,28382,52,,,1,77,,28383,52,,,1,77,,28384,52,,,1,37,,28385,52,,,1,78,,28386,52,,,1,39,,28387,52,,,1,79,,28388,52,,,1,79,,28389,52,,,1,39,,28390,52,,,1,83,,28391,52,,,1,79,,28392,52,,,1,39,,28393,52,,,1,76,,28394,52,,,1,78,,28395,52,,,1,39,,28396,52,,,1,79,,28397,52,,,1,76,,28398,52,,,1,30,,28399,52,,,1,77,,28400,52,,,1,38,,28401,52,,,1,79,,28402,52,,,1,74,,28403,52,,,1,34,,28404,52,,,1,74,,28405,52,,,1,34,,28406,52,,,1,74,,28407,52,,,1,30,,28408,52,,,1,72,,28409,52,,,1
5000,'80',646,,28410,52,,,1,84,,28411,52,,,1,84,,28412,52,,,1,44,,28413,52,,,1,84,,28414,52,,,1,89,,28415,52,,,1,87,,28416,52,,,1,87,,28417,52,,,1,49,,28418,52,,,1,87,,28419,52,,,1,87,,28420,52,,,1,87,,28421,52,,,1,87,,28422,52,,,1,47,,28423,52,,,1,88,,28424,52,,,1,82,,28425,52,,,1,85,,28426,52,,,1,45,,28427,52,,,1,85,,28428,52,,,1,84,,28429,52,,,1,41,,28432,52,,,1,81,,28431,52,,,1,81,,28430,52,,,1
5001,'1',435,,28440,55,,,1,71,,28441,55,,,1,24,,28433,55,,,1,24,,28434,55,,,1,65,,28435,55,,,1,25,,28436,55,,,1,65,,28437,55,,,1,25,,28438,55,,,1,25,,28439,55,,,1,69,,28442,55,,,1,29,,28443,55,,,1,69,,28444,55,,,1,29,,28445,55,,,1,69,,28446,55,,,1,29,,28447,55,,,1,69,,28448,55,,,1,28,,28449,55,,,1,69,,28450,55,,,1,29,,28451,55,,,1,69,,28452,55,,,1,29,,28453,55,,,1,71,,28454,55,,,1,29,,28455,55,,,1,70,,28456,55,,,1,28,,28457,55,,,1,69,,28458,55,,,1,24,,28459,55,,,1,65,,28460,55,,,1,26,,28461,55,,,1,85,,28462,55,,,1,39,,28463,55,,,1,76,,28464,55,,,1,76,,28465,55,,,1,36,,28466,55,,,1,76,,28467,55,,,1,39,,28468,55,,,1,71,,28469,55,,,1,74,,28470,55,,,1
5001,'2',656,,28497,55,,,1,77,,28498,55,,,1,77,,28471,55,,,1,37,,28472,55,,,1,77,,28473,55,,,1,79,,28474,55,,,1,37,,28475,55,,,1,84,,28476,55,,,1,79,,28477,55,,,1,39,,28478,55,,,1,79,,28479,55,,,1,79,,28480,55,,,1,39,,28481,55,,,1,79,,28482,55,,,1,32,,28483,55,,,1,78,,28484,55,,,1,79,,28485,55,,,1,39,,28486,55,,,1,75,,28487,55,,,1,33,,28488,55,,,1,73,,28489,55,,,1,77,,28490,55,,,1,37,,28491,55,,,1,74,,28492,55,,,1,34,,28493,55,,,1,74,,28494,55,,,1,34,,28495,55,,,1,74,,28496,55,,,1
5001,'3',723,,28504,55,,,1,84,,28499,55,,,1,44,,28500,55,,,1,84,,28501,55,,,1,85,,28502,55,,,1,84,,28503,55,,,1,53,,28505,55,,,1,87,,28506,55,,,1,87,,28507,55,,,1,87,,28508,55,,,1,87,,28509,55,,,1,47,,28510,55,,,1,87,,28511,55,,,1,83,,28512,55,,,1,87,,28513,55,,,1,49,,28514,55,,,1,85,,28515,55,,,1,85,,28516,55,,,1,82,,28517,55,,,1,45,,28518,55,,,1,80,,28519,55,,,1,80,,28520,55,,,1
5001,'74',656,,28547,55,,,1,77,,28548,55,,,1,77,,28521,55,,,1,37,,28522,55,,,1,77,,28523,55,,,1,79,,28524,55,,,1,37,,28525,55,,,1,84,,28526,55,,,1,79,,28527,55,,,1,39,,28528,55,,,1,79,,28529,55,,,1,79,,28530,55,,,1,39,,28531,55,,,1,79,,28532,55,,,1,32,,28533,55,,,1,78,,28534,55,,,1,79,,28535,55,,,1,39,,28536,55,,,1,75,,28537,55,,,1,33,,28538,55,,,1,73,,28539,55,,,1,77,,28540,55,,,1,37,,28541,55,,,1,74,,28542,55,,,1,34,,28543,55,,,1,74,,28544,55,,,1,34,,28545,55,,,1,74,,28546,55,,,1
5001,'80',723,,28570,55,,,1,84,,28549,55,,,1,44,,28550,55,,,1,84,,28551,55,,,1,85,,28552,55,,,1,84,,28553,55,,,1,53,,28554,55,,,1,87,,28555,55,,,1,87,,28556,55,,,1,87,,28557,55,,,1,87,,28558,55,,,1,47,,28559,55,,,1,87,,28560,55,,,1,83,,28561,55,,,1,87,,28562,55,,,1,49,,28563,55,,,1,85,,28564,55,,,1,85,,28565,55,,,1,82,,28566,55,,,1,45,,28567,55,,,1,80,,28568,55,,,1,80,,28569,55,,,1
5100,'1',1649,,28571,45,,,1,90,,28572,45,,,1,96,,28574,45,,,1,94,,28573,45,,,1
