200,'1',540,,12713,4,0,12 13,1,61,,12712,4,0,12 13,1,21,,12711,4,0,12 13,1,21,,12710,4,0,12 13,1,61,,12703,4,0,12 13,1,21,,12704,4,0,12 13,1,22,,12705,4,0,12 13,1,61,,12706,4,0,12 13,1,21,,12707,4,0,12 13,1,20,,12708,4,0,12 13,1,61,,12709,4,0,12 13,1,21,,12714,4,0,12 13,1,77,,12722,4,0,12 13,1,35,,12715,4,0,12 13,1,76,,12716,4,0,12 13,1,35,,12717,4,0,12 13,1,75,,12718,4,0,12 13,1,75,,12719,4,0,12 13,1,35,,12720,4,0,12 13,1,72,,12721,4,0,12 13,1,34,,12735,4,0,12 13,1,63,,12734,4,0,12 13,1,23,,12733,4,0,12 13,1,23,,12723,4,0,12 13,1,63,,12724,4,0,12 13,1,23,,12725,4,0,12 13,1,18,,12726,4,0,12 13,1,68,,12727,4,0,12 13,1,23,,12728,4,0,12 13,1,62,,12729,4,0,12 13,1,23,,12730,4,0,12 13,1,24,,12731,4,0,12 13,1,63,,12732,4,0,12 13,1,90,,12741,4,0,12 13,1,39,,12736,4,0,12 13,1,80,,12737,4,0,12 13,1,80,,12738,4,0,12 13,1,39,,12739,4,0,12 13,1,80,,12740,4,0,12 13,1
200,'2',759,,12770,4,,,1,80,,12769,4,,,1,80,,12745,4,,,1,40,,12746,4,,,1,80,,12747,4,,,1,80,,12748,4,,,1,40,,12749,4,,,1,80,,12750,4,,,1,80,,12751,4,,,1,40,,12752,4,,,1,80,,12753,4,,,1,80,,12754,4,,,1,40,,12755,4,,,1,80,,12756,4,,,1,80,,12757,4,,,1,40,,12758,4,,,1,80,,12759,4,,,1,80,,12760,4,,,1,40,,12761,4,,,1,80,,12762,4,,,1,80,,12763,4,,,1,32,,12768,4,,,1,73,,12767,4,,,1,33,,12764,4,,,1,73,,12765,4,,,1,73,,12766,4,,,1
200,'3',847,,12771,4,,,1,157,,12772,4,,,1,117,,12773,4,,,1,117,,12774,4,,,1,117,,12775,4,,,1,157,,12776,4,,,1,117,,12777,4,,,1,117,,12778,4,,,1,157,,12779,4,,,1,117,,12780,4,,,1,108,,12781,4,,,1,108,,12782,4,,,1,108,,12783,4,,,1
200,'80',847,,12784,4,,,1,157,,12785,4,,,1,117,,12786,4,,,1,117,,12787,4,,,1,117,,12788,4,,,1,157,,12789,4,,,1,117,,12790,4,,,1,117,,12791,4,,,1,157,,12792,4,,,1,117,,12793,4,,,1,108,,12794,4,,,1,108,,12795,4,,,1,108,,12796,4,,,1
501,'1',550,,13508,4,,,1,62,,13507,4,,,1,22,,13506,4,,,1,22,,13505,4,,,1,62,,13504,4,,,1,22,,13503,4,,,1,62,,13502,4,,,1,22,,13501,4,,,1,22,,13500,4,,,1,62,,13499,4,,,1,41,,13488,4,,,1,72,,13498,4,,,1,32,,13497,4,,,1,72,,13496,4,,,1,32,,13495,4,,,1,72,,13494,4,,,1,72,,13493,4,,,1,32,,13492,4,,,1,72,,13491,4,,,1,37,,13490,4,,,1,67,,13489,4,,,1,27,,13487,4,,,1,23,,13486,4,,,1,63,,13485,4,,,1,23,,13484,4,,,1,62,,13510,4,,,1,23,,13523,4,,,1,23,,13522,4,,,1,63,,13521,4,,,1,26,,13520,4,,,1,63,,13519,4,,,1,23,,13518,4,,,1,23,,13517,4,,,1,59,,13516,4,,,1,28,,13515,4,,,1,68,,13514,4,,,1,28,,13513,4,,,1,66,,13512,4,,,1,30,,13511,4,,,1,21,,13509,4,,,1
501,'2',652,,13540,4,,,1,68,,13541,4,,,1,28,,13542,4,,,1,68,,13543,4,,,1,28,,13544,4,,,1,68,,13550,4,,,1,28,,13545,4,,,1,68,,13546,4,,,1,28,,13547,4,,,1,68,,13548,4,,,1,28,,13549,4,,,1,68,,13524,4,,,1,28,,13525,4,,,1,28,,13526,4,,,1,69,,13527,4,,,1,29,,13528,4,,,1,69,,13529,4,,,1,29,,13530,4,,,1,69,,13531,4,,,1,29,,13532,4,,,1,69,,13533,4,,,1,29,,13534,4,,,1,69,,13535,4,,,1,29,,13551,4,,,1,67,,13536,4,,,1,27,,13537,4,,,1,67,,13538,4,,,1,26,,13539,4,,,1
2300,'1',629,,15517,4,,,1,107,,15516,4,,,1,106,,15515,4,,,1,762,,15514,4,,,1,50,,15513,4,,,1,90,,15512,4,,,1,90,,15520,4,,,1,90,,15519,4,,,1
7701,'1',432,,16783,4,,,1,17,,16784,4,,,1,53,,16785,4,,,1,15,,16786,4,,,1,15,,16787,4,,,1,15,,16788,4,,,1,55,,16789,4,,,1,16,,16790,4,,,1,16,,16791,4,,,1,16,,16792,4,,,1,57,,16793,4,,,1,16,,16794,4,,,1,16,,16795,4,,,1,16,,16796,4,,,1,56,,16797,4,,,1,16,,16798,4,,,1,16,,16799,4,,,1,16,,16800,4,,,1,56,,16801,4,,,1,16,,16802,4,,,1,16,,16803,4,,,1,56,,16804,4,,,1,30,,16805,4,,,1,70,,16806,4,,,1,30,,16807,4,,,1,70,,16808,4,,,1,30,,16809,4,,,1,70,,16810,4,,,1,30,,16811,4,,,1,70,,16812,4,,,1,19,,16813,4,,,1,19,,16814,4,,,1,59,,16815,4,,,1,19,,16816,4,,,1,19,,16817,4,,,1,19,,16818,4,,,1,59,,16819,4,,,1,19,,16820,4,,,1,19,,16821,4,,,1,59,,16822,4,,,1,19,,16823,4,,,1,19,,16824,4,,,1,59,,16825,4,,,1,19,,16826,4,,,1,19,,16827,4,,,1,58,,16828,4,,,1,19,,16829,4,,,1,19,,16830,4,,,1,67,,16831,4,,,1,27,,16832,4,,,1,67,,16833,4,,,1,27,,16834,4,,,1,27,,16835,4,,,1,73,,16836,4,,,1,73,,16837,4,,,1,33,,16838,4,,,1,73,,16839,4,,,1,32,,16840,4,,,1,73,,16841,4,,,1,33,,16842,4,,,1,75,,16843,4,,,1
7701,'2',513,,16852,4,,,1,35,,16853,4,,,1,75,,16854,4,,,1,35,,16855,4,,,1,75,,16856,4,,,1,75,,16857,4,,,1,35,,16858,4,,,1,75,,16859,4,,,1,86,,16860,4,,,1,42,,16861,4,,,1,81,,16862,4,,,1,81,,16863,4,,,1,41,,16864,4,,,1,81,,16865,4,,,1,81,,16866,4,,,1,42,,16885,4,,,1,73,,16867,4,,,1,33,,16868,4,,,1,73,,16869,4,,,1,73,,16870,4,,,1,32,,16871,4,,,1,73,,16872,4,,,1,30,,16873,4,,,1,70,,16874,4,,,1,30,,16875,4,,,1,70,,16876,4,,,1,30,,16877,4,,,1,70,,16878,4,,,1,30,,16879,4,,,1,70,,16880,4,,,1,30,,16881,4,,,1,70,,16882,4,,,1,30,,16883,4,,,1,76,,16884,4,,,1,36,,16886,4,,,1,70,,16887,4,,,1,33,,16888,4,,,1,73,,16889,4,,,1
7701,'3',912,,16890,4,,,1,92,,16891,4,,,1,52,,16892,4,,,1,93,,16893,4,,,1,92,,16894,4,,,1,92,,16895,4,,,1,92,,16896,4,,,1,91,,16897,4,,,1,92,,16898,4,,,1,92,,16899,4,,,1,53,,16900,4,,,1,92,,16901,4,,,1,92,,16902,4,,,1,86,,16903,4,,,1,89,,16908,4,,,1,44,,16904,4,,,1,88,,16905,4,,,1,88,,16906,4,,,1,83,,16907,4,,,1,87,,16911,4,,,1,40,,16909,4,,,1,80,,16910,4,,,1
7701,'80',912,,16915,4,,,1,92,,16916,4,,,1,52,,16917,4,,,1,93,,16918,4,,,1,92,,16919,4,,,1,92,,16920,4,,,1,92,,16921,4,,,1,91,,16922,4,,,1,92,,16923,4,,,1,92,,16924,4,,,1,53,,16925,4,,,1,92,,16926,4,,,1,92,,16927,4,,,1,86,,16928,4,,,1,89,,16933,4,,,1,44,,16929,4,,,1,88,,16930,4,,,1,88,,16931,4,,,1,83,,16932,4,,,1,87,,16936,4,,,1,40,,16934,4,,,1,80,,16935,4,,,1
8800,'1',547,,17589,4,,,1,55,,17590,4,,,1,15,,17591,4,,,1,15,,17592,4,,,1,15,,17593,4,,,1,55,,17594,4,,,1,11,,17595,4,,,1,18,,17596,4,,,1,7,,17648,4,,,1,7,,17597,4,,,1,14,,17598,4,,,1,54,,17599,4,,,1,14,,17600,4,,,1,14,,17601,4,,,1,14,,17602,4,,,1,53,,17603,4,,,1,14,,17604,4,,,1,14,,17605,4,,,1,14,,17606,4,,,1,54,,17607,4,,,1,14,,17608,4,,,1,14,,17609,4,,,1,70,,17610,4,,,1,30,,17611,4,,,1,70,,17612,4,,,1,31,,17613,4,,,1,70,,17614,4,,,1,40,,17615,4,,,1,10,,17616,4,,,1,70,,17617,4,,,1,15,,17618,4,,,1,15,,17619,4,,,1,56,,17620,4,,,1,15,,17621,4,,,1,15,,17622,4,,,1,15,,17623,4,,,1,57,,17624,4,,,1,13,,17625,4,,,1,15,,17626,4,,,1,15,,17627,4,,,1,55,,17628,4,,,1,15,,17629,4,,,1,15,,17630,4,,,1,15,,17631,4,,,1,55,,17632,4,,,1,14,,17633,4,,,1,13,,17634,4,,,1,14,,17635,4,,,1,54,,17636,4,,,1,14,,17637,4,,,1,14,,17638,4,,,1,14,,17639,4,,,1,54,,17640,4,,,1,41,,17641,4,,,1,80,,17642,4,,,1,81,,17643,4,,,1,41,,17644,4,,,1,72,,17649,4,,,1
8800,'2',647,,17650,4,,,1,69,,17651,4,,,1,35,,17657,4,,,1,74,,17656,4,,,1,34,,17652,4,,,1,72,,17653,4,,,1,77,,17654,4,,,1,34,,17655,4,,,1,79,,17673,4,,,1,29,,17658,4,,,1,69,,17659,4,,,1,29,,17660,4,,,1,69,,17661,4,,,1,29,,17662,4,,,1,69,,17663,4,,,1,29,,17664,4,,,1,69,,17665,4,,,1,29,,17666,4,,,1,69,,17667,4,,,1,29,,17668,4,,,1,69,,17669,4,,,1,29,,17670,4,,,1,69,,17671,4,,,1,29,,17672,4,,,1,65,,17683,4,,,1,26,,17682,4,,,1,27,,17681,4,,,1,64,,17674,4,,,1,27,,17675,4,,,1,65,,17676,4,,,1,26,,17677,4,,,1,66,,17678,4,,,1,26,,17679,4,,,1,26,,17680,4,,,1
8800,'3',816,,17690,4,,,1,31,,17688,4,,,1,71,,17689,4,,,1,37,,17695,4,,,1,75,,17694,4,,,1,75,,17691,4,,,1,35,,17692,4,,,1,75,,17693,4,,,1,35,,17706,4,,,1,69,,17696,4,,,1,30,,17697,4,,,1,69,,17698,4,,,1,29,,17699,4,,,1,69,,17700,4,,,1,29,,17701,4,,,1,69,,17702,4,,,1,29,,17703,4,,,1,68,,17704,4,,,1,27,,17705,4,,,1,69,,17712,4,,,1,26,,17711,4,,,1,23,,17710,4,,,1,65,,17707,4,,,1,25,,17708,4,,,1,65,,17709,4,,,1,25,,17716,4,,,1,65,,17717,4,,,1,25,,17718,4,,,1
8800,'80',816,,17721,4,,,1,31,,17719,4,,,1,71,,17720,4,,,1,37,,17726,4,,,1,75,,17725,4,,,1,75,,17722,4,,,1,35,,17723,4,,,1,75,,17724,4,,,1,35,,17737,4,,,1,69,,17727,4,,,1,30,,17728,4,,,1,69,,17729,4,,,1,29,,17730,4,,,1,69,,17731,4,,,1,29,,17732,4,,,1,69,,17733,4,,,1,29,,17734,4,,,1,68,,17735,4,,,1,27,,17736,4,,,1,69,,17746,4,,,1,26,,17745,4,,,1,23,,17744,4,,,1,65,,17738,4,,,1,25,,17739,4,,,1,65,,17740,4,,,1,25,,17741,4,,,1,65,,17742,4,,,1,25,,17743,4,,,1
9100,'1',547,,18167,4,,,1,11,,18168,4,,,1,51,,18169,4,,,1,11,,18170,4,,,1,11,,18171,4,,,1,11,,18179,4,,,1,11,,18180,4,,,1,52,,18181,4,,,1,12,,18182,4,,,1,12,,18183,4,,,1,13,,18184,4,,,1,12,,18185,4,,,1,52,,18186,4,,,1,12,,18187,4,,,1,12,,18188,4,,,1,12,,18189,4,,,1,12,,18190,4,,,1,52,,18191,4,,,1,12,,18192,4,,,1,12,,18193,4,,,1,12,,18194,4,,,1,12,,18195,4,,,1,65,,18196,4,,,1,25,,18197,4,,,1,65,,18198,4,,,1,25,,18199,4,,,1,25,,18200,4,,,1,65,,18201,4,,,1,25,,18202,4,,,1,65,,18203,4,,,1,13,,18204,4,,,1,13,,18205,4,,,1,13,,18206,4,,,1,53,,18207,4,,,1,13,,18208,4,,,1,13,,18209,4,,,1,13,,18210,4,,,1,13,,18211,4,,,1,53,,18212,4,,,1,13,,18213,4,,,1,13,,18214,4,,,1,13,,18215,4,,,1,53,,18216,4,,,1,14,,18217,4,,,1,14,,18218,4,,,1,14,,18219,4,,,1,14,,18220,4,,,1,54,,18221,4,,,1,14,,18222,4,,,1,14,,18223,4,,,1,14,,18224,4,,,1,54,,18225,4,,,1,14,,18226,4,,,1,14,,18227,4,,,1,14,,18228,4,,,1,54,,18229,4,,,1,23,,18230,4,,,1,22,,18231,4,,,1,63,,18232,4,,,1,23,,18233,4,,,1,23,,18234,4,,,1,63,,18235,4,,,1,23,,18236,4,,,1,63,,18237,4,,,1,23,,18238,4,,,1,23,,18239,4,,,1,63,,18240,4,,,1,23,,18241,4,,,1,63,,18242,4,,,1,23,,18243,4,,,1,23,,18244,4,,,1
9100,'2',647,,18249,4,,,1,62,,18250,4,,,1,22,,18251,4,,,1,22,,18252,4,,,1,62,,18253,4,,,1,22,,18254,4,,,1,22,,18255,4,,,1,62,,18256,4,,,1,22,,18257,4,,,1,65,,18258,4,,,1,25,,18259,4,,,1,25,,18260,4,,,1,66,,18261,4,,,1,25,,18262,4,,,1,65,,18263,4,,,1,25,,18264,4,,,1,65,,18265,4,,,1,25,,18266,4,,,1,25,,18267,4,,,1,65,,18268,4,,,1,25,,18269,4,,,1,65,,18270,4,,,1,25,,18271,4,,,1,25,,18272,4,,,1,65,,18273,4,,,1,25,,18274,4,,,1,65,,18275,4,,,1,25,,18276,4,,,1,65,,18277,4,,,1,25,,18278,4,,,1,25,,18279,4,,,1,64,,18280,4,,,1,25,,18281,4,,,1,69,,18282,4,,,1,29,,18283,4,,,1,69,,18284,4,,,1,29,,18285,4,,,1,69,,18286,4,,,1,29,,18287,4,,,1,69,,18288,4,,,1
9100,'3',650,,18289,4,,,1,156,,18290,4,,,1,46,,18291,4,,,1,77,,18292,4,,,1,27,,18293,4,,,1,72,,18294,4,,,1,73,,18295,4,,,1,32,,18296,4,,,1,72,,18297,4,,,1,32,,18298,4,,,1,72,,18299,4,,,1,32,,18300,4,,,1,72,,18301,4,,,1,32,,18302,4,,,1,72,,18303,4,,,1,32,,18304,4,,,1,72,,18305,4,,,1,32,,18306,4,,,1,72,,18307,4,,,1,32,,18308,4,,,1,72,,18309,4,,,1,71,,18310,4,,,1,42,,18311,4,,,1,82,,18312,4,,,1,82,,18313,4,,,1,42,,18314,4,,,1,82,,18315,4,,,1,78,,18316,4,,,1,35,,18317,4,,,1,76,,18318,4,,,1
9100,'80',650,,18319,4,,,1,156,,18320,4,,,1,46,,18321,4,,,1,77,,18322,4,,,1,27,,18323,4,,,1,72,,18324,4,,,1,73,,18325,4,,,1,32,,18326,4,,,1,72,,18327,4,,,1,32,,18328,4,,,1,72,,18329,4,,,1,32,,18330,4,,,1,72,,18331,4,,,1,32,,18332,4,,,1,72,,18333,4,,,1,32,,18334,4,,,1,72,,18335,4,,,1,32,,18336,4,,,1,72,,18337,4,,,1,32,,18338,4,,,1,72,,18339,4,,,1,71,,18340,4,,,1,42,,18341,4,,,1,82,,18342,4,,,1,82,,18343,4,,,1,42,,18344,4,,,1,82,,18345,4,,,1,78,,18346,4,,,1,35,,18347,4,,,1,76,,18348,4,,,1
9900,'1',442,,18813,4,,,1,80,,18814,4,,,1,80,,18815,4,,,1,40,,18816,4,,,1,90,,18817,4,,,1,75,,18818,4,,,1,36,,18819,4,,,1,74,,18820,4,,,1,35,,18821,4,,,1,75,,18822,4,,,1,96,,18823,4,,,1,94,,18824,4,,,1,94,,18825,4,,,1,94,,18826,4,,,1,29,,18838,4,,,1,71,,18837,4,,,1,29,,18827,4,,,1,70,,18828,4,,,1,30,,18829,4,,,1,70,,18830,4,,,1,30,,18831,4,,,1,70,,18832,4,,,1,30,,18833,4,,,1,69,,18834,4,,,1,30,,18835,4,,,1,70,,18836,4,,,1
9900,'2',600,,18841,4,,,1,38,,18842,4,,,1,78,,18856,4,,,1,87,,18855,4,,,1,47,,18843,4,,,1,87,,18844,4,,,1,87,,18845,4,,,1,87,,18846,4,,,1,104,,18847,4,,,1,95,,18848,4,,,1,95,,18849,4,,,1,95,,18850,4,,,1,55,,18851,4,,,1,95,,18852,4,,,1,95,,18853,4,,,1,95,,18854,4,,,1,89,,18858,4,,,1,90,,18857,4,,,1
9900,'3',607,,18861,4,,,1,38,,18862,4,,,1,78,,18863,4,,,1,78,,18864,4,,,1,50,,18881,4,,,1,89,,18865,4,,,1,89,,18866,4,,,1,89,,18867,4,,,1,89,,18868,4,,,1,49,,18869,4,,,1,89,,18870,4,,,1,89,,18871,4,,,1,89,,18872,4,,,1,89,,18873,4,,,1,89,,18874,4,,,1,49,,18875,4,,,1,89,,18876,4,,,1,89,,18877,4,,,1,88,,18878,4,,,1
9900,'80',607,,18882,4,,,1,38,,18883,4,,,1,78,,18884,4,,,1,78,,18885,4,,,1,50,,18902,4,,,1,89,,18886,4,,,1,89,,18887,4,,,1,89,,18888,4,,,1,89,,18889,4,,,1,49,,18890,4,,,1,89,,18891,4,,,1,89,,18892,4,,,1,89,,18893,4,,,1,89,,18894,4,,,1,89,,18895,4,,,1,49,,18896,4,,,1,89,,18897,4,,,1,89,,18898,4,,,1,88,,18899,4,,,1
36000,'2',832,,20438,4,,,1,68,,20439,4,,,1,28,,20440,4,,,1,28,,20441,4,,,1,68,,20442,4,,,1,28,,20443,4,,,1,68,,20444,4,,,1,28,,20445,4,,,1,68,,20446,4,,,1,28,,20447,4,,,1,68,,20448,4,,,1,28,,20449,4,,,1,68,,20450,4,,,1,28,,20451,4,,,1,69,,20452,4,,,1,28,,20453,4,,,1,68,,20454,4,,,1,29,,20455,4,,,1,70,,20456,4,,,1,30,,20457,4,,,1,70,,20458,4,,,1,30,,20459,4,,,1,70,,20460,4,,,1,30,,20461,4,,,1,70,,20462,4,,,1,30,,20463,4,,,1,70,,20464,4,,,1,30,,20465,4,,,1,70,,20466,4,,,1
36000,'80',832,,20467,4,,,1,68,,20468,4,,,1,28,,20469,4,,,1,28,,20470,4,,,1,68,,20471,4,,,1,28,,20472,4,,,1,68,,20473,4,,,1,28,,20474,4,,,1,68,,20475,4,,,1,28,,20476,4,,,1,68,,20477,4,,,1,28,,20478,4,,,1,68,,20479,4,,,1,28,,20480,4,,,1,68,,20481,4,,,1,28,,20482,4,,,1,68,,20483,4,,,1,28,,20484,4,,,1,28,,20485,4,,,1,68,,20486,4,,,1,28,,20487,4,,,1,68,,20488,4,,,1,28,,20489,4,,,1,68,,20490,4,,,1,28,,20491,4,,,1,66,,20492,4,,,1,26,,20493,4,,,1,66,,20494,4,,,1
36000,'24603.3',832,,20495,4,,,1,68,,20496,4,,,1,28,,20497,4,,,1,28,,20498,4,,,1,68,,20499,4,,,1,28,,20500,4,,,1,68,,20501,4,,,1,28,,20502,4,,,1,68,,20503,4,,,1,28,,20504,4,,,1,68,,20505,4,,,1,28,,20506,4,,,1,68,,20507,4,,,1,28,,20508,4,,,1,68,,20509,4,,,1,28,,20510,4,,,1,68,,20511,4,,,1,28,,20512,4,,,1,28,,20513,4,,,1,68,,20514,4,,,1,28,,20515,4,,,1,68,,20516,4,,,1,28,,20517,4,,,1,68,,20518,4,,,1,28,,20519,4,,,1,66,,20520,4,,,1,26,,20521,4,,,1,66,,20522,4,,,1
36000,'24604.3',2128,,20523,4,,,1,26,,20524,4,,,1,66,,20525,4,,,1
989900,'1',2037,,22653,4,,,1,78,,22654,4,,,1,38,,22655,4,,,1,78,,22656,4,,,1,75,,22657,4,,,1,34,,22658,4,,,1,75,,22659,4,,,1,35,,22660,4,,,1,75,,22661,4,0,5 6,1,75,,22662,4,0,5 6,1,42,,22663,4,0,5 6,1
989900,'2',2039,,22664,4,,,1,94,,22665,4,,,1,93,,22666,4,,,1,94,,22667,4,,,1,86,,22668,4,,,1,46,,22669,4,,,1,86,,22670,4,0,5 6,1,86,,22671,4,0,5 6,1,86,,22672,4,0,5 6,1
989900,'3',2057,,22673,4,,,1,90,,22674,4,,,1,91,,22675,4,,,1,90,,22676,4,,,1,82,,22677,4,,,1,43,,22678,4,,,1,83,,22679,4,0,5 6,1,83,,22680,4,0,5 6,1,83,,22681,4,0,5 6,1
989900,'80',2057,,22682,4,,,1,90,,22683,4,,,1,91,,22684,4,,,1,90,,22685,4,,,1,82,,22686,4,,,1,43,,22687,4,,,1,83,,22688,4,0,5 6,1,83,,22689,4,0,5 6,1,83,,22690,4,0,5 6,1
