5000,'1',624,,28302,54,,,1,27,,28303,54,,,1,67,,28295,54,,,1,28,,28296,54,,,1,68,,28297,54,,,1,25,,28298,54,,,1,65,,28299,54,,,1,25,,28300,54,,,1,25,,28301,54,,,1,70,,28304,54,,,1,29,,28305,54,,,1,69,,28306,54,,,1,29,,28307,54,,,1,69,,28308,54,,,1,32,,28309,54,,,1,69,,28310,54,,,1,29,,28311,54,,,1,69,,28312,54,,,1,29,,28313,54,,,1,71,,28314,54,,,1,29,,28315,54,,,1,69,,28316,54,,,1,33,,28317,54,,,1,72,,28318,54,,,1,31,,28319,54,,,1,65,,28320,54,,,1,20,,28321,54,,,1,66,,28322,54,,,1,26,,28323,54,,,1,29,,28324,54,,,1,79,,28325,54,,,1,71,,28326,54,,,1,36,,28327,54,,,1,73,,28328,54,,,1,36,,28329,54,,,1,77,,28330,54,,,1
5000,'2',650,,28331,54,,,1,77,,28332,54,,,1,77,,28333,54,,,1,37,,28334,54,,,1,79,,28335,54,,,1,39,,28336,54,,,1,79,,28337,54,,,1,79,,28338,54,,,1,39,,28339,54,,,1,83,,28340,54,,,1,79,,28341,54,,,1,39,,28342,54,,,1,76,,28343,54,,,1,78,,28344,54,,,1,39,,28345,54,,,1,79,,28346,54,,,1,76,,28347,54,,,1,30,,28348,54,,,1,77,,28349,54,,,1,38,,28350,54,,,1,79,,28351,54,,,1,74,,28352,54,,,1,34,,28353,54,,,1,74,,28354,54,,,1,34,,28355,54,,,1,74,,28356,54,,,1,29,,28357,54,,,1,72,,28358,54,,,1
5000,'3',648,,28359,54,,,1,84,,28360,54,,,1,84,,28361,54,,,1,84,,28362,54,,,1,44,,28363,54,,,1,90,,28364,54,,,1,87,,28365,54,,,1,87,,28366,54,,,1,49,,28367,54,,,1,87,,28368,54,,,1,87,,28369,54,,,1,87,,28370,54,,,1,87,,28371,54,,,1,47,,28372,54,,,1,88,,28373,54,,,1,82,,28374,54,,,1,85,,28375,54,,,1,45,,28376,54,,,1,85,,28377,54,,,1,84,,28378,54,,,1,80,,28381,54,,,1,41,,28380,54,,,1,81,,28379,54,,,1
5000,'74',650,,28382,54,,,1,77,,28383,54,,,1,77,,28384,54,,,1,37,,28385,54,,,1,79,,28386,54,,,1,39,,28387,54,,,1,79,,28388,54,,,1,79,,28389,54,,,1,39,,28390,54,,,1,83,,28391,54,,,1,79,,28392,54,,,1,39,,28393,54,,,1,76,,28394,54,,,1,78,,28395,54,,,1,39,,28396,54,,,1,79,,28397,54,,,1,76,,28398,54,,,1,30,,28399,54,,,1,77,,28400,54,,,1,38,,28401,54,,,1,79,,28402,54,,,1,74,,28403,54,,,1,34,,28404,54,,,1,74,,28405,54,,,1,34,,28406,54,,,1,74,,28407,54,,,1,29,,28408,54,,,1,72,,28409,54,,,1
5000,'80',648,,28410,54,,,1,84,,28411,54,,,1,84,,28412,54,,,1,84,,28413,54,,,1,44,,28414,54,,,1,90,,28415,54,,,1,87,,28416,54,,,1,87,,28417,54,,,1,49,,28418,54,,,1,87,,28419,54,,,1,87,,28420,54,,,1,87,,28421,54,,,1,87,,28422,54,,,1,47,,28423,54,,,1,88,,28424,54,,,1,82,,28425,54,,,1,85,,28426,54,,,1,45,,28427,54,,,1,85,,28428,54,,,1,84,,28429,54,,,1,80,,28432,54,,,1,41,,28431,54,,,1,81,,28430,54,,,1
5001,'1',436,,28440,57,,,1,72,,28441,57,,,1,24,,28433,57,,,1,24,,28434,57,,,1,65,,28435,57,,,1,25,,28436,57,,,1,65,,28437,57,,,1,25,,28438,57,,,1,65,,28439,57,,,1,29,,28442,57,,,1,29,,28443,57,,,1,69,,28444,57,,,1,29,,28445,57,,,1,69,,28446,57,,,1,29,,28447,57,,,1,69,,28448,57,,,1,28,,28449,57,,,1,69,,28450,57,,,1,29,,28451,57,,,1,69,,28452,57,,,1,29,,28453,57,,,1,71,,28454,57,,,1,29,,28455,57,,,1,70,,28456,57,,,1,28,,28457,57,,,1,69,,28458,57,,,1,24,,28459,57,,,1,65,,28460,57,,,1,26,,28461,57,,,1,85,,28462,57,,,1,39,,28463,57,,,1,75,,28464,57,,,1,76,,28465,57,,,1,36,,28466,57,,,1,76,,28467,57,,,1,39,,28468,57,,,1,71,,28469,57,,,1,74,,28470,57,,,1
5001,'2',658,,28497,57,,,1,77,,28498,57,,,1,77,,28471,57,,,1,37,,28472,57,,,1,77,,28473,57,,,1,79,,28474,57,,,1,37,,28475,57,,,1,84,,28476,57,,,1,79,,28477,57,,,1,39,,28478,57,,,1,79,,28479,57,,,1,79,,28480,57,,,1,39,,28481,57,,,1,79,,28482,57,,,1,31,,28483,57,,,1,78,,28484,57,,,1,79,,28485,57,,,1,39,,28486,57,,,1,75,,28487,57,,,1,33,,28488,57,,,1,73,,28489,57,,,1,77,,28490,57,,,1,37,,28491,57,,,1,74,,28492,57,,,1,34,,28493,57,,,1,74,,28494,57,,,1,34,,28495,57,,,1,74,,28496,57,,,1
5001,'3',725,,28504,57,,,1,84,,28499,57,,,1,44,,28500,57,,,1,84,,28501,57,,,1,85,,28502,57,,,1,84,,28503,57,,,1,53,,28505,57,,,1,87,,28506,57,,,1,87,,28507,57,,,1,87,,28508,57,,,1,87,,28509,57,,,1,47,,28510,57,,,1,87,,28511,57,,,1,83,,28512,57,,,1,87,,28513,57,,,1,89,,28514,57,,,1,45,,28515,57,,,1,85,,28516,57,,,1,81,,28517,57,,,1,45,,28518,57,,,1,80,,28519,57,,,1,80,,28520,57,,,1
5001,'74',658,,28547,57,,,1,77,,28548,57,,,1,77,,28521,57,,,1,37,,28522,57,,,1,77,,28523,57,,,1,79,,28524,57,,,1,37,,28525,57,,,1,84,,28526,57,,,1,79,,28527,57,,,1,39,,28528,57,,,1,79,,28529,57,,,1,79,,28530,57,,,1,39,,28531,57,,,1,79,,28532,57,,,1,31,,28533,57,,,1,78,,28534,57,,,1,79,,28535,57,,,1,39,,28536,57,,,1,75,,28537,57,,,1,33,,28538,57,,,1,73,,28539,57,,,1,77,,28540,57,,,1,37,,28541,57,,,1,74,,28542,57,,,1,34,,28543,57,,,1,74,,28544,57,,,1,34,,28545,57,,,1,74,,28546,57,,,1
5001,'80',725,,28570,57,,,1,84,,28549,57,,,1,44,,28550,57,,,1,84,,28551,57,,,1,85,,28552,57,,,1,84,,28553,57,,,1,53,,28554,57,,,1,87,,28555,57,,,1,87,,28556,57,,,1,87,,28557,57,,,1,87,,28558,57,,,1,47,,28559,57,,,1,87,,28560,57,,,1,83,,28561,57,,,1,87,,28562,57,,,1,89,,28563,57,,,1,45,,28564,57,,,1,85,,28565,57,,,1,81,,28566,57,,,1,45,,28567,57,,,1,80,,28568,57,,,1,80,,28569,57,,,1
