9900,'1',355,,31638,24,4,,1,80,,31639,24,4,,1,73,,31612,44,4,,1,42,,31613,44,4,,1,80,,31614,44,4,,1,85,,31615,44,4,,1,97,,31616,44,4,,1,35,,31617,44,4,,1,78,,31618,44,4,,1,31,,31619,44,4,,1,75,,31620,44,4,,1,75,,31621,44,4,,1,100,,31622,44,4,,1,94,,31623,44,4,,1,54,,31624,44,4,,1,94,,31625,44,4,,1,76,,31637,44,4,,1,31,,31636,44,4,,1,69,,31626,44,4,,1,30,,31627,44,4,,1,70,,31628,44,4,,1,30,,31629,44,4,,1,70,,31630,44,4,,1,24,,31631,44,4,,1,70,,31632,44,4,,1,24,,31633,44,4,,1,70,,31634,44,4,,1,26,,31635,44,4,,1
9900,'2',515,,31658,24,4,,1,37,,31659,24,4,,1,74,,31640,44,4,,1,80,,31641,44,4,,1,38,,31655,44,4,,1,92,,31654,44,4,,1,87,,31642,44,4,,1,87,,31643,44,4,,1,47,,31644,44,4,,1,91,,31645,44,4,,1,109,,31646,44,4,,1,95,,31647,44,4,,1,95,,31648,44,4,,1,97,,31649,44,4,,1,95,,31650,44,4,,1,91,,31651,44,4,,1,95,,31652,44,4,,1,95,,31653,44,4,,1,84,,31657,44,4,,1,50,,31656,44,4,,1
9900,'3',517,,31678,24,4,,1,38,,31679,24,4,,1,81,,31660,44,4,,1,78,,31661,44,4,,1,38,,31662,44,4,,1,78,,31663,44,4,,1,96,,31680,44,4,,1,89,,31664,44,4,,1,89,,31665,44,4,,1,49,,31666,44,4,,1,93,,31667,44,4,,1,89,,31668,44,4,,1,89,,31669,44,4,,1,89,,31670,44,4,,1,89,,31671,44,4,,1,49,,31672,44,4,,1,89,,31673,44,4,,1,87,,31674,44,4,,1,89,,31675,44,4,,1,89,,31676,44,4,,1,39,,31677,44,4,,1
9900,'74',515,,31699,24,4,,1,37,,31700,24,4,,1,74,,31681,44,4,,1,80,,31682,44,4,,1,38,,31696,44,4,,1,92,,31695,44,4,,1,87,,31683,44,4,,1,87,,31684,44,4,,1,47,,31685,44,4,,1,91,,31686,44,4,,1,109,,31687,44,4,,1,95,,31688,44,4,,1,95,,31689,44,4,,1,97,,31690,44,4,,1,95,,31691,44,4,,1,91,,31692,44,4,,1,95,,31693,44,4,,1,95,,31694,44,4,,1,84,,31698,44,4,,1,50,,31697,44,4,,1
9900,'80',517,,31719,24,4,,1,38,,31720,24,4,,1,81,,31701,44,4,,1,78,,31702,44,4,,1,38,,31703,44,4,,1,78,,31704,44,4,,1,96,,31721,44,4,,1,89,,31705,44,4,,1,89,,31706,44,4,,1,49,,31707,44,4,,1,93,,31708,44,4,,1,89,,31709,44,4,,1,89,,31710,44,4,,1,89,,31711,44,4,,1,89,,31712,44,4,,1,49,,31713,44,4,,1,89,,31714,44,4,,1,87,,31715,44,4,,1,89,,31716,44,4,,1,89,,31717,44,4,,1,39,,31718,44,4,,1
9901,'1',400,,31722,1,,,1,40,,31723,1,,,1,80,,31724,1,,,1,80,,31725,1,,,1,35,,31726,1,,,1,75,,31727,1,,,1,27,,31728,1,,,1,83,,31729,1,,,1,35,,31730,1,,,1,75,,31731,1,,,1,94,,31732,1,,,1,94,,31733,1,,,1,94,,31734,1,,,1,94,,31735,1,,,1,100,,31736,1,,,1,24,,31737,1,,,1,70,,31738,1,,,1,30,,31739,1,,,1,70,,31740,1,,,1,30,,31741,1,,,1,70,,31742,1,,,1,30,,31743,1,,,1,70,,31744,1,,,1,30,,31745,1,,,1,70,,31746,1,,,1,30,,31747,1,,,1,70,,31748,1,,,1,25,,31749,1,,,1,75,,31750,1,,,1,45,,31751,1,,,1
9901,'2',520,,31752,1,,,1,37,,31753,1,,,1,77,,31754,1,,,1,77,,31755,1,,,1,47,,31756,1,,,1,87,,31757,1,,,1,87,,31758,1,,,1,87,,31759,1,,,1,95,,31760,1,,,1,95,,31761,1,,,1,95,,31762,1,,,1,55,,31763,1,,,1,95,,31764,1,,,1,95,,31765,1,,,1,95,,31766,1,,,1,95,,31767,1,,,1,95,,31768,1,,,1,95,,31769,1,,,1,85,,31770,1,,,1,45,,31771,1,,,1
9901,'3',525,,31772,1,,,1,78,,31773,1,,,1,38,,31774,1,,,1,78,,31775,1,,,1,38,,31776,1,,,1,89,,31777,1,,,1,89,,31778,1,,,1,89,,31779,1,,,1,89,,31780,1,,,1,89,,31781,1,,,1,49,,31782,1,,,1,89,,31783,1,,,1,89,,31784,1,,,1,89,,31785,1,,,1,89,,31786,1,,,1,49,,31787,1,,,1,89,,31788,1,,,1,89,,31789,1,,,1,89,,31790,1,,,1,89,,31791,1,,,1,89,,31792,1,,,1,39,,31793,1,,,1
9901,'74',520,,31794,1,,,1,37,,31795,1,,,1,77,,31796,1,,,1,77,,31797,1,,,1,47,,31798,1,,,1,87,,31799,1,,,1,87,,31800,1,,,1,87,,31801,1,,,1,95,,31802,1,,,1,95,,31803,1,,,1,95,,31804,1,,,1,55,,31805,1,,,1,95,,31806,1,,,1,95,,31807,1,,,1,95,,31808,1,,,1,95,,31809,1,,,1,95,,31810,1,,,1,95,,31811,1,,,1,85,,31812,1,,,1,45,,31813,1,,,1
9901,'80',525,,31814,1,,,1,78,,31815,1,,,1,38,,31816,1,,,1,78,,31817,1,,,1,38,,31818,1,,,1,89,,31819,1,,,1,89,,31820,1,,,1,89,,31821,1,,,1,89,,31822,1,,,1,89,,31823,1,,,1,49,,31824,1,,,1,89,,31825,1,,,1,89,,31826,1,,,1,89,,31827,1,,,1,89,,31828,1,,,1,49,,31829,1,,,1,89,,31830,1,,,1,89,,31831,1,,,1,89,,31832,1,,,1,89,,31833,1,,,1,89,,31834,1,,,1,39,,31835,1,,,1
