100,'1',419,,23457,43,,,1,38,,23456,43,,,1,71,,23455,43,,,1,83,,23483,58,,,1,38,,23482,58,,,1,83,,23480,58,,,1,79,,23481,58,,,1,32,,23479,58,,,1,75,,23478,58,,,1,35,,23477,58,,,1,147,,23476,58,,,1,113,,23475,58,,,1,112,,23474,58,,,1,116,,23473,58,,,1,87,,23484,58,,,1,84,,23472,58,,,1,31,,23471,58,,,1,77,,23470,58,,,1,31,,23469,58,,,1,74,,23468,58,,,1,34,,23467,58,,,1,64,,23466,58,,,1,23,,23465,58,,,1,97,,23464,58,,,1,102,,23463,58,,,1,100,,23462,58,,,1,91,,23461,58,,,1,95,,23460,58,,,1,89,,23459,58,,,1,95,,23458,58,,,1
100,'74',618,,23507,43,,,1,96,,23485,58,,,1,103,,23486,58,,,1,107,,23487,58,,,1,103,,23488,58,,,1,112,,23489,58,,,1,95,,23490,58,,,1,87,,23491,58,,,1,103,,23492,58,,,1,92,,23493,58,,,1,92,,23494,58,,,1,92,,23495,58,,,1,46,,23496,58,,,1,92,,23497,58,,,1,91,,23498,58,,,1,81,,23499,58,,,1,92,,23500,58,,,1,50,,23501,58,,,1,97,,23502,58,,,1,97,,23503,58,,,1,94,,23504,58,,,1,92,,23505,58,,,1,95,,23506,58,,,1
100,'80',807,,23523,43,,,1,52,,23508,58,,,1,159,,23509,58,,,1,115,,23510,58,,,1,115,,23511,58,,,1,155,,23512,58,,,1,112,,23513,58,,,1,107,,23514,58,,,1,112,,23515,58,,,1,110,,23516,58,,,1,108,,23517,58,,,1,94,,23518,58,,,1,99,,23519,58,,,1,99,,23520,58,,,1,94,,23521,58,,,1,99,,23522,58,,,1
100,'35296.2',618,,23546,43,,,1,96,,23524,58,,,1,103,,23525,58,,,1,107,,23526,58,,,1,103,,23527,58,,,1,112,,23528,58,,,1,95,,23529,58,,,1,87,,23530,58,,,1,103,,23531,58,,,1,92,,23532,58,,,1,92,,23533,58,,,1,92,,23534,58,,,1,46,,23535,58,,,1,92,,23536,58,,,1,91,,23537,58,,,1,81,,23538,58,,,1,92,,23539,58,,,1,50,,23540,58,,,1,97,,23541,58,,,1,97,,23542,58,,,1,94,,23543,58,,,1,92,,23544,58,,,1,95,,23545,58,,,1
100,'35296.3',807,,23562,43,,,1,52,,23547,58,,,1,159,,23548,58,,,1,115,,23549,58,,,1,115,,23550,58,,,1,155,,23551,58,,,1,112,,23552,58,,,1,107,,23553,58,,,1,112,,23554,58,,,1,110,,23555,58,,,1,108,,23556,58,,,1,94,,23557,58,,,1,99,,23558,58,,,1,99,,23559,58,,,1,94,,23560,58,,,1,99,,23561,58,,,1
100,'35298.2',618,,23615,43,,,1,96,,23614,58,,,1,37,,23563,58,,,1,57,,23564,58,,,1,21,,23565,58,,,1,17,,23566,58,,,1,57,,23567,58,,,1,17,,23568,58,,,1,17,,23569,58,,,1,17,,23570,58,,,1,57,,23571,58,,,1,17,,23572,58,,,1,17,,23573,58,,,1,66,,23574,58,,,1,17,,23575,58,,,1,17,,23576,58,,,1,57,,23577,58,,,1,20,,23578,58,,,1,17,,23579,58,,,1,17,,23580,58,,,1,57,,23581,58,,,1,23,,23582,58,,,1,17,,23583,58,,,1,57,,23584,58,,,1,17,,23585,58,,,1,17,,23586,58,,,1,57,,23587,58,,,1,17,,23588,58,,,1,17,,23589,58,,,1,17,,23590,58,,,1,57,,23591,58,,,1,17,,23592,58,,,1,17,,23593,58,,,1,57,,23594,58,,,1,11,,23595,58,,,1,17,,23596,58,,,1,17,,23597,58,,,1,57,,23598,58,,,1,17,,23599,58,,,1,17,,23600,58,,,1,17,,23601,58,,,1,56,,23602,58,,,1,17,,23603,58,,,1,17,,23604,58,,,1,57,,23605,58,,,1,10,,23606,58,,,1,92,,23607,58,,,1,50,,23608,58,,,1,97,,23609,58,,,1,97,,23610,58,,,1,94,,23611,58,,,1,92,,23612,58,,,1,95,,23613,58,,,1
100,'35298.3',749,,23616,58,,,1,57,,23617,58,,,1,17,,23618,58,,,1,17,,23619,58,,,1,17,,23620,58,,,1,57,,23621,58,,,1,17,,23622,58,,,1,24,,23623,58,,,1,57,,23624,58,,,1,17,,23625,58,,,1,17,,23626,58,,,1,60,,23627,58,,,1,17,,23628,58,,,1,17,,23629,58,,,1,17,,23630,58,,,1,60,,23631,58,,,1,17,,23632,58,,,1,17,,23633,58,,,1,57,,23634,58,,,1,17,,23635,58,,,1,20,,23636,58,,,1,57,,23637,58,,,1,17,,23638,58,,,1,17,,23639,58,,,1,17,,23640,58,,,1,57,,23641,58,,,1,17,,23642,58,,,1,17,,23643,58,,,1,57,,23644,58,,,1,12,,23645,58,,,1,17,,23646,58,,,1,17,,23647,58,,,1,57,,23648,58,,,1,17,,23649,58,,,1,17,,23650,58,,,1,17,,23651,58,,,1,57,,23652,58,,,1,17,,23653,58,,,1,15,,23654,58,,,1,57,,23655,58,,,1,17,,23656,58,,,1,17,,23657,58,,,1,13,,23658,58,,,1,98,,23659,58,,,1,99,,23660,58,,,1,99,,23661,58,,,1,94,,23662,58,,,1,99,,23663,58,,,1
201,'2',803,,24035,9,,,1,40,,24036,9,,,1,81,,24037,9,,,1,80,,24038,9,,,1,40,,24039,9,,,1,80,,24040,9,,,1,80,,24041,9,,,1,40,,24042,9,,,1,80,,24043,9,,,1,80,,24044,9,,,1,40,,24045,9,,,1,80,,24046,9,,,1,80,,24047,9,,,1,40,,24048,9,,,1,80,,24049,9,,,1,80,,24050,9,,,1,40,,24051,9,,,1,80,,24052,9,,,1,80,,24053,9,,,1,40,,24054,9,,,1,80,,24055,9,,,1,33,,24056,9,,,1,73,,24057,9,,,1,73,,24058,9,,,1,31,,24059,9,,,1,73,,24060,9,,,1
201,'3',854,,24071,9,,,1,152,,24061,9,,,1,117,,24062,9,,,1,118,,24063,9,,,1,117,,24064,9,,,1,157,,24065,9,,,1,117,,24066,9,,,1,117,,24067,9,,,1,157,,24068,9,,,1,113,,24069,9,,,1,115,,24070,9,,,1,105,,24072,9,,,1,108,,24073,9,,,1
201,'74',803,,24074,9,,,1,40,,24075,9,,,1,81,,24076,9,,,1,80,,24077,9,,,1,40,,24078,9,,,1,80,,24079,9,,,1,80,,24080,9,,,1,40,,24081,9,,,1,80,,24082,9,,,1,80,,24083,9,,,1,40,,24084,9,,,1,80,,24085,9,,,1,80,,24086,9,,,1,40,,24087,9,,,1,80,,24088,9,,,1,80,,24089,9,,,1,40,,24090,9,,,1,80,,24091,9,,,1,80,,24092,9,,,1,40,,24093,9,,,1,80,,24094,9,,,1,33,,24095,9,,,1,73,,24096,9,,,1,73,,24097,9,,,1,31,,24098,9,,,1,73,,24099,9,,,1
201,'80',854,,24110,9,,,1,152,,24100,9,,,1,117,,24101,9,,,1,118,,24102,9,,,1,117,,24103,9,,,1,157,,24104,9,,,1,117,,24105,9,,,1,117,,24106,9,,,1,157,,24107,9,,,1,113,,24108,9,,,1,115,,24109,9,,,1,105,,24111,9,,,1,108,,24112,9,,,1
1400,'1',547,,26392,57,,,1,67,,26391,57,,,1,29,,26390,57,,,1,73,,26388,57,,,1,30,,26389,57,,,1,72,,26414,57,,,1,22,,26413,57,,,1,77,,26412,57,,,1,28,,26411,54,,,1,74,,26410,54,,,1,34,,26404,54,,,1,75,,26394,54,,,1,74,,26409,54,,,1,33,,26408,54,,,1,73,,26407,54,,,1,33,,26406,54,,,1,73,,26405,54,,,1,38,,26403,57,,,1,72,,26402,57,,,1,76,,26401,57,,,1,31,,26400,57,,,1,77,,26399,57,,,1,32,,26398,57,,,1,75,,26397,57,,,1,35,,26396,57,,,1,66,,26395,57,,,1,27,,26393,54,,,1,76,,26415,54,,,1,81,,26416,54,,,1
30500,'1',603,,33001,5,,,1,25,,33000,5,,,1,25,,32999,5,,,1,67,,32996,5,,,1,23,,32998,5,,,1,65,,32997,5,,,1
30501,'1',1630,,33008,6,,,1,25,,33007,6,,,1,68,,33006,6,,,1,26,,33005,6,,,1,61,,33004,6,,,1,25,,33003,6,,,1,65,,33002,6,,,1
