8001,'1',536,,29413,25,0,227 223 228,1,69,,29412,25,0,227 223 228,1,24,,29414,25,0,227 223 228,1,29,,29415,25,0,227 223 228,1,69,,29416,25,0,227 223 228,1,29,,29417,25,0,227 223 228,1,72,,29418,25,0,227 223 228,1,29,,29419,25,0,227 223 228,1,68,,29420,25,0,227 223 228,1,23,,29421,25,0,227 223 228,1,69,,29411,25,0,227 223 228,1,90,,29428,25,0,227 223 228,1,50,,29429,25,0,227 223 228,1,90,,29430,25,0,227 223 228,1,90,,29431,25,0,227 223 228,1,91,,29432,25,0,227 223 228,1,27,,29439,25,0,227 223 228,1,68,,29433,25,0,227 223 228,1,29,,29434,25,0,227 223 228,1,69,,29435,25,0,227 223 228,1,29,,29436,25,0,227 223 228,1,69,,29437,25,0,227 223 228,1,29,,29438,25,0,227 223 228,1,69,,29422,25,0,227 223 228,1,29,,29423,25,0,227 223 228,1,69,,29424,25,0,227 223 228,1,90,,29410,25,0,227 223 228,1,49,,29425,25,0,227 223 228,1,88,,29426,25,0,227 223 228,1,89,,29427,25,0,227 223 228,1,89,,29409,25,0,227 223 228,1
8001,'2',644,,29440,25,0,227 223 228,1,87,,29441,25,0,227 223 228,1,86,,29442,25,0,227 223 228,1,99,,29443,25,0,227 223 228,1,100,,29444,25,0,227 223 228,1,98,,29445,25,0,227 223 228,1,98,,29446,25,0,227 223 228,1,99,,29447,25,0,227 223 228,1,98,,29448,25,0,227 223 228,1,98,,29449,25,0,227 223 228,1,98,,29450,25,0,227 223 228,1,99,,29451,25,0,227 223 228,1,98,,29452,25,0,227 223 228,1,98,,29453,25,0,227 223 228,1,51,,29454,25,0,227 223 228,1,93,,29455,25,0,227 223 228,1
8001,'3',913,,29456,25,0,227 223 228,1,87,,29457,25,0,227 223 228,1,49,,29458,25,0,227 223 228,1,91,,29459,25,0,227 223 228,1,93,,29460,25,0,227 223 228,1,93,,29461,25,0,227 223 228,1,93,,29462,25,0,227 223 228,1,93,,29463,25,0,227 223 228,1,91,,29464,25,0,227 223 228,1,51,,29465,25,0,227 223 228,1,91,,29466,25,0,227 223 228,1,87,,29467,25,0,227 223 228,1,85,,29468,25,0,227 223 228,1,85,,29469,25,0,227 223 228,1,45,,29470,25,0,227 223 228,1,85,,29471,25,0,227 223 228,1
8001,'74',644,,29472,25,0,227 223 228,1,87,,29473,25,0,227 223 228,1,86,,29474,25,0,227 223 228,1,99,,29475,25,0,227 223 228,1,100,,29476,25,0,227 223 228,1,98,,29477,25,0,227 223 228,1,98,,29478,25,0,227 223 228,1,99,,29479,25,0,227 223 228,1,98,,29480,25,0,227 223 228,1,98,,29481,25,0,227 223 228,1,98,,29482,25,0,227 223 228,1,99,,29483,25,0,227 223 228,1,98,,29484,25,0,227 223 228,1,98,,29485,25,0,227 223 228,1,51,,29486,25,0,227 223 228,1,93,,29487,25,0,227 223 228,1
8001,'80',913,,29488,25,0,227 223 228,1,87,,29489,25,0,227 223 228,1,49,,29490,25,0,227 223 228,1,91,,29491,25,0,227 223 228,1,93,,29492,25,0,227 223 228,1,93,,29493,25,0,227 223 228,1,93,,29494,25,0,227 223 228,1,93,,29495,25,0,227 223 228,1,91,,29496,25,0,227 223 228,1,51,,29497,25,0,227 223 228,1,91,,29498,25,0,227 223 228,1,87,,29499,25,0,227 223 228,1,85,,29500,25,0,227 223 228,1,85,,29501,25,0,227 223 228,1,45,,29502,25,0,227 223 228,1,85,,29503,25,0,227 223 228,1
8300,'1',737,,29560,43,0,7 6,1,72,,29561,43,,,1
8800,'1',536,,30164,12,,,1,15,,30165,12,,,1,57,,30166,12,,,1,8,,30108,41,,,1,15,,30109,41,,,1,19,,30110,41,,,1,55,,30111,41,,,1,19,,30112,41,,,1,15,,30113,41,,,1,14,,30114,41,,,1,58,,30115,41,,,1,7,,30167,41,,,1,7,,30116,41,,,1,14,,30117,41,,,1,14,,30118,41,,,1,54,,30119,41,,,1,14,,30120,41,,,1,14,,30121,41,,,1,11,,30122,41,,,1,54,,30123,41,,,1,14,,30124,41,,,1,14,,30125,41,,,1,14,,30126,41,,,1,14,,30127,41,,,1,54,,30128,41,,,1,30,,30129,41,,,1,70,,30130,41,,,1,30,,30131,41,,,1,73,,30132,41,,,1,30,,30133,41,,,1,83,,30134,41,,,1,10,,30135,41,,,1,70,,30136,41,,,1,18,,30137,41,,,1,15,,30138,41,,,1,20,,30139,41,,,1,55,,30140,41,,,1,15,,30141,41,,,1,15,,30142,41,,,1,57,,30143,41,,,1,13,,30144,41,,,1,15,,30145,41,,,1,15,,30146,41,,,1,13,,30147,41,,,1,55,,30148,41,,,1,10,,30149,41,,,1,15,,30150,41,,,1,12,,30151,41,,,1,54,,30152,41,,,1,11,,30153,41,,,1,14,,30154,41,,,1,12,,30155,41,,,1,14,,30156,41,,,1,54,,30157,41,,,1,14,,30158,41,,,1,14,,30159,41,,,1,81,,30160,41,,,1,35,,30161,41,,,1,81,,30162,41,,,1,81,,30163,41,,,1,29,,30168,41,,,1
8800,'2',525,,30203,12,,,1,29,,30204,12,,,1,69,,30205,12,,,1,29,,30206,12,,,1,67,,30169,41,,,1,29,,30170,41,,,1,81,,30176,41,,,1,74,,30175,41,,,1,34,,30171,41,,,1,72,,30172,41,,,1,37,,30173,41,,,1,74,,30174,41,,,1,82,,30192,41,,,1,29,,30177,41,,,1,69,,30178,41,,,1,29,,30179,41,,,1,29,,30180,41,,,1,69,,30181,41,,,1,29,,30182,41,,,1,69,,30183,41,,,1,28,,30184,41,,,1,69,,30185,41,,,1,29,,30186,41,,,1,69,,30187,41,,,1,29,,30188,41,,,1,69,,30189,41,,,1,29,,30190,41,,,1,69,,30191,41,,,1,21,,30202,41,,,1,66,,30201,41,,,1,24,,30200,41,,,1,24,,30193,41,,,1,67,,30194,41,,,1,24,,30195,41,,,1,66,,30196,41,,,1,26,,30197,41,,,1,23,,30198,41,,,1,66,,30199,41,,,1
8800,'3',721,,30215,23,,,1,31,,30216,23,,,1,70,,30217,23,,,1,28,,30209,41,,,1,71,,30207,41,,,1,31,,30208,41,,,1,79,,30214,41,,,1,75,,30213,41,,,1,35,,30210,41,,,1,75,,30211,41,,,1,38,,30212,41,,,1,75,,30228,41,,,1,29,,30218,41,,,1,71,,30219,41,,,1,29,,30220,41,,,1,69,,30221,41,,,1,29,,30222,41,,,1,70,,30223,41,,,1,29,,30224,41,,,1,69,,30225,41,,,1,26,,30226,41,,,1,67,,30227,41,,,1,25,,30237,41,,,1,66,,30236,41,,,1,23,,30235,41,,,1,25,,30229,41,,,1,65,,30230,41,,,1,24,,30231,41,,,1,65,,30232,41,,,1,25,,30233,41,,,1,20,,30234,41,,,1
8800,'74',525,,30272,12,,,1,29,,30273,12,,,1,69,,30274,12,,,1,29,,30275,12,,,1,67,,30238,41,,,1,29,,30239,41,,,1,81,,30245,41,,,1,74,,30244,41,,,1,34,,30240,41,,,1,72,,30241,41,,,1,37,,30242,41,,,1,74,,30243,41,,,1,82,,30261,41,,,1,29,,30246,41,,,1,69,,30247,41,,,1,29,,30248,41,,,1,29,,30249,41,,,1,69,,30250,41,,,1,29,,30251,41,,,1,69,,30252,41,,,1,28,,30253,41,,,1,69,,30254,41,,,1,29,,30255,41,,,1,69,,30256,41,,,1,29,,30257,41,,,1,69,,30258,41,,,1,29,,30259,41,,,1,69,,30260,41,,,1,21,,30271,41,,,1,66,,30270,41,,,1,24,,30269,41,,,1,24,,30262,41,,,1,67,,30263,41,,,1,24,,30264,41,,,1,66,,30265,41,,,1,26,,30266,41,,,1,23,,30267,41,,,1,66,,30268,41,,,1
8800,'80',721,,30304,23,,,1,31,,30305,23,,,1,70,,30306,23,,,1,28,,30278,41,,,1,71,,30276,41,,,1,31,,30277,41,,,1,79,,30283,41,,,1,75,,30282,41,,,1,35,,30279,41,,,1,75,,30280,41,,,1,38,,30281,41,,,1,75,,30294,41,,,1,29,,30284,41,,,1,71,,30285,41,,,1,29,,30286,41,,,1,69,,30287,41,,,1,29,,30288,41,,,1,70,,30289,41,,,1,29,,30290,41,,,1,69,,30291,41,,,1,26,,30292,41,,,1,67,,30293,41,,,1,25,,30303,41,,,1,66,,30302,41,,,1,23,,30301,41,,,1,25,,30295,41,,,1,65,,30296,41,,,1,24,,30297,41,,,1,65,,30298,41,,,1,25,,30299,41,,,1,20,,30300,41,,,1
