'152.0.1',32000,62700,4,'',1,1400,4,'',1,1400,4,'',1,5600,4,'',1,1400,4,'',1,1400,4,'',1,1400,4,'',1,5500,4,'',1,1400,4,'',1,1400,4,'',1,1500,4,'',1,5400,4,'',1,1400,4,'',1,1400,4,'',1,1400,4,'',1,5400,4,'',1,1400,4,'',1,1600,4,'',1,1400,4,'',1,5800,4,'',1,1800,4,'',1,1800,4,'',1,1800,4,'',1,6000,4,'',1,1800,4,'',1,1800,4,'',1,5800,4,'',1,1800,4,'',1,1700,4,'',1,5700,4,'',1,2100,4,'',1,1700,4,'',1,1700,4,'',1,5700,4,'',1,1700,4,'',1,2200,4,'',1,5700,4,'',1,1700,4,'',1,1700,4,'',1,5700,4,'',1,1500,4,'',1,1700,4,'',1,1700,4,'',1,5700,4,'',1,1700,4,'',1,1400,4,'',1,1800,4,'',1,5800,4,'',1,1800,4,'',1,1800,4,'',1,5300,4,'',1,1800,4,'',1,1800,4,'',1,1800,4,'',1,5800,4,'',1,1800,4,'',1,1800,4,'',1
'152.0.1',32001,63800,,'',1,1400,,'',1,5400,,'',1,1400,,'',1,1400,,'',1,1400,,'',1,5400,,'',1,1400,,'',1,1400,,'',1,1400,,'',1,1400,,'',1,5400,,'',1,1400,,'',1,1400,,'',1,1400,,'',1,5400,,'',1,1100,,'',1,1800,,'',1,1800,,'',1,5800,,'',1,1800,,'',1,1800,,'',1,5800,,'',1,1800,,'',1,1800,,'',1,5800,,'',1,1800,,'',1,2500,,'',1,5700,,'',1,1700,,'',1,1700,,'',1,1700,,'',1,5700,,'',1,1700,,'',1,1700,,'',1,5700,,'',1,1700,,'',1,1700,,'',1,1700,,'',1,5700,,'',1,1700,,'',1,1700,,'',1,1700,,'',1,5700,,'',1,2900,,'',1,5800,,'',1,1800,,'',1,1800,,'',1,1800,,'',1,5800,,'',1,1800,,'',1,1800,,'',1,5800,,'',1,1800,,'',1,1800,,'',1,5800,,'',1
'152.0.2',32000,93000,4,'',1,1800,4,'',1,5800,4,'',1,1800,4,'',1,1800,4,'',1,5800,4,'',1,1800,4,'',1,1800,4,'',1,1800,4,'',1,5800,4,'',1,1800,4,'',1,1800,4,'',1,5800,4,'',1,1800,4,'',1,1800,4,'',1,5800,4,'',1,1800,4,'',1,1800,4,'',1,1800,4,'',1,5800,4,'',1,1800,4,'',1,1800,4,'',1,5800,4,'',1,1800,4,'',1,1800,4,'',1,5800,4,'',1,1800,4,'',1,1800,4,'',1,1800,4,'',1,5800,4,'',1,1800,4,'',1,1800,4,'',1,5800,4,'',1,1800,4,'',1,1800,4,'',1,5800,4,'',1,1800,4,'',1,1800,4,'',1,1800,4,'',1,5800,4,'',1,1600,4,'',1,1800,4,'',1
'152.0.2',32001,93600,,'',1,1800,,'',1,5800,,'',1,1800,,'',1,1800,,'',1,5800,,'',1,1800,,'',1,1800,,'',1,5800,,'',1,1800,,'',1,1800,,'',1,1800,,'',1,5800,,'',1,1800,,'',1,1800,,'',1,5800,,'',1,1800,,'',1,1800,,'',1,5800,,'',1,1800,,'',1,1800,,'',1,1800,,'',1,5800,,'',1,1800,,'',1,1800,,'',1,5800,,'',1,1800,,'',1,1800,,'',1,5800,,'',1,1800,,'',1,1800,,'',1,1800,,'',1,5800,,'',1,1800,,'',1,1800,,'',1,5800,,'',1,1800,,'',1,1800,,'',1,5800,,'',1,1800,,'',1,1800,,'',1,1800,,'',1
'152.0.3',32000,102900,4,'',1,1700,4,'',1,5700,4,'',1,1700,4,'',1,1700,4,'',1,1700,4,'',1,5700,4,'',1,1700,4,'',1,1700,4,'',1,5700,4,'',1,1700,4,'',1,1700,4,'',1,1700,4,'',1,5700,4,'',1,1700,4,'',1,1700,4,'',1,5700,4,'',1,1700,4,'',1,1700,4,'',1,1700,4,'',1,5700,4,'',1,1700,4,'',1,1700,4,'',1,5700,4,'',1,1700,4,'',1,1700,4,'',1,1700,4,'',1,5700,4,'',1,1700,4,'',1,1700,4,'',1,1500,4,'',1,5700,4,'',1,1700,4,'',1,1700,4,'',1
'152.0.3',32001,103500,,'',1,1700,,'',1,5700,,'',1,1700,,'',1,1700,,'',1,5700,,'',1,1700,,'',1,1700,,'',1,1700,,'',1,5700,,'',1,1700,,'',1,1700,,'',1,1700,,'',1,5700,,'',1,1700,,'',1,1700,,'',1,5700,,'',1,1700,,'',1,1700,,'',1,1700,,'',1,5700,,'',1,1700,,'',1,1700,,'',1,5700,,'',1,1700,,'',1,1700,,'',1,1700,,'',1,5700,,'',1,1700,,'',1,1700,,'',1,5700,,'',1,1700,,'',1,1700,,'',1,1700,,'',1
'152.0.80',32000,102900,4,'',1,1700,4,'',1,5700,4,'',1,1700,4,'',1,1700,4,'',1,1700,4,'',1,5700,4,'',1,1700,4,'',1,1700,4,'',1,5700,4,'',1,1700,4,'',1,1700,4,'',1,1700,4,'',1,5700,4,'',1,1700,4,'',1,1700,4,'',1,5700,4,'',1,1700,4,'',1,1700,4,'',1,1700,4,'',1,5700,4,'',1,1700,4,'',1,1700,4,'',1,5700,4,'',1,1700,4,'',1,1700,4,'',1,1700,4,'',1,5700,4,'',1,1700,4,'',1,1700,4,'',1,1500,4,'',1,5700,4,'',1,1700,4,'',1,1700,4,'',1
'152.0.80',32001,103500,,'',1,1700,,'',1,5700,,'',1,1700,,'',1,1700,,'',1,5700,,'',1,1700,,'',1,1700,,'',1,1700,,'',1,5700,,'',1,1700,,'',1,1700,,'',1,1700,,'',1,5700,,'',1,1700,,'',1,1700,,'',1,5700,,'',1,1700,,'',1,1700,,'',1,1700,,'',1,5700,,'',1,1700,,'',1,1700,,'',1,5700,,'',1,1700,,'',1,1700,,'',1,1700,,'',1,5700,,'',1,1700,,'',1,1700,,'',1,5700,,'',1,1700,,'',1,1700,,'',1,1700,,'',1
'152.0.81',32000,102900,4,'',1,1700,4,'',1,5700,4,'',1,1700,4,'',1,1700,4,'',1,1700,4,'',1,5700,4,'',1,1700,4,'',1,1700,4,'',1,5700,4,'',1,1700,4,'',1,1700,4,'',1,1700,4,'',1,5700,4,'',1,1700,4,'',1,1700,4,'',1,5700,4,'',1,1700,4,'',1,1700,4,'',1,1700,4,'',1,5700,4,'',1,1700,4,'',1,1700,4,'',1,5700,4,'',1,1700,4,'',1,1700,4,'',1,1700,4,'',1,5700,4,'',1,1700,4,'',1,1700,4,'',1,1500,4,'',1,5700,4,'',1,1700,4,'',1,1700,4,'',1
'152.0.81',32001,103500,,'',1,1700,,'',1,5700,,'',1,1700,,'',1,1700,,'',1,5700,,'',1,1700,,'',1,1700,,'',1,1700,,'',1,5700,,'',1,1700,,'',1,1700,,'',1,1700,,'',1,5700,,'',1,1700,,'',1,1700,,'',1,5700,,'',1,1700,,'',1,1700,,'',1,1700,,'',1,5700,,'',1,1700,,'',1,1700,,'',1,5700,,'',1,1700,,'',1,1700,,'',1,1700,,'',1,5700,,'',1,1700,,'',1,1700,,'',1,5700,,'',1,1700,,'',1,1700,,'',1,1700,,'',1
