9800,'1',609,,31445,11,,,1,35,,31444,11,,,1,73,,31443,11,,,1,35,,31442,11,,,1,75,,31441,11,,,1,75,,31440,11,,,1,98,,31436,11,,,1,58,,31433,11,,,1,94,,31438,11,,,1,98,,31437,11,,,1,80,,31425,11,,,1,76,,31435,11,,,1,40,,31434,11,,,1,80,,31432,11,,,1,80,,31431,11,,,1,40,,31430,11,,,1,87,,31429,11,,,1,80,,31428,11,,,1,95,,31427,11,,,1,51,,31426,11,,,1,90,,31439,11,,,1
9800,'2',610,,31463,11,,,1,46,,31462,11,,,1,84,,31461,11,,,1,94,,31460,11,,,1,91,,31459,11,,,1,90,,31458,11,,,1,94,,31457,11,,,1,98,,31456,11,,,1,98,,31455,11,,,1,96,,31454,11,,,1,58,,31453,11,,,1,98,,31452,11,,,1,101,,31451,11,,,1,142,,31450,11,,,1,49,,31449,11,,,1,93,,31448,11,,,1,89,,31447,11,,,1,85,,31446,11,,,1
9800,'3',755,,31479,11,,,1,88,,31478,11,,,1,88,,31477,11,,,1,90,,31476,11,,,1,93,,31475,11,,,1,89,,31474,11,,,1,53,,31473,11,,,1,93,,31472,11,,,1,93,,31471,11,,,1,93,,31470,11,,,1,93,,31469,11,,,1,98,,31468,11,,,1,88,,31467,11,,,1,92,,31466,11,,,1,47,,31465,11,,,1,88,,31464,11,,,1
9800,'74',610,,31497,11,,,1,46,,31496,11,,,1,84,,31495,11,,,1,94,,31494,11,,,1,91,,31493,11,,,1,90,,31492,11,,,1,94,,31491,11,,,1,98,,31490,11,,,1,98,,31489,11,,,1,96,,31488,11,,,1,58,,31487,11,,,1,98,,31486,11,,,1,101,,31485,11,,,1,142,,31484,11,,,1,49,,31483,11,,,1,93,,31482,11,,,1,89,,31481,11,,,1,85,,31480,11,,,1
9800,'80',755,,31513,11,,,1,88,,31512,11,,,1,88,,31511,11,,,1,90,,31510,11,,,1,93,,31509,11,,,1,89,,31508,11,,,1,53,,31507,11,,,1,93,,31506,11,,,1,93,,31505,11,,,1,93,,31504,11,,,1,93,,31503,11,,,1,98,,31502,11,,,1,88,,31501,11,,,1,92,,31500,11,,,1,47,,31499,11,,,1,88,,31498,11,,,1
989900,'1',2115,,36830,54,,,1,34,,36831,54,,,1,78,,36832,54,,,1,78,,36833,54,,,1,35,,36834,54,,,1,71,,36835,54,,,1,35,,36836,54,,,1,75,,36837,54,,,1,36,,36838,54,0,5 6,1,75,,36839,54,0,5 6,1,79,,36840,54,0,5 6,1
989900,'2',2119,,36841,54,,,1,94,,36842,54,,,1,46,,36843,54,,,1,92,,36844,54,,,1,86,,36845,54,,,1,86,,36846,54,,,1,84,,36847,54,0,5 6,1,46,,36848,54,0,5 6,1,86,,36849,54,0,5 6,1
989900,'3',2135,,36850,54,,,1,90,,36851,54,,,1,85,,36852,54,,,1,90,,36853,54,,,1,40,,36854,54,,,1,83,,36855,54,,,1,79,,36856,54,0,5 6,1,43,,36857,54,0,5 6,1,83,,36858,54,0,5 6,1
989900,'74',2119,,36859,54,,,1,94,,36860,54,,,1,46,,36861,54,,,1,92,,36862,54,,,1,86,,36863,54,,,1,86,,36864,54,,,1,84,,36865,54,0,5 6,1,46,,36866,54,0,5 6,1,86,,36867,54,0,5 6,1
989900,'80',2135,,36868,54,,,1,90,,36869,54,,,1,85,,36870,54,,,1,90,,36871,54,,,1,40,,36872,54,,,1,83,,36873,54,,,1,79,,36874,54,0,5 6,1,43,,36875,54,0,5 6,1,83,,36876,54,0,5 6,1
