2400,'1',602,,15531,73,,,1,14,,15532,73,,,1,14,,15533,73,,,1,14,,15534,73,,,1,10,,15535,73,,,1,62,,15536,73,,,1,14,,15537,73,,,1,15,,15538,73,,,1,11,,15539,73,,,1,49,,15540,73,,,1,12,,15541,73,,,1,11,,15542,73,,,1,11,,15543,73,,,1,11,,15544,73,,,1,51,,15545,73,,,1,11,,15546,73,,,1,11,,15547,73,,,1,11,,15548,73,,,1,10,,15549,73,,,1,9,,15550,73,,,1,5,,15551,60,,,1,65,,15552,60,,,1,22,,15553,60,,,1,68,,15554,60,,,1,25,,15555,60,,,1,65,,15556,60,,,1,25,,15557,60,,,1,20,,15558,54,,,1,67,,15559,54,,,1,25,,15560,54,,,1,65,,15561,54,,,1,25,,15562,54,,,1,27,,15563,54,,,1,52,,15564,54,,,1,12,,15565,54,,,1,12,,15566,54,,,1,12,,15567,54,,,1,12,,15568,54,,,1,52,,15569,54,,,1,12,,15570,54,,,1,12,,15571,54,,,1,12,,15572,54,,,1,12,,15573,54,,,1,62,,15574,54,,,1,9,,15575,54,,,1,13,,15576,54,,,1,11,,15577,54,,,1,54,,15578,54,,,1,10,,15579,54,,,1,5,,15580,54,,,1,12,,15581,54,,,1,8,,15582,54,,,1,7,,15583,54,,,1,11,,15584,54,,,1,52,,15585,54,,,1,12,,15586,54,,,1,9,,15587,54,,,1,69,,15588,54,,,1,26,,15589,54,,,1,26,,15590,54,,,1,62,,15591,54,,,1,26,,15592,54,,,1,66,,15593,54,,,1,26,,15594,54,,,1,23,,15595,54,,,1,64,,15596,54,,,1,22,,15597,54,,,1,63,,15598,54,,,1,23,,15599,54,,,1
2400,'2',824,,15618,54,,,1,34,,15600,54,,,1,74,,15601,54,,,1,75,,15602,54,,,1,33,,15603,54,,,1,76,,15604,54,,,1,34,,15605,54,,,1,83,,15617,54,,,1,77,,15606,54,,,1,37,,15607,54,,,1,77,,15608,54,,,1,77,,15609,54,,,1,38,,15610,54,,,1,76,,15611,54,,,1,37,,15612,54,,,1,77,,15613,54,,,1,77,,15614,54,,,1,38,,15615,54,,,1,75,,15616,54,,,1,35,,15628,54,,,1,71,,15627,54,,,1,34,,15619,54,,,1,74,,15620,54,,,1,74,,15621,54,,,1,34,,15622,54,,,1,74,,15623,54,,,1,34,,15624,54,,,1,74,,15625,54,,,1,34,,15626,54,,,1
2400,'3',755,,15630,54,,,1,72,,15629,54,,,1,76,,15640,54,,,1,34,,15639,54,,,1,74,,15631,54,,,1,34,,15632,54,,,1,74,,15633,54,,,1,34,,15634,54,,,1,74,,15635,54,,,1,74,,15636,54,,,1,34,,15637,54,,,1,74,,15638,54,,,1,37,,15642,54,,,1,79,,15641,54,,,1,76,,15644,54,,,1,37,,15645,54,,,1,77,,15646,54,,,1,37,,15643,54,,,1,77,,15647,54,,,1,77,,15648,54,,,1,33,,15654,54,,,1,74,,15649,54,,,1,36,,15650,54,,,1,75,,15651,54,,,1,35,,15652,54,,,1,75,,15653,54,,,1
2400,'80',755,,15656,54,,,1,72,,15655,54,,,1,76,,15666,54,,,1,34,,15665,54,,,1,74,,15657,54,,,1,34,,15658,54,,,1,74,,15659,54,,,1,34,,15660,54,,,1,74,,15661,54,,,1,74,,15662,54,,,1,34,,15663,54,,,1,74,,15664,54,,,1,37,,15668,54,,,1,79,,15667,54,,,1,76,,15670,54,,,1,37,,15671,54,,,1,77,,15672,54,,,1,37,,15669,54,,,1,77,,15673,54,,,1,77,,15674,54,,,1,33,,15680,54,,,1,74,,15675,54,,,1,36,,15676,54,,,1,75,,15677,54,,,1,35,,15678,54,,,1,75,,15679,54,,,1
8000,'1',603,,16958,29,,,1,34,,16959,29,,,1,69,,16960,29,,,1,29,,16961,29,,,1,72,,16962,29,,,1,29,,16963,29,,,1,69,,16964,29,,,1,23,,16965,29,,,1,29,,16967,29,,,1,90,,16966,29,,,1,90,,16940,29,,,1,90,,16968,29,,,1,90,,16945,29,,,1,88,,16946,29,,,1,27,,16970,29,,,1,68,,16947,29,,,1,29,,16948,29,,,1,29,,16949,29,,,1,69,,16950,29,,,1,29,,16951,29,,,1,69,,16952,29,,,1,29,,16953,29,,,1,69,,16954,29,,,1,29,,16955,29,,,1,69,,16956,29,,,1,24,,16969,29,,,1,89,,16941,29,,,1,89,,16942,29,,,1,89,,16943,29,,,1,89,,16944,29,,,1,49,,16957,29,,,1
8000,'2',713,,16971,29,,,1,46,,16972,29,,,1,98,,16973,29,,,1,98,,16974,29,,,1,98,,16975,29,,,1,98,,16976,29,,,1,98,,16977,29,,,1,98,,16978,29,,,1,98,,16979,29,,,1,98,,16980,29,,,1,98,,16981,29,,,1,98,,16982,29,,,1,98,,16983,29,,,1,93,,16984,29,,,1,93,,16985,29,,,1
8000,'3',940,,16986,29,,,1,89,,16987,29,,,1,89,,16988,29,,,1,93,,16989,29,,,1,93,,16990,29,,,1,53,,16991,29,,,1,93,,16992,29,,,1,92,,16993,29,,,1,91,,16994,29,,,1,91,,16995,29,,,1,91,,16996,29,,,1,44,,16997,29,,,1,85,,16998,29,,,1,85,,16999,29,,,1,85,,17000,29,,,1,45,,17001,29,,,1
8000,'80',940,,17002,29,,,1,89,,17003,29,,,1,89,,17004,29,,,1,93,,17005,29,,,1,93,,17006,29,,,1,53,,17007,29,,,1,93,,17008,29,,,1,92,,17009,29,,,1,91,,17010,29,,,1,91,,17011,29,,,1,91,,17012,29,,,1,44,,17013,29,,,1,85,,17014,29,,,1,85,,17015,29,,,1,85,,17016,29,,,1,45,,17017,29,,,1
41800,'24612.1',725,,20687,2,,,1,1,,20688,2,,,1
41801,'24612.1',1522,,20689,26,,,1,1,,20690,26,,,1
45200,'24612.1',857,,20741,15,,,1
45201,'24612.1',1610,,20742,19,,,1
