9900,'1',450,,31612,15,,,1,81,,31613,15,,,1,80,,31614,15,,,1,41,,31615,15,,,1,92,,31616,15,,,1,75,,31617,15,,,1,38,,31618,15,,,1,72,,31619,15,,,1,75,,31620,15,,,1,35,,31621,15,,,1,97,,31622,15,,,1,94,,31623,15,,,1,94,,31624,15,,,1,94,,31625,15,,,1,30,,31637,15,,,1,71,,31636,15,,,1,29,,31626,15,,,1,70,,31627,15,,,1,30,,31628,15,,,1,70,,31629,15,,,1,30,,31630,15,,,1,69,,31631,15,,,1,30,,31632,15,,,1,67,,31633,15,,,1,30,,31634,15,,,1,69,,31635,15,,,1
9900,'2',608,,31640,15,,,1,38,,31641,15,,,1,78,,31655,15,,,1,89,,31654,15,,,1,87,,31642,15,,,1,47,,31643,15,,,1,87,,31644,15,,,1,88,,31645,15,,,1,104,,31646,15,,,1,95,,31647,15,,,1,95,,31648,15,,,1,95,,31649,15,,,1,95,,31650,15,,,1,95,,31651,15,,,1,55,,31652,15,,,1,95,,31653,15,,,1,87,,31657,15,,,1,90,,31656,15,,,1
9900,'3',616,,31660,15,,,1,38,,31661,15,,,1,78,,31662,15,,,1,78,,31663,15,,,1,91,,31680,15,,,1,49,,31664,15,,,1,89,,31665,15,,,1,89,,31666,15,,,1,90,,31667,15,,,1,89,,31668,15,,,1,49,,31669,15,,,1,89,,31670,15,,,1,89,,31671,15,,,1,89,,31672,15,,,1,89,,31673,15,,,1,88,,31674,15,,,1,49,,31675,15,,,1,89,,31676,15,,,1,86,,31677,15,,,1
9900,'74',608,,31681,15,,,1,38,,31682,15,,,1,78,,31696,15,,,1,89,,31695,15,,,1,87,,31683,15,,,1,47,,31684,15,,,1,87,,31685,15,,,1,88,,31686,15,,,1,104,,31687,15,,,1,95,,31688,15,,,1,95,,31689,15,,,1,95,,31690,15,,,1,95,,31691,15,,,1,95,,31692,15,,,1,55,,31693,15,,,1,95,,31694,15,,,1,87,,31698,15,,,1,90,,31697,15,,,1
9900,'80',616,,31701,15,,,1,38,,31702,15,,,1,78,,31703,15,,,1,78,,31704,15,,,1,91,,31721,15,,,1,49,,31705,15,,,1,89,,31706,15,,,1,89,,31707,15,,,1,90,,31708,15,,,1,89,,31709,15,,,1,49,,31710,15,,,1,89,,31711,15,,,1,89,,31712,15,,,1,89,,31713,15,,,1,89,,31714,15,,,1,88,,31715,15,,,1,49,,31716,15,,,1,89,,31717,15,,,1,86,,31718,15,,,1
36000,'1',844,,33649,15,,,1,69,,33650,15,,,1,29,,33651,15,,,1,69,,33652,15,,,1,28,,33653,15,,,1,69,,33654,15,,,1,44,,33655,15,,,1,84,,33656,15,,,1,85,,33657,15,,,1,84,,33658,15,,,1,44,,33659,15,,,1,86,,33660,15,,,1,82,,33661,15,,,1,84,,33662,15,,,1,43,,33663,15,,,1,84,,33664,15,,,1,82,,33665,15,,,1,44,,33666,15,,,1,84,,33667,15,,,1,66,,33668,15,,,1,26,,33669,15,,,1,26,,33670,15,,,1,66,,33671,15,,,1
36000,'2',843,,33672,15,,,1,63,,33673,15,,,1,23,,33674,15,,,1,23,,33675,15,,,1,63,,33676,15,,,1,23,,33677,15,,,1,63,,33678,15,,,1,23,,33679,15,,,1,23,,33680,15,,,1,63,,33681,15,,,1,23,,33682,15,,,1,23,,33683,15,,,1,63,,33684,15,,,1,23,,33685,15,,,1,63,,33686,15,,,1,23,,33687,15,,,1,24,,33688,15,,,1,64,,33689,15,,,1,23,,33690,15,,,1,63,,33691,15,,,1,19,,33692,15,,,1,23,,33693,15,,,1,63,,33694,15,,,1,23,,33695,15,,,1,25,,33696,15,,,1,63,,33697,15,,,1,24,,33698,15,,,1,64,,33699,15,,,1,24,,33700,15,,,1,24,,33701,15,,,1,63,,33702,15,,,1,26,,33703,15,,,1,64,,33704,15,,,1,24,,33705,15,,,1,24,,33706,15,,,1,64,,33707,15,,,1
36000,'3',841,,33708,15,,,1,62,,33709,15,,,1,22,,33710,15,,,1,22,,33711,15,,,1,62,,33712,15,,,1,22,,33713,15,,,1,23,,33714,15,,,1,62,,33715,15,,,1,22,,33716,15,,,1,21,,33717,15,,,1,62,,33718,15,,,1,22,,33719,15,,,1,62,,33720,15,,,1,22,,33721,15,,,1,22,,33722,15,,,1,63,,33723,15,,,1,22,,33724,15,,,1,22,,33725,15,,,1,62,,33726,15,,,1,22,,33727,15,,,1,61,,33728,15,,,1,22,,33729,15,,,1,22,,33730,15,,,1,62,,33731,15,,,1,22,,33732,15,,,1,22,,33733,15,,,1,62,,33734,15,,,1,22,,33735,15,,,1,23,,33736,15,,,1,63,,33737,15,,,1,23,,33738,15,,,1,63,,33739,15,,,1,23,,33740,15,,,1,24,,33741,15,,,1,63,,33742,15,,,1,22,,33743,15,,,1,63,,33744,15,,,1,23,,33745,15,,,1
36000,'74',843,,33746,15,,,1,63,,33747,15,,,1,23,,33748,15,,,1,23,,33749,15,,,1,63,,33750,15,,,1,23,,33751,15,,,1,63,,33752,15,,,1,23,,33753,15,,,1,23,,33754,15,,,1,63,,33755,15,,,1,23,,33756,15,,,1,23,,33757,15,,,1,63,,33758,15,,,1,23,,33759,15,,,1,63,,33760,15,,,1,23,,33761,15,,,1,24,,33762,15,,,1,64,,33763,15,,,1,23,,33764,15,,,1,63,,33765,15,,,1,19,,33766,15,,,1,23,,33767,15,,,1,63,,33768,15,,,1,23,,33769,15,,,1,25,,33770,15,,,1,63,,33771,15,,,1,24,,33772,15,,,1,64,,33773,15,,,1,24,,33774,15,,,1,24,,33775,15,,,1,63,,33776,15,,,1,26,,33777,15,,,1,64,,33778,15,,,1,24,,33779,15,,,1,24,,33780,15,,,1,64,,33781,15,,,1,24,,33782,15,,,1
36000,'80',841,,33783,15,,,1,62,,33784,15,,,1,22,,33785,15,,,1,22,,33786,15,,,1,62,,33787,15,,,1,22,,33788,15,,,1,23,,33789,15,,,1,62,,33790,15,,,1,22,,33791,15,,,1,21,,33792,15,,,1,62,,33793,15,,,1,22,,33794,15,,,1,62,,33795,15,,,1,22,,33796,15,,,1,22,,33797,15,,,1,63,,33798,15,,,1,22,,33799,15,,,1,22,,33800,15,,,1,62,,33801,15,,,1,22,,33802,15,,,1,61,,33803,15,,,1,22,,33804,15,,,1,22,,33805,15,,,1,62,,33806,15,,,1,22,,33807,15,,,1,22,,33808,15,,,1,62,,33809,15,,,1,22,,33810,15,,,1,23,,33811,15,,,1,63,,33812,15,,,1,23,,33813,15,,,1,63,,33814,15,,,1,23,,33815,15,,,1,24,,33816,15,,,1,63,,33817,15,,,1,22,,33818,15,,,1,63,,33819,15,,,1,23,,33820,15,,,1
989900,'1',2047,,36830,15,,,1,76,,36831,15,,,1,78,,36832,15,,,1,38,,36833,15,,,1,75,,36834,15,,,1,34,,36835,15,,,1,75,,36836,15,,,1,35,,36837,15,,,1,75,,36838,15,0,5 6,1,75,,36839,15,0,5 6,1,41,,36840,15,0,5 6,1
989900,'2',2049,,36841,15,,,1,94,,36842,15,,,1,91,,36843,15,,,1,94,,36844,15,,,1,86,,36845,15,,,1,86,,36846,15,,,1,45,,36847,15,0,5 6,1,86,,36848,15,0,5 6,1,86,,36849,15,0,5 6,1
989900,'3',2106,,36850,15,,,1,50,,36851,15,,,1,90,,36852,15,,,1,90,,36853,15,,,1,82,,36854,15,,,1,83,,36855,15,,,1,41,,36856,15,0,5 6,1,83,,36857,15,0,5 6,1,83,,36858,15,0,5 6,1
989900,'74',2049,,36859,15,,,1,94,,36860,15,,,1,91,,36861,15,,,1,94,,36862,15,,,1,86,,36863,15,,,1,86,,36864,15,,,1,45,,36865,15,0,5 6,1,86,,36866,15,0,5 6,1,86,,36867,15,0,5 6,1
989900,'80',2106,,36868,15,,,1,50,,36869,15,,,1,90,,36870,15,,,1,90,,36871,15,,,1,82,,36872,15,,,1,83,,36873,15,,,1,41,,36874,15,0,5 6,1,83,,36875,15,0,5 6,1,83,,36876,15,0,5 6,1
