300,'1',1020,,12922,3,4,,1,1187,,12923,3,4,,1
300,'2',2243,,12924,3,4,,1
300,'3',2221,,12939,3,4,,1
300,'80',2221,,12953,3,4,,1
301,'1',515,,12968,5,,,1,32,,12969,5,,,1,72,,12970,5,,,1,33,,12971,5,,,1,72,,12972,5,,,1,33,,12973,5,,,1,72,,12974,5,,,1,71,,12975,5,,,1,32,,12967,5,,,1,77,,12991,5,,,1,46,,12976,5,,,1,86,,12977,5,,,1,86,,12978,5,,,1,86,,12979,5,,,1,46,,12980,5,,,1,86,,12981,5,,,1,67,,12982,5,,,1,32,,12983,5,,,1,72,,12984,5,,,1,32,,12985,5,,,1,72,,12986,5,,,1,32,,12987,5,,,1,72,,12988,5,,,1,32,,12989,5,,,1,66,,12990,5,,,1,29,,12996,5,,,1,66,,12993,5,,,1,83,,12994,5,,,1,40,,12995,5,0,25 26,1
301,'2',753,,12999,5,,,1,103,,12998,5,,,1,144,,13003,5,,,1,105,,13000,5,,,1,105,,13001,5,,,1,105,,13002,5,,,1,105,,13004,5,,,1,106,,13005,5,,,1,106,,13006,5,,,1,106,,13007,5,,,1,106,,13008,5,,,1,102,,13009,5,,,1,102,,13010,5,,,1,102,,12997,5,0,25 26,1
301,'3',913,,13018,5,,,1,102,,13017,5,,,1,102,,13016,5,,,1,102,,13015,5,,,1,102,,13014,5,,,1,102,,13013,5,,,1,102,,13012,5,,,1,102,,13011,5,,,1,102,,13023,5,,,1,102,,13022,5,,,1,102,,13021,5,,,1,98,,13020,5,,,1,98,,13019,5,0,25 26,1
301,'80',913,,13031,5,,,1,102,,13030,5,,,1,102,,13029,5,,,1,102,,13028,5,,,1,102,,13027,5,,,1,102,,13026,5,,,1,102,,13025,5,,,1,102,,13024,5,,,1,102,,13036,5,,,1,102,,13035,5,,,1,102,,13034,5,,,1,98,,13033,5,,,1,98,,13032,5,0,25 26,1
41201,'24612.1',1532,,20670,17,,,1
41300,'24611.1',739,,20671,3,,,1
41301,'24611.1',1508,,20672,29,,,1,1,,20673,29,,,1
