901,'1',653,,26167,54,,,1,69,,26160,54,,,1,35,,26161,54,,,1,73,,26162,54,,,1,73,,26163,54,,,1,33,,26164,54,,,1,73,,26165,54,,,1,33,,26166,54,,,1,70,,26174,54,,,1,44,,26168,54,,,1,84,,26169,54,,,1,84,,26170,54,,,1,86,,26171,54,,,1,44,,26172,54,,,1,102,,26173,54,,,1,82,,26175,54,,,1,73,,26176,54,,,1,33,,26177,54,,,1,76,,26178,54,,,1,87,,26179,54,,,1,31,,26180,54,,,1,78,,26181,54,,,1,38,,26182,54,,,1,71,,26183,54,,,1
901,'2',750,,26184,54,,,1,79,,26185,54,,,1,79,,26186,54,,,1,39,,26187,54,,,1,79,,26188,54,,,1,79,,26189,54,,,1,39,,26190,54,,,1,79,,26191,54,,,1,84,,26192,54,,,1,41,,26193,54,,,1,81,,26194,54,,,1,81,,26195,54,,,1,41,,26196,54,,,1,81,,26197,54,,,1,84,,26198,54,,,1,42,,26199,54,,,1,80,,26200,54,,,1,82,,26201,54,,,1,82,,26202,54,,,1,42,,26203,54,,,1,82,,26204,54,,,1,82,,26205,54,,,1
901,'3',854,,26206,54,,,1,81,,26207,54,,,1,81,,26208,54,,,1,41,,26209,54,,,1,81,,26210,54,,,1,81,,26211,54,,,1,81,,26212,54,,,1,43,,26213,54,,,1,81,,26214,54,,,1,81,,26215,54,,,1,41,,26216,54,,,1,81,,26217,54,,,1,79,,26218,54,,,1,41,,26219,54,,,1,81,,26220,54,,,1,80,,26221,54,,,1,38,,26222,54,,,1,80,,26223,54,,,1
901,'74',750,,26224,54,,,1,79,,26225,54,,,1,79,,26226,54,,,1,39,,26227,54,,,1,79,,26228,54,,,1,79,,26229,54,,,1,39,,26230,54,,,1,79,,26231,54,,,1,84,,26232,54,,,1,41,,26233,54,,,1,81,,26234,54,,,1,81,,26235,54,,,1,41,,26236,54,,,1,81,,26237,54,,,1,84,,26238,54,,,1,42,,26239,54,,,1,80,,26240,54,,,1,82,,26241,54,,,1,82,,26242,54,,,1,42,,26243,54,,,1,82,,26244,54,,,1,82,,26245,54,,,1
901,'80',854,,26246,54,,,1,81,,26247,54,,,1,81,,26248,54,,,1,41,,26249,54,,,1,81,,26250,54,,,1,81,,26251,54,,,1,81,,26252,54,,,1,43,,26253,54,,,1,81,,26254,54,,,1,81,,26255,54,,,1,41,,26256,54,,,1,81,,26257,54,,,1,79,,26258,54,,,1,41,,26259,54,,,1,81,,26260,54,,,1,80,,26261,54,,,1,38,,26262,54,,,1,80,,26263,54,,,1
1600,'1',539,,26485,31,,,1,62,,26486,31,,,1,10,,26443,52,,,1,22,,26444,52,,,1,67,,26445,52,,,1,22,,26446,52,,,1,26,,26447,52,,,1,62,,26448,52,,,1,18,,26449,52,,,1,26,,26450,52,,,1,62,,26451,52,,,1,22,,26452,52,,,1,68,,26453,52,,,1,29,,26454,52,,,1,75,,26455,52,,,1,27,,26456,52,,,1,71,,26457,52,,,1,31,,26458,52,,,1,71,,26459,52,,,1,31,,26460,52,,,1,71,,26461,52,,,1,23,,26487,31,,,1,12,,26462,52,,,1,66,,26463,52,,,1,23,,26464,52,,,1,23,,26465,52,,,1,63,,26466,52,,,1,23,,26467,52,,,1,68,,26468,52,,,1,23,,26469,52,,,1,23,,26470,52,,,1,63,,26471,52,,,1,23,,26472,52,,,1,58,,26473,52,,,1,17,,26474,52,,,1,23,,26475,52,,,1,63,,26476,52,,,1,23,,26477,52,,,1,23,,26478,52,,,1,56,,26479,52,,,1,34,,26480,52,,,1,74,,26481,52,,,1,34,,26482,52,,,1,71,,26483,52,,,1,34,,26484,52,,,1,74,,26488,52,,,1
1600,'2',646,,26514,31,,,1,73,,26489,52,,,1,38,,26490,52,,,1,83,,26491,52,,,1,78,,26492,52,,,1,38,,26493,52,,,1,78,,26494,52,,,1,78,,26495,52,,,1,38,,26496,52,,,1,78,,26497,52,,,1,78,,26498,52,,,1,45,,26499,52,,,1,81,,26500,52,,,1,83,,26501,52,,,1,41,,26502,52,,,1,77,,26503,52,,,1,81,,26504,52,,,1,41,,26505,52,,,1,81,,26506,52,,,1,81,,26507,52,,,1,31,,26508,52,,,1,76,,26509,52,,,1,79,,26510,52,,,1,33,,26511,52,,,1,73,,26512,52,,,1,37,,26513,52,,,1,75,,26515,52,,,1,36,,26516,52,,,1
1600,'3',728,,26532,31,,,1,95,,26533,31,,,1,91,,26517,52,,,1,97,,26518,52,,,1,95,,26519,52,,,1,95,,26520,52,,,1,56,,26521,52,,,1,99,,26526,52,,,1,97,,26522,52,,,1,98,,26523,52,,,1,98,,26524,52,,,1,95,,26525,52,,,1,93,,26531,52,,,1,92,,26527,52,,,1,89,,26528,52,,,1,92,,26529,52,,,1,49,,26530,52,,,1
1600,'74',646,,26557,31,,,1,73,,26534,52,,,1,38,,26535,52,,,1,83,,26536,52,,,1,78,,26537,52,,,1,38,,26538,52,,,1,78,,26539,52,,,1,78,,26540,52,,,1,38,,26541,52,,,1,78,,26542,52,,,1,78,,26543,52,,,1,45,,26544,52,,,1,81,,26545,52,,,1,83,,26546,52,,,1,41,,26547,52,,,1,77,,26548,52,,,1,81,,26549,52,,,1,41,,26550,52,,,1,81,,26551,52,,,1,81,,26552,52,,,1,31,,26553,52,,,1,76,,26554,52,,,1,79,,26555,52,,,1,33,,26556,52,,,1,73,,26558,52,,,1,37,,26559,52,,,1,75,,26560,52,,,1,36,,26561,52,,,1
1600,'80',728,,26577,31,,,1,95,,26578,31,,,1,91,,26562,52,,,1,97,,26563,52,,,1,95,,26564,52,,,1,95,,26565,52,,,1,56,,26566,52,,,1,99,,26571,52,,,1,97,,26567,52,,,1,98,,26568,52,,,1,98,,26569,52,,,1,95,,26570,52,,,1,93,,26576,52,,,1,92,,26572,52,,,1,89,,26573,52,,,1,92,,26574,52,,,1,49,,26575,52,,,1
52201,'1',904,,34051,10,,,1,121,,34045,10,,,1,119,,34046,10,,,1,159,,34047,10,,,1,119,,34048,10,,,1,120,,34049,10,,,1,159,,34050,10,,,1
