9900,'1',452,,31612,19,,,1,81,,31613,19,,,1,80,,31614,19,,,1,41,,31615,19,,,1,93,,31616,19,,,1,75,,31617,19,,,1,78,,31618,19,,,1,31,,31619,19,,,1,75,,31620,19,,,1,35,,31621,19,,,1,97,,31622,19,,,1,94,,31623,19,,,1,94,,31624,19,,,1,94,,31625,19,,,1,31,,31637,19,,,1,71,,31636,19,,,1,29,,31626,19,,,1,70,,31627,19,,,1,30,,31628,19,,,1,70,,31629,19,,,1,30,,31630,19,,,1,69,,31631,19,,,1,30,,31632,19,,,1,66,,31633,19,,,1,30,,31634,19,,,1,69,,31635,19,,,1
9900,'2',610,,31640,19,,,1,38,,31641,19,,,1,78,,31655,19,,,1,89,,31654,19,,,1,87,,31642,19,,,1,47,,31643,19,,,1,87,,31644,19,,,1,88,,31645,19,,,1,104,,31646,19,,,1,95,,31647,19,,,1,95,,31648,19,,,1,95,,31649,19,,,1,95,,31650,19,,,1,95,,31651,19,,,1,55,,31652,19,,,1,95,,31653,19,,,1,87,,31657,19,,,1,90,,31656,19,,,1
9900,'3',618,,31660,19,,,1,38,,31661,19,,,1,78,,31662,19,,,1,78,,31663,19,,,1,91,,31680,19,,,1,49,,31664,19,,,1,89,,31665,19,,,1,89,,31666,19,,,1,90,,31667,19,,,1,89,,31668,19,,,1,49,,31669,19,,,1,89,,31670,19,,,1,89,,31671,19,,,1,89,,31672,19,,,1,89,,31673,19,,,1,88,,31674,19,,,1,49,,31675,19,,,1,89,,31676,19,,,1,86,,31677,19,,,1
9900,'74',610,,31681,19,,,1,38,,31682,19,,,1,78,,31696,19,,,1,89,,31695,19,,,1,87,,31683,19,,,1,47,,31684,19,,,1,87,,31685,19,,,1,88,,31686,19,,,1,104,,31687,19,,,1,95,,31688,19,,,1,95,,31689,19,,,1,95,,31690,19,,,1,95,,31691,19,,,1,95,,31692,19,,,1,55,,31693,19,,,1,95,,31694,19,,,1,87,,31698,19,,,1,90,,31697,19,,,1
9900,'80',618,,31701,19,,,1,38,,31702,19,,,1,78,,31703,19,,,1,78,,31704,19,,,1,91,,31721,19,,,1,49,,31705,19,,,1,89,,31706,19,,,1,89,,31707,19,,,1,90,,31708,19,,,1,89,,31709,19,,,1,49,,31710,19,,,1,89,,31711,19,,,1,89,,31712,19,,,1,89,,31713,19,,,1,89,,31714,19,,,1,88,,31715,19,,,1,49,,31716,19,,,1,89,,31717,19,,,1,86,,31718,19,,,1
36000,'1',847,,33649,19,,,1,69,,33650,19,,,1,29,,33651,19,,,1,69,,33652,19,,,1,27,,33653,19,,,1,70,,33654,19,,,1,44,,33655,19,,,1,84,,33656,19,,,1,85,,33657,19,,,1,84,,33658,19,,,1,44,,33659,19,,,1,85,,33660,19,,,1,83,,33661,19,,,1,84,,33662,19,,,1,43,,33663,19,,,1,84,,33664,19,,,1,81,,33665,19,,,1,44,,33666,19,,,1,84,,33667,19,,,1,66,,33668,19,,,1,26,,33669,19,,,1,25,,33670,19,,,1,66,,33671,19,,,1
36000,'2',845,,33672,19,,,1,63,,33673,19,,,1,23,,33674,19,,,1,23,,33675,19,,,1,63,,33676,19,,,1,23,,33677,19,,,1,63,,33678,19,,,1,24,,33679,19,,,1,23,,33680,19,,,1,63,,33681,19,,,1,23,,33682,19,,,1,23,,33683,19,,,1,63,,33684,19,,,1,23,,33685,19,,,1,62,,33686,19,,,1,23,,33687,19,,,1,25,,33688,19,,,1,63,,33689,19,,,1,23,,33690,19,,,1,63,,33691,19,,,1,19,,33692,19,,,1,23,,33693,19,,,1,63,,33694,19,,,1,23,,33695,19,,,1,26,,33696,19,,,1,62,,33697,19,,,1,24,,33698,19,,,1,64,,33699,19,,,1,24,,33700,19,,,1,24,,33701,19,,,1,62,,33702,19,,,1,27,,33703,19,,,1,64,,33704,19,,,1,24,,33705,19,,,1,24,,33706,19,,,1,64,,33707,19,,,1
36000,'3',842,,33708,19,,,1,62,,33709,19,,,1,22,,33710,19,,,1,22,,33711,19,,,1,62,,33712,19,,,1,22,,33713,19,,,1,24,,33714,19,,,1,62,,33715,19,,,1,22,,33716,19,,,1,61,,33717,19,,,1,22,,33718,19,,,1,22,,33719,19,,,1,62,,33720,19,,,1,22,,33721,19,,,1,22,,33722,19,,,1,63,,33723,19,,,1,22,,33724,19,,,1,22,,33725,19,,,1,62,,33726,19,,,1,22,,33727,19,,,1,61,,33728,19,,,1,22,,33729,19,,,1,22,,33730,19,,,1,62,,33731,19,,,1,22,,33732,19,,,1,22,,33733,19,,,1,62,,33734,19,,,1,22,,33735,19,,,1,63,,33736,19,,,1,23,,33737,19,,,1,22,,33738,19,,,1,63,,33739,19,,,1,23,,33740,19,,,1,25,,33741,19,,,1,63,,33742,19,,,1,22,,33743,19,,,1,63,,33744,19,,,1,23,,33745,19,,,1
36000,'74',845,,33746,19,,,1,63,,33747,19,,,1,23,,33748,19,,,1,23,,33749,19,,,1,63,,33750,19,,,1,23,,33751,19,,,1,63,,33752,19,,,1,24,,33753,19,,,1,23,,33754,19,,,1,63,,33755,19,,,1,23,,33756,19,,,1,23,,33757,19,,,1,63,,33758,19,,,1,23,,33759,19,,,1,62,,33760,19,,,1,23,,33761,19,,,1,25,,33762,19,,,1,63,,33763,19,,,1,23,,33764,19,,,1,63,,33765,19,,,1,19,,33766,19,,,1,23,,33767,19,,,1,63,,33768,19,,,1,23,,33769,19,,,1,26,,33770,19,,,1,62,,33771,19,,,1,24,,33772,19,,,1,64,,33773,19,,,1,24,,33774,19,,,1,24,,33775,19,,,1,62,,33776,19,,,1,27,,33777,19,,,1,64,,33778,19,,,1,24,,33779,19,,,1,24,,33780,19,,,1,64,,33781,19,,,1,24,,33782,19,,,1
36000,'80',842,,33783,19,,,1,62,,33784,19,,,1,22,,33785,19,,,1,22,,33786,19,,,1,62,,33787,19,,,1,22,,33788,19,,,1,24,,33789,19,,,1,62,,33790,19,,,1,22,,33791,19,,,1,61,,33792,19,,,1,22,,33793,19,,,1,22,,33794,19,,,1,62,,33795,19,,,1,22,,33796,19,,,1,22,,33797,19,,,1,63,,33798,19,,,1,22,,33799,19,,,1,22,,33800,19,,,1,62,,33801,19,,,1,22,,33802,19,,,1,61,,33803,19,,,1,22,,33804,19,,,1,22,,33805,19,,,1,62,,33806,19,,,1,22,,33807,19,,,1,22,,33808,19,,,1,62,,33809,19,,,1,22,,33810,19,,,1,63,,33811,19,,,1,23,,33812,19,,,1,22,,33813,19,,,1,63,,33814,19,,,1,23,,33815,19,,,1,25,,33816,19,,,1,63,,33817,19,,,1,22,,33818,19,,,1,63,,33819,19,,,1,23,,33820,19,,,1
989900,'1',2049,,36830,19,,,1,76,,36831,19,,,1,78,,36832,19,,,1,38,,36833,19,,,1,75,,36834,19,,,1,34,,36835,19,,,1,75,,36836,19,,,1,75,,36837,19,,,1,35,,36838,19,0,5 6,1,75,,36839,19,0,5 6,1,41,,36840,19,0,5 6,1
989900,'2',2051,,36841,19,,,1,94,,36842,19,,,1,91,,36843,19,,,1,94,,36844,19,,,1,86,,36845,19,,,1,86,,36846,19,,,1,45,,36847,19,0,5 6,1,86,,36848,19,0,5 6,1,86,,36849,19,0,5 6,1
989900,'3',2108,,36850,19,,,1,50,,36851,19,,,1,90,,36852,19,,,1,90,,36853,19,,,1,82,,36854,19,,,1,83,,36855,19,,,1,40,,36856,19,0,5 6,1,83,,36857,19,0,5 6,1,83,,36858,19,0,5 6,1
989900,'74',2051,,36859,19,,,1,94,,36860,19,,,1,91,,36861,19,,,1,94,,36862,19,,,1,86,,36863,19,,,1,86,,36864,19,,,1,45,,36865,19,0,5 6,1,86,,36866,19,0,5 6,1,86,,36867,19,0,5 6,1
989900,'80',2108,,36868,19,,,1,50,,36869,19,,,1,90,,36870,19,,,1,90,,36871,19,,,1,82,,36872,19,,,1,83,,36873,19,,,1,40,,36874,19,0,5 6,1,83,,36875,19,0,5 6,1,83,,36876,19,0,5 6,1
