100,'1',349,,23457,8,,,1,78,,23456,8,,,1,31,,23455,8,,,1,82,,23483,23,,,1,78,,23482,23,,,1,36,,23480,23,,,1,76,,23481,23,,,1,74,,23479,23,,,1,35,,23478,23,,,1,75,,23477,23,,,1,109,,23476,23,,,1,113,,23475,23,,,1,112,,23474,23,,,1,156,,23473,23,,,1,47,,23484,23,,,1,77,,23472,23,,,1,31,,23471,23,,,1,77,,23470,23,,,1,71,,23469,23,,,1,34,,23468,23,,,1,74,,23467,23,,,1,30,,23466,23,,,1,67,,23465,23,,,1,98,,23464,23,,,1,104,,23463,23,,,1,100,,23462,23,,,1,93,,23461,23,,,1,97,,23460,23,,,1,49,,23459,23,,,1,95,,23458,23,,,1
100,'74',548,,23507,8,,,1,96,,23485,23,,,1,103,,23486,23,,,1,107,,23487,23,,,1,103,,23488,23,,,1,147,,23489,23,,,1,54,,23490,23,,,1,87,,23491,23,,,1,101,,23492,23,,,1,92,,23493,23,,,1,92,,23494,23,,,1,92,,23495,23,,,1,89,,23496,23,,,1,92,,23497,23,,,1,51,,23498,23,,,1,85,,23499,23,,,1,92,,23500,23,,,1,92,,23501,23,,,1,97,,23502,23,,,1,97,,23503,23,,,1,94,,23504,23,,,1,94,,23505,23,,,1,97,,23506,23,,,1
100,'80',739,,23523,8,,,1,91,,23508,23,,,1,116,,23509,23,,,1,155,,23510,23,,,1,113,,23511,23,,,1,115,,23512,23,,,1,112,,23513,23,,,1,108,,23514,23,,,1,152,,23515,23,,,1,111,,23516,23,,,1,109,,23517,23,,,1,98,,23518,23,,,1,99,,23519,23,,,1,99,,23520,23,,,1,96,,23521,23,,,1,99,,23522,23,,,1
100,'35296.2',548,,23546,8,,,1,96,,23524,23,,,1,103,,23525,23,,,1,107,,23526,23,,,1,103,,23527,23,,,1,147,,23528,23,,,1,54,,23529,23,,,1,87,,23530,23,,,1,101,,23531,23,,,1,92,,23532,23,,,1,92,,23533,23,,,1,92,,23534,23,,,1,89,,23535,23,,,1,92,,23536,23,,,1,51,,23537,23,,,1,85,,23538,23,,,1,92,,23539,23,,,1,92,,23540,23,,,1,97,,23541,23,,,1,97,,23542,23,,,1,94,,23543,23,,,1,94,,23544,23,,,1,97,,23545,23,,,1
100,'35296.3',739,,23562,8,,,1,91,,23547,23,,,1,116,,23548,23,,,1,155,,23549,23,,,1,113,,23550,23,,,1,115,,23551,23,,,1,112,,23552,23,,,1,108,,23553,23,,,1,152,,23554,23,,,1,111,,23555,23,,,1,109,,23556,23,,,1,98,,23557,23,,,1,99,,23558,23,,,1,99,,23559,23,,,1,96,,23560,23,,,1,99,,23561,23,,,1
100,'35298.2',548,,23615,8,,,1,96,,23614,23,,,1,77,,23563,23,,,1,17,,23564,23,,,1,21,,23565,23,,,1,57,,23566,23,,,1,17,,23567,23,,,1,17,,23568,23,,,1,57,,23569,23,,,1,17,,23570,23,,,1,17,,23571,23,,,1,17,,23572,23,,,1,57,,23573,23,,,1,21,,23574,23,,,1,17,,23575,23,,,1,57,,23576,23,,,1,17,,23577,23,,,1,19,,23578,23,,,1,57,,23579,23,,,1,17,,23580,23,,,1,17,,23581,23,,,1,21,,23582,23,,,1,57,,23583,23,,,1,17,,23584,23,,,1,17,,23585,23,,,1,57,,23586,23,,,1,17,,23587,23,,,1,17,,23588,23,,,1,17,,23589,23,,,1,57,,23590,23,,,1,17,,23591,23,,,1,17,,23592,23,,,1,57,,23593,23,,,1,17,,23594,23,,,1,14,,23595,23,,,1,17,,23596,23,,,1,57,,23597,23,,,1,17,,23598,23,,,1,17,,23599,23,,,1,57,,23600,23,,,1,17,,23601,23,,,1,16,,23602,23,,,1,17,,23603,23,,,1,57,,23604,23,,,1,17,,23605,23,,,1,14,,23606,23,,,1,92,,23607,23,,,1,92,,23608,23,,,1,97,,23609,23,,,1,97,,23610,23,,,1,94,,23611,23,,,1,94,,23612,23,,,1,97,,23613,23,,,1
100,'35298.3',720,,23616,23,,,1,17,,23617,23,,,1,17,,23618,23,,,1,57,,23619,23,,,1,17,,23620,23,,,1,17,,23621,23,,,1,57,,23622,23,,,1,21,,23623,23,,,1,17,,23624,23,,,1,17,,23625,23,,,1,57,,23626,23,,,1,20,,23627,23,,,1,17,,23628,23,,,1,57,,23629,23,,,1,17,,23630,23,,,1,18,,23631,23,,,1,57,,23632,23,,,1,17,,23633,23,,,1,17,,23634,23,,,1,17,,23635,23,,,1,60,,23636,23,,,1,17,,23637,23,,,1,17,,23638,23,,,1,57,,23639,23,,,1,17,,23640,23,,,1,17,,23641,23,,,1,17,,23642,23,,,1,57,,23643,23,,,1,17,,23644,23,,,1,13,,23645,23,,,1,17,,23646,23,,,1,57,,23647,23,,,1,17,,23648,23,,,1,17,,23649,23,,,1,57,,23650,23,,,1,17,,23651,23,,,1,17,,23652,23,,,1,17,,23653,23,,,1,56,,23654,23,,,1,17,,23655,23,,,1,17,,23656,23,,,1,57,,23657,23,,,1,14,,23658,23,,,1,102,,23659,23,,,1,99,,23660,23,,,1,99,,23661,23,,,1,96,,23662,23,,,1,99,,23663,23,,,1
60300,'1',508,,34741,12,,,1,20,,34742,12,,,1,21,,34743,12,,,1,61,,34744,12,,,1,22,,34745,12,,,1,18,,34746,12,,,1,62,,34747,12,,,1,18,,34748,12,,,1,18,,34749,12,,,1,60,,34750,12,,,1,18,,34751,12,,,1,18,,34752,12,,,1,58,,34753,12,,,1,18,,34754,12,,,1,19,,34755,12,,,1,62,,34756,12,,,1,22,,34757,12,,,1,22,,34758,12,,,1,62,,34759,12,,,1,22,,34760,12,,,1,22,,34761,12,,,1,62,,34762,12,,,1,22,,34763,12,,,1,22,,34764,12,,,1,63,,34765,12,,,1,22,,34766,12,,,1,62,,34767,12,,,1,22,,34768,12,,,1,22,,34769,12,,,1,59,,34770,12,,,1,16,,34771,12,,,1,16,,34772,12,,,1,16,,34773,12,,,1,56,,34774,12,,,1,16,,34775,12,,,1,16,,34776,12,,,1,16,,34777,12,,,1,56,,34778,12,,,1,16,,34779,12,,,1,16,,34780,12,,,1,55,,34781,12,,,1,16,,34782,12,,,1,14,,34783,12,,,1,16,,34784,12,,,1,56,,34785,12,,,1,15,,34786,12,,,1,30,,34787,12,,,1,70,,34788,12,,,1,30,,34789,12,,,1,70,,34790,12,,,1,27,,34791,12,,,1,70,,34792,12,,,1,41,,34793,12,,,1,80,,34794,12,,,1,82,,34795,12,,,1,87,,34796,12,,,1
60300,'74',539,,34797,12,,,1,82,,34798,12,,,1,80,,34799,12,,,1,41,,34800,12,,,1,80,,34801,12,,,1,81,,34802,12,,,1,43,,34803,12,,,1,82,,34804,12,,,1,78,,34805,12,,,1,38,,34806,12,,,1,79,,34807,12,,,1,36,,34808,12,,,1,78,,34809,12,,,1,78,,34810,12,,,1,38,,34811,12,,,1,79,,34812,12,,,1,78,,34813,12,,,1,38,,34814,12,,,1,76,,34815,12,,,1,79,,34816,12,,,1,36,,34817,12,,,1,78,,34818,12,,,1,38,,34819,12,,,1,80,,34820,12,,,1,80,,34821,12,,,1,38,,34822,12,,,1,86,,34823,12,,,1,89,,34824,12,,,1,92,,34825,12,,,1
60300,'80',723,,34826,12,,,1,36,,34827,12,,,1,77,,34828,12,,,1,76,,34829,12,,,1,42,,34830,12,,,1,85,,34831,12,,,1,84,,34832,12,,,1,82,,34833,12,,,1,42,,34834,12,,,1,82,,34835,12,,,1,82,,34836,12,,,1,43,,34837,12,,,1,79,,34838,12,,,1,76,,34839,12,,,1,36,,34840,12,,,1,76,,34841,12,,,1,35,,34842,12,,,1,76,,34843,12,,,1,73,,34844,12,,,1,36,,34845,12,,,1,75,,34846,12,,,1,36,,34847,12,,,1,91,,34848,12,,,1,105,,34849,12,,,1,103,,34850,12,,,1,106,,34851,12,,,1
60300,'35296.2',539,,34852,12,,,1,82,,34853,12,,,1,80,,34854,12,,,1,41,,34855,12,,,1,80,,34856,12,,,1,81,,34857,12,,,1,43,,34858,12,,,1,82,,34859,12,,,1,78,,34860,12,,,1,38,,34861,12,,,1,79,,34862,12,,,1,36,,34863,12,,,1,78,,34864,12,,,1,78,,34865,12,,,1,38,,34866,12,,,1,79,,34867,12,,,1,78,,34868,12,,,1,38,,34869,12,,,1,76,,34870,12,,,1,79,,34871,12,,,1,36,,34872,12,,,1,78,,34873,12,,,1,38,,34874,12,,,1,80,,34875,12,,,1,80,,34876,12,,,1,38,,34877,12,,,1,86,,34878,12,,,1,89,,34879,12,,,1,92,,34880,12,,,1
60300,'35296.3',723,,34881,12,,,1,36,,34882,12,,,1,77,,34883,12,,,1,76,,34884,12,,,1,42,,34885,12,,,1,85,,34886,12,,,1,84,,34887,12,,,1,82,,34888,12,,,1,42,,34889,12,,,1,82,,34890,12,,,1,82,,34891,12,,,1,43,,34892,12,,,1,79,,34893,12,,,1,76,,34894,12,,,1,36,,34895,12,,,1,76,,34896,12,,,1,35,,34897,12,,,1,76,,34898,12,,,1,73,,34899,12,,,1,36,,34900,12,,,1,75,,34901,12,,,1,36,,34902,12,,,1,91,,34903,12,,,1,105,,34904,12,,,1,103,,34905,12,,,1,106,,34906,12,,,1
60300,'35297.2',529,,34998,12,,,1,22,,34999,12,,,1,62,,35000,12,,,1,24,,35001,12,,,1,22,,35002,12,,,1,63,,34907,12,,,1,7,,34908,12,,,1,7,,34909,12,,,1,7,,34910,12,,,1,7,,34911,12,,,1,7,,34912,12,,,1,47,,34913,12,,,1,7,,34914,12,,,1,7,,34915,12,,,1,7,,34916,12,,,1,7,,34917,12,,,1,8,,34918,12,,,1,7,,34919,12,,,1,7,,34920,12,,,1,47,,34921,12,,,1,7,,34922,12,,,1,7,,34923,12,,,1,7,,34924,12,,,1,10,,34925,12,,,1,7,,34926,12,,,1,7,,34927,12,,,1,7,,34928,12,,,1,47,,34929,12,,,1,7,,34930,12,,,1,9,,34931,12,,,1,7,,34932,12,,,1,7,,34933,12,,,1,7,,34934,12,,,1,7,,34935,12,,,1,7,,34936,12,,,1,6,,34937,12,,,1,47,,34938,12,,,1,7,,34939,12,,,1,7,,34940,12,,,1,7,,34941,12,,,1,7,,34942,12,,,1,7,,34943,12,,,1,7,,34944,12,,,1,7,,34945,12,,,1,48,,34946,12,,,1,7,,34947,12,,,1,7,,34948,12,,,1,7,,34949,12,,,1,7,,34950,12,,,1,7,,34951,12,,,1,7,,34952,12,,,1,7,,34953,12,,,1,7,,34954,12,,,1,45,,34955,12,,,1,7,,34956,12,,,1,7,,34957,12,,,1,7,,34958,12,,,1,7,,34959,12,,,1,7,,34960,12,,,1,7,,34961,12,,,1,7,,34962,12,,,1,7,,34963,12,,,1,47,,34964,12,,,1,7,,34965,12,,,1,7,,34966,12,,,1,7,,34967,12,,,1,7,,34968,12,,,1,7,,34969,12,,,1,7,,34970,12,,,1,7,,34971,12,,,1,49,,34972,12,,,1,7,,34973,12,,,1,7,,34974,12,,,1,7,,34975,12,,,1,6,,34976,12,,,1,7,,34977,12,,,1,7,,34978,12,,,1,7,,34979,12,,,1,7,,34980,12,,,1,47,,34981,12,,,1,7,,34982,12,,,1,7,,34983,12,,,1,7,,34984,12,,,1,7,,34985,12,,,1,7,,34986,12,,,1,7,,34987,12,,,1,7,,34988,12,,,1,47,,34989,12,,,1,7,,34990,12,,,1,5,,34991,12,,,1,7,,34992,12,,,1,7,,34993,12,,,1,7,,34994,12,,,1,7,,34995,12,,,1,7,,34996,12,,,1,8,,34997,12,,,1,47,,35003,12,,,1,7,,35004,12,,,1,7,,35005,12,,,1,7,,35006,12,,,1,5,,35007,12,,,1,7,,35008,12,,,1,7,,35009,12,,,1,7,,35010,12,,,1,7,,35011,12,,,1,47,,35012,12,,,1,7,,35013,12,,,1,7,,35014,12,,,1,7,,35015,12,,,1,7,,35016,12,,,1,7,,35017,12,,,1,7,,35018,12,,,1,62,,35019,12,,,1,22,,35020,12,,,1,22,,35021,12,,,1,62,,35022,12,,,1,22,,35023,12,,,1,20,,35024,12,,,1,62,,35025,12,,,1,22,,35026,12,,,1,62,,35027,12,,,1,19,,35028,12,,,1,22,,35029,12,,,1,62,,35030,12,,,1,22,,35031,12,,,1,22,,35032,12,,,1
60300,'35297.3',720,,35033,12,,,1,7,,35034,12,,,1,7,,35035,12,,,1,7,,35036,12,,,1,7,,35037,12,,,1,7,,35038,12,,,1,47,,35039,12,,,1,8,,35040,12,,,1,7,,35041,12,,,1,7,,35042,12,,,1,7,,35043,12,,,1,7,,35044,12,,,1,7,,35045,12,,,1,7,,35046,12,,,1,7,,35047,12,,,1,47,,35048,12,,,1,7,,35049,12,,,1,7,,35050,12,,,1,7,,35051,12,,,1,7,,35052,12,,,1,7,,35053,12,,,1,7,,35054,12,,,1,7,,35055,12,,,1,50,,35056,12,,,1,7,,35057,12,,,1,7,,35058,12,,,1,7,,35059,12,,,1,7,,35060,12,,,1,7,,35061,12,,,1,7,,35062,12,,,1,9,,35063,12,,,1,47,,35064,12,,,1,7,,35065,12,,,1,7,,35066,12,,,1,7,,35067,12,,,1,7,,35068,12,,,1,7,,35069,12,,,1,7,,35070,12,,,1,7,,35071,12,,,1,7,,35072,12,,,1,47,,35073,12,,,1,7,,35074,12,,,1,7,,35075,12,,,1,7,,35076,12,,,1,7,,35077,12,,,1,7,,35078,12,,,1,7,,35079,12,,,1,7,,35080,12,,,1,47,,35081,12,,,1,7,,35082,12,,,1,7,,35083,12,,,1,7,,35084,12,,,1,7,,35085,12,,,1,7,,35086,12,,,1,7,,35087,12,,,1,7,,35088,12,,,1,7,,35089,12,,,1,47,,35090,12,,,1,7,,35091,12,,,1,7,,35092,12,,,1,8,,35093,12,,,1,7,,35094,12,,,1,7,,35095,12,,,1,7,,35096,12,,,1,7,,35097,12,,,1,47,,35098,12,,,1,7,,35099,12,,,1,7,,35100,12,,,1,7,,35101,12,,,1,7,,35102,12,,,1,7,,35103,12,,,1,7,,35104,12,,,1,7,,35105,12,,,1,7,,35106,12,,,1,47,,35107,12,,,1,7,,35108,12,,,1,7,,35109,12,,,1,7,,35110,12,,,1,7,,35111,12,,,1,7,,35112,12,,,1,7,,35113,12,,,1,7,,35114,12,,,1,47,,35115,12,,,1,7,,35116,12,,,1,7,,35117,12,,,1,7,,35118,12,,,1,6,,35119,12,,,1,7,,35120,12,,,1,7,,35121,12,,,1,7,,35122,12,,,1,7,,35123,12,,,1,47,,35124,12,,,1,7,,35125,12,,,1,7,,35126,12,,,1,7,,35127,12,,,1,7,,35128,12,,,1,7,,35129,12,,,1,7,,35130,12,,,1,7,,35131,12,,,1,4,,35132,12,,,1,47,,35133,12,,,1,7,,35134,12,,,1,7,,35135,12,,,1,7,,35136,12,,,1,7,,35137,12,,,1,7,,35138,12,,,1,7,,35139,12,,,1,7,,35140,12,,,1,61,,35141,12,,,1,22,,35142,12,,,1,22,,35143,12,,,1,62,,35144,12,,,1,22,,35145,12,,,1,62,,35146,12,,,1,21,,35147,12,,,1,22,,35148,12,,,1,62,,35149,12,,,1,22,,35150,12,,,1,19,,35151,12,,,1,62,,35152,12,,,1,22,,35153,12,,,1,22,,35154,12,,,1
