101,'1',507,,23682,34,,,1,38,,23683,34,,,1,71,,23684,34,,,1,91,,23690,34,,,1,39,,23692,34,,,1,75,,23685,34,,,1,16,,23691,34,,,1,85,,23689,34,,,1,29,,23688,34,,,1,72,,23687,34,,,1,30,,23686,34,,,1,149,,23681,34,,,1,113,,23680,34,,,1,114,,23679,34,,,1,76,,23693,34,,,1,39,,23678,34,,,1,63,,23670,34,,,1,35,,23671,34,,,1,74,,23672,34,,,1,34,,23677,34,,,1,74,,23676,34,,,1,34,,23675,34,,,1,70,,23674,34,,,1,29,,23673,34,,,1,82,,23666,34,,,1,98,,23669,34,,,1,98,,23668,34,,,1,98,,23667,34,,,1,89,,23665,34,,,1,95,,23664,34,,,1
101,'74',612,,23714,10,,,1,88,,23715,34,,,1,107,,23694,34,,,1,103,,23695,34,,,1,109,,23696,34,,,1,112,,23697,34,,,1,112,,23708,34,,,1,101,,23698,34,,,1,92,,23699,34,,,1,92,,23700,34,,,1,92,,23701,34,,,1,93,,23702,34,,,1,92,,23703,34,,,1,47,,23704,34,,,1,87,,23705,34,,,1,92,,23706,34,,,1,88,,23707,34,,,1,121,,23709,34,,,1,94,,23710,34,,,1,92,,23711,34,,,1,95,,23712,34,,,1,97,,23713,34,,,1
101,'80',759,,23731,10,,,1,93,,23730,34,,,1,157,,23729,34,,,1,114,,23716,34,,,1,112,,23717,34,,,1,118,,23718,34,,,1,152,,23719,34,,,1,108,,23720,34,,,1,112,,23721,34,,,1,111,,23722,34,,,1,108,,23723,34,,,1,92,,23728,34,,,1,99,,23724,34,,,1,99,,23725,34,,,1,96,,23726,34,,,1,99,,23727,34,,,1
101,'35296.2',612,,23743,10,,,1,88,,23744,34,,,1,107,,23732,34,,,1,103,,23733,34,,,1,109,,23734,34,,,1,112,,23735,34,,,1,112,,23742,34,,,1,101,,23736,34,,,1,92,,23737,34,,,1,92,,23738,34,,,1,92,,23739,34,,,1,93,,23740,34,,,1,92,,23741,34,,,1,47,,23745,34,,,1,87,,23746,34,,,1,92,,23747,34,,,1,88,,23748,34,,,1,121,,23749,34,,,1,94,,23750,34,,,1,92,,23751,34,,,1,95,,23752,34,,,1,97,,23753,34,,,1
101,'35296.3',759,,23758,10,,,1,93,,23757,34,,,1,157,,23756,34,,,1,114,,23754,34,,,1,112,,23755,34,,,1,118,,23759,34,,,1,152,,23760,34,,,1,108,,23761,34,,,1,112,,23762,34,,,1,111,,23763,34,,,1,108,,23764,34,,,1,92,,23769,34,,,1,99,,23765,34,,,1,99,,23766,34,,,1,96,,23767,34,,,1,99,,23768,34,,,1
101,'35298.2',610,,23809,10,,,1,90,,23808,34,,,1,35,,23804,34,,,1,17,,23805,34,,,1,61,,23806,34,,,1,17,,23807,34,,,1,17,,23770,34,,,1,57,,23771,34,,,1,17,,23772,34,,,1,23,,23773,34,,,1,57,,23774,34,,,1,17,,23775,34,,,1,17,,23776,34,,,1,21,,23777,34,,,1,57,,23778,34,,,1,17,,23779,34,,,1,20,,23780,34,,,1,57,,23781,34,,,1,17,,23782,34,,,1,17,,23783,34,,,1,17,,23784,34,,,1,56,,23785,34,,,1,17,,23786,34,,,1,17,,23787,34,,,1,57,,23788,34,,,1,17,,23789,34,,,1,17,,23790,34,,,1,17,,23791,34,,,1,57,,23792,34,,,1,17,,23793,34,,,1,17,,23794,34,,,1,57,,23795,34,,,1,17,,23796,34,,,1,17,,23797,34,,,1,18,,23798,34,,,1,57,,23799,34,,,1,17,,23800,34,,,1,17,,23801,34,,,1,57,,23802,34,,,1,17,,23803,34,,,1,17,,23810,34,,,1,12,,23811,34,,,1,57,,23812,34,,,1,17,,23813,34,,,1,15,,23814,34,,,1,92,,23815,34,,,1,88,,23816,34,,,1,121,,23817,34,,,1,94,,23818,34,,,1,92,,23819,34,,,1,95,,23820,34,,,1,97,,23821,34,,,1
101,'35298.3',733,,23822,34,,,1,17,,23823,34,,,1,57,,23824,34,,,1,17,,23825,34,,,1,17,,23826,34,,,1,17,,23827,34,,,1,57,,23828,34,,,1,22,,23829,34,,,1,17,,23830,34,,,1,57,,23831,34,,,1,17,,23832,34,,,1,19,,23833,34,,,1,57,,23834,34,,,1,17,,23835,34,,,1,17,,23836,34,,,1,17,,23837,34,,,1,57,,23838,34,,,1,17,,23839,34,,,1,17,,23840,34,,,1,57,,23841,34,,,1,23,,23842,34,,,1,17,,23843,34,,,1,57,,23844,34,,,1,17,,23845,34,,,1,17,,23846,34,,,1,17,,23847,34,,,1,57,,23848,34,,,1,17,,23849,34,,,1,17,,23850,34,,,1,13,,23851,34,,,1,57,,23852,34,,,1,17,,23853,34,,,1,17,,23854,34,,,1,57,,23855,34,,,1,17,,23856,34,,,1,17,,23857,34,,,1,17,,23858,34,,,1,57,,23859,34,,,1,16,,23860,34,,,1,17,,23861,34,,,1,57,,23862,34,,,1,17,,23863,34,,,1,13,,23864,34,,,1,17,,23865,34,,,1,88,,23866,34,,,1,99,,23867,34,,,1,99,,23868,34,,,1,96,,23869,34,,,1,99,,23870,34,,,1
60301,'1',444,,35155,6,,,1,60,,35156,6,,,1,20,,35157,6,,,1,20,,35158,6,,,1,58,,35159,6,,,1,7,,35160,21,,,1,20,,35161,21,,,1,18,,35162,21,,,1,58,,35163,21,,,1,18,,35164,21,,,1,21,,35165,21,,,1,58,,35166,21,,,1,20,,35167,21,,,1,24,,35168,21,,,1,58,,35169,21,,,1,18,,35170,21,,,1,13,,35171,21,,,1,19,,35172,21,,,1,62,,35173,21,,,1,22,,35174,21,,,1,62,,35175,21,,,1,25,,35176,21,,,1,22,,35177,21,,,1,62,,35178,21,,,1,22,,35179,21,,,1,22,,35180,21,,,1,62,,35181,21,,,1,22,,35182,21,,,1,63,,35183,21,,,1,22,,35184,21,,,1,22,,35185,21,,,1,62,,35186,21,,,1,23,,35187,21,,,1,16,,35188,21,,,1,56,,35189,21,,,1,16,,35190,21,,,1,16,,35191,21,,,1,16,,35192,21,,,1,56,,35193,21,,,1,16,,35194,21,,,1,16,,35195,21,,,1,16,,35196,21,,,1,56,,35197,21,,,1,16,,35198,21,,,1,16,,35199,21,,,1,11,,35200,21,,,1,56,,35201,21,,,1,16,,35202,21,,,1,16,,35203,21,,,1,66,,35204,21,,,1,25,,35205,21,,,1,70,,35206,21,,,1,30,,35207,21,,,1,70,,35208,21,,,1,29,,35209,21,,,1,74,,35210,21,,,1,42,,35211,21,,,1,75,,35212,21,,,1
60301,'74',514,,35213,6,,,1,40,,35214,6,,,1,61,,35215,21,,,1,40,,35216,21,,,1,86,,35217,21,,,1,80,,35218,21,,,1,79,,35219,21,,,1,44,,35220,21,,,1,80,,35221,21,,,1,78,,35222,21,,,1,49,,35223,21,,,1,78,,35224,21,,,1,78,,35225,21,,,1,39,,35226,21,,,1,78,,35227,21,,,1,77,,35228,21,,,1,41,,35229,21,,,1,77,,35230,21,,,1,38,,35231,21,,,1,77,,35232,21,,,1,78,,35233,21,,,1,35,,35234,21,,,1,78,,35235,21,,,1,75,,35236,21,,,1,51,,35237,21,,,1,77,,35238,21,,,1,78,,35239,21,,,1,39,,35240,21,,,1,95,,35241,21,,,1,92,,35242,21,,,1,92,,35243,21,,,1
60301,'80',657,,35244,6,,,1,76,,35245,6,,,1,76,,35246,6,,,1,22,,35247,21,,,1,81,,35248,21,,,1,36,,35249,21,,,1,89,,35250,21,,,1,81,,35251,21,,,1,82,,35252,21,,,1,41,,35253,21,,,1,85,,35254,21,,,1,83,,35255,21,,,1,42,,35256,21,,,1,82,,35257,21,,,1,82,,35258,21,,,1,40,,35259,21,,,1,76,,35260,21,,,1,75,,35261,21,,,1,34,,35262,21,,,1,73,,35263,21,,,1,36,,35264,21,,,1,75,,35265,21,,,1,34,,35266,21,,,1,76,,35267,21,,,1,80,,35268,21,,,1,102,,35269,21,,,1,102,,35270,21,,,1,106,,35271,21,,,1
60301,'35296.2',514,,35272,6,,,1,40,,35273,6,,,1,61,,35274,21,,,1,40,,35275,21,,,1,86,,35276,21,,,1,80,,35277,21,,,1,79,,35278,21,,,1,44,,35279,21,,,1,80,,35280,21,,,1,78,,35281,21,,,1,49,,35282,21,,,1,78,,35283,21,,,1,78,,35284,21,,,1,39,,35285,21,,,1,78,,35286,21,,,1,77,,35287,21,,,1,41,,35288,21,,,1,77,,35289,21,,,1,38,,35290,21,,,1,77,,35291,21,,,1,78,,35292,21,,,1,35,,35293,21,,,1,78,,35294,21,,,1,75,,35295,21,,,1,51,,35296,21,,,1,77,,35297,21,,,1,78,,35298,21,,,1,39,,35299,21,,,1,95,,35300,21,,,1,92,,35301,21,,,1,92,,35302,21,,,1
60301,'35296.3',657,,35303,6,,,1,76,,35304,6,,,1,76,,35305,6,,,1,22,,35306,21,,,1,81,,35307,21,,,1,36,,35308,21,,,1,89,,35309,21,,,1,81,,35310,21,,,1,82,,35311,21,,,1,41,,35312,21,,,1,85,,35313,21,,,1,83,,35314,21,,,1,42,,35315,21,,,1,82,,35316,21,,,1,82,,35317,21,,,1,40,,35318,21,,,1,76,,35319,21,,,1,75,,35320,21,,,1,34,,35321,21,,,1,73,,35322,21,,,1,36,,35323,21,,,1,75,,35324,21,,,1,34,,35325,21,,,1,76,,35326,21,,,1,80,,35327,21,,,1,102,,35328,21,,,1,102,,35329,21,,,1,106,,35330,21,,,1
60301,'35297.2',542,,35438,21,,,1,62,,35439,21,,,1,22,,35440,21,,,1,22,,35441,21,,,1,62,,35442,21,,,1,28,,35331,21,,,1,7,,35332,21,,,1,7,,35333,21,,,1,7,,35334,21,,,1,47,,35335,21,,,1,7,,35336,21,,,1,7,,35337,21,,,1,7,,35338,21,,,1,7,,35339,21,,,1,7,,35340,21,,,1,7,,35341,21,,,1,6,,35342,21,,,1,47,,35343,21,,,1,7,,35344,21,,,1,7,,35345,21,,,1,7,,35346,21,,,1,7,,35347,21,,,1,7,,35348,21,,,1,11,,35349,21,,,1,7,,35350,21,,,1,47,,35351,21,,,1,7,,35352,21,,,1,7,,35353,21,,,1,7,,35354,21,,,1,5,,35355,21,,,1,7,,35356,21,,,1,7,,35357,21,,,1,7,,35358,21,,,1,7,,35359,21,,,1,47,,35360,21,,,1,12,,35361,21,,,1,7,,35362,21,,,1,7,,35363,21,,,1,7,,35364,21,,,1,7,,35365,21,,,1,7,,35366,21,,,1,7,,35367,21,,,1,47,,35368,21,,,1,7,,35369,21,,,1,7,,35370,21,,,1,7,,35371,21,,,1,7,,35372,21,,,1,7,,35373,21,,,1,7,,35374,21,,,1,7,,35375,21,,,1,7,,35376,21,,,1,47,,35377,21,,,1,7,,35378,21,,,1,8,,35379,21,,,1,7,,35380,21,,,1,7,,35381,21,,,1,7,,35382,21,,,1,7,,35383,21,,,1,7,,35384,21,,,1,47,,35385,21,,,1,7,,35386,21,,,1,7,,35387,21,,,1,7,,35388,21,,,1,7,,35389,21,,,1,7,,35390,21,,,1,6,,35391,21,,,1,7,,35392,21,,,1,7,,35393,21,,,1,47,,35394,21,,,1,7,,35395,21,,,1,10,,35396,21,,,1,7,,35397,21,,,1,7,,35398,21,,,1,7,,35399,21,,,1,6,,35400,21,,,1,7,,35401,21,,,1,47,,35402,21,,,1,7,,35403,21,,,1,7,,35404,21,,,1,7,,35405,21,,,1,7,,35406,21,,,1,7,,35407,21,,,1,7,,35408,21,,,1,7,,35409,21,,,1,7,,35410,21,,,1,47,,35411,21,,,1,7,,35412,21,,,1,7,,35413,21,,,1,7,,35414,21,,,1,6,,35415,21,,,1,7,,35416,21,,,1,7,,35417,21,,,1,7,,35418,21,,,1,47,,35419,21,,,1,7,,35420,21,,,1,10,,35421,21,,,1,7,,35422,21,,,1,7,,35423,21,,,1,7,,35424,21,,,1,7,,35425,21,,,1,1,,35426,21,,,1,7,,35427,21,,,1,47,,35428,21,,,1,7,,35429,21,,,1,7,,35430,21,,,1,7,,35431,21,,,1,7,,35432,21,,,1,7,,35433,21,,,1,4,,35434,21,,,1,7,,35435,21,,,1,7,,35436,21,,,1,47,,35437,21,,,1,22,,35443,21,,,1,22,,35444,21,,,1,62,,35445,21,,,1,19,,35446,21,,,1,22,,35447,21,,,1,60,,35448,21,,,1,22,,35449,21,,,1,21,,35450,21,,,1,62,,35451,21,,,1,17,,35452,21,,,1,22,,35453,21,,,1,62,,35454,21,,,1,22,,35455,21,,,1,22,,35456,21,,,1,62,,35457,21,,,1,22,,35458,21,,,1
60301,'35297.3',734,,35459,21,,,1,7,,35460,21,,,1,7,,35461,21,,,1,7,,35462,21,,,1,47,,35463,21,,,1,7,,35464,21,,,1,7,,35465,21,,,1,7,,35466,21,,,1,7,,35467,21,,,1,7,,35468,21,,,1,7,,35469,21,,,1,7,,35470,21,,,1,7,,35471,21,,,1,52,,35472,21,,,1,7,,35473,21,,,1,7,,35474,21,,,1,7,,35475,21,,,1,7,,35476,21,,,1,7,,35477,21,,,1,7,,35478,21,,,1,7,,35479,21,,,1,47,,35480,21,,,1,7,,35481,21,,,1,10,,35482,21,,,1,7,,35483,21,,,1,7,,35484,21,,,1,7,,35485,21,,,1,7,,35486,21,,,1,7,,35487,21,,,1,47,,35488,21,,,1,6,,35489,21,,,1,7,,35490,21,,,1,7,,35491,21,,,1,7,,35492,21,,,1,7,,35493,21,,,1,7,,35494,21,,,1,7,,35495,21,,,1,47,,35496,21,,,1,7,,35497,21,,,1,7,,35498,21,,,1,7,,35499,21,,,1,6,,35500,21,,,1,7,,35501,21,,,1,7,,35502,21,,,1,7,,35503,21,,,1,7,,35504,21,,,1,47,,35505,21,,,1,7,,35506,21,,,1,10,,35507,21,,,1,7,,35508,21,,,1,7,,35509,21,,,1,7,,35510,21,,,1,7,,35511,21,,,1,7,,35512,21,,,1,48,,35513,21,,,1,7,,35514,21,,,1,7,,35515,21,,,1,7,,35516,21,,,1,7,,35517,21,,,1,7,,35518,21,,,1,7,,35519,21,,,1,7,,35520,21,,,1,7,,35521,21,,,1,47,,35522,21,,,1,7,,35523,21,,,1,7,,35524,21,,,1,7,,35525,21,,,1,7,,35526,21,,,1,7,,35527,21,,,1,7,,35528,21,,,1,7,,35529,21,,,1,47,,35530,21,,,1,7,,35531,21,,,1,7,,35532,21,,,1,7,,35533,21,,,1,7,,35534,21,,,1,7,,35535,21,,,1,7,,35536,21,,,1,7,,35537,21,,,1,7,,35538,21,,,1,47,,35539,21,,,1,7,,35540,21,,,1,7,,35541,21,,,1,7,,35542,21,,,1,7,,35543,21,,,1,7,,35544,21,,,1,6,,35545,21,,,1,7,,35546,21,,,1,7,,35547,21,,,1,47,,35548,21,,,1,7,,35549,21,,,1,7,,35550,21,,,1,7,,35551,21,,,1,5,,35552,21,,,1,7,,35553,21,,,1,7,,35554,21,,,1,7,,35555,21,,,1,47,,35556,21,,,1,7,,35557,21,,,1,4,,35558,21,,,1,7,,35559,21,,,1,7,,35560,21,,,1,7,,35561,21,,,1,7,,35562,21,,,1,7,,35563,21,,,1,7,,35564,21,,,1,47,,35565,21,,,1,7,,35566,21,,,1,21,,35567,21,,,1,22,,35568,21,,,1,60,,35569,21,,,1,22,,35570,21,,,1,21,,35571,21,,,1,62,,35572,21,,,1,18,,35573,21,,,1,22,,35574,21,,,1,62,,35575,21,,,1,22,,35576,21,,,1,18,,35577,21,,,1,62,,35578,21,,,1,22,,35579,21,,,1,62,,35580,21,,,1,22,,35581,21,,,1
6030101,'1',454,,37620,6,,,1,60,,37621,6,,,1,20,,37622,6,,,1,19,,37623,6,,,1,58,,37624,6,,,1,15,,37625,21,,,1,19,,37626,21,,,1,58,,37627,21,,,1,18,,37628,21,,,1,18,,37629,21,,,1,62,,37630,21,,,1,18,,37631,21,,,1,24,,37632,21,,,1,58,,37633,21,,,1,18,,37634,21,,,1,13,,37635,21,,,1,18,,37636,21,,,1,61,,37637,21,,,1,22,,37638,21,,,1,22,,37639,21,,,1,65,,37640,21,,,1,22,,37641,21,,,1,62,,37642,21,,,1,22,,37643,21,,,1,22,,37644,21,,,1,62,,37645,21,,,1,22,,37646,21,,,1,24,,37647,21,,,1,62,,37648,21,,,1,22,,37649,21,,,1,62,,37650,21,,,1,22,,37651,21,,,1,19,,37652,21,,,1,16,,37653,21,,,1,56,,37654,21,,,1,16,,37655,21,,,1,16,,37656,21,,,1,56,,37657,21,,,1,16,,37658,21,,,1,16,,37659,21,,,1,16,,37660,21,,,1,56,,37661,21,,,1,16,,37662,21,,,1,16,,37663,21,,,1,11,,37664,21,,,1,56,,37665,21,,,1,16,,37666,21,,,1,16,,37667,21,,,1,19,,37668,21,,,1,70,,37669,21,,,1,26,,37670,21,,,1,70,,37671,21,,,1,30,,37672,21,,,1,70,,37673,21,,,1,28,,37674,21,,,1,80,,37675,21,,,1,79,,37676,21,,,1,37,,37677,21,,,1
6030101,'74',454,,37707,6,,,1,80,,37708,6,,,1,80,,37709,6,,,1,26,,37678,21,,,1,80,,37679,21,,,1,83,,37680,21,,,1,40,,37681,21,,,1,82,,37682,21,,,1,84,,37683,21,,,1,38,,37684,21,,,1,89,,37698,21,,,1,78,,37697,21,,,1,42,,37685,21,,,1,78,,37686,21,,,1,78,,37687,21,,,1,38,,37688,21,,,1,78,,37689,21,,,1,82,,37690,21,,,1,38,,37691,21,,,1,78,,37692,21,,,1,74,,37693,21,,,1,43,,37694,21,,,1,71,,37695,21,,,1,35,,37696,21,,,1,90,,37702,21,,,1,75,,37701,21,,,1,40,,37699,21,,,1,82,,37700,21,,,1,89,,37706,21,,,1,87,,37703,21,,,1,92,,37704,21,,,1,52,,37705,21,,,1
6030101,'80',639,,37735,6,,,1,76,,37736,6,,,1,36,,37737,6,,,1,67,,37710,21,,,1,36,,37711,21,,,1,80,,37712,21,,,1,83,,37721,21,,,1,84,,37713,21,,,1,44,,37714,21,,,1,82,,37715,21,,,1,81,,37716,21,,,1,46,,37717,21,,,1,83,,37718,21,,,1,78,,37719,21,,,1,42,,37720,21,,,1,84,,37731,21,,,1,79,,37722,21,,,1,35,,37723,21,,,1,76,,37724,21,,,1,72,,37725,21,,,1,36,,37726,21,,,1,76,,37727,21,,,1,31,,37728,21,,,1,77,,37729,21,,,1,33,,37730,21,,,1,93,,37732,21,,,1,106,,37733,21,,,1,104,,37734,21,,,1,146,,37738,21,,,1
6030101,'35296.2',454,,37768,2,,,1,80,,37769,2,,,1,80,,37770,2,,,1,26,,37739,13,,,1,80,,37740,13,,,1,83,,37741,13,,,1,40,,37742,13,,,1,82,,37743,13,,,1,84,,37744,13,,,1,38,,37745,13,,,1,89,,37759,13,,,1,78,,37758,13,,,1,42,,37746,13,,,1,78,,37747,13,,,1,78,,37748,13,,,1,38,,37749,13,,,1,78,,37750,13,,,1,82,,37751,13,,,1,38,,37752,13,,,1,78,,37753,13,,,1,74,,37754,13,,,1,43,,37755,13,,,1,71,,37756,13,,,1,35,,37757,13,,,1,90,,37763,13,,,1,75,,37762,13,,,1,40,,37760,13,,,1,82,,37761,13,,,1,89,,37767,13,,,1,87,,37764,13,,,1,92,,37765,13,,,1,52,,37766,13,,,1
6030101,'35296.3',639,,37796,6,,,1,76,,37797,6,,,1,36,,37798,6,,,1,67,,37771,21,,,1,36,,37772,21,,,1,80,,37773,21,,,1,83,,37782,21,,,1,84,,37774,21,,,1,44,,37775,21,,,1,82,,37776,21,,,1,81,,37777,21,,,1,46,,37778,21,,,1,83,,37779,21,,,1,78,,37780,21,,,1,42,,37781,21,,,1,84,,37792,21,,,1,79,,37783,21,,,1,35,,37784,21,,,1,76,,37785,21,,,1,72,,37786,21,,,1,36,,37787,21,,,1,76,,37788,21,,,1,31,,37789,21,,,1,77,,37790,21,,,1,33,,37791,21,,,1,93,,37793,21,,,1,106,,37794,21,,,1,104,,37795,21,,,1,146,,37799,21,,,1
