8100,'1',518,,29504,8,,,1,31,,29506,8,,,1,71,,29508,8,,,1,32,,29509,8,,,1,74,,29507,8,,,1,74,,29510,8,,,1,46,,29505,8,,,1
9800,'1',607,,31445,8,,,1,35,,31444,8,,,1,72,,31443,8,,,1,35,,31442,8,,,1,75,,31441,8,,,1,35,,31440,8,,,1,98,,31436,8,,,1,98,,31433,8,,,1,94,,31438,8,,,1,98,,31437,8,,,1,80,,31425,8,,,1,76,,31435,8,,,1,40,,31434,8,,,1,80,,31432,8,,,1,80,,31431,8,,,1,40,,31430,8,,,1,87,,31429,8,,,1,80,,31428,8,,,1,95,,31427,8,,,1,51,,31426,8,,,1,91,,31439,8,,,1
9800,'2',607,,31463,8,,,1,46,,31462,8,,,1,84,,31461,8,,,1,94,,31460,8,,,1,92,,31459,8,,,1,89,,31458,8,,,1,94,,31457,8,,,1,98,,31456,8,,,1,98,,31455,8,,,1,56,,31454,8,,,1,98,,31453,8,,,1,98,,31452,8,,,1,101,,31451,8,,,1,103,,31450,8,,,1,89,,31449,8,,,1,93,,31448,8,,,1,89,,31447,8,,,1,85,,31446,8,,,1
9800,'3',752,,31479,8,,,1,88,,31478,8,,,1,88,,31477,8,,,1,91,,31476,8,,,1,93,,31475,8,,,1,88,,31474,8,,,1,53,,31473,8,,,1,93,,31472,8,,,1,93,,31471,8,,,1,93,,31470,8,,,1,93,,31469,8,,,1,99,,31468,8,,,1,88,,31467,8,,,1,91,,31466,8,,,1,47,,31465,8,,,1,88,,31464,8,,,1
9800,'74',607,,31497,8,,,1,46,,31496,8,,,1,84,,31495,8,,,1,94,,31494,8,,,1,92,,31493,8,,,1,89,,31492,8,,,1,94,,31491,8,,,1,98,,31490,8,,,1,98,,31489,8,,,1,56,,31488,8,,,1,98,,31487,8,,,1,98,,31486,8,,,1,101,,31485,8,,,1,103,,31484,8,,,1,89,,31483,8,,,1,93,,31482,8,,,1,89,,31481,8,,,1,85,,31480,8,,,1
9800,'80',752,,31513,8,,,1,88,,31512,8,,,1,88,,31511,8,,,1,91,,31510,8,,,1,93,,31509,8,,,1,88,,31508,8,,,1,53,,31507,8,,,1,93,,31506,8,,,1,93,,31505,8,,,1,93,,31504,8,,,1,93,,31503,8,,,1,99,,31502,8,,,1,88,,31501,8,,,1,91,,31500,8,,,1,47,,31499,8,,,1,88,,31498,8,,,1
989900,'1',2112,,36830,51,,,1,34,,36831,51,,,1,78,,36832,51,,,1,78,,36833,51,,,1,35,,36834,51,,,1,72,,36835,51,,,1,35,,36836,51,,,1,75,,36837,51,,,1,36,,36838,51,0,5 6,1,75,,36839,51,0,5 6,1,79,,36840,51,0,5 6,1
989900,'2',2116,,36841,51,,,1,94,,36842,51,,,1,47,,36843,51,,,1,92,,36844,51,,,1,86,,36845,51,,,1,86,,36846,51,,,1,84,,36847,51,0,5 6,1,46,,36848,51,0,5 6,1,86,,36849,51,0,5 6,1
989900,'3',2133,,36850,51,,,1,90,,36851,51,,,1,85,,36852,51,,,1,50,,36853,51,,,1,80,,36854,51,,,1,83,,36855,51,,,1,79,,36856,51,0,5 6,1,43,,36857,51,0,5 6,1,83,,36858,51,0,5 6,1
989900,'74',2116,,36859,51,,,1,94,,36860,51,,,1,47,,36861,51,,,1,92,,36862,51,,,1,86,,36863,51,,,1,86,,36864,51,,,1,84,,36865,51,0,5 6,1,46,,36866,51,0,5 6,1,86,,36867,51,0,5 6,1
989900,'80',2133,,36868,51,,,1,90,,36869,51,,,1,85,,36870,51,,,1,50,,36871,51,,,1,80,,36872,51,,,1,83,,36873,51,,,1,79,,36874,51,0,5 6,1,43,,36875,51,0,5 6,1,83,,36876,51,0,5 6,1
