600,'1',423,,24934,13,,,1,30,,24935,13,,,1,62,,24936,13,,,1,22,,24937,13,,,1,22,,24938,13,,,1,63,,24939,13,,,1,22,,24940,13,,,1,68,,24941,13,,,1,23,,24942,13,,,1,71,,24943,13,,,1,26,,24944,13,,,1,27,,24945,13,,,1,67,,24946,13,,,1,76,,24947,13,,,1,36,,24948,13,,,1,76,,24949,13,,,1,36,,24950,13,,,1,76,,24951,13,,,1,76,,24952,13,,,1,36,,24953,13,,,1,67,,24954,13,,,1,27,,24955,13,,,1,68,,24956,13,,,1,27,,24957,13,,,1,27,,24958,13,,,1,67,,24959,13,,,1,27,,24960,13,,,1,67,,24961,13,,,1,27,,24962,13,,,1,66,,24963,13,,,1,27,,24964,13,,,1,67,,24965,13,,,1,27,,24966,13,,,1,74,,24967,13,,,1,33,,24968,13,,,1,74,,24969,13,,,1,34,,24970,13,,,1,103,,24971,13,,,1,103,,24972,13,,,1,103,,24973,13,,,1
600,'2',549,,24974,13,,,1,69,,24975,13,,,1,26,,24976,13,,,1,71,,24977,13,,,1,33,,24978,13,,,1,82,,24979,13,,,1,75,,24980,13,,,1,31,,24981,13,,,1,72,,24982,13,,,1,32,,24983,13,,,1,72,,24984,13,,,1,32,,24985,13,,,1,72,,24986,13,,,1,32,,24987,13,,,1,72,,24988,13,,,1,32,,24989,13,,,1,78,,24990,13,,,1,77,,24991,13,,,1,37,,24992,13,,,1,78,,24993,13,,,1,36,,24994,13,,,1,78,,24995,13,,,1,75,,24996,13,,,1,35,,24997,13,,,1,70,,24998,13,,,1,33,,24999,13,,,1,100,,25000,13,,,1,95,,25001,13,,,1,95,,25002,13,,,1,95,,25003,13,,,1
600,'3',604,,25004,13,,,1,26,,25005,13,,,1,29,,25006,13,,,1,75,,25007,13,,,1,69,,25008,13,,,1,42,,25009,13,,,1,74,,25010,13,,,1,32,,25011,13,,,1,72,,25012,13,,,1,32,,25013,13,,,1,72,,25014,13,,,1,32,,25015,13,,,1,72,,25016,13,,,1,72,,25017,13,,,1,32,,25018,13,,,1,73,,25019,13,,,1,39,,25020,13,,,1,76,,25021,13,,,1,77,,25022,13,,,1,37,,25023,13,,,1,77,,25024,13,,,1,37,,25025,13,,,1,73,,25026,13,,,1,77,,25027,13,,,1,30,,25028,13,,,1,100,,25029,13,,,1,98,,25030,13,,,1,98,,25031,13,,,1,98,,25032,13,,,1
600,'74',549,,25033,13,,,1,69,,25034,13,,,1,26,,25035,13,,,1,71,,25036,13,,,1,33,,25037,13,,,1,82,,25038,13,,,1,75,,25039,13,,,1,31,,25040,13,,,1,72,,25041,13,,,1,32,,25042,13,,,1,72,,25043,13,,,1,32,,25044,13,,,1,72,,25045,13,,,1,32,,25046,13,,,1,72,,25047,13,,,1,32,,25048,13,,,1,78,,25049,13,,,1,77,,25050,13,,,1,37,,25051,13,,,1,78,,25052,13,,,1,36,,25053,13,,,1,78,,25054,13,,,1,75,,25055,13,,,1,35,,25056,13,,,1,70,,25057,13,,,1,33,,25058,13,,,1,100,,25059,13,,,1,95,,25060,13,,,1,95,,25061,13,,,1,95,,25062,13,,,1
600,'80',604,,25063,13,,,1,26,,25064,13,,,1,29,,25065,13,,,1,75,,25066,13,,,1,69,,25067,13,,,1,42,,25068,13,,,1,74,,25069,13,,,1,32,,25070,13,,,1,72,,25071,13,,,1,32,,25072,13,,,1,72,,25073,13,,,1,32,,25074,13,,,1,72,,25075,13,,,1,72,,25076,13,,,1,32,,25077,13,,,1,73,,25078,13,,,1,39,,25079,13,,,1,76,,25080,13,,,1,77,,25081,13,,,1,37,,25082,13,,,1,77,,25083,13,,,1,37,,25084,13,,,1,73,,25085,13,,,1,77,,25086,13,,,1,30,,25087,13,,,1,100,,25088,13,,,1,98,,25089,13,,,1,98,,25090,13,,,1,98,,25091,13,,,1
601,'1',2211,,25124,24,4,,1,347,,25129,24,4,,1
601,'2',2014,,25153,24,4,,1,413,,25159,24,4,,1
601,'3',2002,,25183,24,4,,1,419,,25189,24,4,,1
601,'74',2014,,25213,24,4,,1,413,,25219,24,4,,1
601,'80',2002,,25243,24,4,,1,419,,25249,24,4,,1
36101,'1',604,,34011,13,,,1,24,,34012,13,,,1,72,,34013,13,,,1,23,,34014,13,,,1,26,,34015,13,,,1,66,,34016,13,,,1,25,,34017,13,,,1,60,,34018,13,,,1,25,,34019,13,,,1,581,,34020,13,,,1,25,,34021,13,,,1,25,,34022,13,,,1,67,,34023,13,,,1,24,,34024,13,,,1,69,,34025,13,,,1,23,,34026,13,,,1,65,,34027,13,,,1,23,,34028,13,,,1
