9601,'1',539,,31339,85,,,1,74,,31340,85,,,1,29,,31341,85,,,1,70,,31342,85,,,1,42,,31343,85,,,1,76,,31344,85,,,1,78,,31345,85,,,1,27,,31346,85,,,1,71,,31347,85,,,1,31,,31348,85,,,1,79,,31349,85,,,1,38,,31350,81,,,1,83,,31351,81,,,1,75,,31352,81,,,1,32,,31353,81,,,1,86,,31354,81,,,1,83,,31355,81,,,1,22,,31374,81,,,1,17,,31356,81,,,1,72,,31357,81,,,1,27,,31358,81,,,1,71,,31359,85,,,1,27,,31360,85,,,1,63,,31361,85,,,1,21,,31362,85,,,1,17,,31363,85,,,1,65,,31364,85,,,1,25,,31365,85,,,1,65,,31366,85,,,1,21,,31367,81,,,1,25,,31368,81,,,1,67,,31369,81,,,1,30,,31370,81,,,1,70,,31371,81,,,1,30,,31372,81,,,1,64,,31373,81,,,1
9601,'2',904,,31375,81,,,1,99,,31376,81,,,1,102,,31377,81,,,1,99,,31378,81,,,1,99,,31379,81,,,1,56,,31380,81,,,1,99,,31381,81,,,1,99,,31382,81,,,1,99,,31383,81,,,1,99,,31384,81,,,1,88,,31385,81,,,1,89,,31386,81,,,1,97,,31387,81,,,1
9601,'3',1004,,31388,81,,,1,54,,31389,81,,,1,94,,31390,81,,,1,94,,31391,81,,,1,94,,31392,81,,,1,94,,31393,81,,,1,96,,31394,81,,,1,94,,31395,81,,,1,87,,31396,81,,,1,94,,31397,81,,,1,52,,31398,81,,,1,94,,31399,81,,,1
9601,'74',904,,31400,81,,,1,99,,31401,81,,,1,102,,31402,81,,,1,99,,31403,81,,,1,99,,31404,81,,,1,56,,31405,81,,,1,99,,31406,81,,,1,99,,31407,81,,,1,99,,31408,81,,,1,99,,31409,81,,,1,88,,31410,81,,,1,89,,31411,81,,,1,97,,31412,81,,,1
9601,'80',1004,,31413,81,,,1,54,,31414,81,,,1,94,,31415,81,,,1,94,,31416,81,,,1,94,,31417,81,,,1,94,,31418,81,,,1,96,,31419,81,,,1,94,,31420,81,,,1,87,,31421,81,,,1,94,,31422,81,,,1,52,,31423,81,,,1,94,,31424,81,,,1
10701,'1',533,,32420,28,,,1,24,,32419,28,,,1,69,,32418,28,,,1,24,,32417,28,,,1,64,,32416,28,,,1,18,,32415,28,,,1,20,,32414,28,,,1,52,,32413,28,,,1,21,,32412,28,,,1,16,,32411,28,,,1,16,,32410,28,,,1,50,,32409,28,,,1,42,,32398,28,,,1,80,,32405,28,,,1,82,,32404,28,,,1,42,,32403,28,,,1,82,,32402,28,,,1,88,,32401,28,,,1,82,,32400,28,,,1,28,,32408,28,,,1,14,,32399,28,,,1,63,,32397,28,,,1,21,,32396,28,,,1,18,,32395,28,,,1,58,,32394,28,,,1,22,,32393,28,,,1,18,,32392,28,,,1,58,,32391,28,,,1,21,,32390,28,,,1,18,,32389,28,,,1,58,,32388,28,,,1,15,,32387,28,,,1,16,,32386,28,,,1,18,,32434,28,,,1,66,,32433,28,,,1,18,,32421,28,,,1,78,,32435,28,,,1,41,,32432,28,,,1,75,,32431,28,,,1,78,,32430,28,,,1,32,,32429,28,,,1,74,,32428,28,,,1,34,,32427,28,,,1,74,,32426,28,,,1,34,,32425,28,,,1,74,,32424,28,,,1,74,,32423,28,,,1,34,,32422,28,,,1
10701,'2',708,,32463,28,,,1,39,,32464,28,,,1,77,,32465,28,,,1,77,,32466,28,,,1,37,,32467,28,,,1,77,,32468,28,,,1,37,,32469,28,,,1,77,,32470,28,,,1,77,,32471,28,,,1,37,,32472,28,,,1,76,,32440,28,,,1,37,,32441,28,,,1,76,,32443,28,,,1,77,,32444,28,,,1,37,,32445,28,,,1,77,,32446,28,,,1,35,,32447,28,,,1,77,,32448,28,,,1,77,,32449,28,,,1,37,,32450,28,,,1,77,,32451,28,,,1,77,,32452,28,,,1,37,,32453,28,,,1,77,,32454,28,,,1,37,,32455,28,,,1,77,,32442,28,,,1,77,,32456,28,,,1,37,,32457,28,,,1,77,,32458,28,,,1,37,,32459,28,,,1,75,,32439,28,,,1,75,,32460,28,,,1
10701,'3',747,,32485,28,,,1,77,,32486,28,,,1,34,,32487,28,,,1,77,,32488,28,,,1,78,,32489,28,,,1,37,,32490,28,,,1,77,,32484,28,,,1,77,,32491,28,,,1,37,,32492,28,,,1,77,,32493,28,,,1,37,,32494,28,,,1,76,,32495,28,,,1,75,,32496,28,,,1,37,,32497,28,,,1,77,,32498,28,,,1,37,,32500,28,,,1,77,,32501,28,,,1,77,,32499,28,,,1,37,,32481,28,,,1,77,,32502,28,,,1,77,,32503,28,,,1,37,,32504,28,,,1,77,,32505,28,,,1,37,,32473,28,,,1,77,,32474,28,,,1,77,,32475,28,,,1,37,,32476,28,,,1,77,,32477,28,,,1,36,,32478,28,,,1,77,,32479,28,,,1,77,,32480,28,,,1
10701,'74',708,,32530,28,,,1,39,,32531,28,,,1,77,,32532,28,,,1,77,,32533,28,,,1,37,,32534,28,,,1,77,,32535,28,,,1,37,,32536,28,,,1,77,,32537,28,,,1,77,,32538,28,,,1,37,,32539,28,,,1,76,,32507,28,,,1,37,,32508,28,,,1,76,,32510,28,,,1,77,,32511,28,,,1,37,,32512,28,,,1,77,,32513,28,,,1,35,,32514,28,,,1,77,,32515,28,,,1,77,,32516,28,,,1,37,,32517,28,,,1,77,,32518,28,,,1,77,,32519,28,,,1,37,,32520,28,,,1,77,,32521,28,,,1,37,,32522,28,,,1,77,,32509,28,,,1,77,,32523,28,,,1,37,,32524,28,,,1,77,,32525,28,,,1,37,,32526,28,,,1,75,,32506,28,,,1,75,,32527,28,,,1
10701,'80',747,,32552,28,,,1,77,,32553,28,,,1,34,,32554,28,,,1,77,,32555,28,,,1,78,,32556,28,,,1,37,,32557,28,,,1,77,,32551,28,,,1,77,,32558,28,,,1,37,,32559,28,,,1,77,,32560,28,,,1,37,,32561,28,,,1,76,,32562,28,,,1,75,,32563,28,,,1,37,,32564,28,,,1,77,,32565,28,,,1,37,,32567,28,,,1,77,,32568,28,,,1,77,,32566,28,,,1,37,,32548,28,,,1,77,,32569,28,,,1,77,,32570,28,,,1,37,,32571,28,,,1,77,,32572,28,,,1,37,,32540,28,,,1,77,,32541,28,,,1,77,,32542,28,,,1,37,,32543,28,,,1,77,,32544,28,,,1,36,,32545,28,,,1,77,,32546,28,,,1,77,,32547,28,,,1
1070201,'1',551,,36981,21,,,1,52,,36980,21,,,1,12,,36979,21,,,1,12,,36978,21,,,1,12,,36977,21,,,1,12,,36976,21,,,1,52,,36975,21,,,1,20,,36974,21,,,1,12,,36973,21,,,1,12,,36972,21,,,1,12,,36971,21,,,1,52,,36970,21,,,1,10,,36969,21,,,1,12,,36968,21,,,1,12,,36967,21,,,1,73,,36955,21,,,1,26,,36964,21,,,1,66,,36966,21,,,1,24,,36965,21,,,1,66,,36963,21,,,1,26,,36962,21,,,1,26,,36961,21,,,1,67,,36960,21,,,1,26,,36959,21,,,1,66,,36958,21,,,1,26,,36957,21,,,1,66,,36956,21,,,1,24,,36997,21,,,1,16,,36996,21,,,1,16,,36982,21,,,1,58,,36983,21,,,1,16,,36984,21,,,1,16,,36985,21,,,1,56,,36986,21,,,1,19,,36987,21,,,1,16,,36988,21,,,1,16,,36989,21,,,1,63,,36990,21,,,1,18,,36991,21,,,1,19,,36992,21,,,1,59,,36993,21,,,1,14,,36994,21,,,1,78,,36995,21,,,1
