9901,'1',407,,31722,14,,,1,41,,31723,14,,,1,80,,31724,14,,,1,81,,31725,14,,,1,37,,31726,14,,,1,75,,31727,14,,,1,29,,31728,14,,,1,83,,31729,14,,,1,75,,31730,14,,,1,35,,31731,14,,,1,94,,31732,14,,,1,97,,31733,14,,,1,94,,31734,14,,,1,94,,31735,14,,,1,100,,31736,14,,,1,25,,31737,14,,,1,70,,31738,14,,,1,30,,31739,14,,,1,70,,31740,14,,,1,30,,31741,14,,,1,70,,31742,14,,,1,30,,31743,14,,,1,69,,31744,14,,,1,30,,31745,14,,,1,67,,31746,14,,,1,30,,31747,14,,,1,70,,31748,14,,,1,25,,31749,14,,,1,72,,31750,14,,,1,45,,31751,14,,,1
9901,'2',529,,31752,14,,,1,77,,31753,14,,,1,37,,31754,14,,,1,77,,31755,14,,,1,87,,31756,14,,,1,49,,31757,14,,,1,88,,31758,14,,,1,87,,31759,14,,,1,100,,31760,14,,,1,97,,31761,14,,,1,95,,31762,14,,,1,95,,31763,14,,,1,95,,31764,14,,,1,95,,31765,14,,,1,92,,31766,14,,,1,54,,31767,14,,,1,95,,31768,14,,,1,93,,31769,14,,,1,85,,31770,14,,,1,85,,31771,14,,,1
9901,'3',533,,31772,14,,,1,80,,31773,14,,,1,38,,31774,14,,,1,78,,31775,14,,,1,78,,31776,14,,,1,51,,31777,14,,,1,89,,31778,14,,,1,89,,31779,14,,,1,89,,31780,14,,,1,91,,31781,14,,,1,89,,31782,14,,,1,49,,31783,14,,,1,89,,31784,14,,,1,89,,31785,14,,,1,89,,31786,14,,,1,89,,31787,14,,,1,46,,31788,14,,,1,89,,31789,14,,,1,89,,31790,14,,,1,88,,31791,14,,,1,89,,31792,14,,,1,39,,31793,14,,,1
9901,'74',529,,31794,14,,,1,77,,31795,14,,,1,37,,31796,14,,,1,77,,31797,14,,,1,87,,31798,14,,,1,49,,31799,14,,,1,88,,31800,14,,,1,87,,31801,14,,,1,100,,31802,14,,,1,97,,31803,14,,,1,95,,31804,14,,,1,95,,31805,14,,,1,95,,31806,14,,,1,95,,31807,14,,,1,92,,31808,14,,,1,54,,31809,14,,,1,95,,31810,14,,,1,93,,31811,14,,,1,85,,31812,14,,,1,85,,31813,14,,,1
9901,'80',533,,31814,14,,,1,80,,31815,14,,,1,38,,31816,14,,,1,78,,31817,14,,,1,78,,31818,14,,,1,51,,31819,14,,,1,89,,31820,14,,,1,89,,31821,14,,,1,89,,31822,14,,,1,91,,31823,14,,,1,89,,31824,14,,,1,49,,31825,14,,,1,89,,31826,14,,,1,89,,31827,14,,,1,89,,31828,14,,,1,89,,31829,14,,,1,46,,31830,14,,,1,89,,31831,14,,,1,89,,31832,14,,,1,88,,31833,14,,,1,89,,31834,14,,,1,39,,31835,14,,,1
989901,'1',2232,,36877,69,,,1,70,,36878,69,,,1,38,,36879,69,,,1,75,,36880,69,,,1,35,,36881,69,,,1,71,,36882,69,,,1,35,,36883,69,,,1,75,,36884,69,,,1
989901,'2',2239,,36885,69,,,1,88,,36886,69,,,1,82,,36887,69,,,1,91,,36890,69,,,1,45,,36888,69,,,1,86,,36889,69,,,1
989901,'3',2249,,36891,69,,,1,87,,36892,69,,,1,83,,36893,69,,,1,88,,36894,69,,,1,39,,36895,69,,,1,83,,36896,69,,,1
989901,'74',2239,,36897,69,,,1,88,,36898,69,,,1,82,,36899,69,,,1,91,,36902,69,,,1,45,,36900,69,,,1,86,,36901,69,,,1
989901,'80',2249,,36903,69,,,1,87,,36904,69,,,1,83,,36905,69,,,1,88,,36906,69,,,1,39,,36907,69,,,1,83,,36908,69,,,1
