9900,'1',439,,18813,1,,,1,80,,18814,1,,,1,40,,18815,1,,,1,80,,18816,1,,,1,90,,18817,1,,,1,75,,18818,1,,,1,35,,18819,1,,,1,75,,18820,1,,,1,35,,18821,1,,,1,75,,18822,1,,,1,96,,18823,1,,,1,94,,18824,1,,,1,94,,18825,1,,,1,94,,18826,1,,,1,28,,18838,1,,,1,71,,18837,1,,,1,29,,18827,1,,,1,70,,18828,1,,,1,30,,18829,1,,,1,70,,18830,1,,,1,30,,18831,1,,,1,70,,18832,1,,,1,30,,18833,1,,,1,70,,18834,1,,,1,30,,18835,1,,,1,70,,18836,1,,,1
9900,'2',558,,18841,1,,,1,77,,18842,1,,,1,78,,18856,1,,,1,87,,18855,1,,,1,47,,18843,1,,,1,87,,18844,1,,,1,87,,18845,1,,,1,87,,18846,1,,,1,104,,18847,1,,,1,95,,18848,1,,,1,95,,18849,1,,,1,55,,18850,1,,,1,95,,18851,1,,,1,95,,18852,1,,,1,95,,18853,1,,,1,95,,18854,1,,,1,89,,18858,1,,,1,90,,18857,1,,,1
9900,'3',604,,18861,1,,,1,38,,18862,1,,,1,78,,18863,1,,,1,38,,18864,1,,,1,90,,18881,1,,,1,89,,18865,1,,,1,89,,18866,1,,,1,89,,18867,1,,,1,89,,18868,1,,,1,49,,18869,1,,,1,89,,18870,1,,,1,89,,18871,1,,,1,89,,18872,1,,,1,89,,18873,1,,,1,49,,18874,1,,,1,89,,18875,1,,,1,89,,18876,1,,,1,89,,18877,1,,,1,89,,18878,1,,,1
9900,'80',604,,18882,1,,,1,38,,18883,1,,,1,78,,18884,1,,,1,38,,18885,1,,,1,90,,18902,1,,,1,89,,18886,1,,,1,89,,18887,1,,,1,89,,18888,1,,,1,89,,18889,1,,,1,49,,18890,1,,,1,89,,18891,1,,,1,89,,18892,1,,,1,89,,18893,1,,,1,89,,18894,1,,,1,49,,18895,1,,,1,89,,18896,1,,,1,89,,18897,1,,,1,89,,18898,1,,,1,89,,18899,1,,,1
9901,'1',429,,18903,47,4,,1,81,,18904,47,4,,1,40,,18905,47,4,,1,84,,18906,47,4,,1,83,,18907,47,4,,1,35,,18908,47,4,,1,73,,18909,47,4,,1,83,,18910,47,4,,1,30,,18911,47,4,,1,75,,18912,47,4,,1,94,,18913,47,4,,1,100,,18914,47,4,,1,94,,18915,47,4,,1,54,,18916,47,4,,1,100,,18917,47,4,,1,68,,18918,47,4,,1,30,,18919,47,4,,1,70,,18920,47,4,,1,30,,18921,47,4,,1,70,,18922,47,4,,1,30,,18923,47,4,,1,70,,18924,47,4,,1,25,,18925,47,4,,1,70,,18926,47,4,,1,24,,18927,47,4,,1,70,,18928,47,4,,1,30,,18929,47,4,,1,65,,18930,47,4,,1,30,,18931,47,4,,1,85,,18932,47,4,,1
9901,'2',552,,18933,47,4,,1,77,,18934,47,4,,1,77,,18935,47,4,,1,37,,18936,47,4,,1,87,,18937,47,4,,1,93,,18938,47,4,,1,89,,18939,47,4,,1,47,,18940,47,4,,1,144,,18941,47,4,,1,98,,18942,47,4,,1,55,,18943,47,4,,1,95,,18944,47,4,,1,95,,18945,47,4,,1,95,,18946,47,4,,1,92,,18947,47,4,,1,93,,18948,47,4,,1,95,,18949,47,4,,1,89,,18950,47,4,,1,45,,18951,47,4,,1,85,,18952,47,4,,1
9901,'3',556,,18953,47,4,,1,81,,18954,47,4,,1,78,,18955,47,4,,1,38,,18956,47,4,,1,78,,18957,47,4,,1,95,,18958,47,4,,1,89,,18959,47,4,,1,89,,18960,47,4,,1,49,,18961,47,4,,1,94,,18962,47,4,,1,89,,18963,47,4,,1,89,,18964,47,4,,1,89,,18965,47,4,,1,89,,18966,47,4,,1,49,,18967,47,4,,1,89,,18968,47,4,,1,84,,18969,47,4,,1,89,,18970,47,4,,1,89,,18971,47,4,,1,43,,18972,47,4,,1,89,,18973,47,4,,1,79,,18974,47,4,,1
9901,'80',556,,18975,47,4,,1,81,,18976,47,4,,1,78,,18977,47,4,,1,38,,18978,47,4,,1,78,,18979,47,4,,1,95,,18980,47,4,,1,89,,18981,47,4,,1,89,,18982,47,4,,1,49,,18983,47,4,,1,94,,18984,47,4,,1,89,,18985,47,4,,1,89,,18986,47,4,,1,89,,18987,47,4,,1,89,,18988,47,4,,1,49,,18989,47,4,,1,89,,18990,47,4,,1,84,,18991,47,4,,1,89,,18992,47,4,,1,89,,18993,47,4,,1,43,,18994,47,4,,1,89,,18995,47,4,,1,79,,18996,47,4,,1
989900,'1',2034,,22653,1,,,1,78,,22654,1,,,1,38,,22655,1,,,1,78,,22656,1,,,1,75,,22657,1,,,1,35,,22658,1,,,1,75,,22659,1,,,1,35,,22660,1,,,1,75,,22661,1,0,5 6,1,35,,22662,1,0,5 6,1,82,,22663,1,0,5 6,1
989900,'2',2036,,22664,1,,,1,94,,22665,1,,,1,94,,22666,1,,,1,94,,22667,1,,,1,86,,22668,1,,,1,46,,22669,1,,,1,86,,22670,1,0,5 6,1,86,,22671,1,0,5 6,1,86,,22672,1,0,5 6,1
989900,'3',2055,,22673,1,,,1,90,,22674,1,,,1,90,,22675,1,,,1,90,,22676,1,,,1,83,,22677,1,,,1,43,,22678,1,,,1,83,,22679,1,0,5 6,1,83,,22680,1,0,5 6,1,83,,22681,1,0,5 6,1
989900,'80',2055,,22682,1,,,1,90,,22683,1,,,1,90,,22684,1,,,1,90,,22685,1,,,1,83,,22686,1,,,1,43,,22687,1,,,1,83,,22688,1,0,5 6,1,83,,22689,1,0,5 6,1,83,,22690,1,0,5 6,1
989901,'1',2256,,22691,102,4,,1,68,,22692,102,4,,1,78,,22693,102,4,,1,34,,22694,102,4,,1,75,,22695,102,4,,1,29,,22696,102,4,,1,75,,22697,102,4,,1,35,,22698,102,4,,1
989901,'2',2305,,22699,102,4,,1,46,,22700,102,4,,1,81,,22701,102,4,,1,91,,22704,102,4,,1,83,,22702,102,4,,1,46,,22703,102,4,,1
989901,'3',2312,,22705,102,4,,1,47,,22706,102,4,,1,83,,22707,102,4,,1,84,,22708,102,4,,1,79,,22709,102,4,,1,43,,22710,102,4,,1
989901,'80',2312,,22711,102,4,,1,47,,22712,102,4,,1,83,,22713,102,4,,1,84,,22714,102,4,,1,79,,22715,102,4,,1,43,,22716,102,4,,1
