9601,'1',529,,31339,69,,,1,71,,31340,69,,,1,29,,31341,69,,,1,30,,31342,69,,,1,82,,31343,69,,,1,76,,31344,69,,,1,38,,31345,69,,,1,67,,31346,69,,,1,33,,31347,69,,,1,71,,31348,69,,,1,79,,31349,69,,,1,37,,31350,65,,,1,83,,31351,65,,,1,75,,31352,65,,,1,32,,31353,65,,,1,86,,31354,65,,,1,82,,31355,65,,,1,21,,31374,65,,,1,18,,31356,65,,,1,71,,31357,65,,,1,27,,31358,65,,,1,71,,31359,69,,,1,27,,31360,69,,,1,66,,31361,69,,,1,22,,31362,69,,,1,17,,31363,69,,,1,65,,31364,69,,,1,25,,31365,69,,,1,25,,31366,69,,,1,61,,31367,65,,,1,25,,31368,65,,,1,67,,31369,65,,,1,30,,31370,65,,,1,70,,31371,65,,,1,30,,31372,65,,,1,64,,31373,65,,,1
9601,'2',854,,31375,65,,,1,99,,31376,65,,,1,102,,31377,65,,,1,99,,31378,65,,,1,99,,31379,65,,,1,96,,31380,65,,,1,99,,31381,65,,,1,99,,31382,65,,,1,99,,31383,65,,,1,99,,31384,65,,,1,88,,31385,65,,,1,90,,31386,65,,,1,97,,31387,65,,,1
9601,'3',954,,31388,65,,,1,94,,31389,65,,,1,94,,31390,65,,,1,94,,31391,65,,,1,94,,31392,65,,,1,94,,31393,65,,,1,96,,31394,65,,,1,94,,31395,65,,,1,88,,31396,65,,,1,54,,31397,65,,,1,92,,31398,65,,,1,94,,31399,65,,,1
9601,'74',854,,31400,65,,,1,99,,31401,65,,,1,102,,31402,65,,,1,99,,31403,65,,,1,99,,31404,65,,,1,96,,31405,65,,,1,99,,31406,65,,,1,99,,31407,65,,,1,99,,31408,65,,,1,99,,31409,65,,,1,88,,31410,65,,,1,90,,31411,65,,,1,97,,31412,65,,,1
9601,'80',954,,31413,65,,,1,94,,31414,65,,,1,94,,31415,65,,,1,94,,31416,65,,,1,94,,31417,65,,,1,94,,31418,65,,,1,96,,31419,65,,,1,94,,31420,65,,,1,88,,31421,65,,,1,54,,31422,65,,,1,92,,31423,65,,,1,94,,31424,65,,,1
10701,'1',523,,32420,12,,,1,24,,32419,12,,,1,66,,32418,12,,,1,24,,32417,12,,,1,64,,32416,12,,,1,18,,32415,12,,,1,20,,32414,12,,,1,12,,32413,12,,,1,60,,32412,12,,,1,16,,32411,12,,,1,16,,32410,12,,,1,10,,32409,12,,,1,86,,32398,12,,,1,80,,32405,12,,,1,82,,32404,12,,,1,42,,32403,12,,,1,82,,32402,12,,,1,86,,32401,12,,,1,42,,32400,12,,,1,68,,32408,12,,,1,14,,32399,12,,,1,23,,32397,12,,,1,58,,32396,12,,,1,18,,32395,12,,,1,18,,32394,12,,,1,62,,32393,12,,,1,18,,32392,12,,,1,18,,32391,12,,,1,64,,32390,12,,,1,18,,32389,12,,,1,18,,32388,12,,,1,55,,32387,12,,,1,17,,32386,12,,,1,18,,32434,12,,,1,66,,32433,12,,,1,18,,32421,12,,,1,78,,32435,12,,,1,41,,32432,12,,,1,76,,32431,12,,,1,38,,32430,12,,,1,73,,32429,12,,,1,74,,32428,12,,,1,34,,32427,12,,,1,74,,32426,12,,,1,34,,32425,12,,,1,74,,32424,12,,,1,34,,32423,12,,,1,74,,32422,12,,,1
10701,'2',658,,32463,12,,,1,79,,32464,12,,,1,77,,32465,12,,,1,37,,32466,12,,,1,77,,32467,12,,,1,77,,32468,12,,,1,37,,32469,12,,,1,77,,32470,12,,,1,37,,32471,12,,,1,77,,32472,12,,,1,76,,32440,12,,,1,37,,32441,12,,,1,76,,32443,12,,,1,37,,32444,12,,,1,77,,32445,12,,,1,77,,32446,12,,,1,35,,32447,12,,,1,77,,32448,12,,,1,77,,32449,12,,,1,37,,32450,12,,,1,77,,32451,12,,,1,37,,32452,12,,,1,77,,32453,12,,,1,77,,32454,12,,,1,37,,32455,12,,,1,77,,32442,12,,,1,37,,32456,12,,,1,77,,32457,12,,,1,77,,32458,12,,,1,37,,32459,12,,,1,76,,32439,12,,,1,75,,32460,12,,,1
10701,'3',737,,32485,12,,,1,77,,32486,12,,,1,34,,32487,12,,,1,77,,32488,12,,,1,78,,32489,12,,,1,37,,32490,12,,,1,77,,32484,12,,,1,37,,32491,12,,,1,77,,32492,12,,,1,77,,32493,12,,,1,37,,32494,12,,,1,77,,32495,12,,,1,35,,32496,12,,,1,77,,32497,12,,,1,77,,32498,12,,,1,37,,32500,12,,,1,77,,32501,12,,,1,77,,32499,12,,,1,37,,32481,12,,,1,77,,32502,12,,,1,37,,32503,12,,,1,77,,32504,12,,,1,77,,32505,12,,,1,37,,32473,12,,,1,77,,32474,12,,,1,37,,32475,12,,,1,77,,32476,12,,,1,77,,32477,12,,,1,36,,32478,12,,,1,77,,32479,12,,,1,77,,32480,12,,,1
10701,'74',658,,32530,12,,,1,79,,32531,12,,,1,77,,32532,12,,,1,37,,32533,12,,,1,77,,32534,12,,,1,77,,32535,12,,,1,37,,32536,12,,,1,77,,32537,12,,,1,37,,32538,12,,,1,77,,32539,12,,,1,76,,32507,12,,,1,37,,32508,12,,,1,76,,32510,12,,,1,37,,32511,12,,,1,77,,32512,12,,,1,77,,32513,12,,,1,35,,32514,12,,,1,77,,32515,12,,,1,77,,32516,12,,,1,37,,32517,12,,,1,77,,32518,12,,,1,37,,32519,12,,,1,77,,32520,12,,,1,77,,32521,12,,,1,37,,32522,12,,,1,77,,32509,12,,,1,37,,32523,12,,,1,77,,32524,12,,,1,77,,32525,12,,,1,37,,32526,12,,,1,76,,32506,12,,,1,75,,32527,12,,,1
10701,'80',737,,32552,12,,,1,77,,32553,12,,,1,34,,32554,12,,,1,77,,32555,12,,,1,78,,32556,12,,,1,37,,32557,12,,,1,77,,32551,12,,,1,37,,32558,12,,,1,77,,32559,12,,,1,77,,32560,12,,,1,37,,32561,12,,,1,77,,32562,12,,,1,35,,32563,12,,,1,77,,32564,12,,,1,77,,32565,12,,,1,37,,32567,12,,,1,77,,32568,12,,,1,77,,32566,12,,,1,37,,32548,12,,,1,77,,32569,12,,,1,37,,32570,12,,,1,77,,32571,12,,,1,77,,32572,12,,,1,37,,32540,12,,,1,77,,32541,12,,,1,37,,32542,12,,,1,77,,32543,12,,,1,77,,32544,12,,,1,36,,32545,12,,,1,77,,32546,12,,,1,77,,32547,12,,,1
46201,'35294.1',1603,,34037,31,,,1,5,,34038,31,,,1
