301,'1',522,,24203,16,,,1,32,,24204,16,,,1,72,,24205,16,,,1,33,,24206,16,,,1,72,,24207,16,,,1,75,,24208,16,,,1,32,,24209,16,,,1,70,,24210,16,,,1,32,,24202,16,,,1,77,,24226,16,,,1,86,,24211,16,,,1,46,,24212,16,,,1,86,,24213,16,,,1,86,,24214,16,,,1,86,,24215,16,,,1,47,,24216,16,,,1,67,,24217,16,,,1,32,,24218,16,,,1,72,,24219,16,,,1,32,,24220,16,,,1,72,,24221,16,,,1,72,,24222,16,,,1,30,,24223,16,,,1,72,,24224,16,,,1,26,,24225,16,,,1,29,,24231,16,,,1,66,,24228,16,,,1,83,,24229,16,,,1,40,,24230,16,0,25 26,1
301,'2',800,,24234,16,,,1,103,,24233,16,,,1,104,,24238,16,,,1,105,,24235,16,,,1,105,,24236,16,,,1,105,,24237,16,,,1,105,,24239,16,,,1,106,,24240,16,,,1,106,,24241,16,,,1,106,,24242,16,,,1,106,,24243,16,,,1,102,,24244,16,,,1,102,,24245,16,,,1,102,,24232,16,0,25 26,1
301,'3',920,,24253,16,,,1,102,,24252,16,,,1,102,,24251,16,,,1,102,,24250,16,,,1,102,,24249,16,,,1,102,,24248,16,,,1,102,,24247,16,,,1,102,,24246,16,,,1,102,,24258,16,,,1,102,,24257,16,,,1,102,,24256,16,,,1,98,,24255,16,,,1,97,,24254,16,0,25 26,1
301,'74',800,,24261,16,,,1,103,,24260,16,,,1,104,,24265,16,,,1,105,,24262,16,,,1,105,,24263,16,,,1,105,,24264,16,,,1,105,,24266,16,,,1,106,,24267,16,,,1,106,,24268,16,,,1,106,,24269,16,,,1,106,,24270,16,,,1,102,,24271,16,,,1,102,,24272,16,,,1,102,,24259,16,0,25 26,1
301,'80',920,,24276,16,,,1,102,,24275,16,,,1,102,,24274,16,,,1,102,,24273,16,,,1,102,,24280,16,,,1,102,,24279,16,,,1,102,,24278,16,,,1,102,,24277,16,,,1,102,,24285,16,,,1,102,,24284,16,,,1,102,,24283,16,,,1,98,,24282,16,,,1,97,,24281,16,0,25 26,1
9000,'1',628,,30495,22,,,1,12,,30496,22,,,1,10,,30497,22,,,1,51,,30498,22,,,1,11,,30499,22,,,1,16,,30500,22,,,1,12,,30501,22,,,1,15,,30502,22,,,1,51,,30503,22,,,1,17,,30504,22,,,1,13,,30505,22,,,1,7,,30506,22,,,1,15,,30507,22,,,1,53,,30508,22,,,1,12,,30509,22,,,1,13,,30510,22,,,1,13,,30511,22,,,1,72,,30512,22,,,1,32,,30513,22,,,1,72,,30514,22,,,1,31,,30515,22,,,1,73,,30516,22,,,1,72,,30517,22,,,1,32,,30518,22,,,1,73,,30519,22,,,1,31,,30520,22,,,1,14,,30521,22,,,1,56,,30522,22,,,1,13,,30523,22,,,1,14,,30524,22,,,1,14,,30525,22,,,1,54,,30526,22,,,1,13,,30527,22,,,1,16,,30528,22,,,1,11,,30529,22,,,1,16,,30530,22,,,1,54,,30531,22,,,1,14,,30532,22,,,1,14,,30533,22,,,1,13,,30534,22,,,1,53,,30535,22,,,1,14,,30536,22,,,1,12,,30537,22,,,1,14,,30538,22,,,1,13,,30539,22,,,1,55,,30540,22,,,1,13,,30541,22,,,1,14,,30542,22,,,1,82,,30543,22,,,1,82,,30544,22,,,1,38,,30545,22,,,1,83,,30546,22,,,1,82,,30547,22,,,1,42,,30548,22,,,1
9000,'2',646,,30555,22,,,1,81,,30556,22,,,1,82,,30557,22,,,1,35,,30562,22,,,1,72,,30563,22,,,1,32,,30564,22,,,1,72,,30565,22,,,1,32,,30566,22,,,1,72,,30567,22,,,1,32,,30568,22,,,1,72,,30569,22,,,1,72,,30570,22,,,1,32,,30571,22,,,1,72,,30572,22,,,1,32,,30573,22,,,1,72,,30574,22,,,1,32,,30575,22,,,1,72,,30576,22,,,1,31,,30577,22,,,1,72,,30578,22,,,1,32,,30579,22,,,1,72,,30580,22,,,1,32,,30581,22,,,1,69,,30582,22,,,1,31,,30583,22,,,1,71,,30584,22,,,1,80,,30558,22,,,1,41,,30559,22,,,1,81,,30560,22,,,1,81,,30561,22,,,1,41,,30585,22,,,1,81,,30586,22,,,1
9000,'3',856,,30587,22,,,1,83,,30589,22,,,1,82,,30590,22,,,1,82,,30591,22,,,1,42,,30592,22,,,1,85,,30593,22,,,1,85,,30594,22,,,1,85,,30595,22,,,1,45,,30596,22,,,1,85,,30597,22,,,1,85,,30598,22,,,1,85,,30599,22,,,1,44,,30600,22,,,1,84,,30601,22,,,1,81,,30602,22,,,1,44,,30603,22,,,1,79,,30604,22,,,1,81,,30605,22,,,1,39,,30606,22,,,1,79,,30607,22,,,1
9000,'74',646,,30609,22,,,1,81,,30610,22,,,1,82,,30611,22,,,1,35,,30614,22,,,1,72,,30615,22,,,1,32,,30616,22,,,1,72,,30617,22,,,1,32,,30618,22,,,1,72,,30619,22,,,1,32,,30620,22,,,1,72,,30621,22,,,1,72,,30622,22,,,1,32,,30623,22,,,1,72,,30624,22,,,1,32,,30625,22,,,1,72,,30626,22,,,1,32,,30627,22,,,1,72,,30628,22,,,1,31,,30629,22,,,1,72,,30630,22,,,1,32,,30631,22,,,1,72,,30632,22,,,1,32,,30633,22,,,1,69,,30634,22,,,1,31,,30635,22,,,1,71,,30636,22,,,1,80,,30612,22,,,1,41,,30613,22,,,1,81,,30637,22,,,1,81,,30638,22,,,1,41,,30639,22,,,1,81,,30640,22,,,1
9000,'80',856,,30641,22,,,1,83,,30643,22,,,1,82,,30644,22,,,1,82,,30645,22,,,1,42,,30646,22,,,1,85,,30647,22,,,1,85,,30648,22,,,1,85,,30649,22,,,1,45,,30650,22,,,1,85,,30651,22,,,1,85,,30652,22,,,1,85,,30653,22,,,1,44,,30654,22,,,1,84,,30655,22,,,1,81,,30656,22,,,1,44,,30657,22,,,1,79,,30658,22,,,1,81,,30659,22,,,1,39,,30660,22,,,1,79,,30661,22,,,1
900200,'1',558,,36759,22,,,1,59,,36760,22,,,1,19,,36761,22,,,1,19,,36762,22,,,1,60,,36763,22,,,1,25,,36764,22,,,1,64,,36765,22,,,1,23,,36766,22,,,1,23,,36767,22,,,1,63,,36768,22,,,1,25,,36769,22,,,1,21,,36770,22,,,1,58,,36771,22,,,1,513,,36772,22,0,16 17,1,24,,36773,22,0,16 17,1,63,,36774,22,0,16 17,1,22,,36775,22,0,16 17,1,62,,36776,22,0,16 17,1,25,,36777,22,0,16 17,1,22,,36778,22,0,16 17,1,62,,36779,22,0,16 17,1,23,,36780,22,0,16 17,1,19,,36781,22,0,16 17,1,59,,36782,22,0,16 17,1,19,,36783,22,0,16 17,1
