4400,'1',729,,16104,14,0,138,1,79,,16105,14,0,138,1,46,,16106,14,0,138,1,85,,16107,14,0,138,1,485,,16108,14,0,138,1,87,,16109,14,0,138,1,89,,16110,14,0,138,1,49,,16111,14,0,138,1,87,,16112,14,0,138,1,86,,16113,14,0,138,1
9800,'1',648,,18683,57,4,,1,75,,18682,57,4,,1,35,,18681,57,4,,1,75,,18680,57,4,,1,75,,18679,57,4,,1,35,,18678,57,4,,1,98,,18674,57,4,,1,98,,18671,57,4,,1,98,,18676,57,4,,1,98,,18675,57,4,,1,80,,18663,57,4,,1,40,,18673,57,4,,1,80,,18672,57,4,,1,80,,18670,57,4,,1,40,,18669,57,4,,1,80,,18668,57,4,,1,80,,18667,57,4,,1,40,,18666,57,4,,1,91,,18665,57,4,,1,91,,18664,57,4,,1,88,,18677,57,4,,1
9800,'2',645,,18701,57,4,,1,86,,18700,57,4,,1,86,,18699,57,4,,1,94,,18698,57,4,,1,94,,18697,57,4,,1,54,,18696,57,4,,1,94,,18695,57,4,,1,98,,18694,57,4,,1,98,,18693,57,4,,1,98,,18692,57,4,,1,98,,18691,57,4,,1,98,,18690,57,4,,1,98,,18689,57,4,,1,98,,18688,57,4,,1,89,,18687,57,4,,1,89,,18686,57,4,,1,89,,18685,57,4,,1,45,,18684,57,4,,1
9800,'3',830,,18717,57,4,,1,88,,18716,57,4,,1,88,,18715,57,4,,1,53,,18714,57,4,,1,93,,18713,57,4,,1,93,,18712,57,4,,1,93,,18711,57,4,,1,93,,18710,57,4,,1,93,,18709,57,4,,1,93,,18708,57,4,,1,93,,18707,57,4,,1,93,,18706,57,4,,1,48,,18705,57,4,,1,89,,18704,57,4,,1,87,,18703,57,4,,1,88,,18702,57,4,,1
9800,'80',830,,18733,57,4,,1,88,,18732,57,4,,1,88,,18731,57,4,,1,53,,18730,57,4,,1,93,,18729,57,4,,1,93,,18728,57,4,,1,93,,18727,57,4,,1,93,,18726,57,4,,1,93,,18725,57,4,,1,93,,18724,57,4,,1,93,,18723,57,4,,1,93,,18722,57,4,,1,48,,18721,57,4,,1,89,,18720,57,4,,1,87,,18719,57,4,,1,88,,18718,57,4,,1
9801,'1',505,,18741,1,,,1,35,,18740,1,,,1,75,,18739,1,,,1,35,,18738,1,,,1,75,,18737,1,,,1,75,,18736,1,,,1,35,,18735,1,,,1,75,,18734,1,,,1,35,,18745,1,,,1,98,,18744,1,,,1,98,,18743,1,,,1,98,,18742,1,,,1,98,,18757,1,,,1,80,,18756,1,,,1,40,,18755,1,,,1,80,,18754,1,,,1,80,,18753,1,,,1,40,,18752,1,,,1,80,,18751,1,,,1,80,,18750,1,,,1,40,,18749,1,,,1,91,,18748,1,,,1,91,,18747,1,,,1,88,,18746,1,,,1
9801,'2',515,,18776,1,,,1,86,,18775,1,,,1,46,,18774,1,,,1,86,,18773,1,,,1,86,,18772,1,,,1,94,,18771,1,,,1,94,,18770,1,,,1,94,,18769,1,,,1,54,,18768,1,,,1,98,,18767,1,,,1,98,,18766,1,,,1,98,,18765,1,,,1,98,,18764,1,,,1,98,,18763,1,,,1,98,,18762,1,,,1,98,,18761,1,,,1,89,,18760,1,,,1,89,,18759,1,,,1,89,,18758,1,,,1
9801,'3',656,,18793,1,,,1,88,,18794,1,,,1,88,,18792,1,,,1,88,,18791,1,,,1,88,,18790,1,,,1,93,,18789,1,,,1,53,,18788,1,,,1,93,,18787,1,,,1,93,,18786,1,,,1,93,,18785,1,,,1,93,,18784,1,,,1,93,,18783,1,,,1,93,,18782,1,,,1,93,,18781,1,,,1,48,,18780,1,,,1,89,,18779,1,,,1,87,,18778,1,,,1,88,,18777,1,,,1
9801,'80',656,,18811,1,,,1,88,,18812,1,,,1,88,,18810,1,,,1,88,,18809,1,,,1,88,,18808,1,,,1,93,,18807,1,,,1,53,,18806,1,,,1,93,,18805,1,,,1,93,,18804,1,,,1,93,,18803,1,,,1,93,,18802,1,,,1,93,,18801,1,,,1,93,,18800,1,,,1,93,,18799,1,,,1,48,,18798,1,,,1,89,,18797,1,,,1,87,,18796,1,,,1,88,,18795,1,,,1
43000,'24611.1',733,,20709,13,,,1
989900,'1',2147,,22653,100,4,,1,72,,22654,100,4,,1,38,,22655,100,4,,1,78,,22656,100,4,,1,75,,22657,100,4,,1,32,,22658,100,4,,1,75,,22659,100,4,,1,35,,22660,100,4,,1
989900,'2',2152,,22664,100,4,,1,94,,22665,100,4,,1,84,,22666,100,4,,1,91,,22667,100,4,,1,86,,22668,100,4,,1,46,,22669,100,4,,1
989900,'3',2206,,22673,100,4,,1,50,,22674,100,4,,1,83,,22675,100,4,,1,90,,22676,100,4,,1,79,,22677,100,4,,1,43,,22678,100,4,,1
989900,'80',2206,,22682,100,4,,1,50,,22683,100,4,,1,83,,22684,100,4,,1,90,,22685,100,4,,1,79,,22686,100,4,,1,43,,22687,100,4,,1
989901,'1',2150,,22691,1,,,1,72,,22692,1,,,1,78,,22693,1,,,1,38,,22694,1,,,1,75,,22695,1,,,1,32,,22696,1,,,1,75,,22697,1,,,1,35,,22698,1,,,1
989901,'2',2155,,22699,1,,,1,94,,22700,1,,,1,84,,22701,1,,,1,91,,22704,1,,,1,86,,22702,1,,,1,46,,22703,1,,,1
989901,'3',2209,,22705,1,,,1,50,,22706,1,,,1,83,,22707,1,,,1,90,,22708,1,,,1,79,,22709,1,,,1,43,,22710,1,,,1
989901,'80',2209,,22711,1,,,1,50,,22712,1,,,1,83,,22713,1,,,1,90,,22714,1,,,1,79,,22715,1,,,1,43,,22716,1,,,1
