1600,'1',538,,26443,6,,,1,62,,26444,6,,,1,23,,26445,6,,,1,22,,26446,6,,,1,62,,26447,6,,,1,22,,26448,6,,,1,18,,26449,6,,,1,66,,26450,6,,,1,22,,26451,6,,,1,22,,26452,6,,,1,71,,26453,6,,,1,31,,26454,6,,,1,75,,26455,6,,,1,67,,26456,6,,,1,31,,26457,6,,,1,71,,26458,6,,,1,31,,26459,6,,,1,71,,26460,6,,,1,31,,26461,6,,,1,75,,26462,6,,,1,20,,26463,6,,,1,23,,26464,6,,,1,63,,26465,6,,,1,23,,26466,6,,,1,63,,26467,6,,,1,24,,26468,6,,,1,23,,26469,6,,,1,63,,26470,6,,,1,23,,26471,6,,,1,23,,26472,6,,,1,63,,26473,6,,,1,20,,26474,6,,,1,63,,26475,6,,,1,23,,26476,6,,,1,23,,26477,6,,,1,63,,26478,6,,,1,23,,26479,6,,,1,74,,26480,6,,,1,34,,26481,6,,,1,74,,26482,6,,,1,34,,26483,6,,,1,74,,26484,6,,,1,74,,26488,6,,,1
1600,'2',647,,26489,6,,,1,78,,26490,6,,,1,78,,26491,6,,,1,38,,26492,6,,,1,78,,26493,6,,,1,38,,26494,6,,,1,78,,26495,6,,,1,78,,26496,6,,,1,38,,26497,6,,,1,78,,26498,6,,,1,81,,26499,6,,,1,41,,26500,6,,,1,82,,26501,6,,,1,81,,26502,6,,,1,42,,26503,6,,,1,81,,26504,6,,,1,81,,26505,6,,,1,41,,26506,6,,,1,81,,26507,6,,,1,75,,26508,6,,,1,36,,26509,6,,,1,79,,26510,6,,,1,73,,26511,6,,,1,35,,26512,6,,,1,77,,26513,6,,,1,35,,26515,6,,,1,76,,26516,6,,,1
1600,'3',840,,26517,6,,,1,96,,26518,6,,,1,95,,26519,6,,,1,95,,26520,6,,,1,95,,26521,6,,,1,99,,26526,6,,,1,98,,26522,6,,,1,98,,26523,6,,,1,98,,26524,6,,,1,94,,26525,6,,,1,95,,26531,6,,,1,52,,26527,6,,,1,91,,26528,6,,,1,92,,26529,6,,,1,92,,26530,6,,,1
1600,'74',647,,26534,6,,,1,78,,26535,6,,,1,78,,26536,6,,,1,38,,26537,6,,,1,78,,26538,6,,,1,38,,26539,6,,,1,78,,26540,6,,,1,78,,26541,6,,,1,38,,26542,6,,,1,78,,26543,6,,,1,81,,26544,6,,,1,41,,26545,6,,,1,82,,26546,6,,,1,81,,26547,6,,,1,42,,26548,6,,,1,81,,26549,6,,,1,81,,26550,6,,,1,41,,26551,6,,,1,81,,26552,6,,,1,75,,26553,6,,,1,36,,26554,6,,,1,79,,26555,6,,,1,73,,26556,6,,,1,35,,26558,6,,,1,77,,26559,6,,,1,35,,26560,6,,,1,76,,26561,6,,,1
1600,'80',840,,26562,6,,,1,96,,26563,6,,,1,95,,26564,6,,,1,95,,26565,6,,,1,95,,26566,6,,,1,99,,26571,6,,,1,98,,26567,6,,,1,98,,26568,6,,,1,98,,26569,6,,,1,94,,26570,6,,,1,95,,26576,6,,,1,52,,26572,6,,,1,91,,26573,6,,,1,92,,26574,6,,,1,92,,26575,6,,,1
8500,'1',634,,29617,50,,,1,16,,29618,50,,,1,56,,29619,50,,,1,16,,29620,50,,,1,16,,29621,50,,,1,19,,29622,50,,,1,56,,29623,50,,,1,16,,29624,50,,,1,16,,29625,50,,,1,56,,29626,50,,,1,16,,29627,50,,,1,11,,29628,49,,,1,16,,29629,49,,,1,65,,29630,49,,,1,25,,29631,49,,,1,18,,29632,49,,,1,65,,29633,49,,,1,25,,29634,49,,,1,65,,29635,49,,,1,25,,29636,49,,,1,27,,29637,49,,,1,65,,29638,49,,,1,26,,29639,49,,,1,65,,29640,49,,,1,20,,29641,49,,,1,17,,29668,35,,,1,58,,29642,35,,,1,20,,29643,35,,,1,16,,29644,35,,,1,57,,29645,35,,,1,16,,29646,35,,,1,23,,29647,36,,,1,13,,29648,36,,,1,56,,29649,36,,,1,16,,29650,36,,,1,19,,29651,36,,,1,56,,29652,36,,,1,16,,29653,36,,,1,16,,29654,36,,,1,9,,29655,36,,,1,16,,29656,36,,,1,56,,29657,36,,,1,16,,29658,36,,,1,16,,29659,36,,,1,53,,29660,35,,,1,25,,29661,35,,,1,27,,29662,35,,,1,65,,29663,35,,,1,32,,29664,35,,,1,72,,29665,35,,,1,32,,29666,35,,,1,72,,29667,35,,,1
8500,'2',709,,29697,49,,,1,31,,29698,49,,,1,70,,29699,49,,,1,28,,29700,49,,,1,74,,29701,49,,,1,30,,29702,49,,,1,70,,29703,49,,,1,34,,29704,49,,,1,70,,29705,49,,,1,31,,29669,49,,,1,62,,29670,49,,,1,25,,29671,49,,,1,23,,29672,49,,,1,63,,29673,49,,,1,23,,29674,49,,,1,63,,29675,49,,,1,23,,29676,49,,,1,23,,29677,49,,,1,63,,29678,49,,,1,23,,29679,49,,,1,63,,29680,49,,,1,23,,29681,49,,,1,23,,29682,49,,,1,63,,29683,49,,,1,21,,29684,49,,,1,21,,29685,49,,,1,57,,29686,49,,,1,21,,29687,49,,,1,21,,29688,49,,,1,61,,29689,49,,,1,21,,29690,49,,,1,21,,29691,49,,,1,59,,29692,49,,,1,21,,29693,49,,,1,21,,29694,49,,,1,61,,29695,49,,,1,21,,29696,49,,,1,70,,29706,49,,,1,30,,29707,49,,,1,70,,29708,49,,,1
8500,'3',844,,29726,21,,,1,80,,29727,21,,,1,79,,29709,49,,,1,40,,29710,49,,,1,81,,29711,49,,,1,80,,29712,49,,,1,51,,29713,49,,,1,83,,29714,49,,,1,83,,29715,49,,,1,83,,29716,49,,,1,42,,29717,49,,,1,83,,29718,49,,,1,84,,29719,49,,,1,34,,29720,49,,,1,81,,29721,49,,,1,85,,29722,49,,,1,37,,29723,49,,,1,81,,29724,49,,,1,81,,29725,49,,,1
8500,'74',709,,29756,49,,,1,31,,29757,49,,,1,70,,29758,49,,,1,28,,29759,49,,,1,74,,29760,49,,,1,30,,29761,49,,,1,70,,29762,49,,,1,34,,29763,49,,,1,70,,29764,49,,,1,31,,29728,49,,,1,62,,29729,49,,,1,25,,29730,49,,,1,23,,29731,49,,,1,63,,29732,49,,,1,23,,29733,49,,,1,63,,29734,49,,,1,23,,29735,49,,,1,23,,29736,49,,,1,63,,29737,49,,,1,23,,29738,49,,,1,63,,29739,49,,,1,23,,29740,49,,,1,23,,29741,49,,,1,63,,29742,49,,,1,21,,29743,49,,,1,21,,29744,49,,,1,57,,29745,49,,,1,21,,29746,49,,,1,21,,29747,49,,,1,61,,29748,49,,,1,21,,29749,49,,,1,21,,29750,49,,,1,59,,29751,49,,,1,21,,29752,49,,,1,21,,29753,49,,,1,61,,29754,49,,,1,21,,29755,49,,,1,70,,29765,49,,,1,30,,29766,49,,,1,70,,29767,49,,,1
8500,'80',844,,29785,21,,,1,80,,29786,21,,,1,79,,29768,49,,,1,40,,29769,49,,,1,81,,29770,49,,,1,80,,29771,49,,,1,51,,29772,49,,,1,83,,29773,49,,,1,83,,29774,49,,,1,83,,29775,49,,,1,42,,29776,49,,,1,83,,29777,49,,,1,84,,29778,49,,,1,34,,29779,49,,,1,81,,29780,49,,,1,85,,29781,49,,,1,37,,29782,49,,,1,81,,29783,49,,,1,81,,29784,49,,,1
