300,'1',505,,24137,67,0,21 22 23 3 24,1,32,,24138,67,0,21 22 23 3 24,1,87,,24113,67,0,21 22 23 3 24,1,32,,24114,67,0,21 22 23 3 24,1,75,,24115,67,0,21 22 23 3 24,1,79,,24116,67,0,21 22 23 3 24,1,32,,24117,67,0,21 22 23 3 24,1,77,,24118,67,0,21 22 23 3 24,1,25,,24119,67,0,21 22 23 3 24,1,72,,24120,67,0,21 22 23 3 24,1,24,,24121,67,0,21 22 23 3 24,1,89,,24122,67,0,21 22 23 3 24,1,86,,24123,67,0,21 22 23 3 24,1,86,,24124,67,0,21 22 23 3 24,1,46,,24125,67,0,21 22 23 3 24,1,86,,24126,67,0,21 22 23 3 24,1,93,,24127,67,0,21 22 23 3 24,1,76,,24128,67,0,21 22 23 3 24,1,32,,24129,67,0,21 22 23 3 24,1,72,,24130,67,0,21 22 23 3 24,1,32,,24131,67,0,21 22 23 3 24,1,72,,24132,67,0,21 22 23 3 24,1,32,,24133,67,0,21 22 23 3 24,1,65,,24134,67,0,21 22 23 3 24,1,32,,24135,67,0,21 22 23 3 24,1,67,,24136,67,0,21 22 23 3 24,1,32,,24139,67,0,21 22 23 3 24,1,83,,24140,67,0,21 22 23 3 24,1,80,,24141,67,0,21 22 23 3 24,1
300,'2',845,,24147,67,0,21 22 23 3 24,1,103,,24146,67,0,21 22 23 3 24,1,105,,24148,67,0,21 22 23 3 24,1,105,,24149,67,0,21 22 23 3 24,1,145,,24150,67,0,21 22 23 3 24,1,105,,24151,67,0,21 22 23 3 24,1,107,,24152,67,0,21 22 23 3 24,1,105,,24153,67,0,21 22 23 3 24,1,107,,24154,67,0,21 22 23 3 24,1,106,,24155,67,0,21 22 23 3 24,1,101,,24156,67,0,21 22 23 3 24,1,102,,24157,67,0,21 22 23 3 24,1,99,,24158,67,0,21 22 23 3 24,1,102,,24145,67,0,21 22 23 3 24,1
300,'3',1005,,24160,67,0,21 22 23 3 24,1,100,,24172,67,0,21 22 23 3 24,1,104,,24171,67,0,21 22 23 3 24,1,102,,24170,67,0,21 22 23 3 24,1,102,,24169,67,0,21 22 23 3 24,1,99,,24168,67,0,21 22 23 3 24,1,102,,24167,67,0,21 22 23 3 24,1,102,,24166,67,0,21 22 23 3 24,1,102,,24165,67,0,21 22 23 3 24,1,102,,24164,67,0,21 22 23 3 24,1,99,,24163,67,0,21 22 23 3 24,1,99,,24162,67,0,21 22 23 3 24,1,98,,24161,67,0,21 22 23 3 24,1
300,'74',845,,24176,67,0,21 22 23 3 24,1,103,,24175,67,0,21 22 23 3 24,1,105,,24177,67,0,21 22 23 3 24,1,105,,24178,67,0,21 22 23 3 24,1,145,,24179,67,0,21 22 23 3 24,1,105,,24180,67,0,21 22 23 3 24,1,107,,24181,67,0,21 22 23 3 24,1,105,,24182,67,0,21 22 23 3 24,1,107,,24183,67,0,21 22 23 3 24,1,106,,24184,67,0,21 22 23 3 24,1,101,,24185,67,0,21 22 23 3 24,1,102,,24186,67,0,21 22 23 3 24,1,99,,24187,67,0,21 22 23 3 24,1,102,,24174,67,0,21 22 23 3 24,1
300,'80',1005,,24189,67,0,21 22 23 3 24,1,100,,24201,67,0,21 22 23 3 24,1,104,,24200,67,0,21 22 23 3 24,1,102,,24199,67,0,21 22 23 3 24,1,102,,24198,67,0,21 22 23 3 24,1,99,,24197,67,0,21 22 23 3 24,1,102,,24196,67,0,21 22 23 3 24,1,102,,24195,67,0,21 22 23 3 24,1,102,,24194,67,0,21 22 23 3 24,1,102,,24193,67,0,21 22 23 3 24,1,99,,24192,67,0,21 22 23 3 24,1,99,,24191,67,0,21 22 23 3 24,1,98,,24190,67,0,21 22 23 3 24,1
9001,'1',558,,30670,27,,,1,51,,30669,27,,,1,11,,30668,27,,,1,11,,30667,27,,,1,11,,30666,27,,,1,11,,30665,27,,,1,51,,30664,27,,,1,12,,30662,27,,,1,15,,30663,27,,,1,10,,30682,27,,,1,11,,30681,27,,,1,59,,30680,27,,,1,13,,30679,27,,,1,13,,30678,27,,,1,13,,30671,27,,,1,53,,30672,27,,,1,13,,30673,27,,,1,13,,30674,27,,,1,10,,30675,27,,,1,9,,30676,27,,,1,53,,30677,27,,,1,39,,30690,27,,,1,72,,30683,27,,,1,32,,30684,27,,,1,72,,30685,27,,,1,32,,30686,27,,,1,72,,30687,27,,,1,32,,30688,27,,,1,79,,30689,27,,,1,25,,30691,27,,,1,54,,30692,27,,,1,14,,30693,27,,,1,14,,30694,27,,,1,17,,30695,27,,,1,54,,30696,27,,,1,12,,30697,27,,,1,18,,30698,27,,,1,6,,30719,15,,,1,8,,30699,27,,,1,54,,30700,27,,,1,14,,30701,27,,,1,12,,30702,27,,,1,14,,30703,27,,,1,11,,30704,27,,,1,54,,30705,27,,,1,14,,30706,27,,,1,14,,30707,27,,,1,14,,30708,27,,,1,54,,30709,27,,,1,10,,30710,27,,,1,27,,30717,27,,,1,82,,30716,27,,,1,80,,30711,27,,,1,42,,30712,27,,,1,82,,30713,27,,,1,82,,30714,27,,,1,40,,30715,27,,,1,82,,30718,27,,,1
9001,'2',611,,30720,10,,,1,40,,30721,27,,,1,81,,30722,27,,,1,81,,30723,27,,,1,87,,30736,27,,,1,33,,30728,27,,,1,72,,30729,27,,,1,32,,30730,27,,,1,73,,30731,27,,,1,32,,30732,27,,,1,72,,30733,27,,,1,34,,30734,27,,,1,72,,30735,27,,,1,32,,30737,27,,,1,72,,30738,27,,,1,32,,30739,27,,,1,72,,30740,27,,,1,72,,30741,27,,,1,33,,30742,27,,,1,72,,30743,27,,,1,32,,30744,27,,,1,72,,30745,27,,,1,32,,30746,27,,,1,68,,30747,27,,,1,32,,30748,27,,,1,72,,30749,27,,,1,95,,30750,27,,,1,41,,30751,27,,,1,81,,30724,27,,,1,81,,30725,27,,,1,41,,30726,27,,,1,81,,30727,27,,,1
9001,'3',821,,30752,10,,,1,38,,30753,27,,,1,82,,30754,27,,,1,84,,30755,27,,,1,82,,30756,27,,,1,42,,30757,27,,,1,85,,30758,27,,,1,85,,30759,27,,,1,85,,30760,27,,,1,45,,30761,27,,,1,85,,30762,27,,,1,85,,30763,27,,,1,85,,30764,27,,,1,45,,30765,27,,,1,82,,30766,27,,,1,84,,30767,27,,,1,38,,30768,27,,,1,84,,30769,27,,,1,79,,30770,27,,,1,39,,30771,27,,,1,79,,30772,27,,,1
9001,'74',611,,30773,10,,,1,40,,30774,27,,,1,81,,30775,27,,,1,81,,30776,27,,,1,87,,30789,27,,,1,33,,30781,27,,,1,72,,30782,27,,,1,32,,30783,27,,,1,73,,30784,27,,,1,32,,30785,27,,,1,72,,30786,27,,,1,34,,30787,27,,,1,72,,30788,27,,,1,32,,30790,27,,,1,72,,30791,27,,,1,32,,30792,27,,,1,72,,30793,27,,,1,72,,30794,27,,,1,33,,30795,27,,,1,72,,30796,27,,,1,32,,30797,27,,,1,72,,30798,27,,,1,32,,30799,27,,,1,68,,30800,27,,,1,32,,30801,27,,,1,72,,30802,27,,,1,95,,30803,27,,,1,41,,30804,27,,,1,81,,30777,27,,,1,81,,30778,27,,,1,41,,30779,27,,,1,81,,30780,27,,,1
9001,'80',821,,30805,10,,,1,38,,30806,27,,,1,82,,30807,27,,,1,84,,30808,27,,,1,82,,30809,27,,,1,42,,30810,27,,,1,85,,30811,27,,,1,85,,30812,27,,,1,85,,30813,27,,,1,45,,30814,27,,,1,85,,30815,27,,,1,85,,30816,27,,,1,85,,30817,27,,,1,45,,30818,27,,,1,82,,30819,27,,,1,84,,30820,27,,,1,38,,30821,27,,,1,84,,30822,27,,,1,79,,30823,27,,,1,39,,30824,27,,,1,79,,30825,27,,,1
900201,'1',524,,36796,22,,,1,19,,36797,22,,,1,59,,36798,22,,,1,19,,36799,22,,,1,17,,36784,8,,,1,19,,36785,8,,,1,63,,36795,8,,,1,27,,36794,8,,,1,63,,36793,8,,,1,20,,36786,8,,,1,23,,36787,8,,,1,62,,36788,8,,,1,23,,36789,8,,,1,63,,36790,8,,,1,23,,36791,8,,,1,23,,36792,8,,,1,571,,36800,36,,,1,23,,36801,36,,,1,63,,36802,36,,,1,23,,36803,36,,,1,23,,36804,36,,,1,61,,36805,36,,,1,23,,36806,36,,,1,18,,36807,36,,,1,63,,36811,36,,,1,17,,36808,36,,,1,19,,36809,36,,,1,59,,36810,36,,,1
