100,'1',409,,12536,33,,,1,38,,12535,33,,,1,71,,12534,33,,,1,82,,12562,48,,,1,38,,12561,48,,,1,80,,12559,48,,,1,39,,12560,48,,,1,73,,12558,48,,,1,75,,12557,48,,,1,35,,12556,48,,,1,108,,12555,48,,,1,153,,12554,48,,,1,112,,12553,48,,,1,116,,12552,48,,,1,87,,12563,48,,,1,43,,12551,48,,,1,71,,12550,48,,,1,77,,12549,48,,,1,31,,12548,48,,,1,74,,12547,48,,,1,34,,12546,48,,,1,66,,12545,48,,,1,24,,12544,48,,,1,97,,12543,48,,,1,102,,12542,48,,,1,100,,12541,48,,,1,91,,12540,48,,,1,95,,12539,48,,,1,89,,12538,48,,,1,95,,12537,48,,,1
100,'2',608,,12586,33,,,1,96,,12564,48,,,1,103,,12565,48,,,1,107,,12566,48,,,1,103,,12567,48,,,1,112,,12568,48,,,1,95,,12569,48,,,1,87,,12570,48,,,1,103,,12571,48,,,1,92,,12572,48,,,1,52,,12573,48,,,1,92,,12574,48,,,1,86,,12575,48,,,1,92,,12576,48,,,1,91,,12577,48,,,1,81,,12578,48,,,1,52,,12579,48,,,1,90,,12580,48,,,1,97,,12581,48,,,1,97,,12582,48,,,1,94,,12583,48,,,1,92,,12584,48,,,1,97,,12585,48,,,1
100,'3',758,,12602,33,,,1,91,,12587,48,,,1,159,,12588,48,,,1,115,,12589,48,,,1,115,,12590,48,,,1,115,,12591,48,,,1,152,,12592,48,,,1,107,,12593,48,,,1,112,,12594,48,,,1,110,,12595,48,,,1,108,,12596,48,,,1,96,,12597,48,,,1,99,,12598,48,,,1,99,,12599,48,,,1,94,,12600,48,,,1,99,,12601,48,,,1
100,'80',758,,12618,33,,,1,91,,12603,48,,,1,159,,12604,48,,,1,115,,12605,48,,,1,115,,12606,48,,,1,115,,12607,48,,,1,152,,12608,48,,,1,107,,12609,48,,,1,112,,12610,48,,,1,110,,12611,48,,,1,108,,12612,48,,,1,96,,12613,48,,,1,99,,12614,48,,,1,99,,12615,48,,,1,94,,12616,48,,,1,99,,12617,48,,,1
1601,'1',550,,14729,6,,,1,62,,14728,6,,,1,22,,14720,6,,,1,22,,14721,6,,,1,63,,14722,6,,,1,22,,14723,6,,,1,62,,14724,6,,,1,22,,14725,6,,,1,17,,14726,6,,,1,66,,14727,6,,,1,21,,14740,6,,,1,24,,14739,6,,,1,68,,14730,6,,,1,31,,14731,6,,,1,71,,14732,6,,,1,31,,14733,6,,,1,71,,14734,6,,,1,31,,14735,6,,,1,69,,14736,6,,,1,34,,14737,6,,,1,67,,14738,6,,,1,21,,14757,6,,,1,63,,14756,6,,,1,23,,14741,6,,,1,17,,14742,6,,,1,69,,14743,6,,,1,23,,14744,6,,,1,63,,14745,6,,,1,23,,14746,6,,,1,23,,14747,6,,,1,63,,14748,6,,,1,22,,14749,6,,,1,23,,14750,6,,,1,63,,14751,6,,,1,23,,14752,6,,,1,63,,14753,6,,,1,23,,14754,6,,,1,23,,14755,6,,,1,68,,14760,6,,,1,34,,14758,6,,,1,73,,14759,6,,,1,74,,14766,6,,,1
1601,'2',659,,14768,6,,,1,78,,14767,6,,,1,78,,14771,6,,,1,38,,14772,6,,,1,78,,14773,6,,,1,78,,14774,6,,,1,38,,14775,6,,,1,78,,14776,6,,,1,78,,14777,6,,,1,38,,14778,6,,,1,84,,14787,6,,,1,81,,14779,6,,,1,41,,14780,6,,,1,81,,14781,6,,,1,81,,14782,6,,,1,41,,14783,6,,,1,81,,14784,6,,,1,81,,14785,6,,,1,37,,14786,6,,,1,81,,14794,6,,,1,72,,14788,6,,,1,36,,14789,6,,,1,78,,14790,6,,,1,34,,14791,6,,,1,76,,14792,6,,,1,33,,14793,6,,,1
1601,'3',739,,14795,6,,,1,95,,14796,6,,,1,95,,14797,6,,,1,95,,14798,6,,,1,95,,14799,6,,,1,95,,14800,6,,,1,98,,14801,6,,,1,98,,14802,6,,,1,98,,14803,6,,,1,98,,14804,6,,,1,98,,14805,6,,,1,52,,14806,6,,,1,92,,14807,6,,,1,92,,14808,6,,,1,92,,14809,6,,,1,91,,14810,6,,,1
1601,'80',739,,14811,6,,,1,95,,14812,6,,,1,95,,14813,6,,,1,95,,14814,6,,,1,95,,14815,6,,,1,95,,14816,6,,,1,98,,14817,6,,,1,98,,14818,6,,,1,98,,14819,6,,,1,98,,14820,6,,,1,98,,14821,6,,,1,52,,14822,6,,,1,92,,14823,6,,,1,92,,14824,6,,,1,92,,14825,6,,,1,91,,14826,6,,,1
30301,'1',1628,,19941,8,,,1,31,,19938,8,,,1,59,,19939,8,,,1,10,,19940,8,,,1,17,,19942,8,,,1,10,,19937,8,,,1,53,,19943,8,,,1,12,,19944,8,,,1,15,,19936,8,,,1
40100,'24611.1',754,,20653,46,,,1
41601,'24612.1',1511,,20682,6,,,1
41700,'24612.1',837,,20683,62,,,1,1,,20684,62,,,1
52201,'1',901,,20776,6,,,1,121,,20773,6,,,1,119,,20774,6,,,1,159,,20775,6,,,1,119,,20778,6,,,1,120,,20779,6,,,1,119,,20780,6,,,1
