9801,'1',517,,31521,17,,,1,35,,31520,17,,,1,75,,31519,17,,,1,75,,31518,17,,,1,35,,31517,17,,,1,75,,31516,17,,,1,35,,31515,17,,,1,75,,31514,17,,,1,35,,31525,17,,,1,100,,31524,17,,,1,98,,31523,17,,,1,98,,31522,17,,,1,99,,31537,17,,,1,80,,31536,17,,,1,80,,31535,17,,,1,40,,31534,17,,,1,80,,31533,17,,,1,80,,31532,17,,,1,40,,31531,17,,,1,79,,31530,17,,,1,80,,31529,17,,,1,91,,31528,17,,,1,49,,31527,17,,,1,88,,31526,17,,,1
9801,'2',525,,31556,17,,,1,86,,31555,17,,,1,46,,31554,17,,,1,86,,31553,17,,,1,87,,31552,17,,,1,95,,31551,17,,,1,94,,31550,17,,,1,96,,31549,17,,,1,94,,31548,17,,,1,100,,31547,17,,,1,98,,31546,17,,,1,98,,31545,17,,,1,97,,31544,17,,,1,98,,31543,17,,,1,58,,31542,17,,,1,97,,31541,17,,,1,86,,31540,17,,,1,89,,31539,17,,,1,88,,31538,17,,,1
9801,'3',707,,31573,17,,,1,48,,31574,17,,,1,88,,31572,17,,,1,88,,31571,17,,,1,88,,31570,17,,,1,95,,31569,17,,,1,93,,31568,17,,,1,93,,31567,17,,,1,54,,31566,17,,,1,93,,31565,17,,,1,93,,31564,17,,,1,93,,31563,17,,,1,93,,31562,17,,,1,92,,31561,17,,,1,87,,31560,17,,,1,48,,31559,17,,,1,87,,31558,17,,,1,88,,31557,17,,,1
9801,'74',525,,31593,17,,,1,86,,31592,17,,,1,46,,31591,17,,,1,86,,31590,17,,,1,87,,31589,17,,,1,95,,31588,17,,,1,94,,31587,17,,,1,96,,31586,17,,,1,94,,31585,17,,,1,100,,31584,17,,,1,98,,31583,17,,,1,98,,31582,17,,,1,97,,31581,17,,,1,98,,31580,17,,,1,58,,31579,17,,,1,97,,31578,17,,,1,86,,31577,17,,,1,89,,31576,17,,,1,88,,31575,17,,,1
9801,'80',707,,31610,17,,,1,48,,31611,17,,,1,88,,31609,17,,,1,88,,31608,17,,,1,88,,31607,17,,,1,95,,31606,17,,,1,93,,31605,17,,,1,93,,31604,17,,,1,54,,31603,17,,,1,93,,31602,17,,,1,93,,31601,17,,,1,93,,31600,17,,,1,93,,31599,17,,,1,92,,31598,17,,,1,87,,31597,17,,,1,48,,31596,17,,,1,87,,31595,17,,,1,88,,31594,17,,,1
989901,'1',2159,,36877,17,,,1,72,,36878,17,,,1,78,,36879,17,,,1,36,,36880,17,,,1,75,,36881,17,,,1,32,,36882,17,,,1,75,,36883,17,,,1,75,,36884,17,,,1
989901,'2',2204,,36885,17,,,1,54,,36886,17,,,1,83,,36887,17,,,1,91,,36890,17,,,1,85,,36888,17,,,1,86,,36889,17,,,1
989901,'3',2217,,36891,17,,,1,90,,36892,17,,,1,43,,36893,17,,,1,89,,36894,17,,,1,79,,36895,17,,,1,83,,36896,17,,,1
989901,'74',2204,,36897,17,,,1,54,,36898,17,,,1,83,,36899,17,,,1,91,,36902,17,,,1,85,,36900,17,,,1,86,,36901,17,,,1
989901,'80',2217,,36903,17,,,1,90,,36904,17,,,1,43,,36905,17,,,1,89,,36906,17,,,1,79,,36907,17,,,1,83,,36908,17,,,1
