600,'1',421,,24934,8,,,1,30,,24935,8,,,1,62,,24936,8,,,1,22,,24937,8,,,1,22,,24938,8,,,1,62,,24939,8,,,1,22,,24940,8,,,1,68,,24941,8,,,1,23,,24942,8,,,1,71,,24943,8,,,1,26,,24944,8,,,1,27,,24945,8,,,1,67,,24946,8,,,1,36,,24947,8,,,1,76,,24948,8,,,1,76,,24949,8,,,1,36,,24950,8,,,1,76,,24951,8,,,1,36,,24952,8,,,1,76,,24953,8,,,1,67,,24954,8,,,1,27,,24955,8,,,1,28,,24956,8,,,1,67,,24957,8,,,1,27,,24958,8,,,1,67,,24959,8,,,1,27,,24960,8,,,1,67,,24961,8,,,1,27,,24962,8,,,1,66,,24963,8,,,1,27,,24964,8,,,1,27,,24965,8,,,1,67,,24966,8,,,1,74,,24967,8,,,1,34,,24968,8,,,1,74,,24969,8,,,1,34,,24970,8,,,1,103,,24971,8,,,1,103,,24972,8,,,1,103,,24973,8,,,1
600,'2',547,,24974,8,,,1,69,,24975,8,,,1,26,,24976,8,,,1,70,,24977,8,,,1,33,,24978,8,,,1,82,,24979,8,,,1,75,,24980,8,,,1,32,,24981,8,,,1,72,,24982,8,,,1,32,,24983,8,,,1,72,,24984,8,,,1,32,,24985,8,,,1,72,,24986,8,,,1,32,,24987,8,,,1,72,,24988,8,,,1,32,,24989,8,,,1,77,,24990,8,,,1,77,,24991,8,,,1,37,,24992,8,,,1,78,,24993,8,,,1,36,,24994,8,,,1,78,,24995,8,,,1,75,,24996,8,,,1,35,,24997,8,,,1,71,,24998,8,,,1,33,,24999,8,,,1,100,,25000,8,,,1,95,,25001,8,,,1,95,,25002,8,,,1,95,,25003,8,,,1
600,'3',602,,25004,8,,,1,26,,25005,8,,,1,29,,25006,8,,,1,74,,25007,8,,,1,69,,25008,8,,,1,42,,25009,8,,,1,75,,25010,8,,,1,32,,25011,8,,,1,72,,25012,8,,,1,32,,25013,8,,,1,72,,25014,8,,,1,32,,25015,8,,,1,72,,25016,8,,,1,72,,25017,8,,,1,32,,25018,8,,,1,72,,25019,8,,,1,39,,25020,8,,,1,76,,25021,8,,,1,37,,25022,8,,,1,77,,25023,8,,,1,77,,25024,8,,,1,37,,25025,8,,,1,73,,25026,8,,,1,37,,25027,8,,,1,71,,25028,8,,,1,100,,25029,8,,,1,98,,25030,8,,,1,98,,25031,8,,,1,98,,25032,8,,,1
600,'74',547,,25033,8,,,1,69,,25034,8,,,1,26,,25035,8,,,1,70,,25036,8,,,1,33,,25037,8,,,1,82,,25038,8,,,1,75,,25039,8,,,1,32,,25040,8,,,1,72,,25041,8,,,1,32,,25042,8,,,1,72,,25043,8,,,1,32,,25044,8,,,1,72,,25045,8,,,1,32,,25046,8,,,1,72,,25047,8,,,1,32,,25048,8,,,1,77,,25049,8,,,1,77,,25050,8,,,1,37,,25051,8,,,1,78,,25052,8,,,1,36,,25053,8,,,1,78,,25054,8,,,1,75,,25055,8,,,1,35,,25056,8,,,1,71,,25057,8,,,1,33,,25058,8,,,1,100,,25059,8,,,1,95,,25060,8,,,1,95,,25061,8,,,1,95,,25062,8,,,1
600,'80',602,,25063,8,,,1,26,,25064,8,,,1,29,,25065,8,,,1,74,,25066,8,,,1,69,,25067,8,,,1,42,,25068,8,,,1,75,,25069,8,,,1,32,,25070,8,,,1,72,,25071,8,,,1,32,,25072,8,,,1,72,,25073,8,,,1,32,,25074,8,,,1,72,,25075,8,,,1,72,,25076,8,,,1,32,,25077,8,,,1,72,,25078,8,,,1,39,,25079,8,,,1,76,,25080,8,,,1,37,,25081,8,,,1,77,,25082,8,,,1,77,,25083,8,,,1,37,,25084,8,,,1,73,,25085,8,,,1,37,,25086,8,,,1,71,,25087,8,,,1,100,,25088,8,,,1,98,,25089,8,,,1,98,,25090,8,,,1,98,,25091,8,,,1
601,'1',2209,,25124,19,4,,1,347,,25129,19,4,,1
601,'2',2012,,25153,19,4,,1,413,,25159,19,4,,1
601,'3',2000,,25183,19,4,,1,419,,25189,19,4,,1
601,'74',2012,,25213,19,4,,1,413,,25219,19,4,,1
601,'80',2000,,25243,19,4,,1,419,,25249,19,4,,1
36101,'1',601,,34011,8,,,1,24,,34012,8,,,1,32,,34013,8,,,1,63,,34014,8,,,1,26,,34015,8,,,1,66,,34016,8,,,1,25,,34017,8,,,1,20,,34018,8,,,1,66,,34019,8,,,1,580,,34020,8,,,1,25,,34021,8,,,1,25,,34022,8,,,1,67,,34023,8,,,1,24,,34024,8,,,1,69,,34025,8,,,1,23,,34026,8,,,1,65,,34027,8,,,1,23,,34028,8,,,1
