600,'1',418,,13552,1,,,1,30,,13553,1,,,1,62,,13554,1,,,1,22,,13555,1,,,1,22,,13556,1,,,1,62,,13557,1,,,1,22,,13558,1,,,1,67,,13559,1,,,1,23,,13560,1,,,1,31,,13561,1,,,1,67,,13562,1,,,1,27,,13563,1,,,1,67,,13564,1,,,1,36,,13565,1,,,1,76,,13566,1,,,1,76,,13567,1,,,1,36,,13568,1,,,1,76,,13569,1,,,1,36,,13570,1,,,1,76,,13571,1,,,1,27,,13572,1,,,1,66,,13573,1,,,1,28,,13574,1,,,1,67,,13575,1,,,1,27,,13576,1,,,1,67,,13577,1,,,1,27,,13578,1,,,1,67,,13579,1,,,1,27,,13580,1,,,1,67,,13581,1,,,1,27,,13582,1,,,1,27,,13583,1,,,1,67,,13584,1,,,1,34,,13585,1,,,1,74,,13586,1,,,1,74,,13587,1,,,1,34,,13588,1,,,1,103,,13589,1,,,1,103,,13590,1,,,1,103,,13591,1,,,1
600,'2',544,,13592,1,,,1,69,,13593,1,,,1,26,,13594,1,,,1,69,,13595,1,,,1,33,,13596,1,,,1,83,,13597,1,,,1,35,,13598,1,,,1,72,,13599,1,,,1,72,,13600,1,,,1,32,,13601,1,,,1,72,,13602,1,,,1,32,,13603,1,,,1,72,,13604,1,,,1,32,,13605,1,,,1,72,,13606,1,,,1,32,,13607,1,,,1,77,,13608,1,,,1,77,,13609,1,,,1,36,,13610,1,,,1,78,,13611,1,,,1,36,,13612,1,,,1,78,,13613,1,,,1,76,,13614,1,,,1,35,,13615,1,,,1,71,,13616,1,,,1,33,,13617,1,,,1,100,,13618,1,,,1,95,,13619,1,,,1,95,,13620,1,,,1,95,,13621,1,,,1
600,'3',559,,13622,1,,,1,66,,13623,1,,,1,29,,13624,1,,,1,73,,13625,1,,,1,29,,13626,1,,,1,83,,13627,1,,,1,75,,13628,1,,,1,32,,13629,1,,,1,72,,13630,1,,,1,32,,13631,1,,,1,72,,13632,1,,,1,32,,13633,1,,,1,72,,13634,1,,,1,32,,13635,1,,,1,72,,13636,1,,,1,72,,13637,1,,,1,39,,13638,1,,,1,75,,13639,1,,,1,37,,13640,1,,,1,77,,13641,1,,,1,77,,13642,1,,,1,37,,13643,1,,,1,74,,13644,1,,,1,37,,13645,1,,,1,71,,13646,1,,,1,100,,13647,1,,,1,98,,13648,1,,,1,98,,13649,1,,,1,98,,13650,1,,,1
600,'80',559,,13651,1,,,1,66,,13652,1,,,1,29,,13653,1,,,1,73,,13654,1,,,1,29,,13655,1,,,1,83,,13656,1,,,1,75,,13657,1,,,1,32,,13658,1,,,1,72,,13659,1,,,1,32,,13660,1,,,1,72,,13661,1,,,1,32,,13662,1,,,1,72,,13663,1,,,1,32,,13664,1,,,1,72,,13665,1,,,1,72,,13666,1,,,1,39,,13667,1,,,1,75,,13668,1,,,1,37,,13669,1,,,1,77,,13670,1,,,1,77,,13671,1,,,1,37,,13672,1,,,1,74,,13673,1,,,1,37,,13674,1,,,1,71,,13675,1,,,1,100,,13676,1,,,1,98,,13677,1,,,1,98,,13678,1,,,1,98,,13679,1,,,1
601,'1',530,,13680,12,4,,1,22,,13681,12,4,,1,62,,13682,12,4,,1,22,,13683,12,4,,1,67,,13684,12,4,,1,23,,13685,12,4,,1,31,,13686,12,4,,1,67,,13687,12,4,,1,27,,13688,12,4,,1,67,,13689,12,4,,1,36,,13690,12,4,,1,76,,13697,12,4,,1,76,,13691,12,4,,1,36,,13692,12,4,,1,76,,13693,12,4,,1,36,,13694,12,4,,1,76,,13695,12,4,,1,93,,13696,12,4,,1,28,,13709,12,4,,1,67,,13698,12,4,,1,27,,13699,12,4,,1,67,,13700,12,4,,1,27,,13701,12,4,,1,67,,13702,12,4,,1,27,,13703,12,4,,1,67,,13704,12,4,,1,27,,13705,12,4,,1,27,,13706,12,4,,1,67,,13707,12,4,,1,34,,13708,12,4,,1,74,,13714,12,4,,1,74,,13710,12,4,,1,34,,13711,12,4,,1,69,,13712,12,4,,1,34,,13713,12,4,,1,103,,13715,12,4,,1,103,,13716,12,4,,1,107,,13717,12,4,,1
601,'2',637,,13718,12,4,,1,69,,13719,12,4,,1,33,,13720,12,4,,1,83,,13721,12,4,,1,35,,13722,12,4,,1,72,,13723,12,4,,1,72,,13732,12,4,,1,32,,13724,12,4,,1,72,,13725,12,4,,1,32,,13726,12,4,,1,72,,13727,12,4,,1,32,,13728,12,4,,1,72,,13729,12,4,,1,32,,13730,12,4,,1,77,,13731,12,4,,1,37,,13738,12,4,,1,76,,13733,12,4,,1,78,,13734,12,4,,1,36,,13735,12,4,,1,78,,13736,12,4,,1,76,,13737,12,4,,1,35,,13739,12,4,,1,71,,13740,12,4,,1,33,,13741,12,4,,1,67,,13742,12,4,,1,33,,13743,12,4,,1,95,,13744,12,4,,1,95,,13745,12,4,,1,95,,13746,12,4,,1,95,,13747,12,4,,1
601,'3',623,,13773,12,4,,1,29,,13748,12,4,,1,73,,13749,12,4,,1,29,,13750,12,4,,1,83,,13751,12,4,,1,75,,13752,12,4,,1,32,,13753,12,4,,1,72,,13754,12,4,,1,32,,13755,12,4,,1,72,,13756,12,4,,1,32,,13757,12,4,,1,72,,13758,12,4,,1,32,,13759,12,4,,1,72,,13760,12,4,,1,72,,13761,12,4,,1,39,,13762,12,4,,1,75,,13763,12,4,,1,37,,13764,12,4,,1,77,,13765,12,4,,1,77,,13766,12,4,,1,37,,13767,12,4,,1,74,,13768,12,4,,1,37,,13769,12,4,,1,71,,13770,12,4,,1,33,,13771,12,4,,1,67,,13772,12,4,,1,98,,13774,12,4,,1,98,,13775,12,4,,1,98,,13776,12,4,,1,98,,13777,12,4,,1
601,'80',623,,13803,12,4,,1,29,,13778,12,4,,1,73,,13779,12,4,,1,29,,13780,12,4,,1,83,,13781,12,4,,1,75,,13782,12,4,,1,32,,13783,12,4,,1,72,,13784,12,4,,1,32,,13785,12,4,,1,72,,13786,12,4,,1,32,,13787,12,4,,1,72,,13788,12,4,,1,32,,13789,12,4,,1,72,,13790,12,4,,1,72,,13791,12,4,,1,39,,13792,12,4,,1,75,,13793,12,4,,1,37,,13794,12,4,,1,77,,13795,12,4,,1,77,,13796,12,4,,1,37,,13797,12,4,,1,74,,13798,12,4,,1,37,,13799,12,4,,1,71,,13800,12,4,,1,33,,13801,12,4,,1,67,,13802,12,4,,1,98,,13804,12,4,,1,98,,13805,12,4,,1,98,,13806,12,4,,1,98,,13807,12,4,,1
36100,'1',556,,20614,15,4,,1,64,,20615,15,4,,1,32,,20616,15,4,,1,62,,20617,15,4,,1,26,,20618,15,4,,1,66,,20619,15,4,,1,26,,20620,15,4,,1,20,,20621,15,4,,1,66,,20622,15,4,,1,540,,20623,15,4,,1,65,,20624,15,4,,1,25,,20625,15,4,,1,67,,20626,15,4,,1,24,,20627,15,4,,1,69,,20628,15,4,,1,23,,20629,15,4,,1,25,,20630,15,4,,1,63,,20631,15,4,,1
36101,'1',558,,20632,1,,,1,64,,20633,1,,,1,32,,20634,1,,,1,62,,20635,1,,,1,26,,20636,1,,,1,66,,20637,1,,,1,26,,20638,1,,,1,20,,20639,1,,,1,66,,20640,1,,,1,580,,20641,1,,,1,25,,20642,1,,,1,25,,20643,1,,,1,67,,20644,1,,,1,24,,20645,1,,,1,69,,20646,1,,,1,23,,20647,1,,,1,25,,20648,1,,,1,63,,20649,1,,,1
