9900,'1',350,,31638,16,,,1,80,,31639,16,,,1,72,,31612,36,,,1,42,,31613,36,,,1,80,,31614,36,,,1,84,,31615,36,,,1,97,,31616,36,,,1,35,,31617,36,,,1,77,,31618,36,,,1,32,,31619,36,,,1,75,,31620,36,,,1,35,,31621,36,,,1,99,,31622,36,,,1,94,,31623,36,,,1,94,,31624,36,,,1,94,,31625,36,,,1,76,,31637,36,,,1,31,,31636,36,,,1,69,,31626,36,,,1,30,,31627,36,,,1,70,,31628,36,,,1,30,,31629,36,,,1,70,,31630,36,,,1,25,,31631,36,,,1,70,,31632,36,,,1,24,,31633,36,,,1,70,,31634,36,,,1,26,,31635,36,,,1
9900,'2',510,,31658,16,,,1,37,,31659,16,,,1,74,,31640,36,,,1,79,,31641,36,,,1,38,,31655,36,,,1,91,,31654,36,,,1,87,,31642,36,,,1,87,,31643,36,,,1,47,,31644,36,,,1,90,,31645,36,,,1,107,,31646,36,,,1,95,,31647,36,,,1,95,,31648,36,,,1,98,,31649,36,,,1,95,,31650,36,,,1,92,,31651,36,,,1,95,,31652,36,,,1,95,,31653,36,,,1,45,,31657,36,,,1,90,,31656,36,,,1
9900,'3',512,,31678,16,,,1,38,,31679,16,,,1,81,,31660,36,,,1,78,,31661,36,,,1,38,,31662,36,,,1,78,,31663,36,,,1,94,,31680,36,,,1,89,,31664,36,,,1,49,,31665,36,,,1,89,,31666,36,,,1,93,,31667,36,,,1,89,,31668,36,,,1,89,,31669,36,,,1,89,,31670,36,,,1,49,,31671,36,,,1,89,,31672,36,,,1,89,,31673,36,,,1,87,,31674,36,,,1,89,,31675,36,,,1,49,,31676,36,,,1,80,,31677,36,,,1
9900,'74',510,,31699,16,,,1,37,,31700,16,,,1,74,,31681,36,,,1,79,,31682,36,,,1,38,,31696,36,,,1,91,,31695,36,,,1,87,,31683,36,,,1,87,,31684,36,,,1,47,,31685,36,,,1,90,,31686,36,,,1,107,,31687,36,,,1,95,,31688,36,,,1,95,,31689,36,,,1,98,,31690,36,,,1,95,,31691,36,,,1,92,,31692,36,,,1,95,,31693,36,,,1,95,,31694,36,,,1,45,,31698,36,,,1,90,,31697,36,,,1
9900,'80',512,,31719,16,,,1,38,,31720,16,,,1,81,,31701,36,,,1,78,,31702,36,,,1,38,,31703,36,,,1,78,,31704,36,,,1,94,,31721,36,,,1,89,,31705,36,,,1,49,,31706,36,,,1,89,,31707,36,,,1,93,,31708,36,,,1,89,,31709,36,,,1,89,,31710,36,,,1,89,,31711,36,,,1,49,,31712,36,,,1,89,,31713,36,,,1,89,,31714,36,,,1,87,,31715,36,,,1,89,,31716,36,,,1,49,,31717,36,,,1,80,,31718,36,,,1
989900,'1',2103,,36830,36,,,1,34,,36831,36,,,1,78,,36832,36,,,1,38,,36833,36,,,1,75,,36834,36,,,1,73,,36835,36,,,1,35,,36836,36,,,1,75,,36837,36,,,1,35,,36838,36,0,5 6,1,75,,36839,36,0,5 6,1,80,,36840,36,0,5 6,1
989900,'2',2107,,36841,36,,,1,94,,36842,36,,,1,47,,36843,36,,,1,93,,36844,36,,,1,86,,36845,36,,,1,86,,36846,36,,,1,45,,36847,36,0,5 6,1,86,,36848,36,0,5 6,1,86,,36849,36,0,5 6,1
989900,'3',2124,,36850,36,,,1,90,,36851,36,,,1,86,,36852,36,,,1,50,,36853,36,,,1,81,,36854,36,,,1,83,,36855,36,,,1,40,,36856,36,0,5 6,1,83,,36857,36,0,5 6,1,83,,36858,36,0,5 6,1
989900,'74',2107,,36859,36,,,1,94,,36860,36,,,1,47,,36861,36,,,1,93,,36862,36,,,1,86,,36863,36,,,1,86,,36864,36,,,1,45,,36865,36,0,5 6,1,86,,36866,36,0,5 6,1,86,,36867,36,0,5 6,1
989900,'80',2124,,36868,36,,,1,90,,36869,36,,,1,86,,36870,36,,,1,50,,36871,36,,,1,81,,36872,36,,,1,83,,36873,36,,,1,40,,36874,36,0,5 6,1,83,,36875,36,0,5 6,1,83,,36876,36,0,5 6,1
