'151.0.1',9100,54500,,'',1,1100,,'',1,5100,,'',1,1100,,'',1,1100,,'',1,1100,,'',1,1100,,'',1,5200,,'',1,1200,,'',1,1200,,'',1,1200,,'',1,1200,,'',1,5200,,'',1,1200,,'',1,1200,,'',1,1200,,'',1,1200,,'',1,5200,,'',1,1200,,'',1,1200,,'',1,1200,,'',1,1200,,'',1,6500,,'',1,2500,,'',1,6500,,'',1,2500,,'',1,2500,,'',1,6500,,'',1,2500,,'',1,6500,,'',1,1300,,'',1,1300,,'',1,1300,,'',1,5300,,'',1,1300,,'',1,1300,,'',1,1300,,'',1,1300,,'',1,5300,,'',1,1300,,'',1,1300,,'',1,1300,,'',1,5300,,'',1,1400,,'',1,1400,,'',1,1400,,'',1,1400,,'',1,5400,,'',1,1400,,'',1,1400,,'',1,1400,,'',1,5400,,'',1,1400,,'',1,1400,,'',1,1400,,'',1,5400,,'',1,2300,,'',1,2300,,'',1,6300,,'',1,2300,,'',1,2300,,'',1,6300,,'',1,2300,,'',1,6300,,'',1,2300,,'',1,2300,,'',1,6300,,'',1,2300,,'',1,6300,,'',1,2300,,'',1,2300,,'',1
'151.0.1',9101,55500,4,'',1,5100,4,'',1,1100,4,'',1,1100,4,'',1,1300,4,'',1,1100,4,'',1,5100,4,'',1,1300,4,'',1,1100,4,'',1,1400,4,'',1,1600,4,'',1,5200,4,'',1,2200,4,'',1,1200,4,'',1,1200,4,'',1,5200,4,'',1,1200,4,'',1,900,4,'',1,1200,4,'',1,400,4,'',1,1200,4,'',1,5200,4,'',1,1200,4,'',1,1200,4,'',1,1200,4,'',1,1300,4,'',1,6500,4,'',1,2900,4,'',1,6500,4,'',1,2500,4,'',1,6500,4,'',1,2500,4,'',1,2400,4,'',1,6200,4,'',1,1300,4,'',1,1900,4,'',1,5300,4,'',1,1300,4,'',1,1300,4,'',1,1100,4,'',1,1300,4,'',1,5300,4,'',1,1300,4,'',1,1300,4,'',1,1300,4,'',1,6000,4,'',1,1400,4,'',1,1400,4,'',1,1400,4,'',1,5400,4,'',1,1400,4,'',1,1400,4,'',1,600,4,'',1,1400,4,'',1,5400,4,'',1,1200,4,'',1,1400,4,'',1,1100,4,'',1,6700,4,'',1,2200,4,'',1,2300,4,'',1,6300,4,'',1,2300,4,'',1,6300,4,'',1,2100,4,'',1,2300,4,'',1,5900,4,'',1,2300,4,'',1,2300,4,'',1,6300,4,'',1,2300,4,'',1
'151.0.2',9100,64500,,'',1,6200,,'',1,2200,,'',1,2200,,'',1,6200,,'',1,2200,,'',1,2200,,'',1,6200,,'',1,2200,,'',1,6500,,'',1,2500,,'',1,2500,,'',1,6500,,'',1,2500,,'',1,6500,,'',1,2500,,'',1,6500,,'',1,2500,,'',1,2500,,'',1,6500,,'',1,2500,,'',1,6500,,'',1,2500,,'',1,2500,,'',1,6500,,'',1,2500,,'',1,6500,,'',1,2500,,'',1,6500,,'',1,2500,,'',1,2500,,'',1,6500,,'',1,2500,,'',1,6900,,'',1,2900,,'',1,6900,,'',1,2900,,'',1,6900,,'',1,2900,,'',1,6900,,'',1
'151.0.2',9101,80300,4,'',1,2200,4,'',1,2600,4,'',1,6200,4,'',1,2200,4,'',1,2200,4,'',1,6200,4,'',1,2600,4,'',1,6700,4,'',1,2500,4,'',1,6400,4,'',1,2500,4,'',1,2500,4,'',1,6500,4,'',1,2900,4,'',1,6500,4,'',1,2500,4,'',1,6500,4,'',1,2500,4,'',1,2000,4,'',1,6500,4,'',1,2500,4,'',1,6500,4,'',1,2500,4,'',1,2500,4,'',1,6500,4,'',1,2500,4,'',1,6500,4,'',1,2500,4,'',1,2300,4,'',1,6500,4,'',1,2500,4,'',1,8800,4,'',1,6900,4,'',1,2900,4,'',1,2100,4,'',1,6900,4,'',1,2900,4,'',1,6300,4,'',1
'151.0.3',9100,64800,,'',1,15600,,'',1,4600,,'',1,7700,,'',1,2700,,'',1,7200,,'',1,3200,,'',1,7200,,'',1,7200,,'',1,3200,,'',1,7200,,'',1,3200,,'',1,7200,,'',1,3200,,'',1,7200,,'',1,3200,,'',1,7200,,'',1,3200,,'',1,7200,,'',1,3200,,'',1,7200,,'',1,3200,,'',1,8200,,'',1,8200,,'',1,8200,,'',1,4200,,'',1,8200,,'',1,7800,,'',1,3500,,'',1,7600,,'',1
'151.0.3',9101,75900,4,'',1,16300,4,'',1,9100,4,'',1,3700,4,'',1,7500,4,'',1,3200,4,'',1,7200,4,'',1,7200,4,'',1,3200,4,'',1,7200,4,'',1,3200,4,'',1,7100,4,'',1,3200,4,'',1,6900,4,'',1,3200,4,'',1,7200,4,'',1,3200,4,'',1,7200,4,'',1,3200,4,'',1,6900,4,'',1,9600,4,'',1,4200,4,'',1,8200,4,'',1,8100,4,'',1,8200,4,'',1,3500,4,'',1,7600,4,'',1,3600,4,'',1,6800,4,'',1
'151.0.74',9100,64500,,'',1,6200,,'',1,2200,,'',1,2200,,'',1,6200,,'',1,2200,,'',1,2200,,'',1,6200,,'',1,2200,,'',1,6500,,'',1,2500,,'',1,2500,,'',1,6500,,'',1,2500,,'',1,6500,,'',1,2500,,'',1,6500,,'',1,2500,,'',1,2500,,'',1,6500,,'',1,2500,,'',1,6500,,'',1,2500,,'',1,2500,,'',1,6500,,'',1,2500,,'',1,6500,,'',1,2500,,'',1,6500,,'',1,2500,,'',1,2500,,'',1,6500,,'',1,2500,,'',1,6900,,'',1,2900,,'',1,6900,,'',1,2900,,'',1,6900,,'',1,2900,,'',1,6900,,'',1
'151.0.74',9101,80300,4,'',1,2200,4,'',1,2600,4,'',1,6200,4,'',1,2200,4,'',1,2200,4,'',1,6200,4,'',1,2600,4,'',1,6700,4,'',1,2500,4,'',1,6400,4,'',1,2500,4,'',1,2500,4,'',1,6500,4,'',1,2900,4,'',1,6500,4,'',1,2500,4,'',1,6500,4,'',1,2500,4,'',1,2000,4,'',1,6500,4,'',1,2500,4,'',1,6500,4,'',1,2500,4,'',1,2500,4,'',1,6500,4,'',1,2500,4,'',1,6500,4,'',1,2500,4,'',1,2300,4,'',1,6500,4,'',1,2500,4,'',1,8800,4,'',1,6900,4,'',1,2900,4,'',1,2100,4,'',1,6900,4,'',1,2900,4,'',1,6300,4,'',1
'151.0.75',9100,64500,,'',1,6200,,'',1,2200,,'',1,2200,,'',1,6200,,'',1,2200,,'',1,2200,,'',1,6200,,'',1,2200,,'',1,6500,,'',1,2500,,'',1,2500,,'',1,6500,,'',1,2500,,'',1,6500,,'',1,2500,,'',1,6500,,'',1,2500,,'',1,2500,,'',1,6500,,'',1,2500,,'',1,6500,,'',1,2500,,'',1,2500,,'',1,6500,,'',1,2500,,'',1,6500,,'',1,2500,,'',1,6500,,'',1,2500,,'',1,2500,,'',1,6500,,'',1,2500,,'',1,6900,,'',1,2900,,'',1,6900,,'',1,2900,,'',1,6900,,'',1,2900,,'',1,6900,,'',1
'151.0.75',9101,80300,4,'',1,2200,4,'',1,2600,4,'',1,6200,4,'',1,2200,4,'',1,2200,4,'',1,6200,4,'',1,2600,4,'',1,6700,4,'',1,2500,4,'',1,6400,4,'',1,2500,4,'',1,2500,4,'',1,6500,4,'',1,2900,4,'',1,6500,4,'',1,2500,4,'',1,6500,4,'',1,2500,4,'',1,2000,4,'',1,6500,4,'',1,2500,4,'',1,6500,4,'',1,2500,4,'',1,2500,4,'',1,6500,4,'',1,2500,4,'',1,6500,4,'',1,2500,4,'',1,2300,4,'',1,6500,4,'',1,2500,4,'',1,8800,4,'',1,6900,4,'',1,2900,4,'',1,2100,4,'',1,6900,4,'',1,2900,4,'',1,6300,4,'',1
'151.0.80',9100,64800,,'',1,15600,,'',1,4600,,'',1,7700,,'',1,2700,,'',1,7200,,'',1,3200,,'',1,7200,,'',1,7200,,'',1,3200,,'',1,7200,,'',1,3200,,'',1,7200,,'',1,3200,,'',1,7200,,'',1,3200,,'',1,7200,,'',1,3200,,'',1,7200,,'',1,3200,,'',1,7200,,'',1,3200,,'',1,8200,,'',1,8200,,'',1,8200,,'',1,4200,,'',1,8200,,'',1,7800,,'',1,3500,,'',1,7600,,'',1
'151.0.80',9101,75900,4,'',1,16300,4,'',1,9100,4,'',1,3700,4,'',1,7500,4,'',1,3200,4,'',1,7200,4,'',1,7200,4,'',1,3200,4,'',1,7200,4,'',1,3200,4,'',1,7100,4,'',1,3200,4,'',1,6900,4,'',1,3200,4,'',1,7200,4,'',1,3200,4,'',1,7200,4,'',1,3200,4,'',1,6900,4,'',1,9600,4,'',1,4200,4,'',1,8200,4,'',1,8100,4,'',1,8200,4,'',1,3500,4,'',1,7600,4,'',1,3600,4,'',1,6800,4,'',1
'151.24683.1',9100,251000,,'',1,2300,,'',1,2300,,'',1,6300,,'',1,2300,,'',1,7500,,'',1
'151.24683.1',9101,245800,4,'',1,6300,4,'',1,2300,4,'',1,6300,4,'',1,2300,4,'',1,2300,4,'',1
'151.0.1',39101,73900,4,'',1,6700,4,'',1,2000,4,'',1
