100,'1',406,,23457,29,,,1,38,,23456,29,,,1,71,,23455,29,,,1,42,,23483,44,,,1,78,,23482,44,,,1,80,,23480,44,,,1,38,,23481,44,,,1,73,,23479,44,,,1,75,,23478,44,,,1,35,,23477,44,,,1,109,,23476,44,,,1,113,,23475,44,,,1,152,,23474,44,,,1,116,,23473,44,,,1,87,,23484,44,,,1,43,,23472,44,,,1,71,,23471,44,,,1,77,,23470,44,,,1,31,,23469,44,,,1,74,,23468,44,,,1,34,,23467,44,,,1,66,,23466,44,,,1,24,,23465,44,,,1,98,,23464,44,,,1,102,,23463,44,,,1,100,,23462,44,,,1,91,,23461,44,,,1,95,,23460,44,,,1,89,,23459,44,,,1,95,,23458,44,,,1
100,'74',606,,23507,29,,,1,96,,23485,44,,,1,103,,23486,44,,,1,107,,23487,44,,,1,103,,23488,44,,,1,111,,23489,44,,,1,95,,23490,44,,,1,87,,23491,44,,,1,103,,23492,44,,,1,92,,23493,44,,,1,52,,23494,44,,,1,92,,23495,44,,,1,86,,23496,44,,,1,92,,23497,44,,,1,91,,23498,44,,,1,42,,23499,44,,,1,92,,23500,44,,,1,90,,23501,44,,,1,97,,23502,44,,,1,97,,23503,44,,,1,94,,23504,44,,,1,92,,23505,44,,,1,97,,23506,44,,,1
100,'80',756,,23523,29,,,1,91,,23508,44,,,1,159,,23509,44,,,1,115,,23510,44,,,1,115,,23511,44,,,1,115,,23512,44,,,1,152,,23513,44,,,1,107,,23514,44,,,1,112,,23515,44,,,1,110,,23516,44,,,1,108,,23517,44,,,1,96,,23518,44,,,1,99,,23519,44,,,1,99,,23520,44,,,1,94,,23521,44,,,1,99,,23522,44,,,1
100,'35296.2',606,,23546,29,,,1,96,,23524,44,,,1,103,,23525,44,,,1,107,,23526,44,,,1,103,,23527,44,,,1,111,,23528,44,,,1,95,,23529,44,,,1,87,,23530,44,,,1,103,,23531,44,,,1,92,,23532,44,,,1,52,,23533,44,,,1,92,,23534,44,,,1,86,,23535,44,,,1,92,,23536,44,,,1,91,,23537,44,,,1,42,,23538,44,,,1,92,,23539,44,,,1,90,,23540,44,,,1,97,,23541,44,,,1,97,,23542,44,,,1,94,,23543,44,,,1,92,,23544,44,,,1,97,,23545,44,,,1
100,'35296.3',756,,23562,29,,,1,91,,23547,44,,,1,159,,23548,44,,,1,115,,23549,44,,,1,115,,23550,44,,,1,115,,23551,44,,,1,152,,23552,44,,,1,107,,23553,44,,,1,112,,23554,44,,,1,110,,23555,44,,,1,108,,23556,44,,,1,96,,23557,44,,,1,99,,23558,44,,,1,99,,23559,44,,,1,94,,23560,44,,,1,99,,23561,44,,,1
100,'35298.2',606,,23615,29,,,1,96,,23614,44,,,1,37,,23563,44,,,1,17,,23564,44,,,1,61,,23565,44,,,1,17,,23566,44,,,1,17,,23567,44,,,1,57,,23568,44,,,1,17,,23569,44,,,1,17,,23570,44,,,1,17,,23571,44,,,1,57,,23572,44,,,1,17,,23573,44,,,1,25,,23574,44,,,1,57,,23575,44,,,1,17,,23576,44,,,1,17,,23577,44,,,1,60,,23578,44,,,1,17,,23579,44,,,1,17,,23580,44,,,1,57,,23581,44,,,1,23,,23582,44,,,1,17,,23583,44,,,1,17,,23584,44,,,1,57,,23585,44,,,1,17,,23586,44,,,1,17,,23587,44,,,1,57,,23588,44,,,1,17,,23589,44,,,1,17,,23590,44,,,1,17,,23591,44,,,1,57,,23592,44,,,1,17,,23593,44,,,1,17,,23594,44,,,1,11,,23595,44,,,1,57,,23596,44,,,1,17,,23597,44,,,1,17,,23598,44,,,1,57,,23599,44,,,1,17,,23600,44,,,1,17,,23601,44,,,1,16,,23602,44,,,1,57,,23603,44,,,1,17,,23604,44,,,1,17,,23605,44,,,1,11,,23606,44,,,1,92,,23607,44,,,1,90,,23608,44,,,1,97,,23609,44,,,1,97,,23610,44,,,1,94,,23611,44,,,1,92,,23612,44,,,1,97,,23613,44,,,1
100,'35298.3',737,,23616,44,,,1,17,,23617,44,,,1,57,,23618,44,,,1,17,,23619,44,,,1,17,,23620,44,,,1,57,,23621,44,,,1,17,,23622,44,,,1,24,,23623,44,,,1,57,,23624,44,,,1,17,,23625,44,,,1,17,,23626,44,,,1,20,,23627,44,,,1,57,,23628,44,,,1,17,,23629,44,,,1,17,,23630,44,,,1,60,,23631,44,,,1,17,,23632,44,,,1,17,,23633,44,,,1,17,,23634,44,,,1,57,,23635,44,,,1,20,,23636,44,,,1,17,,23637,44,,,1,57,,23638,44,,,1,17,,23639,44,,,1,17,,23640,44,,,1,17,,23641,44,,,1,57,,23642,44,,,1,17,,23643,44,,,1,17,,23644,44,,,1,52,,23645,44,,,1,17,,23646,44,,,1,17,,23647,44,,,1,17,,23648,44,,,1,57,,23649,44,,,1,17,,23650,44,,,1,17,,23651,44,,,1,57,,23652,44,,,1,17,,23653,44,,,1,15,,23654,44,,,1,17,,23655,44,,,1,57,,23656,44,,,1,17,,23657,44,,,1,13,,23658,44,,,1,100,,23659,44,,,1,99,,23660,44,,,1,99,,23661,44,,,1,94,,23662,44,,,1,99,,23663,44,,,1
900,'1',545,,26052,8,,,1,66,,26053,8,,,1,41,,26054,8,,,1,73,,26055,8,,,1,33,,26056,8,,,1,73,,26057,8,,,1,73,,26058,8,,,1,33,,26059,8,,,1,84,,26060,8,,,1,84,,26061,8,,,1,44,,26062,8,,,1,84,,26063,8,,,1,83,,26064,8,,,1,84,,26065,8,,,1,42,,26066,8,,,1,75,,26067,8,,,1,34,,26068,8,,,1,81,,26069,8,,,1,82,,26070,8,,,1,34,,26071,8,,,1,78,,26072,8,,,1,78,,26073,8,,,1,38,,26074,8,,,1,78,,26075,8,,,1
900,'2',659,,26096,8,,,1,79,,26097,8,,,1,79,,26076,8,,,1,39,,26077,8,,,1,79,,26078,8,,,1,79,,26079,8,,,1,39,,26080,8,,,1,79,,26081,8,,,1,79,,26082,8,,,1,39,,26083,8,,,1,84,,26084,8,,,1,81,,26085,8,,,1,41,,26086,8,,,1,81,,26087,8,,,1,81,,26088,8,,,1,41,,26089,8,,,1,85,,26090,8,,,1,82,,26091,8,,,1,80,,26092,8,,,1,42,,26093,8,,,1,82,,26094,8,,,1,82,,26095,8,,,1
900,'3',801,,26116,8,,,1,41,,26117,8,,,1,81,,26098,8,,,1,81,,26099,8,,,1,41,,26100,8,,,1,81,,26101,8,,,1,81,,26102,8,,,1,41,,26103,8,,,1,81,,26104,8,,,1,81,,26105,8,,,1,41,,26106,8,,,1,81,,26107,8,,,1,81,,26108,8,,,1,41,,26109,8,,,1,78,,26110,8,,,1,81,,26111,8,,,1,41,,26112,8,,,1,80,,26113,8,,,1,80,,26114,8,,,1,40,,26115,8,,,1
900,'74',659,,26138,8,,,1,79,,26139,8,,,1,79,,26118,8,,,1,39,,26119,8,,,1,79,,26120,8,,,1,79,,26121,8,,,1,39,,26122,8,,,1,79,,26123,8,,,1,79,,26124,8,,,1,39,,26125,8,,,1,84,,26126,8,,,1,81,,26127,8,,,1,41,,26128,8,,,1,81,,26129,8,,,1,81,,26130,8,,,1,41,,26131,8,,,1,85,,26132,8,,,1,82,,26133,8,,,1,80,,26134,8,,,1,42,,26135,8,,,1,82,,26136,8,,,1,82,,26137,8,,,1
900,'80',801,,26158,8,,,1,41,,26159,8,,,1,81,,26140,8,,,1,81,,26141,8,,,1,41,,26142,8,,,1,81,,26143,8,,,1,81,,26144,8,,,1,41,,26145,8,,,1,81,,26146,8,,,1,81,,26147,8,,,1,41,,26148,8,,,1,81,,26149,8,,,1,81,,26150,8,,,1,41,,26151,8,,,1,78,,26152,8,,,1,81,,26153,8,,,1,41,,26154,8,,,1,80,,26155,8,,,1,80,,26156,8,,,1,40,,26157,8,,,1
901,'1',657,,26167,56,,,1,69,,26160,56,,,1,77,,26161,56,,,1,33,,26162,56,,,1,73,,26163,56,,,1,33,,26164,56,,,1,73,,26165,56,,,1,33,,26166,56,,,1,68,,26174,56,,,1,84,,26168,56,,,1,44,,26169,56,,,1,84,,26170,56,,,1,87,,26171,56,,,1,44,,26172,56,,,1,143,,26173,56,,,1,42,,26175,56,,,1,73,,26176,56,,,1,33,,26177,56,,,1,76,,26178,56,,,1,86,,26179,56,,,1,31,,26180,56,,,1,78,,26181,56,,,1,38,,26182,56,,,1,71,,26183,56,,,1
901,'2',754,,26184,56,,,1,79,,26185,56,,,1,79,,26186,56,,,1,39,,26187,56,,,1,79,,26188,56,,,1,79,,26189,56,,,1,39,,26190,56,,,1,79,,26191,56,,,1,84,,26192,56,,,1,41,,26193,56,,,1,81,,26194,56,,,1,81,,26195,56,,,1,41,,26196,56,,,1,81,,26197,56,,,1,84,,26198,56,,,1,82,,26199,56,,,1,40,,26200,56,,,1,82,,26201,56,,,1,82,,26202,56,,,1,42,,26203,56,,,1,82,,26204,56,,,1,82,,26205,56,,,1
901,'3',858,,26206,56,,,1,81,,26207,56,,,1,81,,26208,56,,,1,81,,26209,56,,,1,41,,26210,56,,,1,81,,26211,56,,,1,81,,26212,56,,,1,43,,26213,56,,,1,81,,26214,56,,,1,81,,26215,56,,,1,41,,26216,56,,,1,81,,26217,56,,,1,79,,26218,56,,,1,41,,26219,56,,,1,81,,26220,56,,,1,80,,26221,56,,,1,38,,26222,56,,,1,80,,26223,56,,,1
901,'74',754,,26224,56,,,1,79,,26225,56,,,1,79,,26226,56,,,1,39,,26227,56,,,1,79,,26228,56,,,1,79,,26229,56,,,1,39,,26230,56,,,1,79,,26231,56,,,1,84,,26232,56,,,1,41,,26233,56,,,1,81,,26234,56,,,1,81,,26235,56,,,1,41,,26236,56,,,1,81,,26237,56,,,1,84,,26238,56,,,1,82,,26239,56,,,1,40,,26240,56,,,1,82,,26241,56,,,1,82,,26242,56,,,1,42,,26243,56,,,1,82,,26244,56,,,1,82,,26245,56,,,1
901,'80',858,,26246,56,,,1,81,,26247,56,,,1,81,,26248,56,,,1,81,,26249,56,,,1,41,,26250,56,,,1,81,,26251,56,,,1,81,,26252,56,,,1,43,,26253,56,,,1,81,,26254,56,,,1,81,,26255,56,,,1,41,,26256,56,,,1,81,,26257,56,,,1,79,,26258,56,,,1,41,,26259,56,,,1,81,,26260,56,,,1,80,,26261,56,,,1,38,,26262,56,,,1,80,,26263,56,,,1
