9600,'1',603,,31260,4,,,1,42,,31259,4,,,1,71,,31258,4,,,1,37,,31257,4,,,1,67,,31256,4,,,1,80,,31253,4,,,1,34,,31254,4,,,1,70,,31255,4,,,1,32,,31268,4,,,1,70,,31267,4,,,1,39,,31261,4,,,1,79,,31262,4,,,1,79,,31263,4,,,1,39,,31264,4,,,1,65,,31265,4,,,1,46,,31266,4,,,1,83,,31274,4,,,1,67,,31273,4,,,1,28,,31272,4,,,1,27,,31269,4,,,1,67,,31270,4,,,1,26,,31271,4,,,1,67,,31277,4,,,1,25,,31278,4,,,1,14,,31288,4,,,1,55,,31276,4,,,1,25,,31275,4,,,1,75,,31285,4,,,1,30,,31284,4,,,1,15,,31287,4,,,1,55,,31279,4,,,1,30,,31280,4,,,1,70,,31281,4,,,1,30,,31282,4,,,1,70,,31283,4,,,1,17,,31286,4,,,1
9600,'2',929,,31289,4,,,1,99,,31290,4,,,1,99,,31291,4,,,1,99,,31292,4,,,1,99,,31293,4,,,1,99,,31294,4,,,1,99,,31295,4,,,1,99,,31296,4,,,1,96,,31297,4,,,1,97,,31298,4,,,1,87,,31299,4,,,1,48,,31300,4,,,1,97,,31301,4,,,1
9600,'3',1023,,31302,4,,,1,94,,31303,4,,,1,94,,31304,4,,,1,94,,31305,4,,,1,54,,31306,4,,,1,94,,31307,4,,,1,94,,31308,4,,,1,94,,31309,4,,,1,93,,31310,4,,,1,94,,31311,4,,,1,94,,31312,4,,,1,94,,31313,4,,,1
9600,'74',929,,31314,4,,,1,99,,31315,4,,,1,99,,31316,4,,,1,99,,31317,4,,,1,99,,31318,4,,,1,99,,31319,4,,,1,99,,31320,4,,,1,99,,31321,4,,,1,96,,31322,4,,,1,97,,31323,4,,,1,87,,31324,4,,,1,48,,31325,4,,,1,97,,31326,4,,,1
9600,'80',1023,,31327,4,,,1,94,,31328,4,,,1,94,,31329,4,,,1,94,,31330,4,,,1,54,,31331,4,,,1,94,,31332,4,,,1,94,,31333,4,,,1,94,,31334,4,,,1,93,,31335,4,,,1,94,,31336,4,,,1,94,,31337,4,,,1,94,,31338,4,,,1
10700,'1',444,,32223,4,,,1,64,,32222,4,,,1,24,,32221,4,,,1,24,,32220,4,,,1,57,,32219,4,,,1,16,,32218,4,,,1,21,,32217,4,,,1,51,,32216,4,,,1,15,,32215,4,,,1,19,,32214,4,,,1,16,,32213,4,,,1,52,,32212,4,,,1,18,,32211,4,,,1,16,,32210,4,,,1,15,,32209,4,,,1,83,,32208,4,,,1,82,,32207,4,,,1,42,,32206,4,,,1,82,,32205,4,,,1,83,,32204,4,,,1,82,,32203,4,,,1,42,,32202,4,,,1,59,,32201,4,,,1,18,,32200,4,,,1,18,,32251,4,,,1,59,,32250,4,,,1,18,,32249,4,,,1,18,,32248,4,,,1,18,,32247,4,,,1,61,,32246,4,,,1,16,,32245,4,,,1,18,,32244,4,,,1,58,,32243,4,,,1,20,,32242,4,,,1,16,,32241,4,,,1,58,,32240,4,,,1,16,,32239,4,,,1,18,,32238,4,,,1,80,,32237,4,,,1,41,,32236,4,,,1,80,,32235,4,,,1,80,,32234,4,,,1,34,,32233,4,,,1,74,,32232,4,,,1,74,,32231,4,,,1,34,,32230,4,,,1,74,,32229,4,,,1,34,,32228,4,,,1,74,,32227,4,,,1,34,,32226,4,,,1,73,,32225,4,,,1,34,,32224,4,,,1
10700,'2',619,,32254,4,,,1,38,,32253,4,,,1,77,,32252,4,,,1,77,,32255,4,,,1,37,,32256,4,,,1,77,,32257,4,,,1,77,,32258,4,,,1,37,,32259,4,,,1,77,,32260,4,,,1,37,,32261,4,,,1,76,,32262,4,,,1,77,,32263,4,,,1,37,,32264,4,,,1,77,,32265,4,,,1,37,,32266,4,,,1,77,,32267,4,,,1,77,,32268,4,,,1,37,,32269,4,,,1,77,,32270,4,,,1,77,,32271,4,,,1,37,,32272,4,,,1,77,,32273,4,,,1,37,,32274,4,,,1,77,,32275,4,,,1,77,,32276,4,,,1,37,,32277,4,,,1,77,,32278,4,,,1,37,,32279,4,,,1,77,,32280,4,,,1,77,,32281,4,,,1,37,,32282,4,,,1,77,,32283,4,,,1,77,,32285,4,,,1,37,,32284,4,,,1
10700,'3',810,,32299,4,,,1,37,,32300,4,,,1,77,,32301,4,,,1,77,,32302,4,,,1,37,,32303,4,,,1,77,,32304,4,,,1,37,,32305,4,,,1,77,,32306,4,,,1,77,,32307,4,,,1,37,,32308,4,,,1,77,,32309,4,,,1,37,,32310,4,,,1,77,,32314,4,,,1,77,,32313,4,,,1,37,,32315,4,,,1,77,,32316,4,,,1,77,,32317,4,,,1,37,,32318,4,,,1,77,,32286,4,,,1,37,,32287,4,,,1,77,,32288,4,,,1,77,,32311,4,,,1,37,,32289,4,,,1,77,,32290,4,,,1,37,,32291,4,,,1,77,,32292,4,,,1,77,,32293,4,,,1,37,,32294,4,,,1,77,,32295,4,,,1,77,,32312,4,,,1,37,,32296,4,,,1
10700,'74',619,,32321,4,,,1,38,,32320,4,,,1,77,,32319,4,,,1,77,,32322,4,,,1,37,,32323,4,,,1,77,,32324,4,,,1,77,,32325,4,,,1,37,,32326,4,,,1,77,,32327,4,,,1,37,,32328,4,,,1,76,,32329,4,,,1,77,,32330,4,,,1,37,,32331,4,,,1,77,,32332,4,,,1,37,,32333,4,,,1,77,,32334,4,,,1,77,,32335,4,,,1,37,,32336,4,,,1,77,,32337,4,,,1,77,,32338,4,,,1,37,,32339,4,,,1,77,,32340,4,,,1,37,,32341,4,,,1,77,,32342,4,,,1,77,,32343,4,,,1,37,,32344,4,,,1,77,,32345,4,,,1,37,,32346,4,,,1,77,,32347,4,,,1,77,,32348,4,,,1,37,,32349,4,,,1,77,,32350,4,,,1,77,,32352,4,,,1,37,,32351,4,,,1
10700,'80',810,,32366,4,,,1,37,,32367,4,,,1,77,,32368,4,,,1,77,,32369,4,,,1,37,,32370,4,,,1,77,,32371,4,,,1,37,,32372,4,,,1,77,,32373,4,,,1,77,,32374,4,,,1,37,,32375,4,,,1,77,,32376,4,,,1,37,,32377,4,,,1,77,,32381,4,,,1,77,,32380,4,,,1,37,,32382,4,,,1,77,,32383,4,,,1,77,,32384,4,,,1,37,,32385,4,,,1,77,,32353,4,,,1,37,,32354,4,,,1,77,,32355,4,,,1,77,,32378,4,,,1,37,,32356,4,,,1,77,,32357,4,,,1,37,,32358,4,,,1,77,,32359,4,,,1,77,,32360,4,,,1,37,,32361,4,,,1,77,,32362,4,,,1,77,,32379,4,,,1,37,,32363,4,,,1
1070200,'1',505,,36926,4,,,1,12,,36925,4,,,1,12,,36924,4,,,1,12,,36923,4,,,1,12,,36922,4,,,1,52,,36921,4,,,1,12,,36920,4,,,1,16,,36919,4,,,1,8,,36918,4,,,1,13,,36917,4,,,1,52,,36916,4,,,1,12,,36915,4,,,1,12,,36914,4,,,1,12,,36913,4,,,1,12,,36912,4,,,1,52,,36911,4,,,1,12,,36910,4,,,1,12,,36909,4,,,1,27,,36938,4,,,1,65,,36937,4,,,1,26,,36936,4,,,1,65,,36935,4,,,1,26,,36934,4,,,1,66,,36933,4,,,1,26,,36932,4,,,1,26,,36931,4,,,1,70,,36930,4,,,1,22,,36929,4,,,1,66,,36928,4,,,1,26,,36927,4,,,1,68,,36939,4,,,1,16,,36940,4,,,1,16,,36941,4,,,1,16,,36942,4,,,1,56,,36943,4,,,1,16,,36944,4,,,1,16,,36945,4,,,1,56,,36946,4,,,1,19,,36947,4,,,1,19,,36948,4,,,1,19,,36949,4,,,1,58,,36950,4,,,1,19,,36951,4,,,1,19,,36952,4,,,1,70,,36953,4,,,1,22,,36954,4,,,1
