9600,'1',658,,31260,69,,,1,86,,31259,69,,,1,71,,31258,69,,,1,37,,31257,69,,,1,67,,31256,69,,,1,34,,31253,69,,,1,74,,31254,69,,,1,30,,31255,69,,,1,72,,31268,69,,,1,27,,31267,65,,,1,79,,31261,65,,,1,79,,31262,65,,,1,39,,31263,65,,,1,85,,31264,65,,,1,65,,31265,65,,,1,53,,31266,69,,,1,83,,31274,69,,,1,67,,31273,69,,,1,31,,31272,69,,,1,64,,31269,69,,,1,27,,31270,69,,,1,21,,31271,69,,,1,67,,31277,69,,,1,19,,31278,69,,,1,13,,31288,69,,,1,11,,31276,69,,,1,65,,31275,69,,,1,30,,31285,65,,,1,70,,31284,65,,,1,15,,31287,65,,,1,13,,31279,65,,,1,70,,31280,65,,,1,30,,31281,65,,,1,68,,31282,65,,,1,30,,31283,65,,,1,57,,31286,65,,,1
9600,'2',1019,,31289,65,,,1,100,,31290,65,,,1,99,,31291,65,,,1,97,,31292,65,,,1,99,,31293,65,,,1,99,,31294,65,,,1,99,,31295,65,,,1,99,,31296,65,,,1,94,,31297,65,,,1,97,,31298,65,,,1,47,,31299,65,,,1,83,,31300,65,,,1,97,,31301,65,,,1
9600,'3',1110,,31302,65,,,1,94,,31303,65,,,1,54,,31304,65,,,1,94,,31305,65,,,1,94,,31306,65,,,1,94,,31307,65,,,1,94,,31308,65,,,1,94,,31309,65,,,1,91,,31310,65,,,1,94,,31311,65,,,1,94,,31312,65,,,1,51,,31313,65,,,1
9600,'74',1019,,31314,65,,,1,100,,31315,65,,,1,99,,31316,65,,,1,97,,31317,65,,,1,99,,31318,65,,,1,99,,31319,65,,,1,99,,31320,65,,,1,99,,31321,65,,,1,94,,31322,65,,,1,97,,31323,65,,,1,47,,31324,65,,,1,83,,31325,65,,,1,97,,31326,65,,,1
9600,'80',1110,,31327,65,,,1,94,,31328,65,,,1,54,,31329,65,,,1,94,,31330,65,,,1,94,,31331,65,,,1,94,,31332,65,,,1,94,,31333,65,,,1,94,,31334,65,,,1,91,,31335,65,,,1,94,,31336,65,,,1,94,,31337,65,,,1,51,,31338,65,,,1
9800,'1',617,,31445,21,,,1,35,,31444,21,,,1,73,,31443,21,,,1,75,,31442,21,,,1,35,,31441,21,,,1,75,,31440,21,,,1,98,,31436,21,,,1,98,,31433,21,,,1,94,,31438,21,,,1,58,,31437,21,,,1,80,,31425,21,,,1,78,,31435,21,,,1,40,,31434,21,,,1,80,,31432,21,,,1,80,,31431,21,,,1,40,,31430,21,,,1,85,,31429,21,,,1,80,,31428,21,,,1,94,,31427,21,,,1,91,,31426,21,,,1,50,,31439,21,,,1
9800,'2',616,,31463,21,,,1,86,,31462,21,,,1,44,,31461,21,,,1,94,,31460,21,,,1,93,,31459,21,,,1,90,,31458,21,,,1,94,,31457,21,,,1,98,,31456,21,,,1,98,,31455,21,,,1,96,,31454,21,,,1,98,,31453,21,,,1,98,,31452,21,,,1,100,,31451,21,,,1,102,,31450,21,,,1,49,,31449,21,,,1,93,,31448,21,,,1,89,,31447,21,,,1,85,,31446,21,,,1
9800,'3',801,,31479,21,,,1,48,,31478,21,,,1,88,,31477,21,,,1,91,,31476,21,,,1,93,,31475,21,,,1,90,,31474,21,,,1,93,,31473,21,,,1,53,,31472,21,,,1,93,,31471,21,,,1,93,,31470,21,,,1,93,,31469,21,,,1,97,,31468,21,,,1,88,,31467,21,,,1,91,,31466,21,,,1,47,,31465,21,,,1,88,,31464,21,,,1
9800,'74',616,,31497,21,,,1,86,,31496,21,,,1,44,,31495,21,,,1,94,,31494,21,,,1,93,,31493,21,,,1,90,,31492,21,,,1,94,,31491,21,,,1,98,,31490,21,,,1,98,,31489,21,,,1,96,,31488,21,,,1,98,,31487,21,,,1,98,,31486,21,,,1,100,,31485,21,,,1,102,,31484,21,,,1,49,,31483,21,,,1,93,,31482,21,,,1,89,,31481,21,,,1,85,,31480,21,,,1
9800,'80',801,,31513,21,,,1,48,,31512,21,,,1,88,,31511,21,,,1,91,,31510,21,,,1,93,,31509,21,,,1,90,,31508,21,,,1,93,,31507,21,,,1,53,,31506,21,,,1,93,,31505,21,,,1,93,,31504,21,,,1,93,,31503,21,,,1,97,,31502,21,,,1,88,,31501,21,,,1,91,,31500,21,,,1,47,,31499,21,,,1,88,,31498,21,,,1
60100,'1',414,,34138,13,,,1,11,,34139,13,,,1,11,,34140,13,,,1,11,,34141,13,,,1,11,,34142,13,,,1,51,,34143,13,,,1,8,,34144,13,,,1,10,,34145,13,,,1,11,,34148,13,,,1,10,,34146,13,,,1,11,,34147,13,,,1,50,,34053,18,,,1,11,,34054,18,,,1,12,,34055,18,,,1,14,,34056,18,,,1,11,,34057,18,,,1,51,,34058,18,,,1,11,,34059,18,,,1,11,,34060,18,,,1,11,,34061,18,,,1,16,,34062,18,,,1,51,,34063,18,,,1,11,,34064,18,,,1,13,,34065,18,,,1,11,,34066,18,,,1,14,,34067,18,,,1,51,,34068,18,,,1,8,,34069,18,,,1,11,,34070,18,,,1,11,,34071,18,,,1,11,,34072,18,,,1,8,,34073,18,,,1,51,,34074,18,,,1,11,,34075,18,,,1,11,,34076,18,,,1,11,,34077,18,,,1,14,,34078,18,,,1,56,,34079,18,,,1,20,,34080,18,,,1,16,,34081,18,,,1,56,,34082,18,,,1,16,,34083,18,,,1,16,,34084,18,,,1,16,,34085,18,,,1,56,,34086,18,,,1,16,,34087,18,,,1,16,,34088,18,,,1,16,,34089,18,,,1,61,,34090,18,,,1,16,,34091,18,,,1,16,,34092,18,,,1,54,,34093,18,,,1,12,,34094,18,,,1,12,,34095,18,,,1,12,,34096,18,,,1,12,,34097,18,,,1,52,,34098,18,,,1,12,,34099,18,,,1,12,,34100,18,,,1,12,,34101,18,,,1,12,,34102,18,,,1,52,,34103,18,,,1,12,,34104,18,,,1,12,,34105,18,,,1,12,,34106,18,,,1,12,,34107,18,,,1,52,,34108,18,,,1,12,,34109,18,,,1,12,,34110,18,,,1,12,,34111,18,,,1,12,,34112,18,,,1,52,,34113,18,,,1,12,,34114,18,,,1,12,,34115,18,,,1,10,,34116,18,,,1,12,,34117,18,,,1,52,,34118,18,,,1,5,,34119,18,,,1,12,,34120,18,,,1,12,,34121,18,,,1,12,,34122,18,,,1,62,,34123,18,,,1,18,,34124,18,,,1,18,,34125,18,,,1,17,,34126,18,,,1,58,,34127,18,,,1,18,,34128,18,,,1,19,,34129,18,,,1,59,,34130,18,,,1,16,,34131,18,,,1,14,,34132,18,,,1,19,,34133,18,,,1,59,,34134,18,,,1,19,,34135,18,,,1,19,,34136,18,,,1,59,,34137,18,,,1
60100,'2',543,,34149,18,,,1,57,,34150,18,,,1,17,,34151,18,,,1,17,,34152,18,,,1,17,,34153,18,,,1,61,,34154,18,,,1,19,,34155,18,,,1,17,,34156,18,,,1,57,,34157,18,,,1,16,,34158,18,,,1,17,,34159,18,,,1,16,,34160,18,,,1,56,,34161,18,,,1,16,,34162,18,,,1,17,,34163,18,,,1,16,,34164,18,,,1,58,,34165,18,,,1,16,,34166,18,,,1,16,,34167,18,,,1,56,,34168,18,,,1,16,,34169,18,,,1,18,,34170,18,,,1,16,,34171,18,,,1,56,,34172,18,,,1,20,,34173,18,,,1,16,,34174,18,,,1,55,,34175,18,,,1,15,,34176,18,,,1,15,,34177,18,,,1,15,,34178,18,,,1,55,,34179,18,,,1,15,,34180,18,,,1,15,,34181,18,,,1,15,,34182,18,,,1,55,,34183,18,,,1,15,,34184,18,,,1,15,,34185,18,,,1,15,,34186,18,,,1,53,,34187,18,,,1,15,,34188,18,,,1,15,,34189,18,,,1,15,,34190,18,,,1,55,,34191,18,,,1,15,,34192,18,,,1,15,,34193,18,,,1,15,,34194,18,,,1,55,,34195,18,,,1,15,,34196,18,,,1,15,,34197,18,,,1,13,,34198,18,,,1,15,,34199,18,,,1,55,,34200,18,,,1,15,,34201,18,,,1,15,,34202,18,,,1,15,,34203,18,,,1,55,,34204,18,,,1,15,,34205,18,,,1,11,,34206,18,,,1,18,,34207,18,,,1,58,,34208,18,,,1,18,,34209,18,,,1,15,,34210,18,,,1,58,,34211,18,,,1,18,,34212,18,,,1,18,,34213,18,,,1,16,,34214,18,,,1,56,,34215,18,,,1,11,,34216,18,,,1,16,,34217,18,,,1,16,,34218,18,,,1,56,,34219,18,,,1,16,,34220,18,,,1,16,,34221,18,,,1,56,,34222,18,,,1,16,,34223,18,,,1
60100,'3',615,,34238,18,,,1,20,,34237,18,,,1,20,,34236,18,,,1,60,,34235,18,,,1,20,,34234,18,,,1,23,,34233,18,,,1,60,,34232,18,,,1,20,,34231,18,,,1,63,,34230,18,,,1,20,,34224,18,,,1,20,,34225,18,,,1,60,,34226,18,,,1,24,,34227,18,,,1,20,,34228,18,,,1,61,,34229,18,,,1,27,,34265,18,,,1,21,,34264,18,,,1,63,,34263,18,,,1,21,,34239,18,,,1,65,,34240,18,,,1,21,,34241,18,,,1,21,,34242,18,,,1,61,,34243,18,,,1,21,,34244,18,,,1,21,,34245,18,,,1,61,,34246,18,,,1,21,,34247,18,,,1,21,,34248,18,,,1,61,,34249,18,,,1,19,,34250,18,,,1,21,,34251,18,,,1,61,,34252,18,,,1,21,,34253,18,,,1,21,,34254,18,,,1,61,,34255,18,,,1,19,,34256,18,,,1,21,,34257,18,,,1,61,,34258,18,,,1,20,,34259,18,,,1,21,,34260,18,,,1,61,,34261,18,,,1,21,,34262,18,,,1,16,,34266,18,,,1,69,,34272,18,,,1,20,,34271,18,,,1,60,,34270,18,,,1,20,,34267,18,,,1,20,,34268,18,,,1,57,,34269,18,,,1,30,,34279,18,,,1,16,,34278,18,,,1,60,,34273,18,,,1,20,,34274,18,,,1,20,,34275,18,,,1,60,,34276,18,,,1,20,,34277,18,,,1
60100,'74',543,,34280,18,,,1,57,,34281,18,,,1,17,,34282,18,,,1,17,,34283,18,,,1,17,,34284,18,,,1,61,,34285,18,,,1,19,,34286,18,,,1,17,,34287,18,,,1,57,,34288,18,,,1,16,,34289,18,,,1,17,,34290,18,,,1,16,,34291,18,,,1,56,,34292,18,,,1,16,,34293,18,,,1,17,,34294,18,,,1,16,,34295,18,,,1,58,,34296,18,,,1,16,,34297,18,,,1,16,,34298,18,,,1,56,,34299,18,,,1,16,,34300,18,,,1,18,,34301,18,,,1,16,,34302,18,,,1,56,,34303,18,,,1,20,,34304,18,,,1,16,,34305,18,,,1,55,,34306,18,,,1,15,,34307,18,,,1,15,,34308,18,,,1,15,,34309,18,,,1,55,,34310,18,,,1,15,,34311,18,,,1,15,,34312,18,,,1,15,,34313,18,,,1,55,,34314,18,,,1,15,,34315,18,,,1,15,,34316,18,,,1,15,,34317,18,,,1,53,,34318,18,,,1,15,,34319,18,,,1,15,,34320,18,,,1,15,,34321,18,,,1,55,,34322,18,,,1,15,,34323,18,,,1,15,,34324,18,,,1,15,,34325,18,,,1,55,,34326,18,,,1,15,,34327,18,,,1,15,,34328,18,,,1,13,,34329,18,,,1,15,,34330,18,,,1,55,,34331,18,,,1,15,,34332,18,,,1,15,,34333,18,,,1,15,,34334,18,,,1,55,,34335,18,,,1,15,,34336,18,,,1,11,,34337,18,,,1,18,,34338,18,,,1,58,,34339,18,,,1,18,,34340,18,,,1,15,,34341,18,,,1,58,,34342,18,,,1,18,,34343,18,,,1,18,,34344,18,,,1,16,,34345,18,,,1,56,,34346,18,,,1,11,,34347,18,,,1,16,,34348,18,,,1,16,,34349,18,,,1,56,,34350,18,,,1,16,,34351,18,,,1,16,,34352,18,,,1,56,,34353,18,,,1,16,,34354,18,,,1
60100,'80',615,,34369,18,,,1,20,,34368,18,,,1,20,,34367,18,,,1,60,,34366,18,,,1,20,,34365,18,,,1,23,,34364,18,,,1,60,,34363,18,,,1,20,,34362,18,,,1,63,,34361,18,,,1,20,,34355,18,,,1,20,,34356,18,,,1,60,,34357,18,,,1,24,,34358,18,,,1,20,,34359,18,,,1,61,,34360,18,,,1,27,,34397,18,,,1,21,,34396,18,,,1,63,,34395,18,,,1,21,,34370,18,,,1,65,,34371,18,,,1,21,,34372,18,,,1,21,,34373,18,,,1,61,,34374,18,,,1,21,,34375,18,,,1,21,,34376,18,,,1,61,,34377,18,,,1,21,,34378,18,,,1,21,,34379,18,,,1,61,,34380,18,,,1,19,,34381,18,,,1,21,,34382,18,,,1,61,,34383,18,,,1,21,,34384,18,,,1,21,,34385,18,,,1,61,,34386,18,,,1,19,,34387,18,,,1,21,,34388,18,,,1,61,,34389,18,,,1,20,,34390,18,,,1,21,,34391,18,,,1,61,,34392,18,,,1,21,,34393,18,,,1,16,,34394,18,,,1,69,,34403,18,,,1,20,,34402,18,,,1,60,,34401,18,,,1,20,,34398,18,,,1,20,,34399,18,,,1,57,,34400,18,,,1,30,,34410,18,,,1,16,,34409,18,,,1,60,,34404,18,,,1,20,,34405,18,,,1,20,,34406,18,,,1,60,,34407,18,,,1,20,,34408,18,,,1
989900,'1',2121,,36830,64,,,1,34,,36831,64,,,1,78,,36832,64,,,1,78,,36833,64,,,1,35,,36834,64,,,1,71,,36835,64,,,1,35,,36836,64,,,1,75,,36837,64,,,1,76,,36838,64,0,5 6,1,35,,36839,64,0,5 6,1,79,,36840,64,0,5 6,1
989900,'2',2125,,36841,64,,,1,94,,36842,64,,,1,86,,36843,64,,,1,52,,36844,64,,,1,86,,36845,64,,,1,86,,36846,64,,,1,84,,36847,64,0,5 6,1,46,,36848,64,0,5 6,1,86,,36849,64,0,5 6,1
989900,'3',2141,,36850,64,,,1,90,,36851,64,,,1,85,,36852,64,,,1,90,,36853,64,,,1,40,,36854,64,,,1,83,,36855,64,,,1,79,,36856,64,0,5 6,1,43,,36857,64,0,5 6,1,83,,36858,64,0,5 6,1
989900,'74',2125,,36859,64,,,1,94,,36860,64,,,1,86,,36861,64,,,1,52,,36862,64,,,1,86,,36863,64,,,1,86,,36864,64,,,1,84,,36865,64,0,5 6,1,46,,36866,64,0,5 6,1,86,,36867,64,0,5 6,1
989900,'80',2141,,36868,64,,,1,90,,36869,64,,,1,85,,36870,64,,,1,90,,36871,64,,,1,40,,36872,64,,,1,83,,36873,64,,,1,79,,36874,64,0,5 6,1,43,,36875,64,0,5 6,1,83,,36876,64,0,5 6,1
