9600,'1',716,,31260,91,,,1,88,,31259,91,,,1,31,,31258,91,,,1,77,,31257,91,,,1,27,,31256,91,,,1,73,,31253,91,,,1,34,,31254,91,,,1,70,,31255,91,,,1,32,,31268,91,,,1,69,,31267,87,,,1,39,,31261,87,,,1,79,,31262,87,,,1,79,,31263,87,,,1,87,,31264,87,,,1,25,,31265,87,,,1,90,,31266,91,,,1,43,,31274,91,,,1,67,,31273,91,,,1,32,,31272,91,,,1,61,,31269,91,,,1,27,,31270,91,,,1,61,,31271,91,,,1,27,,31277,91,,,1,18,,31278,91,,,1,52,,31288,91,,,1,11,,31276,91,,,1,25,,31275,91,,,1,70,,31285,87,,,1,30,,31284,87,,,1,15,,31287,87,,,1,51,,31279,87,,,1,30,,31280,87,,,1,69,,31281,87,,,1,28,,31282,87,,,1,70,,31283,87,,,1,17,,31286,87,,,1
9600,'2',1037,,31289,87,,,1,103,,31290,87,,,1,99,,31291,87,,,1,96,,31292,87,,,1,99,,31293,87,,,1,99,,31294,87,,,1,97,,31295,87,,,1,99,,31296,87,,,1,93,,31297,87,,,1,97,,31298,87,,,1,87,,31299,87,,,1,41,,31300,87,,,1,97,,31301,87,,,1
9600,'3',1127,,31302,87,,,1,94,,31303,87,,,1,94,,31304,87,,,1,94,,31305,87,,,1,94,,31306,87,,,1,54,,31307,87,,,1,94,,31308,87,,,1,94,,31309,87,,,1,91,,31310,87,,,1,94,,31311,87,,,1,94,,31312,87,,,1,89,,31313,87,,,1
9600,'74',1037,,31314,87,,,1,103,,31315,87,,,1,99,,31316,87,,,1,96,,31317,87,,,1,99,,31318,87,,,1,99,,31319,87,,,1,97,,31320,87,,,1,99,,31321,87,,,1,93,,31322,87,,,1,97,,31323,87,,,1,87,,31324,87,,,1,41,,31325,87,,,1,97,,31326,87,,,1
9600,'80',1127,,31327,87,,,1,94,,31328,87,,,1,94,,31329,87,,,1,94,,31330,87,,,1,94,,31331,87,,,1,54,,31332,87,,,1,94,,31333,87,,,1,94,,31334,87,,,1,91,,31335,87,,,1,94,,31336,87,,,1,94,,31337,87,,,1,89,,31338,87,,,1
9800,'1',631,,31445,43,,,1,75,,31444,43,,,1,34,,31443,43,,,1,75,,31442,43,,,1,35,,31441,43,,,1,75,,31440,43,,,1,98,,31436,43,,,1,98,,31433,43,,,1,96,,31438,43,,,1,98,,31437,43,,,1,40,,31425,43,,,1,79,,31435,43,,,1,80,,31434,43,,,1,40,,31432,43,,,1,80,,31431,43,,,1,80,,31430,43,,,1,44,,31429,43,,,1,80,,31428,43,,,1,92,,31427,43,,,1,91,,31426,43,,,1,88,,31439,43,,,1
9800,'2',629,,31463,43,,,1,86,,31462,43,,,1,85,,31461,43,,,1,54,,31460,43,,,1,93,,31459,43,,,1,92,,31458,43,,,1,94,,31457,43,,,1,98,,31456,43,,,1,98,,31455,43,,,1,97,,31454,43,,,1,98,,31453,43,,,1,98,,31452,43,,,1,99,,31451,43,,,1,100,,31450,43,,,1,89,,31449,43,,,1,92,,31448,43,,,1,49,,31447,43,,,1,85,,31446,43,,,1
9800,'3',813,,31479,43,,,1,88,,31478,43,,,1,48,,31477,43,,,1,93,,31476,43,,,1,93,,31475,43,,,1,91,,31474,43,,,1,93,,31473,43,,,1,93,,31472,43,,,1,93,,31471,43,,,1,53,,31470,43,,,1,93,,31469,43,,,1,95,,31468,43,,,1,88,,31467,43,,,1,90,,31466,43,,,1,87,,31465,43,,,1,48,,31464,43,,,1
9800,'74',629,,31497,43,,,1,86,,31496,43,,,1,85,,31495,43,,,1,54,,31494,43,,,1,93,,31493,43,,,1,92,,31492,43,,,1,94,,31491,43,,,1,98,,31490,43,,,1,98,,31489,43,,,1,97,,31488,43,,,1,98,,31487,43,,,1,98,,31486,43,,,1,99,,31485,43,,,1,100,,31484,43,,,1,89,,31483,43,,,1,92,,31482,43,,,1,49,,31481,43,,,1,85,,31480,43,,,1
9800,'80',813,,31513,43,,,1,88,,31512,43,,,1,48,,31511,43,,,1,93,,31510,43,,,1,93,,31509,43,,,1,91,,31508,43,,,1,93,,31507,43,,,1,93,,31506,43,,,1,93,,31505,43,,,1,53,,31504,43,,,1,93,,31503,43,,,1,95,,31502,43,,,1,88,,31501,43,,,1,90,,31500,43,,,1,87,,31499,43,,,1,48,,31498,43,,,1
989900,'1',2134,,36830,86,,,1,73,,36831,86,,,1,38,,36832,86,,,1,78,,36833,86,,,1,35,,36834,86,,,1,72,,36835,86,,,1,75,,36836,86,,,1,35,,36837,86,,,1,74,,36838,86,0,5 6,1,35,,36839,86,0,5 6,1,79,,36840,86,0,5 6,1
989900,'2',2139,,36841,86,,,1,94,,36842,86,,,1,85,,36843,86,,,1,91,,36844,86,,,1,46,,36845,86,,,1,86,,36846,86,,,1,82,,36847,86,0,5 6,1,86,,36848,86,0,5 6,1,46,,36849,86,0,5 6,1
989900,'3',2153,,36850,86,,,1,90,,36851,86,,,1,85,,36852,86,,,1,90,,36853,86,,,1,40,,36854,86,,,1,83,,36855,86,,,1,78,,36856,86,0,5 6,1,83,,36857,86,0,5 6,1,43,,36858,86,0,5 6,1
989900,'74',2139,,36859,86,,,1,94,,36860,86,,,1,85,,36861,86,,,1,91,,36862,86,,,1,46,,36863,86,,,1,86,,36864,86,,,1,82,,36865,86,0,5 6,1,86,,36866,86,0,5 6,1,46,,36867,86,0,5 6,1
989900,'80',2153,,36868,86,,,1,90,,36869,86,,,1,85,,36870,86,,,1,90,,36871,86,,,1,40,,36872,86,,,1,83,,36873,86,,,1,78,,36874,86,0,5 6,1,83,,36875,86,0,5 6,1,43,,36876,86,0,5 6,1
