9601,'1',542,,31339,88,,,1,73,,31340,88,,,1,29,,31341,88,,,1,70,,31342,88,,,1,42,,31343,88,,,1,77,,31344,88,,,1,78,,31345,88,,,1,26,,31346,88,,,1,71,,31347,88,,,1,31,,31348,88,,,1,79,,31349,88,,,1,38,,31350,84,,,1,83,,31351,84,,,1,75,,31352,84,,,1,32,,31353,84,,,1,86,,31354,84,,,1,83,,31355,84,,,1,24,,31374,84,,,1,15,,31356,84,,,1,74,,31357,84,,,1,27,,31358,84,,,1,71,,31359,88,,,1,27,,31360,88,,,1,61,,31361,88,,,1,22,,31362,88,,,1,16,,31363,88,,,1,65,,31364,88,,,1,25,,31365,88,,,1,65,,31366,88,,,1,21,,31367,84,,,1,25,,31368,84,,,1,67,,31369,84,,,1,30,,31370,84,,,1,70,,31371,84,,,1,30,,31372,84,,,1,64,,31373,84,,,1
9601,'2',906,,31375,84,,,1,99,,31376,84,,,1,102,,31377,84,,,1,99,,31378,84,,,1,99,,31379,84,,,1,96,,31380,84,,,1,99,,31381,84,,,1,59,,31382,84,,,1,99,,31383,84,,,1,99,,31384,84,,,1,88,,31385,84,,,1,89,,31386,84,,,1,97,,31387,84,,,1
9601,'3',1006,,31388,84,,,1,94,,31389,84,,,1,54,,31390,84,,,1,94,,31391,84,,,1,94,,31392,84,,,1,94,,31393,84,,,1,96,,31394,84,,,1,94,,31395,84,,,1,87,,31396,84,,,1,94,,31397,84,,,1,52,,31398,84,,,1,94,,31399,84,,,1
9601,'74',906,,31400,84,,,1,99,,31401,84,,,1,102,,31402,84,,,1,99,,31403,84,,,1,99,,31404,84,,,1,96,,31405,84,,,1,99,,31406,84,,,1,59,,31407,84,,,1,99,,31408,84,,,1,99,,31409,84,,,1,88,,31410,84,,,1,89,,31411,84,,,1,97,,31412,84,,,1
9601,'80',1006,,31413,84,,,1,94,,31414,84,,,1,54,,31415,84,,,1,94,,31416,84,,,1,94,,31417,84,,,1,94,,31418,84,,,1,96,,31419,84,,,1,94,,31420,84,,,1,87,,31421,84,,,1,94,,31422,84,,,1,52,,31423,84,,,1,94,,31424,84,,,1
10701,'1',535,,32420,31,,,1,24,,32419,31,,,1,71,,32418,31,,,1,24,,32417,31,,,1,64,,32416,31,,,1,19,,32415,31,,,1,20,,32414,31,,,1,52,,32413,31,,,1,20,,32412,31,,,1,16,,32411,31,,,1,56,,32410,31,,,1,10,,32409,31,,,1,41,,32398,31,,,1,80,,32405,31,,,1,82,,32404,31,,,1,42,,32403,31,,,1,82,,32402,31,,,1,89,,32401,31,,,1,82,,32400,31,,,1,28,,32408,31,,,1,14,,32399,31,,,1,63,,32397,31,,,1,22,,32396,31,,,1,18,,32395,31,,,1,58,,32394,31,,,1,22,,32393,31,,,1,18,,32392,31,,,1,58,,32391,31,,,1,21,,32390,31,,,1,18,,32389,31,,,1,58,,32388,31,,,1,15,,32387,31,,,1,14,,32386,31,,,1,18,,32434,31,,,1,66,,32433,31,,,1,18,,32421,31,,,1,78,,32435,31,,,1,41,,32432,31,,,1,74,,32431,31,,,1,78,,32430,31,,,1,32,,32429,31,,,1,74,,32428,31,,,1,34,,32427,31,,,1,74,,32426,31,,,1,34,,32425,31,,,1,74,,32424,31,,,1,74,,32423,31,,,1,34,,32422,31,,,1
10701,'2',710,,32463,31,,,1,39,,32464,31,,,1,77,,32465,31,,,1,77,,32466,31,,,1,37,,32467,31,,,1,77,,32468,31,,,1,37,,32469,31,,,1,77,,32470,31,,,1,77,,32471,31,,,1,37,,32472,31,,,1,76,,32440,31,,,1,37,,32441,31,,,1,76,,32443,31,,,1,77,,32444,31,,,1,37,,32445,31,,,1,77,,32446,31,,,1,75,,32447,31,,,1,37,,32448,31,,,1,77,,32449,31,,,1,37,,32450,31,,,1,77,,32451,31,,,1,77,,32452,31,,,1,37,,32453,31,,,1,77,,32454,31,,,1,37,,32455,31,,,1,77,,32442,31,,,1,77,,32456,31,,,1,37,,32457,31,,,1,77,,32458,31,,,1,77,,32459,31,,,1,35,,32439,31,,,1,75,,32460,31,,,1
10701,'3',749,,32485,31,,,1,77,,32486,31,,,1,74,,32487,31,,,1,37,,32488,31,,,1,78,,32489,31,,,1,37,,32490,31,,,1,77,,32484,31,,,1,77,,32491,31,,,1,37,,32492,31,,,1,77,,32493,31,,,1,37,,32494,31,,,1,76,,32495,31,,,1,75,,32496,31,,,1,37,,32497,31,,,1,77,,32498,31,,,1,37,,32500,31,,,1,77,,32501,31,,,1,77,,32499,31,,,1,37,,32481,31,,,1,77,,32502,31,,,1,77,,32503,31,,,1,37,,32504,31,,,1,77,,32505,31,,,1,37,,32473,31,,,1,77,,32474,31,,,1,77,,32475,31,,,1,37,,32476,31,,,1,77,,32477,31,,,1,36,,32478,31,,,1,77,,32479,31,,,1,77,,32480,31,,,1
10701,'74',710,,32530,31,,,1,39,,32531,31,,,1,77,,32532,31,,,1,77,,32533,31,,,1,37,,32534,31,,,1,77,,32535,31,,,1,37,,32536,31,,,1,77,,32537,31,,,1,77,,32538,31,,,1,37,,32539,31,,,1,76,,32507,31,,,1,37,,32508,31,,,1,76,,32510,31,,,1,77,,32511,31,,,1,37,,32512,31,,,1,77,,32513,31,,,1,75,,32514,31,,,1,37,,32515,31,,,1,77,,32516,31,,,1,37,,32517,31,,,1,77,,32518,31,,,1,77,,32519,31,,,1,37,,32520,31,,,1,77,,32521,31,,,1,37,,32522,31,,,1,77,,32509,31,,,1,77,,32523,31,,,1,37,,32524,31,,,1,77,,32525,31,,,1,77,,32526,31,,,1,35,,32506,31,,,1,75,,32527,31,,,1
10701,'80',749,,32552,31,,,1,77,,32553,31,,,1,74,,32554,31,,,1,37,,32555,31,,,1,78,,32556,31,,,1,37,,32557,31,,,1,77,,32551,31,,,1,77,,32558,31,,,1,37,,32559,31,,,1,77,,32560,31,,,1,37,,32561,31,,,1,76,,32562,31,,,1,75,,32563,31,,,1,37,,32564,31,,,1,77,,32565,31,,,1,37,,32567,31,,,1,77,,32568,31,,,1,77,,32566,31,,,1,37,,32548,31,,,1,77,,32569,31,,,1,77,,32570,31,,,1,37,,32571,31,,,1,77,,32572,31,,,1,37,,32540,31,,,1,77,,32541,31,,,1,77,,32542,31,,,1,37,,32543,31,,,1,77,,32544,31,,,1,36,,32545,31,,,1,77,,32546,31,,,1,77,,32547,31,,,1
1070201,'1',555,,36981,24,,,1,52,,36980,24,,,1,12,,36979,24,,,1,12,,36978,24,,,1,12,,36977,24,,,1,12,,36976,24,,,1,52,,36975,24,,,1,20,,36974,24,,,1,12,,36973,24,,,1,12,,36972,24,,,1,52,,36971,24,,,1,12,,36970,24,,,1,10,,36969,24,,,1,12,,36968,24,,,1,12,,36967,24,,,1,73,,36955,24,,,1,26,,36964,24,,,1,66,,36966,24,,,1,23,,36965,24,,,1,66,,36963,24,,,1,26,,36962,24,,,1,26,,36961,24,,,1,67,,36960,24,,,1,26,,36959,24,,,1,66,,36958,24,,,1,27,,36957,24,,,1,66,,36956,24,,,1,24,,36997,24,,,1,16,,36996,24,,,1,56,,36982,24,,,1,18,,36983,24,,,1,16,,36984,24,,,1,16,,36985,24,,,1,56,,36986,24,,,1,19,,36987,24,,,1,16,,36988,24,,,1,56,,36989,24,,,1,23,,36990,24,,,1,18,,36991,24,,,1,59,,36992,24,,,1,19,,36993,24,,,1,13,,36994,24,,,1,78,,36995,24,,,1
