100,'1',423,,12536,47,,,1,78,,12535,47,,,1,31,,12534,47,,,1,82,,12562,62,,,1,38,,12561,62,,,1,84,,12559,62,,,1,79,,12560,62,,,1,32,,12558,62,,,1,75,,12557,62,,,1,35,,12556,62,,,1,146,,12555,62,,,1,113,,12554,62,,,1,112,,12553,62,,,1,116,,12552,62,,,1,87,,12563,62,,,1,85,,12551,62,,,1,31,,12550,62,,,1,77,,12549,62,,,1,31,,12548,62,,,1,74,,12547,62,,,1,74,,12546,62,,,1,24,,12545,62,,,1,23,,12544,62,,,1,97,,12543,62,,,1,102,,12542,62,,,1,100,,12541,62,,,1,91,,12540,62,,,1,95,,12539,62,,,1,89,,12538,62,,,1,95,,12537,62,,,1
100,'2',620,,12586,47,,,1,97,,12564,62,,,1,103,,12565,62,,,1,107,,12566,62,,,1,103,,12567,62,,,1,112,,12568,62,,,1,95,,12569,62,,,1,87,,12570,62,,,1,103,,12571,62,,,1,92,,12572,62,,,1,92,,12573,62,,,1,92,,12574,62,,,1,46,,12575,62,,,1,92,,12576,62,,,1,91,,12577,62,,,1,81,,12578,62,,,1,92,,12579,62,,,1,50,,12580,62,,,1,97,,12581,62,,,1,97,,12582,62,,,1,94,,12583,62,,,1,92,,12584,62,,,1,95,,12585,62,,,1
100,'3',810,,12602,47,,,1,91,,12587,62,,,1,119,,12588,62,,,1,115,,12589,62,,,1,116,,12590,62,,,1,155,,12591,62,,,1,112,,12592,62,,,1,107,,12593,62,,,1,112,,12594,62,,,1,110,,12595,62,,,1,107,,12596,62,,,1,95,,12597,62,,,1,99,,12598,62,,,1,99,,12599,62,,,1,94,,12600,62,,,1,99,,12601,62,,,1
100,'80',810,,12618,47,,,1,91,,12603,62,,,1,119,,12604,62,,,1,115,,12605,62,,,1,116,,12606,62,,,1,155,,12607,62,,,1,112,,12608,62,,,1,107,,12609,62,,,1,112,,12610,62,,,1,110,,12611,62,,,1,107,,12612,62,,,1,95,,12613,62,,,1,99,,12614,62,,,1,99,,12615,62,,,1,94,,12616,62,,,1,99,,12617,62,,,1
900,'1',541,,14283,5,,,1,66,,14284,5,,,1,41,,14285,5,,,1,73,,14286,5,,,1,33,,14287,5,,,1,73,,14288,5,,,1,73,,14289,5,,,1,33,,14290,5,,,1,84,,14291,5,,,1,84,,14292,5,,,1,44,,14293,5,,,1,84,,14294,5,,,1,83,,14295,5,,,1,44,,14296,5,,,1,82,,14297,5,,,1,75,,14298,5,,,1,34,,14299,5,,,1,81,,14300,5,,,1,82,,14301,5,,,1,34,,14302,5,,,1,78,,14303,5,,,1,78,,14304,5,,,1,38,,14305,5,,,1,78,,14306,5,,,1
900,'2',657,,14325,5,,,1,87,,14324,5,,,1,87,,14307,5,,,1,87,,14308,5,,,1,87,,14309,5,,,1,47,,14310,5,,,1,87,,14311,5,,,1,87,,14312,5,,,1,87,,14313,5,,,1,87,,14314,5,,,1,47,,14315,5,,,1,87,,14316,5,,,1,87,,14317,5,,,1,87,,14318,5,,,1,47,,14319,5,,,1,87,,14320,5,,,1,87,,14321,5,,,1,87,,14322,5,,,1,87,,14323,5,,,1
900,'3',759,,14326,5,,,1,87,,14327,5,,,1,87,,14328,5,,,1,87,,14329,5,,,1,87,,14330,5,,,1,47,,14331,5,,,1,87,,14332,5,,,1,87,,14333,5,,,1,87,,14334,5,,,1,87,,14335,5,,,1,47,,14336,5,,,1,87,,14337,5,,,1,87,,14338,5,,,1,87,,14339,5,,,1,47,,14340,5,,,1,87,,14341,5,,,1,87,,14342,5,,,1
900,'80',759,,14343,5,,,1,87,,14344,5,,,1,87,,14345,5,,,1,87,,14346,5,,,1,87,,14347,5,,,1,47,,14348,5,,,1,87,,14349,5,,,1,87,,14350,5,,,1,87,,14351,5,,,1,87,,14352,5,,,1,47,,14353,5,,,1,87,,14354,5,,,1,87,,14355,5,,,1,87,,14356,5,,,1,47,,14357,5,,,1,87,,14358,5,,,1,87,,14359,5,,,1
1400,'1',550,,14562,60,,,1,67,,14561,60,,,1,29,,14560,60,,,1,73,,14557,60,,,1,30,,14559,60,,,1,72,,14558,60,,,1,22,,14583,60,,,1,77,,14582,60,,,1,28,,14581,57,,,1,74,,14580,57,,,1,34,,14574,57,,,1,75,,14564,57,,,1,74,,14579,57,,,1,33,,14578,57,,,1,73,,14577,57,,,1,33,,14576,57,,,1,73,,14575,57,,,1,38,,14573,60,,,1,72,,14572,60,,,1,76,,14571,60,,,1,31,,14570,60,,,1,77,,14569,60,,,1,32,,14568,60,,,1,75,,14567,60,,,1,35,,14566,60,,,1,66,,14565,60,,,1,26,,14563,57,,,1,76,,14584,57,,,1,81,,14585,57,,,1
30301,'1',1625,,19941,2,,,1,31,,19938,2,,,1,60,,19939,2,,,1,10,,19940,2,,,1,17,,19942,2,,,1,10,,19937,2,,,1,53,,19943,2,,,1,12,,19944,2,,,1,15,,19936,2,,,1
40100,'24611.1',747,,20653,36,,,1
41100,'24612.1',745,,20667,36,,,1
41600,'24612.1',742,,20681,18,,,1
