9901,'1',410,,31722,18,,,1,41,,31723,18,,,1,80,,31724,18,,,1,81,,31725,18,,,1,38,,31726,18,,,1,75,,31727,18,,,1,29,,31728,18,,,1,83,,31729,18,,,1,75,,31730,18,,,1,35,,31731,18,,,1,94,,31732,18,,,1,98,,31733,18,,,1,94,,31734,18,,,1,94,,31735,18,,,1,100,,31736,18,,,1,25,,31737,18,,,1,70,,31738,18,,,1,30,,31739,18,,,1,70,,31740,18,,,1,30,,31741,18,,,1,70,,31742,18,,,1,30,,31743,18,,,1,69,,31744,18,,,1,30,,31745,18,,,1,66,,31746,18,,,1,30,,31747,18,,,1,70,,31748,18,,,1,25,,31749,18,,,1,72,,31750,18,,,1,45,,31751,18,,,1
9901,'2',532,,31752,18,,,1,77,,31753,18,,,1,37,,31754,18,,,1,77,,31755,18,,,1,87,,31756,18,,,1,90,,31757,18,,,1,48,,31758,18,,,1,87,,31759,18,,,1,101,,31760,18,,,1,98,,31761,18,,,1,95,,31762,18,,,1,95,,31763,18,,,1,95,,31764,18,,,1,95,,31765,18,,,1,91,,31766,18,,,1,54,,31767,18,,,1,95,,31768,18,,,1,92,,31769,18,,,1,85,,31770,18,,,1,85,,31771,18,,,1
9901,'3',536,,31772,18,,,1,80,,31773,18,,,1,38,,31774,18,,,1,78,,31775,18,,,1,78,,31776,18,,,1,92,,31777,18,,,1,49,,31778,18,,,1,89,,31779,18,,,1,89,,31780,18,,,1,92,,31781,18,,,1,89,,31782,18,,,1,49,,31783,18,,,1,89,,31784,18,,,1,89,,31785,18,,,1,89,,31786,18,,,1,89,,31787,18,,,1,85,,31788,18,,,1,49,,31789,18,,,1,89,,31790,18,,,1,87,,31791,18,,,1,89,,31792,18,,,1,39,,31793,18,,,1
9901,'74',532,,31794,18,,,1,77,,31795,18,,,1,37,,31796,18,,,1,77,,31797,18,,,1,87,,31798,18,,,1,90,,31799,18,,,1,48,,31800,18,,,1,87,,31801,18,,,1,101,,31802,18,,,1,98,,31803,18,,,1,95,,31804,18,,,1,95,,31805,18,,,1,95,,31806,18,,,1,95,,31807,18,,,1,91,,31808,18,,,1,54,,31809,18,,,1,95,,31810,18,,,1,92,,31811,18,,,1,85,,31812,18,,,1,85,,31813,18,,,1
9901,'80',536,,31814,18,,,1,80,,31815,18,,,1,38,,31816,18,,,1,78,,31817,18,,,1,78,,31818,18,,,1,92,,31819,18,,,1,49,,31820,18,,,1,89,,31821,18,,,1,89,,31822,18,,,1,92,,31823,18,,,1,89,,31824,18,,,1,49,,31825,18,,,1,89,,31826,18,,,1,89,,31827,18,,,1,89,,31828,18,,,1,89,,31829,18,,,1,85,,31830,18,,,1,49,,31831,18,,,1,89,,31832,18,,,1,87,,31833,18,,,1,89,,31834,18,,,1,39,,31835,18,,,1
989901,'1',2235,,36877,73,,,1,70,,36878,73,,,1,38,,36879,73,,,1,75,,36880,73,,,1,35,,36881,73,,,1,70,,36882,73,,,1,35,,36883,73,,,1,75,,36884,73,,,1
989901,'2',2242,,36885,73,,,1,88,,36886,73,,,1,82,,36887,73,,,1,91,,36890,73,,,1,45,,36888,73,,,1,86,,36889,73,,,1
989901,'3',2252,,36891,73,,,1,87,,36892,73,,,1,83,,36893,73,,,1,87,,36894,73,,,1,39,,36895,73,,,1,83,,36896,73,,,1
989901,'74',2242,,36897,73,,,1,88,,36898,73,,,1,82,,36899,73,,,1,91,,36902,73,,,1,45,,36900,73,,,1,86,,36901,73,,,1
989901,'80',2252,,36903,73,,,1,87,,36904,73,,,1,83,,36905,73,,,1,87,,36906,73,,,1,39,,36907,73,,,1,83,,36908,73,,,1
