300,'1',504,,24137,65,0,21 22 23 3 24,1,31,,24138,65,0,21 22 23 3 24,1,87,,24113,65,0,21 22 23 3 24,1,32,,24114,65,0,21 22 23 3 24,1,75,,24115,65,0,21 22 23 3 24,1,78,,24116,65,0,21 22 23 3 24,1,32,,24117,65,0,21 22 23 3 24,1,77,,24118,65,0,21 22 23 3 24,1,25,,24119,65,0,21 22 23 3 24,1,72,,24120,65,0,21 22 23 3 24,1,25,,24121,65,0,21 22 23 3 24,1,89,,24122,65,0,21 22 23 3 24,1,86,,24123,65,0,21 22 23 3 24,1,46,,24124,65,0,21 22 23 3 24,1,86,,24125,65,0,21 22 23 3 24,1,86,,24126,65,0,21 22 23 3 24,1,92,,24127,65,0,21 22 23 3 24,1,36,,24128,65,0,21 22 23 3 24,1,72,,24129,65,0,21 22 23 3 24,1,72,,24130,65,0,21 22 23 3 24,1,32,,24131,65,0,21 22 23 3 24,1,72,,24132,65,0,21 22 23 3 24,1,32,,24133,65,0,21 22 23 3 24,1,66,,24134,65,0,21 22 23 3 24,1,32,,24135,65,0,21 22 23 3 24,1,67,,24136,65,0,21 22 23 3 24,1,32,,24139,65,0,21 22 23 3 24,1,83,,24140,65,0,21 22 23 3 24,1,40,,24141,65,0,21 22 23 3 24,1
300,'2',842,,24147,65,0,21 22 23 3 24,1,103,,24146,65,0,21 22 23 3 24,1,105,,24148,65,0,21 22 23 3 24,1,105,,24149,65,0,21 22 23 3 24,1,145,,24150,65,0,21 22 23 3 24,1,105,,24151,65,0,21 22 23 3 24,1,107,,24152,65,0,21 22 23 3 24,1,105,,24153,65,0,21 22 23 3 24,1,107,,24154,65,0,21 22 23 3 24,1,106,,24155,65,0,21 22 23 3 24,1,102,,24156,65,0,21 22 23 3 24,1,102,,24157,65,0,21 22 23 3 24,1,99,,24158,65,0,21 22 23 3 24,1,102,,24145,65,0,21 22 23 3 24,1
300,'3',1003,,24160,65,0,21 22 23 3 24,1,100,,24172,65,0,21 22 23 3 24,1,104,,24171,65,0,21 22 23 3 24,1,102,,24170,65,0,21 22 23 3 24,1,102,,24169,65,0,21 22 23 3 24,1,99,,24168,65,0,21 22 23 3 24,1,102,,24167,65,0,21 22 23 3 24,1,102,,24166,65,0,21 22 23 3 24,1,102,,24165,65,0,21 22 23 3 24,1,102,,24164,65,0,21 22 23 3 24,1,99,,24163,65,0,21 22 23 3 24,1,99,,24162,65,0,21 22 23 3 24,1,98,,24161,65,0,21 22 23 3 24,1
300,'74',842,,24176,65,0,21 22 23 3 24,1,103,,24175,65,0,21 22 23 3 24,1,105,,24177,65,0,21 22 23 3 24,1,105,,24178,65,0,21 22 23 3 24,1,145,,24179,65,0,21 22 23 3 24,1,105,,24180,65,0,21 22 23 3 24,1,107,,24181,65,0,21 22 23 3 24,1,105,,24182,65,0,21 22 23 3 24,1,107,,24183,65,0,21 22 23 3 24,1,106,,24184,65,0,21 22 23 3 24,1,102,,24185,65,0,21 22 23 3 24,1,102,,24186,65,0,21 22 23 3 24,1,99,,24187,65,0,21 22 23 3 24,1,102,,24174,65,0,21 22 23 3 24,1
300,'80',1003,,24189,65,0,21 22 23 3 24,1,100,,24201,65,0,21 22 23 3 24,1,104,,24200,65,0,21 22 23 3 24,1,102,,24199,65,0,21 22 23 3 24,1,102,,24198,65,0,21 22 23 3 24,1,99,,24197,65,0,21 22 23 3 24,1,102,,24196,65,0,21 22 23 3 24,1,102,,24195,65,0,21 22 23 3 24,1,102,,24194,65,0,21 22 23 3 24,1,102,,24193,65,0,21 22 23 3 24,1,99,,24192,65,0,21 22 23 3 24,1,99,,24191,65,0,21 22 23 3 24,1,98,,24190,65,0,21 22 23 3 24,1
9001,'1',556,,30670,25,,,1,51,,30669,25,,,1,11,,30668,25,,,1,11,,30667,25,,,1,11,,30666,25,,,1,11,,30665,25,,,1,51,,30664,25,,,1,12,,30662,25,,,1,15,,30663,25,,,1,10,,30682,25,,,1,11,,30681,25,,,1,58,,30680,25,,,1,13,,30679,25,,,1,13,,30678,25,,,1,13,,30671,25,,,1,53,,30672,25,,,1,13,,30673,25,,,1,13,,30674,25,,,1,11,,30675,25,,,1,9,,30676,25,,,1,13,,30677,25,,,1,79,,30690,25,,,1,72,,30683,25,,,1,32,,30684,25,,,1,72,,30685,25,,,1,32,,30686,25,,,1,72,,30687,25,,,1,32,,30688,25,,,1,78,,30689,25,,,1,25,,30691,25,,,1,54,,30692,25,,,1,14,,30693,25,,,1,14,,30694,25,,,1,17,,30695,25,,,1,54,,30696,25,,,1,12,,30697,25,,,1,17,,30698,25,,,1,6,,30719,13,,,1,8,,30699,25,,,1,54,,30700,25,,,1,14,,30701,25,,,1,13,,30702,25,,,1,14,,30703,25,,,1,11,,30704,25,,,1,54,,30705,25,,,1,14,,30706,25,,,1,14,,30707,25,,,1,14,,30708,25,,,1,54,,30709,25,,,1,11,,30710,25,,,1,27,,30717,25,,,1,82,,30716,25,,,1,80,,30711,25,,,1,42,,30712,25,,,1,82,,30713,25,,,1,82,,30714,25,,,1,41,,30715,25,,,1,82,,30718,25,,,1
9001,'2',609,,30720,8,,,1,40,,30721,25,,,1,81,,30722,25,,,1,81,,30723,25,,,1,47,,30736,25,,,1,73,,30728,25,,,1,72,,30729,25,,,1,32,,30730,25,,,1,73,,30731,25,,,1,32,,30732,25,,,1,72,,30733,25,,,1,34,,30734,25,,,1,72,,30735,25,,,1,32,,30737,25,,,1,72,,30738,25,,,1,32,,30739,25,,,1,72,,30740,25,,,1,32,,30741,25,,,1,72,,30742,25,,,1,72,,30743,25,,,1,32,,30744,25,,,1,72,,30745,25,,,1,32,,30746,25,,,1,69,,30747,25,,,1,32,,30748,25,,,1,72,,30749,25,,,1,95,,30750,25,,,1,41,,30751,25,,,1,81,,30724,25,,,1,81,,30725,25,,,1,41,,30726,25,,,1,81,,30727,25,,,1
9001,'3',819,,30752,8,,,1,38,,30753,25,,,1,82,,30754,25,,,1,84,,30755,25,,,1,82,,30756,25,,,1,42,,30757,25,,,1,85,,30758,25,,,1,85,,30759,25,,,1,85,,30760,25,,,1,45,,30761,25,,,1,85,,30762,25,,,1,85,,30763,25,,,1,85,,30764,25,,,1,45,,30765,25,,,1,82,,30766,25,,,1,84,,30767,25,,,1,38,,30768,25,,,1,84,,30769,25,,,1,79,,30770,25,,,1,39,,30771,25,,,1,79,,30772,25,,,1
9001,'74',609,,30773,8,,,1,40,,30774,25,,,1,81,,30775,25,,,1,81,,30776,25,,,1,47,,30789,25,,,1,73,,30781,25,,,1,72,,30782,25,,,1,32,,30783,25,,,1,73,,30784,25,,,1,32,,30785,25,,,1,72,,30786,25,,,1,34,,30787,25,,,1,72,,30788,25,,,1,32,,30790,25,,,1,72,,30791,25,,,1,32,,30792,25,,,1,72,,30793,25,,,1,32,,30794,25,,,1,72,,30795,25,,,1,72,,30796,25,,,1,32,,30797,25,,,1,72,,30798,25,,,1,32,,30799,25,,,1,69,,30800,25,,,1,32,,30801,25,,,1,72,,30802,25,,,1,95,,30803,25,,,1,41,,30804,25,,,1,81,,30777,25,,,1,81,,30778,25,,,1,41,,30779,25,,,1,81,,30780,25,,,1
9001,'80',819,,30805,8,,,1,38,,30806,25,,,1,82,,30807,25,,,1,84,,30808,25,,,1,82,,30809,25,,,1,42,,30810,25,,,1,85,,30811,25,,,1,85,,30812,25,,,1,85,,30813,25,,,1,45,,30814,25,,,1,85,,30815,25,,,1,85,,30816,25,,,1,85,,30817,25,,,1,45,,30818,25,,,1,82,,30819,25,,,1,84,,30820,25,,,1,38,,30821,25,,,1,84,,30822,25,,,1,79,,30823,25,,,1,39,,30824,25,,,1,79,,30825,25,,,1
900201,'1',522,,36796,20,,,1,19,,36797,20,,,1,59,,36798,20,,,1,19,,36799,20,,,1,17,,36784,6,,,1,19,,36785,6,,,1,63,,36795,6,,,1,25,,36794,6,,,1,63,,36793,6,,,1,21,,36786,6,,,1,23,,36787,6,,,1,63,,36788,6,,,1,23,,36789,6,,,1,23,,36790,6,,,1,63,,36791,6,,,1,23,,36792,6,,,1,570,,36800,34,,,1,23,,36801,34,,,1,63,,36802,34,,,1,23,,36803,34,,,1,23,,36804,34,,,1,61,,36805,34,,,1,23,,36806,34,,,1,19,,36807,34,,,1,63,,36811,34,,,1,17,,36808,34,,,1,19,,36809,34,,,1,59,,36810,34,,,1
