201,'1',527,,24021,27,,,1,21,,24022,27,,,1,61,,24023,27,,,1,21,,24024,27,,,1,3,,23991,78,,,1,21,,23992,78,,,1,65,,23993,78,,,1,23,,23994,78,,,1,61,,23995,78,,,1,29,,23996,86,,,1,21,,23997,78,,,1,61,,23998,78,,,1,21,,23999,78,,,1,13,,24000,78,,,1,71,,24001,78,,,1,35,,24002,78,,,1,75,,24003,78,,,1,75,,24004,78,,,1,35,,24005,78,,,1,75,,24006,78,,,1,35,,24007,78,,,1,75,,24008,78,,,1,83,,24009,78,,,1,23,,24010,78,,,1,23,,24011,78,,,1,64,,24012,78,,,1,21,,24013,78,,,1,67,,24014,78,,,1,25,,24015,78,,,1,23,,24016,78,,,1,63,,24017,78,,,1,17,,24018,78,,,1,23,,24019,78,,,1,59,,24020,78,,,1,23,,24025,78,,,1,18,,24026,78,,,1,80,,24027,78,,,1,80,,24028,78,,,1,35,,24029,78,,,1,80,,24030,78,,,1,80,,24031,78,,,1,35,,24032,78,,,1
201,'2',858,,24035,94,,,1,80,,24036,94,,,1,84,,24037,94,,,1,80,,24038,94,,,1,40,,24039,94,,,1,81,,24040,94,,,1,80,,24041,94,,,1,40,,24042,94,,,1,80,,24043,94,,,1,80,,24044,94,,,1,37,,24045,94,,,1,80,,24046,94,,,1,80,,24047,94,,,1,40,,24048,94,,,1,80,,24049,94,,,1,80,,24050,94,,,1,36,,24051,94,,,1,80,,24052,94,,,1,40,,24053,94,,,1,80,,24054,94,,,1,74,,24055,94,,,1,33,,24056,94,,,1,73,,24057,94,,,1,33,,24058,94,,,1,69,,24059,94,,,1,33,,24060,94,,,1
201,'3',950,,24071,94,,,1,152,,24061,94,,,1,117,,24062,94,,,1,119,,24063,94,,,1,117,,24064,94,,,1,155,,24065,94,,,1,117,,24066,94,,,1,117,,24067,94,,,1,157,,24068,94,,,1,113,,24069,94,,,1,110,,24070,94,,,1,105,,24072,94,,,1,108,,24073,94,,,1
201,'74',858,,24074,94,,,1,80,,24075,94,,,1,84,,24076,94,,,1,80,,24077,94,,,1,40,,24078,94,,,1,81,,24079,94,,,1,80,,24080,94,,,1,40,,24081,94,,,1,80,,24082,94,,,1,80,,24083,94,,,1,37,,24084,94,,,1,80,,24085,94,,,1,80,,24086,94,,,1,40,,24087,94,,,1,80,,24088,94,,,1,80,,24089,94,,,1,36,,24090,94,,,1,80,,24091,94,,,1,40,,24092,94,,,1,80,,24093,94,,,1,74,,24094,94,,,1,33,,24095,94,,,1,73,,24096,94,,,1,33,,24097,94,,,1,69,,24098,94,,,1,33,,24099,94,,,1
201,'80',950,,24110,94,,,1,152,,24100,94,,,1,117,,24101,94,,,1,119,,24102,94,,,1,117,,24103,94,,,1,155,,24104,94,,,1,117,,24105,94,,,1,117,,24106,94,,,1,157,,24107,94,,,1,113,,24108,94,,,1,110,,24109,94,,,1,105,,24111,94,,,1,108,,24112,94,,,1
500,'1',530,,24761,31,,,1,22,,24777,31,,,1,62,,24776,31,,,1,22,,24775,31,,,1,22,,24774,31,,,1,64,,24773,31,,,1,22,,24772,31,,,1,66,,24771,31,,,1,20,,24770,31,,,1,22,,24769,31,,,1,62,,24768,31,,,1,22,,24766,31,,,1,72,,24765,18,,,1,32,,24767,18,,,1,72,,24764,18,,,1,32,,24763,18,,,1,72,,24762,18,,,1,32,,24760,18,,,1,72,,24741,18,,,1,32,,24759,18,,,1,72,,24758,18,,,1,32,,24757,18,,,1,65,,24756,18,,,1,23,,24755,18,,,1,61,,24754,18,,,1,23,,24753,18,,,1,23,,24752,18,,,1,62,,24751,18,,,1,23,,24750,18,,,1,23,,24749,18,,,1,63,,24748,18,,,1,21,,24747,18,,,1,63,,24746,18,,,1,23,,24745,18,,,1,28,,24743,18,,,1,68,,24742,18,,,1,28,,24744,18,,,1,68,,24740,18,,,1,27,,24739,18,,,1,68,,24738,18,,,1,23,,24737,18,,,1
500,'2',704,,24793,18,,,1,28,,24795,18,,,1,68,,24796,18,,,1,28,,24797,18,,,1,28,,24798,18,,,1,68,,24799,18,,,1,28,,24800,18,,,1,68,,24801,18,,,1,28,,24802,18,,,1,68,,24803,18,,,1,30,,24804,18,,,1,68,,24805,18,,,1,28,,24806,18,,,1,68,,24778,18,,,1,30,,24779,18,,,1,70,,24780,18,,,1,29,,24781,18,,,1,69,,24782,18,,,1,29,,24783,18,,,1,69,,24784,18,,,1,29,,24785,18,,,1,69,,24786,18,,,1,29,,24787,18,,,1,67,,24788,18,,,1,26,,24789,18,,,1,26,,24790,18,,,1,67,,24791,18,,,1,25,,24792,18,,,1,65,,24794,18,,,1
500,'74',704,,24822,18,,,1,28,,24824,18,,,1,68,,24825,18,,,1,28,,24826,18,,,1,28,,24827,18,,,1,68,,24828,18,,,1,28,,24829,18,,,1,68,,24830,18,,,1,28,,24831,18,,,1,68,,24832,18,,,1,30,,24833,18,,,1,68,,24834,18,,,1,28,,24835,18,,,1,68,,24807,18,,,1,30,,24808,18,,,1,70,,24809,18,,,1,29,,24810,18,,,1,69,,24811,18,,,1,29,,24812,18,,,1,69,,24813,18,,,1,29,,24814,18,,,1,69,,24815,18,,,1,29,,24816,18,,,1,67,,24817,18,,,1,26,,24818,18,,,1,26,,24819,18,,,1,67,,24820,18,,,1,25,,24821,18,,,1,65,,24823,18,,,1
7700,'1',421,,28964,30,,,1,15,,28965,30,,,1,15,,28966,30,,,1,55,,28967,30,,,1,15,,28968,30,,,1,9,,28926,43,,,1,17,,28925,43,,,1,53,,28924,43,,,1,20,,28923,43,,,1,15,,28921,43,,,1,22,,28922,43,,,1,53,,28941,43,,,1,16,,28940,43,,,1,16,,28939,43,,,1,65,,28938,43,,,1,16,,28937,43,,,1,16,,28936,43,,,1,16,,28927,43,,,1,54,,28928,43,,,1,16,,28929,43,,,1,16,,28930,43,,,1,16,,28931,43,,,1,53,,28932,43,,,1,12,,28933,43,,,1,16,,28934,43,,,1,71,,28935,43,,,1,34,,28949,43,,,1,70,,28948,43,,,1,30,,28947,43,,,1,70,,28942,43,,,1,33,,28943,43,,,1,61,,28969,30,,,1,9,,28944,43,,,1,28,,28970,30,,,1,2,,28945,43,,,1,75,,28946,43,,,1,20,,28971,30,,,1,3,,28963,43,,,1,59,,28962,43,,,1,26,,28961,43,,,1,24,,28960,43,,,1,59,,28959,43,,,1,19,,28950,43,,,1,19,,28951,43,,,1,59,,28952,43,,,1,14,,28953,43,,,1,12,,28954,43,,,1,19,,28955,43,,,1,51,,28956,43,,,1,19,,28957,43,,,1,15,,28958,43,,,1,13,,28972,43,,,1,59,,28973,43,,,1,19,,28974,43,,,1,19,,28975,43,,,1,69,,28978,43,,,1,27,,28977,43,,,1,67,,28976,43,,,1,40,,28987,43,,,1,73,,28986,43,,,1,27,,28985,43,,,1,73,,28979,43,,,1,33,,28980,43,,,1,73,,28981,43,,,1,73,,28982,43,,,1,33,,28983,43,,,1,73,,28984,43,,,1
7700,'2',501,,28988,30,,,1,30,,28989,43,,,1,75,,28990,43,,,1,35,,28991,43,,,1,76,,28992,43,,,1,35,,28993,43,,,1,75,,28994,43,,,1,76,,28995,43,,,1,35,,28996,43,,,1,75,,28997,43,,,1,89,,28998,43,,,1,41,,28999,43,,,1,81,,29000,43,,,1,88,,29001,43,,,1,41,,29002,43,,,1,81,,29003,43,,,1,77,,29005,43,,,1,33,,29006,43,,,1,73,,29007,43,,,1,29,,29008,43,,,1,73,,29009,43,,,1,33,,29010,43,,,1,71,,29011,43,,,1,33,,29012,43,,,1,70,,29013,43,,,1,28,,29014,43,,,1,70,,29015,43,,,1,30,,29016,43,,,1,64,,29017,43,,,1,30,,29018,43,,,1,74,,29019,43,,,1,30,,29020,43,,,1,70,,29021,43,,,1,25,,29022,43,,,1,70,,29023,43,,,1,23,,29004,43,,,1,69,,29024,43,,,1,33,,29025,43,,,1,73,,29026,43,,,1,33,,29027,43,,,1,73,,29028,43,,,1
7700,'3',846,,29029,44,,,1,92,,29030,44,,,1,91,,29031,44,,,1,97,,29032,44,,,1,97,,29033,44,,,1,89,,29034,44,,,1,92,,29035,44,,,1,55,,29036,44,,,1,92,,29037,44,,,1,89,,29038,44,,,1,92,,29039,44,,,1,97,,29040,44,,,1,88,,29041,44,,,1,90,,29042,44,,,1,51,,29043,44,,,1,84,,29044,44,,,1,87,,29045,44,,,1,88,,29046,44,,,1,86,,29047,44,,,1,47,,29048,44,,,1,80,,29049,44,,,1,80,,29050,44,,,1,36,,29051,44,,,1,80,,29052,44,,,1
7700,'74',501,,29053,30,,,1,30,,29054,43,,,1,75,,29055,43,,,1,35,,29056,43,,,1,76,,29057,43,,,1,35,,29058,43,,,1,75,,29059,43,,,1,76,,29060,43,,,1,35,,29061,43,,,1,75,,29062,43,,,1,89,,29063,43,,,1,41,,29064,43,,,1,81,,29065,43,,,1,88,,29066,43,,,1,41,,29067,43,,,1,81,,29068,43,,,1,77,,29070,43,,,1,33,,29071,43,,,1,73,,29072,43,,,1,29,,29073,43,,,1,73,,29074,43,,,1,33,,29075,43,,,1,71,,29076,43,,,1,33,,29077,43,,,1,70,,29078,43,,,1,28,,29079,43,,,1,70,,29080,43,,,1,30,,29081,43,,,1,64,,29082,43,,,1,30,,29083,43,,,1,74,,29084,43,,,1,30,,29085,43,,,1,70,,29086,43,,,1,25,,29087,43,,,1,70,,29088,43,,,1,23,,29069,43,,,1,69,,29089,43,,,1,33,,29090,43,,,1,73,,29091,43,,,1,33,,29092,43,,,1,73,,29093,43,,,1
7700,'80',846,,29094,44,,,1,92,,29095,44,,,1,91,,29096,44,,,1,97,,29097,44,,,1,97,,29098,44,,,1,89,,29099,44,,,1,92,,29100,44,,,1,55,,29101,44,,,1,92,,29102,44,,,1,89,,29103,44,,,1,92,,29104,44,,,1,97,,29105,44,,,1,88,,29106,44,,,1,90,,29107,44,,,1,51,,29108,44,,,1,84,,29109,44,,,1,87,,29110,44,,,1,88,,29111,44,,,1,86,,29112,44,,,1,47,,29113,44,,,1,80,,29114,44,,,1,80,,29115,44,,,1,36,,29116,44,,,1,80,,29117,44,,,1
9901,'1',425,,31722,40,,,1,81,,31723,40,,,1,40,,31724,40,,,1,83,,31725,40,,,1,82,,31726,40,,,1,35,,31727,40,,,1,73,,31728,40,,,1,83,,31729,40,,,1,31,,31730,40,,,1,75,,31731,40,,,1,94,,31732,40,,,1,99,,31733,40,,,1,54,,31734,40,,,1,94,,31735,40,,,1,100,,31736,40,,,1,68,,31737,40,,,1,30,,31738,40,,,1,70,,31739,40,,,1,30,,31740,40,,,1,70,,31741,40,,,1,30,,31742,40,,,1,70,,31743,40,,,1,25,,31744,40,,,1,70,,31745,40,,,1,25,,31746,40,,,1,70,,31747,40,,,1,30,,31748,40,,,1,65,,31749,40,,,1,30,,31750,40,,,1,85,,31751,40,,,1
9901,'2',548,,31752,40,,,1,77,,31753,40,,,1,77,,31754,40,,,1,37,,31755,40,,,1,87,,31756,40,,,1,92,,31757,40,,,1,89,,31758,40,,,1,47,,31759,40,,,1,104,,31760,40,,,1,97,,31761,40,,,1,95,,31762,40,,,1,95,,31763,40,,,1,95,,31764,40,,,1,95,,31765,40,,,1,92,,31766,40,,,1,93,,31767,40,,,1,95,,31768,40,,,1,90,,31769,40,,,1,45,,31770,40,,,1,85,,31771,40,,,1
9901,'3',552,,31772,40,,,1,81,,31773,40,,,1,78,,31774,40,,,1,38,,31775,40,,,1,78,,31776,40,,,1,93,,31777,40,,,1,89,,31778,40,,,1,49,,31779,40,,,1,89,,31780,40,,,1,94,,31781,40,,,1,89,,31782,40,,,1,89,,31783,40,,,1,89,,31784,40,,,1,49,,31785,40,,,1,89,,31786,40,,,1,89,,31787,40,,,1,84,,31788,40,,,1,89,,31789,40,,,1,49,,31790,40,,,1,85,,31791,40,,,1,89,,31792,40,,,1,79,,31793,40,,,1
9901,'74',548,,31794,40,,,1,77,,31795,40,,,1,77,,31796,40,,,1,37,,31797,40,,,1,87,,31798,40,,,1,92,,31799,40,,,1,89,,31800,40,,,1,47,,31801,40,,,1,104,,31802,40,,,1,97,,31803,40,,,1,95,,31804,40,,,1,95,,31805,40,,,1,95,,31806,40,,,1,95,,31807,40,,,1,92,,31808,40,,,1,93,,31809,40,,,1,95,,31810,40,,,1,90,,31811,40,,,1,45,,31812,40,,,1,85,,31813,40,,,1
9901,'80',552,,31814,40,,,1,81,,31815,40,,,1,78,,31816,40,,,1,38,,31817,40,,,1,78,,31818,40,,,1,93,,31819,40,,,1,89,,31820,40,,,1,49,,31821,40,,,1,89,,31822,40,,,1,94,,31823,40,,,1,89,,31824,40,,,1,89,,31825,40,,,1,89,,31826,40,,,1,49,,31827,40,,,1,89,,31828,40,,,1,89,,31829,40,,,1,84,,31830,40,,,1,89,,31831,40,,,1,49,,31832,40,,,1,85,,31833,40,,,1,89,,31834,40,,,1,79,,31835,40,,,1
36001,'1',1011,,33821,21,,,1,29,,33822,21,,,1,71,,33823,21,,,1,26,,33824,21,,,1,65,,33837,21,,,1,44,,33836,21,,,1,84,,33825,21,,,1,84,,33826,21,,,1,44,,33827,21,,,1,88,,33828,21,,,1,84,,33829,21,,,1,88,,33830,21,,,1,82,,33831,21,,,1,41,,33832,21,,,1,84,,33833,21,,,1,84,,33834,21,,,1,41,,33835,21,,,1,84,,33843,21,,,1,66,,33842,21,,,1,26,,33838,21,,,1,26,,33839,21,,,1,66,,33840,21,,,1,26,,33841,21,,,1
36001,'2',1010,,33844,21,,,1,23,,33845,21,,,1,23,,33846,21,,,1,63,,33847,21,,,1,23,,33848,21,,,1,62,,33849,21,,,1,23,,33850,21,,,1,24,,33851,21,,,1,63,,33852,21,,,1,23,,33853,21,,,1,63,,33854,21,,,1,23,,33855,21,,,1,23,,33856,21,,,1,63,,33857,21,,,1,23,,33858,21,,,1,23,,33859,21,,,1,63,,33860,21,,,1,23,,33861,21,,,1,65,,33862,21,,,1,23,,33863,21,,,1,20,,33864,21,,,1,64,,33865,21,,,1,23,,33866,21,,,1,68,,33879,21,,,1,24,,33878,21,,,1,19,,33867,21,,,1,64,,33868,21,,,1,24,,33869,21,,,1,67,,33870,21,,,1,22,,33871,21,,,1,22,,33872,21,,,1,64,,33873,21,,,1,24,,33874,21,,,1,24,,33875,21,,,1,64,,33876,21,,,1,24,,33877,21,,,1
36001,'3',1003,,33880,21,,,1,22,,33881,21,,,1,22,,33882,21,,,1,62,,33883,21,,,1,20,,33884,21,,,1,22,,33885,21,,,1,63,,33886,21,,,1,22,,33887,21,,,1,22,,33888,21,,,1,62,,33889,21,,,1,23,,33890,21,,,1,62,,33891,21,,,1,22,,33892,21,,,1,20,,33893,21,,,1,66,,33894,21,,,1,22,,33895,21,,,1,22,,33896,21,,,1,62,,33897,21,,,1,23,,33898,21,,,1,62,,33899,21,,,1,22,,33900,21,,,1,22,,33901,21,,,1,62,,33902,21,,,1,22,,33903,21,,,1,22,,33904,21,,,1,67,,33905,21,,,1,21,,33917,21,,,1,17,,33916,21,,,1,62,,33906,21,,,1,23,,33907,21,,,1,63,,33908,21,,,1,23,,33909,21,,,1,23,,33910,21,,,1,61,,33911,21,,,1,23,,33912,21,,,1,63,,33913,21,,,1,23,,33914,21,,,1,23,,33915,21,,,1
36001,'74',1010,,33918,21,,,1,23,,33919,21,,,1,23,,33920,21,,,1,63,,33921,21,,,1,23,,33922,21,,,1,62,,33923,21,,,1,23,,33924,21,,,1,24,,33925,21,,,1,63,,33926,21,,,1,23,,33927,21,,,1,63,,33928,21,,,1,23,,33929,21,,,1,23,,33930,21,,,1,63,,33931,21,,,1,23,,33932,21,,,1,23,,33933,21,,,1,63,,33934,21,,,1,23,,33935,21,,,1,65,,33936,21,,,1,23,,33937,21,,,1,20,,33938,21,,,1,64,,33939,21,,,1,23,,33940,21,,,1,68,,33942,21,,,1,24,,33941,21,,,1,19,,33943,21,,,1,64,,33944,21,,,1,24,,33945,21,,,1,67,,33946,21,,,1,22,,33947,21,,,1,22,,33948,21,,,1,64,,33949,21,,,1,24,,33950,21,,,1,24,,33951,21,,,1,64,,33952,21,,,1,24,,33953,21,,,1,64,,33954,21,,,1
36001,'80',1003,,33955,21,,,1,22,,33956,21,,,1,22,,33957,21,,,1,62,,33958,21,,,1,20,,33959,21,,,1,22,,33960,21,,,1,63,,33961,21,,,1,22,,33962,21,,,1,22,,33963,21,,,1,62,,33964,21,,,1,23,,33965,21,,,1,62,,33966,21,,,1,22,,33967,21,,,1,20,,33968,21,,,1,66,,33969,21,,,1,22,,33970,21,,,1,22,,33971,21,,,1,62,,33972,21,,,1,23,,33973,21,,,1,62,,33974,21,,,1,22,,33975,21,,,1,22,,33976,21,,,1,62,,33977,21,,,1,22,,33978,21,,,1,22,,33979,21,,,1,67,,33980,21,,,1,21,,33992,21,,,1,17,,33991,21,,,1,62,,33981,21,,,1,23,,33982,21,,,1,63,,33983,21,,,1,23,,33984,21,,,1,23,,33985,21,,,1,61,,33986,21,,,1,23,,33987,21,,,1,63,,33988,21,,,1,23,,33989,21,,,1,23,,33990,21,,,1
60101,'1',537,,34498,26,,,1,11,,34497,26,,,1,11,,34496,26,,,1,51,,34495,26,,,1,14,,34494,26,,,1,11,,34493,26,,,1,11,,34492,26,,,1,10,,34491,26,,,1,51,,34490,26,,,1,15,,34489,26,,,1,10,,34488,26,,,1,11,,34487,26,,,1,16,,34411,26,,,1,50,,34412,26,,,1,11,,34413,26,,,1,11,,34414,26,,,1,11,,34415,26,,,1,14,,34416,26,,,1,51,,34417,26,,,1,11,,34418,26,,,1,11,,34419,26,,,1,8,,34420,26,,,1,9,,34421,26,,,1,11,,34422,26,,,1,51,,34423,26,,,1,11,,34424,26,,,1,11,,34425,26,,,1,12,,34426,26,,,1,11,,34427,26,,,1,53,,34428,26,,,1,11,,34429,26,,,1,11,,34445,26,,,1,16,,34444,26,,,1,56,,34443,26,,,1,16,,34442,26,,,1,16,,34441,26,,,1,16,,34440,26,,,1,56,,34430,26,,,1,16,,34431,26,,,1,16,,34432,26,,,1,16,,34433,26,,,1,56,,34434,26,,,1,16,,34435,26,,,1,16,,34436,26,,,1,16,,34437,26,,,1,58,,34438,26,,,1,16,,34439,26,,,1,14,,34472,26,,,1,12,,34471,26,,,1,56,,34470,26,,,1,12,,34469,26,,,1,12,,34468,26,,,1,12,,34467,26,,,1,52,,34446,26,,,1,12,,34447,26,,,1,12,,34448,26,,,1,12,,34449,26,,,1,12,,34450,26,,,1,52,,34451,26,,,1,12,,34452,26,,,1,12,,34453,26,,,1,12,,34454,26,,,1,11,,34455,26,,,1,10,,34456,26,,,1,51,,34457,26,,,1,12,,34458,26,,,1,8,,34459,26,,,1,12,,34460,26,,,1,12,,34461,26,,,1,52,,34462,26,,,1,12,,34463,26,,,1,7,,34464,26,,,1,12,,34465,26,,,1,12,,34466,26,,,1,65,,34480,26,,,1,15,,34479,26,,,1,18,,34478,26,,,1,58,,34477,26,,,1,15,,34476,26,,,1,18,,34473,26,,,1,18,,34474,26,,,1,58,,34475,26,,,1,15,,34486,26,,,1,11,,34485,26,,,1,19,,34484,26,,,1,59,,34481,26,,,1,14,,34482,26,,,1,16,,34483,26,,,1
60101,'2',659,,34567,26,,,1,57,,34499,26,,,1,17,,34500,26,,,1,21,,34501,26,,,1,57,,34502,26,,,1,18,,34520,26,,,1,16,,34519,26,,,1,60,,34518,26,,,1,16,,34517,26,,,1,16,,34516,26,,,1,15,,34503,26,,,1,59,,34504,26,,,1,16,,34505,26,,,1,18,,34506,26,,,1,56,,34507,26,,,1,16,,34508,26,,,1,16,,34509,26,,,1,22,,34510,26,,,1,56,,34511,26,,,1,16,,34512,26,,,1,16,,34513,26,,,1,16,,34514,26,,,1,55,,34515,26,,,1,14,,34552,26,,,1,15,,34551,26,,,1,15,,34550,26,,,1,55,,34549,26,,,1,15,,34548,26,,,1,15,,34547,26,,,1,15,,34521,26,,,1,55,,34522,26,,,1,15,,34523,26,,,1,15,,34524,26,,,1,15,,34525,26,,,1,55,,34526,26,,,1,15,,34527,26,,,1,15,,34528,26,,,1,15,,34529,26,,,1,55,,34530,26,,,1,15,,34531,26,,,1,15,,34532,26,,,1,15,,34533,26,,,1,55,,34534,26,,,1,15,,34535,26,,,1,15,,34536,26,,,1,11,,34537,26,,,1,55,,34538,26,,,1,15,,34539,26,,,1,12,,34540,26,,,1,15,,34541,26,,,1,55,,34542,26,,,1,15,,34543,26,,,1,15,,34544,26,,,1,12,,34545,26,,,1,55,,34546,26,,,1,20,,34558,26,,,1,18,,34557,26,,,1,14,,34556,26,,,1,58,,34555,26,,,1,14,,34553,26,,,1,18,,34554,26,,,1,60,,34566,26,,,1,16,,34565,26,,,1,16,,34564,26,,,1,13,,34563,26,,,1,56,,34562,26,,,1,16,,34559,26,,,1,16,,34560,26,,,1,9,,34561,26,,,1
60101,'3',749,,34568,26,,,1,63,,34569,26,,,1,20,,34570,26,,,1,20,,34571,26,,,1,63,,34572,26,,,1,20,,34573,26,,,1,20,,34574,26,,,1,65,,34575,26,,,1,21,,34576,26,,,1,60,,34577,26,,,1,23,,34578,26,,,1,21,,34579,26,,,1,61,,34580,26,,,1,21,,34581,26,,,1,24,,34582,26,,,1,60,,34583,26,,,1,22,,34584,26,,,1,21,,34585,26,,,1,61,,34586,26,,,1,21,,34587,26,,,1,21,,34588,26,,,1,61,,34589,26,,,1,21,,34590,26,,,1,63,,34591,26,,,1,21,,34592,26,,,1,21,,34593,26,,,1,61,,34594,26,,,1,21,,34595,26,,,1,21,,34596,26,,,1,61,,34597,26,,,1,21,,34598,26,,,1,21,,34599,26,,,1,54,,34600,26,,,1,21,,34601,26,,,1,21,,34602,26,,,1,57,,34603,26,,,1,21,,34604,26,,,1,21,,34605,26,,,1,61,,34606,26,,,1,16,,34607,26,,,1,20,,34608,26,,,1,60,,34609,26,,,1,20,,34610,26,,,1,16,,34611,26,,,1,20,,34612,26,,,1,57,,34613,26,,,1,20,,34614,26,,,1,20,,34615,26,,,1,56,,34616,26,,,1,20,,34617,26,,,1,20,,34618,26,,,1,60,,34619,26,,,1
60101,'74',659,,34648,26,,,1,57,,34620,26,,,1,17,,34621,26,,,1,21,,34622,26,,,1,57,,34623,26,,,1,18,,34641,26,,,1,16,,34640,26,,,1,60,,34639,26,,,1,16,,34638,26,,,1,16,,34637,26,,,1,15,,34624,26,,,1,59,,34625,26,,,1,16,,34626,26,,,1,18,,34627,26,,,1,56,,34628,26,,,1,16,,34629,26,,,1,16,,34630,26,,,1,22,,34631,26,,,1,56,,34632,26,,,1,16,,34633,26,,,1,16,,34634,26,,,1,16,,34635,26,,,1,55,,34636,26,,,1,14,,34647,26,,,1,15,,34646,26,,,1,15,,34645,26,,,1,55,,34644,26,,,1,15,,34643,26,,,1,15,,34642,26,,,1,15,,34649,26,,,1,55,,34650,26,,,1,15,,34651,26,,,1,15,,34652,26,,,1,15,,34653,26,,,1,55,,34654,26,,,1,15,,34655,26,,,1,15,,34656,26,,,1,15,,34657,26,,,1,55,,34658,26,,,1,15,,34659,26,,,1,15,,34660,26,,,1,15,,34661,26,,,1,55,,34662,26,,,1,15,,34663,26,,,1,15,,34664,26,,,1,11,,34665,26,,,1,55,,34666,26,,,1,15,,34667,26,,,1,12,,34668,26,,,1,15,,34669,26,,,1,55,,34670,26,,,1,15,,34671,26,,,1,15,,34672,26,,,1,12,,34673,26,,,1,55,,34674,26,,,1,20,,34680,26,,,1,18,,34679,26,,,1,14,,34678,26,,,1,58,,34677,26,,,1,14,,34675,26,,,1,18,,34676,26,,,1,60,,34688,26,,,1,16,,34687,26,,,1,16,,34686,26,,,1,13,,34685,26,,,1,56,,34684,26,,,1,16,,34681,26,,,1,16,,34682,26,,,1,9,,34683,26,,,1
60101,'80',749,,34689,26,,,1,63,,34690,26,,,1,20,,34691,26,,,1,20,,34692,26,,,1,63,,34693,26,,,1,20,,34694,26,,,1,20,,34695,26,,,1,65,,34696,26,,,1,21,,34697,26,,,1,60,,34698,26,,,1,23,,34699,26,,,1,21,,34700,26,,,1,61,,34701,26,,,1,21,,34702,26,,,1,24,,34703,26,,,1,60,,34704,26,,,1,22,,34705,26,,,1,21,,34706,26,,,1,61,,34707,26,,,1,21,,34708,26,,,1,21,,34709,26,,,1,61,,34710,26,,,1,21,,34711,26,,,1,63,,34712,26,,,1,21,,34713,26,,,1,21,,34714,26,,,1,61,,34715,26,,,1,21,,34716,26,,,1,21,,34717,26,,,1,61,,34718,26,,,1,21,,34719,26,,,1,21,,34720,26,,,1,54,,34721,26,,,1,21,,34722,26,,,1,21,,34723,26,,,1,57,,34724,26,,,1,21,,34725,26,,,1,21,,34726,26,,,1,61,,34727,26,,,1,16,,34728,26,,,1,20,,34729,26,,,1,60,,34730,26,,,1,20,,34731,26,,,1,16,,34732,26,,,1,20,,34733,26,,,1,57,,34734,26,,,1,20,,34735,26,,,1,20,,34736,26,,,1,56,,34737,26,,,1,20,,34738,26,,,1,20,,34739,26,,,1,60,,34740,26,,,1
989901,'1',2252,,36877,95,,,1,68,,36878,95,,,1,38,,36879,95,,,1,74,,36880,95,,,1,75,,36881,95,,,1,29,,36882,95,,,1,75,,36883,95,,,1,35,,36884,95,,,1
989901,'2',2300,,36885,95,,,1,46,,36886,95,,,1,81,,36887,95,,,1,91,,36890,95,,,1,85,,36888,95,,,1,46,,36889,95,,,1
989901,'3',2307,,36891,95,,,1,47,,36892,95,,,1,83,,36893,95,,,1,85,,36894,95,,,1,79,,36895,95,,,1,43,,36896,95,,,1
989901,'74',2300,,36897,95,,,1,46,,36898,95,,,1,81,,36899,95,,,1,91,,36902,95,,,1,85,,36900,95,,,1,46,,36901,95,,,1
989901,'80',2307,,36903,95,,,1,47,,36904,95,,,1,83,,36905,95,,,1,85,,36906,95,,,1,79,,36907,95,,,1,43,,36908,95,,,1
6010201,'1',543,,37296,13,,,1,11,,37295,13,,,1,51,,37294,13,,,1,11,,37293,13,,,1,13,,37292,13,,,1,12,,37291,13,,,1,10,,37290,13,,,1,56,,37289,13,,,1,11,,37288,13,,,1,11,,37287,13,,,1,11,,37286,13,,,1,11,,37285,13,,,1,51,,37228,13,,,1,13,,37229,13,,,1,11,,37230,13,,,1,11,,37231,13,,,1,13,,37232,13,,,1,51,,37233,13,,,1,11,,37234,13,,,1,11,,37235,13,,,1,11,,37236,13,,,1,9,,37237,13,,,1,11,,37238,13,,,1,48,,37239,13,,,1,11,,37240,13,,,1,11,,37241,13,,,1,11,,37242,13,,,1,12,,37243,13,,,1,10,,37244,13,,,1,54,,37245,13,,,1,11,,37246,13,,,1,13,,37247,13,,,1,16,,37248,13,,,1,56,,37249,13,,,1,16,,37250,13,,,1,16,,37251,13,,,1,16,,37252,13,,,1,56,,37253,13,,,1,16,,37254,13,,,1,16,,37255,13,,,1,16,,37256,13,,,1,56,,37257,13,,,1,18,,37258,13,,,1,16,,37259,13,,,1,57,,37260,13,,,1,17,,37261,13,,,1,16,,37262,13,,,1,12,,37263,13,,,1,52,,37264,13,,,1,15,,37265,13,,,1,12,,37266,13,,,1,12,,37267,13,,,1,12,,37268,13,,,1,54,,37269,13,,,1,12,,37270,13,,,1,12,,37271,13,,,1,12,,37272,13,,,1,12,,37273,13,,,1,50,,37274,13,,,1,12,,37275,13,,,1,12,,37276,13,,,1,12,,37277,13,,,1,8,,37278,13,,,1,50,,37279,13,,,1,12,,37280,13,,,1,12,,37281,13,,,1,9,,37282,13,,,1,12,,37283,13,,,1,12,,37284,13,,,1
6010201,'2',912,,37297,13,,,1,16,,37298,13,,,1,16,,37299,13,,,1,60,,37300,13,,,1,16,,37301,13,,,1,16,,37302,13,,,1,16,,37303,13,,,1,56,,37304,13,,,1,19,,37305,13,,,1,16,,37306,13,,,1,58,,37307,13,,,1,16,,37308,13,,,1,16,,37309,13,,,1,16,,37310,13,,,1,56,,37311,13,,,1,18,,37312,13,,,1,13,,37313,13,,,1,15,,37314,13,,,1,55,,37315,13,,,1,15,,37316,13,,,1,15,,37317,13,,,1,15,,37318,13,,,1,55,,37319,13,,,1,15,,37320,13,,,1,15,,37321,13,,,1,15,,37322,13,,,1,55,,37323,13,,,1,15,,37324,13,,,1,15,,37325,13,,,1,15,,37326,13,,,1,55,,37327,13,,,1,15,,37328,13,,,1,15,,37329,13,,,1,15,,37330,13,,,1,55,,37331,13,,,1,13,,37332,13,,,1,15,,37333,13,,,1,14,,37334,13,,,1,55,,37335,13,,,1,13,,37336,13,,,1,14,,37337,13,,,1,12,,37338,13,,,1,15,,37339,13,,,1,55,,37340,13,,,1,15,,37341,13,,,1
6010201,'3',947,,37342,13,,,1,64,,37343,13,,,1,20,,37344,13,,,1,20,,37345,13,,,1,61,,37346,13,,,1,21,,37347,13,,,1,24,,37348,13,,,1,61,,37349,13,,,1,21,,37350,13,,,1,61,,37351,13,,,1,22,,37352,13,,,1,21,,37353,13,,,1,61,,37354,13,,,1,21,,37355,13,,,1,21,,37356,13,,,1,61,,37357,13,,,1,21,,37358,13,,,1,22,,37359,13,,,1,63,,37360,13,,,1,21,,37361,13,,,1,20,,37362,13,,,1,61,,37363,13,,,1,21,,37364,13,,,1,21,,37365,13,,,1,57,,37366,13,,,1,21,,37367,13,,,1,19,,37368,13,,,1,58,,37369,13,,,1,21,,37370,13,,,1,19,,37371,13,,,1,61,,37372,13,,,1,18,,37373,13,,,1,21,,37374,13,,,1
6010201,'74',912,,37375,13,,,1,16,,37376,13,,,1,16,,37377,13,,,1,60,,37378,13,,,1,16,,37379,13,,,1,16,,37380,13,,,1,16,,37381,13,,,1,56,,37382,13,,,1,19,,37383,13,,,1,16,,37384,13,,,1,58,,37385,13,,,1,16,,37386,13,,,1,16,,37387,13,,,1,16,,37388,13,,,1,56,,37389,13,,,1,18,,37390,13,,,1,13,,37391,13,,,1,15,,37392,13,,,1,55,,37393,13,,,1,15,,37394,13,,,1,15,,37395,13,,,1,15,,37396,13,,,1,55,,37397,13,,,1,15,,37398,13,,,1,15,,37399,13,,,1,15,,37400,13,,,1,55,,37401,13,,,1,15,,37402,13,,,1,15,,37403,13,,,1,15,,37404,13,,,1,55,,37405,13,,,1,15,,37406,13,,,1,15,,37407,13,,,1,15,,37408,13,,,1,55,,37409,13,,,1,13,,37410,13,,,1,15,,37411,13,,,1,14,,37412,13,,,1,55,,37413,13,,,1,13,,37414,13,,,1,14,,37415,13,,,1,12,,37416,13,,,1,15,,37417,13,,,1,55,,37418,13,,,1,15,,37419,13,,,1
6010201,'80',947,,37420,13,,,1,64,,37421,13,,,1,20,,37422,13,,,1,20,,37423,13,,,1,61,,37424,13,,,1,21,,37425,13,,,1,24,,37426,13,,,1,61,,37427,13,,,1,21,,37428,13,,,1,61,,37429,13,,,1,22,,37430,13,,,1,21,,37431,13,,,1,61,,37432,13,,,1,21,,37433,13,,,1,21,,37434,13,,,1,61,,37435,13,,,1,21,,37436,13,,,1,22,,37437,13,,,1,63,,37438,13,,,1,21,,37439,13,,,1,20,,37440,13,,,1,61,,37441,13,,,1,21,,37442,13,,,1,21,,37443,13,,,1,57,,37444,13,,,1,21,,37445,13,,,1,19,,37446,13,,,1,58,,37447,13,,,1,21,,37448,13,,,1,19,,37449,13,,,1,61,,37450,13,,,1,18,,37451,13,,,1,21,,37452,13,,,1
