9601,'1',501,,31339,33,,,1,28,,31340,33,,,1,29,,31341,33,,,1,70,,31342,33,,,1,77,,31343,33,,,1,35,,31344,33,,,1,78,,31345,33,,,1,31,,31346,33,,,1,74,,31347,33,,,1,32,,31348,33,,,1,79,,31349,33,,,1,80,,31350,33,,,1,43,,31351,33,,,1,75,,31352,33,,,1,72,,31353,33,,,1,46,,31354,33,,,1,81,,31355,33,,,1,18,,31374,33,,,1,61,,31356,33,,,1,28,,31357,33,,,1,67,,31358,33,,,1,27,,31359,33,,,1,27,,31360,33,,,1,67,,31361,33,,,1,25,,31362,33,,,1,62,,31363,33,,,1,25,,31364,33,,,1,65,,31365,33,,,1,25,,31366,33,,,1,25,,31367,33,,,1,65,,31368,33,,,1,28,,31369,33,,,1,70,,31370,33,,,1,30,,31371,33,,,1,70,,31372,33,,,1,24,,31373,33,,,1
9601,'2',827,,31375,33,,,1,99,,31376,33,,,1,100,,31377,33,,,1,99,,31378,33,,,1,99,,31379,33,,,1,99,,31380,33,,,1,99,,31381,33,,,1,99,,31382,33,,,1,99,,31383,33,,,1,99,,31384,33,,,1,89,,31385,33,,,1,51,,31386,33,,,1,97,,31387,33,,,1
9601,'3',927,,31388,33,,,1,94,,31389,33,,,1,94,,31390,33,,,1,94,,31391,33,,,1,94,,31392,33,,,1,54,,31393,33,,,1,95,,31394,33,,,1,94,,31395,33,,,1,91,,31396,33,,,1,94,,31397,33,,,1,93,,31398,33,,,1,94,,31399,33,,,1
9601,'74',827,,31400,33,,,1,99,,31401,33,,,1,100,,31402,33,,,1,99,,31403,33,,,1,99,,31404,33,,,1,99,,31405,33,,,1,99,,31406,33,,,1,99,,31407,33,,,1,99,,31408,33,,,1,99,,31409,33,,,1,89,,31410,33,,,1,51,,31411,33,,,1,97,,31412,33,,,1
9601,'80',927,,31413,33,,,1,94,,31414,33,,,1,94,,31415,33,,,1,94,,31416,33,,,1,94,,31417,33,,,1,54,,31418,33,,,1,95,,31419,33,,,1,94,,31420,33,,,1,91,,31421,33,,,1,94,,31422,33,,,1,93,,31423,33,,,1,94,,31424,33,,,1
9801,'1',536,,31521,42,,,1,75,,31520,42,,,1,37,,31519,42,,,1,75,,31518,42,,,1,36,,31517,42,,,1,75,,31516,42,,,1,75,,31515,42,,,1,35,,31514,42,,,1,75,,31525,42,,,1,101,,31524,42,,,1,98,,31523,42,,,1,98,,31522,42,,,1,101,,31537,42,,,1,40,,31536,42,,,1,80,,31535,42,,,1,80,,31534,42,,,1,40,,31533,42,,,1,80,,31532,42,,,1,80,,31531,42,,,1,37,,31530,42,,,1,78,,31529,42,,,1,91,,31528,42,,,1,87,,31527,42,,,1,48,,31526,42,,,1
9801,'2',543,,31556,42,,,1,86,,31555,42,,,1,86,,31554,42,,,1,86,,31553,42,,,1,48,,31552,42,,,1,96,,31551,42,,,1,94,,31550,42,,,1,98,,31549,42,,,1,94,,31548,42,,,1,102,,31547,42,,,1,98,,31546,42,,,1,98,,31545,42,,,1,95,,31544,42,,,1,98,,31543,42,,,1,98,,31542,42,,,1,94,,31541,42,,,1,86,,31540,42,,,1,49,,31539,42,,,1,87,,31538,42,,,1
9801,'3',726,,31573,42,,,1,88,,31574,42,,,1,89,,31572,42,,,1,48,,31571,42,,,1,88,,31570,42,,,1,96,,31569,42,,,1,93,,31568,42,,,1,93,,31567,42,,,1,95,,31566,42,,,1,93,,31565,42,,,1,93,,31564,42,,,1,53,,31563,42,,,1,93,,31562,42,,,1,90,,31561,42,,,1,86,,31560,42,,,1,86,,31559,42,,,1,47,,31558,42,,,1,88,,31557,42,,,1
9801,'74',543,,31593,42,,,1,86,,31592,42,,,1,86,,31591,42,,,1,86,,31590,42,,,1,48,,31589,42,,,1,96,,31588,42,,,1,94,,31587,42,,,1,98,,31586,42,,,1,94,,31585,42,,,1,102,,31584,42,,,1,98,,31583,42,,,1,98,,31582,42,,,1,95,,31581,42,,,1,98,,31580,42,,,1,98,,31579,42,,,1,94,,31578,42,,,1,86,,31577,42,,,1,49,,31576,42,,,1,87,,31575,42,,,1
9801,'80',726,,31610,42,,,1,88,,31611,42,,,1,89,,31609,42,,,1,48,,31608,42,,,1,88,,31607,42,,,1,96,,31606,42,,,1,93,,31605,42,,,1,93,,31604,42,,,1,95,,31603,42,,,1,93,,31602,42,,,1,93,,31601,42,,,1,53,,31600,42,,,1,93,,31599,42,,,1,90,,31598,42,,,1,86,,31597,42,,,1,86,,31596,42,,,1,47,,31595,42,,,1,88,,31594,42,,,1
910201,'1',638,,36824,16,,,1,85,,36825,16,,,1,85,,36826,16,,,1,45,,36827,16,,,1
989901,'1',2216,,36877,42,,,1,31,,36878,42,,,1,78,,36879,42,,,1,76,,36880,42,,,1,35,,36881,42,,,1,71,,36882,42,,,1,35,,36883,42,,,1,75,,36884,42,,,1
989901,'2',2222,,36885,42,,,1,91,,36886,42,,,1,43,,36887,42,,,1,91,,36890,42,,,1,85,,36888,42,,,1,86,,36889,42,,,1
989901,'3',2234,,36891,42,,,1,88,,36892,42,,,1,83,,36893,42,,,1,49,,36894,42,,,1,79,,36895,42,,,1,83,,36896,42,,,1
989901,'74',2222,,36897,42,,,1,91,,36898,42,,,1,43,,36899,42,,,1,91,,36902,42,,,1,85,,36900,42,,,1,86,,36901,42,,,1
989901,'80',2234,,36903,42,,,1,88,,36904,42,,,1,83,,36905,42,,,1,49,,36906,42,,,1,79,,36907,42,,,1,83,,36908,42,,,1
