9900,'1',353,,31638,22,,,1,80,,31639,22,,,1,72,,31612,42,,,1,42,,31613,42,,,1,80,,31614,42,,,1,85,,31615,42,,,1,97,,31616,42,,,1,35,,31617,42,,,1,77,,31618,42,,,1,32,,31619,42,,,1,75,,31620,42,,,1,75,,31621,42,,,1,99,,31622,42,,,1,54,,31623,42,,,1,94,,31624,42,,,1,94,,31625,42,,,1,76,,31637,42,,,1,31,,31636,42,,,1,69,,31626,42,,,1,30,,31627,42,,,1,70,,31628,42,,,1,30,,31629,42,,,1,70,,31630,42,,,1,25,,31631,42,,,1,70,,31632,42,,,1,24,,31633,42,,,1,70,,31634,42,,,1,26,,31635,42,,,1
9900,'2',513,,31658,22,,,1,37,,31659,22,,,1,74,,31640,42,,,1,79,,31641,42,,,1,38,,31655,42,,,1,92,,31654,42,,,1,87,,31642,42,,,1,87,,31643,42,,,1,47,,31644,42,,,1,90,,31645,42,,,1,109,,31646,42,,,1,95,,31647,42,,,1,95,,31648,42,,,1,97,,31649,42,,,1,95,,31650,42,,,1,91,,31651,42,,,1,95,,31652,42,,,1,95,,31653,42,,,1,85,,31657,42,,,1,50,,31656,42,,,1
9900,'3',515,,31678,22,,,1,38,,31679,22,,,1,81,,31660,42,,,1,78,,31661,42,,,1,38,,31662,42,,,1,78,,31663,42,,,1,95,,31680,42,,,1,89,,31664,42,,,1,89,,31665,42,,,1,49,,31666,42,,,1,93,,31667,42,,,1,89,,31668,42,,,1,89,,31669,42,,,1,89,,31670,42,,,1,49,,31671,42,,,1,89,,31672,42,,,1,89,,31673,42,,,1,87,,31674,42,,,1,89,,31675,42,,,1,89,,31676,42,,,1,39,,31677,42,,,1
9900,'74',513,,31699,22,,,1,37,,31700,22,,,1,74,,31681,42,,,1,79,,31682,42,,,1,38,,31696,42,,,1,92,,31695,42,,,1,87,,31683,42,,,1,87,,31684,42,,,1,47,,31685,42,,,1,90,,31686,42,,,1,109,,31687,42,,,1,95,,31688,42,,,1,95,,31689,42,,,1,97,,31690,42,,,1,95,,31691,42,,,1,91,,31692,42,,,1,95,,31693,42,,,1,95,,31694,42,,,1,85,,31698,42,,,1,50,,31697,42,,,1
9900,'80',515,,31719,22,,,1,38,,31720,22,,,1,81,,31701,42,,,1,78,,31702,42,,,1,38,,31703,42,,,1,78,,31704,42,,,1,95,,31721,42,,,1,89,,31705,42,,,1,89,,31706,42,,,1,49,,31707,42,,,1,93,,31708,42,,,1,89,,31709,42,,,1,89,,31710,42,,,1,89,,31711,42,,,1,49,,31712,42,,,1,89,,31713,42,,,1,89,,31714,42,,,1,87,,31715,42,,,1,89,,31716,42,,,1,89,,31717,42,,,1,39,,31718,42,,,1
989900,'1',2106,,36830,42,,,1,34,,36831,42,,,1,78,,36832,42,,,1,38,,36833,42,,,1,75,,36834,42,,,1,73,,36835,42,,,1,35,,36836,42,,,1,75,,36837,42,,,1,35,,36838,42,0,5 6,1,75,,36839,42,0,5 6,1,80,,36840,42,0,5 6,1
989900,'2',2110,,36841,42,,,1,94,,36842,42,,,1,47,,36843,42,,,1,93,,36844,42,,,1,86,,36845,42,,,1,86,,36846,42,,,1,85,,36847,42,0,5 6,1,46,,36848,42,0,5 6,1,86,,36849,42,0,5 6,1
989900,'3',2127,,36850,42,,,1,90,,36851,42,,,1,86,,36852,42,,,1,50,,36853,42,,,1,80,,36854,42,,,1,83,,36855,42,,,1,40,,36856,42,0,5 6,1,83,,36857,42,0,5 6,1,83,,36858,42,0,5 6,1
989900,'74',2110,,36859,42,,,1,94,,36860,42,,,1,47,,36861,42,,,1,93,,36862,42,,,1,86,,36863,42,,,1,86,,36864,42,,,1,85,,36865,42,0,5 6,1,46,,36866,42,0,5 6,1,86,,36867,42,0,5 6,1
989900,'80',2127,,36868,42,,,1,90,,36869,42,,,1,86,,36870,42,,,1,50,,36871,42,,,1,80,,36872,42,,,1,83,,36873,42,,,1,40,,36874,42,0,5 6,1,83,,36875,42,0,5 6,1,83,,36876,42,0,5 6,1
