'152.0.1',100,43200,4,'',1,7800,4,'',1,3100,4,'',1,8300,4,'',1,7800,4,'',1,4400,4,'',1,7900,4,'',1,3200,4,'',1,7500,4,'',1,7500,4,'',1,10600,4,'',1,11300,4,'',1,11200,4,'',1,11600,4,'',1,8700,4,'',1,8500,4,'',1,3100,4,'',1,7700,4,'',1,7100,4,'',1,3400,4,'',1,7400,4,'',1,2300,4,'',1,2300,4,'',1,9700,4,'',1,10200,4,'',1,10000,4,'',1,9100,4,'',1,9500,4,'',1,8900,4,'',1,9500,4,'',1
'152.0.1',101,43700,,'',1,7800,,'',1,3100,,'',1,8400,,'',1,7800,,'',1,2900,,'',1,1600,,'',1,8500,,'',1,7200,,'',1,3200,,'',1,7000,,'',1,10900,,'',1,11300,,'',1,11300,,'',1,7600,,'',1,7700,,'',1,2300,,'',1,3500,,'',1,7400,,'',1,7400,,'',1,3400,,'',1,7400,,'',1,3400,,'',1,7400,,'',1,8200,,'',1,9900,,'',1,10400,,'',1,10100,,'',1,4900,,'',1,9500,,'',1
'152.0.2',100,62700,4,'',1,9700,4,'',1,10300,4,'',1,10700,4,'',1,10300,4,'',1,11200,4,'',1,9600,4,'',1,8700,4,'',1,10300,4,'',1,9200,4,'',1,9200,4,'',1,9200,4,'',1,4600,4,'',1,9200,4,'',1,9200,4,'',1,7900,4,'',1,9200,4,'',1,9000,4,'',1,5700,4,'',1,9700,4,'',1,9400,4,'',1,9200,4,'',1,9400,4,'',1
'152.0.2',101,63200,,'',1,10300,,'',1,10300,,'',1,10300,,'',1,10800,,'',1,10900,,'',1,14200,,'',1,5200,,'',1,9200,,'',1,9200,,'',1,9200,,'',1,9200,,'',1,9200,,'',1,9200,,'',1,5200,,'',1,9200,,'',1,16100,,'',1,9700,,'',1,9700,,'',1,9700,,'',1,5700,,'',1
'152.0.3',100,81600,4,'',1,9200,4,'',1,11900,4,'',1,11500,4,'',1,11600,4,'',1,15500,4,'',1,11200,4,'',1,10700,4,'',1,11200,4,'',1,11000,4,'',1,14700,4,'',1,5400,4,'',1,9900,4,'',1,9900,4,'',1,9400,4,'',1,9900,4,'',1
'152.0.3',101,82100,,'',1,11200,,'',1,11200,,'',1,11200,,'',1,15200,,'',1,11200,,'',1,11200,,'',1,11200,,'',1,11200,,'',1,15200,,'',1,9800,,'',1,9900,,'',1,9900,,'',1,9900,,'',1,9900,,'',1
'152.0.80',100,81600,4,'',1,9200,4,'',1,11900,4,'',1,11500,4,'',1,11600,4,'',1,15500,4,'',1,11200,4,'',1,10700,4,'',1,11200,4,'',1,11000,4,'',1,14700,4,'',1,5400,4,'',1,9900,4,'',1,9900,4,'',1,9400,4,'',1,9900,4,'',1
'152.0.80',101,82100,,'',1,11200,,'',1,11200,,'',1,11200,,'',1,15200,,'',1,11200,,'',1,11200,,'',1,11200,,'',1,11200,,'',1,15200,,'',1,9800,,'',1,9900,,'',1,9900,,'',1,9900,,'',1,9900,,'',1
'152.0.81',100,81600,4,'',1,9200,4,'',1,11900,4,'',1,11500,4,'',1,11600,4,'',1,15500,4,'',1,11200,4,'',1,10700,4,'',1,11200,4,'',1,11000,4,'',1,14700,4,'',1,5400,4,'',1,9900,4,'',1,9900,4,'',1,9400,4,'',1,9900,4,'',1
'152.0.81',101,82100,,'',1,11200,,'',1,11200,,'',1,11200,,'',1,15200,,'',1,11200,,'',1,11200,,'',1,11200,,'',1,11200,,'',1,15200,,'',1,9800,,'',1,9900,,'',1,9900,,'',1,9900,,'',1,9900,,'',1
