800,'1',539,,25474,9,,,1,16,,25460,9,,,1,56,,25461,9,,,1,16,,25462,9,,,1,17,,25463,9,,,1,56,,25464,9,,,1,16,,25465,9,,,1,16,,25466,9,,,1,16,,25467,9,,,1,57,,25468,9,,,1,16,,25469,9,,,1,16,,25470,9,,,1,16,,25471,9,,,1,56,,25472,9,,,1,15,,25473,9,,,1,11,,25506,9,,,1,69,,25475,9,,,1,29,,25476,9,,,1,68,,25477,9,,,1,29,,25478,9,,,1,29,,25479,9,,,1,69,,25480,9,,,1,29,,25481,9,,,1,69,,25482,9,,,1,29,,25483,9,,,1,69,,25484,9,,,1,13,,25508,9,,,1,17,,25507,9,,,1,56,,25485,9,,,1,16,,25486,9,,,1,16,,25487,9,,,1,16,,25488,9,,,1,56,,25489,9,,,1,16,,25490,9,,,1,16,,25491,9,,,1,56,,25492,9,,,1,16,,25493,9,,,1,16,,25494,9,,,1,16,,25495,9,,,1,56,,25496,9,,,1,16,,25497,9,,,1,16,,25498,9,,,1,16,,25499,9,,,1,55,,25500,9,,,1,16,,25501,9,,,1,16,,25502,9,,,1,16,,25503,9,,,1,56,,25504,9,,,1,24,,25505,9,,,1,65,,25509,9,,,1,25,,25510,9,,,1,24,,25511,9,,,1,65,,25512,9,,,1,24,,25513,9,,,1,65,,25514,9,,,1,25,,25515,9,,,1,25,,25516,9,,,1,65,,25517,9,,,1
800,'74',806,,25521,9,,,1,28,,25522,9,,,1,68,,25523,9,,,1,28,,25524,9,,,1,28,,25525,9,,,1,71,,25526,9,,,1,28,,25527,9,,,1,68,,25528,9,,,1,28,,25529,9,,,1,68,,25530,9,,,1,28,,25531,9,,,1,68,,25532,9,,,1,28,,25533,9,,,1,68,,25534,9,,,1,28,,25535,9,,,1,68,,25536,9,,,1,28,,25537,9,,,1,68,,25538,9,,,1,28,,25539,9,,,1,68,,25540,9,,,1,28,,25541,9,,,1,28,,25542,9,,,1,65,,25543,9,,,1,28,,25544,9,,,1,68,,25545,9,,,1,28,,25546,9,,,1,68,,25547,9,,,1,28,,25548,9,,,1,68,,25549,9,,,1,30,,25550,9,,,1,70,,25551,9,,,1,30,,25552,9,,,1,70,,25553,9,,,1,30,,25554,9,,,1,70,,25555,9,,,1
800,'80',801,,25556,9,,,1,55,,25557,9,,,1,67,,25558,9,,,1,27,,25559,9,,,1,66,,25560,9,,,1,27,,25561,9,,,1,67,,25562,9,,,1,27,,25563,9,,,1,67,,25564,9,,,1,27,,25565,9,,,1,27,,25566,9,,,1,68,,25567,9,,,1,27,,25568,9,,,1,66,,25569,9,,,1,27,,25570,9,,,1,67,,25571,9,,,1,27,,25572,9,,,1,67,,25573,9,,,1,27,,25574,9,,,1,67,,25575,9,,,1,27,,25576,9,,,1,27,,25577,9,,,1,67,,25578,9,,,1,27,,25579,9,,,1,94,,25580,9,,,1,113,,25581,9,,,1
800,'35296.2',806,,25582,9,,,1,28,,25583,9,,,1,68,,25584,9,,,1,28,,25585,9,,,1,28,,25586,9,,,1,71,,25587,9,,,1,28,,25588,9,,,1,68,,25589,9,,,1,28,,25590,9,,,1,68,,25591,9,,,1,28,,25592,9,,,1,68,,25593,9,,,1,28,,25594,9,,,1,68,,25595,9,,,1,28,,25596,9,,,1,68,,25597,9,,,1,28,,25598,9,,,1,68,,25599,9,,,1,28,,25600,9,,,1,68,,25601,9,,,1,28,,25602,9,,,1,28,,25603,9,,,1,65,,25604,9,,,1,28,,25605,9,,,1,68,,25606,9,,,1,28,,25607,9,,,1,68,,25608,9,,,1,28,,25609,9,,,1,68,,25610,9,,,1,30,,25611,9,,,1,70,,25612,9,,,1,30,,25613,9,,,1,70,,25614,9,,,1,30,,25615,9,,,1,70,,25616,9,,,1
800,'35296.3',801,,25617,9,,,1,55,,25618,9,,,1,67,,25619,9,,,1,27,,25620,9,,,1,66,,25621,9,,,1,27,,25622,9,,,1,67,,25623,9,,,1,27,,25624,9,,,1,67,,25625,9,,,1,27,,25626,9,,,1,27,,25627,9,,,1,68,,25628,9,,,1,27,,25629,9,,,1,66,,25630,9,,,1,27,,25631,9,,,1,67,,25632,9,,,1,27,,25633,9,,,1,67,,25634,9,,,1,27,,25635,9,,,1,67,,25636,9,,,1,27,,25637,9,,,1,27,,25638,9,,,1,67,,25639,9,,,1,27,,25640,9,,,1,94,,25641,9,,,1,113,,25642,9,,,1
800,'35298.2',714,,25643,9,,,1,15,,25644,9,,,1,15,,25645,9,,,1,15,,25646,9,,,1,55,,25647,9,,,1,15,,25648,9,,,1,15,,25649,9,,,1,15,,25650,9,,,1,55,,25651,9,,,1,15,,25652,9,,,1,15,,25653,9,,,1,15,,25654,9,,,1,58,,25655,9,,,1,15,,25656,9,,,1,15,,25657,9,,,1,55,,25658,9,,,1,15,,25659,9,,,1,15,,25660,9,,,1,15,,25661,9,,,1,55,,25662,9,,,1,15,,25663,9,,,1,15,,25664,9,,,1,15,,25665,9,,,1,55,,25666,9,,,1,15,,25667,9,,,1,15,,25668,9,,,1,15,,25669,9,,,1,55,,25670,9,,,1,15,,25671,9,,,1,15,,25672,9,,,1,15,,25673,9,,,1,55,,25674,9,,,1,15,,25675,9,,,1,15,,25676,9,,,1,15,,25677,9,,,1,55,,25678,9,,,1,15,,25679,9,,,1,15,,25680,9,,,1,15,,25681,9,,,1,55,,25682,9,,,1,15,,25683,9,,,1,15,,25684,9,,,1,15,,25685,9,,,1,55,,25686,9,,,1,12,,25687,9,,,1,15,,25688,9,,,1,15,,25689,9,,,1,15,,25690,9,,,1,55,,25691,9,,,1,32,,25692,9,,,1,68,,25693,9,,,1,28,,25694,9,,,1,68,,25695,9,,,1,30,,25696,9,,,1,70,,25697,9,,,1,30,,25698,9,,,1,70,,25699,9,,,1,30,,25700,9,,,1,70,,25701,9,,,1
800,'35298.3',715,,25702,9,,,1,15,,25703,9,,,1,15,,25704,9,,,1,55,,25705,9,,,1,15,,25706,9,,,1,15,,25707,9,,,1,16,,25708,9,,,1,55,,25709,9,,,1,15,,25710,9,,,1,15,,25711,9,,,1,15,,25712,9,,,1,55,,25713,9,,,1,14,,25714,9,,,1,15,,25715,9,,,1,15,,25716,9,,,1,55,,25717,9,,,1,15,,25718,9,,,1,15,,25719,9,,,1,15,,25720,9,,,1,55,,25721,9,,,1,15,,25722,9,,,1,15,,25723,9,,,1,15,,25724,9,,,1,56,,25725,9,,,1,15,,25726,9,,,1,15,,25727,9,,,1,15,,25728,9,,,1,55,,25729,9,,,1,14,,25730,9,,,1,15,,25731,9,,,1,15,,25732,9,,,1,55,,25733,9,,,1,15,,25734,9,,,1,15,,25735,9,,,1,15,,25736,9,,,1,55,,25737,9,,,1,15,,25738,9,,,1,15,,25739,9,,,1,15,,25740,9,,,1,55,,25741,9,,,1,15,,25742,9,,,1,15,,25743,9,,,1,15,,25744,9,,,1,55,,25745,9,,,1,15,,25746,9,,,1,15,,25747,9,,,1,15,,25748,9,,,1,55,,25749,9,,,1,15,,25750,9,,,1,28,,25751,9,,,1,113,,25752,9,,,1
801,'1',2013,,25799,40,4,,1,422,,25810,40,4,,1
801,'80',1901,,25870,40,4,,1,54,,25872,40,4,,1,204,,25874,40,4,,1
801,'35296.3',1901,,25936,40,4,,1,54,,25938,40,4,,1,204,,25940,40,4,,1
801,'35298.2',1914,,25988,40,4,,1,503,,25999,40,4,,1
801,'35298.3',1912,,26047,40,4,,1,43,,26049,40,4,,1,204,,26051,40,4,,1
