9600,'1',706,,18524,81,,,1,47,,18523,81,,,1,71,,18522,81,,,1,77,,18521,81,,,1,27,,18520,81,,,1,73,,18517,81,,,1,34,,18518,81,,,1,70,,18519,81,,,1,32,,18532,81,,,1,68,,18531,77,,,1,39,,18525,77,,,1,79,,18526,77,,,1,79,,18527,77,,,1,46,,18528,77,,,1,65,,18529,77,,,1,92,,18530,81,,,1,43,,18538,81,,,1,67,,18537,81,,,1,32,,18536,81,,,1,62,,18533,81,,,1,27,,18534,81,,,1,21,,18535,81,,,1,67,,18541,81,,,1,19,,18542,81,,,1,12,,18552,81,,,1,51,,18540,81,,,1,25,,18539,81,,,1,70,,18549,77,,,1,30,,18548,77,,,1,15,,18551,77,,,1,12,,18543,77,,,1,70,,18544,77,,,1,30,,18545,77,,,1,68,,18546,77,,,1,30,,18547,77,,,1,57,,18550,77,,,1
9600,'2',1027,,18553,77,,,1,102,,18554,77,,,1,99,,18555,77,,,1,95,,18556,77,,,1,99,,18557,77,,,1,99,,18558,77,,,1,99,,18559,77,,,1,99,,18560,77,,,1,94,,18561,77,,,1,97,,18562,77,,,1,47,,18563,77,,,1,82,,18564,77,,,1,97,,18565,77,,,1
9600,'3',1118,,18566,77,,,1,94,,18567,77,,,1,94,,18568,77,,,1,94,,18569,77,,,1,54,,18570,77,,,1,94,,18571,77,,,1,94,,18572,77,,,1,94,,18573,77,,,1,91,,18574,77,,,1,94,,18575,77,,,1,94,,18576,77,,,1,90,,18577,77,,,1
9600,'80',1118,,18578,77,,,1,94,,18579,77,,,1,94,,18580,77,,,1,94,,18581,77,,,1,54,,18582,77,,,1,94,,18583,77,,,1,94,,18584,77,,,1,94,,18585,77,,,1,91,,18586,77,,,1,94,,18587,77,,,1,94,,18588,77,,,1,90,,18589,77,,,1
9800,'1',624,,18683,33,,,1,35,,18682,33,,,1,73,,18681,33,,,1,75,,18680,33,,,1,35,,18679,33,,,1,75,,18678,33,,,1,98,,18674,33,,,1,98,,18671,33,,,1,96,,18676,33,,,1,98,,18675,33,,,1,40,,18663,33,,,1,79,,18673,33,,,1,80,,18672,33,,,1,40,,18670,33,,,1,80,,18669,33,,,1,80,,18668,33,,,1,44,,18667,33,,,1,80,,18666,33,,,1,93,,18665,33,,,1,91,,18664,33,,,1,88,,18677,33,,,1
9800,'2',623,,18701,33,,,1,86,,18700,33,,,1,44,,18699,33,,,1,94,,18698,33,,,1,93,,18697,33,,,1,91,,18696,33,,,1,94,,18695,33,,,1,98,,18694,33,,,1,98,,18693,33,,,1,97,,18692,33,,,1,98,,18691,33,,,1,98,,18690,33,,,1,99,,18689,33,,,1,101,,18688,33,,,1,89,,18687,33,,,1,53,,18686,33,,,1,89,,18685,33,,,1,85,,18684,33,,,1
9800,'3',807,,18717,33,,,1,48,,18716,33,,,1,88,,18715,33,,,1,92,,18714,33,,,1,93,,18713,33,,,1,90,,18712,33,,,1,93,,18711,33,,,1,93,,18710,33,,,1,53,,18709,33,,,1,93,,18708,33,,,1,93,,18707,33,,,1,96,,18706,33,,,1,88,,18705,33,,,1,91,,18704,33,,,1,87,,18703,33,,,1,48,,18702,33,,,1
9800,'80',807,,18733,33,,,1,48,,18732,33,,,1,88,,18731,33,,,1,92,,18730,33,,,1,93,,18729,33,,,1,90,,18728,33,,,1,93,,18727,33,,,1,93,,18726,33,,,1,53,,18725,33,,,1,93,,18724,33,,,1,93,,18723,33,,,1,96,,18722,33,,,1,88,,18721,33,,,1,91,,18720,33,,,1,87,,18719,33,,,1,48,,18718,33,,,1
60100,'1',421,,20866,16,,,1,11,,20867,16,,,1,11,,20868,16,,,1,11,,20869,16,,,1,51,,20870,16,,,1,11,,20871,16,,,1,8,,20872,16,,,1,10,,20873,16,,,1,11,,20876,16,,,1,10,,20874,16,,,1,51,,20875,16,,,1,10,,20781,21,,,1,11,,20782,21,,,1,12,,20783,21,,,1,15,,20784,21,,,1,51,,20785,21,,,1,11,,20786,21,,,1,11,,20787,21,,,1,11,,20788,21,,,1,11,,20789,21,,,1,56,,20790,21,,,1,11,,20791,21,,,1,11,,20792,21,,,1,13,,20793,21,,,1,11,,20794,21,,,1,54,,20795,21,,,1,11,,20796,21,,,1,8,,20797,21,,,1,11,,20798,21,,,1,11,,20799,21,,,1,11,,20800,21,,,1,48,,20801,21,,,1,11,,20802,21,,,1,11,,20803,21,,,1,11,,20804,21,,,1,11,,20805,21,,,1,54,,20806,21,,,1,16,,20807,21,,,1,21,,20808,21,,,1,16,,20809,21,,,1,56,,20810,21,,,1,16,,20811,21,,,1,16,,20812,21,,,1,56,,20813,21,,,1,16,,20814,21,,,1,16,,20815,21,,,1,16,,20816,21,,,1,56,,20817,21,,,1,20,,20818,21,,,1,16,,20819,21,,,1,16,,20820,21,,,1,54,,20821,21,,,1,12,,20822,21,,,1,12,,20823,21,,,1,12,,20824,21,,,1,12,,20825,21,,,1,52,,20826,21,,,1,12,,20827,21,,,1,12,,20828,21,,,1,12,,20829,21,,,1,12,,20830,21,,,1,52,,20831,21,,,1,12,,20832,21,,,1,12,,20833,21,,,1,12,,20834,21,,,1,12,,20835,21,,,1,52,,20836,21,,,1,12,,20837,21,,,1,12,,20838,21,,,1,12,,20839,21,,,1,12,,20840,21,,,1,52,,20841,21,,,1,12,,20842,21,,,1,12,,20843,21,,,1,9,,20844,21,,,1,12,,20845,21,,,1,52,,20846,21,,,1,5,,20847,21,,,1,12,,20848,21,,,1,12,,20849,21,,,1,12,,20850,21,,,1,62,,20851,21,,,1,18,,20852,21,,,1,18,,20853,21,,,1,56,,20854,21,,,1,18,,20855,21,,,1,18,,20856,21,,,1,19,,20857,21,,,1,59,,20858,21,,,1,16,,20859,21,,,1,13,,20860,21,,,1,59,,20861,21,,,1,19,,20862,21,,,1,19,,20863,21,,,1,59,,20864,21,,,1,19,,20865,21,,,1
60100,'2',549,,20877,21,,,1,57,,20878,21,,,1,17,,20879,21,,,1,17,,20880,21,,,1,17,,20881,21,,,1,61,,20882,21,,,1,19,,20883,21,,,1,17,,20884,21,,,1,58,,20885,21,,,1,16,,20886,21,,,1,18,,20887,21,,,1,56,,20888,21,,,1,16,,20889,21,,,1,16,,20890,21,,,1,17,,20891,21,,,1,56,,20892,21,,,1,19,,20893,21,,,1,16,,20894,21,,,1,16,,20895,21,,,1,56,,20896,21,,,1,16,,20897,21,,,1,18,,20898,21,,,1,56,,20899,21,,,1,16,,20900,21,,,1,20,,20901,21,,,1,16,,20902,21,,,1,55,,20903,21,,,1,15,,20904,21,,,1,15,,20905,21,,,1,15,,20906,21,,,1,55,,20907,21,,,1,15,,20908,21,,,1,15,,20909,21,,,1,15,,20910,21,,,1,55,,20911,21,,,1,15,,20912,21,,,1,15,,20913,21,,,1,15,,20914,21,,,1,52,,20915,21,,,1,15,,20916,21,,,1,15,,20917,21,,,1,15,,20918,21,,,1,55,,20919,21,,,1,15,,20920,21,,,1,15,,20921,21,,,1,15,,20922,21,,,1,55,,20923,21,,,1,15,,20924,21,,,1,15,,20925,21,,,1,13,,20926,21,,,1,55,,20927,21,,,1,15,,20928,21,,,1,15,,20929,21,,,1,15,,20930,21,,,1,55,,20931,21,,,1,15,,20932,21,,,1,15,,20933,21,,,1,9,,20934,21,,,1,58,,20935,21,,,1,18,,20936,21,,,1,18,,20937,21,,,1,15,,20938,21,,,1,58,,20939,21,,,1,18,,20940,21,,,1,18,,20941,21,,,1,56,,20942,21,,,1,16,,20943,21,,,1,10,,20944,21,,,1,16,,20945,21,,,1,56,,20946,21,,,1,16,,20947,21,,,1,16,,20948,21,,,1,16,,20949,21,,,1,56,,20950,21,,,1,16,,20951,21,,,1
60100,'3',621,,20960,21,,,1,20,,20959,21,,,1,60,,20958,21,,,1,20,,20957,21,,,1,20,,20956,21,,,1,64,,20955,21,,,1,20,,20954,21,,,1,20,,20953,21,,,1,63,,20952,21,,,1,20,,20961,21,,,1,20,,20962,21,,,1,60,,20963,21,,,1,24,,20964,21,,,1,20,,20965,21,,,1,62,,20966,21,,,1,27,,20994,21,,,1,61,,20993,21,,,1,23,,20992,21,,,1,21,,20967,21,,,1,65,,20968,21,,,1,21,,20969,21,,,1,21,,20970,21,,,1,61,,20971,21,,,1,21,,20972,21,,,1,21,,20973,21,,,1,61,,20974,21,,,1,21,,20975,21,,,1,21,,20976,21,,,1,61,,20977,21,,,1,19,,20978,21,,,1,61,,20979,21,,,1,21,,20980,21,,,1,21,,20981,21,,,1,61,,20982,21,,,1,21,,20983,21,,,1,18,,20984,21,,,1,61,,20985,21,,,1,21,,20986,21,,,1,20,,20987,21,,,1,61,,20988,21,,,1,21,,20989,21,,,1,21,,20990,21,,,1,56,,20991,21,,,1,29,,21000,21,,,1,20,,20999,21,,,1,60,,20998,21,,,1,20,,20995,21,,,1,20,,20996,21,,,1,56,,20997,21,,,1,30,,21007,21,,,1,15,,21006,21,,,1,60,,21001,21,,,1,20,,21002,21,,,1,20,,21003,21,,,1,60,,21004,21,,,1,20,,21005,21,,,1
60100,'80',621,,21022,21,,,1,20,,21021,21,,,1,60,,21020,21,,,1,20,,21019,21,,,1,20,,21018,21,,,1,64,,21017,21,,,1,20,,21016,21,,,1,20,,21015,21,,,1,63,,21014,21,,,1,20,,21008,21,,,1,20,,21009,21,,,1,60,,21010,21,,,1,24,,21011,21,,,1,20,,21012,21,,,1,62,,21013,21,,,1,27,,21050,21,,,1,61,,21049,21,,,1,23,,21048,21,,,1,21,,21023,21,,,1,65,,21024,21,,,1,21,,21025,21,,,1,21,,21026,21,,,1,61,,21027,21,,,1,21,,21028,21,,,1,21,,21029,21,,,1,61,,21030,21,,,1,21,,21031,21,,,1,21,,21032,21,,,1,61,,21033,21,,,1,19,,21034,21,,,1,61,,21035,21,,,1,21,,21036,21,,,1,21,,21037,21,,,1,61,,21038,21,,,1,21,,21039,21,,,1,18,,21040,21,,,1,61,,21041,21,,,1,21,,21042,21,,,1,20,,21043,21,,,1,61,,21044,21,,,1,21,,21045,21,,,1,21,,21046,21,,,1,56,,21047,21,,,1,29,,21056,21,,,1,20,,21055,21,,,1,60,,21054,21,,,1,20,,21051,21,,,1,20,,21052,21,,,1,56,,21053,21,,,1,30,,21063,21,,,1,15,,21062,21,,,1,60,,21057,21,,,1,20,,21058,21,,,1,20,,21059,21,,,1,60,,21060,21,,,1,20,,21061,21,,,1
989900,'1',2128,,22653,76,,,1,73,,22654,76,,,1,38,,22655,76,,,1,78,,22656,76,,,1,35,,22657,76,,,1,72,,22658,76,,,1,35,,22659,76,,,1,75,,22660,76,,,1,75,,22661,76,0,5 6,1,35,,22662,76,0,5 6,1,79,,22663,76,0,5 6,1
989900,'2',2132,,22664,76,,,1,94,,22665,76,,,1,86,,22666,76,,,1,92,,22667,76,,,1,46,,22668,76,,,1,86,,22669,76,,,1,82,,22670,76,0,5 6,1,86,,22671,76,0,5 6,1,46,,22672,76,0,5 6,1
989900,'3',2147,,22673,76,,,1,90,,22674,76,,,1,85,,22675,76,,,1,90,,22676,76,,,1,40,,22677,76,,,1,83,,22678,76,,,1,79,,22679,76,0,5 6,1,43,,22680,76,0,5 6,1,83,,22681,76,0,5 6,1
989900,'80',2147,,22682,76,,,1,90,,22683,76,,,1,85,,22684,76,,,1,90,,22685,76,,,1,40,,22686,76,,,1,83,,22687,76,,,1,79,,22688,76,0,5 6,1,43,,22689,76,0,5 6,1,83,,22690,76,0,5 6,1
