9901,'1',418,,18903,31,,,1,41,,18904,31,,,1,80,,18905,31,,,1,82,,18906,31,,,1,81,,18907,31,,,1,35,,18908,31,,,1,70,,18909,31,,,1,43,,18910,31,,,1,73,,18911,31,,,1,35,,18912,31,,,1,94,,18913,31,,,1,98,,18914,31,,,1,94,,18915,31,,,1,94,,18916,31,,,1,100,,18917,31,,,1,67,,18918,31,,,1,30,,18919,31,,,1,70,,18920,31,,,1,30,,18921,31,,,1,70,,18922,31,,,1,30,,18923,31,,,1,70,,18924,31,,,1,27,,18925,31,,,1,70,,18926,31,,,1,26,,18927,31,,,1,30,,18928,31,,,1,70,,18929,31,,,1,25,,18930,31,,,1,71,,18931,31,,,1,85,,18932,31,,,1
9901,'2',540,,18933,31,,,1,77,,18934,31,,,1,37,,18935,31,,,1,77,,18936,31,,,1,87,,18937,31,,,1,92,,18938,31,,,1,48,,18939,31,,,1,87,,18940,31,,,1,102,,18941,31,,,1,97,,18942,31,,,1,95,,18943,31,,,1,95,,18944,31,,,1,95,,18945,31,,,1,95,,18946,31,,,1,92,,18947,31,,,1,94,,18948,31,,,1,95,,18949,31,,,1,51,,18950,31,,,1,85,,18951,31,,,1,85,,18952,31,,,1
9901,'3',544,,18953,31,,,1,81,,18954,31,,,1,78,,18955,31,,,1,38,,18956,31,,,1,78,,18957,31,,,1,93,,18958,31,,,1,89,,18959,31,,,1,49,,18960,31,,,1,89,,18961,31,,,1,93,,18962,31,,,1,89,,18963,31,,,1,89,,18964,31,,,1,49,,18965,31,,,1,89,,18966,31,,,1,89,,18967,31,,,1,89,,18968,31,,,1,85,,18969,31,,,1,89,,18970,31,,,1,49,,18971,31,,,1,86,,18972,31,,,1,89,,18973,31,,,1,79,,18974,31,,,1
9901,'80',544,,18975,31,,,1,81,,18976,31,,,1,78,,18977,31,,,1,38,,18978,31,,,1,78,,18979,31,,,1,93,,18980,31,,,1,89,,18981,31,,,1,49,,18982,31,,,1,89,,18983,31,,,1,93,,18984,31,,,1,89,,18985,31,,,1,89,,18986,31,,,1,49,,18987,31,,,1,89,,18988,31,,,1,89,,18989,31,,,1,89,,18990,31,,,1,85,,18991,31,,,1,89,,18992,31,,,1,49,,18993,31,,,1,86,,18994,31,,,1,89,,18995,31,,,1,79,,18996,31,,,1
36001,'2',1001,,20526,12,,,1,28,,20527,12,,,1,28,,20528,12,,,1,68,,20529,12,,,1,26,,20530,12,,,1,68,,20531,12,,,1,30,,20532,12,,,1,68,,20533,12,,,1,28,,20534,12,,,1,67,,20535,12,,,1,28,,20536,12,,,1,68,,20537,12,,,1,27,,20538,12,,,1,68,,20539,12,,,1,28,,20540,12,,,1,71,,20554,12,,,1,29,,20553,12,,,1,27,,20541,12,,,1,71,,20542,12,,,1,75,,20543,12,,,1,30,,20544,12,,,1,67,,20545,12,,,1,30,,20546,12,,,1,71,,20547,12,,,1,30,,20548,12,,,1,27,,20549,12,,,1,70,,20550,12,,,1,30,,20551,12,,,1,70,,20552,12,,,1
36001,'80',956,,20555,12,,,1,68,,20556,12,,,1,28,,20557,12,,,1,66,,20558,12,,,1,28,,20559,12,,,1,69,,20560,12,,,1,28,,20561,12,,,1,68,,20562,12,,,1,29,,20563,12,,,1,68,,20564,12,,,1,26,,20565,12,,,1,72,,20566,12,,,1,28,,20567,12,,,1,68,,20568,12,,,1,28,,20569,12,,,1,28,,20570,12,,,1,68,,20571,12,,,1,29,,20572,12,,,1,68,,20573,12,,,1,28,,20574,12,,,1,71,,20575,12,,,1,22,,20576,12,,,1,67,,20577,12,,,1,28,,20578,12,,,1,66,,20582,12,,,1,28,,20579,12,,,1,67,,20580,12,,,1,28,,20581,12,,,1
36001,'24603.3',956,,20583,12,,,1,68,,20584,12,,,1,28,,20585,12,,,1,66,,20586,12,,,1,28,,20587,12,,,1,69,,20588,12,,,1,28,,20589,12,,,1,68,,20590,12,,,1,29,,20591,12,,,1,68,,20592,12,,,1,26,,20593,12,,,1,72,,20594,12,,,1,28,,20595,12,,,1,68,,20596,12,,,1,28,,20597,12,,,1,28,,20598,12,,,1,68,,20599,12,,,1,29,,20600,12,,,1,68,,20601,12,,,1,28,,20602,12,,,1,71,,20603,12,,,1,22,,20604,12,,,1,67,,20605,12,,,1,28,,20606,12,,,1,66,,20610,12,,,1,28,,20607,12,,,1,67,,20608,12,,,1,28,,20609,12,,,1
36001,'24604.3',2249,,20611,12,,,1,66,,20612,12,,,1,26,,20613,12,,,1
989901,'1',2244,,22691,86,,,1,69,,22692,86,,,1,38,,22693,86,,,1,75,,22694,86,,,1,75,,22695,86,,,1,30,,22696,86,,,1,75,,22697,86,,,1,35,,22698,86,,,1
989901,'2',2252,,22699,86,,,1,87,,22700,86,,,1,81,,22701,86,,,1,91,,22704,86,,,1,45,,22702,86,,,1,86,,22703,86,,,1
989901,'3',2300,,22705,86,,,1,47,,22706,86,,,1,83,,22707,86,,,1,86,,22708,86,,,1,39,,22709,86,,,1,83,,22710,86,,,1
989901,'80',2300,,22711,86,,,1,47,,22712,86,,,1,83,,22713,86,,,1,86,,22714,86,,,1,39,,22715,86,,,1,83,,22716,86,,,1
