201,'1',519,,24021,14,,,1,21,,24022,14,,,1,61,,24023,14,,,1,21,,24024,14,,,1,3,,23991,65,,,1,21,,23992,65,,,1,65,,23993,65,,,1,22,,23994,65,,,1,21,,23995,65,,,1,69,,23996,73,,,1,20,,23997,65,,,1,61,,23998,65,,,1,21,,23999,65,,,1,14,,24000,65,,,1,72,,24001,65,,,1,35,,24002,65,,,1,75,,24003,65,,,1,34,,24004,65,,,1,75,,24005,65,,,1,75,,24006,65,,,1,35,,24007,65,,,1,75,,24008,65,,,1,43,,24009,65,,,1,63,,24010,65,,,1,23,,24011,65,,,1,63,,24012,65,,,1,21,,24013,65,,,1,27,,24014,65,,,1,65,,24015,65,,,1,23,,24016,65,,,1,63,,24017,65,,,1,17,,24018,65,,,1,23,,24019,65,,,1,61,,24020,65,,,1,23,,24025,65,,,1,18,,24026,65,,,1,80,,24027,65,,,1,80,,24028,65,,,1,36,,24029,65,,,1,80,,24030,65,,,1,80,,24031,65,,,1,36,,24032,65,,,1
201,'2',850,,24035,81,,,1,80,,24036,81,,,1,83,,24037,81,,,1,40,,24038,81,,,1,81,,24039,81,,,1,80,,24040,81,,,1,40,,24041,81,,,1,80,,24042,81,,,1,80,,24043,81,,,1,40,,24044,81,,,1,77,,24045,81,,,1,80,,24046,81,,,1,40,,24047,81,,,1,81,,24048,81,,,1,80,,24049,81,,,1,40,,24050,81,,,1,76,,24051,81,,,1,80,,24052,81,,,1,40,,24053,81,,,1,80,,24054,81,,,1,76,,24055,81,,,1,33,,24056,81,,,1,73,,24057,81,,,1,33,,24058,81,,,1,69,,24059,81,,,1,33,,24060,81,,,1
201,'3',942,,24071,81,,,1,112,,24061,81,,,1,157,,24062,81,,,1,119,,24063,81,,,1,117,,24064,81,,,1,154,,24065,81,,,1,117,,24066,81,,,1,117,,24067,81,,,1,117,,24068,81,,,1,153,,24069,81,,,1,112,,24070,81,,,1,105,,24072,81,,,1,108,,24073,81,,,1
201,'74',850,,24074,81,,,1,80,,24075,81,,,1,83,,24076,81,,,1,40,,24077,81,,,1,81,,24078,81,,,1,80,,24079,81,,,1,40,,24080,81,,,1,80,,24081,81,,,1,80,,24082,81,,,1,40,,24083,81,,,1,77,,24084,81,,,1,80,,24085,81,,,1,40,,24086,81,,,1,81,,24087,81,,,1,80,,24088,81,,,1,40,,24089,81,,,1,76,,24090,81,,,1,80,,24091,81,,,1,40,,24092,81,,,1,80,,24093,81,,,1,76,,24094,81,,,1,33,,24095,81,,,1,73,,24096,81,,,1,33,,24097,81,,,1,69,,24098,81,,,1,33,,24099,81,,,1
201,'80',942,,24110,81,,,1,112,,24100,81,,,1,157,,24101,81,,,1,119,,24102,81,,,1,117,,24103,81,,,1,154,,24104,81,,,1,117,,24105,81,,,1,117,,24106,81,,,1,117,,24107,81,,,1,153,,24108,81,,,1,112,,24109,81,,,1,105,,24111,81,,,1,108,,24112,81,,,1
300,'1',453,,24137,46,0,21 22 23 3 24,1,70,,24138,46,0,21 22 23 3 24,1,87,,24113,46,0,21 22 23 3 24,1,32,,24114,46,0,21 22 23 3 24,1,74,,24115,46,0,21 22 23 3 24,1,37,,24116,46,0,21 22 23 3 24,1,72,,24117,46,0,21 22 23 3 24,1,77,,24118,46,0,21 22 23 3 24,1,26,,24119,46,0,21 22 23 3 24,1,72,,24120,46,0,21 22 23 3 24,1,26,,24121,46,0,21 22 23 3 24,1,88,,24122,46,0,21 22 23 3 24,1,86,,24123,46,0,21 22 23 3 24,1,46,,24124,46,0,21 22 23 3 24,1,86,,24125,46,0,21 22 23 3 24,1,86,,24126,46,0,21 22 23 3 24,1,88,,24127,46,0,21 22 23 3 24,1,39,,24128,46,0,21 22 23 3 24,1,72,,24129,46,0,21 22 23 3 24,1,32,,24130,46,0,21 22 23 3 24,1,72,,24131,46,0,21 22 23 3 24,1,32,,24132,46,0,21 22 23 3 24,1,72,,24133,46,0,21 22 23 3 24,1,27,,24134,46,0,21 22 23 3 24,1,72,,24135,46,0,21 22 23 3 24,1,28,,24136,46,0,21 22 23 3 24,1,72,,24139,46,0,21 22 23 3 24,1,83,,24140,46,0,21 22 23 3 24,1,41,,24141,46,0,21 22 23 3 24,1
300,'2',830,,24147,46,0,21 22 23 3 24,1,103,,24146,46,0,21 22 23 3 24,1,105,,24148,46,0,21 22 23 3 24,1,105,,24149,46,0,21 22 23 3 24,1,105,,24150,46,0,21 22 23 3 24,1,105,,24151,46,0,21 22 23 3 24,1,147,,24152,46,0,21 22 23 3 24,1,105,,24153,46,0,21 22 23 3 24,1,106,,24154,46,0,21 22 23 3 24,1,106,,24155,46,0,21 22 23 3 24,1,103,,24156,46,0,21 22 23 3 24,1,102,,24157,46,0,21 22 23 3 24,1,99,,24158,46,0,21 22 23 3 24,1,102,,24145,46,0,21 22 23 3 24,1
300,'3',951,,24160,46,0,21 22 23 3 24,1,100,,24172,46,0,21 22 23 3 24,1,104,,24171,46,0,21 22 23 3 24,1,102,,24170,46,0,21 22 23 3 24,1,102,,24169,46,0,21 22 23 3 24,1,99,,24168,46,0,21 22 23 3 24,1,142,,24167,46,0,21 22 23 3 24,1,102,,24166,46,0,21 22 23 3 24,1,102,,24165,46,0,21 22 23 3 24,1,102,,24164,46,0,21 22 23 3 24,1,100,,24163,46,0,21 22 23 3 24,1,99,,24162,46,0,21 22 23 3 24,1,98,,24161,46,0,21 22 23 3 24,1
300,'74',830,,24176,46,0,21 22 23 3 24,1,103,,24175,46,0,21 22 23 3 24,1,105,,24177,46,0,21 22 23 3 24,1,105,,24178,46,0,21 22 23 3 24,1,105,,24179,46,0,21 22 23 3 24,1,105,,24180,46,0,21 22 23 3 24,1,147,,24181,46,0,21 22 23 3 24,1,105,,24182,46,0,21 22 23 3 24,1,106,,24183,46,0,21 22 23 3 24,1,106,,24184,46,0,21 22 23 3 24,1,103,,24185,46,0,21 22 23 3 24,1,102,,24186,46,0,21 22 23 3 24,1,99,,24187,46,0,21 22 23 3 24,1,102,,24174,46,0,21 22 23 3 24,1
300,'80',951,,24189,46,0,21 22 23 3 24,1,100,,24201,46,0,21 22 23 3 24,1,104,,24200,46,0,21 22 23 3 24,1,102,,24199,46,0,21 22 23 3 24,1,102,,24198,46,0,21 22 23 3 24,1,99,,24197,46,0,21 22 23 3 24,1,142,,24196,46,0,21 22 23 3 24,1,102,,24195,46,0,21 22 23 3 24,1,102,,24194,46,0,21 22 23 3 24,1,102,,24193,46,0,21 22 23 3 24,1,100,,24192,46,0,21 22 23 3 24,1,99,,24191,46,0,21 22 23 3 24,1,98,,24190,46,0,21 22 23 3 24,1
301,'1',535,,24203,32,,,1,72,,24204,32,,,1,34,,24205,32,,,1,73,,24206,32,,,1,32,,24207,32,,,1,77,,24208,32,,,1,32,,24209,32,,,1,67,,24210,32,,,1,32,,24202,32,,,1,77,,24226,32,,,1,86,,24211,32,,,1,86,,24212,32,,,1,46,,24213,32,,,1,86,,24214,32,,,1,86,,24215,32,,,1,89,,24216,32,,,1,27,,24217,32,,,1,72,,24218,32,,,1,32,,24219,32,,,1,72,,24220,32,,,1,32,,24221,32,,,1,72,,24222,32,,,1,28,,24223,32,,,1,72,,24224,32,,,1,26,,24225,32,,,1,69,,24231,32,,,1,26,,24228,32,,,1,83,,24229,32,,,1,79,,24230,32,0,25 26,1
301,'2',814,,24234,32,,,1,103,,24233,32,,,1,104,,24238,32,,,1,105,,24235,32,,,1,105,,24236,32,,,1,105,,24237,32,,,1,105,,24239,32,,,1,106,,24240,32,,,1,106,,24241,32,,,1,106,,24242,32,,,1,145,,24243,32,,,1,102,,24244,32,,,1,102,,24245,32,,,1,102,,24232,32,0,25 26,1
301,'3',934,,24253,32,,,1,102,,24252,32,,,1,102,,24251,32,,,1,102,,24250,32,,,1,102,,24249,32,,,1,102,,24248,32,,,1,102,,24247,32,,,1,102,,24246,32,,,1,102,,24258,32,,,1,102,,24257,32,,,1,100,,24256,32,,,1,98,,24255,32,,,1,96,,24254,32,0,25 26,1
301,'74',814,,24261,32,,,1,103,,24260,32,,,1,104,,24265,32,,,1,105,,24262,32,,,1,105,,24263,32,,,1,105,,24264,32,,,1,105,,24266,32,,,1,106,,24267,32,,,1,106,,24268,32,,,1,106,,24269,32,,,1,145,,24270,32,,,1,102,,24271,32,,,1,102,,24272,32,,,1,102,,24259,32,0,25 26,1
301,'80',934,,24276,32,,,1,102,,24275,32,,,1,102,,24274,32,,,1,102,,24273,32,,,1,102,,24280,32,,,1,102,,24279,32,,,1,102,,24278,32,,,1,102,,24277,32,,,1,102,,24285,32,,,1,102,,24284,32,,,1,100,,24283,32,,,1,98,,24282,32,,,1,96,,24281,32,0,25 26,1
