9600,'1',701,,31260,74,,,1,47,,31259,74,,,1,71,,31258,74,,,1,37,,31257,74,,,1,67,,31256,74,,,1,33,,31253,74,,,1,74,,31254,74,,,1,70,,31255,74,,,1,32,,31268,74,,,1,68,,31267,70,,,1,39,,31261,70,,,1,79,,31262,70,,,1,39,,31263,70,,,1,85,,31264,70,,,1,65,,31265,70,,,1,52,,31266,74,,,1,83,,31274,74,,,1,67,,31273,74,,,1,32,,31272,74,,,1,63,,31269,74,,,1,27,,31270,74,,,1,21,,31271,74,,,1,67,,31277,74,,,1,19,,31278,74,,,1,13,,31288,74,,,1,51,,31276,74,,,1,25,,31275,74,,,1,30,,31285,70,,,1,70,,31284,70,,,1,15,,31287,70,,,1,13,,31279,70,,,1,70,,31280,70,,,1,30,,31281,70,,,1,68,,31282,70,,,1,30,,31283,70,,,1,57,,31286,70,,,1
9600,'2',1022,,31289,70,,,1,101,,31290,70,,,1,99,,31291,70,,,1,96,,31292,70,,,1,99,,31293,70,,,1,99,,31294,70,,,1,99,,31295,70,,,1,99,,31296,70,,,1,94,,31297,70,,,1,97,,31298,70,,,1,47,,31299,70,,,1,83,,31300,70,,,1,97,,31301,70,,,1
9600,'3',1113,,31302,70,,,1,94,,31303,70,,,1,94,,31304,70,,,1,54,,31305,70,,,1,94,,31306,70,,,1,94,,31307,70,,,1,94,,31308,70,,,1,94,,31309,70,,,1,91,,31310,70,,,1,94,,31311,70,,,1,94,,31312,70,,,1,91,,31313,70,,,1
9600,'74',1022,,31314,70,,,1,101,,31315,70,,,1,99,,31316,70,,,1,96,,31317,70,,,1,99,,31318,70,,,1,99,,31319,70,,,1,99,,31320,70,,,1,99,,31321,70,,,1,94,,31322,70,,,1,97,,31323,70,,,1,47,,31324,70,,,1,83,,31325,70,,,1,97,,31326,70,,,1
9600,'80',1113,,31327,70,,,1,94,,31328,70,,,1,94,,31329,70,,,1,54,,31330,70,,,1,94,,31331,70,,,1,94,,31332,70,,,1,94,,31333,70,,,1,94,,31334,70,,,1,91,,31335,70,,,1,94,,31336,70,,,1,94,,31337,70,,,1,91,,31338,70,,,1
9800,'1',619,,31445,26,,,1,35,,31444,26,,,1,73,,31443,26,,,1,75,,31442,26,,,1,35,,31441,26,,,1,75,,31440,26,,,1,98,,31436,26,,,1,98,,31433,26,,,1,95,,31438,26,,,1,98,,31437,26,,,1,40,,31425,26,,,1,78,,31435,26,,,1,40,,31434,26,,,1,80,,31432,26,,,1,80,,31431,26,,,1,40,,31430,26,,,1,85,,31429,26,,,1,80,,31428,26,,,1,94,,31427,26,,,1,91,,31426,26,,,1,49,,31439,26,,,1
9800,'2',618,,31463,26,,,1,86,,31462,26,,,1,44,,31461,26,,,1,94,,31460,26,,,1,93,,31459,26,,,1,90,,31458,26,,,1,94,,31457,26,,,1,98,,31456,26,,,1,98,,31455,26,,,1,96,,31454,26,,,1,98,,31453,26,,,1,98,,31452,26,,,1,100,,31451,26,,,1,102,,31450,26,,,1,49,,31449,26,,,1,93,,31448,26,,,1,89,,31447,26,,,1,85,,31446,26,,,1
9800,'3',803,,31479,26,,,1,48,,31478,26,,,1,88,,31477,26,,,1,91,,31476,26,,,1,93,,31475,26,,,1,90,,31474,26,,,1,93,,31473,26,,,1,53,,31472,26,,,1,93,,31471,26,,,1,93,,31470,26,,,1,93,,31469,26,,,1,97,,31468,26,,,1,88,,31467,26,,,1,91,,31466,26,,,1,87,,31465,26,,,1,48,,31464,26,,,1
9800,'74',618,,31497,26,,,1,86,,31496,26,,,1,44,,31495,26,,,1,94,,31494,26,,,1,93,,31493,26,,,1,90,,31492,26,,,1,94,,31491,26,,,1,98,,31490,26,,,1,98,,31489,26,,,1,96,,31488,26,,,1,98,,31487,26,,,1,98,,31486,26,,,1,100,,31485,26,,,1,102,,31484,26,,,1,49,,31483,26,,,1,93,,31482,26,,,1,89,,31481,26,,,1,85,,31480,26,,,1
9800,'80',803,,31513,26,,,1,48,,31512,26,,,1,88,,31511,26,,,1,91,,31510,26,,,1,93,,31509,26,,,1,90,,31508,26,,,1,93,,31507,26,,,1,53,,31506,26,,,1,93,,31505,26,,,1,93,,31504,26,,,1,93,,31503,26,,,1,97,,31502,26,,,1,88,,31501,26,,,1,91,,31500,26,,,1,87,,31499,26,,,1,48,,31498,26,,,1
989900,'1',2123,,36830,69,,,1,34,,36831,69,,,1,78,,36832,69,,,1,78,,36833,69,,,1,35,,36834,69,,,1,71,,36835,69,,,1,35,,36836,69,,,1,75,,36837,69,,,1,76,,36838,69,0,5 6,1,35,,36839,69,0,5 6,1,79,,36840,69,0,5 6,1
989900,'2',2127,,36841,69,,,1,94,,36842,69,,,1,86,,36843,69,,,1,52,,36844,69,,,1,86,,36845,69,,,1,86,,36846,69,,,1,84,,36847,69,0,5 6,1,86,,36848,69,0,5 6,1,46,,36849,69,0,5 6,1
989900,'3',2143,,36850,69,,,1,90,,36851,69,,,1,85,,36852,69,,,1,90,,36853,69,,,1,40,,36854,69,,,1,83,,36855,69,,,1,79,,36856,69,0,5 6,1,43,,36857,69,0,5 6,1,83,,36858,69,0,5 6,1
989900,'74',2127,,36859,69,,,1,94,,36860,69,,,1,86,,36861,69,,,1,52,,36862,69,,,1,86,,36863,69,,,1,86,,36864,69,,,1,84,,36865,69,0,5 6,1,86,,36866,69,0,5 6,1,46,,36867,69,0,5 6,1
989900,'80',2143,,36868,69,,,1,90,,36869,69,,,1,85,,36870,69,,,1,90,,36871,69,,,1,40,,36872,69,,,1,83,,36873,69,,,1,79,,36874,69,0,5 6,1,43,,36875,69,0,5 6,1,83,,36876,69,0,5 6,1
