9600,'1',715,,18524,89,,,1,87,,18523,89,,,1,31,,18522,89,,,1,77,,18521,89,,,1,27,,18520,89,,,1,73,,18517,89,,,1,34,,18518,89,,,1,70,,18519,89,,,1,32,,18532,89,,,1,69,,18531,85,,,1,39,,18525,85,,,1,79,,18526,85,,,1,79,,18527,85,,,1,47,,18528,85,,,1,65,,18529,85,,,1,91,,18530,89,,,1,43,,18538,89,,,1,67,,18537,89,,,1,32,,18536,89,,,1,61,,18533,89,,,1,27,,18534,89,,,1,61,,18535,89,,,1,27,,18541,89,,,1,18,,18542,89,,,1,52,,18552,89,,,1,11,,18540,89,,,1,25,,18539,89,,,1,70,,18549,85,,,1,30,,18548,85,,,1,15,,18551,85,,,1,51,,18543,85,,,1,30,,18544,85,,,1,69,,18545,85,,,1,28,,18546,85,,,1,70,,18547,85,,,1,17,,18550,85,,,1
9600,'2',1036,,18553,85,,,1,103,,18554,85,,,1,99,,18555,85,,,1,95,,18556,85,,,1,99,,18557,85,,,1,99,,18558,85,,,1,98,,18559,85,,,1,99,,18560,85,,,1,93,,18561,85,,,1,97,,18562,85,,,1,87,,18563,85,,,1,41,,18564,85,,,1,97,,18565,85,,,1
9600,'3',1126,,18566,85,,,1,94,,18567,85,,,1,94,,18568,85,,,1,94,,18569,85,,,1,94,,18570,85,,,1,54,,18571,85,,,1,94,,18572,85,,,1,94,,18573,85,,,1,91,,18574,85,,,1,94,,18575,85,,,1,94,,18576,85,,,1,89,,18577,85,,,1
9600,'80',1126,,18578,85,,,1,94,,18579,85,,,1,94,,18580,85,,,1,94,,18581,85,,,1,94,,18582,85,,,1,54,,18583,85,,,1,94,,18584,85,,,1,94,,18585,85,,,1,91,,18586,85,,,1,94,,18587,85,,,1,94,,18588,85,,,1,89,,18589,85,,,1
9800,'1',630,,18683,41,,,1,75,,18682,41,,,1,34,,18681,41,,,1,75,,18680,41,,,1,35,,18679,41,,,1,75,,18678,41,,,1,98,,18674,41,,,1,98,,18671,41,,,1,96,,18676,41,,,1,98,,18675,41,,,1,40,,18663,41,,,1,79,,18673,41,,,1,80,,18672,41,,,1,40,,18670,41,,,1,80,,18669,41,,,1,80,,18668,41,,,1,44,,18667,41,,,1,80,,18666,41,,,1,92,,18665,41,,,1,91,,18664,41,,,1,88,,18677,41,,,1
9800,'2',628,,18701,41,,,1,86,,18700,41,,,1,45,,18699,41,,,1,94,,18698,41,,,1,93,,18697,41,,,1,92,,18696,41,,,1,94,,18695,41,,,1,98,,18694,41,,,1,98,,18693,41,,,1,97,,18692,41,,,1,98,,18691,41,,,1,98,,18690,41,,,1,99,,18689,41,,,1,100,,18688,41,,,1,89,,18687,41,,,1,92,,18686,41,,,1,49,,18685,41,,,1,85,,18684,41,,,1
9800,'3',812,,18717,41,,,1,88,,18716,41,,,1,48,,18715,41,,,1,93,,18714,41,,,1,93,,18713,41,,,1,90,,18712,41,,,1,93,,18711,41,,,1,93,,18710,41,,,1,93,,18709,41,,,1,53,,18708,41,,,1,93,,18707,41,,,1,96,,18706,41,,,1,88,,18705,41,,,1,90,,18704,41,,,1,87,,18703,41,,,1,48,,18702,41,,,1
9800,'80',812,,18733,41,,,1,88,,18732,41,,,1,48,,18731,41,,,1,93,,18730,41,,,1,93,,18729,41,,,1,90,,18728,41,,,1,93,,18727,41,,,1,93,,18726,41,,,1,93,,18725,41,,,1,53,,18724,41,,,1,93,,18723,41,,,1,96,,18722,41,,,1,88,,18721,41,,,1,90,,18720,41,,,1,87,,18719,41,,,1,48,,18718,41,,,1
989900,'1',2133,,22653,84,,,1,73,,22654,84,,,1,38,,22655,84,,,1,78,,22656,84,,,1,35,,22657,84,,,1,72,,22658,84,,,1,75,,22659,84,,,1,35,,22660,84,,,1,74,,22661,84,0,5 6,1,35,,22662,84,0,5 6,1,79,,22663,84,0,5 6,1
989900,'2',2138,,22664,84,,,1,94,,22665,84,,,1,85,,22666,84,,,1,91,,22667,84,,,1,46,,22668,84,,,1,86,,22669,84,,,1,82,,22670,84,0,5 6,1,86,,22671,84,0,5 6,1,46,,22672,84,0,5 6,1
989900,'3',2152,,22673,84,,,1,90,,22674,84,,,1,85,,22675,84,,,1,90,,22676,84,,,1,40,,22677,84,,,1,83,,22678,84,,,1,78,,22679,84,0,5 6,1,83,,22680,84,0,5 6,1,43,,22681,84,0,5 6,1
989900,'80',2152,,22682,84,,,1,90,,22683,84,,,1,85,,22684,84,,,1,90,,22685,84,,,1,40,,22686,84,,,1,83,,22687,84,,,1,78,,22688,84,0,5 6,1,83,,22689,84,0,5 6,1,43,,22690,84,0,5 6,1
