9901,'1',415,,31722,25,,,1,41,,31723,25,,,1,80,,31724,25,,,1,82,,31725,25,,,1,39,,31726,25,,,1,75,,31727,25,,,1,70,,31728,25,,,1,43,,31729,25,,,1,74,,31730,25,,,1,35,,31731,25,,,1,94,,31732,25,,,1,98,,31733,25,,,1,94,,31734,25,,,1,94,,31735,25,,,1,100,,31736,25,,,1,66,,31737,25,,,1,30,,31738,25,,,1,70,,31739,25,,,1,30,,31740,25,,,1,70,,31741,25,,,1,30,,31742,25,,,1,70,,31743,25,,,1,28,,31744,25,,,1,30,,31745,25,,,1,66,,31746,25,,,1,30,,31747,25,,,1,70,,31748,25,,,1,25,,31749,25,,,1,71,,31750,25,,,1,85,,31751,25,,,1
9901,'2',537,,31752,25,,,1,77,,31753,25,,,1,37,,31754,25,,,1,77,,31755,25,,,1,87,,31756,25,,,1,91,,31757,25,,,1,48,,31758,25,,,1,87,,31759,25,,,1,102,,31760,25,,,1,97,,31761,25,,,1,95,,31762,25,,,1,95,,31763,25,,,1,95,,31764,25,,,1,95,,31765,25,,,1,92,,31766,25,,,1,94,,31767,25,,,1,95,,31768,25,,,1,51,,31769,25,,,1,85,,31770,25,,,1,85,,31771,25,,,1
9901,'3',541,,31772,25,,,1,81,,31773,25,,,1,78,,31774,25,,,1,38,,31775,25,,,1,78,,31776,25,,,1,92,,31777,25,,,1,49,,31778,25,,,1,89,,31779,25,,,1,89,,31780,25,,,1,93,,31781,25,,,1,89,,31782,25,,,1,89,,31783,25,,,1,49,,31784,25,,,1,89,,31785,25,,,1,89,,31786,25,,,1,89,,31787,25,,,1,85,,31788,25,,,1,49,,31789,25,,,1,89,,31790,25,,,1,86,,31791,25,,,1,89,,31792,25,,,1,39,,31793,25,,,1
9901,'74',537,,31794,25,,,1,77,,31795,25,,,1,37,,31796,25,,,1,77,,31797,25,,,1,87,,31798,25,,,1,91,,31799,25,,,1,48,,31800,25,,,1,87,,31801,25,,,1,102,,31802,25,,,1,97,,31803,25,,,1,95,,31804,25,,,1,95,,31805,25,,,1,95,,31806,25,,,1,95,,31807,25,,,1,92,,31808,25,,,1,94,,31809,25,,,1,95,,31810,25,,,1,51,,31811,25,,,1,85,,31812,25,,,1,85,,31813,25,,,1
9901,'80',541,,31814,25,,,1,81,,31815,25,,,1,78,,31816,25,,,1,38,,31817,25,,,1,78,,31818,25,,,1,92,,31819,25,,,1,49,,31820,25,,,1,89,,31821,25,,,1,89,,31822,25,,,1,93,,31823,25,,,1,89,,31824,25,,,1,89,,31825,25,,,1,49,,31826,25,,,1,89,,31827,25,,,1,89,,31828,25,,,1,89,,31829,25,,,1,85,,31830,25,,,1,49,,31831,25,,,1,89,,31832,25,,,1,86,,31833,25,,,1,89,,31834,25,,,1,39,,31835,25,,,1
910200,'1',548,,36813,1,,,1,85,,36814,1,,,1,85,,36815,1,,,1,85,,36819,1,,,1,717,,36812,1,,,1,85,,36820,1,,,1,45,,36816,1,,,1,85,,36817,1,,,1,85,,36818,1,,,1
910201,'1',710,,36824,54,4,,1,47,,36825,54,4,,1,91,,36826,54,4,,1,81,,36827,54,4,,1,716,,36829,31,4,,1,86,,36821,31,4,,1,85,,36822,31,4,,1,43,,36823,31,4,,1,85,,36828,31,4,,1
989901,'1',2240,,36877,80,,,1,70,,36878,80,,,1,38,,36879,80,,,1,75,,36880,80,,,1,35,,36881,80,,,1,70,,36882,80,,,1,75,,36883,80,,,1,35,,36884,80,,,1
989901,'2',2248,,36885,80,,,1,88,,36886,80,,,1,81,,36887,80,,,1,91,,36890,80,,,1,45,,36888,80,,,1,86,,36889,80,,,1
989901,'3',2257,,36891,80,,,1,87,,36892,80,,,1,83,,36893,80,,,1,86,,36894,80,,,1,39,,36895,80,,,1,83,,36896,80,,,1
989901,'74',2248,,36897,80,,,1,88,,36898,80,,,1,81,,36899,80,,,1,91,,36902,80,,,1,45,,36900,80,,,1,86,,36901,80,,,1
989901,'80',2257,,36903,80,,,1,87,,36904,80,,,1,83,,36905,80,,,1,86,,36906,80,,,1,39,,36907,80,,,1,83,,36908,80,,,1
