9900,'1',351,,31638,18,,,1,80,,31639,18,,,1,72,,31612,38,,,1,42,,31613,38,,,1,80,,31614,38,,,1,85,,31615,38,,,1,96,,31616,38,,,1,35,,31617,38,,,1,77,,31618,38,,,1,32,,31619,38,,,1,75,,31620,38,,,1,75,,31621,38,,,1,59,,31622,38,,,1,94,,31623,38,,,1,94,,31624,38,,,1,94,,31625,38,,,1,76,,31637,38,,,1,31,,31636,38,,,1,69,,31626,38,,,1,30,,31627,38,,,1,70,,31628,38,,,1,30,,31629,38,,,1,70,,31630,38,,,1,25,,31631,38,,,1,70,,31632,38,,,1,24,,31633,38,,,1,70,,31634,38,,,1,27,,31635,38,,,1
9900,'2',511,,31658,18,,,1,37,,31659,18,,,1,74,,31640,38,,,1,79,,31641,38,,,1,38,,31655,38,,,1,92,,31654,38,,,1,87,,31642,38,,,1,87,,31643,38,,,1,47,,31644,38,,,1,89,,31645,38,,,1,108,,31646,38,,,1,95,,31647,38,,,1,95,,31648,38,,,1,98,,31649,38,,,1,95,,31650,38,,,1,91,,31651,38,,,1,95,,31652,38,,,1,95,,31653,38,,,1,46,,31657,38,,,1,90,,31656,38,,,1
9900,'3',513,,31678,18,,,1,38,,31679,18,,,1,81,,31660,38,,,1,78,,31661,38,,,1,38,,31662,38,,,1,78,,31663,38,,,1,94,,31680,38,,,1,89,,31664,38,,,1,49,,31665,38,,,1,89,,31666,38,,,1,93,,31667,38,,,1,89,,31668,38,,,1,89,,31669,38,,,1,89,,31670,38,,,1,49,,31671,38,,,1,89,,31672,38,,,1,89,,31673,38,,,1,87,,31674,38,,,1,89,,31675,38,,,1,49,,31676,38,,,1,80,,31677,38,,,1
9900,'74',511,,31699,18,,,1,37,,31700,18,,,1,74,,31681,38,,,1,79,,31682,38,,,1,38,,31696,38,,,1,92,,31695,38,,,1,87,,31683,38,,,1,87,,31684,38,,,1,47,,31685,38,,,1,89,,31686,38,,,1,108,,31687,38,,,1,95,,31688,38,,,1,95,,31689,38,,,1,98,,31690,38,,,1,95,,31691,38,,,1,91,,31692,38,,,1,95,,31693,38,,,1,95,,31694,38,,,1,46,,31698,38,,,1,90,,31697,38,,,1
9900,'80',513,,31719,18,,,1,38,,31720,18,,,1,81,,31701,38,,,1,78,,31702,38,,,1,38,,31703,38,,,1,78,,31704,38,,,1,94,,31721,38,,,1,89,,31705,38,,,1,49,,31706,38,,,1,89,,31707,38,,,1,93,,31708,38,,,1,89,,31709,38,,,1,89,,31710,38,,,1,89,,31711,38,,,1,49,,31712,38,,,1,89,,31713,38,,,1,89,,31714,38,,,1,87,,31715,38,,,1,89,,31716,38,,,1,49,,31717,38,,,1,80,,31718,38,,,1
989900,'1',2104,,36830,38,,,1,34,,36831,38,,,1,78,,36832,38,,,1,38,,36833,38,,,1,75,,36834,38,,,1,73,,36835,38,,,1,35,,36836,38,,,1,75,,36837,38,,,1,35,,36838,38,0,5 6,1,75,,36839,38,0,5 6,1,80,,36840,38,0,5 6,1
989900,'2',2108,,36841,38,,,1,94,,36842,38,,,1,47,,36843,38,,,1,93,,36844,38,,,1,86,,36845,38,,,1,86,,36846,38,,,1,45,,36847,38,0,5 6,1,86,,36848,38,0,5 6,1,86,,36849,38,0,5 6,1
989900,'3',2125,,36850,38,,,1,90,,36851,38,,,1,86,,36852,38,,,1,50,,36853,38,,,1,81,,36854,38,,,1,83,,36855,38,,,1,40,,36856,38,0,5 6,1,83,,36857,38,0,5 6,1,83,,36858,38,0,5 6,1
989900,'74',2108,,36859,38,,,1,94,,36860,38,,,1,47,,36861,38,,,1,93,,36862,38,,,1,86,,36863,38,,,1,86,,36864,38,,,1,45,,36865,38,0,5 6,1,86,,36866,38,0,5 6,1,86,,36867,38,0,5 6,1
989900,'80',2125,,36868,38,,,1,90,,36869,38,,,1,86,,36870,38,,,1,50,,36871,38,,,1,81,,36872,38,,,1,83,,36873,38,,,1,40,,36874,38,0,5 6,1,83,,36875,38,0,5 6,1,83,,36876,38,0,5 6,1
