200,'1',539,,12713,3,0,12 13,1,61,,12712,3,0,12 13,1,21,,12711,3,0,12 13,1,21,,12710,3,0,12 13,1,61,,12703,3,0,12 13,1,21,,12704,3,0,12 13,1,22,,12705,3,0,12 13,1,61,,12706,3,0,12 13,1,21,,12707,3,0,12 13,1,20,,12708,3,0,12 13,1,61,,12709,3,0,12 13,1,21,,12714,3,0,12 13,1,77,,12722,3,0,12 13,1,35,,12715,3,0,12 13,1,76,,12716,3,0,12 13,1,35,,12717,3,0,12 13,1,75,,12718,3,0,12 13,1,75,,12719,3,0,12 13,1,35,,12720,3,0,12 13,1,72,,12721,3,0,12 13,1,34,,12735,3,0,12 13,1,63,,12734,3,0,12 13,1,23,,12733,3,0,12 13,1,23,,12723,3,0,12 13,1,63,,12724,3,0,12 13,1,23,,12725,3,0,12 13,1,18,,12726,3,0,12 13,1,68,,12727,3,0,12 13,1,23,,12728,3,0,12 13,1,62,,12729,3,0,12 13,1,23,,12730,3,0,12 13,1,24,,12731,3,0,12 13,1,63,,12732,3,0,12 13,1,90,,12741,3,0,12 13,1,39,,12736,3,0,12 13,1,80,,12737,3,0,12 13,1,80,,12738,3,0,12 13,1,40,,12739,3,0,12 13,1,80,,12740,3,0,12 13,1
200,'2',758,,12770,3,,,1,80,,12769,3,,,1,80,,12745,3,,,1,40,,12746,3,,,1,80,,12747,3,,,1,80,,12748,3,,,1,40,,12749,3,,,1,80,,12750,3,,,1,80,,12751,3,,,1,40,,12752,3,,,1,80,,12753,3,,,1,80,,12754,3,,,1,40,,12755,3,,,1,80,,12756,3,,,1,80,,12757,3,,,1,40,,12758,3,,,1,80,,12759,3,,,1,80,,12760,3,,,1,40,,12761,3,,,1,80,,12762,3,,,1,80,,12763,3,,,1,32,,12768,3,,,1,73,,12767,3,,,1,33,,12764,3,,,1,73,,12765,3,,,1,73,,12766,3,,,1
200,'3',846,,12771,3,,,1,157,,12772,3,,,1,117,,12773,3,,,1,117,,12774,3,,,1,117,,12775,3,,,1,157,,12776,3,,,1,117,,12777,3,,,1,117,,12778,3,,,1,157,,12779,3,,,1,117,,12780,3,,,1,108,,12781,3,,,1,108,,12782,3,,,1,108,,12783,3,,,1
200,'80',846,,12784,3,,,1,157,,12785,3,,,1,117,,12786,3,,,1,117,,12787,3,,,1,117,,12788,3,,,1,157,,12789,3,,,1,117,,12790,3,,,1,117,,12791,3,,,1,157,,12792,3,,,1,117,,12793,3,,,1,108,,12794,3,,,1,108,,12795,3,,,1,108,,12796,3,,,1
501,'1',549,,13508,3,,,1,62,,13507,3,,,1,22,,13506,3,,,1,22,,13505,3,,,1,62,,13504,3,,,1,22,,13503,3,,,1,62,,13502,3,,,1,22,,13501,3,,,1,22,,13500,3,,,1,62,,13499,3,,,1,41,,13488,3,,,1,72,,13498,3,,,1,32,,13497,3,,,1,72,,13496,3,,,1,32,,13495,3,,,1,72,,13494,3,,,1,72,,13493,3,,,1,32,,13492,3,,,1,72,,13491,3,,,1,37,,13490,3,,,1,67,,13489,3,,,1,27,,13487,3,,,1,23,,13486,3,,,1,63,,13485,3,,,1,23,,13484,3,,,1,62,,13510,3,,,1,23,,13523,3,,,1,23,,13522,3,,,1,63,,13521,3,,,1,26,,13520,3,,,1,63,,13519,3,,,1,23,,13518,3,,,1,23,,13517,3,,,1,59,,13516,3,,,1,28,,13515,3,,,1,68,,13514,3,,,1,28,,13513,3,,,1,26,,13512,3,,,1,70,,13511,3,,,1,21,,13509,3,,,1
501,'2',651,,13540,3,,,1,68,,13541,3,,,1,28,,13542,3,,,1,68,,13543,3,,,1,28,,13544,3,,,1,68,,13550,3,,,1,28,,13545,3,,,1,68,,13546,3,,,1,28,,13547,3,,,1,68,,13548,3,,,1,28,,13549,3,,,1,28,,13524,3,,,1,68,,13525,3,,,1,28,,13526,3,,,1,69,,13527,3,,,1,29,,13528,3,,,1,69,,13529,3,,,1,29,,13530,3,,,1,69,,13531,3,,,1,29,,13532,3,,,1,69,,13533,3,,,1,29,,13534,3,,,1,69,,13535,3,,,1,29,,13551,3,,,1,67,,13536,3,,,1,27,,13537,3,,,1,67,,13538,3,,,1,26,,13539,3,,,1
2300,'1',628,,15517,3,,,1,106,,15516,3,,,1,106,,15515,3,,,1,763,,15514,3,,,1,50,,15513,3,,,1,90,,15512,3,,,1,90,,15520,3,,,1,90,,15519,3,,,1
7701,'1',431,,16783,3,,,1,17,,16784,3,,,1,53,,16785,3,,,1,15,,16786,3,,,1,15,,16787,3,,,1,15,,16788,3,,,1,55,,16789,3,,,1,16,,16790,3,,,1,16,,16791,3,,,1,16,,16792,3,,,1,57,,16793,3,,,1,16,,16794,3,,,1,16,,16795,3,,,1,16,,16796,3,,,1,56,,16797,3,,,1,16,,16798,3,,,1,16,,16799,3,,,1,16,,16800,3,,,1,56,,16801,3,,,1,16,,16802,3,,,1,16,,16803,3,,,1,56,,16804,3,,,1,30,,16805,3,,,1,70,,16806,3,,,1,30,,16807,3,,,1,70,,16808,3,,,1,30,,16809,3,,,1,70,,16810,3,,,1,30,,16811,3,,,1,70,,16812,3,,,1,19,,16813,3,,,1,19,,16814,3,,,1,19,,16815,3,,,1,59,,16816,3,,,1,19,,16817,3,,,1,19,,16818,3,,,1,59,,16819,3,,,1,19,,16820,3,,,1,19,,16821,3,,,1,59,,16822,3,,,1,19,,16823,3,,,1,19,,16824,3,,,1,59,,16825,3,,,1,19,,16826,3,,,1,19,,16827,3,,,1,58,,16828,3,,,1,19,,16829,3,,,1,19,,16830,3,,,1,67,,16831,3,,,1,27,,16832,3,,,1,67,,16833,3,,,1,27,,16834,3,,,1,27,,16835,3,,,1,73,,16836,3,,,1,73,,16837,3,,,1,33,,16838,3,,,1,73,,16839,3,,,1,33,,16840,3,,,1,73,,16841,3,,,1,33,,16842,3,,,1,75,,16843,3,,,1
7701,'2',512,,16852,3,,,1,35,,16853,3,,,1,75,,16854,3,,,1,35,,16855,3,,,1,75,,16856,3,,,1,75,,16857,3,,,1,35,,16858,3,,,1,75,,16859,3,,,1,86,,16860,3,,,1,42,,16861,3,,,1,81,,16862,3,,,1,81,,16863,3,,,1,41,,16864,3,,,1,81,,16865,3,,,1,81,,16866,3,,,1,42,,16885,3,,,1,73,,16867,3,,,1,33,,16868,3,,,1,73,,16869,3,,,1,73,,16870,3,,,1,32,,16871,3,,,1,73,,16872,3,,,1,30,,16873,3,,,1,70,,16874,3,,,1,30,,16875,3,,,1,70,,16876,3,,,1,30,,16877,3,,,1,70,,16878,3,,,1,30,,16879,3,,,1,70,,16880,3,,,1,30,,16881,3,,,1,70,,16882,3,,,1,30,,16883,3,,,1,76,,16884,3,,,1,36,,16886,3,,,1,70,,16887,3,,,1,33,,16888,3,,,1,73,,16889,3,,,1
7701,'3',911,,16890,3,,,1,92,,16891,3,,,1,52,,16892,3,,,1,93,,16893,3,,,1,92,,16894,3,,,1,92,,16895,3,,,1,92,,16896,3,,,1,91,,16897,3,,,1,92,,16898,3,,,1,52,,16899,3,,,1,93,,16900,3,,,1,92,,16901,3,,,1,92,,16902,3,,,1,86,,16903,3,,,1,89,,16908,3,,,1,44,,16904,3,,,1,88,,16905,3,,,1,88,,16906,3,,,1,83,,16907,3,,,1,87,,16911,3,,,1,40,,16909,3,,,1,80,,16910,3,,,1
7701,'80',911,,16915,3,,,1,92,,16916,3,,,1,52,,16917,3,,,1,93,,16918,3,,,1,92,,16919,3,,,1,92,,16920,3,,,1,92,,16921,3,,,1,91,,16922,3,,,1,92,,16923,3,,,1,52,,16924,3,,,1,93,,16925,3,,,1,92,,16926,3,,,1,92,,16927,3,,,1,86,,16928,3,,,1,89,,16933,3,,,1,44,,16929,3,,,1,88,,16930,3,,,1,88,,16931,3,,,1,83,,16932,3,,,1,87,,16936,3,,,1,40,,16934,3,,,1,80,,16935,3,,,1
8800,'1',546,,17589,3,,,1,55,,17590,3,,,1,15,,17591,3,,,1,15,,17592,3,,,1,15,,17593,3,,,1,55,,17594,3,,,1,11,,17595,3,,,1,18,,17596,3,,,1,7,,17648,3,,,1,7,,17597,3,,,1,14,,17598,3,,,1,54,,17599,3,,,1,14,,17600,3,,,1,14,,17601,3,,,1,14,,17602,3,,,1,53,,17603,3,,,1,14,,17604,3,,,1,14,,17605,3,,,1,14,,17606,3,,,1,54,,17607,3,,,1,14,,17608,3,,,1,14,,17609,3,,,1,70,,17610,3,,,1,30,,17611,3,,,1,70,,17612,3,,,1,31,,17613,3,,,1,70,,17614,3,,,1,40,,17615,3,,,1,10,,17616,3,,,1,70,,17617,3,,,1,15,,17618,3,,,1,15,,17619,3,,,1,56,,17620,3,,,1,15,,17621,3,,,1,15,,17622,3,,,1,15,,17623,3,,,1,57,,17624,3,,,1,13,,17625,3,,,1,15,,17626,3,,,1,15,,17627,3,,,1,55,,17628,3,,,1,15,,17629,3,,,1,14,,17630,3,,,1,15,,17631,3,,,1,55,,17632,3,,,1,14,,17633,3,,,1,14,,17634,3,,,1,14,,17635,3,,,1,54,,17636,3,,,1,14,,17637,3,,,1,14,,17638,3,,,1,14,,17639,3,,,1,14,,17640,3,,,1,81,,17641,3,,,1,80,,17642,3,,,1,81,,17643,3,,,1,41,,17644,3,,,1,72,,17649,3,,,1
8800,'2',646,,17650,3,,,1,69,,17651,3,,,1,35,,17657,3,,,1,74,,17656,3,,,1,34,,17652,3,,,1,72,,17653,3,,,1,77,,17654,3,,,1,34,,17655,3,,,1,79,,17673,3,,,1,29,,17658,3,,,1,69,,17659,3,,,1,29,,17660,3,,,1,69,,17661,3,,,1,29,,17662,3,,,1,69,,17663,3,,,1,29,,17664,3,,,1,69,,17665,3,,,1,29,,17666,3,,,1,69,,17667,3,,,1,29,,17668,3,,,1,69,,17669,3,,,1,29,,17670,3,,,1,69,,17671,3,,,1,29,,17672,3,,,1,65,,17683,3,,,1,26,,17682,3,,,1,27,,17681,3,,,1,64,,17674,3,,,1,27,,17675,3,,,1,65,,17676,3,,,1,26,,17677,3,,,1,66,,17678,3,,,1,26,,17679,3,,,1,26,,17680,3,,,1
8800,'3',815,,17690,3,,,1,31,,17688,3,,,1,71,,17689,3,,,1,37,,17695,3,,,1,75,,17694,3,,,1,75,,17691,3,,,1,35,,17692,3,,,1,75,,17693,3,,,1,35,,17706,3,,,1,69,,17696,3,,,1,30,,17697,3,,,1,69,,17698,3,,,1,29,,17699,3,,,1,69,,17700,3,,,1,29,,17701,3,,,1,69,,17702,3,,,1,29,,17703,3,,,1,68,,17704,3,,,1,27,,17705,3,,,1,69,,17712,3,,,1,26,,17711,3,,,1,23,,17710,3,,,1,65,,17707,3,,,1,25,,17708,3,,,1,65,,17709,3,,,1,25,,17716,3,,,1,65,,17717,3,,,1,25,,17718,3,,,1
8800,'80',815,,17721,3,,,1,31,,17719,3,,,1,71,,17720,3,,,1,37,,17726,3,,,1,75,,17725,3,,,1,75,,17722,3,,,1,35,,17723,3,,,1,75,,17724,3,,,1,35,,17737,3,,,1,69,,17727,3,,,1,30,,17728,3,,,1,69,,17729,3,,,1,29,,17730,3,,,1,69,,17731,3,,,1,29,,17732,3,,,1,69,,17733,3,,,1,29,,17734,3,,,1,68,,17735,3,,,1,27,,17736,3,,,1,69,,17746,3,,,1,26,,17745,3,,,1,23,,17744,3,,,1,65,,17738,3,,,1,25,,17739,3,,,1,65,,17740,3,,,1,25,,17741,3,,,1,65,,17742,3,,,1,25,,17743,3,,,1
9100,'1',547,,18167,3,,,1,11,,18168,3,,,1,51,,18169,3,,,1,11,,18170,3,,,1,11,,18171,3,,,1,11,,18179,3,,,1,11,,18180,3,,,1,52,,18181,3,,,1,12,,18182,3,,,1,12,,18183,3,,,1,12,,18184,3,,,1,12,,18185,3,,,1,52,,18186,3,,,1,12,,18187,3,,,1,12,,18188,3,,,1,12,,18189,3,,,1,12,,18190,3,,,1,52,,18191,3,,,1,12,,18192,3,,,1,12,,18193,3,,,1,12,,18194,3,,,1,12,,18195,3,,,1,65,,18196,3,,,1,25,,18197,3,,,1,65,,18198,3,,,1,25,,18199,3,,,1,25,,18200,3,,,1,65,,18201,3,,,1,25,,18202,3,,,1,65,,18203,3,,,1,13,,18204,3,,,1,13,,18205,3,,,1,13,,18206,3,,,1,53,,18207,3,,,1,13,,18208,3,,,1,13,,18209,3,,,1,13,,18210,3,,,1,13,,18211,3,,,1,53,,18212,3,,,1,13,,18213,3,,,1,13,,18214,3,,,1,13,,18215,3,,,1,53,,18216,3,,,1,14,,18217,3,,,1,14,,18218,3,,,1,14,,18219,3,,,1,14,,18220,3,,,1,54,,18221,3,,,1,14,,18222,3,,,1,14,,18223,3,,,1,14,,18224,3,,,1,54,,18225,3,,,1,14,,18226,3,,,1,14,,18227,3,,,1,14,,18228,3,,,1,54,,18229,3,,,1,23,,18230,3,,,1,23,,18231,3,,,1,63,,18232,3,,,1,23,,18233,3,,,1,23,,18234,3,,,1,63,,18235,3,,,1,22,,18236,3,,,1,63,,18237,3,,,1,23,,18238,3,,,1,23,,18239,3,,,1,63,,18240,3,,,1,23,,18241,3,,,1,63,,18242,3,,,1,23,,18243,3,,,1,23,,18244,3,,,1
9100,'2',646,,18249,3,,,1,62,,18250,3,,,1,22,,18251,3,,,1,22,,18252,3,,,1,62,,18253,3,,,1,22,,18254,3,,,1,22,,18255,3,,,1,62,,18256,3,,,1,22,,18257,3,,,1,65,,18258,3,,,1,25,,18259,3,,,1,25,,18260,3,,,1,66,,18261,3,,,1,25,,18262,3,,,1,65,,18263,3,,,1,25,,18264,3,,,1,65,,18265,3,,,1,25,,18266,3,,,1,25,,18267,3,,,1,65,,18268,3,,,1,25,,18269,3,,,1,65,,18270,3,,,1,25,,18271,3,,,1,25,,18272,3,,,1,65,,18273,3,,,1,25,,18274,3,,,1,65,,18275,3,,,1,25,,18276,3,,,1,65,,18277,3,,,1,25,,18278,3,,,1,25,,18279,3,,,1,65,,18280,3,,,1,25,,18281,3,,,1,69,,18282,3,,,1,29,,18283,3,,,1,69,,18284,3,,,1,29,,18285,3,,,1,69,,18286,3,,,1,28,,18287,3,,,1,69,,18288,3,,,1
9100,'3',649,,18289,3,,,1,156,,18290,3,,,1,47,,18291,3,,,1,77,,18292,3,,,1,27,,18293,3,,,1,72,,18294,3,,,1,72,,18295,3,,,1,32,,18296,3,,,1,72,,18297,3,,,1,32,,18298,3,,,1,72,,18299,3,,,1,32,,18300,3,,,1,72,,18301,3,,,1,32,,18302,3,,,1,72,,18303,3,,,1,32,,18304,3,,,1,72,,18305,3,,,1,32,,18306,3,,,1,72,,18307,3,,,1,32,,18308,3,,,1,72,,18309,3,,,1,72,,18310,3,,,1,42,,18311,3,,,1,82,,18312,3,,,1,82,,18313,3,,,1,41,,18314,3,,,1,82,,18315,3,,,1,78,,18316,3,,,1,35,,18317,3,,,1,76,,18318,3,,,1
9100,'80',649,,18319,3,,,1,156,,18320,3,,,1,47,,18321,3,,,1,77,,18322,3,,,1,27,,18323,3,,,1,72,,18324,3,,,1,72,,18325,3,,,1,32,,18326,3,,,1,72,,18327,3,,,1,32,,18328,3,,,1,72,,18329,3,,,1,32,,18330,3,,,1,72,,18331,3,,,1,32,,18332,3,,,1,72,,18333,3,,,1,32,,18334,3,,,1,72,,18335,3,,,1,32,,18336,3,,,1,72,,18337,3,,,1,32,,18338,3,,,1,72,,18339,3,,,1,72,,18340,3,,,1,42,,18341,3,,,1,82,,18342,3,,,1,82,,18343,3,,,1,41,,18344,3,,,1,82,,18345,3,,,1,78,,18346,3,,,1,35,,18347,3,,,1,76,,18348,3,,,1
9900,'1',441,,18813,3,,,1,80,,18814,3,,,1,80,,18815,3,,,1,40,,18816,3,,,1,90,,18817,3,,,1,75,,18818,3,,,1,35,,18819,3,,,1,75,,18820,3,,,1,35,,18821,3,,,1,75,,18822,3,,,1,96,,18823,3,,,1,94,,18824,3,,,1,94,,18825,3,,,1,94,,18826,3,,,1,28,,18838,3,,,1,71,,18837,3,,,1,29,,18827,3,,,1,70,,18828,3,,,1,30,,18829,3,,,1,70,,18830,3,,,1,30,,18831,3,,,1,70,,18832,3,,,1,30,,18833,3,,,1,70,,18834,3,,,1,30,,18835,3,,,1,70,,18836,3,,,1
9900,'2',559,,18841,3,,,1,78,,18842,3,,,1,78,,18856,3,,,1,87,,18855,3,,,1,47,,18843,3,,,1,87,,18844,3,,,1,87,,18845,3,,,1,87,,18846,3,,,1,104,,18847,3,,,1,95,,18848,3,,,1,95,,18849,3,,,1,55,,18850,3,,,1,95,,18851,3,,,1,95,,18852,3,,,1,95,,18853,3,,,1,95,,18854,3,,,1,89,,18858,3,,,1,90,,18857,3,,,1
9900,'3',606,,18861,3,,,1,38,,18862,3,,,1,78,,18863,3,,,1,78,,18864,3,,,1,50,,18881,3,,,1,89,,18865,3,,,1,89,,18866,3,,,1,89,,18867,3,,,1,89,,18868,3,,,1,49,,18869,3,,,1,89,,18870,3,,,1,89,,18871,3,,,1,89,,18872,3,,,1,89,,18873,3,,,1,89,,18874,3,,,1,49,,18875,3,,,1,89,,18876,3,,,1,89,,18877,3,,,1,88,,18878,3,,,1
9900,'80',606,,18882,3,,,1,38,,18883,3,,,1,78,,18884,3,,,1,78,,18885,3,,,1,50,,18902,3,,,1,89,,18886,3,,,1,89,,18887,3,,,1,89,,18888,3,,,1,89,,18889,3,,,1,49,,18890,3,,,1,89,,18891,3,,,1,89,,18892,3,,,1,89,,18893,3,,,1,89,,18894,3,,,1,89,,18895,3,,,1,49,,18896,3,,,1,89,,18897,3,,,1,89,,18898,3,,,1,88,,18899,3,,,1
36000,'2',831,,20438,3,,,1,28,,20439,3,,,1,68,,20440,3,,,1,28,,20441,3,,,1,68,,20442,3,,,1,28,,20443,3,,,1,69,,20444,3,,,1,28,,20445,3,,,1,68,,20446,3,,,1,28,,20447,3,,,1,68,,20448,3,,,1,27,,20449,3,,,1,68,,20450,3,,,1,29,,20451,3,,,1,68,,20452,3,,,1,28,,20453,3,,,1,68,,20454,3,,,1,29,,20455,3,,,1,30,,20456,3,,,1,70,,20457,3,,,1,71,,20458,3,,,1,29,,20459,3,,,1,30,,20460,3,,,1,70,,20461,3,,,1,30,,20462,3,,,1,70,,20463,3,,,1,30,,20464,3,,,1,70,,20465,3,,,1,30,,20466,3,,,1
36000,'80',831,,20467,3,,,1,28,,20468,3,,,1,68,,20469,3,,,1,28,,20470,3,,,1,68,,20471,3,,,1,28,,20472,3,,,1,68,,20473,3,,,1,28,,20474,3,,,1,68,,20475,3,,,1,28,,20476,3,,,1,68,,20477,3,,,1,28,,20478,3,,,1,68,,20479,3,,,1,28,,20480,3,,,1,68,,20481,3,,,1,28,,20482,3,,,1,28,,20483,3,,,1,68,,20484,3,,,1,28,,20485,3,,,1,68,,20486,3,,,1,28,,20487,3,,,1,68,,20488,3,,,1,28,,20489,3,,,1,68,,20490,3,,,1,28,,20491,3,,,1,66,,20492,3,,,1,26,,20493,3,,,1,66,,20494,3,,,1
36000,'24603.3',831,,20495,3,,,1,28,,20496,3,,,1,68,,20497,3,,,1,28,,20498,3,,,1,68,,20499,3,,,1,28,,20500,3,,,1,68,,20501,3,,,1,28,,20502,3,,,1,68,,20503,3,,,1,28,,20504,3,,,1,68,,20505,3,,,1,28,,20506,3,,,1,68,,20507,3,,,1,28,,20508,3,,,1,68,,20509,3,,,1,28,,20510,3,,,1,28,,20511,3,,,1,68,,20512,3,,,1,28,,20513,3,,,1,68,,20514,3,,,1,28,,20515,3,,,1,68,,20516,3,,,1,28,,20517,3,,,1,68,,20518,3,,,1,28,,20519,3,,,1,66,,20520,3,,,1,26,,20521,3,,,1,66,,20522,3,,,1
36000,'24604.3',2127,,20523,3,,,1,26,,20524,3,,,1,66,,20525,3,,,1
989900,'1',2036,,22653,3,,,1,78,,22654,3,,,1,38,,22655,3,,,1,78,,22656,3,,,1,75,,22657,3,,,1,34,,22658,3,,,1,75,,22659,3,,,1,35,,22660,3,,,1,75,,22661,3,0,5 6,1,35,,22662,3,0,5 6,1,82,,22663,3,0,5 6,1
989900,'2',2038,,22664,3,,,1,94,,22665,3,,,1,93,,22666,3,,,1,94,,22667,3,,,1,86,,22668,3,,,1,46,,22669,3,,,1,86,,22670,3,0,5 6,1,86,,22671,3,0,5 6,1,86,,22672,3,0,5 6,1
989900,'3',2056,,22673,3,,,1,90,,22674,3,,,1,91,,22675,3,,,1,90,,22676,3,,,1,82,,22677,3,,,1,43,,22678,3,,,1,83,,22679,3,0,5 6,1,83,,22680,3,0,5 6,1,83,,22681,3,0,5 6,1
989900,'80',2056,,22682,3,,,1,90,,22683,3,,,1,91,,22684,3,,,1,90,,22685,3,,,1,82,,22686,3,,,1,43,,22687,3,,,1,83,,22688,3,0,5 6,1,83,,22689,3,0,5 6,1,83,,22690,3,0,5 6,1
