9901,'1',410,,31722,19,,,1,41,,31723,19,,,1,80,,31724,19,,,1,81,,31725,19,,,1,38,,31726,19,,,1,75,,31727,19,,,1,29,,31728,19,,,1,83,,31729,19,,,1,75,,31730,19,,,1,35,,31731,19,,,1,94,,31732,19,,,1,98,,31733,19,,,1,94,,31734,19,,,1,94,,31735,19,,,1,100,,31736,19,,,1,25,,31737,19,,,1,70,,31738,19,,,1,30,,31739,19,,,1,70,,31740,19,,,1,30,,31741,19,,,1,70,,31742,19,,,1,30,,31743,19,,,1,69,,31744,19,,,1,30,,31745,19,,,1,66,,31746,19,,,1,30,,31747,19,,,1,70,,31748,19,,,1,25,,31749,19,,,1,72,,31750,19,,,1,45,,31751,19,,,1
9901,'2',532,,31752,19,,,1,77,,31753,19,,,1,37,,31754,19,,,1,77,,31755,19,,,1,87,,31756,19,,,1,90,,31757,19,,,1,48,,31758,19,,,1,87,,31759,19,,,1,101,,31760,19,,,1,98,,31761,19,,,1,95,,31762,19,,,1,95,,31763,19,,,1,95,,31764,19,,,1,95,,31765,19,,,1,91,,31766,19,,,1,54,,31767,19,,,1,95,,31768,19,,,1,92,,31769,19,,,1,85,,31770,19,,,1,85,,31771,19,,,1
9901,'3',536,,31772,19,,,1,80,,31773,19,,,1,38,,31774,19,,,1,78,,31775,19,,,1,78,,31776,19,,,1,92,,31777,19,,,1,49,,31778,19,,,1,89,,31779,19,,,1,89,,31780,19,,,1,92,,31781,19,,,1,89,,31782,19,,,1,49,,31783,19,,,1,89,,31784,19,,,1,89,,31785,19,,,1,89,,31786,19,,,1,89,,31787,19,,,1,85,,31788,19,,,1,49,,31789,19,,,1,89,,31790,19,,,1,87,,31791,19,,,1,89,,31792,19,,,1,39,,31793,19,,,1
9901,'74',532,,31794,19,,,1,77,,31795,19,,,1,37,,31796,19,,,1,77,,31797,19,,,1,87,,31798,19,,,1,90,,31799,19,,,1,48,,31800,19,,,1,87,,31801,19,,,1,101,,31802,19,,,1,98,,31803,19,,,1,95,,31804,19,,,1,95,,31805,19,,,1,95,,31806,19,,,1,95,,31807,19,,,1,91,,31808,19,,,1,54,,31809,19,,,1,95,,31810,19,,,1,92,,31811,19,,,1,85,,31812,19,,,1,85,,31813,19,,,1
9901,'80',536,,31814,19,,,1,80,,31815,19,,,1,38,,31816,19,,,1,78,,31817,19,,,1,78,,31818,19,,,1,92,,31819,19,,,1,49,,31820,19,,,1,89,,31821,19,,,1,89,,31822,19,,,1,92,,31823,19,,,1,89,,31824,19,,,1,49,,31825,19,,,1,89,,31826,19,,,1,89,,31827,19,,,1,89,,31828,19,,,1,89,,31829,19,,,1,85,,31830,19,,,1,49,,31831,19,,,1,89,,31832,19,,,1,87,,31833,19,,,1,89,,31834,19,,,1,39,,31835,19,,,1
989901,'1',2235,,36877,74,,,1,70,,36878,74,,,1,38,,36879,74,,,1,75,,36880,74,,,1,35,,36881,74,,,1,70,,36882,74,,,1,35,,36883,74,,,1,75,,36884,74,,,1
989901,'2',2242,,36885,74,,,1,88,,36886,74,,,1,82,,36887,74,,,1,91,,36890,74,,,1,45,,36888,74,,,1,86,,36889,74,,,1
989901,'3',2252,,36891,74,,,1,87,,36892,74,,,1,83,,36893,74,,,1,87,,36894,74,,,1,39,,36895,74,,,1,83,,36896,74,,,1
989901,'74',2242,,36897,74,,,1,88,,36898,74,,,1,82,,36899,74,,,1,91,,36902,74,,,1,45,,36900,74,,,1,86,,36901,74,,,1
989901,'80',2252,,36903,74,,,1,87,,36904,74,,,1,83,,36905,74,,,1,87,,36906,74,,,1,39,,36907,74,,,1,83,,36908,74,,,1
