9901,'1',410,,31722,20,,,1,41,,31723,20,,,1,80,,31724,20,,,1,82,,31725,20,,,1,38,,31726,20,,,1,75,,31727,20,,,1,29,,31728,20,,,1,83,,31729,20,,,1,75,,31730,20,,,1,35,,31731,20,,,1,94,,31732,20,,,1,98,,31733,20,,,1,94,,31734,20,,,1,94,,31735,20,,,1,100,,31736,20,,,1,25,,31737,20,,,1,70,,31738,20,,,1,30,,31739,20,,,1,70,,31740,20,,,1,30,,31741,20,,,1,70,,31742,20,,,1,30,,31743,20,,,1,69,,31744,20,,,1,30,,31745,20,,,1,66,,31746,20,,,1,30,,31747,20,,,1,70,,31748,20,,,1,25,,31749,20,,,1,72,,31750,20,,,1,85,,31751,20,,,1
9901,'2',532,,31752,20,,,1,77,,31753,20,,,1,37,,31754,20,,,1,77,,31755,20,,,1,87,,31756,20,,,1,91,,31757,20,,,1,48,,31758,20,,,1,87,,31759,20,,,1,101,,31760,20,,,1,98,,31761,20,,,1,95,,31762,20,,,1,95,,31763,20,,,1,95,,31764,20,,,1,95,,31765,20,,,1,91,,31766,20,,,1,94,,31767,20,,,1,55,,31768,20,,,1,92,,31769,20,,,1,85,,31770,20,,,1,85,,31771,20,,,1
9901,'3',536,,31772,20,,,1,81,,31773,20,,,1,38,,31774,20,,,1,78,,31775,20,,,1,78,,31776,20,,,1,92,,31777,20,,,1,49,,31778,20,,,1,89,,31779,20,,,1,89,,31780,20,,,1,92,,31781,20,,,1,89,,31782,20,,,1,89,,31783,20,,,1,49,,31784,20,,,1,89,,31785,20,,,1,89,,31786,20,,,1,89,,31787,20,,,1,85,,31788,20,,,1,49,,31789,20,,,1,89,,31790,20,,,1,87,,31791,20,,,1,89,,31792,20,,,1,39,,31793,20,,,1
9901,'74',532,,31794,20,,,1,77,,31795,20,,,1,37,,31796,20,,,1,77,,31797,20,,,1,87,,31798,20,,,1,91,,31799,20,,,1,48,,31800,20,,,1,87,,31801,20,,,1,101,,31802,20,,,1,98,,31803,20,,,1,95,,31804,20,,,1,95,,31805,20,,,1,95,,31806,20,,,1,95,,31807,20,,,1,91,,31808,20,,,1,94,,31809,20,,,1,55,,31810,20,,,1,92,,31811,20,,,1,85,,31812,20,,,1,85,,31813,20,,,1
9901,'80',536,,31814,20,,,1,81,,31815,20,,,1,38,,31816,20,,,1,78,,31817,20,,,1,78,,31818,20,,,1,92,,31819,20,,,1,49,,31820,20,,,1,89,,31821,20,,,1,89,,31822,20,,,1,92,,31823,20,,,1,89,,31824,20,,,1,89,,31825,20,,,1,49,,31826,20,,,1,89,,31827,20,,,1,89,,31828,20,,,1,89,,31829,20,,,1,85,,31830,20,,,1,49,,31831,20,,,1,89,,31832,20,,,1,87,,31833,20,,,1,89,,31834,20,,,1,39,,31835,20,,,1
989901,'1',2235,,36877,75,,,1,70,,36878,75,,,1,38,,36879,75,,,1,75,,36880,75,,,1,35,,36881,75,,,1,70,,36882,75,,,1,35,,36883,75,,,1,75,,36884,75,,,1
989901,'2',2243,,36885,75,,,1,88,,36886,75,,,1,81,,36887,75,,,1,91,,36890,75,,,1,45,,36888,75,,,1,86,,36889,75,,,1
989901,'3',2252,,36891,75,,,1,87,,36892,75,,,1,83,,36893,75,,,1,87,,36894,75,,,1,39,,36895,75,,,1,83,,36896,75,,,1
989901,'74',2243,,36897,75,,,1,88,,36898,75,,,1,81,,36899,75,,,1,91,,36902,75,,,1,45,,36900,75,,,1,86,,36901,75,,,1
989901,'80',2252,,36903,75,,,1,87,,36904,75,,,1,83,,36905,75,,,1,87,,36906,75,,,1,39,,36907,75,,,1,83,,36908,75,,,1
