300,'1',417,,24137,2,0,21 22 23 3 24,1,27,,24138,2,0,21 22 23 3 24,1,87,,24113,2,0,21 22 23 3 24,1,72,,24114,2,0,21 22 23 3 24,1,32,,24115,2,0,21 22 23 3 24,1,72,,24116,2,0,21 22 23 3 24,1,32,,24117,2,0,21 22 23 3 24,1,72,,24118,2,0,21 22 23 3 24,1,32,,24119,2,0,21 22 23 3 24,1,72,,24120,2,0,21 22 23 3 24,1,32,,24121,2,0,21 22 23 3 24,1,86,,24122,2,0,21 22 23 3 24,1,86,,24123,2,0,21 22 23 3 24,1,86,,24124,2,0,21 22 23 3 24,1,46,,24125,2,0,21 22 23 3 24,1,86,,24126,2,0,21 22 23 3 24,1,86,,24127,2,0,21 22 23 3 24,1,32,,24128,2,0,21 22 23 3 24,1,72,,24129,2,0,21 22 23 3 24,1,32,,24130,2,0,21 22 23 3 24,1,72,,24131,2,0,21 22 23 3 24,1,72,,24132,2,0,21 22 23 3 24,1,32,,24133,2,0,21 22 23 3 24,1,72,,24134,2,0,21 22 23 3 24,1,32,,24135,2,0,21 22 23 3 24,1,72,,24136,2,0,21 22 23 3 24,1,32,,24139,2,0,21 22 23 3 24,1,83,,24140,2,0,21 22 23 3 24,1,83,,24141,2,0,21 22 23 3 24,1
300,'2',752,,24147,2,0,21 22 23 3 24,1,103,,24146,2,0,21 22 23 3 24,1,145,,24148,2,0,21 22 23 3 24,1,105,,24149,2,0,21 22 23 3 24,1,105,,24150,2,0,21 22 23 3 24,1,105,,24151,2,0,21 22 23 3 24,1,105,,24152,2,0,21 22 23 3 24,1,105,,24153,2,0,21 22 23 3 24,1,105,,24154,2,0,21 22 23 3 24,1,106,,24155,2,0,21 22 23 3 24,1,106,,24156,2,0,21 22 23 3 24,1,102,,24157,2,0,21 22 23 3 24,1,102,,24158,2,0,21 22 23 3 24,1,102,,24145,2,0,21 22 23 3 24,1
300,'3',914,,24160,2,0,21 22 23 3 24,1,100,,24172,2,0,21 22 23 3 24,1,102,,24171,2,0,21 22 23 3 24,1,102,,24170,2,0,21 22 23 3 24,1,102,,24169,2,0,21 22 23 3 24,1,102,,24168,2,0,21 22 23 3 24,1,102,,24167,2,0,21 22 23 3 24,1,102,,24166,2,0,21 22 23 3 24,1,102,,24165,2,0,21 22 23 3 24,1,102,,24164,2,0,21 22 23 3 24,1,101,,24163,2,0,21 22 23 3 24,1,99,,24162,2,0,21 22 23 3 24,1,98,,24161,2,0,21 22 23 3 24,1
300,'74',752,,24176,2,0,21 22 23 3 24,1,103,,24175,2,0,21 22 23 3 24,1,145,,24177,2,0,21 22 23 3 24,1,105,,24178,2,0,21 22 23 3 24,1,105,,24179,2,0,21 22 23 3 24,1,105,,24180,2,0,21 22 23 3 24,1,105,,24181,2,0,21 22 23 3 24,1,105,,24182,2,0,21 22 23 3 24,1,105,,24183,2,0,21 22 23 3 24,1,106,,24184,2,0,21 22 23 3 24,1,106,,24185,2,0,21 22 23 3 24,1,102,,24186,2,0,21 22 23 3 24,1,102,,24187,2,0,21 22 23 3 24,1,102,,24174,2,0,21 22 23 3 24,1
300,'80',914,,24189,2,0,21 22 23 3 24,1,100,,24201,2,0,21 22 23 3 24,1,102,,24200,2,0,21 22 23 3 24,1,102,,24199,2,0,21 22 23 3 24,1,102,,24198,2,0,21 22 23 3 24,1,102,,24197,2,0,21 22 23 3 24,1,102,,24196,2,0,21 22 23 3 24,1,102,,24195,2,0,21 22 23 3 24,1,102,,24194,2,0,21 22 23 3 24,1,102,,24193,2,0,21 22 23 3 24,1,101,,24192,2,0,21 22 23 3 24,1,99,,24191,2,0,21 22 23 3 24,1,98,,24190,2,0,21 22 23 3 24,1
9600,'1',559,,31260,2,,,1,82,,31259,2,,,1,71,,31258,2,,,1,37,,31257,2,,,1,67,,31256,2,,,1,41,,31253,2,,,1,74,,31254,2,,,1,70,,31255,2,,,1,32,,31268,2,,,1,69,,31267,2,,,1,39,,31261,2,,,1,79,,31262,2,,,1,39,,31263,2,,,1,79,,31264,2,,,1,65,,31265,2,,,1,46,,31266,2,,,1,83,,31274,2,,,1,27,,31273,2,,,1,67,,31272,2,,,1,27,,31269,2,,,1,67,,31270,2,,,1,27,,31271,2,,,1,67,,31277,2,,,1,26,,31278,2,,,1,14,,31288,2,,,1,55,,31276,2,,,1,25,,31275,2,,,1,76,,31285,2,,,1,30,,31284,2,,,1,15,,31287,2,,,1,55,,31279,2,,,1,30,,31280,2,,,1,70,,31281,2,,,1,30,,31282,2,,,1,70,,31283,2,,,1,17,,31286,2,,,1
9600,'2',926,,31289,2,,,1,99,,31290,2,,,1,99,,31291,2,,,1,99,,31292,2,,,1,99,,31293,2,,,1,99,,31294,2,,,1,99,,31295,2,,,1,99,,31296,2,,,1,96,,31297,2,,,1,97,,31298,2,,,1,47,,31299,2,,,1,89,,31300,2,,,1,97,,31301,2,,,1
9600,'3',1020,,31302,2,,,1,94,,31303,2,,,1,94,,31304,2,,,1,94,,31305,2,,,1,54,,31306,2,,,1,94,,31307,2,,,1,94,,31308,2,,,1,94,,31309,2,,,1,94,,31310,2,,,1,94,,31311,2,,,1,94,,31312,2,,,1,94,,31313,2,,,1
9600,'74',926,,31314,2,,,1,99,,31315,2,,,1,99,,31316,2,,,1,99,,31317,2,,,1,99,,31318,2,,,1,99,,31319,2,,,1,99,,31320,2,,,1,99,,31321,2,,,1,96,,31322,2,,,1,97,,31323,2,,,1,47,,31324,2,,,1,89,,31325,2,,,1,97,,31326,2,,,1
9600,'80',1020,,31327,2,,,1,94,,31328,2,,,1,94,,31329,2,,,1,94,,31330,2,,,1,54,,31331,2,,,1,94,,31332,2,,,1,94,,31333,2,,,1,94,,31334,2,,,1,94,,31335,2,,,1,94,,31336,2,,,1,94,,31337,2,,,1,94,,31338,2,,,1
10700,'1',441,,32223,2,,,1,64,,32222,2,,,1,24,,32221,2,,,1,24,,32220,2,,,1,56,,32219,2,,,1,16,,32218,2,,,1,21,,32217,2,,,1,11,,32216,2,,,1,54,,32215,2,,,1,19,,32214,2,,,1,16,,32213,2,,,1,12,,32212,2,,,1,59,,32211,2,,,1,16,,32210,2,,,1,15,,32209,2,,,1,83,,32208,2,,,1,82,,32207,2,,,1,42,,32206,2,,,1,82,,32205,2,,,1,82,,32204,2,,,1,82,,32203,2,,,1,42,,32202,2,,,1,59,,32201,2,,,1,18,,32200,2,,,1,18,,32251,2,,,1,19,,32250,2,,,1,57,,32249,2,,,1,18,,32248,2,,,1,18,,32247,2,,,1,60,,32246,2,,,1,16,,32245,2,,,1,18,,32244,2,,,1,58,,32243,2,,,1,20,,32242,2,,,1,16,,32241,2,,,1,18,,32240,2,,,1,58,,32239,2,,,1,18,,32238,2,,,1,80,,32237,2,,,1,41,,32236,2,,,1,81,,32235,2,,,1,81,,32234,2,,,1,34,,32233,2,,,1,74,,32232,2,,,1,34,,32231,2,,,1,74,,32230,2,,,1,74,,32229,2,,,1,34,,32228,2,,,1,74,,32227,2,,,1,34,,32226,2,,,1,74,,32225,2,,,1,34,,32224,2,,,1
10700,'2',616,,32254,2,,,1,37,,32253,2,,,1,77,,32252,2,,,1,77,,32255,2,,,1,37,,32256,2,,,1,77,,32257,2,,,1,37,,32258,2,,,1,77,,32259,2,,,1,77,,32260,2,,,1,37,,32261,2,,,1,77,,32262,2,,,1,77,,32263,2,,,1,37,,32264,2,,,1,77,,32265,2,,,1,37,,32266,2,,,1,77,,32267,2,,,1,77,,32268,2,,,1,37,,32269,2,,,1,77,,32270,2,,,1,37,,32271,2,,,1,77,,32272,2,,,1,77,,32273,2,,,1,37,,32274,2,,,1,77,,32275,2,,,1,77,,32276,2,,,1,37,,32277,2,,,1,77,,32278,2,,,1,37,,32279,2,,,1,77,,32280,2,,,1,77,,32281,2,,,1,37,,32282,2,,,1,77,,32283,2,,,1,77,,32285,2,,,1,37,,32284,2,,,1
10700,'3',807,,32299,2,,,1,37,,32300,2,,,1,77,,32301,2,,,1,37,,32302,2,,,1,77,,32303,2,,,1,77,,32304,2,,,1,37,,32305,2,,,1,77,,32306,2,,,1,77,,32307,2,,,1,37,,32308,2,,,1,77,,32309,2,,,1,37,,32310,2,,,1,77,,32314,2,,,1,77,,32313,2,,,1,37,,32315,2,,,1,77,,32316,2,,,1,37,,32317,2,,,1,77,,32318,2,,,1,77,,32286,2,,,1,37,,32287,2,,,1,77,,32288,2,,,1,77,,32311,2,,,1,37,,32289,2,,,1,77,,32290,2,,,1,37,,32291,2,,,1,77,,32292,2,,,1,77,,32293,2,,,1,37,,32294,2,,,1,77,,32295,2,,,1,77,,32312,2,,,1,37,,32296,2,,,1
10700,'74',616,,32321,2,,,1,37,,32320,2,,,1,77,,32319,2,,,1,77,,32322,2,,,1,37,,32323,2,,,1,77,,32324,2,,,1,37,,32325,2,,,1,77,,32326,2,,,1,77,,32327,2,,,1,37,,32328,2,,,1,77,,32329,2,,,1,77,,32330,2,,,1,37,,32331,2,,,1,77,,32332,2,,,1,37,,32333,2,,,1,77,,32334,2,,,1,77,,32335,2,,,1,37,,32336,2,,,1,77,,32337,2,,,1,37,,32338,2,,,1,77,,32339,2,,,1,77,,32340,2,,,1,37,,32341,2,,,1,77,,32342,2,,,1,77,,32343,2,,,1,37,,32344,2,,,1,77,,32345,2,,,1,37,,32346,2,,,1,77,,32347,2,,,1,77,,32348,2,,,1,37,,32349,2,,,1,77,,32350,2,,,1,77,,32352,2,,,1,37,,32351,2,,,1
10700,'80',807,,32366,2,,,1,37,,32367,2,,,1,77,,32368,2,,,1,37,,32369,2,,,1,77,,32370,2,,,1,77,,32371,2,,,1,37,,32372,2,,,1,77,,32373,2,,,1,77,,32374,2,,,1,37,,32375,2,,,1,77,,32376,2,,,1,37,,32377,2,,,1,77,,32381,2,,,1,77,,32380,2,,,1,37,,32382,2,,,1,77,,32383,2,,,1,37,,32384,2,,,1,77,,32385,2,,,1,77,,32353,2,,,1,37,,32354,2,,,1,77,,32355,2,,,1,77,,32378,2,,,1,37,,32356,2,,,1,77,,32357,2,,,1,37,,32358,2,,,1,77,,32359,2,,,1,77,,32360,2,,,1,37,,32361,2,,,1,77,,32362,2,,,1,77,,32379,2,,,1,37,,32363,2,,,1
1070200,'1',501,,36926,2,,,1,12,,36925,2,,,1,12,,36924,2,,,1,12,,36923,2,,,1,12,,36922,2,,,1,52,,36921,2,,,1,12,,36920,2,,,1,16,,36919,2,,,1,8,,36918,2,,,1,13,,36917,2,,,1,51,,36916,2,,,1,12,,36915,2,,,1,12,,36914,2,,,1,12,,36913,2,,,1,12,,36912,2,,,1,52,,36911,2,,,1,12,,36910,2,,,1,12,,36909,2,,,1,27,,36938,2,,,1,65,,36937,2,,,1,26,,36936,2,,,1,66,,36935,2,,,1,26,,36934,2,,,1,66,,36933,2,,,1,26,,36932,2,,,1,26,,36931,2,,,1,70,,36930,2,,,1,22,,36929,2,,,1,66,,36928,2,,,1,26,,36927,2,,,1,66,,36939,2,,,1,16,,36940,2,,,1,16,,36941,2,,,1,16,,36942,2,,,1,56,,36943,2,,,1,16,,36944,2,,,1,16,,36945,2,,,1,16,,36946,2,,,1,58,,36947,2,,,1,19,,36948,2,,,1,19,,36949,2,,,1,58,,36950,2,,,1,19,,36951,2,,,1,19,,36952,2,,,1,72,,36953,2,,,1,22,,36954,2,,,1
