301,'1',521,,24203,15,,,1,32,,24204,15,,,1,72,,24205,15,,,1,33,,24206,15,,,1,72,,24207,15,,,1,75,,24208,15,,,1,32,,24209,15,,,1,70,,24210,15,,,1,32,,24202,15,,,1,77,,24226,15,,,1,86,,24211,15,,,1,46,,24212,15,,,1,86,,24213,15,,,1,86,,24214,15,,,1,86,,24215,15,,,1,47,,24216,15,,,1,67,,24217,15,,,1,32,,24218,15,,,1,72,,24219,15,,,1,32,,24220,15,,,1,72,,24221,15,,,1,72,,24222,15,,,1,30,,24223,15,,,1,72,,24224,15,,,1,26,,24225,15,,,1,29,,24231,15,,,1,66,,24228,15,,,1,83,,24229,15,,,1,40,,24230,15,0,25 26,1
301,'2',759,,24234,15,,,1,143,,24233,15,,,1,104,,24238,15,,,1,105,,24235,15,,,1,105,,24236,15,,,1,105,,24237,15,,,1,105,,24239,15,,,1,106,,24240,15,,,1,106,,24241,15,,,1,106,,24242,15,,,1,106,,24243,15,,,1,102,,24244,15,,,1,102,,24245,15,,,1,102,,24232,15,0,25 26,1
301,'3',919,,24253,15,,,1,102,,24252,15,,,1,102,,24251,15,,,1,102,,24250,15,,,1,102,,24249,15,,,1,102,,24248,15,,,1,102,,24247,15,,,1,102,,24246,15,,,1,102,,24258,15,,,1,102,,24257,15,,,1,102,,24256,15,,,1,98,,24255,15,,,1,98,,24254,15,0,25 26,1
301,'74',759,,24261,15,,,1,143,,24260,15,,,1,104,,24265,15,,,1,105,,24262,15,,,1,105,,24263,15,,,1,105,,24264,15,,,1,105,,24266,15,,,1,106,,24267,15,,,1,106,,24268,15,,,1,106,,24269,15,,,1,106,,24270,15,,,1,102,,24271,15,,,1,102,,24272,15,,,1,102,,24259,15,0,25 26,1
301,'80',919,,24276,15,,,1,102,,24275,15,,,1,102,,24274,15,,,1,102,,24273,15,,,1,102,,24280,15,,,1,102,,24279,15,,,1,102,,24278,15,,,1,102,,24277,15,,,1,102,,24285,15,,,1,102,,24284,15,,,1,102,,24283,15,,,1,98,,24282,15,,,1,98,,24281,15,0,25 26,1
9000,'1',627,,30495,21,,,1,12,,30496,21,,,1,10,,30497,21,,,1,51,,30498,21,,,1,11,,30499,21,,,1,16,,30500,21,,,1,12,,30501,21,,,1,15,,30502,21,,,1,51,,30503,21,,,1,16,,30504,21,,,1,13,,30505,21,,,1,8,,30506,21,,,1,15,,30507,21,,,1,53,,30508,21,,,1,12,,30509,21,,,1,13,,30510,21,,,1,13,,30511,21,,,1,72,,30512,21,,,1,32,,30513,21,,,1,72,,30514,21,,,1,31,,30515,21,,,1,73,,30516,21,,,1,72,,30517,21,,,1,32,,30518,21,,,1,73,,30519,21,,,1,31,,30520,21,,,1,14,,30521,21,,,1,56,,30522,21,,,1,13,,30523,21,,,1,14,,30524,21,,,1,14,,30525,21,,,1,54,,30526,21,,,1,13,,30527,21,,,1,16,,30528,21,,,1,11,,30529,21,,,1,16,,30530,21,,,1,54,,30531,21,,,1,14,,30532,21,,,1,14,,30533,21,,,1,13,,30534,21,,,1,53,,30535,21,,,1,14,,30536,21,,,1,12,,30537,21,,,1,15,,30538,21,,,1,13,,30539,21,,,1,54,,30540,21,,,1,13,,30541,21,,,1,14,,30542,21,,,1,82,,30543,21,,,1,82,,30544,21,,,1,39,,30545,21,,,1,83,,30546,21,,,1,82,,30547,21,,,1,42,,30548,21,,,1
9000,'2',646,,30555,21,,,1,81,,30556,21,,,1,82,,30557,21,,,1,34,,30562,21,,,1,72,,30563,21,,,1,32,,30564,21,,,1,72,,30565,21,,,1,32,,30566,21,,,1,72,,30567,21,,,1,32,,30568,21,,,1,72,,30569,21,,,1,32,,30570,21,,,1,72,,30571,21,,,1,72,,30572,21,,,1,32,,30573,21,,,1,72,,30574,21,,,1,32,,30575,21,,,1,72,,30576,21,,,1,32,,30577,21,,,1,72,,30578,21,,,1,32,,30579,21,,,1,72,,30580,21,,,1,32,,30581,21,,,1,69,,30582,21,,,1,30,,30583,21,,,1,71,,30584,21,,,1,80,,30558,21,,,1,41,,30559,21,,,1,81,,30560,21,,,1,81,,30561,21,,,1,41,,30585,21,,,1,81,,30586,21,,,1
9000,'3',856,,30587,21,,,1,83,,30589,21,,,1,82,,30590,21,,,1,82,,30591,21,,,1,42,,30592,21,,,1,85,,30593,21,,,1,85,,30594,21,,,1,85,,30595,21,,,1,45,,30596,21,,,1,85,,30597,21,,,1,85,,30598,21,,,1,85,,30599,21,,,1,44,,30600,21,,,1,84,,30601,21,,,1,81,,30602,21,,,1,44,,30603,21,,,1,78,,30604,21,,,1,81,,30605,21,,,1,39,,30606,21,,,1,79,,30607,21,,,1
9000,'74',646,,30609,21,,,1,81,,30610,21,,,1,82,,30611,21,,,1,34,,30614,21,,,1,72,,30615,21,,,1,32,,30616,21,,,1,72,,30617,21,,,1,32,,30618,21,,,1,72,,30619,21,,,1,32,,30620,21,,,1,72,,30621,21,,,1,32,,30622,21,,,1,72,,30623,21,,,1,72,,30624,21,,,1,32,,30625,21,,,1,72,,30626,21,,,1,32,,30627,21,,,1,72,,30628,21,,,1,32,,30629,21,,,1,72,,30630,21,,,1,32,,30631,21,,,1,72,,30632,21,,,1,32,,30633,21,,,1,69,,30634,21,,,1,30,,30635,21,,,1,71,,30636,21,,,1,80,,30612,21,,,1,41,,30613,21,,,1,81,,30637,21,,,1,81,,30638,21,,,1,41,,30639,21,,,1,81,,30640,21,,,1
9000,'80',856,,30641,21,,,1,83,,30643,21,,,1,82,,30644,21,,,1,82,,30645,21,,,1,42,,30646,21,,,1,85,,30647,21,,,1,85,,30648,21,,,1,85,,30649,21,,,1,45,,30650,21,,,1,85,,30651,21,,,1,85,,30652,21,,,1,85,,30653,21,,,1,44,,30654,21,,,1,84,,30655,21,,,1,81,,30656,21,,,1,44,,30657,21,,,1,78,,30658,21,,,1,81,,30659,21,,,1,39,,30660,21,,,1,79,,30661,21,,,1
900200,'1',557,,36759,21,,,1,59,,36760,21,,,1,19,,36761,21,,,1,19,,36762,21,,,1,60,,36763,21,,,1,25,,36764,21,,,1,64,,36765,21,,,1,23,,36766,21,,,1,23,,36767,21,,,1,63,,36768,21,,,1,25,,36769,21,,,1,21,,36770,21,,,1,58,,36771,21,,,1,513,,36772,21,0,16 17,1,24,,36773,21,0,16 17,1,63,,36774,21,0,16 17,1,22,,36775,21,0,16 17,1,62,,36776,21,0,16 17,1,25,,36777,21,0,16 17,1,22,,36778,21,0,16 17,1,62,,36779,21,0,16 17,1,23,,36780,21,0,16 17,1,19,,36781,21,0,16 17,1,59,,36782,21,0,16 17,1,19,,36783,21,0,16 17,1
