400,'1',526,,13037,41,,,1,26,,13038,41,,,1,56,,13039,41,,,1,16,,13040,41,,,1,16,,13041,41,,,1,18,,13042,41,,,1,55,,13043,41,,,1,16,,13044,41,,,1,15,,13045,41,,,1,60,,13046,41,,,1,18,,13047,41,,,1,13,,13048,41,,,1,15,,13049,41,,,1,9,,13050,41,,,1,55,,13051,41,,,1,12,,13052,41,,,1,15,,13053,41,,,1,15,,13054,41,,,1,62,,13055,41,,,1,22,,13056,41,,,1,66,,13057,41,,,1,22,,13058,41,,,1,22,,13059,41,,,1,62,,13060,41,,,1,22,,13061,41,,,1,22,,13062,41,,,1,62,,13063,41,,,1,22,,13064,41,,,1,17,,13065,41,,,1,57,,13066,41,,,1,17,,13067,41,,,1,21,,13068,41,,,1,57,,13069,41,,,1,24,,13070,41,,,1,17,,13071,41,,,1,53,,13072,41,,,1,17,,13073,41,,,1,17,,13074,41,,,1,14,,13075,41,,,1,54,,13076,41,,,1,14,,13077,41,,,1,14,,13078,41,,,1,14,,13079,41,,,1,54,,13080,41,,,1,14,,13081,41,,,1,14,,13082,41,,,1,8,,13083,41,,,1,14,,13084,41,,,1,54,,13085,41,,,1,12,,13086,41,,,1,13,,13087,41,,,1,17,,13088,41,,,1,57,,13089,41,,,1,17,,13090,41,,,1,17,,13091,41,,,1,17,,13092,41,,,1,53,,13093,41,,,1,17,,13094,41,,,1,17,,13095,41,,,1,17,,13096,41,,,1,57,,13097,41,,,1,17,,13098,41,,,1,18,,13099,41,,,1,58,,13100,41,,,1,18,,13101,41,,,1,16,,13102,41,,,1,58,,13103,41,,,1,18,,13104,41,,,1,18,,13105,41,,,1
400,'2',543,,13143,33,,,1,72,,13144,33,,,1,30,,13106,41,,,1,72,,13107,41,,,1,32,,13108,41,,,1,72,,13109,41,,,1,33,,13110,41,,,1,72,,13111,41,,,1,74,,13112,41,,,1,32,,13113,41,,,1,76,,13114,41,,,1,33,,13115,41,,,1,64,,13116,41,,,1,27,,13117,41,,,1,71,,13118,41,,,1,28,,13119,41,,,1,28,,13120,41,,,1,68,,13121,41,,,1,28,,13122,41,,,1,68,,13123,41,,,1,29,,13124,41,,,1,64,,13125,41,,,1,28,,13126,41,,,1,68,,13127,41,,,1,27,,13128,41,,,1,68,,13129,41,,,1,28,,13130,41,,,1,68,,13131,41,,,1,28,,13132,41,,,1,27,,13133,41,,,1,69,,13134,41,,,1,30,,13135,41,,,1,68,,13136,41,,,1,30,,13137,41,,,1,70,,13138,41,,,1,28,,13139,41,,,1,70,,13140,41,,,1,30,,13141,41,,,1,70,,13142,41,,,1
400,'3',552,,13145,33,,,1,70,,13146,33,,,1,36,,13147,41,,,1,70,,13148,41,,,1,30,,13149,41,,,1,70,,13150,41,,,1,74,,13151,41,,,1,30,,13152,41,,,1,70,,13153,41,,,1,30,,13154,41,,,1,70,,13155,41,,,1,30,,13156,41,,,1,74,,13157,41,,,1,30,,13158,41,,,1,21,,13159,41,,,1,65,,13160,41,,,1,26,,13161,41,,,1,66,,13162,41,,,1,27,,13163,41,,,1,66,,13164,41,,,1,27,,13165,41,,,1,66,,13166,41,,,1,27,,13167,41,,,1,26,,13168,41,,,1,66,,13169,41,,,1,24,,13170,41,,,1,66,,13171,41,,,1,26,,13172,41,,,1,66,,13173,41,,,1,24,,13174,41,,,1,26,,13175,41,,,1,69,,13176,41,,,1,29,,13177,41,,,1,69,,13178,41,,,1,29,,13179,41,,,1,69,,13180,41,,,1,28,,13181,41,,,1,69,,13182,41,,,1,29,,13183,41,,,1,69,,13184,41,,,1
400,'80',552,,13185,33,,,1,70,,13186,33,,,1,36,,13187,41,,,1,70,,13188,41,,,1,30,,13189,41,,,1,70,,13190,41,,,1,74,,13191,41,,,1,30,,13192,41,,,1,70,,13193,41,,,1,30,,13194,41,,,1,70,,13195,41,,,1,30,,13196,41,,,1,74,,13197,41,,,1,30,,13198,41,,,1,21,,13199,41,,,1,65,,13200,41,,,1,26,,13201,41,,,1,66,,13202,41,,,1,27,,13203,41,,,1,66,,13204,41,,,1,27,,13205,41,,,1,66,,13206,41,,,1,27,,13207,41,,,1,26,,13208,41,,,1,66,,13209,41,,,1,24,,13210,41,,,1,66,,13211,41,,,1,26,,13212,41,,,1,66,,13213,41,,,1,24,,13214,41,,,1,26,,13215,41,,,1,69,,13216,41,,,1,29,,13217,41,,,1,69,,13218,41,,,1,29,,13219,41,,,1,69,,13220,41,,,1,28,,13221,41,,,1,69,,13222,41,,,1,29,,13223,41,,,1,69,,13224,41,,,1
2401,'1',549,,15718,14,,,1,54,,15717,14,,,1,14,,15716,14,,,1,14,,15681,14,,,1,14,,15682,14,,,1,55,,15683,14,,,1,15,,15696,14,,,1,11,,15695,14,,,1,11,,15694,14,,,1,14,,15693,14,,,1,51,,15692,14,,,1,11,,15691,14,,,1,11,,15684,14,,,1,11,,15685,14,,,1,10,,15686,14,,,1,11,,15687,14,,,1,51,,15688,14,,,1,11,,15689,14,,,1,11,,15690,14,,,1,71,,15702,14,,,1,22,,15701,14,,,1,25,,15697,14,,,1,65,,15698,14,,,1,25,,15699,14,,,1,65,,15700,14,,,1
2401,'2',740,,15749,14,,,1,74,,15750,14,,,1,34,,15751,14,,,1,74,,15752,14,,,1,34,,15753,14,,,1,74,,15754,14,,,1,75,,15755,14,,,1,37,,15756,14,,,1,77,,15757,14,,,1,37,,15758,14,,,1,77,,15759,14,,,1,76,,15760,14,,,1,38,,15761,14,,,1,77,,15762,14,,,1,77,,15763,14,,,1,37,,15764,14,,,1,76,,15765,14,,,1,38,,15766,14,,,1,76,,15767,14,,,1,77,,15768,14,,,1,34,,15769,14,,,1,75,,15770,14,,,1,33,,15771,14,,,1,74,,15772,14,,,1,34,,15773,14,,,1,74,,15774,14,,,1,74,,15775,14,,,1,34,,15776,14,,,1,74,,15777,14,,,1
2401,'3',714,,15778,14,,,1,32,,15779,14,,,1,72,,15780,14,,,1,34,,15781,14,,,1,74,,15782,14,,,1,74,,15783,14,,,1,34,,15784,14,,,1,74,,15785,14,,,1,34,,15786,14,,,1,72,,15787,14,,,1,36,,15788,14,,,1,74,,15789,14,,,1,77,,15790,14,,,1,35,,15791,14,,,1,77,,15792,14,,,1,37,,15793,14,,,1,77,,15794,14,,,1,77,,15795,14,,,1,37,,15796,14,,,1,77,,15797,14,,,1,35,,15798,14,,,1,76,,15799,14,,,1,75,,15800,14,,,1,35,,15801,14,,,1,75,,15802,14,,,1,35,,15803,14,,,1
2401,'80',714,,15804,14,,,1,32,,15805,14,,,1,72,,15806,14,,,1,34,,15807,14,,,1,74,,15808,14,,,1,74,,15809,14,,,1,34,,15810,14,,,1,74,,15811,14,,,1,34,,15812,14,,,1,72,,15813,14,,,1,36,,15814,14,,,1,74,,15815,14,,,1,77,,15816,14,,,1,35,,15817,14,,,1,77,,15818,14,,,1,37,,15819,14,,,1,77,,15820,14,,,1,77,,15821,14,,,1,37,,15822,14,,,1,77,,15823,14,,,1,35,,15824,14,,,1,76,,15825,14,,,1,75,,15826,14,,,1,35,,15827,14,,,1,75,,15828,14,,,1,35,,15829,14,,,1
41800,'24612.1',737,,20687,15,,,1,1,,20688,15,,,1
44900,'24612.1',848,,20737,1,,,1
