1600,'1',545,,26443,15,,,1,62,,26444,15,,,1,23,,26445,15,,,1,22,,26446,15,,,1,63,,26447,15,,,1,22,,26448,15,,,1,18,,26449,15,,,1,66,,26450,15,,,1,22,,26451,15,,,1,62,,26452,15,,,1,30,,26453,15,,,1,71,,26454,15,,,1,35,,26455,15,,,1,67,,26456,15,,,1,31,,26457,15,,,1,71,,26458,15,,,1,31,,26459,15,,,1,71,,26460,15,,,1,31,,26461,15,,,1,75,,26462,15,,,1,21,,26463,15,,,1,63,,26464,15,,,1,23,,26465,15,,,1,23,,26466,15,,,1,63,,26467,15,,,1,25,,26468,15,,,1,23,,26469,15,,,1,63,,26470,15,,,1,23,,26471,15,,,1,63,,26472,15,,,1,21,,26473,15,,,1,20,,26474,15,,,1,63,,26475,15,,,1,23,,26476,15,,,1,23,,26477,15,,,1,63,,26478,15,,,1,22,,26479,15,,,1,74,,26480,15,,,1,34,,26481,15,,,1,74,,26482,15,,,1,34,,26483,15,,,1,74,,26484,15,,,1,74,,26488,15,,,1
1600,'2',653,,26489,15,,,1,78,,26490,15,,,1,79,,26491,15,,,1,38,,26492,15,,,1,78,,26493,15,,,1,78,,26494,15,,,1,38,,26495,15,,,1,78,,26496,15,,,1,38,,26497,15,,,1,78,,26498,15,,,1,82,,26499,15,,,1,41,,26500,15,,,1,81,,26501,15,,,1,81,,26502,15,,,1,82,,26503,15,,,1,41,,26504,15,,,1,81,,26505,15,,,1,81,,26506,15,,,1,41,,26507,15,,,1,75,,26508,15,,,1,36,,26509,15,,,1,79,,26510,15,,,1,73,,26511,15,,,1,35,,26512,15,,,1,77,,26513,15,,,1,35,,26515,15,,,1,76,,26516,15,,,1
1600,'3',847,,26517,15,,,1,96,,26518,15,,,1,95,,26519,15,,,1,95,,26520,15,,,1,95,,26521,15,,,1,99,,26526,15,,,1,98,,26522,15,,,1,98,,26523,15,,,1,98,,26524,15,,,1,94,,26525,15,,,1,94,,26531,15,,,1,92,,26527,15,,,1,51,,26528,15,,,1,92,,26529,15,,,1,92,,26530,15,,,1
1600,'74',653,,26534,15,,,1,78,,26535,15,,,1,79,,26536,15,,,1,38,,26537,15,,,1,78,,26538,15,,,1,78,,26539,15,,,1,38,,26540,15,,,1,78,,26541,15,,,1,38,,26542,15,,,1,78,,26543,15,,,1,82,,26544,15,,,1,41,,26545,15,,,1,81,,26546,15,,,1,81,,26547,15,,,1,82,,26548,15,,,1,41,,26549,15,,,1,81,,26550,15,,,1,81,,26551,15,,,1,41,,26552,15,,,1,75,,26553,15,,,1,36,,26554,15,,,1,79,,26555,15,,,1,73,,26556,15,,,1,35,,26558,15,,,1,77,,26559,15,,,1,35,,26560,15,,,1,76,,26561,15,,,1
1600,'80',847,,26562,15,,,1,96,,26563,15,,,1,95,,26564,15,,,1,95,,26565,15,,,1,95,,26566,15,,,1,99,,26571,15,,,1,98,,26567,15,,,1,98,,26568,15,,,1,98,,26569,15,,,1,94,,26570,15,,,1,94,,26576,15,,,1,92,,26572,15,,,1,51,,26573,15,,,1,92,,26574,15,,,1,92,,26575,15,,,1
8500,'1',641,,29617,59,,,1,16,,29618,59,,,1,56,,29619,59,,,1,16,,29620,59,,,1,16,,29621,59,,,1,59,,29622,59,,,1,16,,29623,59,,,1,16,,29624,59,,,1,16,,29625,59,,,1,56,,29626,59,,,1,16,,29627,59,,,1,11,,29628,58,,,1,16,,29629,58,,,1,65,,29630,58,,,1,25,,29631,58,,,1,18,,29632,58,,,1,65,,29633,58,,,1,25,,29634,58,,,1,65,,29635,58,,,1,25,,29636,58,,,1,66,,29637,58,,,1,25,,29638,58,,,1,27,,29639,58,,,1,65,,29640,58,,,1,20,,29641,58,,,1,17,,29668,44,,,1,58,,29642,44,,,1,20,,29643,44,,,1,16,,29644,44,,,1,57,,29645,44,,,1,16,,29646,44,,,1,24,,29647,45,,,1,53,,29648,45,,,1,16,,29649,45,,,1,16,,29650,45,,,1,19,,29651,45,,,1,56,,29652,45,,,1,16,,29653,45,,,1,16,,29654,45,,,1,9,,29655,45,,,1,56,,29656,45,,,1,16,,29657,45,,,1,16,,29658,45,,,1,16,,29659,45,,,1,53,,29660,44,,,1,25,,29661,44,,,1,25,,29662,44,,,1,65,,29663,44,,,1,32,,29664,44,,,1,72,,29665,44,,,1,32,,29666,44,,,1,72,,29667,44,,,1
8500,'2',715,,29697,58,,,1,32,,29698,58,,,1,70,,29699,58,,,1,28,,29700,58,,,1,74,,29701,58,,,1,30,,29702,58,,,1,70,,29703,58,,,1,34,,29704,58,,,1,70,,29705,58,,,1,31,,29669,58,,,1,62,,29670,58,,,1,25,,29671,58,,,1,63,,29672,58,,,1,23,,29673,58,,,1,23,,29674,58,,,1,63,,29675,58,,,1,23,,29676,58,,,1,23,,29677,58,,,1,63,,29678,58,,,1,23,,29679,58,,,1,63,,29680,58,,,1,23,,29681,58,,,1,23,,29682,58,,,1,63,,29683,58,,,1,21,,29684,58,,,1,21,,29685,58,,,1,57,,29686,58,,,1,21,,29687,58,,,1,21,,29688,58,,,1,61,,29689,58,,,1,21,,29690,58,,,1,61,,29691,58,,,1,18,,29692,58,,,1,21,,29693,58,,,1,61,,29694,58,,,1,21,,29695,58,,,1,21,,29696,58,,,1,70,,29706,58,,,1,30,,29707,58,,,1,70,,29708,58,,,1
8500,'3',851,,29726,30,,,1,80,,29727,30,,,1,79,,29709,58,,,1,40,,29710,58,,,1,81,,29711,58,,,1,80,,29712,58,,,1,91,,29713,58,,,1,43,,29714,58,,,1,83,,29715,58,,,1,83,,29716,58,,,1,42,,29717,58,,,1,83,,29718,58,,,1,84,,29719,58,,,1,34,,29720,58,,,1,81,,29721,58,,,1,85,,29722,58,,,1,37,,29723,58,,,1,81,,29724,58,,,1,81,,29725,58,,,1
8500,'74',715,,29756,58,,,1,32,,29757,58,,,1,70,,29758,58,,,1,28,,29759,58,,,1,74,,29760,58,,,1,30,,29761,58,,,1,70,,29762,58,,,1,34,,29763,58,,,1,70,,29764,58,,,1,31,,29728,58,,,1,62,,29729,58,,,1,25,,29730,58,,,1,63,,29731,58,,,1,23,,29732,58,,,1,23,,29733,58,,,1,63,,29734,58,,,1,23,,29735,58,,,1,23,,29736,58,,,1,63,,29737,58,,,1,23,,29738,58,,,1,63,,29739,58,,,1,23,,29740,58,,,1,23,,29741,58,,,1,63,,29742,58,,,1,21,,29743,58,,,1,21,,29744,58,,,1,57,,29745,58,,,1,21,,29746,58,,,1,21,,29747,58,,,1,61,,29748,58,,,1,21,,29749,58,,,1,61,,29750,58,,,1,18,,29751,58,,,1,21,,29752,58,,,1,61,,29753,58,,,1,21,,29754,58,,,1,21,,29755,58,,,1,70,,29765,58,,,1,30,,29766,58,,,1,70,,29767,58,,,1
8500,'80',851,,29785,30,,,1,80,,29786,30,,,1,79,,29768,58,,,1,40,,29769,58,,,1,81,,29770,58,,,1,80,,29771,58,,,1,91,,29772,58,,,1,43,,29773,58,,,1,83,,29774,58,,,1,83,,29775,58,,,1,42,,29776,58,,,1,83,,29777,58,,,1,84,,29778,58,,,1,34,,29779,58,,,1,81,,29780,58,,,1,85,,29781,58,,,1,37,,29782,58,,,1,81,,29783,58,,,1,81,,29784,58,,,1
