8601,'1',612,,30022,39,,,1,33,,30021,39,,,1,68,,30018,39,,,1,27,,30019,39,,,1,77,,30020,42,,,1,40,,30023,38,,,1,74,,30026,38,,,1,102,,30025,38,,,1,86,,30024,38,,,1,94,,30027,38,,,1,93,,30028,38,,,1,42,,30029,38,,,1,103,,30030,42,,,1,88,,30031,38,,,1,71,,30041,38,,,1,29,,30032,38,,,1,89,,30033,38,,,1,25,,30034,39,,,1,65,,30036,39,,,1,32,,30035,39,,,1,68,,30037,38,,,1,33,,30038,39,,,1,80,,30039,38,,,1,81,,30040,38,,,1
8601,'2',809,,30042,38,,,1,46,,30043,38,,,1,88,,30044,38,,,1,86,,30045,38,,,1,86,,30046,38,,,1,86,,30047,38,,,1,45,,30048,38,,,1,86,,30049,38,,,1,86,,30050,38,,,1,87,,30051,38,,,1,46,,30052,38,,,1,86,,30053,38,,,1,86,,30054,38,,,1,82,,30055,38,,,1,46,,30056,38,,,1,86,,30057,38,,,1
8601,'74',809,,30058,38,,,1,46,,30059,38,,,1,88,,30060,38,,,1,86,,30061,38,,,1,86,,30062,38,,,1,86,,30063,38,,,1,45,,30064,38,,,1,86,,30065,38,,,1,86,,30066,38,,,1,87,,30067,38,,,1,46,,30068,38,,,1,86,,30069,38,,,1,86,,30070,38,,,1,82,,30071,38,,,1,46,,30072,38,,,1,86,,30073,38,,,1
9901,'1',409,,31722,17,,,1,41,,31723,17,,,1,80,,31724,17,,,1,81,,31725,17,,,1,37,,31726,17,,,1,75,,31727,17,,,1,29,,31728,17,,,1,83,,31729,17,,,1,75,,31730,17,,,1,35,,31731,17,,,1,94,,31732,17,,,1,98,,31733,17,,,1,94,,31734,17,,,1,94,,31735,17,,,1,100,,31736,17,,,1,25,,31737,17,,,1,70,,31738,17,,,1,30,,31739,17,,,1,70,,31740,17,,,1,30,,31741,17,,,1,70,,31742,17,,,1,30,,31743,17,,,1,69,,31744,17,,,1,30,,31745,17,,,1,66,,31746,17,,,1,30,,31747,17,,,1,70,,31748,17,,,1,25,,31749,17,,,1,73,,31750,17,,,1,45,,31751,17,,,1
9901,'2',531,,31752,17,,,1,77,,31753,17,,,1,37,,31754,17,,,1,77,,31755,17,,,1,87,,31756,17,,,1,50,,31757,17,,,1,87,,31758,17,,,1,87,,31759,17,,,1,101,,31760,17,,,1,98,,31761,17,,,1,95,,31762,17,,,1,95,,31763,17,,,1,95,,31764,17,,,1,95,,31765,17,,,1,91,,31766,17,,,1,54,,31767,17,,,1,95,,31768,17,,,1,92,,31769,17,,,1,85,,31770,17,,,1,85,,31771,17,,,1
9901,'3',535,,31772,17,,,1,80,,31773,17,,,1,38,,31774,17,,,1,78,,31775,17,,,1,78,,31776,17,,,1,92,,31777,17,,,1,49,,31778,17,,,1,89,,31779,17,,,1,89,,31780,17,,,1,91,,31781,17,,,1,89,,31782,17,,,1,49,,31783,17,,,1,89,,31784,17,,,1,89,,31785,17,,,1,89,,31786,17,,,1,89,,31787,17,,,1,46,,31788,17,,,1,89,,31789,17,,,1,89,,31790,17,,,1,87,,31791,17,,,1,89,,31792,17,,,1,39,,31793,17,,,1
9901,'74',531,,31794,17,,,1,77,,31795,17,,,1,37,,31796,17,,,1,77,,31797,17,,,1,87,,31798,17,,,1,50,,31799,17,,,1,87,,31800,17,,,1,87,,31801,17,,,1,101,,31802,17,,,1,98,,31803,17,,,1,95,,31804,17,,,1,95,,31805,17,,,1,95,,31806,17,,,1,95,,31807,17,,,1,91,,31808,17,,,1,54,,31809,17,,,1,95,,31810,17,,,1,92,,31811,17,,,1,85,,31812,17,,,1,85,,31813,17,,,1
9901,'80',535,,31814,17,,,1,80,,31815,17,,,1,38,,31816,17,,,1,78,,31817,17,,,1,78,,31818,17,,,1,92,,31819,17,,,1,49,,31820,17,,,1,89,,31821,17,,,1,89,,31822,17,,,1,91,,31823,17,,,1,89,,31824,17,,,1,49,,31825,17,,,1,89,,31826,17,,,1,89,,31827,17,,,1,89,,31828,17,,,1,89,,31829,17,,,1,46,,31830,17,,,1,89,,31831,17,,,1,89,,31832,17,,,1,87,,31833,17,,,1,89,,31834,17,,,1,39,,31835,17,,,1
989901,'1',2234,,36877,72,,,1,70,,36878,72,,,1,38,,36879,72,,,1,75,,36880,72,,,1,35,,36881,72,,,1,70,,36882,72,,,1,35,,36883,72,,,1,75,,36884,72,,,1
989901,'2',2241,,36885,72,,,1,88,,36886,72,,,1,82,,36887,72,,,1,91,,36890,72,,,1,45,,36888,72,,,1,86,,36889,72,,,1
989901,'3',2251,,36891,72,,,1,87,,36892,72,,,1,83,,36893,72,,,1,87,,36894,72,,,1,39,,36895,72,,,1,83,,36896,72,,,1
989901,'74',2241,,36897,72,,,1,88,,36898,72,,,1,82,,36899,72,,,1,91,,36902,72,,,1,45,,36900,72,,,1,86,,36901,72,,,1
989901,'80',2251,,36903,72,,,1,87,,36904,72,,,1,83,,36905,72,,,1,87,,36906,72,,,1,39,,36907,72,,,1,83,,36908,72,,,1
