9601,'1',456,,18590,26,,,1,68,,18591,26,,,1,29,,18592,26,,,1,70,,18593,26,,,1,77,,18594,26,,,1,34,,18595,26,,,1,78,,18596,26,,,1,32,,18597,26,,,1,74,,18598,26,,,1,32,,18599,26,,,1,79,,18600,26,,,1,80,,18601,26,,,1,43,,18602,26,,,1,75,,18603,26,,,1,32,,18604,26,,,1,86,,18605,26,,,1,80,,18606,26,,,1,18,,18625,26,,,1,61,,18607,26,,,1,28,,18608,26,,,1,27,,18609,26,,,1,67,,18610,26,,,1,27,,18611,26,,,1,67,,18612,26,,,1,26,,18613,26,,,1,63,,18614,26,,,1,25,,18615,26,,,1,25,,18616,26,,,1,65,,18617,26,,,1,24,,18618,26,,,1,65,,18619,26,,,1,29,,18620,26,,,1,70,,18621,26,,,1,30,,18622,26,,,1,70,,18623,26,,,1,24,,18624,26,,,1
9601,'2',822,,18626,26,,,1,99,,18627,26,,,1,100,,18628,26,,,1,99,,18629,26,,,1,99,,18630,26,,,1,99,,18631,26,,,1,99,,18632,26,,,1,99,,18633,26,,,1,99,,18634,26,,,1,99,,18635,26,,,1,89,,18636,26,,,1,52,,18637,26,,,1,97,,18638,26,,,1
9601,'3',922,,18639,26,,,1,94,,18640,26,,,1,94,,18641,26,,,1,94,,18642,26,,,1,54,,18643,26,,,1,94,,18644,26,,,1,94,,18645,26,,,1,94,,18646,26,,,1,92,,18647,26,,,1,94,,18648,26,,,1,94,,18649,26,,,1,94,,18650,26,,,1
9601,'80',922,,18651,26,,,1,94,,18652,26,,,1,94,,18653,26,,,1,94,,18654,26,,,1,54,,18655,26,,,1,94,,18656,26,,,1,94,,18657,26,,,1,94,,18658,26,,,1,92,,18659,26,,,1,94,,18660,26,,,1,94,,18661,26,,,1,94,,18662,26,,,1
9801,'1',533,,18741,35,,,1,75,,18740,35,,,1,36,,18739,35,,,1,75,,18738,35,,,1,36,,18737,35,,,1,75,,18736,35,,,1,75,,18735,35,,,1,35,,18734,35,,,1,75,,18745,35,,,1,100,,18744,35,,,1,98,,18743,35,,,1,98,,18742,35,,,1,101,,18757,35,,,1,40,,18756,35,,,1,80,,18755,35,,,1,80,,18754,35,,,1,40,,18753,35,,,1,80,,18752,35,,,1,80,,18751,35,,,1,38,,18750,35,,,1,78,,18749,35,,,1,91,,18748,35,,,1,87,,18747,35,,,1,48,,18746,35,,,1
9801,'2',540,,18776,35,,,1,86,,18775,35,,,1,86,,18774,35,,,1,46,,18773,35,,,1,88,,18772,35,,,1,96,,18771,35,,,1,94,,18770,35,,,1,97,,18769,35,,,1,94,,18768,35,,,1,101,,18767,35,,,1,98,,18766,35,,,1,98,,18765,35,,,1,96,,18764,35,,,1,98,,18763,35,,,1,98,,18762,35,,,1,95,,18761,35,,,1,46,,18760,35,,,1,89,,18759,35,,,1,87,,18758,35,,,1
9801,'3',723,,18793,35,,,1,88,,18794,35,,,1,48,,18792,35,,,1,88,,18791,35,,,1,88,,18790,35,,,1,96,,18789,35,,,1,93,,18788,35,,,1,93,,18787,35,,,1,95,,18786,35,,,1,93,,18785,35,,,1,53,,18784,35,,,1,93,,18783,35,,,1,93,,18782,35,,,1,90,,18781,35,,,1,87,,18780,35,,,1,86,,18779,35,,,1,47,,18778,35,,,1,88,,18777,35,,,1
9801,'80',723,,18811,35,,,1,88,,18812,35,,,1,48,,18810,35,,,1,88,,18809,35,,,1,88,,18808,35,,,1,96,,18807,35,,,1,93,,18806,35,,,1,93,,18805,35,,,1,95,,18804,35,,,1,93,,18803,35,,,1,53,,18802,35,,,1,93,,18801,35,,,1,93,,18800,35,,,1,90,,18799,35,,,1,87,,18798,35,,,1,86,,18797,35,,,1,47,,18796,35,,,1,88,,18795,35,,,1
989901,'1',2213,,22691,35,,,1,31,,22692,35,,,1,78,,22693,35,,,1,36,,22694,35,,,1,75,,22695,35,,,1,71,,22696,35,,,1,35,,22697,35,,,1,75,,22698,35,,,1
989901,'2',2219,,22699,35,,,1,91,,22700,35,,,1,43,,22701,35,,,1,91,,22704,35,,,1,85,,22702,35,,,1,86,,22703,35,,,1
989901,'3',2231,,22705,35,,,1,88,,22706,35,,,1,83,,22707,35,,,1,49,,22708,35,,,1,79,,22709,35,,,1,83,,22710,35,,,1
989901,'80',2231,,22711,35,,,1,88,,22712,35,,,1,83,,22713,35,,,1,49,,22714,35,,,1,79,,22715,35,,,1,83,,22716,35,,,1
