8200,'1',901,,29525,43,,,1,651,,29528,43,,,1
9000,'1',534,,30549,19,4,,1,11,,30550,19,4,,1,11,,30551,19,4,,1,51,,30552,19,4,,1,11,,30553,19,4,,1,29,,30495,45,4,,1,54,,30496,45,4,,1,10,,30497,45,4,,1,11,,30498,45,4,,1,11,,30499,45,4,,1,18,,30500,45,4,,1,52,,30501,45,4,,1,18,,30502,45,4,,1,11,,30503,45,4,,1,19,,30504,45,4,,1,53,,30505,45,4,,1,3,,30506,45,4,,1,15,,30507,45,4,,1,13,,30508,45,4,,1,10,,30509,45,4,,1,13,,30510,45,4,,1,53,,30511,45,4,,1,32,,30512,45,4,,1,72,,30513,45,4,,1,32,,30514,45,4,,1,71,,30515,45,4,,1,33,,30516,45,4,,1,72,,30517,45,4,,1,32,,30518,45,4,,1,73,,30519,45,4,,1,74,,30520,45,4,,1,14,,30521,45,4,,1,16,,30522,45,4,,1,13,,30523,45,4,,1,14,,30524,45,4,,1,54,,30525,45,4,,1,14,,30526,45,4,,1,13,,30527,45,4,,1,16,,30528,45,4,,1,51,,30529,45,4,,1,16,,30530,45,4,,1,14,,30531,45,4,,1,14,,30532,45,4,,1,54,,30533,45,4,,1,12,,30534,45,4,,1,13,,30535,45,4,,1,14,,30536,45,4,,1,12,,30537,45,4,,1,51,,30538,45,4,,1,13,,30539,45,4,,1,13,,30540,45,4,,1,13,,30541,45,4,,1,54,,30542,45,4,,1,42,,30543,45,4,,1,82,,30544,45,4,,1,76,,30545,45,4,,1,43,,30546,45,4,,1,82,,30547,45,4,,1,82,,30548,45,4,,1
9000,'2',625,,30554,19,4,,1,81,,30555,45,4,,1,41,,30556,45,4,,1,84,,30557,45,4,,1,75,,30562,45,4,,1,32,,30563,45,4,,1,72,,30564,45,4,,1,32,,30565,45,4,,1,72,,30566,45,4,,1,32,,30567,45,4,,1,72,,30568,45,4,,1,32,,30569,45,4,,1,72,,30570,45,4,,1,32,,30571,45,4,,1,72,,30572,45,4,,1,32,,30573,45,4,,1,72,,30574,45,4,,1,72,,30575,45,4,,1,32,,30576,45,4,,1,70,,30577,45,4,,1,32,,30578,45,4,,1,72,,30579,45,4,,1,32,,30580,45,4,,1,72,,30581,45,4,,1,28,,30582,45,4,,1,69,,30583,45,4,,1,31,,30584,45,4,,1,80,,30558,45,4,,1,81,,30559,45,4,,1,41,,30560,45,4,,1,81,,30561,45,4,,1,81,,30585,45,4,,1,41,,30586,45,4,,1
9000,'3',832,,30588,19,4,,1,83,,30587,45,4,,1,85,,30589,45,4,,1,42,,30590,45,4,,1,82,,30591,45,4,,1,82,,30592,45,4,,1,45,,30593,45,4,,1,85,,30594,45,4,,1,85,,30595,45,4,,1,85,,30596,45,4,,1,45,,30597,45,4,,1,85,,30598,45,4,,1,85,,30599,45,4,,1,84,,30600,45,4,,1,44,,30601,45,4,,1,79,,30602,45,4,,1,84,,30603,45,4,,1,37,,30604,45,4,,1,81,,30605,45,4,,1,79,,30606,45,4,,1,39,,30607,45,4,,1
9000,'74',625,,30608,19,4,,1,81,,30609,45,4,,1,41,,30610,45,4,,1,84,,30611,45,4,,1,75,,30614,45,4,,1,32,,30615,45,4,,1,72,,30616,45,4,,1,32,,30617,45,4,,1,72,,30618,45,4,,1,32,,30619,45,4,,1,72,,30620,45,4,,1,32,,30621,45,4,,1,72,,30622,45,4,,1,32,,30623,45,4,,1,72,,30624,45,4,,1,32,,30625,45,4,,1,72,,30626,45,4,,1,72,,30627,45,4,,1,32,,30628,45,4,,1,70,,30629,45,4,,1,32,,30630,45,4,,1,72,,30631,45,4,,1,32,,30632,45,4,,1,72,,30633,45,4,,1,28,,30634,45,4,,1,69,,30635,45,4,,1,31,,30636,45,4,,1,80,,30612,45,4,,1,81,,30613,45,4,,1,41,,30637,45,4,,1,81,,30638,45,4,,1,81,,30639,45,4,,1,41,,30640,45,4,,1
9000,'80',832,,30642,19,4,,1,83,,30641,45,4,,1,85,,30643,45,4,,1,42,,30644,45,4,,1,82,,30645,45,4,,1,82,,30646,45,4,,1,45,,30647,45,4,,1,85,,30648,45,4,,1,85,,30649,45,4,,1,85,,30650,45,4,,1,45,,30651,45,4,,1,85,,30652,45,4,,1,85,,30653,45,4,,1,84,,30654,45,4,,1,44,,30655,45,4,,1,79,,30656,45,4,,1,84,,30657,45,4,,1,37,,30658,45,4,,1,81,,30659,45,4,,1,79,,30660,45,4,,1,39,,30661,45,4,,1
9001,'1',537,,30670,1,,,1,11,,30669,1,,,1,11,,30668,1,,,1,51,,30667,1,,,1,11,,30666,1,,,1,11,,30665,1,,,1,11,,30664,1,,,1,11,,30662,1,,,1,52,,30663,1,,,1,10,,30682,1,,,1,11,,30681,1,,,1,13,,30680,1,,,1,13,,30679,1,,,1,53,,30678,1,,,1,13,,30671,1,,,1,13,,30672,1,,,1,13,,30673,1,,,1,13,,30674,1,,,1,53,,30675,1,,,1,13,,30676,1,,,1,13,,30677,1,,,1,79,,30690,1,,,1,32,,30683,1,,,1,72,,30684,1,,,1,32,,30685,1,,,1,72,,30686,1,,,1,32,,30687,1,,,1,72,,30688,1,,,1,72,,30689,1,,,1,25,,30691,1,,,1,17,,30692,1,,,1,14,,30693,1,,,1,54,,30694,1,,,1,14,,30695,1,,,1,14,,30696,1,,,1,12,,30697,1,,,1,56,,30698,1,,,1,14,,30699,1,,,1,14,,30700,1,,,1,14,,30701,1,,,1,54,,30702,1,,,1,14,,30703,1,,,1,14,,30704,1,,,1,14,,30705,1,,,1,14,,30706,1,,,1,54,,30707,1,,,1,14,,30708,1,,,1,14,,30709,1,,,1,14,,30710,1,,,1,69,,30717,1,,,1,82,,30716,1,,,1,42,,30711,1,,,1,82,,30712,1,,,1,82,,30713,1,,,1,42,,30714,1,,,1,82,,30715,1,,,1,82,,30718,1,,,1
9001,'2',631,,30721,1,,,1,81,,30722,1,,,1,41,,30723,1,,,1,85,,30736,1,,,1,73,,30728,1,,,1,32,,30729,1,,,1,72,,30730,1,,,1,32,,30731,1,,,1,72,,30732,1,,,1,32,,30733,1,,,1,72,,30734,1,,,1,32,,30735,1,,,1,72,,30737,1,,,1,32,,30738,1,,,1,72,,30739,1,,,1,72,,30740,1,,,1,32,,30741,1,,,1,72,,30742,1,,,1,32,,30743,1,,,1,72,,30744,1,,,1,32,,30745,1,,,1,72,,30746,1,,,1,33,,30747,1,,,1,72,,30748,1,,,1,32,,30749,1,,,1,95,,30750,1,,,1,81,,30751,1,,,1,81,,30724,1,,,1,41,,30725,1,,,1,81,,30726,1,,,1,81,,30727,1,,,1
9001,'3',839,,30753,1,,,1,82,,30754,1,,,1,84,,30755,1,,,1,42,,30756,1,,,1,82,,30757,1,,,1,82,,30758,1,,,1,45,,30759,1,,,1,85,,30760,1,,,1,85,,30761,1,,,1,85,,30762,1,,,1,45,,30763,1,,,1,85,,30764,1,,,1,85,,30765,1,,,1,84,,30766,1,,,1,44,,30767,1,,,1,79,,30768,1,,,1,84,,30769,1,,,1,39,,30770,1,,,1,79,,30771,1,,,1,79,,30772,1,,,1
9001,'74',631,,30774,1,,,1,81,,30775,1,,,1,41,,30776,1,,,1,85,,30789,1,,,1,73,,30781,1,,,1,32,,30782,1,,,1,72,,30783,1,,,1,32,,30784,1,,,1,72,,30785,1,,,1,32,,30786,1,,,1,72,,30787,1,,,1,32,,30788,1,,,1,72,,30790,1,,,1,32,,30791,1,,,1,72,,30792,1,,,1,72,,30793,1,,,1,32,,30794,1,,,1,72,,30795,1,,,1,32,,30796,1,,,1,72,,30797,1,,,1,32,,30798,1,,,1,72,,30799,1,,,1,33,,30800,1,,,1,72,,30801,1,,,1,32,,30802,1,,,1,95,,30803,1,,,1,81,,30804,1,,,1,81,,30777,1,,,1,41,,30778,1,,,1,81,,30779,1,,,1,81,,30780,1,,,1
9001,'80',839,,30806,1,,,1,82,,30807,1,,,1,84,,30808,1,,,1,42,,30809,1,,,1,82,,30810,1,,,1,82,,30811,1,,,1,45,,30812,1,,,1,85,,30813,1,,,1,85,,30814,1,,,1,85,,30815,1,,,1,45,,30816,1,,,1,85,,30817,1,,,1,85,,30818,1,,,1,84,,30819,1,,,1,44,,30820,1,,,1,79,,30821,1,,,1,84,,30822,1,,,1,39,,30823,1,,,1,79,,30824,1,,,1,79,,30825,1,,,1
830101,'1',627,,36743,2,,,1,74,,36744,2,,,1,34,,36745,2,,,1,74,,36746,2,,,1,34,,36747,2,,,1,74,,36748,2,,,1,34,,36749,2,,,1,459,,36758,2,,,1,36,,36750,2,,,1,74,,36751,2,,,1,35,,36752,2,,,1,75,,36753,2,,,1,75,,36754,2,,,1,35,,36755,2,,,1,75,,36756,2,,,1,34,,36757,2,,,1
