1600,'1',546,,26443,16,,,1,62,,26444,16,,,1,24,,26445,16,,,1,22,,26446,16,,,1,62,,26447,16,,,1,22,,26448,16,,,1,18,,26449,16,,,1,66,,26450,16,,,1,22,,26451,16,,,1,62,,26452,16,,,1,31,,26453,16,,,1,70,,26454,16,,,1,35,,26455,16,,,1,67,,26456,16,,,1,31,,26457,16,,,1,71,,26458,16,,,1,31,,26459,16,,,1,71,,26460,16,,,1,31,,26461,16,,,1,75,,26462,16,,,1,21,,26463,16,,,1,63,,26464,16,,,1,23,,26465,16,,,1,23,,26466,16,,,1,63,,26467,16,,,1,25,,26468,16,,,1,63,,26469,16,,,1,23,,26470,16,,,1,23,,26471,16,,,1,63,,26472,16,,,1,22,,26473,16,,,1,20,,26474,16,,,1,63,,26475,16,,,1,23,,26476,16,,,1,63,,26477,16,,,1,23,,26478,16,,,1,21,,26479,16,,,1,74,,26480,16,,,1,34,,26481,16,,,1,74,,26482,16,,,1,74,,26483,16,,,1,34,,26484,16,,,1,74,,26488,16,,,1
1600,'2',654,,26489,16,,,1,78,,26490,16,,,1,80,,26491,16,,,1,38,,26492,16,,,1,78,,26493,16,,,1,78,,26494,16,,,1,38,,26495,16,,,1,78,,26496,16,,,1,78,,26497,16,,,1,38,,26498,16,,,1,81,,26499,16,,,1,81,,26500,16,,,1,42,,26501,16,,,1,81,,26502,16,,,1,82,,26503,16,,,1,41,,26504,16,,,1,81,,26505,16,,,1,81,,26506,16,,,1,41,,26507,16,,,1,74,,26508,16,,,1,36,,26509,16,,,1,79,,26510,16,,,1,73,,26511,16,,,1,35,,26512,16,,,1,77,,26513,16,,,1,35,,26515,16,,,1,76,,26516,16,,,1
1600,'3',848,,26517,16,,,1,96,,26518,16,,,1,95,,26519,16,,,1,95,,26520,16,,,1,95,,26521,16,,,1,99,,26526,16,,,1,98,,26522,16,,,1,98,,26523,16,,,1,98,,26524,16,,,1,94,,26525,16,,,1,94,,26531,16,,,1,92,,26527,16,,,1,51,,26528,16,,,1,92,,26529,16,,,1,92,,26530,16,,,1
1600,'74',654,,26534,16,,,1,78,,26535,16,,,1,80,,26536,16,,,1,38,,26537,16,,,1,78,,26538,16,,,1,78,,26539,16,,,1,38,,26540,16,,,1,78,,26541,16,,,1,78,,26542,16,,,1,38,,26543,16,,,1,81,,26544,16,,,1,81,,26545,16,,,1,42,,26546,16,,,1,81,,26547,16,,,1,82,,26548,16,,,1,41,,26549,16,,,1,81,,26550,16,,,1,81,,26551,16,,,1,41,,26552,16,,,1,74,,26553,16,,,1,36,,26554,16,,,1,79,,26555,16,,,1,73,,26556,16,,,1,35,,26558,16,,,1,77,,26559,16,,,1,35,,26560,16,,,1,76,,26561,16,,,1
1600,'80',848,,26562,16,,,1,96,,26563,16,,,1,95,,26564,16,,,1,95,,26565,16,,,1,95,,26566,16,,,1,99,,26571,16,,,1,98,,26567,16,,,1,98,,26568,16,,,1,98,,26569,16,,,1,94,,26570,16,,,1,94,,26576,16,,,1,92,,26572,16,,,1,51,,26573,16,,,1,92,,26574,16,,,1,92,,26575,16,,,1
8500,'1',642,,29617,60,,,1,16,,29618,60,,,1,56,,29619,60,,,1,16,,29620,60,,,1,16,,29621,60,,,1,60,,29622,60,,,1,16,,29623,60,,,1,16,,29624,60,,,1,16,,29625,60,,,1,56,,29626,60,,,1,16,,29627,60,,,1,10,,29628,59,,,1,16,,29629,59,,,1,65,,29630,59,,,1,25,,29631,59,,,1,58,,29632,59,,,1,25,,29633,59,,,1,25,,29634,59,,,1,65,,29635,59,,,1,25,,29636,59,,,1,66,,29637,59,,,1,25,,29638,59,,,1,27,,29639,59,,,1,65,,29640,59,,,1,20,,29641,59,,,1,57,,29668,45,,,1,18,,29642,45,,,1,20,,29643,45,,,1,16,,29644,45,,,1,57,,29645,45,,,1,16,,29646,45,,,1,24,,29647,46,,,1,53,,29648,46,,,1,16,,29649,46,,,1,16,,29650,46,,,1,19,,29651,46,,,1,56,,29652,46,,,1,16,,29653,46,,,1,16,,29654,46,,,1,10,,29655,46,,,1,56,,29656,46,,,1,16,,29657,46,,,1,16,,29658,46,,,1,16,,29659,46,,,1,52,,29660,45,,,1,25,,29661,45,,,1,25,,29662,45,,,1,65,,29663,45,,,1,32,,29664,45,,,1,72,,29665,45,,,1,72,,29666,45,,,1,32,,29667,45,,,1
8500,'2',716,,29697,59,,,1,32,,29698,59,,,1,70,,29699,59,,,1,28,,29700,59,,,1,74,,29701,59,,,1,30,,29702,59,,,1,70,,29703,59,,,1,34,,29704,59,,,1,70,,29705,59,,,1,31,,29669,59,,,1,62,,29670,59,,,1,25,,29671,59,,,1,63,,29672,59,,,1,23,,29673,59,,,1,23,,29674,59,,,1,63,,29675,59,,,1,23,,29676,59,,,1,63,,29677,59,,,1,23,,29678,59,,,1,23,,29679,59,,,1,63,,29680,59,,,1,23,,29681,59,,,1,23,,29682,59,,,1,63,,29683,59,,,1,21,,29684,59,,,1,61,,29685,59,,,1,17,,29686,59,,,1,21,,29687,59,,,1,21,,29688,59,,,1,61,,29689,59,,,1,21,,29690,59,,,1,61,,29691,59,,,1,18,,29692,59,,,1,21,,29693,59,,,1,61,,29694,59,,,1,21,,29695,59,,,1,21,,29696,59,,,1,70,,29706,59,,,1,30,,29707,59,,,1,70,,29708,59,,,1
8500,'3',852,,29726,31,,,1,80,,29727,31,,,1,79,,29709,59,,,1,40,,29710,59,,,1,81,,29711,59,,,1,80,,29712,59,,,1,91,,29713,59,,,1,43,,29714,59,,,1,83,,29715,59,,,1,83,,29716,59,,,1,42,,29717,59,,,1,83,,29718,59,,,1,84,,29719,59,,,1,34,,29720,59,,,1,81,,29721,59,,,1,85,,29722,59,,,1,37,,29723,59,,,1,81,,29724,59,,,1,81,,29725,59,,,1
8500,'74',716,,29756,59,,,1,32,,29757,59,,,1,70,,29758,59,,,1,28,,29759,59,,,1,74,,29760,59,,,1,30,,29761,59,,,1,70,,29762,59,,,1,34,,29763,59,,,1,70,,29764,59,,,1,31,,29728,59,,,1,62,,29729,59,,,1,25,,29730,59,,,1,63,,29731,59,,,1,23,,29732,59,,,1,23,,29733,59,,,1,63,,29734,59,,,1,23,,29735,59,,,1,63,,29736,59,,,1,23,,29737,59,,,1,23,,29738,59,,,1,63,,29739,59,,,1,23,,29740,59,,,1,23,,29741,59,,,1,63,,29742,59,,,1,21,,29743,59,,,1,61,,29744,59,,,1,17,,29745,59,,,1,21,,29746,59,,,1,21,,29747,59,,,1,61,,29748,59,,,1,21,,29749,59,,,1,61,,29750,59,,,1,18,,29751,59,,,1,21,,29752,59,,,1,61,,29753,59,,,1,21,,29754,59,,,1,21,,29755,59,,,1,70,,29765,59,,,1,30,,29766,59,,,1,70,,29767,59,,,1
8500,'80',852,,29785,31,,,1,80,,29786,31,,,1,79,,29768,59,,,1,40,,29769,59,,,1,81,,29770,59,,,1,80,,29771,59,,,1,91,,29772,59,,,1,43,,29773,59,,,1,83,,29774,59,,,1,83,,29775,59,,,1,42,,29776,59,,,1,83,,29777,59,,,1,84,,29778,59,,,1,34,,29779,59,,,1,81,,29780,59,,,1,85,,29781,59,,,1,37,,29782,59,,,1,81,,29783,59,,,1,81,,29784,59,,,1
