9601,'1',502,,31339,34,,,1,28,,31340,34,,,1,29,,31341,34,,,1,70,,31342,34,,,1,77,,31343,34,,,1,35,,31344,34,,,1,78,,31345,34,,,1,31,,31346,34,,,1,74,,31347,34,,,1,32,,31348,34,,,1,79,,31349,34,,,1,80,,31350,34,,,1,43,,31351,34,,,1,75,,31352,34,,,1,72,,31353,34,,,1,46,,31354,34,,,1,81,,31355,34,,,1,18,,31374,34,,,1,61,,31356,34,,,1,28,,31357,34,,,1,67,,31358,34,,,1,27,,31359,34,,,1,67,,31360,34,,,1,27,,31361,34,,,1,25,,31362,34,,,1,62,,31363,34,,,1,25,,31364,34,,,1,65,,31365,34,,,1,25,,31366,34,,,1,25,,31367,34,,,1,65,,31368,34,,,1,28,,31369,34,,,1,70,,31370,34,,,1,30,,31371,34,,,1,70,,31372,34,,,1,24,,31373,34,,,1
9601,'2',828,,31375,34,,,1,99,,31376,34,,,1,100,,31377,34,,,1,99,,31378,34,,,1,99,,31379,34,,,1,99,,31380,34,,,1,99,,31381,34,,,1,99,,31382,34,,,1,99,,31383,34,,,1,99,,31384,34,,,1,89,,31385,34,,,1,91,,31386,34,,,1,57,,31387,34,,,1
9601,'3',928,,31388,34,,,1,94,,31389,34,,,1,94,,31390,34,,,1,94,,31391,34,,,1,94,,31392,34,,,1,54,,31393,34,,,1,95,,31394,34,,,1,94,,31395,34,,,1,91,,31396,34,,,1,94,,31397,34,,,1,93,,31398,34,,,1,94,,31399,34,,,1
9601,'74',828,,31400,34,,,1,99,,31401,34,,,1,100,,31402,34,,,1,99,,31403,34,,,1,99,,31404,34,,,1,99,,31405,34,,,1,99,,31406,34,,,1,99,,31407,34,,,1,99,,31408,34,,,1,99,,31409,34,,,1,89,,31410,34,,,1,91,,31411,34,,,1,57,,31412,34,,,1
9601,'80',928,,31413,34,,,1,94,,31414,34,,,1,94,,31415,34,,,1,94,,31416,34,,,1,94,,31417,34,,,1,54,,31418,34,,,1,95,,31419,34,,,1,94,,31420,34,,,1,91,,31421,34,,,1,94,,31422,34,,,1,93,,31423,34,,,1,94,,31424,34,,,1
9801,'1',537,,31521,43,,,1,75,,31520,43,,,1,37,,31519,43,,,1,75,,31518,43,,,1,76,,31517,43,,,1,35,,31516,43,,,1,75,,31515,43,,,1,35,,31514,43,,,1,75,,31525,43,,,1,101,,31524,43,,,1,98,,31523,43,,,1,98,,31522,43,,,1,101,,31537,43,,,1,40,,31536,43,,,1,80,,31535,43,,,1,80,,31534,43,,,1,40,,31533,43,,,1,80,,31532,43,,,1,80,,31531,43,,,1,37,,31530,43,,,1,78,,31529,43,,,1,91,,31528,43,,,1,87,,31527,43,,,1,48,,31526,43,,,1
9801,'2',544,,31556,43,,,1,86,,31555,43,,,1,86,,31554,43,,,1,86,,31553,43,,,1,48,,31552,43,,,1,96,,31551,43,,,1,94,,31550,43,,,1,98,,31549,43,,,1,94,,31548,43,,,1,102,,31547,43,,,1,98,,31546,43,,,1,98,,31545,43,,,1,95,,31544,43,,,1,98,,31543,43,,,1,98,,31542,43,,,1,94,,31541,43,,,1,86,,31540,43,,,1,49,,31539,43,,,1,87,,31538,43,,,1
9801,'3',727,,31573,43,,,1,88,,31574,43,,,1,89,,31572,43,,,1,48,,31571,43,,,1,88,,31570,43,,,1,96,,31569,43,,,1,93,,31568,43,,,1,93,,31567,43,,,1,95,,31566,43,,,1,93,,31565,43,,,1,93,,31564,43,,,1,53,,31563,43,,,1,93,,31562,43,,,1,90,,31561,43,,,1,86,,31560,43,,,1,86,,31559,43,,,1,47,,31558,43,,,1,88,,31557,43,,,1
9801,'74',544,,31593,43,,,1,86,,31592,43,,,1,86,,31591,43,,,1,86,,31590,43,,,1,48,,31589,43,,,1,96,,31588,43,,,1,94,,31587,43,,,1,98,,31586,43,,,1,94,,31585,43,,,1,102,,31584,43,,,1,98,,31583,43,,,1,98,,31582,43,,,1,95,,31581,43,,,1,98,,31580,43,,,1,98,,31579,43,,,1,94,,31578,43,,,1,86,,31577,43,,,1,49,,31576,43,,,1,87,,31575,43,,,1
9801,'80',727,,31610,43,,,1,88,,31611,43,,,1,89,,31609,43,,,1,48,,31608,43,,,1,88,,31607,43,,,1,96,,31606,43,,,1,93,,31605,43,,,1,93,,31604,43,,,1,95,,31603,43,,,1,93,,31602,43,,,1,93,,31601,43,,,1,53,,31600,43,,,1,93,,31599,43,,,1,90,,31598,43,,,1,86,,31597,43,,,1,86,,31596,43,,,1,47,,31595,43,,,1,88,,31594,43,,,1
60101,'1',503,,34498,12,,,1,11,,34497,12,,,1,11,,34496,12,,,1,11,,34495,12,,,1,11,,34494,12,,,1,11,,34493,12,,,1,50,,34492,12,,,1,10,,34491,12,,,1,11,,34490,12,,,1,12,,34489,12,,,1,10,,34488,12,,,1,51,,34487,12,,,1,10,,34411,12,,,1,10,,34412,12,,,1,11,,34413,12,,,1,11,,34414,12,,,1,11,,34415,12,,,1,53,,34416,12,,,1,11,,34417,12,,,1,11,,34418,12,,,1,11,,34419,12,,,1,12,,34420,12,,,1,49,,34421,12,,,1,11,,34422,12,,,1,11,,34423,12,,,1,11,,34424,12,,,1,11,,34425,12,,,1,12,,34426,12,,,1,51,,34427,12,,,1,10,,34428,12,,,1,11,,34429,12,,,1,11,,34445,12,,,1,16,,34444,12,,,1,56,,34443,12,,,1,16,,34442,12,,,1,16,,34441,12,,,1,56,,34440,12,,,1,16,,34430,12,,,1,16,,34431,12,,,1,16,,34432,12,,,1,56,,34433,12,,,1,16,,34434,12,,,1,16,,34435,12,,,1,16,,34436,12,,,1,56,,34437,12,,,1,18,,34438,12,,,1,16,,34439,12,,,1,14,,34472,12,,,1,52,,34471,12,,,1,14,,34470,12,,,1,12,,34469,12,,,1,12,,34468,12,,,1,12,,34467,12,,,1,52,,34446,12,,,1,12,,34447,12,,,1,12,,34448,12,,,1,12,,34449,12,,,1,12,,34450,12,,,1,52,,34451,12,,,1,12,,34452,12,,,1,12,,34453,12,,,1,12,,34454,12,,,1,11,,34455,12,,,1,52,,34456,12,,,1,11,,34457,12,,,1,12,,34458,12,,,1,11,,34459,12,,,1,12,,34460,12,,,1,52,,34461,12,,,1,12,,34462,12,,,1,12,,34463,12,,,1,10,,34464,12,,,1,12,,34465,12,,,1,52,,34466,12,,,1,25,,34480,12,,,1,16,,34479,12,,,1,58,,34478,12,,,1,18,,34477,12,,,1,17,,34476,12,,,1,18,,34473,12,,,1,58,,34474,12,,,1,18,,34475,12,,,1,15,,34486,12,,,1,55,,34485,12,,,1,19,,34484,12,,,1,19,,34481,12,,,1,16,,34482,12,,,1,56,,34483,12,,,1
60101,'2',625,,34567,12,,,1,17,,34499,12,,,1,17,,34500,12,,,1,58,,34501,12,,,1,17,,34502,12,,,1,15,,34520,12,,,1,56,,34519,12,,,1,17,,34518,12,,,1,16,,34517,12,,,1,16,,34516,12,,,1,55,,34503,12,,,1,19,,34504,12,,,1,16,,34505,12,,,1,56,,34506,12,,,1,16,,34507,12,,,1,16,,34508,12,,,1,16,,34509,12,,,1,58,,34510,12,,,1,16,,34511,12,,,1,16,,34512,12,,,1,16,,34513,12,,,1,56,,34514,12,,,1,15,,34515,12,,,1,14,,34552,12,,,1,15,,34551,12,,,1,55,,34550,12,,,1,15,,34549,12,,,1,15,,34548,12,,,1,15,,34547,12,,,1,55,,34521,12,,,1,15,,34522,12,,,1,15,,34523,12,,,1,15,,34524,12,,,1,55,,34525,12,,,1,15,,34526,12,,,1,15,,34527,12,,,1,15,,34528,12,,,1,55,,34529,12,,,1,15,,34530,12,,,1,15,,34531,12,,,1,15,,34532,12,,,1,55,,34533,12,,,1,15,,34534,12,,,1,15,,34535,12,,,1,15,,34536,12,,,1,54,,34537,12,,,1,15,,34538,12,,,1,15,,34539,12,,,1,14,,34540,12,,,1,55,,34541,12,,,1,15,,34542,12,,,1,15,,34543,12,,,1,15,,34544,12,,,1,54,,34545,12,,,1,15,,34546,12,,,1,20,,34558,12,,,1,18,,34557,12,,,1,58,,34556,12,,,1,18,,34555,12,,,1,16,,34553,12,,,1,58,,34554,12,,,1,20,,34566,12,,,1,16,,34565,12,,,1,56,,34564,12,,,1,14,,34563,12,,,1,16,,34562,12,,,1,16,,34559,12,,,1,56,,34560,12,,,1,13,,34561,12,,,1
60101,'3',713,,34568,12,,,1,22,,34569,12,,,1,20,,34570,12,,,1,60,,34571,12,,,1,20,,34572,12,,,1,20,,34573,12,,,1,60,,34574,12,,,1,21,,34575,12,,,1,21,,34576,12,,,1,60,,34577,12,,,1,21,,34578,12,,,1,21,,34579,12,,,1,61,,34580,12,,,1,21,,34581,12,,,1,62,,34582,12,,,1,20,,34583,12,,,1,22,,34584,12,,,1,61,,34585,12,,,1,21,,34586,12,,,1,22,,34587,12,,,1,61,,34588,12,,,1,21,,34589,12,,,1,21,,34590,12,,,1,62,,34591,12,,,1,21,,34592,12,,,1,21,,34593,12,,,1,60,,34594,12,,,1,21,,34595,12,,,1,21,,34596,12,,,1,61,,34597,12,,,1,21,,34598,12,,,1,61,,34599,12,,,1,18,,34600,12,,,1,21,,34601,12,,,1,61,,34602,12,,,1,21,,34603,12,,,1,21,,34604,12,,,1,61,,34605,12,,,1,21,,34606,12,,,1,18,,34607,12,,,1,60,,34608,12,,,1,20,,34609,12,,,1,20,,34610,12,,,1,59,,34611,12,,,1,20,,34612,12,,,1,18,,34613,12,,,1,60,,34614,12,,,1,20,,34615,12,,,1,19,,34616,12,,,1,20,,34617,12,,,1,60,,34618,12,,,1,20,,34619,12,,,1
60101,'74',625,,34648,12,,,1,17,,34620,12,,,1,17,,34621,12,,,1,58,,34622,12,,,1,17,,34623,12,,,1,15,,34641,12,,,1,56,,34640,12,,,1,17,,34639,12,,,1,16,,34638,12,,,1,16,,34637,12,,,1,55,,34624,12,,,1,19,,34625,12,,,1,16,,34626,12,,,1,56,,34627,12,,,1,16,,34628,12,,,1,16,,34629,12,,,1,16,,34630,12,,,1,58,,34631,12,,,1,16,,34632,12,,,1,16,,34633,12,,,1,16,,34634,12,,,1,56,,34635,12,,,1,15,,34636,12,,,1,14,,34647,12,,,1,15,,34646,12,,,1,55,,34645,12,,,1,15,,34644,12,,,1,15,,34643,12,,,1,15,,34642,12,,,1,55,,34649,12,,,1,15,,34650,12,,,1,15,,34651,12,,,1,15,,34652,12,,,1,55,,34653,12,,,1,15,,34654,12,,,1,15,,34655,12,,,1,15,,34656,12,,,1,55,,34657,12,,,1,15,,34658,12,,,1,15,,34659,12,,,1,15,,34660,12,,,1,55,,34661,12,,,1,15,,34662,12,,,1,15,,34663,12,,,1,15,,34664,12,,,1,54,,34665,12,,,1,15,,34666,12,,,1,15,,34667,12,,,1,14,,34668,12,,,1,55,,34669,12,,,1,15,,34670,12,,,1,15,,34671,12,,,1,15,,34672,12,,,1,54,,34673,12,,,1,15,,34674,12,,,1,20,,34680,12,,,1,18,,34679,12,,,1,58,,34678,12,,,1,18,,34677,12,,,1,16,,34675,12,,,1,58,,34676,12,,,1,20,,34688,12,,,1,16,,34687,12,,,1,56,,34686,12,,,1,14,,34685,12,,,1,16,,34684,12,,,1,16,,34681,12,,,1,56,,34682,12,,,1,13,,34683,12,,,1
60101,'80',713,,34689,12,,,1,22,,34690,12,,,1,20,,34691,12,,,1,60,,34692,12,,,1,20,,34693,12,,,1,20,,34694,12,,,1,60,,34695,12,,,1,21,,34696,12,,,1,21,,34697,12,,,1,60,,34698,12,,,1,21,,34699,12,,,1,21,,34700,12,,,1,61,,34701,12,,,1,21,,34702,12,,,1,62,,34703,12,,,1,20,,34704,12,,,1,22,,34705,12,,,1,61,,34706,12,,,1,21,,34707,12,,,1,22,,34708,12,,,1,61,,34709,12,,,1,21,,34710,12,,,1,21,,34711,12,,,1,62,,34712,12,,,1,21,,34713,12,,,1,21,,34714,12,,,1,60,,34715,12,,,1,21,,34716,12,,,1,21,,34717,12,,,1,61,,34718,12,,,1,21,,34719,12,,,1,61,,34720,12,,,1,18,,34721,12,,,1,21,,34722,12,,,1,61,,34723,12,,,1,21,,34724,12,,,1,21,,34725,12,,,1,61,,34726,12,,,1,21,,34727,12,,,1,18,,34728,12,,,1,60,,34729,12,,,1,20,,34730,12,,,1,20,,34731,12,,,1,59,,34732,12,,,1,20,,34733,12,,,1,18,,34734,12,,,1,60,,34735,12,,,1,20,,34736,12,,,1,19,,34737,12,,,1,20,,34738,12,,,1,60,,34739,12,,,1,20,,34740,12,,,1
910201,'1',639,,36824,17,,,1,85,,36825,17,,,1,85,,36826,17,,,1,45,,36827,17,,,1
989901,'1',2217,,36877,43,,,1,31,,36878,43,,,1,78,,36879,43,,,1,76,,36880,43,,,1,35,,36881,43,,,1,71,,36882,43,,,1,35,,36883,43,,,1,75,,36884,43,,,1
989901,'2',2223,,36885,43,,,1,91,,36886,43,,,1,43,,36887,43,,,1,91,,36890,43,,,1,85,,36888,43,,,1,86,,36889,43,,,1
989901,'3',2235,,36891,43,,,1,88,,36892,43,,,1,83,,36893,43,,,1,49,,36894,43,,,1,79,,36895,43,,,1,83,,36896,43,,,1
989901,'74',2223,,36897,43,,,1,91,,36898,43,,,1,43,,36899,43,,,1,91,,36902,43,,,1,85,,36900,43,,,1,86,,36901,43,,,1
989901,'80',2235,,36903,43,,,1,88,,36904,43,,,1,83,,36905,43,,,1,49,,36906,43,,,1,79,,36907,43,,,1,83,,36908,43,,,1
