9601,'1',444,,31339,12,,,1,67,,31340,12,,,1,29,,31341,12,,,1,70,,31342,12,,,1,35,,31343,12,,,1,72,,31344,12,,,1,38,,31345,12,,,1,73,,31346,12,,,1,74,,31347,12,,,1,33,,31348,12,,,1,79,,31349,12,,,1,40,,31350,12,,,1,83,,31351,12,,,1,75,,31352,12,,,1,32,,31353,12,,,1,86,,31354,12,,,1,79,,31355,12,,,1,18,,31374,12,,,1,21,,31356,12,,,1,68,,31357,12,,,1,27,,31358,12,,,1,67,,31359,12,,,1,27,,31360,12,,,1,67,,31361,12,,,1,26,,31362,12,,,1,26,,31363,12,,,1,65,,31364,12,,,1,25,,31365,12,,,1,65,,31366,12,,,1,24,,31367,12,,,1,65,,31368,12,,,1,30,,31369,12,,,1,70,,31370,12,,,1,30,,31371,12,,,1,70,,31372,12,,,1,24,,31373,12,,,1
9601,'2',807,,31375,12,,,1,99,,31376,12,,,1,100,,31377,12,,,1,99,,31378,12,,,1,99,,31379,12,,,1,99,,31380,12,,,1,99,,31381,12,,,1,99,,31382,12,,,1,99,,31383,12,,,1,59,,31384,12,,,1,91,,31385,12,,,1,92,,31386,12,,,1,97,,31387,12,,,1
9601,'3',907,,31388,12,,,1,94,,31389,12,,,1,54,,31390,12,,,1,94,,31391,12,,,1,94,,31392,12,,,1,94,,31393,12,,,1,94,,31394,12,,,1,94,,31395,12,,,1,94,,31396,12,,,1,94,,31397,12,,,1,94,,31398,12,,,1,94,,31399,12,,,1
9601,'74',807,,31400,12,,,1,99,,31401,12,,,1,100,,31402,12,,,1,99,,31403,12,,,1,99,,31404,12,,,1,99,,31405,12,,,1,99,,31406,12,,,1,99,,31407,12,,,1,99,,31408,12,,,1,59,,31409,12,,,1,91,,31410,12,,,1,92,,31411,12,,,1,97,,31412,12,,,1
9601,'80',907,,31413,12,,,1,94,,31414,12,,,1,54,,31415,12,,,1,94,,31416,12,,,1,94,,31417,12,,,1,94,,31418,12,,,1,94,,31419,12,,,1,94,,31420,12,,,1,94,,31421,12,,,1,94,,31422,12,,,1,94,,31423,12,,,1,94,,31424,12,,,1
9801,'1',521,,31521,21,,,1,35,,31520,21,,,1,76,,31519,21,,,1,75,,31518,21,,,1,35,,31517,21,,,1,75,,31516,21,,,1,35,,31515,21,,,1,75,,31514,21,,,1,75,,31525,21,,,1,100,,31524,21,,,1,98,,31523,21,,,1,58,,31522,21,,,1,100,,31537,21,,,1,80,,31536,21,,,1,80,,31535,21,,,1,40,,31534,21,,,1,80,,31533,21,,,1,80,,31532,21,,,1,40,,31531,21,,,1,79,,31530,21,,,1,78,,31529,21,,,1,91,,31528,21,,,1,49,,31527,21,,,1,88,,31526,21,,,1
9801,'2',529,,31556,21,,,1,86,,31555,21,,,1,86,,31554,21,,,1,46,,31553,21,,,1,87,,31552,21,,,1,96,,31551,21,,,1,94,,31550,21,,,1,97,,31549,21,,,1,94,,31548,21,,,1,100,,31547,21,,,1,98,,31546,21,,,1,98,,31545,21,,,1,96,,31544,21,,,1,98,,31543,21,,,1,98,,31542,21,,,1,56,,31541,21,,,1,86,,31540,21,,,1,89,,31539,21,,,1,88,,31538,21,,,1
9801,'3',711,,31573,21,,,1,48,,31574,21,,,1,88,,31572,21,,,1,88,,31571,21,,,1,88,,31570,21,,,1,96,,31569,21,,,1,93,,31568,21,,,1,93,,31567,21,,,1,95,,31566,21,,,1,53,,31565,21,,,1,93,,31564,21,,,1,93,,31563,21,,,1,93,,31562,21,,,1,90,,31561,21,,,1,87,,31560,21,,,1,48,,31559,21,,,1,87,,31558,21,,,1,88,,31557,21,,,1
9801,'74',529,,31593,21,,,1,86,,31592,21,,,1,86,,31591,21,,,1,46,,31590,21,,,1,87,,31589,21,,,1,96,,31588,21,,,1,94,,31587,21,,,1,97,,31586,21,,,1,94,,31585,21,,,1,100,,31584,21,,,1,98,,31583,21,,,1,98,,31582,21,,,1,96,,31581,21,,,1,98,,31580,21,,,1,98,,31579,21,,,1,56,,31578,21,,,1,86,,31577,21,,,1,89,,31576,21,,,1,88,,31575,21,,,1
9801,'80',711,,31610,21,,,1,48,,31611,21,,,1,88,,31609,21,,,1,88,,31608,21,,,1,88,,31607,21,,,1,96,,31606,21,,,1,93,,31605,21,,,1,93,,31604,21,,,1,95,,31603,21,,,1,53,,31602,21,,,1,93,,31601,21,,,1,93,,31600,21,,,1,93,,31599,21,,,1,90,,31598,21,,,1,87,,31597,21,,,1,48,,31596,21,,,1,87,,31595,21,,,1,88,,31594,21,,,1
60101,'1',447,,34498,5,,,1,11,,34497,5,,,1,51,,34496,5,,,1,11,,34495,5,,,1,11,,34494,5,,,1,11,,34493,5,,,1,9,,34492,5,,,1,50,,34491,5,,,1,11,,34490,5,,,1,12,,34489,5,,,1,10,,34488,5,,,1,11,,34487,5,,,1,9,,34411,5,,,1,50,,34412,5,,,1,11,,34413,5,,,1,11,,34414,5,,,1,11,,34415,5,,,1,12,,34416,5,,,1,51,,34417,5,,,1,11,,34418,5,,,1,11,,34419,5,,,1,12,,34420,5,,,1,9,,34421,5,,,1,11,,34422,5,,,1,51,,34423,5,,,1,11,,34424,5,,,1,11,,34425,5,,,1,12,,34426,5,,,1,11,,34427,5,,,1,50,,34428,5,,,1,11,,34429,5,,,1,11,,34445,5,,,1,16,,34444,5,,,1,16,,34443,5,,,1,56,,34442,5,,,1,16,,34441,5,,,1,16,,34440,5,,,1,16,,34430,5,,,1,56,,34431,5,,,1,16,,34432,5,,,1,16,,34433,5,,,1,56,,34434,5,,,1,16,,34435,5,,,1,16,,34436,5,,,1,16,,34437,5,,,1,56,,34438,5,,,1,16,,34439,5,,,1,14,,34472,5,,,1,12,,34471,5,,,1,53,,34470,5,,,1,12,,34469,5,,,1,12,,34468,5,,,1,12,,34467,5,,,1,12,,34446,5,,,1,52,,34447,5,,,1,12,,34448,5,,,1,12,,34449,5,,,1,12,,34450,5,,,1,12,,34451,5,,,1,52,,34452,5,,,1,12,,34453,5,,,1,12,,34454,5,,,1,11,,34455,5,,,1,13,,34456,5,,,1,51,,34457,5,,,1,12,,34458,5,,,1,12,,34459,5,,,1,12,,34460,5,,,1,12,,34461,5,,,1,52,,34462,5,,,1,12,,34463,5,,,1,12,,34464,5,,,1,12,,34465,5,,,1,12,,34466,5,,,1,65,,34480,5,,,1,17,,34479,5,,,1,18,,34478,5,,,1,58,,34477,5,,,1,17,,34476,5,,,1,18,,34473,5,,,1,18,,34474,5,,,1,58,,34475,5,,,1,15,,34486,5,,,1,17,,34485,5,,,1,59,,34484,5,,,1,19,,34481,5,,,1,18,,34482,5,,,1,56,,34483,5,,,1
60101,'2',609,,34567,5,,,1,17,,34499,5,,,1,17,,34500,5,,,1,57,,34501,5,,,1,17,,34502,5,,,1,15,,34520,5,,,1,16,,34519,5,,,1,57,,34518,5,,,1,16,,34517,5,,,1,16,,34516,5,,,1,15,,34503,5,,,1,58,,34504,5,,,1,16,,34505,5,,,1,16,,34506,5,,,1,16,,34507,5,,,1,56,,34508,5,,,1,16,,34509,5,,,1,16,,34510,5,,,1,56,,34511,5,,,1,16,,34512,5,,,1,16,,34513,5,,,1,16,,34514,5,,,1,55,,34515,5,,,1,14,,34552,5,,,1,15,,34551,5,,,1,15,,34550,5,,,1,55,,34549,5,,,1,15,,34548,5,,,1,15,,34547,5,,,1,15,,34521,5,,,1,55,,34522,5,,,1,15,,34523,5,,,1,15,,34524,5,,,1,15,,34525,5,,,1,55,,34526,5,,,1,15,,34527,5,,,1,15,,34528,5,,,1,15,,34529,5,,,1,55,,34530,5,,,1,15,,34531,5,,,1,15,,34532,5,,,1,15,,34533,5,,,1,55,,34534,5,,,1,15,,34535,5,,,1,15,,34536,5,,,1,15,,34537,5,,,1,55,,34538,5,,,1,15,,34539,5,,,1,15,,34540,5,,,1,15,,34541,5,,,1,55,,34542,5,,,1,15,,34543,5,,,1,15,,34544,5,,,1,15,,34545,5,,,1,55,,34546,5,,,1,20,,34558,5,,,1,18,,34557,5,,,1,58,,34556,5,,,1,18,,34555,5,,,1,16,,34553,5,,,1,18,,34554,5,,,1,60,,34566,5,,,1,16,,34565,5,,,1,16,,34564,5,,,1,56,,34563,5,,,1,16,,34562,5,,,1,16,,34559,5,,,1,16,,34560,5,,,1,55,,34561,5,,,1
60101,'3',657,,34568,5,,,1,61,,34569,5,,,1,20,,34570,5,,,1,20,,34571,5,,,1,60,,34572,5,,,1,20,,34573,5,,,1,20,,34574,5,,,1,61,,34575,5,,,1,20,,34576,5,,,1,20,,34577,5,,,1,61,,34578,5,,,1,21,,34579,5,,,1,61,,34580,5,,,1,21,,34581,5,,,1,22,,34582,5,,,1,60,,34583,5,,,1,21,,34584,5,,,1,21,,34585,5,,,1,61,,34586,5,,,1,21,,34587,5,,,1,21,,34588,5,,,1,61,,34589,5,,,1,21,,34590,5,,,1,21,,34591,5,,,1,61,,34592,5,,,1,21,,34593,5,,,1,21,,34594,5,,,1,61,,34595,5,,,1,21,,34596,5,,,1,21,,34597,5,,,1,61,,34598,5,,,1,21,,34599,5,,,1,60,,34600,5,,,1,21,,34601,5,,,1,21,,34602,5,,,1,62,,34603,5,,,1,21,,34604,5,,,1,21,,34605,5,,,1,61,,34606,5,,,1,19,,34607,5,,,1,20,,34608,5,,,1,60,,34609,5,,,1,20,,34610,5,,,1,20,,34611,5,,,1,60,,34612,5,,,1,19,,34613,5,,,1,20,,34614,5,,,1,60,,34615,5,,,1,20,,34616,5,,,1,20,,34617,5,,,1,60,,34618,5,,,1,20,,34619,5,,,1
60101,'74',609,,34648,5,,,1,17,,34620,5,,,1,17,,34621,5,,,1,57,,34622,5,,,1,17,,34623,5,,,1,15,,34641,5,,,1,16,,34640,5,,,1,57,,34639,5,,,1,16,,34638,5,,,1,16,,34637,5,,,1,15,,34624,5,,,1,58,,34625,5,,,1,16,,34626,5,,,1,16,,34627,5,,,1,16,,34628,5,,,1,56,,34629,5,,,1,16,,34630,5,,,1,16,,34631,5,,,1,56,,34632,5,,,1,16,,34633,5,,,1,16,,34634,5,,,1,16,,34635,5,,,1,55,,34636,5,,,1,14,,34647,5,,,1,15,,34646,5,,,1,15,,34645,5,,,1,55,,34644,5,,,1,15,,34643,5,,,1,15,,34642,5,,,1,15,,34649,5,,,1,55,,34650,5,,,1,15,,34651,5,,,1,15,,34652,5,,,1,15,,34653,5,,,1,55,,34654,5,,,1,15,,34655,5,,,1,15,,34656,5,,,1,15,,34657,5,,,1,55,,34658,5,,,1,15,,34659,5,,,1,15,,34660,5,,,1,15,,34661,5,,,1,55,,34662,5,,,1,15,,34663,5,,,1,15,,34664,5,,,1,15,,34665,5,,,1,55,,34666,5,,,1,15,,34667,5,,,1,15,,34668,5,,,1,15,,34669,5,,,1,55,,34670,5,,,1,15,,34671,5,,,1,15,,34672,5,,,1,15,,34673,5,,,1,55,,34674,5,,,1,20,,34680,5,,,1,18,,34679,5,,,1,58,,34678,5,,,1,18,,34677,5,,,1,16,,34675,5,,,1,18,,34676,5,,,1,60,,34688,5,,,1,16,,34687,5,,,1,16,,34686,5,,,1,56,,34685,5,,,1,16,,34684,5,,,1,16,,34681,5,,,1,16,,34682,5,,,1,55,,34683,5,,,1
60101,'80',657,,34689,5,,,1,61,,34690,5,,,1,20,,34691,5,,,1,20,,34692,5,,,1,60,,34693,5,,,1,20,,34694,5,,,1,20,,34695,5,,,1,61,,34696,5,,,1,20,,34697,5,,,1,20,,34698,5,,,1,61,,34699,5,,,1,21,,34700,5,,,1,61,,34701,5,,,1,21,,34702,5,,,1,22,,34703,5,,,1,60,,34704,5,,,1,21,,34705,5,,,1,21,,34706,5,,,1,61,,34707,5,,,1,21,,34708,5,,,1,21,,34709,5,,,1,61,,34710,5,,,1,21,,34711,5,,,1,21,,34712,5,,,1,61,,34713,5,,,1,21,,34714,5,,,1,21,,34715,5,,,1,61,,34716,5,,,1,21,,34717,5,,,1,21,,34718,5,,,1,61,,34719,5,,,1,21,,34720,5,,,1,60,,34721,5,,,1,21,,34722,5,,,1,21,,34723,5,,,1,62,,34724,5,,,1,21,,34725,5,,,1,21,,34726,5,,,1,61,,34727,5,,,1,19,,34728,5,,,1,20,,34729,5,,,1,60,,34730,5,,,1,20,,34731,5,,,1,20,,34732,5,,,1,60,,34733,5,,,1,19,,34734,5,,,1,20,,34735,5,,,1,60,,34736,5,,,1,20,,34737,5,,,1,20,,34738,5,,,1,60,,34739,5,,,1,20,,34740,5,,,1
989901,'1',2202,,36877,21,,,1,32,,36878,21,,,1,78,,36879,21,,,1,36,,36880,21,,,1,75,,36881,21,,,1,32,,36882,21,,,1,75,,36883,21,,,1,75,,36884,21,,,1
989901,'2',2208,,36885,21,,,1,93,,36886,21,,,1,43,,36887,21,,,1,91,,36890,21,,,1,85,,36888,21,,,1,86,,36889,21,,,1
989901,'3',2220,,36891,21,,,1,90,,36892,21,,,1,43,,36893,21,,,1,89,,36894,21,,,1,79,,36895,21,,,1,83,,36896,21,,,1
989901,'74',2208,,36897,21,,,1,93,,36898,21,,,1,43,,36899,21,,,1,91,,36902,21,,,1,85,,36900,21,,,1,86,,36901,21,,,1
989901,'80',2220,,36903,21,,,1,90,,36904,21,,,1,43,,36905,21,,,1,89,,36906,21,,,1,79,,36907,21,,,1,83,,36908,21,,,1
