9600,'1',617,,31260,18,,,1,42,,31259,18,,,1,71,,31258,18,,,1,77,,31257,18,,,1,27,,31256,18,,,1,79,,31253,18,,,1,34,,31254,18,,,1,70,,31255,18,,,1,32,,31268,18,,,1,70,,31267,18,,,1,39,,31261,18,,,1,79,,31262,18,,,1,79,,31263,18,,,1,43,,31264,18,,,1,65,,31265,18,,,1,85,,31266,18,,,1,43,,31274,18,,,1,67,,31273,18,,,1,29,,31272,18,,,1,67,,31269,18,,,1,27,,31270,18,,,1,63,,31271,18,,,1,27,,31277,18,,,1,24,,31278,18,,,1,54,,31288,18,,,1,13,,31276,18,,,1,25,,31275,18,,,1,74,,31285,18,,,1,30,,31284,18,,,1,55,,31287,18,,,1,15,,31279,18,,,1,30,,31280,18,,,1,70,,31281,18,,,1,30,,31282,18,,,1,70,,31283,18,,,1,17,,31286,18,,,1
9600,'2',941,,31289,18,,,1,99,,31290,18,,,1,99,,31291,18,,,1,99,,31292,18,,,1,99,,31293,18,,,1,99,,31294,18,,,1,98,,31295,18,,,1,99,,31296,18,,,1,96,,31297,18,,,1,97,,31298,18,,,1,87,,31299,18,,,1,87,,31300,18,,,1,57,,31301,18,,,1
9600,'3',1034,,31302,18,,,1,94,,31303,18,,,1,94,,31304,18,,,1,94,,31305,18,,,1,94,,31306,18,,,1,94,,31307,18,,,1,54,,31308,18,,,1,94,,31309,18,,,1,93,,31310,18,,,1,94,,31311,18,,,1,94,,31312,18,,,1,93,,31313,18,,,1
9600,'74',941,,31314,18,,,1,99,,31315,18,,,1,99,,31316,18,,,1,99,,31317,18,,,1,99,,31318,18,,,1,99,,31319,18,,,1,98,,31320,18,,,1,99,,31321,18,,,1,96,,31322,18,,,1,97,,31323,18,,,1,87,,31324,18,,,1,87,,31325,18,,,1,57,,31326,18,,,1
9600,'80',1034,,31327,18,,,1,94,,31328,18,,,1,94,,31329,18,,,1,94,,31330,18,,,1,94,,31331,18,,,1,94,,31332,18,,,1,54,,31333,18,,,1,94,,31334,18,,,1,93,,31335,18,,,1,94,,31336,18,,,1,94,,31337,18,,,1,93,,31338,18,,,1
10700,'1',456,,32223,18,,,1,64,,32222,18,,,1,24,,32221,18,,,1,64,,32220,18,,,1,20,,32219,18,,,1,16,,32218,18,,,1,61,,32217,18,,,1,11,,32216,18,,,1,16,,32215,18,,,1,19,,32214,18,,,1,56,,32213,18,,,1,12,,32212,18,,,1,16,,32211,18,,,1,16,,32210,18,,,1,55,,32209,18,,,1,42,,32208,18,,,1,82,,32207,18,,,1,82,,32206,18,,,1,42,,32205,18,,,1,85,,32204,18,,,1,81,,32203,18,,,1,82,,32202,18,,,1,21,,32201,18,,,1,18,,32200,18,,,1,18,,32251,18,,,1,59,,32250,18,,,1,19,,32249,18,,,1,18,,32248,18,,,1,58,,32247,18,,,1,23,,32246,18,,,1,16,,32245,18,,,1,58,,32244,18,,,1,17,,32243,18,,,1,20,,32242,18,,,1,56,,32241,18,,,1,18,,32240,18,,,1,14,,32239,18,,,1,18,,32238,18,,,1,78,,32237,18,,,1,81,,32236,18,,,1,38,,32235,18,,,1,80,,32234,18,,,1,74,,32233,18,,,1,34,,32232,18,,,1,74,,32231,18,,,1,34,,32230,18,,,1,74,,32229,18,,,1,34,,32228,18,,,1,74,,32227,18,,,1,74,,32226,18,,,1,31,,32225,18,,,1,74,,32224,18,,,1
10700,'2',631,,32254,18,,,1,78,,32253,18,,,1,37,,32252,18,,,1,77,,32255,18,,,1,77,,32256,18,,,1,37,,32257,18,,,1,77,,32258,18,,,1,37,,32259,18,,,1,77,,32260,18,,,1,77,,32261,18,,,1,36,,32262,18,,,1,77,,32263,18,,,1,37,,32264,18,,,1,77,,32265,18,,,1,77,,32266,18,,,1,37,,32267,18,,,1,76,,32268,18,,,1,37,,32269,18,,,1,77,,32270,18,,,1,77,,32271,18,,,1,37,,32272,18,,,1,77,,32273,18,,,1,77,,32274,18,,,1,37,,32275,18,,,1,77,,32276,18,,,1,37,,32277,18,,,1,77,,32278,18,,,1,77,,32279,18,,,1,37,,32280,18,,,1,77,,32281,18,,,1,77,,32282,18,,,1,36,,32283,18,,,1,77,,32285,18,,,1,37,,32284,18,,,1
10700,'3',821,,32299,18,,,1,37,,32300,18,,,1,77,,32301,18,,,1,77,,32302,18,,,1,37,,32303,18,,,1,77,,32304,18,,,1,77,,32305,18,,,1,37,,32306,18,,,1,77,,32307,18,,,1,37,,32308,18,,,1,76,,32309,18,,,1,77,,32310,18,,,1,37,,32314,18,,,1,77,,32313,18,,,1,37,,32315,18,,,1,77,,32316,18,,,1,77,,32317,18,,,1,37,,32318,18,,,1,77,,32286,18,,,1,77,,32287,18,,,1,37,,32288,18,,,1,77,,32311,18,,,1,37,,32289,18,,,1,77,,32290,18,,,1,77,,32291,18,,,1,37,,32292,18,,,1,77,,32293,18,,,1,37,,32294,18,,,1,77,,32295,18,,,1,77,,32312,18,,,1,37,,32296,18,,,1
10700,'74',631,,32321,18,,,1,78,,32320,18,,,1,37,,32319,18,,,1,77,,32322,18,,,1,77,,32323,18,,,1,37,,32324,18,,,1,77,,32325,18,,,1,37,,32326,18,,,1,77,,32327,18,,,1,77,,32328,18,,,1,36,,32329,18,,,1,77,,32330,18,,,1,37,,32331,18,,,1,77,,32332,18,,,1,77,,32333,18,,,1,37,,32334,18,,,1,76,,32335,18,,,1,37,,32336,18,,,1,77,,32337,18,,,1,77,,32338,18,,,1,37,,32339,18,,,1,77,,32340,18,,,1,77,,32341,18,,,1,37,,32342,18,,,1,77,,32343,18,,,1,37,,32344,18,,,1,77,,32345,18,,,1,77,,32346,18,,,1,37,,32347,18,,,1,77,,32348,18,,,1,77,,32349,18,,,1,36,,32350,18,,,1,77,,32352,18,,,1,37,,32351,18,,,1
10700,'80',821,,32366,18,,,1,37,,32367,18,,,1,77,,32368,18,,,1,77,,32369,18,,,1,37,,32370,18,,,1,77,,32371,18,,,1,77,,32372,18,,,1,37,,32373,18,,,1,77,,32374,18,,,1,37,,32375,18,,,1,76,,32376,18,,,1,77,,32377,18,,,1,37,,32381,18,,,1,77,,32380,18,,,1,37,,32382,18,,,1,77,,32383,18,,,1,77,,32384,18,,,1,37,,32385,18,,,1,77,,32353,18,,,1,77,,32354,18,,,1,37,,32355,18,,,1,77,,32378,18,,,1,37,,32356,18,,,1,77,,32357,18,,,1,77,,32358,18,,,1,37,,32359,18,,,1,77,,32360,18,,,1,37,,32361,18,,,1,77,,32362,18,,,1,77,,32379,18,,,1,37,,32363,18,,,1
