600,'1',424,,24934,14,,,1,30,,24935,14,,,1,62,,24936,14,,,1,22,,24937,14,,,1,62,,24938,14,,,1,22,,24939,14,,,1,22,,24940,14,,,1,69,,24941,14,,,1,23,,24942,14,,,1,71,,24943,14,,,1,26,,24944,14,,,1,67,,24945,14,,,1,26,,24946,14,,,1,76,,24947,14,,,1,36,,24948,14,,,1,76,,24949,14,,,1,36,,24950,14,,,1,76,,24951,14,,,1,76,,24952,14,,,1,36,,24953,14,,,1,67,,24954,14,,,1,28,,24955,14,,,1,68,,24956,14,,,1,27,,24957,14,,,1,27,,24958,14,,,1,67,,24959,14,,,1,27,,24960,14,,,1,67,,24961,14,,,1,27,,24962,14,,,1,66,,24963,14,,,1,27,,24964,14,,,1,67,,24965,14,,,1,26,,24966,14,,,1,74,,24967,14,,,1,34,,24968,14,,,1,74,,24969,14,,,1,34,,24970,14,,,1,103,,24971,14,,,1,103,,24972,14,,,1,103,,24973,14,,,1
600,'2',549,,24974,14,,,1,70,,24975,14,,,1,26,,24976,14,,,1,71,,24977,14,,,1,33,,24978,14,,,1,81,,24979,14,,,1,75,,24980,14,,,1,32,,24981,14,,,1,72,,24982,14,,,1,32,,24983,14,,,1,72,,24984,14,,,1,32,,24985,14,,,1,72,,24986,14,,,1,32,,24987,14,,,1,72,,24988,14,,,1,32,,24989,14,,,1,78,,24990,14,,,1,77,,24991,14,,,1,37,,24992,14,,,1,78,,24993,14,,,1,36,,24994,14,,,1,78,,24995,14,,,1,75,,24996,14,,,1,35,,24997,14,,,1,70,,24998,14,,,1,33,,24999,14,,,1,99,,25000,14,,,1,95,,25001,14,,,1,95,,25002,14,,,1,95,,25003,14,,,1
600,'3',604,,25004,14,,,1,27,,25005,14,,,1,69,,25006,14,,,1,35,,25007,14,,,1,69,,25008,14,,,1,41,,25009,14,,,1,75,,25010,14,,,1,32,,25011,14,,,1,72,,25012,14,,,1,32,,25013,14,,,1,72,,25014,14,,,1,72,,25015,14,,,1,32,,25016,14,,,1,72,,25017,14,,,1,32,,25018,14,,,1,73,,25019,14,,,1,39,,25020,14,,,1,76,,25021,14,,,1,77,,25022,14,,,1,37,,25023,14,,,1,77,,25024,14,,,1,37,,25025,14,,,1,73,,25026,14,,,1,77,,25027,14,,,1,30,,25028,14,,,1,100,,25029,14,,,1,97,,25030,14,,,1,98,,25031,14,,,1,98,,25032,14,,,1
600,'74',549,,25033,14,,,1,70,,25034,14,,,1,26,,25035,14,,,1,71,,25036,14,,,1,33,,25037,14,,,1,81,,25038,14,,,1,75,,25039,14,,,1,32,,25040,14,,,1,72,,25041,14,,,1,32,,25042,14,,,1,72,,25043,14,,,1,32,,25044,14,,,1,72,,25045,14,,,1,32,,25046,14,,,1,72,,25047,14,,,1,32,,25048,14,,,1,78,,25049,14,,,1,77,,25050,14,,,1,37,,25051,14,,,1,78,,25052,14,,,1,36,,25053,14,,,1,78,,25054,14,,,1,75,,25055,14,,,1,35,,25056,14,,,1,70,,25057,14,,,1,33,,25058,14,,,1,99,,25059,14,,,1,95,,25060,14,,,1,95,,25061,14,,,1,95,,25062,14,,,1
600,'80',604,,25063,14,,,1,27,,25064,14,,,1,69,,25065,14,,,1,35,,25066,14,,,1,69,,25067,14,,,1,41,,25068,14,,,1,75,,25069,14,,,1,32,,25070,14,,,1,72,,25071,14,,,1,32,,25072,14,,,1,72,,25073,14,,,1,72,,25074,14,,,1,32,,25075,14,,,1,72,,25076,14,,,1,32,,25077,14,,,1,73,,25078,14,,,1,39,,25079,14,,,1,76,,25080,14,,,1,77,,25081,14,,,1,37,,25082,14,,,1,77,,25083,14,,,1,37,,25084,14,,,1,73,,25085,14,,,1,77,,25086,14,,,1,30,,25087,14,,,1,100,,25088,14,,,1,97,,25089,14,,,1,98,,25090,14,,,1,98,,25091,14,,,1
601,'1',2211,,25124,25,4,,1,347,,25129,25,4,,1
601,'2',2014,,25153,25,4,,1,413,,25159,25,4,,1
601,'3',2002,,25183,25,4,,1,419,,25189,25,4,,1
601,'74',2014,,25213,25,4,,1,413,,25219,25,4,,1
601,'80',2002,,25243,25,4,,1,419,,25249,25,4,,1
36101,'1',604,,34011,14,,,1,24,,34012,14,,,1,72,,34013,14,,,1,23,,34014,14,,,1,26,,34015,14,,,1,66,,34016,14,,,1,26,,34017,14,,,1,60,,34018,14,,,1,25,,34019,14,,,1,581,,34020,14,,,1,25,,34021,14,,,1,25,,34022,14,,,1,67,,34023,14,,,1,24,,34024,14,,,1,69,,34025,14,,,1,23,,34026,14,,,1,65,,34027,14,,,1,23,,34028,14,,,1
