9901,'1',412,,31722,23,,,1,41,,31723,23,,,1,80,,31724,23,,,1,81,,31725,23,,,1,39,,31726,23,,,1,75,,31727,23,,,1,29,,31728,23,,,1,83,,31729,23,,,1,75,,31730,23,,,1,35,,31731,23,,,1,94,,31732,23,,,1,98,,31733,23,,,1,94,,31734,23,,,1,94,,31735,23,,,1,100,,31736,23,,,1,25,,31737,23,,,1,70,,31738,23,,,1,30,,31739,23,,,1,70,,31740,23,,,1,30,,31741,23,,,1,70,,31742,23,,,1,30,,31743,23,,,1,69,,31744,23,,,1,30,,31745,23,,,1,66,,31746,23,,,1,30,,31747,23,,,1,70,,31748,23,,,1,25,,31749,23,,,1,71,,31750,23,,,1,85,,31751,23,,,1
9901,'2',534,,31752,23,,,1,77,,31753,23,,,1,37,,31754,23,,,1,77,,31755,23,,,1,87,,31756,23,,,1,90,,31757,23,,,1,48,,31758,23,,,1,87,,31759,23,,,1,102,,31760,23,,,1,97,,31761,23,,,1,95,,31762,23,,,1,95,,31763,23,,,1,95,,31764,23,,,1,95,,31765,23,,,1,92,,31766,23,,,1,94,,31767,23,,,1,55,,31768,23,,,1,91,,31769,23,,,1,85,,31770,23,,,1,85,,31771,23,,,1
9901,'3',538,,31772,23,,,1,80,,31773,23,,,1,38,,31774,23,,,1,78,,31775,23,,,1,78,,31776,23,,,1,92,,31777,23,,,1,49,,31778,23,,,1,89,,31779,23,,,1,89,,31780,23,,,1,93,,31781,23,,,1,89,,31782,23,,,1,89,,31783,23,,,1,49,,31784,23,,,1,89,,31785,23,,,1,89,,31786,23,,,1,89,,31787,23,,,1,85,,31788,23,,,1,49,,31789,23,,,1,89,,31790,23,,,1,86,,31791,23,,,1,89,,31792,23,,,1,39,,31793,23,,,1
9901,'74',534,,31794,23,,,1,77,,31795,23,,,1,37,,31796,23,,,1,77,,31797,23,,,1,87,,31798,23,,,1,90,,31799,23,,,1,48,,31800,23,,,1,87,,31801,23,,,1,102,,31802,23,,,1,97,,31803,23,,,1,95,,31804,23,,,1,95,,31805,23,,,1,95,,31806,23,,,1,95,,31807,23,,,1,92,,31808,23,,,1,94,,31809,23,,,1,55,,31810,23,,,1,91,,31811,23,,,1,85,,31812,23,,,1,85,,31813,23,,,1
9901,'80',538,,31814,23,,,1,80,,31815,23,,,1,38,,31816,23,,,1,78,,31817,23,,,1,78,,31818,23,,,1,92,,31819,23,,,1,49,,31820,23,,,1,89,,31821,23,,,1,89,,31822,23,,,1,93,,31823,23,,,1,89,,31824,23,,,1,89,,31825,23,,,1,49,,31826,23,,,1,89,,31827,23,,,1,89,,31828,23,,,1,89,,31829,23,,,1,85,,31830,23,,,1,49,,31831,23,,,1,89,,31832,23,,,1,86,,31833,23,,,1,89,,31834,23,,,1,39,,31835,23,,,1
989901,'1',2237,,36877,78,,,1,70,,36878,78,,,1,38,,36879,78,,,1,75,,36880,78,,,1,35,,36881,78,,,1,70,,36882,78,,,1,75,,36883,78,,,1,35,,36884,78,,,1
989901,'2',2244,,36885,78,,,1,88,,36886,78,,,1,82,,36887,78,,,1,91,,36890,78,,,1,45,,36888,78,,,1,86,,36889,78,,,1
989901,'3',2254,,36891,78,,,1,87,,36892,78,,,1,83,,36893,78,,,1,86,,36894,78,,,1,39,,36895,78,,,1,83,,36896,78,,,1
989901,'74',2244,,36897,78,,,1,88,,36898,78,,,1,82,,36899,78,,,1,91,,36902,78,,,1,45,,36900,78,,,1,86,,36901,78,,,1
989901,'80',2254,,36903,78,,,1,87,,36904,78,,,1,83,,36905,78,,,1,86,,36906,78,,,1,39,,36907,78,,,1,83,,36908,78,,,1
