201,'1',529,,24021,32,4,,1,21,,24022,32,4,,1,61,,24023,32,4,,1,21,,24024,32,4,,1,3,,23991,83,4,,1,21,,23992,83,4,,1,65,,23993,83,4,,1,24,,23994,83,4,,1,61,,23995,83,4,,1,29,,23996,91,4,,1,21,,23997,83,4,,1,61,,23998,83,4,,1,21,,23999,83,4,,1,13,,24000,83,4,,1,71,,24001,83,4,,1,35,,24002,83,4,,1,75,,24003,83,4,,1,75,,24004,83,4,,1,35,,24005,83,4,,1,75,,24006,83,4,,1,35,,24007,83,4,,1,75,,24008,83,4,,1,83,,24009,83,4,,1,23,,24010,83,4,,1,23,,24011,83,4,,1,63,,24012,83,4,,1,21,,24013,83,4,,1,67,,24014,83,4,,1,25,,24015,83,4,,1,23,,24016,83,4,,1,63,,24017,83,4,,1,17,,24018,83,4,,1,23,,24019,83,4,,1,60,,24020,83,4,,1,23,,24025,83,4,,1,17,,24026,83,4,,1,80,,24027,83,4,,1,80,,24028,83,4,,1,35,,24029,83,4,,1,80,,24030,83,4,,1,80,,24031,83,4,,1,35,,24032,83,4,,1
201,'2',900,,24035,99,4,,1,40,,24036,99,4,,1,85,,24037,99,4,,1,80,,24038,99,4,,1,40,,24039,99,4,,1,81,,24040,99,4,,1,80,,24041,99,4,,1,40,,24042,99,4,,1,80,,24043,99,4,,1,80,,24044,99,4,,1,37,,24045,99,4,,1,80,,24046,99,4,,1,80,,24047,99,4,,1,40,,24048,99,4,,1,80,,24049,99,4,,1,80,,24050,99,4,,1,36,,24051,99,4,,1,80,,24052,99,4,,1,40,,24053,99,4,,1,80,,24054,99,4,,1,73,,24055,99,4,,1,33,,24056,99,4,,1,73,,24057,99,4,,1,33,,24058,99,4,,1,69,,24059,99,4,,1,33,,24060,99,4,,1
201,'3',952,,24071,99,4,,1,152,,24061,99,4,,1,117,,24062,99,4,,1,120,,24063,99,4,,1,117,,24064,99,4,,1,155,,24065,99,4,,1,117,,24066,99,4,,1,117,,24067,99,4,,1,157,,24068,99,4,,1,113,,24069,99,4,,1,109,,24070,99,4,,1,105,,24072,99,4,,1,108,,24073,99,4,,1
201,'74',900,,24074,99,4,,1,40,,24075,99,4,,1,85,,24076,99,4,,1,80,,24077,99,4,,1,40,,24078,99,4,,1,81,,24079,99,4,,1,80,,24080,99,4,,1,40,,24081,99,4,,1,80,,24082,99,4,,1,80,,24083,99,4,,1,37,,24084,99,4,,1,80,,24085,99,4,,1,80,,24086,99,4,,1,40,,24087,99,4,,1,80,,24088,99,4,,1,80,,24089,99,4,,1,36,,24090,99,4,,1,80,,24091,99,4,,1,40,,24092,99,4,,1,80,,24093,99,4,,1,73,,24094,99,4,,1,33,,24095,99,4,,1,73,,24096,99,4,,1,33,,24097,99,4,,1,69,,24098,99,4,,1,33,,24099,99,4,,1
201,'80',952,,24110,99,4,,1,152,,24100,99,4,,1,117,,24101,99,4,,1,120,,24102,99,4,,1,117,,24103,99,4,,1,155,,24104,99,4,,1,117,,24105,99,4,,1,117,,24106,99,4,,1,157,,24107,99,4,,1,113,,24108,99,4,,1,109,,24109,99,4,,1,105,,24111,99,4,,1,108,,24112,99,4,,1
500,'1',532,,24761,36,4,,1,22,,24777,36,4,,1,62,,24776,36,4,,1,22,,24775,36,4,,1,62,,24774,36,4,,1,24,,24773,36,4,,1,22,,24772,36,4,,1,67,,24771,36,4,,1,19,,24770,36,4,,1,22,,24769,36,4,,1,62,,24768,36,4,,1,22,,24766,36,4,,1,72,,24765,23,4,,1,32,,24767,23,4,,1,72,,24764,23,4,,1,32,,24763,23,4,,1,72,,24762,23,4,,1,32,,24760,23,4,,1,72,,24741,23,4,,1,32,,24759,23,4,,1,72,,24758,23,4,,1,32,,24757,23,4,,1,66,,24756,23,4,,1,23,,24755,23,4,,1,61,,24754,23,4,,1,23,,24753,23,4,,1,23,,24752,23,4,,1,62,,24751,23,4,,1,23,,24750,23,4,,1,63,,24749,23,4,,1,23,,24748,23,4,,1,20,,24747,23,4,,1,63,,24746,23,4,,1,23,,24745,23,4,,1,28,,24743,23,4,,1,68,,24742,23,4,,1,28,,24744,23,4,,1,68,,24740,23,4,,1,27,,24739,23,4,,1,68,,24738,23,4,,1,23,,24737,23,4,,1
500,'2',706,,24793,23,4,,1,28,,24795,23,4,,1,68,,24796,23,4,,1,28,,24797,23,4,,1,28,,24798,23,4,,1,68,,24799,23,4,,1,28,,24800,23,4,,1,68,,24801,23,4,,1,28,,24802,23,4,,1,68,,24803,23,4,,1,30,,24804,23,4,,1,68,,24805,23,4,,1,28,,24806,23,4,,1,68,,24778,23,4,,1,30,,24779,23,4,,1,70,,24780,23,4,,1,29,,24781,23,4,,1,69,,24782,23,4,,1,29,,24783,23,4,,1,69,,24784,23,4,,1,29,,24785,23,4,,1,69,,24786,23,4,,1,29,,24787,23,4,,1,67,,24788,23,4,,1,26,,24789,23,4,,1,26,,24790,23,4,,1,67,,24791,23,4,,1,25,,24792,23,4,,1,65,,24794,23,4,,1
500,'74',706,,24822,23,4,,1,28,,24824,23,4,,1,68,,24825,23,4,,1,28,,24826,23,4,,1,28,,24827,23,4,,1,68,,24828,23,4,,1,28,,24829,23,4,,1,68,,24830,23,4,,1,28,,24831,23,4,,1,68,,24832,23,4,,1,30,,24833,23,4,,1,68,,24834,23,4,,1,28,,24835,23,4,,1,68,,24807,23,4,,1,30,,24808,23,4,,1,70,,24809,23,4,,1,29,,24810,23,4,,1,69,,24811,23,4,,1,29,,24812,23,4,,1,69,,24813,23,4,,1,29,,24814,23,4,,1,69,,24815,23,4,,1,29,,24816,23,4,,1,67,,24817,23,4,,1,26,,24818,23,4,,1,26,,24819,23,4,,1,67,,24820,23,4,,1,25,,24821,23,4,,1,65,,24823,23,4,,1
2301,'1',604,,27579,53,4,,1,106,,27578,53,4,,1,113,,27577,53,4,,1,106,,27576,53,4,,1,618,,27575,53,4,,1,76,,27574,53,4,,1,90,,27573,53,4,,1,90,,27572,53,4,,1,47,,27571,53,4,,1,86,,27570,53,4,,1
7700,'1',422,,28964,35,4,,1,15,,28965,35,4,,1,15,,28966,35,4,,1,55,,28967,35,4,,1,15,,28968,35,4,,1,9,,28926,48,4,,1,17,,28925,48,4,,1,53,,28924,48,4,,1,21,,28923,48,4,,1,15,,28921,48,4,,1,22,,28922,48,4,,1,53,,28941,48,4,,1,16,,28940,48,4,,1,16,,28939,48,4,,1,66,,28938,48,4,,1,16,,28937,48,4,,1,16,,28936,48,4,,1,16,,28927,48,4,,1,53,,28928,48,4,,1,16,,28929,48,4,,1,16,,28930,48,4,,1,16,,28931,48,4,,1,53,,28932,48,4,,1,12,,28933,48,4,,1,16,,28934,48,4,,1,71,,28935,48,4,,1,35,,28949,48,4,,1,70,,28948,48,4,,1,30,,28947,48,4,,1,70,,28942,48,4,,1,33,,28943,48,4,,1,61,,28969,35,4,,1,9,,28944,48,4,,1,29,,28970,35,4,,1,1,,28945,48,4,,1,76,,28946,48,4,,1,20,,28971,35,4,,1,3,,28963,48,4,,1,59,,28962,48,4,,1,26,,28961,48,4,,1,24,,28960,48,4,,1,59,,28959,48,4,,1,19,,28950,48,4,,1,19,,28951,48,4,,1,59,,28952,48,4,,1,13,,28953,48,4,,1,12,,28954,48,4,,1,19,,28955,48,4,,1,50,,28956,48,4,,1,19,,28957,48,4,,1,15,,28958,48,4,,1,14,,28972,48,4,,1,59,,28973,48,4,,1,19,,28974,48,4,,1,19,,28975,48,4,,1,69,,28978,48,4,,1,27,,28977,48,4,,1,67,,28976,48,4,,1,39,,28987,48,4,,1,73,,28986,48,4,,1,26,,28985,48,4,,1,73,,28979,48,4,,1,33,,28980,48,4,,1,73,,28981,48,4,,1,73,,28982,48,4,,1,33,,28983,48,4,,1,73,,28984,48,4,,1
7700,'2',503,,28988,35,4,,1,30,,28989,48,4,,1,75,,28990,48,4,,1,35,,28991,48,4,,1,76,,28992,48,4,,1,35,,28993,48,4,,1,75,,28994,48,4,,1,77,,28995,48,4,,1,35,,28996,48,4,,1,75,,28997,48,4,,1,89,,28998,48,4,,1,41,,28999,48,4,,1,81,,29000,48,4,,1,89,,29001,48,4,,1,41,,29002,48,4,,1,81,,29003,48,4,,1,76,,29005,48,4,,1,33,,29006,48,4,,1,73,,29007,48,4,,1,29,,29008,48,4,,1,73,,29009,48,4,,1,33,,29010,48,4,,1,70,,29011,48,4,,1,34,,29012,48,4,,1,70,,29013,48,4,,1,28,,29014,48,4,,1,70,,29015,48,4,,1,30,,29016,48,4,,1,64,,29017,48,4,,1,30,,29018,48,4,,1,73,,29019,48,4,,1,30,,29020,48,4,,1,70,,29021,48,4,,1,25,,29022,48,4,,1,70,,29023,48,4,,1,23,,29004,48,4,,1,70,,29024,48,4,,1,33,,29025,48,4,,1,73,,29026,48,4,,1,33,,29027,48,4,,1,73,,29028,48,4,,1
7700,'3',848,,29029,49,4,,1,92,,29030,49,4,,1,92,,29031,49,4,,1,97,,29032,49,4,,1,97,,29033,49,4,,1,89,,29034,49,4,,1,92,,29035,49,4,,1,95,,29036,49,4,,1,52,,29037,49,4,,1,88,,29038,49,4,,1,92,,29039,49,4,,1,97,,29040,49,4,,1,89,,29041,49,4,,1,90,,29042,49,4,,1,91,,29043,49,4,,1,43,,29044,49,4,,1,87,,29045,49,4,,1,88,,29046,49,4,,1,86,,29047,49,4,,1,47,,29048,49,4,,1,80,,29049,49,4,,1,80,,29050,49,4,,1,36,,29051,49,4,,1,80,,29052,49,4,,1
7700,'74',503,,29053,35,4,,1,30,,29054,48,4,,1,75,,29055,48,4,,1,35,,29056,48,4,,1,76,,29057,48,4,,1,35,,29058,48,4,,1,75,,29059,48,4,,1,77,,29060,48,4,,1,35,,29061,48,4,,1,75,,29062,48,4,,1,89,,29063,48,4,,1,41,,29064,48,4,,1,81,,29065,48,4,,1,89,,29066,48,4,,1,41,,29067,48,4,,1,81,,29068,48,4,,1,76,,29070,48,4,,1,33,,29071,48,4,,1,73,,29072,48,4,,1,29,,29073,48,4,,1,73,,29074,48,4,,1,33,,29075,48,4,,1,70,,29076,48,4,,1,34,,29077,48,4,,1,70,,29078,48,4,,1,28,,29079,48,4,,1,70,,29080,48,4,,1,30,,29081,48,4,,1,64,,29082,48,4,,1,30,,29083,48,4,,1,73,,29084,48,4,,1,30,,29085,48,4,,1,70,,29086,48,4,,1,25,,29087,48,4,,1,70,,29088,48,4,,1,23,,29069,48,4,,1,70,,29089,48,4,,1,33,,29090,48,4,,1,73,,29091,48,4,,1,33,,29092,48,4,,1,73,,29093,48,4,,1
7700,'80',848,,29094,49,4,,1,92,,29095,49,4,,1,92,,29096,49,4,,1,97,,29097,49,4,,1,97,,29098,49,4,,1,89,,29099,49,4,,1,92,,29100,49,4,,1,95,,29101,49,4,,1,52,,29102,49,4,,1,88,,29103,49,4,,1,92,,29104,49,4,,1,97,,29105,49,4,,1,89,,29106,49,4,,1,90,,29107,49,4,,1,91,,29108,49,4,,1,43,,29109,49,4,,1,87,,29110,49,4,,1,88,,29111,49,4,,1,86,,29112,49,4,,1,47,,29113,49,4,,1,80,,29114,49,4,,1,80,,29115,49,4,,1,36,,29116,49,4,,1,80,,29117,49,4,,1
8801,'1',533,,30341,18,4,,1,69,,30342,41,4,,1,28,,30343,60,4,,1,27,,30312,60,4,,1,55,,30311,60,4,,1,22,,30310,60,4,,1,15,,30307,60,4,,1,58,,30308,60,4,,1,22,,30309,60,4,,1,14,,30326,60,4,,1,64,,30325,60,4,,1,9,,30324,60,4,,1,14,,30313,60,4,,1,14,,30314,60,4,,1,10,,30315,60,4,,1,54,,30316,60,4,,1,10,,30317,60,4,,1,14,,30318,60,4,,1,14,,30319,60,4,,1,54,,30320,60,4,,1,14,,30321,60,4,,1,20,,30322,60,4,,1,14,,30323,60,4,,1,62,,30331,60,4,,1,30,,30330,60,4,,1,70,,30327,60,4,,1,30,,30328,60,4,,1,70,,30329,60,4,,1,38,,30340,60,4,,1,70,,30339,60,4,,1,20,,30338,60,4,,1,18,,30337,60,4,,1,52,,30336,60,4,,1,15,,30332,60,4,,1,15,,30333,60,4,,1,13,,30334,60,4,,1,55,,30335,60,4,,1,15,,30344,60,4,,1,15,,30345,60,4,,1,15,,30346,60,4,,1,55,,30347,60,4,,1,10,,30348,60,4,,1,15,,30349,60,4,,1,15,,30350,60,4,,1,55,,30351,60,4,,1,8,,30352,60,4,,1,19,,30359,60,4,,1,14,,30358,60,4,,1,14,,30357,60,4,,1,54,,30356,60,4,,1,14,,30353,60,4,,1,14,,30354,60,4,,1,11,,30355,60,4,,1,60,,30364,60,4,,1,41,,30363,60,4,,1,75,,30360,60,4,,1,81,,30361,60,4,,1,38,,30362,60,4,,1
8801,'2',635,,30365,60,4,,1,69,,30366,60,4,,1,29,,30367,60,4,,1,69,,30368,60,4,,1,41,,30369,60,4,,1,74,,30370,60,4,,1,38,,30371,60,4,,1,74,,30372,60,4,,1,74,,30373,60,4,,1,29,,30374,60,4,,1,69,,30375,60,4,,1,32,,30376,60,4,,1,69,,30377,60,4,,1,29,,30378,60,4,,1,69,,30379,60,4,,1,29,,30380,60,4,,1,29,,30381,60,4,,1,69,,30382,60,4,,1,29,,30383,60,4,,1,69,,30384,60,4,,1,29,,30385,60,4,,1,69,,30386,60,4,,1,29,,30387,60,4,,1,69,,30388,60,4,,1,24,,30389,60,4,,1,69,,30390,60,4,,1,29,,30391,60,4,,1,62,,30392,60,4,,1,29,,30393,60,4,,1,23,,30394,60,4,,1,66,,30395,60,4,,1,22,,30396,60,4,,1,66,,30397,60,4,,1,26,,30398,60,4,,1,66,,30399,60,4,,1,26,,30400,60,4,,1,26,,30401,60,4,,1
8801,'3',832,,30402,60,4,,1,71,,30403,60,4,,1,34,,30404,60,4,,1,71,,30405,60,4,,1,35,,30406,60,4,,1,75,,30407,60,4,,1,40,,30408,60,4,,1,78,,30409,60,4,,1,69,,30410,60,4,,1,29,,30411,60,4,,1,69,,30412,60,4,,1,29,,30413,60,4,,1,69,,30414,60,4,,1,29,,30415,60,4,,1,29,,30416,60,4,,1,69,,30417,60,4,,1,29,,30418,60,4,,1,69,,30419,60,4,,1,26,,30420,60,4,,1,69,,30421,60,4,,1,22,,30422,60,4,,1,65,,30423,60,4,,1,25,,30424,60,4,,1,25,,30425,60,4,,1,65,,30426,60,4,,1,25,,30427,60,4,,1,59,,30428,60,4,,1,25,,30429,60,4,,1
8801,'74',635,,30430,60,4,,1,69,,30431,60,4,,1,29,,30432,60,4,,1,69,,30433,60,4,,1,41,,30434,60,4,,1,74,,30435,60,4,,1,38,,30436,60,4,,1,74,,30437,60,4,,1,74,,30438,60,4,,1,29,,30439,60,4,,1,69,,30440,60,4,,1,32,,30441,60,4,,1,69,,30442,60,4,,1,29,,30443,60,4,,1,69,,30444,60,4,,1,29,,30445,60,4,,1,29,,30446,60,4,,1,69,,30447,60,4,,1,29,,30448,60,4,,1,69,,30449,60,4,,1,29,,30450,60,4,,1,69,,30451,60,4,,1,29,,30452,60,4,,1,69,,30453,60,4,,1,24,,30454,60,4,,1,69,,30455,60,4,,1,29,,30456,60,4,,1,62,,30457,60,4,,1,29,,30458,60,4,,1,23,,30459,60,4,,1,66,,30460,60,4,,1,22,,30461,60,4,,1,66,,30462,60,4,,1,26,,30463,60,4,,1,66,,30464,60,4,,1,26,,30465,60,4,,1,26,,30466,60,4,,1
8801,'80',832,,30467,60,4,,1,71,,30468,60,4,,1,34,,30469,60,4,,1,71,,30470,60,4,,1,35,,30471,60,4,,1,75,,30472,60,4,,1,40,,30473,60,4,,1,78,,30474,60,4,,1,69,,30475,60,4,,1,29,,30476,60,4,,1,69,,30477,60,4,,1,29,,30478,60,4,,1,69,,30479,60,4,,1,29,,30480,60,4,,1,29,,30481,60,4,,1,69,,30482,60,4,,1,29,,30483,60,4,,1,69,,30484,60,4,,1,26,,30485,60,4,,1,69,,30486,60,4,,1,22,,30487,60,4,,1,65,,30488,60,4,,1,25,,30489,60,4,,1,25,,30490,60,4,,1,65,,30491,60,4,,1,25,,30492,60,4,,1,59,,30493,60,4,,1,25,,30494,60,4,,1
9101,'1',553,,31116,50,4,,1,51,,31115,50,4,,1,11,,31114,50,4,,1,11,,31113,50,4,,1,13,,31112,50,4,,1,11,,31111,50,4,,1,51,,31110,50,4,,1,13,,31046,50,4,,1,11,,31047,50,4,,1,13,,31048,50,4,,1,16,,31063,50,4,,1,52,,31062,50,4,,1,22,,31061,50,4,,1,12,,31060,50,4,,1,12,,31049,50,4,,1,52,,31050,50,4,,1,12,,31051,50,4,,1,9,,31052,50,4,,1,12,,31053,50,4,,1,4,,31054,50,4,,1,12,,31055,50,4,,1,52,,31056,50,4,,1,12,,31057,50,4,,1,12,,31058,50,4,,1,12,,31059,50,4,,1,13,,31071,50,4,,1,65,,31070,50,4,,1,29,,31064,50,4,,1,65,,31065,50,4,,1,25,,31066,50,4,,1,65,,31067,50,4,,1,25,,31068,50,4,,1,24,,31069,50,4,,1,62,,31083,50,4,,1,13,,31082,50,4,,1,19,,31081,50,4,,1,13,,31080,50,4,,1,53,,31072,50,4,,1,13,,31073,50,4,,1,11,,31074,50,4,,1,13,,31075,50,4,,1,53,,31076,50,4,,1,13,,31077,50,4,,1,13,,31078,50,4,,1,13,,31079,50,4,,1,60,,31096,50,4,,1,14,,31095,50,4,,1,14,,31094,50,4,,1,14,,31093,50,4,,1,14,,31092,50,4,,1,54,,31084,50,4,,1,14,,31085,50,4,,1,6,,31086,50,4,,1,14,,31087,50,4,,1,14,,31088,50,4,,1,52,,31089,50,4,,1,14,,31090,50,4,,1,11,,31091,50,4,,1,67,,31109,50,4,,1,22,,31108,50,4,,1,23,,31097,50,4,,1,63,,31098,50,4,,1,23,,31099,50,4,,1,23,,31100,50,4,,1,62,,31101,50,4,,1,23,,31102,50,4,,1,59,,31103,50,4,,1,23,,31104,50,4,,1,23,,31105,50,4,,1,63,,31106,50,4,,1,23,,31107,50,4,,1
9101,'2',801,,31117,50,4,,1,22,,31118,50,4,,1,26,,31119,50,4,,1,62,,31120,50,4,,1,22,,31121,50,4,,1,22,,31122,50,4,,1,62,,31123,50,4,,1,25,,31124,50,4,,1,67,,31144,50,4,,1,25,,31125,50,4,,1,24,,31126,50,4,,1,65,,31127,50,4,,1,25,,31128,50,4,,1,65,,31129,50,4,,1,29,,31130,50,4,,1,65,,31131,50,4,,1,25,,31132,50,4,,1,25,,31133,50,4,,1,65,,31134,50,4,,1,20,,31135,50,4,,1,65,,31136,50,4,,1,25,,31137,50,4,,1,25,,31138,50,4,,1,65,,31139,50,4,,1,25,,31140,50,4,,1,65,,31141,50,4,,1,25,,31142,50,4,,1,65,,31143,50,4,,1,25,,31145,50,4,,1,23,,31146,50,4,,1,65,,31147,50,4,,1,25,,31148,50,4,,1,88,,31149,50,4,,1,29,,31150,50,4,,1,69,,31151,50,4,,1,22,,31152,50,4,,1,69,,31153,50,4,,1,29,,31154,50,4,,1,63,,31155,50,4,,1
9101,'3',757,,31156,50,4,,1,162,,31157,50,4,,1,91,,31158,50,4,,1,37,,31159,50,4,,1,75,,31160,50,4,,1,32,,31161,50,4,,1,72,,31162,50,4,,1,32,,31163,50,4,,1,72,,31164,50,4,,1,72,,31165,50,4,,1,32,,31166,50,4,,1,71,,31167,50,4,,1,32,,31168,50,4,,1,69,,31169,50,4,,1,32,,31170,50,4,,1,72,,31171,50,4,,1,32,,31172,50,4,,1,72,,31173,50,4,,1,32,,31174,50,4,,1,69,,31175,50,4,,1,97,,31180,50,4,,1,42,,31176,50,4,,1,82,,31177,50,4,,1,81,,31178,50,4,,1,42,,31179,50,4,,1,75,,31184,50,4,,1,76,,31181,50,4,,1,36,,31182,50,4,,1,68,,31183,50,4,,1
9101,'74',801,,31185,50,4,,1,22,,31186,50,4,,1,26,,31187,50,4,,1,62,,31188,50,4,,1,22,,31189,50,4,,1,22,,31190,50,4,,1,62,,31191,50,4,,1,25,,31192,50,4,,1,67,,31212,50,4,,1,25,,31193,50,4,,1,24,,31194,50,4,,1,65,,31195,50,4,,1,25,,31196,50,4,,1,65,,31197,50,4,,1,29,,31198,50,4,,1,65,,31199,50,4,,1,25,,31200,50,4,,1,25,,31201,50,4,,1,65,,31202,50,4,,1,20,,31203,50,4,,1,65,,31204,50,4,,1,25,,31205,50,4,,1,25,,31206,50,4,,1,65,,31207,50,4,,1,25,,31208,50,4,,1,65,,31209,50,4,,1,25,,31210,50,4,,1,65,,31211,50,4,,1,25,,31213,50,4,,1,23,,31214,50,4,,1,65,,31215,50,4,,1,25,,31216,50,4,,1,88,,31217,50,4,,1,29,,31218,50,4,,1,69,,31219,50,4,,1,22,,31220,50,4,,1,69,,31221,50,4,,1,29,,31222,50,4,,1,63,,31223,50,4,,1
9101,'80',757,,31224,50,4,,1,162,,31225,50,4,,1,91,,31226,50,4,,1,37,,31227,50,4,,1,75,,31228,50,4,,1,32,,31229,50,4,,1,72,,31230,50,4,,1,32,,31231,50,4,,1,72,,31232,50,4,,1,72,,31233,50,4,,1,32,,31234,50,4,,1,71,,31235,50,4,,1,32,,31236,50,4,,1,69,,31237,50,4,,1,32,,31238,50,4,,1,72,,31239,50,4,,1,32,,31240,50,4,,1,72,,31241,50,4,,1,32,,31242,50,4,,1,69,,31243,50,4,,1,97,,31248,50,4,,1,42,,31244,50,4,,1,82,,31245,50,4,,1,81,,31246,50,4,,1,42,,31247,50,4,,1,75,,31252,50,4,,1,76,,31249,50,4,,1,36,,31250,50,4,,1,68,,31251,50,4,,1
9901,'1',427,,31722,45,4,,1,81,,31723,45,4,,1,40,,31724,45,4,,1,83,,31725,45,4,,1,83,,31726,45,4,,1,35,,31727,45,4,,1,73,,31728,45,4,,1,83,,31729,45,4,,1,30,,31730,45,4,,1,75,,31731,45,4,,1,94,,31732,45,4,,1,100,,31733,45,4,,1,54,,31734,45,4,,1,94,,31735,45,4,,1,100,,31736,45,4,,1,68,,31737,45,4,,1,30,,31738,45,4,,1,70,,31739,45,4,,1,30,,31740,45,4,,1,70,,31741,45,4,,1,30,,31742,45,4,,1,70,,31743,45,4,,1,25,,31744,45,4,,1,70,,31745,45,4,,1,24,,31746,45,4,,1,70,,31747,45,4,,1,30,,31748,45,4,,1,65,,31749,45,4,,1,30,,31750,45,4,,1,85,,31751,45,4,,1
9901,'2',550,,31752,45,4,,1,77,,31753,45,4,,1,77,,31754,45,4,,1,37,,31755,45,4,,1,87,,31756,45,4,,1,92,,31757,45,4,,1,89,,31758,45,4,,1,47,,31759,45,4,,1,144,,31760,45,4,,1,58,,31761,45,4,,1,95,,31762,45,4,,1,95,,31763,45,4,,1,95,,31764,45,4,,1,95,,31765,45,4,,1,92,,31766,45,4,,1,93,,31767,45,4,,1,95,,31768,45,4,,1,89,,31769,45,4,,1,45,,31770,45,4,,1,85,,31771,45,4,,1
9901,'3',554,,31772,45,4,,1,81,,31773,45,4,,1,78,,31774,45,4,,1,38,,31775,45,4,,1,78,,31776,45,4,,1,94,,31777,45,4,,1,89,,31778,45,4,,1,89,,31779,45,4,,1,49,,31780,45,4,,1,94,,31781,45,4,,1,89,,31782,45,4,,1,89,,31783,45,4,,1,89,,31784,45,4,,1,89,,31785,45,4,,1,49,,31786,45,4,,1,89,,31787,45,4,,1,84,,31788,45,4,,1,89,,31789,45,4,,1,89,,31790,45,4,,1,44,,31791,45,4,,1,89,,31792,45,4,,1,79,,31793,45,4,,1
9901,'74',550,,31794,45,4,,1,77,,31795,45,4,,1,77,,31796,45,4,,1,37,,31797,45,4,,1,87,,31798,45,4,,1,92,,31799,45,4,,1,89,,31800,45,4,,1,47,,31801,45,4,,1,144,,31802,45,4,,1,58,,31803,45,4,,1,95,,31804,45,4,,1,95,,31805,45,4,,1,95,,31806,45,4,,1,95,,31807,45,4,,1,92,,31808,45,4,,1,93,,31809,45,4,,1,95,,31810,45,4,,1,89,,31811,45,4,,1,45,,31812,45,4,,1,85,,31813,45,4,,1
9901,'80',554,,31814,45,4,,1,81,,31815,45,4,,1,78,,31816,45,4,,1,38,,31817,45,4,,1,78,,31818,45,4,,1,94,,31819,45,4,,1,89,,31820,45,4,,1,89,,31821,45,4,,1,49,,31822,45,4,,1,94,,31823,45,4,,1,89,,31824,45,4,,1,89,,31825,45,4,,1,89,,31826,45,4,,1,89,,31827,45,4,,1,49,,31828,45,4,,1,89,,31829,45,4,,1,84,,31830,45,4,,1,89,,31831,45,4,,1,89,,31832,45,4,,1,44,,31833,45,4,,1,89,,31834,45,4,,1,79,,31835,45,4,,1
36001,'1',1014,,33821,26,4,,1,29,,33822,26,4,,1,71,,33823,26,4,,1,26,,33824,26,4,,1,65,,33837,26,4,,1,44,,33836,26,4,,1,84,,33825,26,4,,1,84,,33826,26,4,,1,84,,33827,26,4,,1,48,,33828,26,4,,1,84,,33829,26,4,,1,88,,33830,26,4,,1,82,,33831,26,4,,1,41,,33832,26,4,,1,84,,33833,26,4,,1,84,,33834,26,4,,1,41,,33835,26,4,,1,84,,33843,26,4,,1,66,,33842,26,4,,1,26,,33838,26,4,,1,26,,33839,26,4,,1,66,,33840,26,4,,1,26,,33841,26,4,,1
36001,'2',1013,,33844,26,4,,1,23,,33845,26,4,,1,23,,33846,26,4,,1,63,,33847,26,4,,1,23,,33848,26,4,,1,62,,33849,26,4,,1,23,,33850,26,4,,1,24,,33851,26,4,,1,63,,33852,26,4,,1,23,,33853,26,4,,1,63,,33854,26,4,,1,23,,33855,26,4,,1,23,,33856,26,4,,1,63,,33857,26,4,,1,23,,33858,26,4,,1,23,,33859,26,4,,1,63,,33860,26,4,,1,23,,33861,26,4,,1,65,,33862,26,4,,1,23,,33863,26,4,,1,20,,33864,26,4,,1,64,,33865,26,4,,1,23,,33866,26,4,,1,68,,33879,26,4,,1,24,,33878,26,4,,1,19,,33867,26,4,,1,64,,33868,26,4,,1,24,,33869,26,4,,1,67,,33870,26,4,,1,22,,33871,26,4,,1,22,,33872,26,4,,1,64,,33873,26,4,,1,24,,33874,26,4,,1,64,,33875,26,4,,1,24,,33876,26,4,,1,24,,33877,26,4,,1
36001,'3',1006,,33880,26,4,,1,22,,33881,26,4,,1,22,,33882,26,4,,1,62,,33883,26,4,,1,19,,33884,26,4,,1,22,,33885,26,4,,1,64,,33886,26,4,,1,22,,33887,26,4,,1,62,,33888,26,4,,1,22,,33889,26,4,,1,23,,33890,26,4,,1,62,,33891,26,4,,1,22,,33892,26,4,,1,20,,33893,26,4,,1,66,,33894,26,4,,1,22,,33895,26,4,,1,62,,33896,26,4,,1,22,,33897,26,4,,1,23,,33898,26,4,,1,62,,33899,26,4,,1,22,,33900,26,4,,1,22,,33901,26,4,,1,62,,33902,26,4,,1,22,,33903,26,4,,1,22,,33904,26,4,,1,67,,33905,26,4,,1,21,,33917,26,4,,1,56,,33916,26,4,,1,23,,33906,26,4,,1,23,,33907,26,4,,1,63,,33908,26,4,,1,23,,33909,26,4,,1,23,,33910,26,4,,1,60,,33911,26,4,,1,23,,33912,26,4,,1,63,,33913,26,4,,1,23,,33914,26,4,,1,23,,33915,26,4,,1
36001,'74',1013,,33918,26,4,,1,23,,33919,26,4,,1,23,,33920,26,4,,1,63,,33921,26,4,,1,23,,33922,26,4,,1,62,,33923,26,4,,1,23,,33924,26,4,,1,24,,33925,26,4,,1,63,,33926,26,4,,1,23,,33927,26,4,,1,63,,33928,26,4,,1,23,,33929,26,4,,1,23,,33930,26,4,,1,63,,33931,26,4,,1,23,,33932,26,4,,1,23,,33933,26,4,,1,63,,33934,26,4,,1,23,,33935,26,4,,1,65,,33936,26,4,,1,23,,33937,26,4,,1,20,,33938,26,4,,1,64,,33939,26,4,,1,23,,33940,26,4,,1,68,,33942,26,4,,1,24,,33941,26,4,,1,19,,33943,26,4,,1,64,,33944,26,4,,1,24,,33945,26,4,,1,67,,33946,26,4,,1,22,,33947,26,4,,1,22,,33948,26,4,,1,64,,33949,26,4,,1,24,,33950,26,4,,1,64,,33951,26,4,,1,24,,33952,26,4,,1,24,,33953,26,4,,1,64,,33954,26,4,,1
36001,'80',1006,,33955,26,4,,1,22,,33956,26,4,,1,22,,33957,26,4,,1,62,,33958,26,4,,1,19,,33959,26,4,,1,22,,33960,26,4,,1,64,,33961,26,4,,1,22,,33962,26,4,,1,62,,33963,26,4,,1,22,,33964,26,4,,1,23,,33965,26,4,,1,62,,33966,26,4,,1,22,,33967,26,4,,1,20,,33968,26,4,,1,66,,33969,26,4,,1,22,,33970,26,4,,1,62,,33971,26,4,,1,22,,33972,26,4,,1,23,,33973,26,4,,1,62,,33974,26,4,,1,22,,33975,26,4,,1,22,,33976,26,4,,1,62,,33977,26,4,,1,22,,33978,26,4,,1,22,,33979,26,4,,1,67,,33980,26,4,,1,21,,33992,26,4,,1,56,,33991,26,4,,1,23,,33981,26,4,,1,23,,33982,26,4,,1,63,,33983,26,4,,1,23,,33984,26,4,,1,23,,33985,26,4,,1,60,,33986,26,4,,1,23,,33987,26,4,,1,63,,33988,26,4,,1,23,,33989,26,4,,1,23,,33990,26,4,,1
989901,'1',2254,,36877,100,4,,1,68,,36878,100,4,,1,78,,36879,100,4,,1,34,,36880,100,4,,1,75,,36881,100,4,,1,29,,36882,100,4,,1,75,,36883,100,4,,1,35,,36884,100,4,,1
989901,'2',2302,,36885,100,4,,1,46,,36886,100,4,,1,81,,36887,100,4,,1,91,,36890,100,4,,1,84,,36888,100,4,,1,46,,36889,100,4,,1
989901,'3',2309,,36891,100,4,,1,47,,36892,100,4,,1,83,,36893,100,4,,1,85,,36894,100,4,,1,79,,36895,100,4,,1,43,,36896,100,4,,1
989901,'74',2302,,36897,100,4,,1,46,,36898,100,4,,1,81,,36899,100,4,,1,91,,36902,100,4,,1,84,,36900,100,4,,1,46,,36901,100,4,,1
989901,'80',2309,,36903,100,4,,1,47,,36904,100,4,,1,83,,36905,100,4,,1,85,,36906,100,4,,1,79,,36907,100,4,,1,43,,36908,100,4,,1
