9600,'1',622,,31260,24,,,1,82,,31259,24,,,1,31,,31258,24,,,1,77,,31257,24,,,1,27,,31256,24,,,1,79,,31253,24,,,1,34,,31254,24,,,1,70,,31255,24,,,1,32,,31268,24,,,1,70,,31267,24,,,1,79,,31261,24,,,1,39,,31262,24,,,1,79,,31263,24,,,1,83,,31264,24,,,1,25,,31265,24,,,1,85,,31266,24,,,1,43,,31274,24,,,1,67,,31273,24,,,1,30,,31272,24,,,1,67,,31269,24,,,1,27,,31270,24,,,1,62,,31271,24,,,1,27,,31277,24,,,1,64,,31278,24,,,1,13,,31288,24,,,1,13,,31276,24,,,1,25,,31275,24,,,1,74,,31285,24,,,1,30,,31284,24,,,1,55,,31287,24,,,1,15,,31279,24,,,1,30,,31280,24,,,1,70,,31281,24,,,1,30,,31282,24,,,1,70,,31283,24,,,1,17,,31286,24,,,1
9600,'2',945,,31289,24,,,1,99,,31290,24,,,1,99,,31291,24,,,1,99,,31292,24,,,1,99,,31293,24,,,1,99,,31294,24,,,1,98,,31295,24,,,1,99,,31296,24,,,1,96,,31297,24,,,1,97,,31298,24,,,1,87,,31299,24,,,1,87,,31300,24,,,1,97,,31301,24,,,1
9600,'3',1038,,31302,24,,,1,94,,31303,24,,,1,94,,31304,24,,,1,94,,31305,24,,,1,94,,31306,24,,,1,94,,31307,24,,,1,94,,31308,24,,,1,54,,31309,24,,,1,93,,31310,24,,,1,94,,31311,24,,,1,94,,31312,24,,,1,93,,31313,24,,,1
9600,'74',945,,31314,24,,,1,99,,31315,24,,,1,99,,31316,24,,,1,99,,31317,24,,,1,99,,31318,24,,,1,99,,31319,24,,,1,98,,31320,24,,,1,99,,31321,24,,,1,96,,31322,24,,,1,97,,31323,24,,,1,87,,31324,24,,,1,87,,31325,24,,,1,97,,31326,24,,,1
9600,'80',1038,,31327,24,,,1,94,,31328,24,,,1,94,,31329,24,,,1,94,,31330,24,,,1,94,,31331,24,,,1,94,,31332,24,,,1,94,,31333,24,,,1,54,,31334,24,,,1,93,,31335,24,,,1,94,,31336,24,,,1,94,,31337,24,,,1,93,,31338,24,,,1
10700,'1',500,,32223,24,,,1,24,,32222,24,,,1,24,,32221,24,,,1,64,,32220,24,,,1,21,,32219,24,,,1,16,,32218,24,,,1,61,,32217,24,,,1,11,,32216,24,,,1,16,,32215,24,,,1,19,,32214,24,,,1,56,,32213,24,,,1,12,,32212,24,,,1,15,,32211,24,,,1,16,,32210,24,,,1,55,,32209,24,,,1,42,,32208,24,,,1,82,,32207,24,,,1,82,,32206,24,,,1,42,,32205,24,,,1,85,,32204,24,,,1,81,,32203,24,,,1,28,,32199,3,,,1,54,,32202,24,,,1,21,,32201,24,,,1,18,,32200,24,,,1,58,,32251,24,,,1,19,,32250,24,,,1,21,,32249,24,,,1,58,,32248,24,,,1,18,,32247,24,,,1,24,,32246,24,,,1,16,,32245,24,,,1,58,,32244,24,,,1,16,,32243,24,,,1,20,,32242,24,,,1,56,,32241,24,,,1,18,,32240,24,,,1,12,,32239,24,,,1,18,,32238,24,,,1,78,,32237,24,,,1,81,,32236,24,,,1,38,,32235,24,,,1,80,,32234,24,,,1,74,,32233,24,,,1,34,,32232,24,,,1,74,,32231,24,,,1,34,,32230,24,,,1,74,,32229,24,,,1,34,,32228,24,,,1,74,,32227,24,,,1,74,,32226,24,,,1,30,,32225,24,,,1,74,,32224,24,,,1
10700,'2',635,,32254,24,,,1,78,,32253,24,,,1,37,,32252,24,,,1,77,,32255,24,,,1,77,,32256,24,,,1,37,,32257,24,,,1,77,,32258,24,,,1,37,,32259,24,,,1,77,,32260,24,,,1,77,,32261,24,,,1,36,,32262,24,,,1,77,,32263,24,,,1,37,,32264,24,,,1,77,,32265,24,,,1,77,,32266,24,,,1,37,,32267,24,,,1,75,,32268,24,,,1,77,,32269,24,,,1,37,,32270,24,,,1,77,,32271,24,,,1,37,,32272,24,,,1,77,,32273,24,,,1,77,,32274,24,,,1,37,,32275,24,,,1,77,,32276,24,,,1,37,,32277,24,,,1,77,,32278,24,,,1,77,,32279,24,,,1,37,,32280,24,,,1,77,,32281,24,,,1,77,,32282,24,,,1,36,,32283,24,,,1,77,,32285,24,,,1,37,,32284,24,,,1
10700,'3',719,,32297,3,,,1,37,,32298,3,,,1,68,,32299,24,,,1,77,,32300,24,,,1,37,,32301,24,,,1,77,,32302,24,,,1,37,,32303,24,,,1,77,,32304,24,,,1,77,,32305,24,,,1,37,,32306,24,,,1,77,,32307,24,,,1,37,,32308,24,,,1,76,,32309,24,,,1,77,,32310,24,,,1,37,,32314,24,,,1,77,,32313,24,,,1,77,,32315,24,,,1,37,,32316,24,,,1,77,,32317,24,,,1,37,,32318,24,,,1,77,,32286,24,,,1,77,,32287,24,,,1,37,,32288,24,,,1,77,,32311,24,,,1,37,,32289,24,,,1,77,,32290,24,,,1,77,,32291,24,,,1,37,,32292,24,,,1,77,,32293,24,,,1,77,,32294,24,,,1,37,,32295,24,,,1,77,,32312,24,,,1,37,,32296,24,,,1
10700,'74',635,,32321,24,,,1,78,,32320,24,,,1,37,,32319,24,,,1,77,,32322,24,,,1,77,,32323,24,,,1,37,,32324,24,,,1,77,,32325,24,,,1,37,,32326,24,,,1,77,,32327,24,,,1,77,,32328,24,,,1,36,,32329,24,,,1,77,,32330,24,,,1,37,,32331,24,,,1,77,,32332,24,,,1,77,,32333,24,,,1,37,,32334,24,,,1,75,,32335,24,,,1,77,,32336,24,,,1,37,,32337,24,,,1,77,,32338,24,,,1,37,,32339,24,,,1,77,,32340,24,,,1,77,,32341,24,,,1,37,,32342,24,,,1,77,,32343,24,,,1,37,,32344,24,,,1,77,,32345,24,,,1,77,,32346,24,,,1,37,,32347,24,,,1,77,,32348,24,,,1,77,,32349,24,,,1,36,,32350,24,,,1,77,,32352,24,,,1,37,,32351,24,,,1
10700,'80',719,,32364,3,,,1,37,,32365,3,,,1,68,,32366,24,,,1,77,,32367,24,,,1,37,,32368,24,,,1,77,,32369,24,,,1,37,,32370,24,,,1,77,,32371,24,,,1,77,,32372,24,,,1,37,,32373,24,,,1,77,,32374,24,,,1,37,,32375,24,,,1,76,,32376,24,,,1,77,,32377,24,,,1,37,,32381,24,,,1,77,,32380,24,,,1,77,,32382,24,,,1,37,,32383,24,,,1,77,,32384,24,,,1,37,,32385,24,,,1,77,,32353,24,,,1,77,,32354,24,,,1,37,,32355,24,,,1,77,,32378,24,,,1,37,,32356,24,,,1,77,,32357,24,,,1,77,,32358,24,,,1,37,,32359,24,,,1,77,,32360,24,,,1,77,,32361,24,,,1,37,,32362,24,,,1,77,,32379,24,,,1,37,,32363,24,,,1
46200,'35294.1',725,,34036,3,,,1
