8500,'1',540,,29617,2,,,1,16,,29618,2,,,1,56,,29619,2,,,1,16,,29620,2,,,1,16,,29621,2,,,1,56,,29622,2,,,1,16,,29623,2,,,1,16,,29624,2,,,1,16,,29625,2,,,1,56,,29626,2,,,1,16,,29627,2,,,1,16,,29628,2,,,1,16,,29629,2,,,1,65,,29630,2,,,1,25,,29631,2,,,1,65,,29632,2,,,1,25,,29633,2,,,1,25,,29634,2,,,1,65,,29635,2,,,1,25,,29636,2,,,1,65,,29637,2,,,1,25,,29638,2,,,1,65,,29639,2,,,1,25,,29640,2,,,1,20,,29641,2,,,1
8500,'2',630,,29697,2,,,1,70,,29698,2,,,1,30,,29699,2,,,1,28,,29700,2,,,1,70,,29701,2,,,1,30,,29702,2,,,1,70,,29703,2,,,1,72,,29704,2,,,1,30,,29705,2,,,1,71,,29669,2,,,1,22,,29670,2,,,1,23,,29671,2,,,1,63,,29672,2,,,1,23,,29673,2,,,1,23,,29674,2,,,1,63,,29675,2,,,1,23,,29676,2,,,1,63,,29677,2,,,1,23,,29678,2,,,1,23,,29679,2,,,1,63,,29680,2,,,1,23,,29681,2,,,1,23,,29682,2,,,1,63,,29683,2,,,1,21,,29684,2,,,1,65,,29685,2,,,1,17,,29686,2,,,1,21,,29687,2,,,1,61,,29688,2,,,1,21,,29689,2,,,1,21,,29690,2,,,1,61,,29691,2,,,1,21,,29692,2,,,1,21,,29693,2,,,1,61,,29694,2,,,1,21,,29695,2,,,1,21,,29696,2,,,1,70,,29706,2,,,1,30,,29707,2,,,1,70,,29708,2,,,1
8500,'3',919,,29709,2,,,1,40,,29710,2,,,1,80,,29711,2,,,1,80,,29712,2,,,1,91,,29713,2,,,1,43,,29714,2,,,1,83,,29715,2,,,1,83,,29716,2,,,1,82,,29717,2,,,1,43,,29718,2,,,1,83,,29719,2,,,1,74,,29720,2,,,1,41,,29721,2,,,1,85,,29722,2,,,1,77,,29723,2,,,1,41,,29724,2,,,1,81,,29725,2,,,1
8500,'74',630,,29756,2,,,1,70,,29757,2,,,1,30,,29758,2,,,1,28,,29759,2,,,1,70,,29760,2,,,1,30,,29761,2,,,1,70,,29762,2,,,1,72,,29763,2,,,1,30,,29764,2,,,1,71,,29728,2,,,1,22,,29729,2,,,1,23,,29730,2,,,1,63,,29731,2,,,1,23,,29732,2,,,1,23,,29733,2,,,1,63,,29734,2,,,1,23,,29735,2,,,1,63,,29736,2,,,1,23,,29737,2,,,1,23,,29738,2,,,1,63,,29739,2,,,1,23,,29740,2,,,1,23,,29741,2,,,1,63,,29742,2,,,1,21,,29743,2,,,1,65,,29744,2,,,1,17,,29745,2,,,1,21,,29746,2,,,1,61,,29747,2,,,1,21,,29748,2,,,1,21,,29749,2,,,1,61,,29750,2,,,1,21,,29751,2,,,1,21,,29752,2,,,1,61,,29753,2,,,1,21,,29754,2,,,1,21,,29755,2,,,1,70,,29765,2,,,1,30,,29766,2,,,1,70,,29767,2,,,1
8500,'80',919,,29768,2,,,1,40,,29769,2,,,1,80,,29770,2,,,1,80,,29771,2,,,1,91,,29772,2,,,1,43,,29773,2,,,1,83,,29774,2,,,1,83,,29775,2,,,1,82,,29776,2,,,1,43,,29777,2,,,1,83,,29778,2,,,1,74,,29779,2,,,1,41,,29780,2,,,1,85,,29781,2,,,1,77,,29782,2,,,1,41,,29783,2,,,1,81,,29784,2,,,1
8501,'1',1354,,29808,53,,,1,65,,29812,53,,,1,25,,29813,53,,,1,66,,29814,53,,,1,16,,29841,53,,,1,16,,29842,53,,,1,16,,29831,53,,,1,56,,29830,53,,,1,16,,29829,53,,,1,70,,29828,53,,,1,24,,29827,53,,,1,16,,29815,53,,,1,19,,29816,53,,,1,53,,29817,53,,,1,7,,29818,53,,,1,16,,29819,53,,,1,11,,29820,53,,,1,59,,29821,53,,,1,13,,29822,53,,,1,16,,29823,53,,,1,16,,29824,53,,,1,55,,29825,53,,,1,14,,29826,53,,,1,32,,29834,53,,,1,63,,29833,53,,,1,25,,29832,53,,,1,62,,29838,53,,,1,29,,29837,53,,,1,70,,29835,53,,,1,32,,29836,53,,,1
8501,'2',2245,,29881,53,,,1,70,,29882,53,,,1
8501,'3',2100,,29883,53,,,1,41,,29884,53,,,1
8501,'74',2245,,29940,53,,,1,70,,29941,53,,,1
8501,'80',2100,,29956,53,,,1,41,,29957,53,,,1
