301,'1',520,,24203,14,,,1,32,,24204,14,,,1,72,,24205,14,,,1,33,,24206,14,,,1,72,,24207,14,,,1,74,,24208,14,,,1,32,,24209,14,,,1,71,,24210,14,,,1,32,,24202,14,,,1,77,,24226,14,,,1,86,,24211,14,,,1,46,,24212,14,,,1,86,,24213,14,,,1,86,,24214,14,,,1,86,,24215,14,,,1,47,,24216,14,,,1,67,,24217,14,,,1,32,,24218,14,,,1,72,,24219,14,,,1,32,,24220,14,,,1,72,,24221,14,,,1,32,,24222,14,,,1,70,,24223,14,,,1,72,,24224,14,,,1,26,,24225,14,,,1,29,,24231,14,,,1,66,,24228,14,,,1,83,,24229,14,,,1,40,,24230,14,0,25 26,1
301,'2',758,,24234,14,,,1,143,,24233,14,,,1,104,,24238,14,,,1,105,,24235,14,,,1,105,,24236,14,,,1,105,,24237,14,,,1,105,,24239,14,,,1,106,,24240,14,,,1,106,,24241,14,,,1,106,,24242,14,,,1,106,,24243,14,,,1,102,,24244,14,,,1,102,,24245,14,,,1,102,,24232,14,0,25 26,1
301,'3',918,,24253,14,,,1,102,,24252,14,,,1,102,,24251,14,,,1,102,,24250,14,,,1,102,,24249,14,,,1,102,,24248,14,,,1,102,,24247,14,,,1,102,,24246,14,,,1,102,,24258,14,,,1,102,,24257,14,,,1,102,,24256,14,,,1,98,,24255,14,,,1,98,,24254,14,0,25 26,1
301,'74',758,,24261,14,,,1,143,,24260,14,,,1,104,,24265,14,,,1,105,,24262,14,,,1,105,,24263,14,,,1,105,,24264,14,,,1,105,,24266,14,,,1,106,,24267,14,,,1,106,,24268,14,,,1,106,,24269,14,,,1,106,,24270,14,,,1,102,,24271,14,,,1,102,,24272,14,,,1,102,,24259,14,0,25 26,1
301,'80',918,,24276,14,,,1,102,,24275,14,,,1,102,,24274,14,,,1,102,,24273,14,,,1,102,,24280,14,,,1,102,,24279,14,,,1,102,,24278,14,,,1,102,,24277,14,,,1,102,,24285,14,,,1,102,,24284,14,,,1,102,,24283,14,,,1,98,,24282,14,,,1,98,,24281,14,0,25 26,1
9000,'1',626,,30495,20,,,1,12,,30496,20,,,1,10,,30497,20,,,1,11,,30498,20,,,1,51,,30499,20,,,1,16,,30500,20,,,1,12,,30501,20,,,1,14,,30502,20,,,1,51,,30503,20,,,1,16,,30504,20,,,1,13,,30505,20,,,1,8,,30506,20,,,1,15,,30507,20,,,1,53,,30508,20,,,1,13,,30509,20,,,1,13,,30510,20,,,1,13,,30511,20,,,1,72,,30512,20,,,1,32,,30513,20,,,1,72,,30514,20,,,1,31,,30515,20,,,1,73,,30516,20,,,1,32,,30517,20,,,1,72,,30518,20,,,1,73,,30519,20,,,1,30,,30520,20,,,1,14,,30521,20,,,1,56,,30522,20,,,1,13,,30523,20,,,1,14,,30524,20,,,1,14,,30525,20,,,1,14,,30526,20,,,1,53,,30527,20,,,1,16,,30528,20,,,1,11,,30529,20,,,1,16,,30530,20,,,1,54,,30531,20,,,1,14,,30532,20,,,1,14,,30533,20,,,1,14,,30534,20,,,1,53,,30535,20,,,1,14,,30536,20,,,1,12,,30537,20,,,1,14,,30538,20,,,1,13,,30539,20,,,1,55,,30540,20,,,1,13,,30541,20,,,1,14,,30542,20,,,1,82,,30543,20,,,1,82,,30544,20,,,1,39,,30545,20,,,1,83,,30546,20,,,1,82,,30547,20,,,1,42,,30548,20,,,1
9000,'2',644,,30555,20,,,1,81,,30556,20,,,1,82,,30557,20,,,1,35,,30562,20,,,1,72,,30563,20,,,1,32,,30564,20,,,1,72,,30565,20,,,1,32,,30566,20,,,1,72,,30567,20,,,1,32,,30568,20,,,1,72,,30569,20,,,1,32,,30570,20,,,1,72,,30571,20,,,1,72,,30572,20,,,1,32,,30573,20,,,1,72,,30574,20,,,1,32,,30575,20,,,1,72,,30576,20,,,1,31,,30577,20,,,1,72,,30578,20,,,1,32,,30579,20,,,1,72,,30580,20,,,1,32,,30581,20,,,1,69,,30582,20,,,1,31,,30583,20,,,1,71,,30584,20,,,1,80,,30558,20,,,1,41,,30559,20,,,1,81,,30560,20,,,1,81,,30561,20,,,1,41,,30585,20,,,1,81,,30586,20,,,1
9000,'3',854,,30587,20,,,1,83,,30589,20,,,1,82,,30590,20,,,1,82,,30591,20,,,1,42,,30592,20,,,1,85,,30593,20,,,1,85,,30594,20,,,1,45,,30595,20,,,1,85,,30596,20,,,1,85,,30597,20,,,1,85,,30598,20,,,1,45,,30599,20,,,1,84,,30600,20,,,1,84,,30601,20,,,1,81,,30602,20,,,1,44,,30603,20,,,1,79,,30604,20,,,1,81,,30605,20,,,1,39,,30606,20,,,1,79,,30607,20,,,1
9000,'74',644,,30609,20,,,1,81,,30610,20,,,1,82,,30611,20,,,1,35,,30614,20,,,1,72,,30615,20,,,1,32,,30616,20,,,1,72,,30617,20,,,1,32,,30618,20,,,1,72,,30619,20,,,1,32,,30620,20,,,1,72,,30621,20,,,1,32,,30622,20,,,1,72,,30623,20,,,1,72,,30624,20,,,1,32,,30625,20,,,1,72,,30626,20,,,1,32,,30627,20,,,1,72,,30628,20,,,1,31,,30629,20,,,1,72,,30630,20,,,1,32,,30631,20,,,1,72,,30632,20,,,1,32,,30633,20,,,1,69,,30634,20,,,1,31,,30635,20,,,1,71,,30636,20,,,1,80,,30612,20,,,1,41,,30613,20,,,1,81,,30637,20,,,1,81,,30638,20,,,1,41,,30639,20,,,1,81,,30640,20,,,1
9000,'80',854,,30641,20,,,1,83,,30643,20,,,1,82,,30644,20,,,1,82,,30645,20,,,1,42,,30646,20,,,1,85,,30647,20,,,1,85,,30648,20,,,1,45,,30649,20,,,1,85,,30650,20,,,1,85,,30651,20,,,1,85,,30652,20,,,1,45,,30653,20,,,1,84,,30654,20,,,1,84,,30655,20,,,1,81,,30656,20,,,1,44,,30657,20,,,1,79,,30658,20,,,1,81,,30659,20,,,1,39,,30660,20,,,1,79,,30661,20,,,1
900200,'1',556,,36759,20,,,1,59,,36760,20,,,1,19,,36761,20,,,1,20,,36762,20,,,1,60,,36763,20,,,1,25,,36764,20,,,1,63,,36765,20,,,1,23,,36766,20,,,1,23,,36767,20,,,1,63,,36768,20,,,1,25,,36769,20,,,1,21,,36770,20,,,1,58,,36771,20,,,1,513,,36772,20,0,16 17,1,24,,36773,20,0,16 17,1,63,,36774,20,0,16 17,1,22,,36775,20,0,16 17,1,22,,36776,20,0,16 17,1,65,,36777,20,0,16 17,1,22,,36778,20,0,16 17,1,62,,36779,20,0,16 17,1,23,,36780,20,0,16 17,1,19,,36781,20,0,16 17,1,59,,36782,20,0,16 17,1,19,,36783,20,0,16 17,1
