9600,'1',655,,31260,64,,,1,86,,31259,64,,,1,71,,31258,64,,,1,37,,31257,64,,,1,67,,31256,64,,,1,34,,31253,64,,,1,74,,31254,64,,,1,30,,31255,64,,,1,72,,31268,64,,,1,27,,31267,60,,,1,79,,31261,60,,,1,79,,31262,60,,,1,39,,31263,60,,,1,85,,31264,60,,,1,65,,31265,60,,,1,53,,31266,64,,,1,83,,31274,64,,,1,67,,31273,64,,,1,31,,31272,64,,,1,24,,31269,64,,,1,67,,31270,64,,,1,21,,31271,64,,,1,67,,31277,64,,,1,20,,31278,64,,,1,13,,31288,64,,,1,11,,31276,64,,,1,65,,31275,64,,,1,30,,31285,60,,,1,70,,31284,60,,,1,15,,31287,60,,,1,13,,31279,60,,,1,70,,31280,60,,,1,30,,31281,60,,,1,68,,31282,60,,,1,30,,31283,60,,,1,57,,31286,60,,,1
9600,'2',1016,,31289,60,,,1,100,,31290,60,,,1,99,,31291,60,,,1,97,,31292,60,,,1,99,,31293,60,,,1,99,,31294,60,,,1,99,,31295,60,,,1,99,,31296,60,,,1,95,,31297,60,,,1,97,,31298,60,,,1,47,,31299,60,,,1,83,,31300,60,,,1,97,,31301,60,,,1
9600,'3',1107,,31302,60,,,1,94,,31303,60,,,1,54,,31304,60,,,1,94,,31305,60,,,1,94,,31306,60,,,1,94,,31307,60,,,1,94,,31308,60,,,1,94,,31309,60,,,1,92,,31310,60,,,1,94,,31311,60,,,1,94,,31312,60,,,1,51,,31313,60,,,1
9600,'74',1016,,31314,60,,,1,100,,31315,60,,,1,99,,31316,60,,,1,97,,31317,60,,,1,99,,31318,60,,,1,99,,31319,60,,,1,99,,31320,60,,,1,99,,31321,60,,,1,95,,31322,60,,,1,97,,31323,60,,,1,47,,31324,60,,,1,83,,31325,60,,,1,97,,31326,60,,,1
9600,'80',1107,,31327,60,,,1,94,,31328,60,,,1,54,,31329,60,,,1,94,,31330,60,,,1,94,,31331,60,,,1,94,,31332,60,,,1,94,,31333,60,,,1,94,,31334,60,,,1,92,,31335,60,,,1,94,,31336,60,,,1,94,,31337,60,,,1,51,,31338,60,,,1
9800,'1',613,,31445,16,,,1,35,,31444,16,,,1,73,,31443,16,,,1,35,,31442,16,,,1,75,,31441,16,,,1,75,,31440,16,,,1,98,,31436,16,,,1,98,,31433,16,,,1,54,,31438,16,,,1,98,,31437,16,,,1,80,,31425,16,,,1,77,,31435,16,,,1,40,,31434,16,,,1,80,,31432,16,,,1,80,,31431,16,,,1,40,,31430,16,,,1,86,,31429,16,,,1,80,,31428,16,,,1,95,,31427,16,,,1,91,,31426,16,,,1,50,,31439,16,,,1
9800,'2',613,,31463,16,,,1,46,,31462,16,,,1,84,,31461,16,,,1,94,,31460,16,,,1,92,,31459,16,,,1,90,,31458,16,,,1,94,,31457,16,,,1,98,,31456,16,,,1,98,,31455,16,,,1,96,,31454,16,,,1,98,,31453,16,,,1,98,,31452,16,,,1,101,,31451,16,,,1,102,,31450,16,,,1,49,,31449,16,,,1,93,,31448,16,,,1,89,,31447,16,,,1,85,,31446,16,,,1
9800,'3',758,,31479,16,,,1,88,,31478,16,,,1,88,,31477,16,,,1,91,,31476,16,,,1,93,,31475,16,,,1,89,,31474,16,,,1,93,,31473,16,,,1,53,,31472,16,,,1,93,,31471,16,,,1,93,,31470,16,,,1,93,,31469,16,,,1,98,,31468,16,,,1,88,,31467,16,,,1,91,,31466,16,,,1,47,,31465,16,,,1,88,,31464,16,,,1
9800,'74',613,,31497,16,,,1,46,,31496,16,,,1,84,,31495,16,,,1,94,,31494,16,,,1,92,,31493,16,,,1,90,,31492,16,,,1,94,,31491,16,,,1,98,,31490,16,,,1,98,,31489,16,,,1,96,,31488,16,,,1,98,,31487,16,,,1,98,,31486,16,,,1,101,,31485,16,,,1,102,,31484,16,,,1,49,,31483,16,,,1,93,,31482,16,,,1,89,,31481,16,,,1,85,,31480,16,,,1
9800,'80',758,,31513,16,,,1,88,,31512,16,,,1,88,,31511,16,,,1,91,,31510,16,,,1,93,,31509,16,,,1,89,,31508,16,,,1,93,,31507,16,,,1,53,,31506,16,,,1,93,,31505,16,,,1,93,,31504,16,,,1,93,,31503,16,,,1,98,,31502,16,,,1,88,,31501,16,,,1,91,,31500,16,,,1,47,,31499,16,,,1,88,,31498,16,,,1
910200,'1',1602,,36812,38,,,1,43,,36820,38,,,1,85,,36816,38,,,1,85,,36817,38,,,1,43,,36818,38,,,1
989900,'1',2118,,36830,59,,,1,34,,36831,59,,,1,78,,36832,59,,,1,78,,36833,59,,,1,35,,36834,59,,,1,71,,36835,59,,,1,35,,36836,59,,,1,75,,36837,59,,,1,76,,36838,59,0,5 6,1,35,,36839,59,0,5 6,1,79,,36840,59,0,5 6,1
989900,'2',2122,,36841,59,,,1,94,,36842,59,,,1,86,,36843,59,,,1,52,,36844,59,,,1,86,,36845,59,,,1,86,,36846,59,,,1,84,,36847,59,0,5 6,1,46,,36848,59,0,5 6,1,86,,36849,59,0,5 6,1
989900,'3',2138,,36850,59,,,1,90,,36851,59,,,1,85,,36852,59,,,1,90,,36853,59,,,1,40,,36854,59,,,1,83,,36855,59,,,1,79,,36856,59,0,5 6,1,43,,36857,59,0,5 6,1,83,,36858,59,0,5 6,1
989900,'74',2122,,36859,59,,,1,94,,36860,59,,,1,86,,36861,59,,,1,52,,36862,59,,,1,86,,36863,59,,,1,86,,36864,59,,,1,84,,36865,59,0,5 6,1,46,,36866,59,0,5 6,1,86,,36867,59,0,5 6,1
989900,'80',2138,,36868,59,,,1,90,,36869,59,,,1,85,,36870,59,,,1,90,,36871,59,,,1,40,,36872,59,,,1,83,,36873,59,,,1,79,,36874,59,0,5 6,1,43,,36875,59,0,5 6,1,83,,36876,59,0,5 6,1
