5601,'1',635,,28761,44,,,1,106,,28760,44,,,1,106,,28759,44,,,1,107,,28758,44,,,1,500,,28757,44,,,1,150,,28756,44,,,1,110,,28755,44,,,1,107,,28754,44,,,1,107,,28753,44,,,1
9600,'1',718,,31260,93,,,1,88,,31259,93,,,1,31,,31258,93,,,1,77,,31257,93,,,1,27,,31256,93,,,1,73,,31253,93,,,1,34,,31254,93,,,1,70,,31255,93,,,1,32,,31268,93,,,1,69,,31267,89,,,1,39,,31261,89,,,1,79,,31262,89,,,1,79,,31263,89,,,1,88,,31264,89,,,1,25,,31265,89,,,1,90,,31266,93,,,1,83,,31274,93,,,1,27,,31273,93,,,1,72,,31272,93,,,1,20,,31269,93,,,1,27,,31270,93,,,1,61,,31271,93,,,1,27,,31277,93,,,1,19,,31278,93,,,1,51,,31288,93,,,1,11,,31276,93,,,1,25,,31275,93,,,1,70,,31285,89,,,1,30,,31284,89,,,1,15,,31287,89,,,1,51,,31279,89,,,1,30,,31280,89,,,1,68,,31281,89,,,1,28,,31282,89,,,1,70,,31283,89,,,1,17,,31286,89,,,1
9600,'2',1039,,31289,89,,,1,104,,31290,89,,,1,99,,31291,89,,,1,95,,31292,89,,,1,99,,31293,89,,,1,99,,31294,89,,,1,97,,31295,89,,,1,99,,31296,89,,,1,94,,31297,89,,,1,97,,31298,89,,,1,87,,31299,89,,,1,40,,31300,89,,,1,97,,31301,89,,,1
9600,'3',1130,,31302,89,,,1,94,,31303,89,,,1,94,,31304,89,,,1,94,,31305,89,,,1,94,,31306,89,,,1,94,,31307,89,,,1,54,,31308,89,,,1,94,,31309,89,,,1,91,,31310,89,,,1,94,,31311,89,,,1,94,,31312,89,,,1,88,,31313,89,,,1
9600,'74',1039,,31314,89,,,1,104,,31315,89,,,1,99,,31316,89,,,1,95,,31317,89,,,1,99,,31318,89,,,1,99,,31319,89,,,1,97,,31320,89,,,1,99,,31321,89,,,1,94,,31322,89,,,1,97,,31323,89,,,1,87,,31324,89,,,1,40,,31325,89,,,1,97,,31326,89,,,1
9600,'80',1130,,31327,89,,,1,94,,31328,89,,,1,94,,31329,89,,,1,94,,31330,89,,,1,94,,31331,89,,,1,94,,31332,89,,,1,54,,31333,89,,,1,94,,31334,89,,,1,91,,31335,89,,,1,94,,31336,89,,,1,94,,31337,89,,,1,88,,31338,89,,,1
9800,'1',633,,31445,45,,,1,75,,31444,45,,,1,35,,31443,45,,,1,75,,31442,45,,,1,35,,31441,45,,,1,75,,31440,45,,,1,98,,31436,45,,,1,98,,31433,45,,,1,96,,31438,45,,,1,98,,31437,45,,,1,40,,31425,45,,,1,79,,31435,45,,,1,80,,31434,45,,,1,40,,31432,45,,,1,80,,31431,45,,,1,80,,31430,45,,,1,83,,31429,45,,,1,40,,31428,45,,,1,92,,31427,45,,,1,91,,31426,45,,,1,88,,31439,45,,,1
9800,'2',632,,31463,45,,,1,86,,31462,45,,,1,85,,31461,45,,,1,54,,31460,45,,,1,93,,31459,45,,,1,92,,31458,45,,,1,94,,31457,45,,,1,98,,31456,45,,,1,98,,31455,45,,,1,97,,31454,45,,,1,98,,31453,45,,,1,98,,31452,45,,,1,99,,31451,45,,,1,100,,31450,45,,,1,89,,31449,45,,,1,91,,31448,45,,,1,49,,31447,45,,,1,85,,31446,45,,,1
9800,'3',816,,31479,45,,,1,88,,31478,45,,,1,48,,31477,45,,,1,93,,31476,45,,,1,93,,31475,45,,,1,90,,31474,45,,,1,93,,31473,45,,,1,93,,31472,45,,,1,93,,31471,45,,,1,93,,31470,45,,,1,53,,31469,45,,,1,96,,31468,45,,,1,88,,31467,45,,,1,90,,31466,45,,,1,87,,31465,45,,,1,88,,31464,45,,,1
9800,'74',632,,31497,45,,,1,86,,31496,45,,,1,85,,31495,45,,,1,54,,31494,45,,,1,93,,31493,45,,,1,92,,31492,45,,,1,94,,31491,45,,,1,98,,31490,45,,,1,98,,31489,45,,,1,97,,31488,45,,,1,98,,31487,45,,,1,98,,31486,45,,,1,99,,31485,45,,,1,100,,31484,45,,,1,89,,31483,45,,,1,91,,31482,45,,,1,49,,31481,45,,,1,85,,31480,45,,,1
9800,'80',816,,31513,45,,,1,88,,31512,45,,,1,48,,31511,45,,,1,93,,31510,45,,,1,93,,31509,45,,,1,90,,31508,45,,,1,93,,31507,45,,,1,93,,31506,45,,,1,93,,31505,45,,,1,93,,31504,45,,,1,53,,31503,45,,,1,96,,31502,45,,,1,88,,31501,45,,,1,90,,31500,45,,,1,87,,31499,45,,,1,88,,31498,45,,,1
989900,'1',2137,,36830,88,,,1,73,,36831,88,,,1,38,,36832,88,,,1,78,,36833,88,,,1,75,,36834,88,,,1,32,,36835,88,,,1,75,,36836,88,,,1,35,,36837,88,,,1,73,,36838,88,0,5 6,1,35,,36839,88,0,5 6,1,79,,36840,88,0,5 6,1
989900,'2',2142,,36841,88,,,1,94,,36842,88,,,1,85,,36843,88,,,1,91,,36844,88,,,1,46,,36845,88,,,1,86,,36846,88,,,1,81,,36847,88,0,5 6,1,86,,36848,88,0,5 6,1,46,,36849,88,0,5 6,1
989900,'3',2156,,36850,88,,,1,90,,36851,88,,,1,84,,36852,88,,,1,90,,36853,88,,,1,80,,36854,88,,,1,43,,36855,88,,,1,78,,36856,88,0,5 6,1,83,,36857,88,0,5 6,1,43,,36858,88,0,5 6,1
989900,'74',2142,,36859,88,,,1,94,,36860,88,,,1,85,,36861,88,,,1,91,,36862,88,,,1,46,,36863,88,,,1,86,,36864,88,,,1,81,,36865,88,0,5 6,1,86,,36866,88,0,5 6,1,46,,36867,88,0,5 6,1
989900,'80',2156,,36868,88,,,1,90,,36869,88,,,1,84,,36870,88,,,1,90,,36871,88,,,1,80,,36872,88,,,1,43,,36873,88,,,1,78,,36874,88,0,5 6,1,83,,36875,88,0,5 6,1,43,,36876,88,0,5 6,1
