2300,'1',626,,27566,1,,,1,106,,27565,1,,,1,106,,27564,1,,,1,762,,27563,1,,,1,50,,27562,1,,,1,90,,27561,1,,,1,90,,27569,1,,,1,90,,27568,1,,,1
2301,'1',607,,27579,55,4,,1,106,,27578,55,4,,1,113,,27577,55,4,,1,106,,27576,55,4,,1,619,,27575,55,4,,1,76,,27574,55,4,,1,90,,27573,55,4,,1,90,,27572,55,4,,1,47,,27571,55,4,,1,85,,27570,55,4,,1
36000,'1',830,,33649,1,,,1,29,,33650,1,,,1,69,,33651,1,,,1,29,,33652,1,,,1,69,,33653,1,,,1,29,,33654,1,,,1,84,,33655,1,,,1,84,,33656,1,,,1,84,,33657,1,,,1,44,,33658,1,,,1,84,,33659,1,,,1,84,,33660,1,,,1,84,,33661,1,,,1,44,,33662,1,,,1,84,,33663,1,,,1,84,,33664,1,,,1,44,,33665,1,,,1,84,,33666,1,,,1,84,,33667,1,,,1,26,,33668,1,,,1,66,,33669,1,,,1,26,,33670,1,,,1,66,,33671,1,,,1
36000,'2',830,,33672,1,,,1,23,,33673,1,,,1,63,,33674,1,,,1,23,,33675,1,,,1,63,,33676,1,,,1,23,,33677,1,,,1,23,,33678,1,,,1,63,,33679,1,,,1,23,,33680,1,,,1,23,,33681,1,,,1,63,,33682,1,,,1,23,,33683,1,,,1,63,,33684,1,,,1,23,,33685,1,,,1,23,,33686,1,,,1,63,,33687,1,,,1,23,,33688,1,,,1,63,,33689,1,,,1,23,,33690,1,,,1,23,,33691,1,,,1,63,,33692,1,,,1,23,,33693,1,,,1,23,,33694,1,,,1,63,,33695,1,,,1,23,,33696,1,,,1,64,,33697,1,,,1,24,,33698,1,,,1,24,,33699,1,,,1,64,,33700,1,,,1,24,,33701,1,,,1,64,,33702,1,,,1,24,,33703,1,,,1,24,,33704,1,,,1,64,,33705,1,,,1,24,,33706,1,,,1,64,,33707,1,,,1
36000,'3',830,,33708,1,,,1,22,,33709,1,,,1,62,,33710,1,,,1,22,,33711,1,,,1,22,,33712,1,,,1,62,,33713,1,,,1,22,,33714,1,,,1,62,,33715,1,,,1,22,,33716,1,,,1,22,,33717,1,,,1,62,,33718,1,,,1,22,,33719,1,,,1,22,,33720,1,,,1,62,,33721,1,,,1,22,,33722,1,,,1,62,,33723,1,,,1,22,,33724,1,,,1,22,,33725,1,,,1,62,,33726,1,,,1,22,,33727,1,,,1,22,,33728,1,,,1,62,,33729,1,,,1,22,,33730,1,,,1,22,,33731,1,,,1,62,,33732,1,,,1,22,,33733,1,,,1,62,,33734,1,,,1,22,,33735,1,,,1,23,,33736,1,,,1,63,,33737,1,,,1,23,,33738,1,,,1,23,,33739,1,,,1,63,,33740,1,,,1,23,,33741,1,,,1,63,,33742,1,,,1,23,,33743,1,,,1,23,,33744,1,,,1,63,,33745,1,,,1
36000,'74',830,,33746,1,,,1,23,,33747,1,,,1,63,,33748,1,,,1,23,,33749,1,,,1,63,,33750,1,,,1,23,,33751,1,,,1,23,,33752,1,,,1,63,,33753,1,,,1,23,,33754,1,,,1,23,,33755,1,,,1,63,,33756,1,,,1,23,,33757,1,,,1,63,,33758,1,,,1,23,,33759,1,,,1,23,,33760,1,,,1,63,,33761,1,,,1,23,,33762,1,,,1,63,,33763,1,,,1,23,,33764,1,,,1,23,,33765,1,,,1,63,,33766,1,,,1,23,,33767,1,,,1,23,,33768,1,,,1,63,,33769,1,,,1,23,,33770,1,,,1,64,,33771,1,,,1,24,,33772,1,,,1,24,,33773,1,,,1,64,,33774,1,,,1,24,,33775,1,,,1,64,,33776,1,,,1,24,,33777,1,,,1,24,,33778,1,,,1,64,,33779,1,,,1,24,,33780,1,,,1,64,,33781,1,,,1,24,,33782,1,,,1
36000,'80',830,,33783,1,,,1,22,,33784,1,,,1,62,,33785,1,,,1,22,,33786,1,,,1,22,,33787,1,,,1,62,,33788,1,,,1,22,,33789,1,,,1,62,,33790,1,,,1,22,,33791,1,,,1,22,,33792,1,,,1,62,,33793,1,,,1,22,,33794,1,,,1,22,,33795,1,,,1,62,,33796,1,,,1,22,,33797,1,,,1,62,,33798,1,,,1,22,,33799,1,,,1,22,,33800,1,,,1,62,,33801,1,,,1,22,,33802,1,,,1,22,,33803,1,,,1,62,,33804,1,,,1,22,,33805,1,,,1,22,,33806,1,,,1,62,,33807,1,,,1,22,,33808,1,,,1,62,,33809,1,,,1,22,,33810,1,,,1,23,,33811,1,,,1,63,,33812,1,,,1,23,,33813,1,,,1,23,,33814,1,,,1,63,,33815,1,,,1,23,,33816,1,,,1,63,,33817,1,,,1,23,,33818,1,,,1,23,,33819,1,,,1,63,,33820,1,,,1
36001,'1',1017,,33821,28,4,,1,29,,33822,28,4,,1,71,,33823,28,4,,1,26,,33824,28,4,,1,65,,33837,28,4,,1,44,,33836,28,4,,1,84,,33825,28,4,,1,84,,33826,28,4,,1,84,,33827,28,4,,1,49,,33828,28,4,,1,84,,33829,28,4,,1,88,,33830,28,4,,1,82,,33831,28,4,,1,40,,33832,28,4,,1,84,,33833,28,4,,1,84,,33834,28,4,,1,41,,33835,28,4,,1,84,,33843,28,4,,1,66,,33842,28,4,,1,26,,33838,28,4,,1,26,,33839,28,4,,1,66,,33840,28,4,,1,26,,33841,28,4,,1
36001,'2',1016,,33844,28,4,,1,23,,33845,28,4,,1,63,,33846,28,4,,1,23,,33847,28,4,,1,23,,33848,28,4,,1,62,,33849,28,4,,1,23,,33850,28,4,,1,24,,33851,28,4,,1,63,,33852,28,4,,1,23,,33853,28,4,,1,63,,33854,28,4,,1,23,,33855,28,4,,1,23,,33856,28,4,,1,63,,33857,28,4,,1,23,,33858,28,4,,1,63,,33859,28,4,,1,23,,33860,28,4,,1,23,,33861,28,4,,1,65,,33862,28,4,,1,23,,33863,28,4,,1,20,,33864,28,4,,1,64,,33865,28,4,,1,23,,33866,28,4,,1,69,,33879,28,4,,1,24,,33878,28,4,,1,18,,33867,28,4,,1,64,,33868,28,4,,1,24,,33869,28,4,,1,68,,33870,28,4,,1,21,,33871,28,4,,1,22,,33872,28,4,,1,64,,33873,28,4,,1,24,,33874,28,4,,1,64,,33875,28,4,,1,24,,33876,28,4,,1,24,,33877,28,4,,1
36001,'3',1009,,33880,28,4,,1,22,,33881,28,4,,1,22,,33882,28,4,,1,62,,33883,28,4,,1,19,,33884,28,4,,1,22,,33885,28,4,,1,64,,33886,28,4,,1,22,,33887,28,4,,1,62,,33888,28,4,,1,22,,33889,28,4,,1,23,,33890,28,4,,1,62,,33891,28,4,,1,22,,33892,28,4,,1,20,,33893,28,4,,1,66,,33894,28,4,,1,22,,33895,28,4,,1,62,,33896,28,4,,1,22,,33897,28,4,,1,23,,33898,28,4,,1,62,,33899,28,4,,1,22,,33900,28,4,,1,22,,33901,28,4,,1,62,,33902,28,4,,1,22,,33903,28,4,,1,62,,33904,28,4,,1,27,,33905,28,4,,1,21,,33917,28,4,,1,56,,33916,28,4,,1,23,,33906,28,4,,1,23,,33907,28,4,,1,63,,33908,28,4,,1,23,,33909,28,4,,1,23,,33910,28,4,,1,60,,33911,28,4,,1,23,,33912,28,4,,1,63,,33913,28,4,,1,23,,33914,28,4,,1,23,,33915,28,4,,1
36001,'74',1016,,33918,28,4,,1,23,,33919,28,4,,1,63,,33920,28,4,,1,23,,33921,28,4,,1,23,,33922,28,4,,1,62,,33923,28,4,,1,23,,33924,28,4,,1,24,,33925,28,4,,1,63,,33926,28,4,,1,23,,33927,28,4,,1,63,,33928,28,4,,1,23,,33929,28,4,,1,23,,33930,28,4,,1,63,,33931,28,4,,1,23,,33932,28,4,,1,63,,33933,28,4,,1,23,,33934,28,4,,1,23,,33935,28,4,,1,65,,33936,28,4,,1,23,,33937,28,4,,1,20,,33938,28,4,,1,64,,33939,28,4,,1,23,,33940,28,4,,1,69,,33942,28,4,,1,24,,33941,28,4,,1,18,,33943,28,4,,1,64,,33944,28,4,,1,24,,33945,28,4,,1,68,,33946,28,4,,1,21,,33947,28,4,,1,22,,33948,28,4,,1,64,,33949,28,4,,1,24,,33950,28,4,,1,64,,33951,28,4,,1,24,,33952,28,4,,1,24,,33953,28,4,,1,64,,33954,28,4,,1
36001,'80',1009,,33955,28,4,,1,22,,33956,28,4,,1,22,,33957,28,4,,1,62,,33958,28,4,,1,19,,33959,28,4,,1,22,,33960,28,4,,1,64,,33961,28,4,,1,22,,33962,28,4,,1,62,,33963,28,4,,1,22,,33964,28,4,,1,23,,33965,28,4,,1,62,,33966,28,4,,1,22,,33967,28,4,,1,20,,33968,28,4,,1,66,,33969,28,4,,1,22,,33970,28,4,,1,62,,33971,28,4,,1,22,,33972,28,4,,1,23,,33973,28,4,,1,62,,33974,28,4,,1,22,,33975,28,4,,1,22,,33976,28,4,,1,62,,33977,28,4,,1,22,,33978,28,4,,1,62,,33979,28,4,,1,27,,33980,28,4,,1,21,,33992,28,4,,1,56,,33991,28,4,,1,23,,33981,28,4,,1,23,,33982,28,4,,1,63,,33983,28,4,,1,23,,33984,28,4,,1,23,,33985,28,4,,1,60,,33986,28,4,,1,23,,33987,28,4,,1,63,,33988,28,4,,1,23,,33989,28,4,,1,23,,33990,28,4,,1
