9600,'1',708,,18524,83,,,1,47,,18523,83,,,1,71,,18522,83,,,1,77,,18521,83,,,1,27,,18520,83,,,1,73,,18517,83,,,1,34,,18518,83,,,1,70,,18519,83,,,1,32,,18532,83,,,1,68,,18531,79,,,1,39,,18525,79,,,1,79,,18526,79,,,1,79,,18527,79,,,1,46,,18528,79,,,1,65,,18529,79,,,1,91,,18530,83,,,1,43,,18538,83,,,1,67,,18537,83,,,1,32,,18536,83,,,1,63,,18533,83,,,1,27,,18534,83,,,1,21,,18535,83,,,1,67,,18541,83,,,1,18,,18542,83,,,1,13,,18552,83,,,1,51,,18540,83,,,1,25,,18539,83,,,1,70,,18549,79,,,1,30,,18548,79,,,1,15,,18551,79,,,1,52,,18543,79,,,1,30,,18544,79,,,1,29,,18545,79,,,1,68,,18546,79,,,1,30,,18547,79,,,1,57,,18550,79,,,1
9600,'2',1029,,18553,79,,,1,101,,18554,79,,,1,99,,18555,79,,,1,96,,18556,79,,,1,99,,18557,79,,,1,99,,18558,79,,,1,99,,18559,79,,,1,99,,18560,79,,,1,93,,18561,79,,,1,97,,18562,79,,,1,47,,18563,79,,,1,83,,18564,79,,,1,97,,18565,79,,,1
9600,'3',1119,,18566,79,,,1,94,,18567,79,,,1,94,,18568,79,,,1,94,,18569,79,,,1,54,,18570,79,,,1,94,,18571,79,,,1,94,,18572,79,,,1,94,,18573,79,,,1,91,,18574,79,,,1,94,,18575,79,,,1,94,,18576,79,,,1,91,,18577,79,,,1
9600,'80',1119,,18578,79,,,1,94,,18579,79,,,1,94,,18580,79,,,1,94,,18581,79,,,1,54,,18582,79,,,1,94,,18583,79,,,1,94,,18584,79,,,1,94,,18585,79,,,1,91,,18586,79,,,1,94,,18587,79,,,1,94,,18588,79,,,1,91,,18589,79,,,1
9800,'1',625,,18683,35,,,1,75,,18682,35,,,1,33,,18681,35,,,1,75,,18680,35,,,1,35,,18679,35,,,1,75,,18678,35,,,1,98,,18674,35,,,1,98,,18671,35,,,1,96,,18676,35,,,1,98,,18675,35,,,1,40,,18663,35,,,1,79,,18673,35,,,1,80,,18672,35,,,1,40,,18670,35,,,1,80,,18669,35,,,1,80,,18668,35,,,1,44,,18667,35,,,1,80,,18666,35,,,1,93,,18665,35,,,1,91,,18664,35,,,1,88,,18677,35,,,1
9800,'2',624,,18701,35,,,1,86,,18700,35,,,1,44,,18699,35,,,1,94,,18698,35,,,1,93,,18697,35,,,1,91,,18696,35,,,1,94,,18695,35,,,1,98,,18694,35,,,1,98,,18693,35,,,1,97,,18692,35,,,1,98,,18691,35,,,1,98,,18690,35,,,1,99,,18689,35,,,1,101,,18688,35,,,1,89,,18687,35,,,1,53,,18686,35,,,1,89,,18685,35,,,1,85,,18684,35,,,1
9800,'3',808,,18717,35,,,1,48,,18716,35,,,1,88,,18715,35,,,1,92,,18714,35,,,1,93,,18713,35,,,1,90,,18712,35,,,1,93,,18711,35,,,1,93,,18710,35,,,1,53,,18709,35,,,1,93,,18708,35,,,1,93,,18707,35,,,1,96,,18706,35,,,1,88,,18705,35,,,1,91,,18704,35,,,1,87,,18703,35,,,1,48,,18702,35,,,1
9800,'80',808,,18733,35,,,1,48,,18732,35,,,1,88,,18731,35,,,1,92,,18730,35,,,1,93,,18729,35,,,1,90,,18728,35,,,1,93,,18727,35,,,1,93,,18726,35,,,1,53,,18725,35,,,1,93,,18724,35,,,1,93,,18723,35,,,1,96,,18722,35,,,1,88,,18721,35,,,1,91,,18720,35,,,1,87,,18719,35,,,1,48,,18718,35,,,1
989900,'1',2129,,22653,78,,,1,73,,22654,78,,,1,38,,22655,78,,,1,78,,22656,78,,,1,35,,22657,78,,,1,72,,22658,78,,,1,75,,22659,78,,,1,35,,22660,78,,,1,74,,22661,78,0,5 6,1,35,,22662,78,0,5 6,1,79,,22663,78,0,5 6,1
989900,'2',2133,,22664,78,,,1,94,,22665,78,,,1,86,,22666,78,,,1,91,,22667,78,,,1,46,,22668,78,,,1,86,,22669,78,,,1,82,,22670,78,0,5 6,1,86,,22671,78,0,5 6,1,46,,22672,78,0,5 6,1
989900,'3',2148,,22673,78,,,1,90,,22674,78,,,1,85,,22675,78,,,1,90,,22676,78,,,1,40,,22677,78,,,1,83,,22678,78,,,1,78,,22679,78,0,5 6,1,43,,22680,78,0,5 6,1,83,,22681,78,0,5 6,1
989900,'80',2148,,22682,78,,,1,90,,22683,78,,,1,85,,22684,78,,,1,90,,22685,78,,,1,40,,22686,78,,,1,83,,22687,78,,,1,78,,22688,78,0,5 6,1,43,,22689,78,0,5 6,1,83,,22690,78,0,5 6,1
