8500,'1',545,,29617,8,,,1,56,,29618,8,,,1,16,,29619,8,,,1,16,,29620,8,,,1,16,,29621,8,,,1,56,,29622,8,,,1,16,,29623,8,,,1,16,,29624,8,,,1,16,,29625,8,,,1,56,,29626,8,,,1,16,,29627,8,,,1,16,,29628,8,,,1,16,,29629,8,,,1,65,,29630,8,,,1,25,,29631,8,,,1,64,,29632,8,,,1,25,,29633,8,,,1,65,,29634,8,,,1,25,,29635,8,,,1,25,,29636,8,,,1,65,,29637,8,,,1,25,,29638,8,,,1,65,,29639,8,,,1,25,,29640,8,,,1,20,,29641,8,,,1
8500,'2',633,,29697,8,,,1,70,,29698,8,,,1,30,,29699,8,,,1,68,,29700,8,,,1,31,,29701,8,,,1,70,,29702,8,,,1,30,,29703,8,,,1,72,,29704,8,,,1,30,,29705,8,,,1,71,,29669,8,,,1,22,,29670,8,,,1,23,,29671,8,,,1,63,,29672,8,,,1,23,,29673,8,,,1,23,,29674,8,,,1,63,,29675,8,,,1,23,,29676,8,,,1,63,,29677,8,,,1,23,,29678,8,,,1,23,,29679,8,,,1,63,,29680,8,,,1,23,,29681,8,,,1,63,,29682,8,,,1,23,,29683,8,,,1,21,,29684,8,,,1,65,,29685,8,,,1,17,,29686,8,,,1,21,,29687,8,,,1,61,,29688,8,,,1,21,,29689,8,,,1,21,,29690,8,,,1,61,,29691,8,,,1,21,,29692,8,,,1,21,,29693,8,,,1,61,,29694,8,,,1,21,,29695,8,,,1,21,,29696,8,,,1,70,,29706,8,,,1,30,,29707,8,,,1,70,,29708,8,,,1
8500,'3',923,,29709,8,,,1,80,,29710,8,,,1,40,,29711,8,,,1,80,,29712,8,,,1,91,,29713,8,,,1,43,,29714,8,,,1,83,,29715,8,,,1,83,,29716,8,,,1,82,,29717,8,,,1,43,,29718,8,,,1,82,,29719,8,,,1,74,,29720,8,,,1,41,,29721,8,,,1,85,,29722,8,,,1,77,,29723,8,,,1,41,,29724,8,,,1,81,,29725,8,,,1
8500,'74',633,,29756,8,,,1,70,,29757,8,,,1,30,,29758,8,,,1,68,,29759,8,,,1,31,,29760,8,,,1,70,,29761,8,,,1,30,,29762,8,,,1,72,,29763,8,,,1,30,,29764,8,,,1,71,,29728,8,,,1,22,,29729,8,,,1,23,,29730,8,,,1,63,,29731,8,,,1,23,,29732,8,,,1,23,,29733,8,,,1,63,,29734,8,,,1,23,,29735,8,,,1,63,,29736,8,,,1,23,,29737,8,,,1,23,,29738,8,,,1,63,,29739,8,,,1,23,,29740,8,,,1,63,,29741,8,,,1,23,,29742,8,,,1,21,,29743,8,,,1,65,,29744,8,,,1,17,,29745,8,,,1,21,,29746,8,,,1,61,,29747,8,,,1,21,,29748,8,,,1,21,,29749,8,,,1,61,,29750,8,,,1,21,,29751,8,,,1,21,,29752,8,,,1,61,,29753,8,,,1,21,,29754,8,,,1,21,,29755,8,,,1,70,,29765,8,,,1,30,,29766,8,,,1,70,,29767,8,,,1
8500,'80',923,,29768,8,,,1,80,,29769,8,,,1,40,,29770,8,,,1,80,,29771,8,,,1,91,,29772,8,,,1,43,,29773,8,,,1,83,,29774,8,,,1,83,,29775,8,,,1,82,,29776,8,,,1,43,,29777,8,,,1,82,,29778,8,,,1,74,,29779,8,,,1,41,,29780,8,,,1,85,,29781,8,,,1,77,,29782,8,,,1,41,,29783,8,,,1,81,,29784,8,,,1
8501,'1',1358,,29808,59,,,1,65,,29812,59,,,1,25,,29813,59,,,1,66,,29814,59,,,1,16,,29841,59,,,1,16,,29842,59,,,1,56,,29831,59,,,1,16,,29830,59,,,1,16,,29829,59,,,1,71,,29828,59,,,1,25,,29827,59,,,1,16,,29815,59,,,1,59,,29816,59,,,1,13,,29817,59,,,1,6,,29818,59,,,1,16,,29819,59,,,1,11,,29820,59,,,1,59,,29821,59,,,1,13,,29822,59,,,1,16,,29823,59,,,1,16,,29824,59,,,1,56,,29825,59,,,1,12,,29826,59,,,1,32,,29834,59,,,1,63,,29833,59,,,1,25,,29832,59,,,1,62,,29838,59,,,1,29,,29837,59,,,1,71,,29835,59,,,1,32,,29836,59,,,1
8501,'2',2248,,29881,59,,,1,70,,29882,59,,,1
8501,'3',2104,,29883,59,,,1,41,,29884,59,,,1
8501,'74',2248,,29940,59,,,1,70,,29941,59,,,1
8501,'80',2104,,29956,59,,,1,41,,29957,59,,,1
