8101,'1',1524,,29518,31,,,1,86,,29517,31,,,1,39,,29516,31,,,1,79,,29515,31,,,1,77,,29514,31,,,1,37,,29513,31,,,1,75,,29512,31,,,1,38,,29511,31,,,1
9801,'1',542,,31521,49,,,1,75,,31520,49,,,1,38,,31519,49,,,1,75,,31518,49,,,1,76,,31517,49,,,1,35,,31516,49,,,1,75,,31515,49,,,1,35,,31514,49,,,1,75,,31525,49,,,1,101,,31524,49,,,1,98,,31523,49,,,1,98,,31522,49,,,1,102,,31537,49,,,1,80,,31536,49,,,1,40,,31535,49,,,1,80,,31534,49,,,1,80,,31533,49,,,1,40,,31532,49,,,1,80,,31531,49,,,1,76,,31530,49,,,1,38,,31529,49,,,1,91,,31528,49,,,1,86,,31527,49,,,1,88,,31526,49,,,1
9801,'2',549,,31556,49,,,1,86,,31555,49,,,1,86,,31554,49,,,1,86,,31553,49,,,1,48,,31552,49,,,1,97,,31551,49,,,1,94,,31550,49,,,1,98,,31549,49,,,1,94,,31548,49,,,1,102,,31547,49,,,1,98,,31546,49,,,1,98,,31545,49,,,1,95,,31544,49,,,1,98,,31543,49,,,1,98,,31542,49,,,1,94,,31541,49,,,1,85,,31540,49,,,1,49,,31539,49,,,1,87,,31538,49,,,1
9801,'3',732,,31573,49,,,1,88,,31574,49,,,1,90,,31572,49,,,1,48,,31571,49,,,1,88,,31570,49,,,1,96,,31569,49,,,1,93,,31568,49,,,1,93,,31567,49,,,1,95,,31566,49,,,1,93,,31565,49,,,1,93,,31564,49,,,1,93,,31563,49,,,1,53,,31562,49,,,1,90,,31561,49,,,1,85,,31560,49,,,1,86,,31559,49,,,1,87,,31558,49,,,1,48,,31557,49,,,1
9801,'74',549,,31593,49,,,1,86,,31592,49,,,1,86,,31591,49,,,1,86,,31590,49,,,1,48,,31589,49,,,1,97,,31588,49,,,1,94,,31587,49,,,1,98,,31586,49,,,1,94,,31585,49,,,1,102,,31584,49,,,1,98,,31583,49,,,1,98,,31582,49,,,1,95,,31581,49,,,1,98,,31580,49,,,1,98,,31579,49,,,1,94,,31578,49,,,1,85,,31577,49,,,1,49,,31576,49,,,1,87,,31575,49,,,1
9801,'80',732,,31610,49,,,1,88,,31611,49,,,1,90,,31609,49,,,1,48,,31608,49,,,1,88,,31607,49,,,1,96,,31606,49,,,1,93,,31605,49,,,1,93,,31604,49,,,1,95,,31603,49,,,1,93,,31602,49,,,1,93,,31601,49,,,1,93,,31600,49,,,1,53,,31599,49,,,1,90,,31598,49,,,1,85,,31597,49,,,1,86,,31596,49,,,1,87,,31595,49,,,1,48,,31594,49,,,1
989901,'1',2221,,36877,49,,,1,31,,36878,49,,,1,78,,36879,49,,,1,75,,36880,49,,,1,35,,36881,49,,,1,71,,36882,49,,,1,35,,36883,49,,,1,75,,36884,49,,,1
989901,'2',2227,,36885,49,,,1,91,,36886,49,,,1,82,,36887,49,,,1,51,,36890,49,,,1,85,,36888,49,,,1,86,,36889,49,,,1
989901,'3',2239,,36891,49,,,1,87,,36892,49,,,1,83,,36893,49,,,1,49,,36894,49,,,1,79,,36895,49,,,1,83,,36896,49,,,1
989901,'74',2227,,36897,49,,,1,91,,36898,49,,,1,82,,36899,49,,,1,51,,36902,49,,,1,85,,36900,49,,,1,86,,36901,49,,,1
989901,'80',2239,,36903,49,,,1,87,,36904,49,,,1,83,,36905,49,,,1,49,,36906,49,,,1,79,,36907,49,,,1,83,,36908,49,,,1
