9600,'1',612,,31260,12,,,1,42,,31259,12,,,1,71,,31258,12,,,1,77,,31257,12,,,1,27,,31256,12,,,1,80,,31253,12,,,1,34,,31254,12,,,1,70,,31255,12,,,1,32,,31268,12,,,1,70,,31267,12,,,1,39,,31261,12,,,1,79,,31262,12,,,1,79,,31263,12,,,1,41,,31264,12,,,1,65,,31265,12,,,1,86,,31266,12,,,1,43,,31274,12,,,1,67,,31273,12,,,1,28,,31272,12,,,1,67,,31269,12,,,1,27,,31270,12,,,1,64,,31271,12,,,1,27,,31277,12,,,1,25,,31278,12,,,1,53,,31288,12,,,1,14,,31276,12,,,1,25,,31275,12,,,1,75,,31285,12,,,1,30,,31284,12,,,1,55,,31287,12,,,1,15,,31279,12,,,1,30,,31280,12,,,1,70,,31281,12,,,1,30,,31282,12,,,1,70,,31283,12,,,1,17,,31286,12,,,1
9600,'2',937,,31289,12,,,1,99,,31290,12,,,1,99,,31291,12,,,1,99,,31292,12,,,1,99,,31293,12,,,1,99,,31294,12,,,1,98,,31295,12,,,1,99,,31296,12,,,1,96,,31297,12,,,1,97,,31298,12,,,1,87,,31299,12,,,1,48,,31300,12,,,1,97,,31301,12,,,1
9600,'3',1030,,31302,12,,,1,94,,31303,12,,,1,94,,31304,12,,,1,94,,31305,12,,,1,94,,31306,12,,,1,94,,31307,12,,,1,54,,31308,12,,,1,94,,31309,12,,,1,93,,31310,12,,,1,94,,31311,12,,,1,94,,31312,12,,,1,94,,31313,12,,,1
9600,'74',937,,31314,12,,,1,99,,31315,12,,,1,99,,31316,12,,,1,99,,31317,12,,,1,99,,31318,12,,,1,99,,31319,12,,,1,98,,31320,12,,,1,99,,31321,12,,,1,96,,31322,12,,,1,97,,31323,12,,,1,87,,31324,12,,,1,48,,31325,12,,,1,97,,31326,12,,,1
9600,'80',1030,,31327,12,,,1,94,,31328,12,,,1,94,,31329,12,,,1,94,,31330,12,,,1,94,,31331,12,,,1,94,,31332,12,,,1,54,,31333,12,,,1,94,,31334,12,,,1,93,,31335,12,,,1,94,,31336,12,,,1,94,,31337,12,,,1,94,,31338,12,,,1
10700,'1',452,,32223,12,,,1,64,,32222,12,,,1,24,,32221,12,,,1,64,,32220,12,,,1,19,,32219,12,,,1,16,,32218,12,,,1,61,,32217,12,,,1,11,,32216,12,,,1,16,,32215,12,,,1,19,,32214,12,,,1,56,,32213,12,,,1,12,,32212,12,,,1,17,,32211,12,,,1,16,,32210,12,,,1,55,,32209,12,,,1,43,,32208,12,,,1,82,,32207,12,,,1,82,,32206,12,,,1,42,,32205,12,,,1,84,,32204,12,,,1,82,,32203,12,,,1,42,,32202,12,,,1,59,,32201,12,,,1,18,,32200,12,,,1,18,,32251,12,,,1,59,,32250,12,,,1,19,,32249,12,,,1,18,,32248,12,,,1,58,,32247,12,,,1,22,,32246,12,,,1,16,,32245,12,,,1,58,,32244,12,,,1,18,,32243,12,,,1,20,,32242,12,,,1,16,,32241,12,,,1,58,,32240,12,,,1,14,,32239,12,,,1,18,,32238,12,,,1,79,,32237,12,,,1,81,,32236,12,,,1,39,,32235,12,,,1,80,,32234,12,,,1,74,,32233,12,,,1,34,,32232,12,,,1,74,,32231,12,,,1,34,,32230,12,,,1,74,,32229,12,,,1,34,,32228,12,,,1,74,,32227,12,,,1,34,,32226,12,,,1,71,,32225,12,,,1,74,,32224,12,,,1
10700,'2',628,,32254,12,,,1,78,,32253,12,,,1,37,,32252,12,,,1,77,,32255,12,,,1,37,,32256,12,,,1,77,,32257,12,,,1,77,,32258,12,,,1,37,,32259,12,,,1,77,,32260,12,,,1,77,,32261,12,,,1,36,,32262,12,,,1,77,,32263,12,,,1,37,,32264,12,,,1,77,,32265,12,,,1,77,,32266,12,,,1,37,,32267,12,,,1,76,,32268,12,,,1,37,,32269,12,,,1,77,,32270,12,,,1,77,,32271,12,,,1,37,,32272,12,,,1,77,,32273,12,,,1,77,,32274,12,,,1,37,,32275,12,,,1,77,,32276,12,,,1,37,,32277,12,,,1,77,,32278,12,,,1,77,,32279,12,,,1,37,,32280,12,,,1,77,,32281,12,,,1,37,,32282,12,,,1,76,,32283,12,,,1,77,,32285,12,,,1,37,,32284,12,,,1
10700,'3',818,,32299,12,,,1,37,,32300,12,,,1,77,,32301,12,,,1,77,,32302,12,,,1,37,,32303,12,,,1,77,,32304,12,,,1,77,,32305,12,,,1,37,,32306,12,,,1,77,,32307,12,,,1,37,,32308,12,,,1,76,,32309,12,,,1,77,,32310,12,,,1,37,,32314,12,,,1,77,,32313,12,,,1,37,,32315,12,,,1,77,,32316,12,,,1,77,,32317,12,,,1,37,,32318,12,,,1,77,,32286,12,,,1,77,,32287,12,,,1,37,,32288,12,,,1,77,,32311,12,,,1,37,,32289,12,,,1,77,,32290,12,,,1,77,,32291,12,,,1,37,,32292,12,,,1,77,,32293,12,,,1,37,,32294,12,,,1,77,,32295,12,,,1,77,,32312,12,,,1,37,,32296,12,,,1
10700,'74',628,,32321,12,,,1,78,,32320,12,,,1,37,,32319,12,,,1,77,,32322,12,,,1,37,,32323,12,,,1,77,,32324,12,,,1,77,,32325,12,,,1,37,,32326,12,,,1,77,,32327,12,,,1,77,,32328,12,,,1,36,,32329,12,,,1,77,,32330,12,,,1,37,,32331,12,,,1,77,,32332,12,,,1,77,,32333,12,,,1,37,,32334,12,,,1,76,,32335,12,,,1,37,,32336,12,,,1,77,,32337,12,,,1,77,,32338,12,,,1,37,,32339,12,,,1,77,,32340,12,,,1,77,,32341,12,,,1,37,,32342,12,,,1,77,,32343,12,,,1,37,,32344,12,,,1,77,,32345,12,,,1,77,,32346,12,,,1,37,,32347,12,,,1,77,,32348,12,,,1,37,,32349,12,,,1,76,,32350,12,,,1,77,,32352,12,,,1,37,,32351,12,,,1
10700,'80',818,,32366,12,,,1,37,,32367,12,,,1,77,,32368,12,,,1,77,,32369,12,,,1,37,,32370,12,,,1,77,,32371,12,,,1,77,,32372,12,,,1,37,,32373,12,,,1,77,,32374,12,,,1,37,,32375,12,,,1,76,,32376,12,,,1,77,,32377,12,,,1,37,,32381,12,,,1,77,,32380,12,,,1,37,,32382,12,,,1,77,,32383,12,,,1,77,,32384,12,,,1,37,,32385,12,,,1,77,,32353,12,,,1,77,,32354,12,,,1,37,,32355,12,,,1,77,,32378,12,,,1,37,,32356,12,,,1,77,,32357,12,,,1,77,,32358,12,,,1,37,,32359,12,,,1,77,,32360,12,,,1,37,,32361,12,,,1,77,,32362,12,,,1,77,,32379,12,,,1,37,,32363,12,,,1
