9901,'1',416,,31722,27,,,1,41,,31723,27,,,1,80,,31724,27,,,1,82,,31725,27,,,1,40,,31726,27,,,1,75,,31727,27,,,1,70,,31728,27,,,1,43,,31729,27,,,1,74,,31730,27,,,1,35,,31731,27,,,1,94,,31732,27,,,1,98,,31733,27,,,1,94,,31734,27,,,1,94,,31735,27,,,1,100,,31736,27,,,1,66,,31737,27,,,1,30,,31738,27,,,1,70,,31739,27,,,1,30,,31740,27,,,1,70,,31741,27,,,1,30,,31742,27,,,1,70,,31743,27,,,1,28,,31744,27,,,1,70,,31745,27,,,1,26,,31746,27,,,1,30,,31747,27,,,1,70,,31748,27,,,1,25,,31749,27,,,1,71,,31750,27,,,1,85,,31751,27,,,1
9901,'2',538,,31752,27,,,1,77,,31753,27,,,1,37,,31754,27,,,1,77,,31755,27,,,1,87,,31756,27,,,1,92,,31757,27,,,1,48,,31758,27,,,1,87,,31759,27,,,1,102,,31760,27,,,1,97,,31761,27,,,1,95,,31762,27,,,1,95,,31763,27,,,1,95,,31764,27,,,1,95,,31765,27,,,1,92,,31766,27,,,1,94,,31767,27,,,1,95,,31768,27,,,1,51,,31769,27,,,1,85,,31770,27,,,1,85,,31771,27,,,1
9901,'3',542,,31772,27,,,1,81,,31773,27,,,1,78,,31774,27,,,1,38,,31775,27,,,1,78,,31776,27,,,1,93,,31777,27,,,1,49,,31778,27,,,1,89,,31779,27,,,1,89,,31780,27,,,1,93,,31781,27,,,1,89,,31782,27,,,1,89,,31783,27,,,1,49,,31784,27,,,1,89,,31785,27,,,1,89,,31786,27,,,1,89,,31787,27,,,1,85,,31788,27,,,1,49,,31789,27,,,1,89,,31790,27,,,1,86,,31791,27,,,1,89,,31792,27,,,1,79,,31793,27,,,1
9901,'74',538,,31794,27,,,1,77,,31795,27,,,1,37,,31796,27,,,1,77,,31797,27,,,1,87,,31798,27,,,1,92,,31799,27,,,1,48,,31800,27,,,1,87,,31801,27,,,1,102,,31802,27,,,1,97,,31803,27,,,1,95,,31804,27,,,1,95,,31805,27,,,1,95,,31806,27,,,1,95,,31807,27,,,1,92,,31808,27,,,1,94,,31809,27,,,1,95,,31810,27,,,1,51,,31811,27,,,1,85,,31812,27,,,1,85,,31813,27,,,1
9901,'80',542,,31814,27,,,1,81,,31815,27,,,1,78,,31816,27,,,1,38,,31817,27,,,1,78,,31818,27,,,1,93,,31819,27,,,1,49,,31820,27,,,1,89,,31821,27,,,1,89,,31822,27,,,1,93,,31823,27,,,1,89,,31824,27,,,1,89,,31825,27,,,1,49,,31826,27,,,1,89,,31827,27,,,1,89,,31828,27,,,1,89,,31829,27,,,1,85,,31830,27,,,1,49,,31831,27,,,1,89,,31832,27,,,1,86,,31833,27,,,1,89,,31834,27,,,1,79,,31835,27,,,1
36001,'1',1001,,33821,8,,,1,29,,33822,8,,,1,29,,33823,8,,,1,67,,33824,8,,,1,25,,33837,8,,,1,83,,33836,8,,,1,84,,33825,8,,,1,84,,33826,8,,,1,44,,33827,8,,,1,86,,33828,8,,,1,84,,33829,8,,,1,87,,33830,8,,,1,43,,33831,8,,,1,82,,33832,8,,,1,85,,33833,8,,,1,45,,33834,8,,,1,82,,33835,8,,,1,84,,33843,8,,,1,26,,33842,8,,,1,66,,33838,8,,,1,26,,33839,8,,,1,66,,33840,8,,,1,26,,33841,8,,,1
36001,'2',959,,33844,8,,,1,63,,33845,8,,,1,23,,33846,8,,,1,63,,33847,8,,,1,23,,33848,8,,,1,21,,33849,8,,,1,63,,33850,8,,,1,25,,33851,8,,,1,63,,33852,8,,,1,23,,33853,8,,,1,23,,33854,8,,,1,62,,33855,8,,,1,23,,33856,8,,,1,23,,33857,8,,,1,63,,33858,8,,,1,22,,33859,8,,,1,63,,33860,8,,,1,23,,33861,8,,,1,26,,33862,8,,,1,63,,33863,8,,,1,20,,33864,8,,,1,64,,33865,8,,,1,23,,33866,8,,,1,27,,33879,8,,,1,64,,33878,8,,,1,22,,33867,8,,,1,64,,33868,8,,,1,24,,33869,8,,,1,24,,33870,8,,,1,64,,33871,8,,,1,21,,33872,8,,,1,24,,33873,8,,,1,64,,33874,8,,,1,24,,33875,8,,,1,64,,33876,8,,,1,24,,33877,8,,,1
36001,'3',953,,33880,8,,,1,62,,33881,8,,,1,22,,33882,8,,,1,22,,33883,8,,,1,59,,33884,8,,,1,22,,33885,8,,,1,64,,33886,8,,,1,22,,33887,8,,,1,22,,33888,8,,,1,62,,33889,8,,,1,23,,33890,8,,,1,22,,33891,8,,,1,62,,33892,8,,,1,20,,33893,8,,,1,65,,33894,8,,,1,22,,33895,8,,,1,22,,33896,8,,,1,62,,33897,8,,,1,22,,33898,8,,,1,22,,33899,8,,,1,62,,33900,8,,,1,22,,33901,8,,,1,23,,33902,8,,,1,62,,33903,8,,,1,22,,33904,8,,,1,67,,33905,8,,,1,21,,33917,8,,,1,17,,33916,8,,,1,63,,33906,8,,,1,23,,33907,8,,,1,23,,33908,8,,,1,63,,33909,8,,,1,23,,33910,8,,,1,61,,33911,8,,,1,23,,33912,8,,,1,23,,33913,8,,,1,63,,33914,8,,,1,23,,33915,8,,,1
36001,'74',959,,33918,8,,,1,63,,33919,8,,,1,23,,33920,8,,,1,63,,33921,8,,,1,23,,33922,8,,,1,21,,33923,8,,,1,63,,33924,8,,,1,25,,33925,8,,,1,63,,33926,8,,,1,23,,33927,8,,,1,23,,33928,8,,,1,62,,33929,8,,,1,23,,33930,8,,,1,23,,33931,8,,,1,63,,33932,8,,,1,22,,33933,8,,,1,63,,33934,8,,,1,23,,33935,8,,,1,26,,33936,8,,,1,63,,33937,8,,,1,20,,33938,8,,,1,64,,33939,8,,,1,23,,33940,8,,,1,27,,33942,8,,,1,64,,33941,8,,,1,22,,33943,8,,,1,64,,33944,8,,,1,24,,33945,8,,,1,24,,33946,8,,,1,64,,33947,8,,,1,21,,33948,8,,,1,24,,33949,8,,,1,64,,33950,8,,,1,24,,33951,8,,,1,64,,33952,8,,,1,24,,33953,8,,,1,24,,33954,8,,,1
36001,'80',953,,33955,8,,,1,62,,33956,8,,,1,22,,33957,8,,,1,22,,33958,8,,,1,59,,33959,8,,,1,22,,33960,8,,,1,64,,33961,8,,,1,22,,33962,8,,,1,22,,33963,8,,,1,62,,33964,8,,,1,23,,33965,8,,,1,22,,33966,8,,,1,62,,33967,8,,,1,20,,33968,8,,,1,65,,33969,8,,,1,22,,33970,8,,,1,22,,33971,8,,,1,62,,33972,8,,,1,22,,33973,8,,,1,22,,33974,8,,,1,62,,33975,8,,,1,22,,33976,8,,,1,23,,33977,8,,,1,62,,33978,8,,,1,22,,33979,8,,,1,67,,33980,8,,,1,21,,33992,8,,,1,17,,33991,8,,,1,63,,33981,8,,,1,23,,33982,8,,,1,23,,33983,8,,,1,63,,33984,8,,,1,23,,33985,8,,,1,61,,33986,8,,,1,23,,33987,8,,,1,23,,33988,8,,,1,63,,33989,8,,,1,23,,33990,8,,,1
989901,'1',2242,,36877,82,,,1,69,,36878,82,,,1,38,,36879,82,,,1,75,,36880,82,,,1,35,,36881,82,,,1,70,,36882,82,,,1,75,,36883,82,,,1,35,,36884,82,,,1
989901,'2',2250,,36885,82,,,1,87,,36886,82,,,1,81,,36887,82,,,1,91,,36890,82,,,1,45,,36888,82,,,1,86,,36889,82,,,1
989901,'3',2258,,36891,82,,,1,87,,36892,82,,,1,83,,36893,82,,,1,86,,36894,82,,,1,39,,36895,82,,,1,83,,36896,82,,,1
989901,'74',2250,,36897,82,,,1,87,,36898,82,,,1,81,,36899,82,,,1,91,,36902,82,,,1,45,,36900,82,,,1,86,,36901,82,,,1
989901,'80',2258,,36903,82,,,1,87,,36904,82,,,1,83,,36905,82,,,1,86,,36906,82,,,1,39,,36907,82,,,1,83,,36908,82,,,1
