5201,'1',543,,28584,28,,,1,95,,28585,28,,,1,105,,28586,28,,,1,100,,28591,28,,,1,105,,28590,28,,,1,500,,28589,17,,,1,100,,28587,17,,,1,100,,28588,17,,,1,100,,28593,17,,,1,100,,28592,17,,,1
9801,'1',507,,31521,5,,,1,35,,31520,5,,,1,75,,31519,5,,,1,35,,31518,5,,,1,75,,31517,5,,,1,75,,31516,5,,,1,35,,31515,5,,,1,75,,31514,5,,,1,35,,31525,5,,,1,98,,31524,5,,,1,98,,31523,5,,,1,98,,31522,5,,,1,99,,31537,5,,,1,80,,31536,5,,,1,80,,31535,5,,,1,40,,31534,5,,,1,80,,31533,5,,,1,80,,31532,5,,,1,40,,31531,5,,,1,79,,31530,5,,,1,40,,31529,5,,,1,91,,31528,5,,,1,91,,31527,5,,,1,88,,31526,5,,,1
9801,'2',517,,31556,5,,,1,86,,31555,5,,,1,46,,31554,5,,,1,86,,31553,5,,,1,86,,31552,5,,,1,94,,31551,5,,,1,94,,31550,5,,,1,94,,31549,5,,,1,54,,31548,5,,,1,99,,31547,5,,,1,98,,31546,5,,,1,98,,31545,5,,,1,98,,31544,5,,,1,98,,31543,5,,,1,98,,31542,5,,,1,97,,31541,5,,,1,89,,31540,5,,,1,89,,31539,5,,,1,89,,31538,5,,,1
9801,'3',658,,31573,5,,,1,88,,31574,5,,,1,88,,31572,5,,,1,88,,31571,5,,,1,88,,31570,5,,,1,93,,31569,5,,,1,53,,31568,5,,,1,93,,31567,5,,,1,93,,31566,5,,,1,93,,31565,5,,,1,93,,31564,5,,,1,93,,31563,5,,,1,93,,31562,5,,,1,93,,31561,5,,,1,48,,31560,5,,,1,89,,31559,5,,,1,87,,31558,5,,,1,88,,31557,5,,,1
9801,'74',517,,31593,5,,,1,86,,31592,5,,,1,46,,31591,5,,,1,86,,31590,5,,,1,86,,31589,5,,,1,94,,31588,5,,,1,94,,31587,5,,,1,94,,31586,5,,,1,54,,31585,5,,,1,99,,31584,5,,,1,98,,31583,5,,,1,98,,31582,5,,,1,98,,31581,5,,,1,98,,31580,5,,,1,98,,31579,5,,,1,97,,31578,5,,,1,89,,31577,5,,,1,89,,31576,5,,,1,89,,31575,5,,,1
9801,'80',658,,31610,5,,,1,88,,31611,5,,,1,88,,31609,5,,,1,88,,31608,5,,,1,88,,31607,5,,,1,93,,31606,5,,,1,53,,31605,5,,,1,93,,31604,5,,,1,93,,31603,5,,,1,93,,31602,5,,,1,93,,31601,5,,,1,93,,31600,5,,,1,93,,31599,5,,,1,93,,31598,5,,,1,48,,31597,5,,,1,89,,31596,5,,,1,87,,31595,5,,,1,88,,31594,5,,,1
989901,'1',2152,,36877,5,,,1,72,,36878,5,,,1,78,,36879,5,,,1,37,,36880,5,,,1,75,,36881,5,,,1,32,,36882,5,,,1,75,,36883,5,,,1,35,,36884,5,,,1
989901,'2',2157,,36885,5,,,1,94,,36886,5,,,1,83,,36887,5,,,1,91,,36890,5,,,1,86,,36888,5,,,1,46,,36889,5,,,1
989901,'3',2210,,36891,5,,,1,90,,36892,5,,,1,43,,36893,5,,,1,90,,36894,5,,,1,79,,36895,5,,,1,43,,36896,5,,,1
989901,'74',2157,,36897,5,,,1,94,,36898,5,,,1,83,,36899,5,,,1,91,,36902,5,,,1,86,,36900,5,,,1,46,,36901,5,,,1
989901,'80',2210,,36903,5,,,1,90,,36904,5,,,1,43,,36905,5,,,1,90,,36906,5,,,1,79,,36907,5,,,1,43,,36908,5,,,1
