101,'1',512,,23682,40,,,1,38,,23683,40,,,1,71,,23684,40,,,1,92,,23690,40,,,1,39,,23692,40,,,1,75,,23685,40,,,1,16,,23691,40,,,1,85,,23689,40,,,1,29,,23688,40,,,1,72,,23687,40,,,1,30,,23686,40,,,1,149,,23681,40,,,1,113,,23680,40,,,1,114,,23679,40,,,1,76,,23693,40,,,1,40,,23678,40,,,1,63,,23670,40,,,1,35,,23671,40,,,1,74,,23672,40,,,1,34,,23677,40,,,1,74,,23676,40,,,1,73,,23675,40,,,1,30,,23674,40,,,1,68,,23673,40,,,1,42,,23666,40,,,1,98,,23669,40,,,1,97,,23668,40,,,1,98,,23667,40,,,1,89,,23665,40,,,1,95,,23664,40,,,1
101,'74',617,,23714,16,,,1,88,,23715,40,,,1,107,,23694,40,,,1,103,,23695,40,,,1,110,,23696,40,,,1,112,,23697,40,,,1,113,,23708,40,,,1,100,,23698,40,,,1,92,,23699,40,,,1,92,,23700,40,,,1,92,,23701,40,,,1,93,,23702,40,,,1,92,,23703,40,,,1,47,,23704,40,,,1,87,,23705,40,,,1,92,,23706,40,,,1,87,,23707,40,,,1,121,,23709,40,,,1,93,,23710,40,,,1,92,,23711,40,,,1,94,,23712,40,,,1,97,,23713,40,,,1
101,'80',804,,23731,16,,,1,53,,23730,40,,,1,158,,23729,40,,,1,114,,23716,40,,,1,112,,23717,40,,,1,118,,23718,40,,,1,152,,23719,40,,,1,108,,23720,40,,,1,112,,23721,40,,,1,110,,23722,40,,,1,108,,23723,40,,,1,92,,23728,40,,,1,99,,23724,40,,,1,99,,23725,40,,,1,95,,23726,40,,,1,99,,23727,40,,,1
101,'35296.2',617,,23743,16,,,1,88,,23744,40,,,1,107,,23732,40,,,1,103,,23733,40,,,1,110,,23734,40,,,1,112,,23735,40,,,1,113,,23742,40,,,1,100,,23736,40,,,1,92,,23737,40,,,1,92,,23738,40,,,1,92,,23739,40,,,1,93,,23740,40,,,1,92,,23741,40,,,1,47,,23745,40,,,1,87,,23746,40,,,1,92,,23747,40,,,1,87,,23748,40,,,1,121,,23749,40,,,1,93,,23750,40,,,1,92,,23751,40,,,1,94,,23752,40,,,1,97,,23753,40,,,1
101,'35296.3',804,,23758,16,,,1,53,,23757,40,,,1,158,,23756,40,,,1,114,,23754,40,,,1,112,,23755,40,,,1,118,,23759,40,,,1,152,,23760,40,,,1,108,,23761,40,,,1,112,,23762,40,,,1,110,,23763,40,,,1,108,,23764,40,,,1,92,,23769,40,,,1,99,,23765,40,,,1,99,,23766,40,,,1,95,,23767,40,,,1,99,,23768,40,,,1
101,'35298.2',615,,23809,16,,,1,90,,23808,40,,,1,35,,23804,40,,,1,17,,23805,40,,,1,61,,23806,40,,,1,17,,23807,40,,,1,17,,23770,40,,,1,57,,23771,40,,,1,17,,23772,40,,,1,24,,23773,40,,,1,57,,23774,40,,,1,17,,23775,40,,,1,17,,23776,40,,,1,61,,23777,40,,,1,17,,23778,40,,,1,17,,23779,40,,,1,21,,23780,40,,,1,57,,23781,40,,,1,17,,23782,40,,,1,17,,23783,40,,,1,57,,23784,40,,,1,15,,23785,40,,,1,17,,23786,40,,,1,17,,23787,40,,,1,57,,23788,40,,,1,17,,23789,40,,,1,17,,23790,40,,,1,57,,23791,40,,,1,17,,23792,40,,,1,17,,23793,40,,,1,17,,23794,40,,,1,57,,23795,40,,,1,17,,23796,40,,,1,17,,23797,40,,,1,58,,23798,40,,,1,17,,23799,40,,,1,17,,23800,40,,,1,17,,23801,40,,,1,57,,23802,40,,,1,17,,23803,40,,,1,17,,23810,40,,,1,12,,23811,40,,,1,57,,23812,40,,,1,17,,23813,40,,,1,15,,23814,40,,,1,92,,23815,40,,,1,87,,23816,40,,,1,121,,23817,40,,,1,93,,23818,40,,,1,92,,23819,40,,,1,94,,23820,40,,,1,97,,23821,40,,,1
101,'35298.3',738,,23822,40,,,1,17,,23823,40,,,1,57,,23824,40,,,1,17,,23825,40,,,1,17,,23826,40,,,1,57,,23827,40,,,1,17,,23828,40,,,1,23,,23829,40,,,1,57,,23830,40,,,1,17,,23831,40,,,1,17,,23832,40,,,1,19,,23833,40,,,1,57,,23834,40,,,1,17,,23835,40,,,1,17,,23836,40,,,1,57,,23837,40,,,1,17,,23838,40,,,1,17,,23839,40,,,1,17,,23840,40,,,1,57,,23841,40,,,1,23,,23842,40,,,1,17,,23843,40,,,1,57,,23844,40,,,1,17,,23845,40,,,1,17,,23846,40,,,1,17,,23847,40,,,1,57,,23848,40,,,1,17,,23849,40,,,1,17,,23850,40,,,1,53,,23851,40,,,1,17,,23852,40,,,1,17,,23853,40,,,1,17,,23854,40,,,1,57,,23855,40,,,1,17,,23856,40,,,1,17,,23857,40,,,1,57,,23858,40,,,1,17,,23859,40,,,1,15,,23860,40,,,1,17,,23861,40,,,1,57,,23862,40,,,1,17,,23863,40,,,1,13,,23864,40,,,1,17,,23865,40,,,1,88,,23866,40,,,1,99,,23867,40,,,1,99,,23868,40,,,1,95,,23869,40,,,1,99,,23870,40,,,1
8601,'1',620,,30022,48,,,1,33,,30021,48,,,1,68,,30018,48,,,1,27,,30019,48,,,1,77,,30020,51,,,1,80,,30023,47,,,1,34,,30026,47,,,1,102,,30025,47,,,1,86,,30024,47,,,1,94,,30027,47,,,1,93,,30028,47,,,1,42,,30029,47,,,1,144,,30030,51,,,1,47,,30031,47,,,1,71,,30041,47,,,1,29,,30032,47,,,1,89,,30033,47,,,1,65,,30034,48,,,1,24,,30036,48,,,1,32,,30035,48,,,1,68,,30037,47,,,1,32,,30038,48,,,1,80,,30039,47,,,1,81,,30040,47,,,1
8601,'2',816,,30042,47,,,1,86,,30043,47,,,1,48,,30044,47,,,1,86,,30045,47,,,1,86,,30046,47,,,1,86,,30047,47,,,1,45,,30048,47,,,1,86,,30049,47,,,1,86,,30050,47,,,1,87,,30051,47,,,1,46,,30052,47,,,1,86,,30053,47,,,1,86,,30054,47,,,1,80,,30055,47,,,1,46,,30056,47,,,1,86,,30057,47,,,1
8601,'74',816,,30058,47,,,1,86,,30059,47,,,1,48,,30060,47,,,1,86,,30061,47,,,1,86,,30062,47,,,1,86,,30063,47,,,1,45,,30064,47,,,1,86,,30065,47,,,1,86,,30066,47,,,1,87,,30067,47,,,1,46,,30068,47,,,1,86,,30069,47,,,1,86,,30070,47,,,1,80,,30071,47,,,1,46,,30072,47,,,1,86,,30073,47,,,1
