9900,'1',451,,31612,16,,,1,81,,31613,16,,,1,80,,31614,16,,,1,41,,31615,16,,,1,92,,31616,16,,,1,75,,31617,16,,,1,38,,31618,16,,,1,72,,31619,16,,,1,75,,31620,16,,,1,35,,31621,16,,,1,97,,31622,16,,,1,94,,31623,16,,,1,94,,31624,16,,,1,94,,31625,16,,,1,30,,31637,16,,,1,71,,31636,16,,,1,29,,31626,16,,,1,70,,31627,16,,,1,30,,31628,16,,,1,70,,31629,16,,,1,30,,31630,16,,,1,69,,31631,16,,,1,30,,31632,16,,,1,67,,31633,16,,,1,30,,31634,16,,,1,69,,31635,16,,,1
9900,'2',609,,31640,16,,,1,38,,31641,16,,,1,78,,31655,16,,,1,89,,31654,16,,,1,87,,31642,16,,,1,47,,31643,16,,,1,87,,31644,16,,,1,88,,31645,16,,,1,104,,31646,16,,,1,95,,31647,16,,,1,95,,31648,16,,,1,95,,31649,16,,,1,95,,31650,16,,,1,95,,31651,16,,,1,55,,31652,16,,,1,95,,31653,16,,,1,87,,31657,16,,,1,90,,31656,16,,,1
9900,'3',617,,31660,16,,,1,38,,31661,16,,,1,78,,31662,16,,,1,78,,31663,16,,,1,91,,31680,16,,,1,49,,31664,16,,,1,89,,31665,16,,,1,89,,31666,16,,,1,90,,31667,16,,,1,89,,31668,16,,,1,49,,31669,16,,,1,89,,31670,16,,,1,89,,31671,16,,,1,89,,31672,16,,,1,89,,31673,16,,,1,88,,31674,16,,,1,49,,31675,16,,,1,89,,31676,16,,,1,86,,31677,16,,,1
9900,'74',609,,31681,16,,,1,38,,31682,16,,,1,78,,31696,16,,,1,89,,31695,16,,,1,87,,31683,16,,,1,47,,31684,16,,,1,87,,31685,16,,,1,88,,31686,16,,,1,104,,31687,16,,,1,95,,31688,16,,,1,95,,31689,16,,,1,95,,31690,16,,,1,95,,31691,16,,,1,95,,31692,16,,,1,55,,31693,16,,,1,95,,31694,16,,,1,87,,31698,16,,,1,90,,31697,16,,,1
9900,'80',617,,31701,16,,,1,38,,31702,16,,,1,78,,31703,16,,,1,78,,31704,16,,,1,91,,31721,16,,,1,49,,31705,16,,,1,89,,31706,16,,,1,89,,31707,16,,,1,90,,31708,16,,,1,89,,31709,16,,,1,49,,31710,16,,,1,89,,31711,16,,,1,89,,31712,16,,,1,89,,31713,16,,,1,89,,31714,16,,,1,88,,31715,16,,,1,49,,31716,16,,,1,89,,31717,16,,,1,86,,31718,16,,,1
36000,'1',845,,33649,16,,,1,69,,33650,16,,,1,29,,33651,16,,,1,69,,33652,16,,,1,27,,33653,16,,,1,70,,33654,16,,,1,44,,33655,16,,,1,84,,33656,16,,,1,85,,33657,16,,,1,84,,33658,16,,,1,44,,33659,16,,,1,85,,33660,16,,,1,83,,33661,16,,,1,84,,33662,16,,,1,43,,33663,16,,,1,84,,33664,16,,,1,82,,33665,16,,,1,44,,33666,16,,,1,84,,33667,16,,,1,66,,33668,16,,,1,26,,33669,16,,,1,25,,33670,16,,,1,66,,33671,16,,,1
36000,'2',843,,33672,16,,,1,63,,33673,16,,,1,23,,33674,16,,,1,23,,33675,16,,,1,63,,33676,16,,,1,23,,33677,16,,,1,63,,33678,16,,,1,24,,33679,16,,,1,23,,33680,16,,,1,63,,33681,16,,,1,23,,33682,16,,,1,23,,33683,16,,,1,63,,33684,16,,,1,23,,33685,16,,,1,62,,33686,16,,,1,23,,33687,16,,,1,25,,33688,16,,,1,64,,33689,16,,,1,23,,33690,16,,,1,63,,33691,16,,,1,19,,33692,16,,,1,23,,33693,16,,,1,63,,33694,16,,,1,23,,33695,16,,,1,25,,33696,16,,,1,63,,33697,16,,,1,24,,33698,16,,,1,64,,33699,16,,,1,24,,33700,16,,,1,24,,33701,16,,,1,62,,33702,16,,,1,26,,33703,16,,,1,64,,33704,16,,,1,24,,33705,16,,,1,24,,33706,16,,,1,64,,33707,16,,,1
36000,'3',841,,33708,16,,,1,62,,33709,16,,,1,22,,33710,16,,,1,22,,33711,16,,,1,62,,33712,16,,,1,22,,33713,16,,,1,24,,33714,16,,,1,62,,33715,16,,,1,22,,33716,16,,,1,61,,33717,16,,,1,22,,33718,16,,,1,22,,33719,16,,,1,62,,33720,16,,,1,22,,33721,16,,,1,22,,33722,16,,,1,63,,33723,16,,,1,22,,33724,16,,,1,22,,33725,16,,,1,62,,33726,16,,,1,22,,33727,16,,,1,61,,33728,16,,,1,22,,33729,16,,,1,22,,33730,16,,,1,62,,33731,16,,,1,22,,33732,16,,,1,22,,33733,16,,,1,62,,33734,16,,,1,22,,33735,16,,,1,23,,33736,16,,,1,63,,33737,16,,,1,22,,33738,16,,,1,63,,33739,16,,,1,23,,33740,16,,,1,25,,33741,16,,,1,63,,33742,16,,,1,22,,33743,16,,,1,63,,33744,16,,,1,23,,33745,16,,,1
36000,'74',843,,33746,16,,,1,63,,33747,16,,,1,23,,33748,16,,,1,23,,33749,16,,,1,63,,33750,16,,,1,23,,33751,16,,,1,63,,33752,16,,,1,24,,33753,16,,,1,23,,33754,16,,,1,63,,33755,16,,,1,23,,33756,16,,,1,23,,33757,16,,,1,63,,33758,16,,,1,23,,33759,16,,,1,62,,33760,16,,,1,23,,33761,16,,,1,25,,33762,16,,,1,64,,33763,16,,,1,23,,33764,16,,,1,63,,33765,16,,,1,19,,33766,16,,,1,23,,33767,16,,,1,63,,33768,16,,,1,23,,33769,16,,,1,25,,33770,16,,,1,63,,33771,16,,,1,24,,33772,16,,,1,64,,33773,16,,,1,24,,33774,16,,,1,24,,33775,16,,,1,62,,33776,16,,,1,26,,33777,16,,,1,64,,33778,16,,,1,24,,33779,16,,,1,24,,33780,16,,,1,64,,33781,16,,,1,24,,33782,16,,,1
36000,'80',841,,33783,16,,,1,62,,33784,16,,,1,22,,33785,16,,,1,22,,33786,16,,,1,62,,33787,16,,,1,22,,33788,16,,,1,24,,33789,16,,,1,62,,33790,16,,,1,22,,33791,16,,,1,61,,33792,16,,,1,22,,33793,16,,,1,22,,33794,16,,,1,62,,33795,16,,,1,22,,33796,16,,,1,22,,33797,16,,,1,63,,33798,16,,,1,22,,33799,16,,,1,22,,33800,16,,,1,62,,33801,16,,,1,22,,33802,16,,,1,61,,33803,16,,,1,22,,33804,16,,,1,22,,33805,16,,,1,62,,33806,16,,,1,22,,33807,16,,,1,22,,33808,16,,,1,62,,33809,16,,,1,22,,33810,16,,,1,23,,33811,16,,,1,63,,33812,16,,,1,22,,33813,16,,,1,63,,33814,16,,,1,23,,33815,16,,,1,25,,33816,16,,,1,63,,33817,16,,,1,22,,33818,16,,,1,63,,33819,16,,,1,23,,33820,16,,,1
989900,'1',2048,,36830,16,,,1,76,,36831,16,,,1,78,,36832,16,,,1,38,,36833,16,,,1,75,,36834,16,,,1,34,,36835,16,,,1,75,,36836,16,,,1,35,,36837,16,,,1,75,,36838,16,0,5 6,1,75,,36839,16,0,5 6,1,41,,36840,16,0,5 6,1
989900,'2',2050,,36841,16,,,1,94,,36842,16,,,1,91,,36843,16,,,1,94,,36844,16,,,1,86,,36845,16,,,1,86,,36846,16,,,1,45,,36847,16,0,5 6,1,86,,36848,16,0,5 6,1,86,,36849,16,0,5 6,1
989900,'3',2107,,36850,16,,,1,50,,36851,16,,,1,90,,36852,16,,,1,90,,36853,16,,,1,82,,36854,16,,,1,83,,36855,16,,,1,40,,36856,16,0,5 6,1,83,,36857,16,0,5 6,1,83,,36858,16,0,5 6,1
989900,'74',2050,,36859,16,,,1,94,,36860,16,,,1,91,,36861,16,,,1,94,,36862,16,,,1,86,,36863,16,,,1,86,,36864,16,,,1,45,,36865,16,0,5 6,1,86,,36866,16,0,5 6,1,86,,36867,16,0,5 6,1
989900,'80',2107,,36868,16,,,1,50,,36869,16,,,1,90,,36870,16,,,1,90,,36871,16,,,1,82,,36872,16,,,1,83,,36873,16,,,1,40,,36874,16,0,5 6,1,83,,36875,16,0,5 6,1,83,,36876,16,0,5 6,1
