9801,'1',510,,31521,7,,,1,35,,31520,7,,,1,75,,31519,7,,,1,35,,31518,7,,,1,75,,31517,7,,,1,75,,31516,7,,,1,35,,31515,7,,,1,75,,31514,7,,,1,35,,31525,7,,,1,98,,31524,7,,,1,98,,31523,7,,,1,98,,31522,7,,,1,99,,31537,7,,,1,80,,31536,7,,,1,80,,31535,7,,,1,40,,31534,7,,,1,80,,31533,7,,,1,80,,31532,7,,,1,40,,31531,7,,,1,79,,31530,7,,,1,80,,31529,7,,,1,51,,31528,7,,,1,91,,31527,7,,,1,88,,31526,7,,,1
9801,'2',519,,31556,7,,,1,86,,31555,7,,,1,46,,31554,7,,,1,86,,31553,7,,,1,86,,31552,7,,,1,94,,31551,7,,,1,94,,31550,7,,,1,95,,31549,7,,,1,94,,31548,7,,,1,100,,31547,7,,,1,58,,31546,7,,,1,98,,31545,7,,,1,97,,31544,7,,,1,98,,31543,7,,,1,98,,31542,7,,,1,97,,31541,7,,,1,88,,31540,7,,,1,89,,31539,7,,,1,89,,31538,7,,,1
9801,'3',700,,31573,7,,,1,48,,31574,7,,,1,88,,31572,7,,,1,88,,31571,7,,,1,88,,31570,7,,,1,94,,31569,7,,,1,53,,31568,7,,,1,93,,31567,7,,,1,93,,31566,7,,,1,93,,31565,7,,,1,93,,31564,7,,,1,93,,31563,7,,,1,93,,31562,7,,,1,93,,31561,7,,,1,48,,31560,7,,,1,88,,31559,7,,,1,87,,31558,7,,,1,88,,31557,7,,,1
9801,'74',519,,31593,7,,,1,86,,31592,7,,,1,46,,31591,7,,,1,86,,31590,7,,,1,86,,31589,7,,,1,94,,31588,7,,,1,94,,31587,7,,,1,95,,31586,7,,,1,94,,31585,7,,,1,100,,31584,7,,,1,58,,31583,7,,,1,98,,31582,7,,,1,97,,31581,7,,,1,98,,31580,7,,,1,98,,31579,7,,,1,97,,31578,7,,,1,88,,31577,7,,,1,89,,31576,7,,,1,89,,31575,7,,,1
9801,'80',700,,31610,7,,,1,48,,31611,7,,,1,88,,31609,7,,,1,88,,31608,7,,,1,88,,31607,7,,,1,94,,31606,7,,,1,53,,31605,7,,,1,93,,31604,7,,,1,93,,31603,7,,,1,93,,31602,7,,,1,93,,31601,7,,,1,93,,31600,7,,,1,93,,31599,7,,,1,93,,31598,7,,,1,48,,31597,7,,,1,88,,31596,7,,,1,87,,31595,7,,,1,88,,31594,7,,,1
989901,'1',2154,,36877,7,,,1,72,,36878,7,,,1,78,,36879,7,,,1,37,,36880,7,,,1,75,,36881,7,,,1,32,,36882,7,,,1,75,,36883,7,,,1,35,,36884,7,,,1
989901,'2',2159,,36885,7,,,1,94,,36886,7,,,1,83,,36887,7,,,1,91,,36890,7,,,1,85,,36888,7,,,1,46,,36889,7,,,1
989901,'3',2212,,36891,7,,,1,90,,36892,7,,,1,43,,36893,7,,,1,90,,36894,7,,,1,79,,36895,7,,,1,43,,36896,7,,,1
989901,'74',2159,,36897,7,,,1,94,,36898,7,,,1,83,,36899,7,,,1,91,,36902,7,,,1,85,,36900,7,,,1,46,,36901,7,,,1
989901,'80',2212,,36903,7,,,1,90,,36904,7,,,1,43,,36905,7,,,1,90,,36906,7,,,1,79,,36907,7,,,1,43,,36908,7,,,1
