5000,'1',545,,28302,20,,,1,67,,28303,20,,,1,27,,28295,20,,,1,66,,28296,20,,,1,28,,28297,20,,,1,25,,28298,20,,,1,65,,28299,20,,,1,25,,28300,20,,,1,65,,28301,20,,,1,30,,28304,20,,,1,69,,28305,20,,,1,29,,28306,20,,,1,69,,28307,20,,,1,29,,28308,20,,,1,71,,28309,20,,,1,29,,28310,20,,,1,69,,28311,20,,,1,29,,28312,20,,,1,69,,28313,20,,,1,29,,28314,20,,,1,69,,28315,20,,,1,29,,28316,20,,,1,73,,28317,20,,,1,32,,28318,20,,,1,71,,28319,20,,,1,28,,28320,20,,,1,20,,28321,20,,,1,66,,28322,20,,,1,26,,28323,20,,,1,72,,28324,20,,,1,79,,28325,20,,,1,31,,28326,20,,,1,76,,28327,20,,,1,34,,28328,20,,,1,76,,28329,20,,,1,37,,28330,20,,,1
5000,'2',612,,28331,20,,,1,37,,28332,20,,,1,77,,28333,20,,,1,77,,28334,20,,,1,38,,28335,20,,,1,79,,28336,20,,,1,39,,28337,20,,,1,79,,28338,20,,,1,79,,28339,20,,,1,42,,28340,20,,,1,79,,28341,20,,,1,79,,28342,20,,,1,37,,28343,20,,,1,78,,28344,20,,,1,79,,28345,20,,,1,39,,28346,20,,,1,77,,28347,20,,,1,30,,28348,20,,,1,77,,28349,20,,,1,78,,28350,20,,,1,39,,28351,20,,,1,74,,28352,20,,,1,34,,28353,20,,,1,74,,28354,20,,,1,74,,28355,20,,,1,34,,28356,20,,,1,73,,28357,20,,,1,32,,28358,20,,,1
5000,'3',611,,28359,20,,,1,44,,28360,20,,,1,84,,28361,20,,,1,84,,28362,20,,,1,84,,28363,20,,,1,49,,28364,20,,,1,87,,28365,20,,,1,87,,28366,20,,,1,89,,28367,20,,,1,87,,28368,20,,,1,47,,28369,20,,,1,87,,28370,20,,,1,87,,28371,20,,,1,87,,28372,20,,,1,88,,28373,20,,,1,43,,28374,20,,,1,85,,28375,20,,,1,85,,28376,20,,,1,85,,28377,20,,,1,44,,28378,20,,,1,83,,28381,20,,,1,81,,28380,20,,,1,41,,28379,20,,,1
5000,'74',612,,28382,20,,,1,37,,28383,20,,,1,77,,28384,20,,,1,77,,28385,20,,,1,38,,28386,20,,,1,79,,28387,20,,,1,39,,28388,20,,,1,79,,28389,20,,,1,79,,28390,20,,,1,42,,28391,20,,,1,79,,28392,20,,,1,79,,28393,20,,,1,37,,28394,20,,,1,78,,28395,20,,,1,79,,28396,20,,,1,39,,28397,20,,,1,77,,28398,20,,,1,30,,28399,20,,,1,77,,28400,20,,,1,78,,28401,20,,,1,39,,28402,20,,,1,74,,28403,20,,,1,34,,28404,20,,,1,74,,28405,20,,,1,74,,28406,20,,,1,34,,28407,20,,,1,73,,28408,20,,,1,32,,28409,20,,,1
5000,'80',611,,28410,20,,,1,44,,28411,20,,,1,84,,28412,20,,,1,84,,28413,20,,,1,84,,28414,20,,,1,49,,28415,20,,,1,87,,28416,20,,,1,87,,28417,20,,,1,89,,28418,20,,,1,87,,28419,20,,,1,47,,28420,20,,,1,87,,28421,20,,,1,87,,28422,20,,,1,87,,28423,20,,,1,88,,28424,20,,,1,43,,28425,20,,,1,85,,28426,20,,,1,85,,28427,20,,,1,85,,28428,20,,,1,44,,28429,20,,,1,83,,28432,20,,,1,81,,28431,20,,,1,41,,28430,20,,,1
5501,'1',603,,28743,5,,,1,2,,28743,8,,,1,37,,28742,5,,,1,2,,28742,8,,,1,75,,28741,5,,,1,2,,28741,8,,,1,79,,28740,5,,,1,2,,28740,8,,,1,38,,28739,5,,,1,2,,28739,8,,,1,77,,28738,5,,,1,2,,28738,8,,,1,37,,28728,5,,,1,42,,28728,8,,,1,502,,28730,5,,,1,2,,28730,8,,,1,42,,28731,5,,,1,2,,28731,8,,,1,79,,28732,5,,,1,2,,28732,8,,,1,79,,28737,5,,,1,2,,28737,8,,,1,38,,28736,5,,,1,2,,28736,8,,,1,79,,28735,5,,,1,2,,28735,8,,,1,79,,28734,5,,,1,2,,28734,8,,,1,39,,28733,5,,,1,2,,28733,8,,,1,79,,28729,5,,,1,2,,28729,8,,,1
5600,'1',559,,28752,32,,,1,146,,28751,32,,,1,106,,28750,32,,,1,108,,28749,33,,,1,497,,28748,33,,,1,110,,28747,33,,,1,110,,28746,33,,,1,110,,28745,33,,,1,108,,28744,33,,,1
5601,'1',608,,28761,3,,,1,10,,28761,19,,,1,96,,28760,3,,,1,10,,28760,19,,,1,96,,28759,3,,,1,10,,28759,19,,,1,95,,28758,3,,,1,10,,28758,19,,,1,488,,28757,3,,,1,12,,28757,19,,,1,98,,28756,3,,,1,12,,28756,19,,,1,98,,28755,3,,,1,12,,28755,19,,,1,98,,28754,3,,,1,50,,28754,19,,,1,99,,28753,3,,,1,10,,28753,19,,,1
5700,'1',722,,28762,35,,,1,32,,28763,35,,,1,82,,28764,35,,,1,77,,28765,35,,,1,34,,28766,35,,,1,76,,28767,35,,,1,36,,28768,35,,,1,76,,28769,35,,,1,76,,28770,35,,,1,36,,28771,35,,,1,76,,28772,35,,,1,36,,28773,35,,,1,81,,28774,35,,,1,78,,28775,35,,,1,39,,28776,35,,,1,77,,28777,35,,,1,78,,28778,35,,,1,36,,28779,35,,,1,78,,28780,35,,,1,75,,28781,35,,,1,38,,28782,35,,,1,99,,28783,35,,,1,102,,28784,35,,,1,102,,28785,35,,,1
5700,'2',726,,28800,35,,,1,104,,28799,35,,,1,106,,28798,35,,,1,104,,28797,35,,,1,104,,28796,35,,,1,104,,28795,35,,,1,104,,28794,35,,,1,104,,28793,35,,,1,145,,28792,35,,,1,104,,28791,35,,,1,104,,28790,35,,,1,104,,28789,35,,,1,101,,28788,35,,,1,104,,28787,35,,,1,104,,28786,35,,,1
5700,'3',826,,28814,35,,,1,103,,28813,35,,,1,105,,28812,35,,,1,105,,28811,35,,,1,105,,28810,35,,,1,105,,28809,35,,,1,105,,28808,35,,,1,105,,28807,35,,,1,145,,28806,35,,,1,105,,28805,35,,,1,103,,28804,35,,,1,105,,28803,35,,,1,107,,28802,35,,,1,102,,28801,35,,,1
5700,'74',726,,28829,35,,,1,104,,28828,35,,,1,106,,28827,35,,,1,104,,28826,35,,,1,104,,28825,35,,,1,104,,28824,35,,,1,104,,28823,35,,,1,104,,28822,35,,,1,145,,28821,35,,,1,104,,28820,35,,,1,104,,28819,35,,,1,104,,28818,35,,,1,101,,28817,35,,,1,104,,28816,35,,,1,104,,28815,35,,,1
5700,'80',826,,28843,35,,,1,103,,28842,35,,,1,105,,28841,35,,,1,105,,28840,35,,,1,105,,28839,35,,,1,105,,28838,35,,,1,105,,28837,35,,,1,105,,28836,35,,,1,145,,28835,35,,,1,105,,28834,35,,,1,103,,28833,35,,,1,105,,28832,35,,,1,107,,28831,35,,,1,102,,28830,35,,,1
