9801,'1',516,,31521,15,,,1,35,,31520,15,,,1,75,,31519,15,,,1,75,,31518,15,,,1,35,,31517,15,,,1,75,,31516,15,,,1,35,,31515,15,,,1,75,,31514,15,,,1,35,,31525,15,,,1,100,,31524,15,,,1,98,,31523,15,,,1,98,,31522,15,,,1,99,,31537,15,,,1,80,,31536,15,,,1,80,,31535,15,,,1,40,,31534,15,,,1,80,,31533,15,,,1,80,,31532,15,,,1,40,,31531,15,,,1,79,,31530,15,,,1,80,,31529,15,,,1,91,,31528,15,,,1,49,,31527,15,,,1,88,,31526,15,,,1
9801,'2',525,,31556,15,,,1,86,,31555,15,,,1,46,,31554,15,,,1,86,,31553,15,,,1,86,,31552,15,,,1,95,,31551,15,,,1,94,,31550,15,,,1,96,,31549,15,,,1,94,,31548,15,,,1,100,,31547,15,,,1,98,,31546,15,,,1,98,,31545,15,,,1,97,,31544,15,,,1,58,,31543,15,,,1,98,,31542,15,,,1,97,,31541,15,,,1,86,,31540,15,,,1,89,,31539,15,,,1,89,,31538,15,,,1
9801,'3',706,,31573,15,,,1,48,,31574,15,,,1,88,,31572,15,,,1,88,,31571,15,,,1,88,,31570,15,,,1,95,,31569,15,,,1,93,,31568,15,,,1,53,,31567,15,,,1,94,,31566,15,,,1,93,,31565,15,,,1,93,,31564,15,,,1,93,,31563,15,,,1,93,,31562,15,,,1,92,,31561,15,,,1,87,,31560,15,,,1,48,,31559,15,,,1,87,,31558,15,,,1,88,,31557,15,,,1
9801,'74',525,,31593,15,,,1,86,,31592,15,,,1,46,,31591,15,,,1,86,,31590,15,,,1,86,,31589,15,,,1,95,,31588,15,,,1,94,,31587,15,,,1,96,,31586,15,,,1,94,,31585,15,,,1,100,,31584,15,,,1,98,,31583,15,,,1,98,,31582,15,,,1,97,,31581,15,,,1,58,,31580,15,,,1,98,,31579,15,,,1,97,,31578,15,,,1,86,,31577,15,,,1,89,,31576,15,,,1,89,,31575,15,,,1
9801,'80',706,,31610,15,,,1,48,,31611,15,,,1,88,,31609,15,,,1,88,,31608,15,,,1,88,,31607,15,,,1,95,,31606,15,,,1,93,,31605,15,,,1,53,,31604,15,,,1,94,,31603,15,,,1,93,,31602,15,,,1,93,,31601,15,,,1,93,,31600,15,,,1,93,,31599,15,,,1,92,,31598,15,,,1,87,,31597,15,,,1,48,,31596,15,,,1,87,,31595,15,,,1,88,,31594,15,,,1
989901,'1',2158,,36877,15,,,1,72,,36878,15,,,1,78,,36879,15,,,1,36,,36880,15,,,1,75,,36881,15,,,1,32,,36882,15,,,1,75,,36883,15,,,1,75,,36884,15,,,1
989901,'2',2203,,36885,15,,,1,54,,36886,15,,,1,83,,36887,15,,,1,91,,36890,15,,,1,85,,36888,15,,,1,86,,36889,15,,,1
989901,'3',2216,,36891,15,,,1,90,,36892,15,,,1,43,,36893,15,,,1,89,,36894,15,,,1,79,,36895,15,,,1,83,,36896,15,,,1
989901,'74',2203,,36897,15,,,1,54,,36898,15,,,1,83,,36899,15,,,1,91,,36902,15,,,1,85,,36900,15,,,1,86,,36901,15,,,1
989901,'80',2216,,36903,15,,,1,90,,36904,15,,,1,43,,36905,15,,,1,89,,36906,15,,,1,79,,36907,15,,,1,83,,36908,15,,,1
