9900,'1',453,,18813,20,,,1,81,,18814,20,,,1,80,,18815,20,,,1,42,,18816,20,,,1,93,,18817,20,,,1,75,,18818,20,,,1,78,,18819,20,,,1,31,,18820,20,,,1,75,,18821,20,,,1,35,,18822,20,,,1,97,,18823,20,,,1,94,,18824,20,,,1,94,,18825,20,,,1,94,,18826,20,,,1,31,,18838,20,,,1,71,,18837,20,,,1,29,,18827,20,,,1,70,,18828,20,,,1,30,,18829,20,,,1,70,,18830,20,,,1,30,,18831,20,,,1,69,,18832,20,,,1,30,,18833,20,,,1,66,,18834,20,,,1,30,,18835,20,,,1,69,,18836,20,,,1
9900,'2',611,,18841,20,,,1,38,,18842,20,,,1,78,,18856,20,,,1,89,,18855,20,,,1,87,,18843,20,,,1,47,,18844,20,,,1,87,,18845,20,,,1,88,,18846,20,,,1,105,,18847,20,,,1,95,,18848,20,,,1,95,,18849,20,,,1,95,,18850,20,,,1,95,,18851,20,,,1,95,,18852,20,,,1,95,,18853,20,,,1,55,,18854,20,,,1,87,,18858,20,,,1,90,,18857,20,,,1
9900,'3',619,,18861,20,,,1,38,,18862,20,,,1,78,,18863,20,,,1,78,,18864,20,,,1,92,,18881,20,,,1,49,,18865,20,,,1,89,,18866,20,,,1,89,,18867,20,,,1,90,,18868,20,,,1,89,,18869,20,,,1,89,,18870,20,,,1,49,,18871,20,,,1,89,,18872,20,,,1,89,,18873,20,,,1,89,,18874,20,,,1,87,,18875,20,,,1,49,,18876,20,,,1,89,,18877,20,,,1,86,,18878,20,,,1
9900,'80',619,,18882,20,,,1,38,,18883,20,,,1,78,,18884,20,,,1,78,,18885,20,,,1,92,,18902,20,,,1,49,,18886,20,,,1,89,,18887,20,,,1,89,,18888,20,,,1,90,,18889,20,,,1,89,,18890,20,,,1,89,,18891,20,,,1,49,,18892,20,,,1,89,,18893,20,,,1,89,,18894,20,,,1,89,,18895,20,,,1,87,,18896,20,,,1,49,,18897,20,,,1,89,,18898,20,,,1,86,,18899,20,,,1
36000,'2',847,,20438,20,,,1,68,,20439,20,,,1,28,,20440,20,,,1,68,,20441,20,,,1,28,,20442,20,,,1,68,,20443,20,,,1,29,,20444,20,,,1,68,,20445,20,,,1,28,,20446,20,,,1,68,,20447,20,,,1,28,,20448,20,,,1,27,,20449,20,,,1,68,,20450,20,,,1,30,,20451,20,,,1,69,,20452,20,,,1,28,,20453,20,,,1,68,,20454,20,,,1,25,,20455,20,,,1,70,,20456,20,,,1,30,,20457,20,,,1,73,,20458,20,,,1,28,,20459,20,,,1,70,,20460,20,,,1,30,,20461,20,,,1,70,,20462,20,,,1,28,,20463,20,,,1,73,,20464,20,,,1,30,,20465,20,,,1,70,,20466,20,,,1
36000,'80',844,,20467,20,,,1,68,,20468,20,,,1,28,,20469,20,,,1,68,,20470,20,,,1,28,,20471,20,,,1,70,,20472,20,,,1,28,,20473,20,,,1,67,,20474,20,,,1,28,,20475,20,,,1,28,,20476,20,,,1,68,,20477,20,,,1,28,,20478,20,,,1,69,,20479,20,,,1,28,,20480,20,,,1,68,,20481,20,,,1,28,,20482,20,,,1,67,,20483,20,,,1,28,,20484,20,,,1,68,,20485,20,,,1,28,,20486,20,,,1,68,,20487,20,,,1,28,,20488,20,,,1,68,,20489,20,,,1,28,,20490,20,,,1,27,,20491,20,,,1,66,,20492,20,,,1,28,,20493,20,,,1,66,,20494,20,,,1
36000,'24603.3',844,,20495,20,,,1,68,,20496,20,,,1,28,,20497,20,,,1,68,,20498,20,,,1,28,,20499,20,,,1,70,,20500,20,,,1,28,,20501,20,,,1,67,,20502,20,,,1,28,,20503,20,,,1,28,,20504,20,,,1,68,,20505,20,,,1,28,,20506,20,,,1,69,,20507,20,,,1,28,,20508,20,,,1,68,,20509,20,,,1,28,,20510,20,,,1,67,,20511,20,,,1,28,,20512,20,,,1,68,,20513,20,,,1,28,,20514,20,,,1,68,,20515,20,,,1,28,,20516,20,,,1,68,,20517,20,,,1,28,,20518,20,,,1,27,,20519,20,,,1,66,,20520,20,,,1,28,,20521,20,,,1,66,,20522,20,,,1
36000,'24604.3',2141,,20523,20,,,1,66,,20524,20,,,1,26,,20525,20,,,1
989900,'1',2050,,22653,20,,,1,76,,22654,20,,,1,78,,22655,20,,,1,38,,22656,20,,,1,75,,22657,20,,,1,34,,22658,20,,,1,75,,22659,20,,,1,75,,22660,20,,,1,35,,22661,20,0,5 6,1,75,,22662,20,0,5 6,1,41,,22663,20,0,5 6,1
989900,'2',2053,,22664,20,,,1,94,,22665,20,,,1,90,,22666,20,,,1,94,,22667,20,,,1,86,,22668,20,,,1,86,,22669,20,,,1,45,,22670,20,0,5 6,1,86,,22671,20,0,5 6,1,86,,22672,20,0,5 6,1
989900,'3',2110,,22673,20,,,1,90,,22674,20,,,1,49,,22675,20,,,1,90,,22676,20,,,1,82,,22677,20,,,1,83,,22678,20,,,1,40,,22679,20,0,5 6,1,83,,22680,20,0,5 6,1,83,,22681,20,0,5 6,1
989900,'80',2110,,22682,20,,,1,90,,22683,20,,,1,49,,22684,20,,,1,90,,22685,20,,,1,82,,22686,20,,,1,83,,22687,20,,,1,40,,22688,20,0,5 6,1,83,,22689,20,0,5 6,1,83,,22690,20,0,5 6,1
