9600,'1',624,,31260,27,,,1,83,,31259,27,,,1,31,,31258,27,,,1,77,,31257,27,,,1,27,,31256,27,,,1,79,,31253,27,,,1,34,,31254,27,,,1,70,,31255,27,,,1,32,,31268,27,,,1,70,,31267,27,,,1,79,,31261,27,,,1,39,,31262,27,,,1,79,,31263,27,,,1,83,,31264,27,,,1,25,,31265,27,,,1,86,,31266,27,,,1,83,,31274,27,,,1,27,,31273,27,,,1,30,,31272,27,,,1,67,,31269,27,,,1,27,,31270,27,,,1,62,,31271,27,,,1,27,,31277,27,,,1,64,,31278,27,,,1,13,,31288,27,,,1,12,,31276,27,,,1,25,,31275,27,,,1,74,,31285,27,,,1,30,,31284,27,,,1,55,,31287,27,,,1,14,,31279,27,,,1,30,,31280,27,,,1,70,,31281,27,,,1,30,,31282,27,,,1,70,,31283,27,,,1,17,,31286,27,,,1
9600,'2',949,,31289,27,,,1,99,,31290,27,,,1,99,,31291,27,,,1,99,,31292,27,,,1,99,,31293,27,,,1,99,,31294,27,,,1,98,,31295,27,,,1,99,,31296,27,,,1,95,,31297,27,,,1,97,,31298,27,,,1,87,,31299,27,,,1,86,,31300,27,,,1,97,,31301,27,,,1
9600,'3',1042,,31302,27,,,1,94,,31303,27,,,1,94,,31304,27,,,1,94,,31305,27,,,1,94,,31306,27,,,1,94,,31307,27,,,1,94,,31308,27,,,1,94,,31309,27,,,1,52,,31310,27,,,1,94,,31311,27,,,1,94,,31312,27,,,1,92,,31313,27,,,1
9600,'74',949,,31314,27,,,1,99,,31315,27,,,1,99,,31316,27,,,1,99,,31317,27,,,1,99,,31318,27,,,1,99,,31319,27,,,1,98,,31320,27,,,1,99,,31321,27,,,1,95,,31322,27,,,1,97,,31323,27,,,1,87,,31324,27,,,1,86,,31325,27,,,1,97,,31326,27,,,1
9600,'80',1042,,31327,27,,,1,94,,31328,27,,,1,94,,31329,27,,,1,94,,31330,27,,,1,94,,31331,27,,,1,94,,31332,27,,,1,94,,31333,27,,,1,94,,31334,27,,,1,52,,31335,27,,,1,94,,31336,27,,,1,94,,31337,27,,,1,92,,31338,27,,,1
10700,'1',503,,32223,27,,,1,24,,32222,27,,,1,24,,32221,27,,,1,64,,32220,27,,,1,21,,32219,27,,,1,16,,32218,27,,,1,61,,32217,27,,,1,11,,32216,27,,,1,16,,32215,27,,,1,19,,32214,27,,,1,56,,32213,27,,,1,12,,32212,27,,,1,15,,32211,27,,,1,16,,32210,27,,,1,55,,32209,27,,,1,42,,32208,27,,,1,82,,32207,27,,,1,82,,32206,27,,,1,82,,32205,27,,,1,46,,32204,27,,,1,80,,32203,27,,,1,28,,32199,6,,,1,54,,32202,27,,,1,22,,32201,27,,,1,18,,32200,27,,,1,58,,32251,27,,,1,19,,32250,27,,,1,21,,32249,27,,,1,58,,32248,27,,,1,18,,32247,27,,,1,24,,32246,27,,,1,56,,32245,27,,,1,18,,32244,27,,,1,16,,32243,27,,,1,20,,32242,27,,,1,56,,32241,27,,,1,18,,32240,27,,,1,12,,32239,27,,,1,58,,32238,27,,,1,37,,32237,27,,,1,81,,32236,27,,,1,38,,32235,27,,,1,80,,32234,27,,,1,74,,32233,27,,,1,33,,32232,27,,,1,74,,32231,27,,,1,34,,32230,27,,,1,74,,32229,27,,,1,74,,32228,27,,,1,34,,32227,27,,,1,74,,32226,27,,,1,30,,32225,27,,,1,74,,32224,27,,,1
10700,'2',637,,32254,27,,,1,78,,32253,27,,,1,37,,32252,27,,,1,77,,32255,27,,,1,77,,32256,27,,,1,37,,32257,27,,,1,77,,32258,27,,,1,37,,32259,27,,,1,77,,32260,27,,,1,77,,32261,27,,,1,36,,32262,27,,,1,77,,32263,27,,,1,77,,32264,27,,,1,37,,32265,27,,,1,77,,32266,27,,,1,37,,32267,27,,,1,75,,32268,27,,,1,77,,32269,27,,,1,37,,32270,27,,,1,77,,32271,27,,,1,37,,32272,27,,,1,77,,32273,27,,,1,77,,32274,27,,,1,37,,32275,27,,,1,77,,32276,27,,,1,77,,32277,27,,,1,37,,32278,27,,,1,77,,32279,27,,,1,37,,32280,27,,,1,77,,32281,27,,,1,77,,32282,27,,,1,36,,32283,27,,,1,77,,32285,27,,,1,37,,32284,27,,,1
10700,'3',721,,32297,6,,,1,37,,32298,6,,,1,68,,32299,27,,,1,77,,32300,27,,,1,38,,32301,27,,,1,77,,32302,27,,,1,37,,32303,27,,,1,77,,32304,27,,,1,77,,32305,27,,,1,37,,32306,27,,,1,77,,32307,27,,,1,77,,32308,27,,,1,35,,32309,27,,,1,77,,32310,27,,,1,37,,32314,27,,,1,77,,32313,27,,,1,77,,32315,27,,,1,37,,32316,27,,,1,77,,32317,27,,,1,37,,32318,27,,,1,77,,32286,27,,,1,77,,32287,27,,,1,37,,32288,27,,,1,77,,32311,27,,,1,37,,32289,27,,,1,77,,32290,27,,,1,77,,32291,27,,,1,37,,32292,27,,,1,77,,32293,27,,,1,77,,32294,27,,,1,37,,32295,27,,,1,77,,32312,27,,,1,37,,32296,27,,,1
10700,'74',637,,32321,27,,,1,78,,32320,27,,,1,37,,32319,27,,,1,77,,32322,27,,,1,77,,32323,27,,,1,37,,32324,27,,,1,77,,32325,27,,,1,37,,32326,27,,,1,77,,32327,27,,,1,77,,32328,27,,,1,36,,32329,27,,,1,77,,32330,27,,,1,77,,32331,27,,,1,37,,32332,27,,,1,77,,32333,27,,,1,37,,32334,27,,,1,75,,32335,27,,,1,77,,32336,27,,,1,37,,32337,27,,,1,77,,32338,27,,,1,37,,32339,27,,,1,77,,32340,27,,,1,77,,32341,27,,,1,37,,32342,27,,,1,77,,32343,27,,,1,77,,32344,27,,,1,37,,32345,27,,,1,77,,32346,27,,,1,37,,32347,27,,,1,77,,32348,27,,,1,77,,32349,27,,,1,36,,32350,27,,,1,77,,32352,27,,,1,37,,32351,27,,,1
10700,'80',721,,32364,6,,,1,37,,32365,6,,,1,68,,32366,27,,,1,77,,32367,27,,,1,38,,32368,27,,,1,77,,32369,27,,,1,37,,32370,27,,,1,77,,32371,27,,,1,77,,32372,27,,,1,37,,32373,27,,,1,77,,32374,27,,,1,77,,32375,27,,,1,35,,32376,27,,,1,77,,32377,27,,,1,37,,32381,27,,,1,77,,32380,27,,,1,77,,32382,27,,,1,37,,32383,27,,,1,77,,32384,27,,,1,37,,32385,27,,,1,77,,32353,27,,,1,77,,32354,27,,,1,37,,32355,27,,,1,77,,32378,27,,,1,37,,32356,27,,,1,77,,32357,27,,,1,77,,32358,27,,,1,37,,32359,27,,,1,77,,32360,27,,,1,77,,32361,27,,,1,37,,32362,27,,,1,77,,32379,27,,,1,37,,32363,27,,,1
46200,'35294.1',729,,34036,6,,,1
