100,'1',520,,23483,1,,,1,38,,23482,1,,,1,72,,23480,1,,,1,72,,23481,1,,,1,29,,23479,1,,,1,75,,23478,1,,,1,35,,23477,1,,,1,114,,23476,1,,,1,153,,23475,1,,,1,112,,23474,1,,,1,112,,23473,1,,,1,87,,23484,1,,,1,33,,23472,1,,,1,71,,23471,1,,,1,77,,23470,1,,,1,31,,23469,1,,,1,74,,23468,1,,,1,34,,23467,1,,,1,74,,23466,1,,,1,31,,23465,1,,,1,100,,23464,1,,,1,108,,23463,1,,,1,100,,23462,1,,,1,95,,23461,1,,,1,99,,23460,1,,,1,89,,23459,1,,,1,95,,23458,1,,,1
100,'74',623,,23485,1,,,1,103,,23486,1,,,1,103,,23487,1,,,1,103,,23488,1,,,1,103,,23489,1,,,1,92,,23490,1,,,1,87,,23491,1,,,1,97,,23492,1,,,1,92,,23493,1,,,1,52,,23494,1,,,1,92,,23495,1,,,1,92,,23496,1,,,1,92,,23497,1,,,1,92,,23498,1,,,1,92,,23499,1,,,1,92,,23500,1,,,1,52,,23501,1,,,1,97,,23502,1,,,1,97,,23503,1,,,1,97,,23504,1,,,1,97,,23505,1,,,1,97,,23506,1,,,1
100,'80',810,,23508,1,,,1,112,,23509,1,,,1,112,,23510,1,,,1,112,,23511,1,,,1,112,,23512,1,,,1,152,,23513,1,,,1,112,,23514,1,,,1,112,,23515,1,,,1,112,,23516,1,,,1,112,,23517,1,,,1,99,,23518,1,,,1,99,,23519,1,,,1,99,,23520,1,,,1,99,,23521,1,,,1,99,,23522,1,,,1
100,'35296.2',623,,23524,1,,,1,103,,23525,1,,,1,103,,23526,1,,,1,103,,23527,1,,,1,103,,23528,1,,,1,92,,23529,1,,,1,87,,23530,1,,,1,97,,23531,1,,,1,92,,23532,1,,,1,52,,23533,1,,,1,92,,23534,1,,,1,92,,23535,1,,,1,92,,23536,1,,,1,92,,23537,1,,,1,92,,23538,1,,,1,92,,23539,1,,,1,52,,23540,1,,,1,97,,23541,1,,,1,97,,23542,1,,,1,97,,23543,1,,,1,97,,23544,1,,,1,97,,23545,1,,,1
100,'35296.3',810,,23547,1,,,1,112,,23548,1,,,1,112,,23549,1,,,1,112,,23550,1,,,1,112,,23551,1,,,1,152,,23552,1,,,1,112,,23553,1,,,1,112,,23554,1,,,1,112,,23555,1,,,1,112,,23556,1,,,1,99,,23557,1,,,1,99,,23558,1,,,1,99,,23559,1,,,1,99,,23560,1,,,1,99,,23561,1,,,1
100,'35298.2',623,,23614,1,,,1,77,,23563,1,,,1,17,,23564,1,,,1,17,,23565,1,,,1,17,,23566,1,,,1,57,,23567,1,,,1,17,,23568,1,,,1,17,,23569,1,,,1,17,,23570,1,,,1,57,,23571,1,,,1,17,,23572,1,,,1,17,,23573,1,,,1,57,,23574,1,,,1,17,,23575,1,,,1,17,,23576,1,,,1,17,,23577,1,,,1,57,,23578,1,,,1,17,,23579,1,,,1,17,,23580,1,,,1,57,,23581,1,,,1,17,,23582,1,,,1,17,,23583,1,,,1,17,,23584,1,,,1,57,,23585,1,,,1,17,,23586,1,,,1,17,,23587,1,,,1,57,,23588,1,,,1,17,,23589,1,,,1,17,,23590,1,,,1,17,,23591,1,,,1,57,,23592,1,,,1,17,,23593,1,,,1,17,,23594,1,,,1,57,,23595,1,,,1,17,,23596,1,,,1,17,,23597,1,,,1,17,,23598,1,,,1,57,,23599,1,,,1,17,,23600,1,,,1,17,,23601,1,,,1,57,,23602,1,,,1,17,,23603,1,,,1,17,,23604,1,,,1,17,,23605,1,,,1,61,,23606,1,,,1,92,,23607,1,,,1,52,,23608,1,,,1,97,,23609,1,,,1,97,,23610,1,,,1,97,,23611,1,,,1,97,,23612,1,,,1,97,,23613,1,,,1
100,'35298.3',700,,23616,1,,,1,17,,23617,1,,,1,17,,23618,1,,,1,17,,23619,1,,,1,57,,23620,1,,,1,17,,23621,1,,,1,17,,23622,1,,,1,17,,23623,1,,,1,57,,23624,1,,,1,17,,23625,1,,,1,17,,23626,1,,,1,57,,23627,1,,,1,17,,23628,1,,,1,17,,23629,1,,,1,17,,23630,1,,,1,57,,23631,1,,,1,17,,23632,1,,,1,17,,23633,1,,,1,57,,23634,1,,,1,17,,23635,1,,,1,17,,23636,1,,,1,17,,23637,1,,,1,57,,23638,1,,,1,17,,23639,1,,,1,17,,23640,1,,,1,57,,23641,1,,,1,17,,23642,1,,,1,17,,23643,1,,,1,17,,23644,1,,,1,57,,23645,1,,,1,17,,23646,1,,,1,17,,23647,1,,,1,57,,23648,1,,,1,17,,23649,1,,,1,17,,23650,1,,,1,17,,23651,1,,,1,57,,23652,1,,,1,17,,23653,1,,,1,17,,23654,1,,,1,57,,23655,1,,,1,17,,23656,1,,,1,17,,23657,1,,,1,17,,23658,1,,,1,103,,23659,1,,,1,99,,23660,1,,,1,99,,23661,1,,,1,99,,23662,1,,,1,99,,23663,1,,,1
101,'1',515,,23682,42,4,,1,38,,23683,42,4,,1,71,,23684,42,4,,1,93,,23690,42,4,,1,39,,23692,42,4,,1,75,,23685,42,4,,1,16,,23691,42,4,,1,85,,23689,42,4,,1,69,,23688,42,4,,1,32,,23687,42,4,,1,70,,23686,42,4,,1,109,,23681,42,4,,1,113,,23680,42,4,,1,114,,23679,42,4,,1,76,,23693,42,4,,1,40,,23678,42,4,,1,63,,23670,42,4,,1,35,,23671,42,4,,1,74,,23672,42,4,,1,74,,23677,42,4,,1,34,,23676,42,4,,1,73,,23675,42,4,,1,30,,23674,42,4,,1,67,,23673,42,4,,1,42,,23666,42,4,,1,98,,23669,42,4,,1,97,,23668,42,4,,1,98,,23667,42,4,,1,89,,23665,42,4,,1,95,,23664,42,4,,1
101,'74',620,,23714,18,4,,1,88,,23715,42,4,,1,107,,23694,42,4,,1,103,,23695,42,4,,1,111,,23696,42,4,,1,112,,23697,42,4,,1,113,,23708,42,4,,1,100,,23698,42,4,,1,92,,23699,42,4,,1,92,,23700,42,4,,1,92,,23701,42,4,,1,93,,23702,42,4,,1,92,,23703,42,4,,1,86,,23704,42,4,,1,47,,23705,42,4,,1,92,,23706,42,4,,1,87,,23707,42,4,,1,121,,23709,42,4,,1,93,,23710,42,4,,1,92,,23711,42,4,,1,94,,23712,42,4,,1,97,,23713,42,4,,1
101,'80',807,,23731,18,4,,1,93,,23730,42,4,,1,118,,23729,42,4,,1,115,,23716,42,4,,1,112,,23717,42,4,,1,158,,23718,42,4,,1,112,,23719,42,4,,1,107,,23720,42,4,,1,112,,23721,42,4,,1,110,,23722,42,4,,1,108,,23723,42,4,,1,92,,23728,42,4,,1,99,,23724,42,4,,1,99,,23725,42,4,,1,95,,23726,42,4,,1,99,,23727,42,4,,1
101,'35296.2',620,,23743,18,4,,1,88,,23744,42,4,,1,107,,23732,42,4,,1,103,,23733,42,4,,1,111,,23734,42,4,,1,112,,23735,42,4,,1,113,,23742,42,4,,1,100,,23736,42,4,,1,92,,23737,42,4,,1,92,,23738,42,4,,1,92,,23739,42,4,,1,93,,23740,42,4,,1,92,,23741,42,4,,1,86,,23745,42,4,,1,47,,23746,42,4,,1,92,,23747,42,4,,1,87,,23748,42,4,,1,121,,23749,42,4,,1,93,,23750,42,4,,1,92,,23751,42,4,,1,94,,23752,42,4,,1,97,,23753,42,4,,1
101,'35296.3',807,,23758,18,4,,1,93,,23757,42,4,,1,118,,23756,42,4,,1,115,,23754,42,4,,1,112,,23755,42,4,,1,158,,23759,42,4,,1,112,,23760,42,4,,1,107,,23761,42,4,,1,112,,23762,42,4,,1,110,,23763,42,4,,1,108,,23764,42,4,,1,92,,23769,42,4,,1,99,,23765,42,4,,1,99,,23766,42,4,,1,95,,23767,42,4,,1,99,,23768,42,4,,1
101,'35298.2',618,,23809,18,4,,1,90,,23808,42,4,,1,35,,23804,42,4,,1,57,,23805,42,4,,1,21,,23806,42,4,,1,17,,23807,42,4,,1,17,,23770,42,4,,1,57,,23771,42,4,,1,17,,23772,42,4,,1,25,,23773,42,4,,1,57,,23774,42,4,,1,17,,23775,42,4,,1,17,,23776,42,4,,1,61,,23777,42,4,,1,17,,23778,42,4,,1,17,,23779,42,4,,1,61,,23780,42,4,,1,17,,23781,42,4,,1,17,,23782,42,4,,1,17,,23783,42,4,,1,57,,23784,42,4,,1,15,,23785,42,4,,1,17,,23786,42,4,,1,17,,23787,42,4,,1,57,,23788,42,4,,1,17,,23789,42,4,,1,17,,23790,42,4,,1,57,,23791,42,4,,1,17,,23792,42,4,,1,17,,23793,42,4,,1,17,,23794,42,4,,1,57,,23795,42,4,,1,17,,23796,42,4,,1,17,,23797,42,4,,1,58,,23798,42,4,,1,17,,23799,42,4,,1,17,,23800,42,4,,1,17,,23801,42,4,,1,57,,23802,42,4,,1,17,,23803,42,4,,1,17,,23810,42,4,,1,11,,23811,42,4,,1,57,,23812,42,4,,1,17,,23813,42,4,,1,15,,23814,42,4,,1,92,,23815,42,4,,1,87,,23816,42,4,,1,121,,23817,42,4,,1,93,,23818,42,4,,1,92,,23819,42,4,,1,94,,23820,42,4,,1,97,,23821,42,4,,1
101,'35298.3',741,,23822,42,4,,1,17,,23823,42,4,,1,57,,23824,42,4,,1,17,,23825,42,4,,1,17,,23826,42,4,,1,57,,23827,42,4,,1,17,,23828,42,4,,1,23,,23829,42,4,,1,57,,23830,42,4,,1,17,,23831,42,4,,1,17,,23832,42,4,,1,20,,23833,42,4,,1,57,,23834,42,4,,1,17,,23835,42,4,,1,17,,23836,42,4,,1,57,,23837,42,4,,1,17,,23838,42,4,,1,17,,23839,42,4,,1,17,,23840,42,4,,1,57,,23841,42,4,,1,23,,23842,42,4,,1,17,,23843,42,4,,1,57,,23844,42,4,,1,17,,23845,42,4,,1,17,,23846,42,4,,1,57,,23847,42,4,,1,17,,23848,42,4,,1,17,,23849,42,4,,1,17,,23850,42,4,,1,52,,23851,42,4,,1,17,,23852,42,4,,1,17,,23853,42,4,,1,17,,23854,42,4,,1,57,,23855,42,4,,1,17,,23856,42,4,,1,17,,23857,42,4,,1,57,,23858,42,4,,1,17,,23859,42,4,,1,15,,23860,42,4,,1,17,,23861,42,4,,1,57,,23862,42,4,,1,17,,23863,42,4,,1,13,,23864,42,4,,1,17,,23865,42,4,,1,88,,23866,42,4,,1,99,,23867,42,4,,1,99,,23868,42,4,,1,95,,23869,42,4,,1,99,,23870,42,4,,1
36000,'1',851,,33649,21,,,1,69,,33650,21,,,1,29,,33651,21,,,1,69,,33652,21,,,1,27,,33653,21,,,1,70,,33654,21,,,1,44,,33655,21,,,1,84,,33656,21,,,1,85,,33657,21,,,1,84,,33658,21,,,1,44,,33659,21,,,1,86,,33660,21,,,1,82,,33661,21,,,1,84,,33662,21,,,1,43,,33663,21,,,1,84,,33664,21,,,1,81,,33665,21,,,1,84,,33666,21,,,1,44,,33667,21,,,1,66,,33668,21,,,1,26,,33669,21,,,1,65,,33670,21,,,1,26,,33671,21,,,1
36000,'2',849,,33672,21,,,1,63,,33673,21,,,1,23,,33674,21,,,1,23,,33675,21,,,1,63,,33676,21,,,1,23,,33677,21,,,1,63,,33678,21,,,1,24,,33679,21,,,1,23,,33680,21,,,1,63,,33681,21,,,1,23,,33682,21,,,1,63,,33683,21,,,1,23,,33684,21,,,1,23,,33685,21,,,1,62,,33686,21,,,1,23,,33687,21,,,1,25,,33688,21,,,1,64,,33689,21,,,1,23,,33690,21,,,1,63,,33691,21,,,1,18,,33692,21,,,1,23,,33693,21,,,1,63,,33694,21,,,1,23,,33695,21,,,1,66,,33696,21,,,1,22,,33697,21,,,1,24,,33698,21,,,1,64,,33699,21,,,1,24,,33700,21,,,1,64,,33701,21,,,1,22,,33702,21,,,1,27,,33703,21,,,1,64,,33704,21,,,1,24,,33705,21,,,1,64,,33706,21,,,1,24,,33707,21,,,1
36000,'3',846,,33708,21,,,1,62,,33709,21,,,1,22,,33710,21,,,1,22,,33711,21,,,1,62,,33712,21,,,1,22,,33713,21,,,1,64,,33714,21,,,1,22,,33715,21,,,1,22,,33716,21,,,1,61,,33717,21,,,1,22,,33718,21,,,1,22,,33719,21,,,1,62,,33720,21,,,1,22,,33721,21,,,1,22,,33722,21,,,1,63,,33723,21,,,1,22,,33724,21,,,1,62,,33725,21,,,1,22,,33726,21,,,1,22,,33727,21,,,1,61,,33728,21,,,1,22,,33729,21,,,1,22,,33730,21,,,1,62,,33731,21,,,1,22,,33732,21,,,1,22,,33733,21,,,1,62,,33734,21,,,1,22,,33735,21,,,1,63,,33736,21,,,1,23,,33737,21,,,1,22,,33738,21,,,1,63,,33739,21,,,1,23,,33740,21,,,1,65,,33741,21,,,1,23,,33742,21,,,1,22,,33743,21,,,1,63,,33744,21,,,1,23,,33745,21,,,1
36000,'74',849,,33746,21,,,1,63,,33747,21,,,1,23,,33748,21,,,1,23,,33749,21,,,1,63,,33750,21,,,1,23,,33751,21,,,1,63,,33752,21,,,1,24,,33753,21,,,1,23,,33754,21,,,1,63,,33755,21,,,1,23,,33756,21,,,1,63,,33757,21,,,1,23,,33758,21,,,1,23,,33759,21,,,1,62,,33760,21,,,1,23,,33761,21,,,1,25,,33762,21,,,1,64,,33763,21,,,1,23,,33764,21,,,1,63,,33765,21,,,1,18,,33766,21,,,1,23,,33767,21,,,1,63,,33768,21,,,1,23,,33769,21,,,1,66,,33770,21,,,1,22,,33771,21,,,1,24,,33772,21,,,1,64,,33773,21,,,1,24,,33774,21,,,1,64,,33775,21,,,1,22,,33776,21,,,1,27,,33777,21,,,1,64,,33778,21,,,1,24,,33779,21,,,1,64,,33780,21,,,1,24,,33781,21,,,1,24,,33782,21,,,1
36000,'80',846,,33783,21,,,1,62,,33784,21,,,1,22,,33785,21,,,1,22,,33786,21,,,1,62,,33787,21,,,1,22,,33788,21,,,1,64,,33789,21,,,1,22,,33790,21,,,1,22,,33791,21,,,1,61,,33792,21,,,1,22,,33793,21,,,1,22,,33794,21,,,1,62,,33795,21,,,1,22,,33796,21,,,1,22,,33797,21,,,1,63,,33798,21,,,1,22,,33799,21,,,1,62,,33800,21,,,1,22,,33801,21,,,1,22,,33802,21,,,1,61,,33803,21,,,1,22,,33804,21,,,1,22,,33805,21,,,1,62,,33806,21,,,1,22,,33807,21,,,1,22,,33808,21,,,1,62,,33809,21,,,1,22,,33810,21,,,1,63,,33811,21,,,1,23,,33812,21,,,1,22,,33813,21,,,1,63,,33814,21,,,1,23,,33815,21,,,1,65,,33816,21,,,1,23,,33817,21,,,1,22,,33818,21,,,1,63,,33819,21,,,1,23,,33820,21,,,1
36001,'1',959,,33821,6,,,1,69,,33822,6,,,1,29,,33823,6,,,1,67,,33824,6,,,1,25,,33837,6,,,1,83,,33836,6,,,1,84,,33825,6,,,1,84,,33826,6,,,1,44,,33827,6,,,1,86,,33828,6,,,1,84,,33829,6,,,1,87,,33830,6,,,1,43,,33831,6,,,1,82,,33832,6,,,1,85,,33833,6,,,1,45,,33834,6,,,1,82,,33835,6,,,1,84,,33843,6,,,1,26,,33842,6,,,1,66,,33838,6,,,1,26,,33839,6,,,1,66,,33840,6,,,1,26,,33841,6,,,1
36001,'2',957,,33844,6,,,1,63,,33845,6,,,1,23,,33846,6,,,1,63,,33847,6,,,1,23,,33848,6,,,1,21,,33849,6,,,1,63,,33850,6,,,1,25,,33851,6,,,1,63,,33852,6,,,1,23,,33853,6,,,1,23,,33854,6,,,1,62,,33855,6,,,1,23,,33856,6,,,1,23,,33857,6,,,1,63,,33858,6,,,1,22,,33859,6,,,1,63,,33860,6,,,1,23,,33861,6,,,1,26,,33862,6,,,1,63,,33863,6,,,1,20,,33864,6,,,1,24,,33865,6,,,1,63,,33866,6,,,1,27,,33879,6,,,1,64,,33878,6,,,1,22,,33867,6,,,1,24,,33868,6,,,1,64,,33869,6,,,1,24,,33870,6,,,1,64,,33871,6,,,1,21,,33872,6,,,1,24,,33873,6,,,1,64,,33874,6,,,1,24,,33875,6,,,1,64,,33876,6,,,1,24,,33877,6,,,1
36001,'3',951,,33880,6,,,1,62,,33881,6,,,1,22,,33882,6,,,1,22,,33883,6,,,1,60,,33884,6,,,1,22,,33885,6,,,1,63,,33886,6,,,1,22,,33887,6,,,1,22,,33888,6,,,1,62,,33889,6,,,1,23,,33890,6,,,1,22,,33891,6,,,1,62,,33892,6,,,1,20,,33893,6,,,1,65,,33894,6,,,1,22,,33895,6,,,1,22,,33896,6,,,1,62,,33897,6,,,1,22,,33898,6,,,1,22,,33899,6,,,1,62,,33900,6,,,1,22,,33901,6,,,1,23,,33902,6,,,1,62,,33903,6,,,1,22,,33904,6,,,1,67,,33905,6,,,1,21,,33917,6,,,1,18,,33916,6,,,1,62,,33906,6,,,1,23,,33907,6,,,1,23,,33908,6,,,1,63,,33909,6,,,1,23,,33910,6,,,1,62,,33911,6,,,1,23,,33912,6,,,1,23,,33913,6,,,1,63,,33914,6,,,1,23,,33915,6,,,1
36001,'74',957,,33918,6,,,1,63,,33919,6,,,1,23,,33920,6,,,1,63,,33921,6,,,1,23,,33922,6,,,1,21,,33923,6,,,1,63,,33924,6,,,1,25,,33925,6,,,1,63,,33926,6,,,1,23,,33927,6,,,1,23,,33928,6,,,1,62,,33929,6,,,1,23,,33930,6,,,1,23,,33931,6,,,1,63,,33932,6,,,1,22,,33933,6,,,1,63,,33934,6,,,1,23,,33935,6,,,1,26,,33936,6,,,1,63,,33937,6,,,1,20,,33938,6,,,1,24,,33939,6,,,1,63,,33940,6,,,1,27,,33942,6,,,1,64,,33941,6,,,1,22,,33943,6,,,1,24,,33944,6,,,1,64,,33945,6,,,1,24,,33946,6,,,1,64,,33947,6,,,1,21,,33948,6,,,1,24,,33949,6,,,1,64,,33950,6,,,1,24,,33951,6,,,1,64,,33952,6,,,1,24,,33953,6,,,1,24,,33954,6,,,1
36001,'80',951,,33955,6,,,1,62,,33956,6,,,1,22,,33957,6,,,1,22,,33958,6,,,1,60,,33959,6,,,1,22,,33960,6,,,1,63,,33961,6,,,1,22,,33962,6,,,1,22,,33963,6,,,1,62,,33964,6,,,1,23,,33965,6,,,1,22,,33966,6,,,1,62,,33967,6,,,1,20,,33968,6,,,1,65,,33969,6,,,1,22,,33970,6,,,1,22,,33971,6,,,1,62,,33972,6,,,1,22,,33973,6,,,1,22,,33974,6,,,1,62,,33975,6,,,1,22,,33976,6,,,1,23,,33977,6,,,1,62,,33978,6,,,1,22,,33979,6,,,1,67,,33980,6,,,1,21,,33992,6,,,1,18,,33991,6,,,1,62,,33981,6,,,1,23,,33982,6,,,1,23,,33983,6,,,1,63,,33984,6,,,1,23,,33985,6,,,1,62,,33986,6,,,1,23,,33987,6,,,1,23,,33988,6,,,1,63,,33989,6,,,1,23,,33990,6,,,1
