300,'1',503,,24137,64,0,21 22 23 3 24,1,30,,24138,64,0,21 22 23 3 24,1,87,,24113,64,0,21 22 23 3 24,1,32,,24114,64,0,21 22 23 3 24,1,75,,24115,64,0,21 22 23 3 24,1,79,,24116,64,0,21 22 23 3 24,1,32,,24117,64,0,21 22 23 3 24,1,77,,24118,64,0,21 22 23 3 24,1,25,,24119,64,0,21 22 23 3 24,1,72,,24120,64,0,21 22 23 3 24,1,24,,24121,64,0,21 22 23 3 24,1,89,,24122,64,0,21 22 23 3 24,1,86,,24123,64,0,21 22 23 3 24,1,46,,24124,64,0,21 22 23 3 24,1,86,,24125,64,0,21 22 23 3 24,1,86,,24126,64,0,21 22 23 3 24,1,93,,24127,64,0,21 22 23 3 24,1,36,,24128,64,0,21 22 23 3 24,1,72,,24129,64,0,21 22 23 3 24,1,72,,24130,64,0,21 22 23 3 24,1,32,,24131,64,0,21 22 23 3 24,1,72,,24132,64,0,21 22 23 3 24,1,32,,24133,64,0,21 22 23 3 24,1,65,,24134,64,0,21 22 23 3 24,1,32,,24135,64,0,21 22 23 3 24,1,67,,24136,64,0,21 22 23 3 24,1,32,,24139,64,0,21 22 23 3 24,1,83,,24140,64,0,21 22 23 3 24,1,41,,24141,64,0,21 22 23 3 24,1
300,'2',841,,24147,64,0,21 22 23 3 24,1,103,,24146,64,0,21 22 23 3 24,1,105,,24148,64,0,21 22 23 3 24,1,105,,24149,64,0,21 22 23 3 24,1,105,,24150,64,0,21 22 23 3 24,1,145,,24151,64,0,21 22 23 3 24,1,107,,24152,64,0,21 22 23 3 24,1,105,,24153,64,0,21 22 23 3 24,1,107,,24154,64,0,21 22 23 3 24,1,106,,24155,64,0,21 22 23 3 24,1,101,,24156,64,0,21 22 23 3 24,1,102,,24157,64,0,21 22 23 3 24,1,99,,24158,64,0,21 22 23 3 24,1,102,,24145,64,0,21 22 23 3 24,1
300,'3',1001,,24160,64,0,21 22 23 3 24,1,100,,24172,64,0,21 22 23 3 24,1,104,,24171,64,0,21 22 23 3 24,1,102,,24170,64,0,21 22 23 3 24,1,102,,24169,64,0,21 22 23 3 24,1,99,,24168,64,0,21 22 23 3 24,1,102,,24167,64,0,21 22 23 3 24,1,102,,24166,64,0,21 22 23 3 24,1,102,,24165,64,0,21 22 23 3 24,1,102,,24164,64,0,21 22 23 3 24,1,99,,24163,64,0,21 22 23 3 24,1,99,,24162,64,0,21 22 23 3 24,1,98,,24161,64,0,21 22 23 3 24,1
300,'74',841,,24176,64,0,21 22 23 3 24,1,103,,24175,64,0,21 22 23 3 24,1,105,,24177,64,0,21 22 23 3 24,1,105,,24178,64,0,21 22 23 3 24,1,105,,24179,64,0,21 22 23 3 24,1,145,,24180,64,0,21 22 23 3 24,1,107,,24181,64,0,21 22 23 3 24,1,105,,24182,64,0,21 22 23 3 24,1,107,,24183,64,0,21 22 23 3 24,1,106,,24184,64,0,21 22 23 3 24,1,101,,24185,64,0,21 22 23 3 24,1,102,,24186,64,0,21 22 23 3 24,1,99,,24187,64,0,21 22 23 3 24,1,102,,24174,64,0,21 22 23 3 24,1
300,'80',1001,,24189,64,0,21 22 23 3 24,1,100,,24201,64,0,21 22 23 3 24,1,104,,24200,64,0,21 22 23 3 24,1,102,,24199,64,0,21 22 23 3 24,1,102,,24198,64,0,21 22 23 3 24,1,99,,24197,64,0,21 22 23 3 24,1,102,,24196,64,0,21 22 23 3 24,1,102,,24195,64,0,21 22 23 3 24,1,102,,24194,64,0,21 22 23 3 24,1,102,,24193,64,0,21 22 23 3 24,1,99,,24192,64,0,21 22 23 3 24,1,99,,24191,64,0,21 22 23 3 24,1,98,,24190,64,0,21 22 23 3 24,1
9001,'1',555,,30670,24,,,1,51,,30669,24,,,1,11,,30668,24,,,1,11,,30667,24,,,1,11,,30666,24,,,1,11,,30665,24,,,1,51,,30664,24,,,1,12,,30662,24,,,1,14,,30663,24,,,1,10,,30682,24,,,1,11,,30681,24,,,1,58,,30680,24,,,1,13,,30679,24,,,1,13,,30678,24,,,1,13,,30671,24,,,1,13,,30672,24,,,1,53,,30673,24,,,1,13,,30674,24,,,1,11,,30675,24,,,1,9,,30676,24,,,1,13,,30677,24,,,1,79,,30690,24,,,1,72,,30683,24,,,1,32,,30684,24,,,1,72,,30685,24,,,1,32,,30686,24,,,1,72,,30687,24,,,1,32,,30688,24,,,1,78,,30689,24,,,1,25,,30691,24,,,1,55,,30692,24,,,1,14,,30693,24,,,1,14,,30694,24,,,1,16,,30695,24,,,1,54,,30696,24,,,1,12,,30697,24,,,1,18,,30698,24,,,1,6,,30719,12,,,1,8,,30699,24,,,1,54,,30700,24,,,1,14,,30701,24,,,1,12,,30702,24,,,1,14,,30703,24,,,1,12,,30704,24,,,1,54,,30705,24,,,1,14,,30706,24,,,1,14,,30707,24,,,1,14,,30708,24,,,1,54,,30709,24,,,1,11,,30710,24,,,1,27,,30717,24,,,1,82,,30716,24,,,1,80,,30711,24,,,1,42,,30712,24,,,1,82,,30713,24,,,1,82,,30714,24,,,1,41,,30715,24,,,1,82,,30718,24,,,1
9001,'2',608,,30720,7,,,1,40,,30721,24,,,1,81,,30722,24,,,1,81,,30723,24,,,1,47,,30736,24,,,1,73,,30728,24,,,1,72,,30729,24,,,1,32,,30730,24,,,1,72,,30731,24,,,1,32,,30732,24,,,1,72,,30733,24,,,1,34,,30734,24,,,1,72,,30735,24,,,1,32,,30737,24,,,1,72,,30738,24,,,1,32,,30739,24,,,1,72,,30740,24,,,1,32,,30741,24,,,1,73,,30742,24,,,1,72,,30743,24,,,1,32,,30744,24,,,1,72,,30745,24,,,1,32,,30746,24,,,1,69,,30747,24,,,1,32,,30748,24,,,1,72,,30749,24,,,1,95,,30750,24,,,1,41,,30751,24,,,1,81,,30724,24,,,1,81,,30725,24,,,1,41,,30726,24,,,1,81,,30727,24,,,1
9001,'3',818,,30752,7,,,1,38,,30753,24,,,1,82,,30754,24,,,1,84,,30755,24,,,1,82,,30756,24,,,1,42,,30757,24,,,1,85,,30758,24,,,1,85,,30759,24,,,1,85,,30760,24,,,1,45,,30761,24,,,1,85,,30762,24,,,1,85,,30763,24,,,1,85,,30764,24,,,1,45,,30765,24,,,1,82,,30766,24,,,1,84,,30767,24,,,1,38,,30768,24,,,1,84,,30769,24,,,1,79,,30770,24,,,1,39,,30771,24,,,1,79,,30772,24,,,1
9001,'74',608,,30773,7,,,1,40,,30774,24,,,1,81,,30775,24,,,1,81,,30776,24,,,1,47,,30789,24,,,1,73,,30781,24,,,1,72,,30782,24,,,1,32,,30783,24,,,1,72,,30784,24,,,1,32,,30785,24,,,1,72,,30786,24,,,1,34,,30787,24,,,1,72,,30788,24,,,1,32,,30790,24,,,1,72,,30791,24,,,1,32,,30792,24,,,1,72,,30793,24,,,1,32,,30794,24,,,1,73,,30795,24,,,1,72,,30796,24,,,1,32,,30797,24,,,1,72,,30798,24,,,1,32,,30799,24,,,1,69,,30800,24,,,1,32,,30801,24,,,1,72,,30802,24,,,1,95,,30803,24,,,1,41,,30804,24,,,1,81,,30777,24,,,1,81,,30778,24,,,1,41,,30779,24,,,1,81,,30780,24,,,1
9001,'80',818,,30805,7,,,1,38,,30806,24,,,1,82,,30807,24,,,1,84,,30808,24,,,1,82,,30809,24,,,1,42,,30810,24,,,1,85,,30811,24,,,1,85,,30812,24,,,1,85,,30813,24,,,1,45,,30814,24,,,1,85,,30815,24,,,1,85,,30816,24,,,1,85,,30817,24,,,1,45,,30818,24,,,1,82,,30819,24,,,1,84,,30820,24,,,1,38,,30821,24,,,1,84,,30822,24,,,1,79,,30823,24,,,1,39,,30824,24,,,1,79,,30825,24,,,1
900201,'1',521,,36796,19,,,1,19,,36797,19,,,1,19,,36798,19,,,1,59,,36799,19,,,1,17,,36784,5,,,1,19,,36785,5,,,1,62,,36795,5,,,1,25,,36794,5,,,1,63,,36793,5,,,1,22,,36786,5,,,1,23,,36787,5,,,1,62,,36788,5,,,1,23,,36789,5,,,1,23,,36790,5,,,1,63,,36791,5,,,1,23,,36792,5,,,1,570,,36800,33,,,1,23,,36801,33,,,1,23,,36802,33,,,1,63,,36803,33,,,1,23,,36804,33,,,1,61,,36805,33,,,1,23,,36806,33,,,1,20,,36807,33,,,1,63,,36811,33,,,1,17,,36808,33,,,1,19,,36809,33,,,1,59,,36810,33,,,1
