9600,'1',622,,18524,25,,,1,83,,18523,25,,,1,31,,18522,25,,,1,77,,18521,25,,,1,27,,18520,25,,,1,79,,18517,25,,,1,34,,18518,25,,,1,70,,18519,25,,,1,32,,18532,25,,,1,70,,18531,25,,,1,79,,18525,25,,,1,39,,18526,25,,,1,79,,18527,25,,,1,83,,18528,25,,,1,25,,18529,25,,,1,85,,18530,25,,,1,43,,18538,25,,,1,67,,18537,25,,,1,30,,18536,25,,,1,67,,18533,25,,,1,27,,18534,25,,,1,62,,18535,25,,,1,27,,18541,25,,,1,64,,18542,25,,,1,13,,18552,25,,,1,13,,18540,25,,,1,25,,18539,25,,,1,74,,18549,25,,,1,30,,18548,25,,,1,55,,18551,25,,,1,14,,18543,25,,,1,30,,18544,25,,,1,70,,18545,25,,,1,30,,18546,25,,,1,70,,18547,25,,,1,17,,18550,25,,,1
9600,'2',946,,18553,25,,,1,99,,18554,25,,,1,99,,18555,25,,,1,99,,18556,25,,,1,99,,18557,25,,,1,99,,18558,25,,,1,98,,18559,25,,,1,99,,18560,25,,,1,96,,18561,25,,,1,97,,18562,25,,,1,87,,18563,25,,,1,86,,18564,25,,,1,97,,18565,25,,,1
9600,'3',1039,,18566,25,,,1,94,,18567,25,,,1,94,,18568,25,,,1,94,,18569,25,,,1,94,,18570,25,,,1,94,,18571,25,,,1,94,,18572,25,,,1,54,,18573,25,,,1,93,,18574,25,,,1,94,,18575,25,,,1,94,,18576,25,,,1,92,,18577,25,,,1
9600,'80',1039,,18578,25,,,1,94,,18579,25,,,1,94,,18580,25,,,1,94,,18581,25,,,1,94,,18582,25,,,1,94,,18583,25,,,1,94,,18584,25,,,1,54,,18585,25,,,1,93,,18586,25,,,1,94,,18587,25,,,1,94,,18588,25,,,1,92,,18589,25,,,1
10700,'1',501,,19320,25,,,1,24,,19319,25,,,1,24,,19318,25,,,1,64,,19317,25,,,1,21,,19316,25,,,1,16,,19315,25,,,1,61,,19314,25,,,1,11,,19313,25,,,1,16,,19312,25,,,1,19,,19311,25,,,1,56,,19310,25,,,1,12,,19309,25,,,1,15,,19308,25,,,1,16,,19307,25,,,1,55,,19306,25,,,1,42,,19305,25,,,1,82,,19304,25,,,1,82,,19303,25,,,1,42,,19302,25,,,1,85,,19301,25,,,1,81,,19300,25,,,1,28,,19296,4,,,1,54,,19299,25,,,1,22,,19298,25,,,1,18,,19297,25,,,1,58,,19348,25,,,1,19,,19347,25,,,1,20,,19346,25,,,1,58,,19345,25,,,1,18,,19344,25,,,1,24,,19343,25,,,1,56,,19342,25,,,1,18,,19341,25,,,1,16,,19340,25,,,1,20,,19339,25,,,1,56,,19338,25,,,1,18,,19337,25,,,1,12,,19336,25,,,1,18,,19335,25,,,1,78,,19334,25,,,1,81,,19333,25,,,1,38,,19332,25,,,1,80,,19331,25,,,1,74,,19330,25,,,1,34,,19329,25,,,1,74,,19328,25,,,1,34,,19327,25,,,1,74,,19326,25,,,1,34,,19325,25,,,1,74,,19324,25,,,1,74,,19323,25,,,1,29,,19322,25,,,1,74,,19321,25,,,1
10700,'2',635,,19351,25,,,1,79,,19350,25,,,1,37,,19349,25,,,1,77,,19352,25,,,1,77,,19353,25,,,1,37,,19354,25,,,1,77,,19355,25,,,1,37,,19356,25,,,1,77,,19357,25,,,1,77,,19358,25,,,1,36,,19359,25,,,1,77,,19360,25,,,1,77,,19361,25,,,1,37,,19362,25,,,1,77,,19363,25,,,1,37,,19364,25,,,1,75,,19365,25,,,1,77,,19366,25,,,1,37,,19367,25,,,1,77,,19368,25,,,1,37,,19369,25,,,1,77,,19370,25,,,1,77,,19371,25,,,1,37,,19372,25,,,1,77,,19373,25,,,1,37,,19374,25,,,1,77,,19375,25,,,1,77,,19376,25,,,1,37,,19377,25,,,1,77,,19378,25,,,1,77,,19379,25,,,1,35,,19380,25,,,1,77,,19382,25,,,1,37,,19381,25,,,1
10700,'3',720,,19394,4,,,1,37,,19395,4,,,1,68,,19396,25,,,1,77,,19397,25,,,1,37,,19398,25,,,1,77,,19399,25,,,1,37,,19400,25,,,1,77,,19401,25,,,1,77,,19402,25,,,1,37,,19403,25,,,1,77,,19404,25,,,1,37,,19405,25,,,1,76,,19406,25,,,1,77,,19407,25,,,1,37,,19411,25,,,1,77,,19410,25,,,1,77,,19412,25,,,1,37,,19413,25,,,1,77,,19414,25,,,1,37,,19415,25,,,1,77,,19383,25,,,1,77,,19384,25,,,1,37,,19385,25,,,1,77,,19408,25,,,1,37,,19386,25,,,1,77,,19387,25,,,1,77,,19388,25,,,1,37,,19389,25,,,1,77,,19390,25,,,1,77,,19391,25,,,1,37,,19392,25,,,1,77,,19409,25,,,1,37,,19393,25,,,1
10700,'80',720,,19427,4,,,1,37,,19428,4,,,1,68,,19429,25,,,1,77,,19430,25,,,1,37,,19431,25,,,1,77,,19432,25,,,1,37,,19433,25,,,1,77,,19434,25,,,1,77,,19435,25,,,1,37,,19436,25,,,1,77,,19437,25,,,1,37,,19438,25,,,1,76,,19439,25,,,1,77,,19440,25,,,1,37,,19444,25,,,1,77,,19443,25,,,1,77,,19445,25,,,1,37,,19446,25,,,1,77,,19447,25,,,1,37,,19448,25,,,1,77,,19416,25,,,1,77,,19417,25,,,1,37,,19418,25,,,1,77,,19441,25,,,1,37,,19419,25,,,1,77,,19420,25,,,1,77,,19421,25,,,1,37,,19422,25,,,1,77,,19423,25,,,1,77,,19424,25,,,1,37,,19425,25,,,1,77,,19442,25,,,1,37,,19426,25,,,1
46200,'24610.1',726,,20746,4,,,1
46501,'24611.1',1456,,20754,17,4,,1
