600,'1',422,,24934,12,,,1,30,,24935,12,,,1,62,,24936,12,,,1,22,,24937,12,,,1,22,,24938,12,,,1,63,,24939,12,,,1,22,,24940,12,,,1,68,,24941,12,,,1,23,,24942,12,,,1,71,,24943,12,,,1,26,,24944,12,,,1,27,,24945,12,,,1,67,,24946,12,,,1,76,,24947,12,,,1,36,,24948,12,,,1,76,,24949,12,,,1,36,,24950,12,,,1,76,,24951,12,,,1,76,,24952,12,,,1,36,,24953,12,,,1,67,,24954,12,,,1,27,,24955,12,,,1,28,,24956,12,,,1,67,,24957,12,,,1,27,,24958,12,,,1,67,,24959,12,,,1,27,,24960,12,,,1,67,,24961,12,,,1,27,,24962,12,,,1,66,,24963,12,,,1,27,,24964,12,,,1,67,,24965,12,,,1,27,,24966,12,,,1,74,,24967,12,,,1,33,,24968,12,,,1,74,,24969,12,,,1,34,,24970,12,,,1,103,,24971,12,,,1,103,,24972,12,,,1,103,,24973,12,,,1
600,'2',548,,24974,12,,,1,69,,24975,12,,,1,26,,24976,12,,,1,71,,24977,12,,,1,33,,24978,12,,,1,82,,24979,12,,,1,75,,24980,12,,,1,31,,24981,12,,,1,72,,24982,12,,,1,32,,24983,12,,,1,72,,24984,12,,,1,32,,24985,12,,,1,72,,24986,12,,,1,32,,24987,12,,,1,72,,24988,12,,,1,32,,24989,12,,,1,78,,24990,12,,,1,77,,24991,12,,,1,37,,24992,12,,,1,78,,24993,12,,,1,36,,24994,12,,,1,78,,24995,12,,,1,75,,24996,12,,,1,35,,24997,12,,,1,70,,24998,12,,,1,33,,24999,12,,,1,100,,25000,12,,,1,95,,25001,12,,,1,95,,25002,12,,,1,95,,25003,12,,,1
600,'3',603,,25004,12,,,1,26,,25005,12,,,1,29,,25006,12,,,1,75,,25007,12,,,1,69,,25008,12,,,1,42,,25009,12,,,1,74,,25010,12,,,1,32,,25011,12,,,1,72,,25012,12,,,1,32,,25013,12,,,1,72,,25014,12,,,1,32,,25015,12,,,1,72,,25016,12,,,1,72,,25017,12,,,1,32,,25018,12,,,1,73,,25019,12,,,1,39,,25020,12,,,1,76,,25021,12,,,1,37,,25022,12,,,1,77,,25023,12,,,1,77,,25024,12,,,1,37,,25025,12,,,1,73,,25026,12,,,1,77,,25027,12,,,1,30,,25028,12,,,1,100,,25029,12,,,1,98,,25030,12,,,1,98,,25031,12,,,1,98,,25032,12,,,1
600,'74',548,,25033,12,,,1,69,,25034,12,,,1,26,,25035,12,,,1,71,,25036,12,,,1,33,,25037,12,,,1,82,,25038,12,,,1,75,,25039,12,,,1,31,,25040,12,,,1,72,,25041,12,,,1,32,,25042,12,,,1,72,,25043,12,,,1,32,,25044,12,,,1,72,,25045,12,,,1,32,,25046,12,,,1,72,,25047,12,,,1,32,,25048,12,,,1,78,,25049,12,,,1,77,,25050,12,,,1,37,,25051,12,,,1,78,,25052,12,,,1,36,,25053,12,,,1,78,,25054,12,,,1,75,,25055,12,,,1,35,,25056,12,,,1,70,,25057,12,,,1,33,,25058,12,,,1,100,,25059,12,,,1,95,,25060,12,,,1,95,,25061,12,,,1,95,,25062,12,,,1
600,'80',603,,25063,12,,,1,26,,25064,12,,,1,29,,25065,12,,,1,75,,25066,12,,,1,69,,25067,12,,,1,42,,25068,12,,,1,74,,25069,12,,,1,32,,25070,12,,,1,72,,25071,12,,,1,32,,25072,12,,,1,72,,25073,12,,,1,32,,25074,12,,,1,72,,25075,12,,,1,72,,25076,12,,,1,32,,25077,12,,,1,73,,25078,12,,,1,39,,25079,12,,,1,76,,25080,12,,,1,37,,25081,12,,,1,77,,25082,12,,,1,77,,25083,12,,,1,37,,25084,12,,,1,73,,25085,12,,,1,77,,25086,12,,,1,30,,25087,12,,,1,100,,25088,12,,,1,98,,25089,12,,,1,98,,25090,12,,,1,98,,25091,12,,,1
601,'1',2210,,25124,23,4,,1,347,,25129,23,4,,1
601,'2',2013,,25153,23,4,,1,413,,25159,23,4,,1
601,'3',2001,,25183,23,4,,1,419,,25189,23,4,,1
601,'74',2013,,25213,23,4,,1,413,,25219,23,4,,1
601,'80',2001,,25243,23,4,,1,419,,25249,23,4,,1
36101,'1',603,,34011,12,,,1,24,,34012,12,,,1,32,,34013,12,,,1,63,,34014,12,,,1,26,,34015,12,,,1,66,,34016,12,,,1,25,,34017,12,,,1,20,,34018,12,,,1,65,,34019,12,,,1,581,,34020,12,,,1,25,,34021,12,,,1,25,,34022,12,,,1,67,,34023,12,,,1,24,,34024,12,,,1,69,,34025,12,,,1,23,,34026,12,,,1,65,,34027,12,,,1,23,,34028,12,,,1
