1600,'1',540,,26443,8,,,1,62,,26444,8,,,1,23,,26445,8,,,1,22,,26446,8,,,1,62,,26447,8,,,1,22,,26448,8,,,1,18,,26449,8,,,1,66,,26450,8,,,1,22,,26451,8,,,1,22,,26452,8,,,1,71,,26453,8,,,1,71,,26454,8,,,1,35,,26455,8,,,1,67,,26456,8,,,1,31,,26457,8,,,1,71,,26458,8,,,1,31,,26459,8,,,1,71,,26460,8,,,1,31,,26461,8,,,1,75,,26462,8,,,1,20,,26463,8,,,1,23,,26464,8,,,1,63,,26465,8,,,1,23,,26466,8,,,1,63,,26467,8,,,1,24,,26468,8,,,1,23,,26469,8,,,1,63,,26470,8,,,1,23,,26471,8,,,1,63,,26472,8,,,1,23,,26473,8,,,1,20,,26474,8,,,1,63,,26475,8,,,1,23,,26476,8,,,1,23,,26477,8,,,1,63,,26478,8,,,1,23,,26479,8,,,1,74,,26480,8,,,1,34,,26481,8,,,1,74,,26482,8,,,1,34,,26483,8,,,1,74,,26484,8,,,1,74,,26488,8,,,1
1600,'2',649,,26489,8,,,1,78,,26490,8,,,1,78,,26491,8,,,1,38,,26492,8,,,1,78,,26493,8,,,1,38,,26494,8,,,1,78,,26495,8,,,1,78,,26496,8,,,1,38,,26497,8,,,1,78,,26498,8,,,1,81,,26499,8,,,1,41,,26500,8,,,1,82,,26501,8,,,1,81,,26502,8,,,1,42,,26503,8,,,1,81,,26504,8,,,1,81,,26505,8,,,1,81,,26506,8,,,1,41,,26507,8,,,1,75,,26508,8,,,1,36,,26509,8,,,1,79,,26510,8,,,1,73,,26511,8,,,1,35,,26512,8,,,1,77,,26513,8,,,1,35,,26515,8,,,1,76,,26516,8,,,1
1600,'3',842,,26517,8,,,1,96,,26518,8,,,1,95,,26519,8,,,1,95,,26520,8,,,1,95,,26521,8,,,1,99,,26526,8,,,1,98,,26522,8,,,1,98,,26523,8,,,1,98,,26524,8,,,1,94,,26525,8,,,1,95,,26531,8,,,1,52,,26527,8,,,1,91,,26528,8,,,1,92,,26529,8,,,1,92,,26530,8,,,1
1600,'74',649,,26534,8,,,1,78,,26535,8,,,1,78,,26536,8,,,1,38,,26537,8,,,1,78,,26538,8,,,1,38,,26539,8,,,1,78,,26540,8,,,1,78,,26541,8,,,1,38,,26542,8,,,1,78,,26543,8,,,1,81,,26544,8,,,1,41,,26545,8,,,1,82,,26546,8,,,1,81,,26547,8,,,1,42,,26548,8,,,1,81,,26549,8,,,1,81,,26550,8,,,1,81,,26551,8,,,1,41,,26552,8,,,1,75,,26553,8,,,1,36,,26554,8,,,1,79,,26555,8,,,1,73,,26556,8,,,1,35,,26558,8,,,1,77,,26559,8,,,1,35,,26560,8,,,1,76,,26561,8,,,1
1600,'80',842,,26562,8,,,1,96,,26563,8,,,1,95,,26564,8,,,1,95,,26565,8,,,1,95,,26566,8,,,1,99,,26571,8,,,1,98,,26567,8,,,1,98,,26568,8,,,1,98,,26569,8,,,1,94,,26570,8,,,1,95,,26576,8,,,1,52,,26572,8,,,1,91,,26573,8,,,1,92,,26574,8,,,1,92,,26575,8,,,1
8500,'1',635,,29617,52,,,1,16,,29618,52,,,1,56,,29619,52,,,1,16,,29620,52,,,1,16,,29621,52,,,1,19,,29622,52,,,1,56,,29623,52,,,1,16,,29624,52,,,1,16,,29625,52,,,1,56,,29626,52,,,1,16,,29627,52,,,1,11,,29628,51,,,1,16,,29629,51,,,1,65,,29630,51,,,1,25,,29631,51,,,1,18,,29632,51,,,1,65,,29633,51,,,1,25,,29634,51,,,1,65,,29635,51,,,1,25,,29636,51,,,1,67,,29637,51,,,1,25,,29638,51,,,1,27,,29639,51,,,1,65,,29640,51,,,1,20,,29641,51,,,1,16,,29668,37,,,1,58,,29642,37,,,1,20,,29643,37,,,1,16,,29644,37,,,1,57,,29645,37,,,1,16,,29646,37,,,1,24,,29647,38,,,1,13,,29648,38,,,1,56,,29649,38,,,1,16,,29650,38,,,1,19,,29651,38,,,1,56,,29652,38,,,1,16,,29653,38,,,1,16,,29654,38,,,1,9,,29655,38,,,1,56,,29656,38,,,1,16,,29657,38,,,1,16,,29658,38,,,1,16,,29659,38,,,1,53,,29660,37,,,1,25,,29661,37,,,1,26,,29662,37,,,1,65,,29663,37,,,1,32,,29664,37,,,1,72,,29665,37,,,1,32,,29666,37,,,1,72,,29667,37,,,1
8500,'2',710,,29697,51,,,1,31,,29698,51,,,1,70,,29699,51,,,1,28,,29700,51,,,1,74,,29701,51,,,1,30,,29702,51,,,1,70,,29703,51,,,1,34,,29704,51,,,1,70,,29705,51,,,1,31,,29669,51,,,1,62,,29670,51,,,1,25,,29671,51,,,1,23,,29672,51,,,1,63,,29673,51,,,1,23,,29674,51,,,1,63,,29675,51,,,1,23,,29676,51,,,1,23,,29677,51,,,1,63,,29678,51,,,1,23,,29679,51,,,1,63,,29680,51,,,1,23,,29681,51,,,1,23,,29682,51,,,1,63,,29683,51,,,1,21,,29684,51,,,1,21,,29685,51,,,1,57,,29686,51,,,1,21,,29687,51,,,1,21,,29688,51,,,1,61,,29689,51,,,1,21,,29690,51,,,1,21,,29691,51,,,1,59,,29692,51,,,1,21,,29693,51,,,1,21,,29694,51,,,1,61,,29695,51,,,1,21,,29696,51,,,1,70,,29706,51,,,1,30,,29707,51,,,1,70,,29708,51,,,1
8500,'3',845,,29726,23,,,1,80,,29727,23,,,1,79,,29709,51,,,1,40,,29710,51,,,1,81,,29711,51,,,1,80,,29712,51,,,1,51,,29713,51,,,1,83,,29714,51,,,1,83,,29715,51,,,1,83,,29716,51,,,1,42,,29717,51,,,1,83,,29718,51,,,1,84,,29719,51,,,1,34,,29720,51,,,1,81,,29721,51,,,1,85,,29722,51,,,1,37,,29723,51,,,1,81,,29724,51,,,1,81,,29725,51,,,1
8500,'74',710,,29756,51,,,1,31,,29757,51,,,1,70,,29758,51,,,1,28,,29759,51,,,1,74,,29760,51,,,1,30,,29761,51,,,1,70,,29762,51,,,1,34,,29763,51,,,1,70,,29764,51,,,1,31,,29728,51,,,1,62,,29729,51,,,1,25,,29730,51,,,1,23,,29731,51,,,1,63,,29732,51,,,1,23,,29733,51,,,1,63,,29734,51,,,1,23,,29735,51,,,1,23,,29736,51,,,1,63,,29737,51,,,1,23,,29738,51,,,1,63,,29739,51,,,1,23,,29740,51,,,1,23,,29741,51,,,1,63,,29742,51,,,1,21,,29743,51,,,1,21,,29744,51,,,1,57,,29745,51,,,1,21,,29746,51,,,1,21,,29747,51,,,1,61,,29748,51,,,1,21,,29749,51,,,1,21,,29750,51,,,1,59,,29751,51,,,1,21,,29752,51,,,1,21,,29753,51,,,1,61,,29754,51,,,1,21,,29755,51,,,1,70,,29765,51,,,1,30,,29766,51,,,1,70,,29767,51,,,1
8500,'80',845,,29785,23,,,1,80,,29786,23,,,1,79,,29768,51,,,1,40,,29769,51,,,1,81,,29770,51,,,1,80,,29771,51,,,1,51,,29772,51,,,1,83,,29773,51,,,1,83,,29774,51,,,1,83,,29775,51,,,1,42,,29776,51,,,1,83,,29777,51,,,1,84,,29778,51,,,1,34,,29779,51,,,1,81,,29780,51,,,1,85,,29781,51,,,1,37,,29782,51,,,1,81,,29783,51,,,1,81,,29784,51,,,1
