100,'1',412,,23457,38,,,1,38,,23456,38,,,1,71,,23455,38,,,1,82,,23483,53,,,1,38,,23482,53,,,1,82,,23480,53,,,1,79,,23481,53,,,1,32,,23479,53,,,1,75,,23478,53,,,1,35,,23477,53,,,1,108,,23476,53,,,1,153,,23475,53,,,1,112,,23474,53,,,1,116,,23473,53,,,1,87,,23484,53,,,1,83,,23472,53,,,1,31,,23471,53,,,1,77,,23470,53,,,1,31,,23469,53,,,1,74,,23468,53,,,1,34,,23467,53,,,1,66,,23466,53,,,1,23,,23465,53,,,1,97,,23464,53,,,1,102,,23463,53,,,1,100,,23462,53,,,1,91,,23461,53,,,1,95,,23460,53,,,1,89,,23459,53,,,1,95,,23458,53,,,1
100,'74',612,,23507,38,,,1,96,,23485,53,,,1,103,,23486,53,,,1,107,,23487,53,,,1,103,,23488,53,,,1,111,,23489,53,,,1,95,,23490,53,,,1,87,,23491,53,,,1,103,,23492,53,,,1,92,,23493,53,,,1,92,,23494,53,,,1,52,,23495,53,,,1,86,,23496,53,,,1,92,,23497,53,,,1,91,,23498,53,,,1,81,,23499,53,,,1,52,,23500,53,,,1,90,,23501,53,,,1,97,,23502,53,,,1,97,,23503,53,,,1,94,,23504,53,,,1,93,,23505,53,,,1,96,,23506,53,,,1
100,'80',802,,23523,38,,,1,51,,23508,53,,,1,158,,23509,53,,,1,115,,23510,53,,,1,115,,23511,53,,,1,115,,23512,53,,,1,152,,23513,53,,,1,107,,23514,53,,,1,112,,23515,53,,,1,110,,23516,53,,,1,109,,23517,53,,,1,95,,23518,53,,,1,99,,23519,53,,,1,99,,23520,53,,,1,94,,23521,53,,,1,99,,23522,53,,,1
100,'35296.2',612,,23546,38,,,1,96,,23524,53,,,1,103,,23525,53,,,1,107,,23526,53,,,1,103,,23527,53,,,1,111,,23528,53,,,1,95,,23529,53,,,1,87,,23530,53,,,1,103,,23531,53,,,1,92,,23532,53,,,1,92,,23533,53,,,1,52,,23534,53,,,1,86,,23535,53,,,1,92,,23536,53,,,1,91,,23537,53,,,1,81,,23538,53,,,1,52,,23539,53,,,1,90,,23540,53,,,1,97,,23541,53,,,1,97,,23542,53,,,1,94,,23543,53,,,1,93,,23544,53,,,1,96,,23545,53,,,1
100,'35296.3',802,,23562,38,,,1,51,,23547,53,,,1,158,,23548,53,,,1,115,,23549,53,,,1,115,,23550,53,,,1,115,,23551,53,,,1,152,,23552,53,,,1,107,,23553,53,,,1,112,,23554,53,,,1,110,,23555,53,,,1,109,,23556,53,,,1,95,,23557,53,,,1,99,,23558,53,,,1,99,,23559,53,,,1,94,,23560,53,,,1,99,,23561,53,,,1
100,'35298.2',612,,23615,38,,,1,96,,23614,53,,,1,37,,23563,53,,,1,57,,23564,53,,,1,21,,23565,53,,,1,17,,23566,53,,,1,17,,23567,53,,,1,57,,23568,53,,,1,17,,23569,53,,,1,17,,23570,53,,,1,57,,23571,53,,,1,17,,23572,53,,,1,17,,23573,53,,,1,65,,23574,53,,,1,17,,23575,53,,,1,17,,23576,53,,,1,17,,23577,53,,,1,60,,23578,53,,,1,17,,23579,53,,,1,17,,23580,53,,,1,57,,23581,53,,,1,23,,23582,53,,,1,17,,23583,53,,,1,57,,23584,53,,,1,17,,23585,53,,,1,17,,23586,53,,,1,17,,23587,53,,,1,57,,23588,53,,,1,17,,23589,53,,,1,17,,23590,53,,,1,57,,23591,53,,,1,17,,23592,53,,,1,17,,23593,53,,,1,17,,23594,53,,,1,51,,23595,53,,,1,17,,23596,53,,,1,17,,23597,53,,,1,17,,23598,53,,,1,57,,23599,53,,,1,17,,23600,53,,,1,17,,23601,53,,,1,56,,23602,53,,,1,17,,23603,53,,,1,17,,23604,53,,,1,17,,23605,53,,,1,50,,23606,53,,,1,52,,23607,53,,,1,90,,23608,53,,,1,97,,23609,53,,,1,97,,23610,53,,,1,94,,23611,53,,,1,93,,23612,53,,,1,96,,23613,53,,,1
100,'35298.3',743,,23616,53,,,1,57,,23617,53,,,1,17,,23618,53,,,1,17,,23619,53,,,1,17,,23620,53,,,1,57,,23621,53,,,1,17,,23622,53,,,1,23,,23623,53,,,1,57,,23624,53,,,1,17,,23625,53,,,1,17,,23626,53,,,1,20,,23627,53,,,1,57,,23628,53,,,1,17,,23629,53,,,1,17,,23630,53,,,1,60,,23631,53,,,1,17,,23632,53,,,1,17,,23633,53,,,1,57,,23634,53,,,1,17,,23635,53,,,1,20,,23636,53,,,1,17,,23637,53,,,1,57,,23638,53,,,1,17,,23639,53,,,1,17,,23640,53,,,1,57,,23641,53,,,1,17,,23642,53,,,1,17,,23643,53,,,1,17,,23644,53,,,1,52,,23645,53,,,1,17,,23646,53,,,1,17,,23647,53,,,1,17,,23648,53,,,1,57,,23649,53,,,1,17,,23650,53,,,1,17,,23651,53,,,1,57,,23652,53,,,1,17,,23653,53,,,1,15,,23654,53,,,1,17,,23655,53,,,1,57,,23656,53,,,1,17,,23657,53,,,1,14,,23658,53,,,1,99,,23659,53,,,1,99,,23660,53,,,1,99,,23661,53,,,1,94,,23662,53,,,1,99,,23663,53,,,1
201,'2',758,,24035,4,,,1,80,,24036,4,,,1,80,,24037,4,,,1,40,,24038,4,,,1,80,,24039,4,,,1,81,,24040,4,,,1,40,,24041,4,,,1,80,,24042,4,,,1,80,,24043,4,,,1,40,,24044,4,,,1,79,,24045,4,,,1,80,,24046,4,,,1,40,,24047,4,,,1,80,,24048,4,,,1,80,,24049,4,,,1,40,,24050,4,,,1,80,,24051,4,,,1,80,,24052,4,,,1,40,,24053,4,,,1,80,,24054,4,,,1,80,,24055,4,,,1,33,,24056,4,,,1,73,,24057,4,,,1,33,,24058,4,,,1,73,,24059,4,,,1,73,,24060,4,,,1
201,'3',848,,24071,4,,,1,152,,24061,4,,,1,117,,24062,4,,,1,117,,24063,4,,,1,117,,24064,4,,,1,158,,24065,4,,,1,117,,24066,4,,,1,117,,24067,4,,,1,157,,24068,4,,,1,113,,24069,4,,,1,115,,24070,4,,,1,105,,24072,4,,,1,108,,24073,4,,,1
201,'74',758,,24074,4,,,1,80,,24075,4,,,1,80,,24076,4,,,1,40,,24077,4,,,1,80,,24078,4,,,1,81,,24079,4,,,1,40,,24080,4,,,1,80,,24081,4,,,1,80,,24082,4,,,1,40,,24083,4,,,1,79,,24084,4,,,1,80,,24085,4,,,1,40,,24086,4,,,1,80,,24087,4,,,1,80,,24088,4,,,1,40,,24089,4,,,1,80,,24090,4,,,1,80,,24091,4,,,1,40,,24092,4,,,1,80,,24093,4,,,1,80,,24094,4,,,1,33,,24095,4,,,1,73,,24096,4,,,1,33,,24097,4,,,1,73,,24098,4,,,1,73,,24099,4,,,1
201,'80',848,,24110,4,,,1,152,,24100,4,,,1,117,,24101,4,,,1,117,,24102,4,,,1,117,,24103,4,,,1,158,,24104,4,,,1,117,,24105,4,,,1,117,,24106,4,,,1,157,,24107,4,,,1,113,,24108,4,,,1,115,,24109,4,,,1,105,,24111,4,,,1,108,,24112,4,,,1
