2400,'1',603,,27580,74,,,1,14,,27581,74,,,1,14,,27582,74,,,1,14,,27583,74,,,1,10,,27584,74,,,1,62,,27585,74,,,1,14,,27586,74,,,1,15,,27587,74,,,1,11,,27588,74,,,1,49,,27589,74,,,1,12,,27590,74,,,1,11,,27591,74,,,1,11,,27592,74,,,1,11,,27593,74,,,1,51,,27594,74,,,1,11,,27595,74,,,1,11,,27596,74,,,1,11,,27597,74,,,1,10,,27598,74,,,1,9,,27599,74,,,1,5,,27600,61,,,1,65,,27601,61,,,1,22,,27602,61,,,1,68,,27603,61,,,1,25,,27604,61,,,1,65,,27605,61,,,1,25,,27606,61,,,1,20,,27607,55,,,1,67,,27608,55,,,1,25,,27609,55,,,1,65,,27610,55,,,1,25,,27611,55,,,1,27,,27612,55,,,1,52,,27613,55,,,1,12,,27614,55,,,1,12,,27615,55,,,1,12,,27616,55,,,1,12,,27617,55,,,1,52,,27618,55,,,1,12,,27619,55,,,1,12,,27620,55,,,1,12,,27621,55,,,1,12,,27622,55,,,1,62,,27623,55,,,1,9,,27624,55,,,1,13,,27625,55,,,1,11,,27626,55,,,1,54,,27627,55,,,1,10,,27628,55,,,1,5,,27629,55,,,1,12,,27630,55,,,1,8,,27631,55,,,1,7,,27632,55,,,1,51,,27633,55,,,1,12,,27634,55,,,1,12,,27635,55,,,1,9,,27636,55,,,1,69,,27637,55,,,1,26,,27638,55,,,1,26,,27639,55,,,1,62,,27640,55,,,1,26,,27641,55,,,1,66,,27642,55,,,1,26,,27643,55,,,1,23,,27644,55,,,1,64,,27645,55,,,1,22,,27646,55,,,1,63,,27647,55,,,1,23,,27648,55,,,1
2400,'2',825,,27667,55,,,1,34,,27649,55,,,1,74,,27650,55,,,1,75,,27651,55,,,1,33,,27652,55,,,1,76,,27653,55,,,1,34,,27654,55,,,1,83,,27666,55,,,1,77,,27655,55,,,1,37,,27656,55,,,1,77,,27657,55,,,1,77,,27658,55,,,1,38,,27659,55,,,1,76,,27660,55,,,1,37,,27661,55,,,1,77,,27662,55,,,1,77,,27663,55,,,1,38,,27664,55,,,1,75,,27665,55,,,1,35,,27677,55,,,1,71,,27676,55,,,1,74,,27668,55,,,1,34,,27669,55,,,1,74,,27670,55,,,1,34,,27671,55,,,1,74,,27672,55,,,1,34,,27673,55,,,1,74,,27674,55,,,1,34,,27675,55,,,1
2400,'3',756,,27679,55,,,1,72,,27678,55,,,1,76,,27689,55,,,1,34,,27688,55,,,1,74,,27680,55,,,1,34,,27681,55,,,1,74,,27682,55,,,1,34,,27683,55,,,1,74,,27684,55,,,1,74,,27685,55,,,1,34,,27686,55,,,1,74,,27687,55,,,1,37,,27691,55,,,1,79,,27690,55,,,1,76,,27693,55,,,1,37,,27694,55,,,1,77,,27695,55,,,1,37,,27692,55,,,1,77,,27696,55,,,1,77,,27697,55,,,1,33,,27703,55,,,1,74,,27698,55,,,1,36,,27699,55,,,1,75,,27700,55,,,1,75,,27701,55,,,1,35,,27702,55,,,1
2400,'74',825,,27722,55,,,1,34,,27704,55,,,1,74,,27705,55,,,1,75,,27706,55,,,1,33,,27707,55,,,1,76,,27708,55,,,1,34,,27709,55,,,1,83,,27721,55,,,1,77,,27710,55,,,1,37,,27711,55,,,1,77,,27712,55,,,1,77,,27713,55,,,1,38,,27714,55,,,1,76,,27715,55,,,1,37,,27716,55,,,1,77,,27717,55,,,1,77,,27718,55,,,1,38,,27719,55,,,1,75,,27720,55,,,1,35,,27732,55,,,1,71,,27731,55,,,1,74,,27723,55,,,1,34,,27724,55,,,1,74,,27725,55,,,1,34,,27726,55,,,1,74,,27727,55,,,1,34,,27728,55,,,1,74,,27729,55,,,1,34,,27730,55,,,1
2400,'80',756,,27734,55,,,1,72,,27733,55,,,1,76,,27744,55,,,1,34,,27743,55,,,1,74,,27735,55,,,1,34,,27736,55,,,1,74,,27737,55,,,1,34,,27738,55,,,1,74,,27739,55,,,1,74,,27740,55,,,1,34,,27741,55,,,1,74,,27742,55,,,1,37,,27746,55,,,1,79,,27745,55,,,1,76,,27748,55,,,1,37,,27749,55,,,1,77,,27750,55,,,1,37,,27747,55,,,1,77,,27751,55,,,1,77,,27752,55,,,1,33,,27758,55,,,1,74,,27753,55,,,1,36,,27754,55,,,1,75,,27755,55,,,1,75,,27756,55,,,1,35,,27757,55,,,1
8000,'1',603,,29334,30,,,1,34,,29335,30,,,1,69,,29336,30,,,1,29,,29337,30,,,1,72,,29338,30,,,1,29,,29339,30,,,1,69,,29340,30,,,1,23,,29341,30,,,1,29,,29343,30,,,1,90,,29342,30,,,1,90,,29316,30,,,1,90,,29344,30,,,1,90,,29321,30,,,1,88,,29322,30,,,1,27,,29346,30,,,1,68,,29323,30,,,1,29,,29324,30,,,1,29,,29325,30,,,1,69,,29326,30,,,1,29,,29327,30,,,1,69,,29328,30,,,1,29,,29329,30,,,1,69,,29330,30,,,1,29,,29331,30,,,1,69,,29332,30,,,1,24,,29345,30,,,1,89,,29317,30,,,1,89,,29318,30,,,1,89,,29319,30,,,1,89,,29320,30,,,1,49,,29333,30,,,1
8000,'2',713,,29347,30,,,1,46,,29348,30,,,1,98,,29349,30,,,1,98,,29350,30,,,1,98,,29351,30,,,1,98,,29352,30,,,1,98,,29353,30,,,1,98,,29354,30,,,1,98,,29355,30,,,1,98,,29356,30,,,1,98,,29357,30,,,1,98,,29358,30,,,1,98,,29359,30,,,1,93,,29360,30,,,1,93,,29361,30,,,1
8000,'3',940,,29362,30,,,1,89,,29363,30,,,1,89,,29364,30,,,1,93,,29365,30,,,1,93,,29366,30,,,1,53,,29367,30,,,1,93,,29368,30,,,1,92,,29369,30,,,1,91,,29370,30,,,1,91,,29371,30,,,1,91,,29372,30,,,1,44,,29373,30,,,1,85,,29374,30,,,1,85,,29375,30,,,1,85,,29376,30,,,1,45,,29377,30,,,1
8000,'74',713,,29378,30,,,1,46,,29379,30,,,1,98,,29380,30,,,1,98,,29381,30,,,1,98,,29382,30,,,1,98,,29383,30,,,1,98,,29384,30,,,1,98,,29385,30,,,1,98,,29386,30,,,1,98,,29387,30,,,1,98,,29388,30,,,1,98,,29389,30,,,1,98,,29390,30,,,1,93,,29391,30,,,1,93,,29392,30,,,1
8000,'80',940,,29393,30,,,1,89,,29394,30,,,1,89,,29395,30,,,1,93,,29396,30,,,1,93,,29397,30,,,1,53,,29398,30,,,1,93,,29399,30,,,1,92,,29400,30,,,1,91,,29401,30,,,1,91,,29402,30,,,1,91,,29403,30,,,1,44,,29404,30,,,1,85,,29405,30,,,1,85,,29406,30,,,1,85,,29407,30,,,1,45,,29408,30,,,1
