100,'1',408,,12536,31,,,1,38,,12535,31,,,1,71,,12534,31,,,1,42,,12562,46,,,1,78,,12561,46,,,1,80,,12559,46,,,1,39,,12560,46,,,1,73,,12558,46,,,1,75,,12557,46,,,1,35,,12556,46,,,1,108,,12555,46,,,1,153,,12554,46,,,1,112,,12553,46,,,1,116,,12552,46,,,1,87,,12563,46,,,1,43,,12551,46,,,1,71,,12550,46,,,1,77,,12549,46,,,1,31,,12548,46,,,1,74,,12547,46,,,1,34,,12546,46,,,1,66,,12545,46,,,1,24,,12544,46,,,1,97,,12543,46,,,1,102,,12542,46,,,1,100,,12541,46,,,1,91,,12540,46,,,1,95,,12539,46,,,1,89,,12538,46,,,1,95,,12537,46,,,1
100,'2',608,,12586,31,,,1,96,,12564,46,,,1,103,,12565,46,,,1,107,,12566,46,,,1,103,,12567,46,,,1,111,,12568,46,,,1,95,,12569,46,,,1,87,,12570,46,,,1,103,,12571,46,,,1,92,,12572,46,,,1,52,,12573,46,,,1,92,,12574,46,,,1,86,,12575,46,,,1,92,,12576,46,,,1,91,,12577,46,,,1,41,,12578,46,,,1,92,,12579,46,,,1,90,,12580,46,,,1,97,,12581,46,,,1,97,,12582,46,,,1,94,,12583,46,,,1,93,,12584,46,,,1,96,,12585,46,,,1
100,'3',758,,12602,31,,,1,91,,12587,46,,,1,158,,12588,46,,,1,115,,12589,46,,,1,115,,12590,46,,,1,115,,12591,46,,,1,152,,12592,46,,,1,107,,12593,46,,,1,112,,12594,46,,,1,110,,12595,46,,,1,109,,12596,46,,,1,95,,12597,46,,,1,99,,12598,46,,,1,99,,12599,46,,,1,94,,12600,46,,,1,99,,12601,46,,,1
100,'80',758,,12618,31,,,1,91,,12603,46,,,1,158,,12604,46,,,1,115,,12605,46,,,1,115,,12606,46,,,1,115,,12607,46,,,1,152,,12608,46,,,1,107,,12609,46,,,1,112,,12610,46,,,1,110,,12611,46,,,1,109,,12612,46,,,1,95,,12613,46,,,1,99,,12614,46,,,1,99,,12615,46,,,1,94,,12616,46,,,1,99,,12617,46,,,1
1601,'1',549,,14729,4,,,1,62,,14728,4,,,1,22,,14720,4,,,1,22,,14721,4,,,1,63,,14722,4,,,1,22,,14723,4,,,1,62,,14724,4,,,1,22,,14725,4,,,1,17,,14726,4,,,1,66,,14727,4,,,1,21,,14740,4,,,1,24,,14739,4,,,1,68,,14730,4,,,1,31,,14731,4,,,1,71,,14732,4,,,1,31,,14733,4,,,1,71,,14734,4,,,1,31,,14735,4,,,1,69,,14736,4,,,1,33,,14737,4,,,1,67,,14738,4,,,1,21,,14757,4,,,1,63,,14756,4,,,1,23,,14741,4,,,1,17,,14742,4,,,1,69,,14743,4,,,1,24,,14744,4,,,1,63,,14745,4,,,1,23,,14746,4,,,1,22,,14747,4,,,1,63,,14748,4,,,1,23,,14749,4,,,1,23,,14750,4,,,1,63,,14751,4,,,1,23,,14752,4,,,1,63,,14753,4,,,1,23,,14754,4,,,1,23,,14755,4,,,1,68,,14760,4,,,1,34,,14758,4,,,1,73,,14759,4,,,1,74,,14766,4,,,1
1601,'2',658,,14768,4,,,1,78,,14767,4,,,1,78,,14771,4,,,1,38,,14772,4,,,1,78,,14773,4,,,1,78,,14774,4,,,1,38,,14775,4,,,1,78,,14776,4,,,1,78,,14777,4,,,1,38,,14778,4,,,1,84,,14787,4,,,1,81,,14779,4,,,1,41,,14780,4,,,1,81,,14781,4,,,1,81,,14782,4,,,1,41,,14783,4,,,1,81,,14784,4,,,1,81,,14785,4,,,1,37,,14786,4,,,1,81,,14794,4,,,1,72,,14788,4,,,1,36,,14789,4,,,1,78,,14790,4,,,1,34,,14791,4,,,1,76,,14792,4,,,1,33,,14793,4,,,1
1601,'3',738,,14795,4,,,1,95,,14796,4,,,1,95,,14797,4,,,1,95,,14798,4,,,1,95,,14799,4,,,1,95,,14800,4,,,1,98,,14801,4,,,1,98,,14802,4,,,1,98,,14803,4,,,1,98,,14804,4,,,1,98,,14805,4,,,1,52,,14806,4,,,1,92,,14807,4,,,1,92,,14808,4,,,1,92,,14809,4,,,1,91,,14810,4,,,1
1601,'80',738,,14811,4,,,1,95,,14812,4,,,1,95,,14813,4,,,1,95,,14814,4,,,1,95,,14815,4,,,1,95,,14816,4,,,1,98,,14817,4,,,1,98,,14818,4,,,1,98,,14819,4,,,1,98,,14820,4,,,1,98,,14821,4,,,1,52,,14822,4,,,1,92,,14823,4,,,1,92,,14824,4,,,1,92,,14825,4,,,1,91,,14826,4,,,1
30301,'1',1627,,19941,6,,,1,31,,19938,6,,,1,60,,19939,6,,,1,10,,19940,6,,,1,17,,19942,6,,,1,10,,19937,6,,,1,53,,19943,6,,,1,12,,19944,6,,,1,15,,19936,6,,,1
40100,'24611.1',754,,20653,44,,,1
41601,'24612.1',1511,,20682,4,,,1
41700,'24612.1',836,,20683,60,,,1,1,,20684,60,,,1
