9600,'1',609,,31260,9,,,1,42,,31259,9,,,1,71,,31258,9,,,1,37,,31257,9,,,1,67,,31256,9,,,1,80,,31253,9,,,1,34,,31254,9,,,1,70,,31255,9,,,1,32,,31268,9,,,1,70,,31267,9,,,1,39,,31261,9,,,1,79,,31262,9,,,1,79,,31263,9,,,1,41,,31264,9,,,1,65,,31265,9,,,1,85,,31266,9,,,1,43,,31274,9,,,1,67,,31273,9,,,1,28,,31272,9,,,1,68,,31269,9,,,1,27,,31270,9,,,1,24,,31271,9,,,1,67,,31277,9,,,1,25,,31278,9,,,1,54,,31288,9,,,1,14,,31276,9,,,1,25,,31275,9,,,1,75,,31285,9,,,1,30,,31284,9,,,1,55,,31287,9,,,1,15,,31279,9,,,1,30,,31280,9,,,1,70,,31281,9,,,1,30,,31282,9,,,1,70,,31283,9,,,1,17,,31286,9,,,1
9600,'2',934,,31289,9,,,1,99,,31290,9,,,1,99,,31291,9,,,1,99,,31292,9,,,1,99,,31293,9,,,1,99,,31294,9,,,1,99,,31295,9,,,1,99,,31296,9,,,1,96,,31297,9,,,1,97,,31298,9,,,1,87,,31299,9,,,1,48,,31300,9,,,1,97,,31301,9,,,1
9600,'3',1028,,31302,9,,,1,94,,31303,9,,,1,94,,31304,9,,,1,94,,31305,9,,,1,94,,31306,9,,,1,54,,31307,9,,,1,94,,31308,9,,,1,94,,31309,9,,,1,93,,31310,9,,,1,94,,31311,9,,,1,94,,31312,9,,,1,94,,31313,9,,,1
9600,'74',934,,31314,9,,,1,99,,31315,9,,,1,99,,31316,9,,,1,99,,31317,9,,,1,99,,31318,9,,,1,99,,31319,9,,,1,99,,31320,9,,,1,99,,31321,9,,,1,96,,31322,9,,,1,97,,31323,9,,,1,87,,31324,9,,,1,48,,31325,9,,,1,97,,31326,9,,,1
9600,'80',1028,,31327,9,,,1,94,,31328,9,,,1,94,,31329,9,,,1,94,,31330,9,,,1,94,,31331,9,,,1,54,,31332,9,,,1,94,,31333,9,,,1,94,,31334,9,,,1,93,,31335,9,,,1,94,,31336,9,,,1,94,,31337,9,,,1,94,,31338,9,,,1
10700,'1',450,,32223,9,,,1,64,,32222,9,,,1,24,,32221,9,,,1,64,,32220,9,,,1,19,,32219,9,,,1,16,,32218,9,,,1,21,,32217,9,,,1,51,,32216,9,,,1,16,,32215,9,,,1,19,,32214,9,,,1,56,,32213,9,,,1,12,,32212,9,,,1,16,,32211,9,,,1,16,,32210,9,,,1,15,,32209,9,,,1,83,,32208,9,,,1,82,,32207,9,,,1,82,,32206,9,,,1,42,,32205,9,,,1,84,,32204,9,,,1,82,,32203,9,,,1,42,,32202,9,,,1,60,,32201,9,,,1,18,,32200,9,,,1,18,,32251,9,,,1,59,,32250,9,,,1,19,,32249,9,,,1,18,,32248,9,,,1,58,,32247,9,,,1,22,,32246,9,,,1,16,,32245,9,,,1,58,,32244,9,,,1,18,,32243,9,,,1,20,,32242,9,,,1,16,,32241,9,,,1,58,,32240,9,,,1,14,,32239,9,,,1,18,,32238,9,,,1,79,,32237,9,,,1,81,,32236,9,,,1,38,,32235,9,,,1,80,,32234,9,,,1,34,,32233,9,,,1,74,,32232,9,,,1,74,,32231,9,,,1,34,,32230,9,,,1,74,,32229,9,,,1,34,,32228,9,,,1,74,,32227,9,,,1,34,,32226,9,,,1,72,,32225,9,,,1,74,,32224,9,,,1
10700,'2',625,,32254,9,,,1,78,,32253,9,,,1,37,,32252,9,,,1,77,,32255,9,,,1,37,,32256,9,,,1,77,,32257,9,,,1,77,,32258,9,,,1,37,,32259,9,,,1,77,,32260,9,,,1,37,,32261,9,,,1,76,,32262,9,,,1,77,,32263,9,,,1,37,,32264,9,,,1,77,,32265,9,,,1,77,,32266,9,,,1,37,,32267,9,,,1,77,,32268,9,,,1,37,,32269,9,,,1,77,,32270,9,,,1,77,,32271,9,,,1,37,,32272,9,,,1,77,,32273,9,,,1,37,,32274,9,,,1,77,,32275,9,,,1,77,,32276,9,,,1,37,,32277,9,,,1,77,,32278,9,,,1,77,,32279,9,,,1,37,,32280,9,,,1,77,,32281,9,,,1,37,,32282,9,,,1,76,,32283,9,,,1,77,,32285,9,,,1,37,,32284,9,,,1
10700,'3',816,,32299,9,,,1,37,,32300,9,,,1,77,,32301,9,,,1,77,,32302,9,,,1,37,,32303,9,,,1,77,,32304,9,,,1,37,,32305,9,,,1,77,,32306,9,,,1,77,,32307,9,,,1,37,,32308,9,,,1,76,,32309,9,,,1,77,,32310,9,,,1,37,,32314,9,,,1,77,,32313,9,,,1,37,,32315,9,,,1,77,,32316,9,,,1,77,,32317,9,,,1,37,,32318,9,,,1,77,,32286,9,,,1,37,,32287,9,,,1,77,,32288,9,,,1,77,,32311,9,,,1,37,,32289,9,,,1,77,,32290,9,,,1,77,,32291,9,,,1,37,,32292,9,,,1,77,,32293,9,,,1,37,,32294,9,,,1,77,,32295,9,,,1,77,,32312,9,,,1,37,,32296,9,,,1
10700,'74',625,,32321,9,,,1,78,,32320,9,,,1,37,,32319,9,,,1,77,,32322,9,,,1,37,,32323,9,,,1,77,,32324,9,,,1,77,,32325,9,,,1,37,,32326,9,,,1,77,,32327,9,,,1,37,,32328,9,,,1,76,,32329,9,,,1,77,,32330,9,,,1,37,,32331,9,,,1,77,,32332,9,,,1,77,,32333,9,,,1,37,,32334,9,,,1,77,,32335,9,,,1,37,,32336,9,,,1,77,,32337,9,,,1,77,,32338,9,,,1,37,,32339,9,,,1,77,,32340,9,,,1,37,,32341,9,,,1,77,,32342,9,,,1,77,,32343,9,,,1,37,,32344,9,,,1,77,,32345,9,,,1,77,,32346,9,,,1,37,,32347,9,,,1,77,,32348,9,,,1,37,,32349,9,,,1,76,,32350,9,,,1,77,,32352,9,,,1,37,,32351,9,,,1
10700,'80',816,,32366,9,,,1,37,,32367,9,,,1,77,,32368,9,,,1,77,,32369,9,,,1,37,,32370,9,,,1,77,,32371,9,,,1,37,,32372,9,,,1,77,,32373,9,,,1,77,,32374,9,,,1,37,,32375,9,,,1,76,,32376,9,,,1,77,,32377,9,,,1,37,,32381,9,,,1,77,,32380,9,,,1,37,,32382,9,,,1,77,,32383,9,,,1,77,,32384,9,,,1,37,,32385,9,,,1,77,,32353,9,,,1,37,,32354,9,,,1,77,,32355,9,,,1,77,,32378,9,,,1,37,,32356,9,,,1,77,,32357,9,,,1,77,,32358,9,,,1,37,,32359,9,,,1,77,,32360,9,,,1,37,,32361,9,,,1,77,,32362,9,,,1,77,,32379,9,,,1,37,,32363,9,,,1
1070200,'1',512,,36926,9,,,1,12,,36925,9,,,1,12,,36924,9,,,1,12,,36923,9,,,1,52,,36922,9,,,1,12,,36921,9,,,1,12,,36920,9,,,1,16,,36919,9,,,1,8,,36918,9,,,1,53,,36917,9,,,1,13,,36916,9,,,1,12,,36915,9,,,1,12,,36914,9,,,1,12,,36913,9,,,1,52,,36912,9,,,1,11,,36911,9,,,1,12,,36910,9,,,1,12,,36909,9,,,1,67,,36938,9,,,1,25,,36937,9,,,1,26,,36936,9,,,1,65,,36935,9,,,1,26,,36934,9,,,1,66,,36933,9,,,1,26,,36932,9,,,1,66,,36931,9,,,1,30,,36930,9,,,1,22,,36929,9,,,1,66,,36928,9,,,1,26,,36927,9,,,1,70,,36939,9,,,1,16,,36940,9,,,1,16,,36941,9,,,1,56,,36942,9,,,1,16,,36943,9,,,1,16,,36944,9,,,1,16,,36945,9,,,1,56,,36946,9,,,1,20,,36947,9,,,1,19,,36948,9,,,1,59,,36949,9,,,1,19,,36950,9,,,1,19,,36951,9,,,1,59,,36952,9,,,1,27,,36953,9,,,1,22,,36954,9,,,1
