9601,'1',501,,31339,32,,,1,28,,31340,32,,,1,29,,31341,32,,,1,70,,31342,32,,,1,77,,31343,32,,,1,34,,31344,32,,,1,78,,31345,32,,,1,32,,31346,32,,,1,74,,31347,32,,,1,32,,31348,32,,,1,79,,31349,32,,,1,80,,31350,32,,,1,43,,31351,32,,,1,75,,31352,32,,,1,72,,31353,32,,,1,46,,31354,32,,,1,80,,31355,32,,,1,18,,31374,32,,,1,61,,31356,32,,,1,28,,31357,32,,,1,67,,31358,32,,,1,27,,31359,32,,,1,27,,31360,32,,,1,67,,31361,32,,,1,26,,31362,32,,,1,62,,31363,32,,,1,25,,31364,32,,,1,65,,31365,32,,,1,25,,31366,32,,,1,25,,31367,32,,,1,65,,31368,32,,,1,28,,31369,32,,,1,70,,31370,32,,,1,30,,31371,32,,,1,70,,31372,32,,,1,24,,31373,32,,,1
9601,'2',827,,31375,32,,,1,99,,31376,32,,,1,100,,31377,32,,,1,99,,31378,32,,,1,99,,31379,32,,,1,99,,31380,32,,,1,99,,31381,32,,,1,99,,31382,32,,,1,99,,31383,32,,,1,99,,31384,32,,,1,89,,31385,32,,,1,51,,31386,32,,,1,97,,31387,32,,,1
9601,'3',927,,31388,32,,,1,94,,31389,32,,,1,94,,31390,32,,,1,94,,31391,32,,,1,94,,31392,32,,,1,54,,31393,32,,,1,94,,31394,32,,,1,94,,31395,32,,,1,92,,31396,32,,,1,94,,31397,32,,,1,93,,31398,32,,,1,94,,31399,32,,,1
9601,'74',827,,31400,32,,,1,99,,31401,32,,,1,100,,31402,32,,,1,99,,31403,32,,,1,99,,31404,32,,,1,99,,31405,32,,,1,99,,31406,32,,,1,99,,31407,32,,,1,99,,31408,32,,,1,99,,31409,32,,,1,89,,31410,32,,,1,51,,31411,32,,,1,97,,31412,32,,,1
9601,'80',927,,31413,32,,,1,94,,31414,32,,,1,94,,31415,32,,,1,94,,31416,32,,,1,94,,31417,32,,,1,54,,31418,32,,,1,94,,31419,32,,,1,94,,31420,32,,,1,92,,31421,32,,,1,94,,31422,32,,,1,93,,31423,32,,,1,94,,31424,32,,,1
9801,'1',536,,31521,41,,,1,75,,31520,41,,,1,37,,31519,41,,,1,75,,31518,41,,,1,36,,31517,41,,,1,75,,31516,41,,,1,75,,31515,41,,,1,35,,31514,41,,,1,75,,31525,41,,,1,100,,31524,41,,,1,98,,31523,41,,,1,98,,31522,41,,,1,101,,31537,41,,,1,40,,31536,41,,,1,80,,31535,41,,,1,80,,31534,41,,,1,40,,31533,41,,,1,80,,31532,41,,,1,80,,31531,41,,,1,38,,31530,41,,,1,78,,31529,41,,,1,91,,31528,41,,,1,87,,31527,41,,,1,48,,31526,41,,,1
9801,'2',543,,31556,41,,,1,86,,31555,41,,,1,86,,31554,41,,,1,86,,31553,41,,,1,48,,31552,41,,,1,96,,31551,41,,,1,94,,31550,41,,,1,98,,31549,41,,,1,94,,31548,41,,,1,101,,31547,41,,,1,98,,31546,41,,,1,98,,31545,41,,,1,96,,31544,41,,,1,98,,31543,41,,,1,98,,31542,41,,,1,94,,31541,41,,,1,86,,31540,41,,,1,49,,31539,41,,,1,87,,31538,41,,,1
9801,'3',726,,31573,41,,,1,88,,31574,41,,,1,89,,31572,41,,,1,48,,31571,41,,,1,88,,31570,41,,,1,96,,31569,41,,,1,93,,31568,41,,,1,93,,31567,41,,,1,95,,31566,41,,,1,93,,31565,41,,,1,93,,31564,41,,,1,53,,31563,41,,,1,93,,31562,41,,,1,90,,31561,41,,,1,86,,31560,41,,,1,86,,31559,41,,,1,47,,31558,41,,,1,88,,31557,41,,,1
9801,'74',543,,31593,41,,,1,86,,31592,41,,,1,86,,31591,41,,,1,86,,31590,41,,,1,48,,31589,41,,,1,96,,31588,41,,,1,94,,31587,41,,,1,98,,31586,41,,,1,94,,31585,41,,,1,101,,31584,41,,,1,98,,31583,41,,,1,98,,31582,41,,,1,96,,31581,41,,,1,98,,31580,41,,,1,98,,31579,41,,,1,94,,31578,41,,,1,86,,31577,41,,,1,49,,31576,41,,,1,87,,31575,41,,,1
9801,'80',726,,31610,41,,,1,88,,31611,41,,,1,89,,31609,41,,,1,48,,31608,41,,,1,88,,31607,41,,,1,96,,31606,41,,,1,93,,31605,41,,,1,93,,31604,41,,,1,95,,31603,41,,,1,93,,31602,41,,,1,93,,31601,41,,,1,53,,31600,41,,,1,93,,31599,41,,,1,90,,31598,41,,,1,86,,31597,41,,,1,86,,31596,41,,,1,47,,31595,41,,,1,88,,31594,41,,,1
910201,'1',637,,36824,15,,,1,85,,36825,15,,,1,85,,36826,15,,,1,45,,36827,15,,,1
989901,'1',2216,,36877,41,,,1,31,,36878,41,,,1,78,,36879,41,,,1,76,,36880,41,,,1,35,,36881,41,,,1,71,,36882,41,,,1,35,,36883,41,,,1,75,,36884,41,,,1
989901,'2',2222,,36885,41,,,1,91,,36886,41,,,1,43,,36887,41,,,1,91,,36890,41,,,1,85,,36888,41,,,1,86,,36889,41,,,1
989901,'3',2234,,36891,41,,,1,88,,36892,41,,,1,83,,36893,41,,,1,49,,36894,41,,,1,79,,36895,41,,,1,83,,36896,41,,,1
989901,'74',2222,,36897,41,,,1,91,,36898,41,,,1,43,,36899,41,,,1,91,,36902,41,,,1,85,,36900,41,,,1,86,,36901,41,,,1
989901,'80',2234,,36903,41,,,1,88,,36904,41,,,1,83,,36905,41,,,1,49,,36906,41,,,1,79,,36907,41,,,1,83,,36908,41,,,1
