9600,'1',604,,31260,5,,,1,42,,31259,5,,,1,71,,31258,5,,,1,37,,31257,5,,,1,67,,31256,5,,,1,80,,31253,5,,,1,34,,31254,5,,,1,70,,31255,5,,,1,32,,31268,5,,,1,70,,31267,5,,,1,39,,31261,5,,,1,79,,31262,5,,,1,79,,31263,5,,,1,40,,31264,5,,,1,65,,31265,5,,,1,46,,31266,5,,,1,83,,31274,5,,,1,67,,31273,5,,,1,27,,31272,5,,,1,27,,31269,5,,,1,67,,31270,5,,,1,26,,31271,5,,,1,67,,31277,5,,,1,25,,31278,5,,,1,14,,31288,5,,,1,55,,31276,5,,,1,25,,31275,5,,,1,75,,31285,5,,,1,30,,31284,5,,,1,15,,31287,5,,,1,55,,31279,5,,,1,30,,31280,5,,,1,70,,31281,5,,,1,30,,31282,5,,,1,70,,31283,5,,,1,17,,31286,5,,,1
9600,'2',930,,31289,5,,,1,99,,31290,5,,,1,99,,31291,5,,,1,99,,31292,5,,,1,99,,31293,5,,,1,99,,31294,5,,,1,99,,31295,5,,,1,99,,31296,5,,,1,96,,31297,5,,,1,97,,31298,5,,,1,87,,31299,5,,,1,48,,31300,5,,,1,97,,31301,5,,,1
9600,'3',1024,,31302,5,,,1,94,,31303,5,,,1,94,,31304,5,,,1,94,,31305,5,,,1,94,,31306,5,,,1,54,,31307,5,,,1,94,,31308,5,,,1,94,,31309,5,,,1,93,,31310,5,,,1,94,,31311,5,,,1,94,,31312,5,,,1,94,,31313,5,,,1
9600,'74',930,,31314,5,,,1,99,,31315,5,,,1,99,,31316,5,,,1,99,,31317,5,,,1,99,,31318,5,,,1,99,,31319,5,,,1,99,,31320,5,,,1,99,,31321,5,,,1,96,,31322,5,,,1,97,,31323,5,,,1,87,,31324,5,,,1,48,,31325,5,,,1,97,,31326,5,,,1
9600,'80',1024,,31327,5,,,1,94,,31328,5,,,1,94,,31329,5,,,1,94,,31330,5,,,1,94,,31331,5,,,1,54,,31332,5,,,1,94,,31333,5,,,1,94,,31334,5,,,1,93,,31335,5,,,1,94,,31336,5,,,1,94,,31337,5,,,1,94,,31338,5,,,1
10700,'1',445,,32223,5,,,1,64,,32222,5,,,1,24,,32221,5,,,1,24,,32220,5,,,1,58,,32219,5,,,1,16,,32218,5,,,1,21,,32217,5,,,1,51,,32216,5,,,1,14,,32215,5,,,1,19,,32214,5,,,1,16,,32213,5,,,1,52,,32212,5,,,1,19,,32211,5,,,1,16,,32210,5,,,1,15,,32209,5,,,1,83,,32208,5,,,1,82,,32207,5,,,1,82,,32206,5,,,1,42,,32205,5,,,1,83,,32204,5,,,1,82,,32203,5,,,1,42,,32202,5,,,1,58,,32201,5,,,1,18,,32200,5,,,1,18,,32251,5,,,1,59,,32250,5,,,1,19,,32249,5,,,1,18,,32248,5,,,1,18,,32247,5,,,1,61,,32246,5,,,1,16,,32245,5,,,1,18,,32244,5,,,1,58,,32243,5,,,1,20,,32242,5,,,1,16,,32241,5,,,1,58,,32240,5,,,1,15,,32239,5,,,1,18,,32238,5,,,1,80,,32237,5,,,1,41,,32236,5,,,1,80,,32235,5,,,1,80,,32234,5,,,1,34,,32233,5,,,1,74,,32232,5,,,1,74,,32231,5,,,1,34,,32230,5,,,1,74,,32229,5,,,1,34,,32228,5,,,1,74,,32227,5,,,1,34,,32226,5,,,1,73,,32225,5,,,1,34,,32224,5,,,1
10700,'2',620,,32254,5,,,1,38,,32253,5,,,1,77,,32252,5,,,1,77,,32255,5,,,1,37,,32256,5,,,1,77,,32257,5,,,1,77,,32258,5,,,1,37,,32259,5,,,1,77,,32260,5,,,1,37,,32261,5,,,1,76,,32262,5,,,1,77,,32263,5,,,1,37,,32264,5,,,1,77,,32265,5,,,1,37,,32266,5,,,1,77,,32267,5,,,1,77,,32268,5,,,1,37,,32269,5,,,1,77,,32270,5,,,1,77,,32271,5,,,1,37,,32272,5,,,1,77,,32273,5,,,1,37,,32274,5,,,1,77,,32275,5,,,1,77,,32276,5,,,1,37,,32277,5,,,1,77,,32278,5,,,1,37,,32279,5,,,1,77,,32280,5,,,1,77,,32281,5,,,1,37,,32282,5,,,1,77,,32283,5,,,1,77,,32285,5,,,1,37,,32284,5,,,1
10700,'3',811,,32299,5,,,1,37,,32300,5,,,1,77,,32301,5,,,1,77,,32302,5,,,1,37,,32303,5,,,1,77,,32304,5,,,1,37,,32305,5,,,1,77,,32306,5,,,1,77,,32307,5,,,1,37,,32308,5,,,1,77,,32309,5,,,1,37,,32310,5,,,1,77,,32314,5,,,1,77,,32313,5,,,1,37,,32315,5,,,1,77,,32316,5,,,1,77,,32317,5,,,1,37,,32318,5,,,1,77,,32286,5,,,1,37,,32287,5,,,1,77,,32288,5,,,1,77,,32311,5,,,1,37,,32289,5,,,1,77,,32290,5,,,1,37,,32291,5,,,1,77,,32292,5,,,1,77,,32293,5,,,1,37,,32294,5,,,1,77,,32295,5,,,1,77,,32312,5,,,1,37,,32296,5,,,1
10700,'74',620,,32321,5,,,1,38,,32320,5,,,1,77,,32319,5,,,1,77,,32322,5,,,1,37,,32323,5,,,1,77,,32324,5,,,1,77,,32325,5,,,1,37,,32326,5,,,1,77,,32327,5,,,1,37,,32328,5,,,1,76,,32329,5,,,1,77,,32330,5,,,1,37,,32331,5,,,1,77,,32332,5,,,1,37,,32333,5,,,1,77,,32334,5,,,1,77,,32335,5,,,1,37,,32336,5,,,1,77,,32337,5,,,1,77,,32338,5,,,1,37,,32339,5,,,1,77,,32340,5,,,1,37,,32341,5,,,1,77,,32342,5,,,1,77,,32343,5,,,1,37,,32344,5,,,1,77,,32345,5,,,1,37,,32346,5,,,1,77,,32347,5,,,1,77,,32348,5,,,1,37,,32349,5,,,1,77,,32350,5,,,1,77,,32352,5,,,1,37,,32351,5,,,1
10700,'80',811,,32366,5,,,1,37,,32367,5,,,1,77,,32368,5,,,1,77,,32369,5,,,1,37,,32370,5,,,1,77,,32371,5,,,1,37,,32372,5,,,1,77,,32373,5,,,1,77,,32374,5,,,1,37,,32375,5,,,1,77,,32376,5,,,1,37,,32377,5,,,1,77,,32381,5,,,1,77,,32380,5,,,1,37,,32382,5,,,1,77,,32383,5,,,1,77,,32384,5,,,1,37,,32385,5,,,1,77,,32353,5,,,1,37,,32354,5,,,1,77,,32355,5,,,1,77,,32378,5,,,1,37,,32356,5,,,1,77,,32357,5,,,1,37,,32358,5,,,1,77,,32359,5,,,1,77,,32360,5,,,1,37,,32361,5,,,1,77,,32362,5,,,1,77,,32379,5,,,1,37,,32363,5,,,1
1070200,'1',507,,36926,5,,,1,12,,36925,5,,,1,12,,36924,5,,,1,12,,36923,5,,,1,12,,36922,5,,,1,52,,36921,5,,,1,12,,36920,5,,,1,16,,36919,5,,,1,8,,36918,5,,,1,13,,36917,5,,,1,52,,36916,5,,,1,12,,36915,5,,,1,12,,36914,5,,,1,12,,36913,5,,,1,12,,36912,5,,,1,51,,36911,5,,,1,12,,36910,5,,,1,12,,36909,5,,,1,27,,36938,5,,,1,65,,36937,5,,,1,26,,36936,5,,,1,66,,36935,5,,,1,26,,36934,5,,,1,66,,36933,5,,,1,26,,36932,5,,,1,26,,36931,5,,,1,70,,36930,5,,,1,22,,36929,5,,,1,66,,36928,5,,,1,26,,36927,5,,,1,68,,36939,5,,,1,16,,36940,5,,,1,16,,36941,5,,,1,16,,36942,5,,,1,56,,36943,5,,,1,16,,36944,5,,,1,16,,36945,5,,,1,56,,36946,5,,,1,19,,36947,5,,,1,19,,36948,5,,,1,59,,36949,5,,,1,18,,36950,5,,,1,19,,36951,5,,,1,19,,36952,5,,,1,69,,36953,5,,,1,22,,36954,5,,,1
