9600,'1',619,,31260,20,,,1,82,,31259,20,,,1,31,,31258,20,,,1,77,,31257,20,,,1,27,,31256,20,,,1,79,,31253,20,,,1,34,,31254,20,,,1,70,,31255,20,,,1,32,,31268,20,,,1,70,,31267,20,,,1,79,,31261,20,,,1,39,,31262,20,,,1,79,,31263,20,,,1,83,,31264,20,,,1,25,,31265,20,,,1,85,,31266,20,,,1,43,,31274,20,,,1,67,,31273,20,,,1,28,,31272,20,,,1,68,,31269,20,,,1,27,,31270,20,,,1,63,,31271,20,,,1,27,,31277,20,,,1,24,,31278,20,,,1,53,,31288,20,,,1,13,,31276,20,,,1,25,,31275,20,,,1,74,,31285,20,,,1,30,,31284,20,,,1,55,,31287,20,,,1,15,,31279,20,,,1,30,,31280,20,,,1,70,,31281,20,,,1,30,,31282,20,,,1,70,,31283,20,,,1,17,,31286,20,,,1
9600,'2',942,,31289,20,,,1,99,,31290,20,,,1,99,,31291,20,,,1,99,,31292,20,,,1,99,,31293,20,,,1,99,,31294,20,,,1,98,,31295,20,,,1,99,,31296,20,,,1,96,,31297,20,,,1,97,,31298,20,,,1,87,,31299,20,,,1,87,,31300,20,,,1,57,,31301,20,,,1
9600,'3',1035,,31302,20,,,1,94,,31303,20,,,1,94,,31304,20,,,1,94,,31305,20,,,1,94,,31306,20,,,1,94,,31307,20,,,1,54,,31308,20,,,1,94,,31309,20,,,1,93,,31310,20,,,1,94,,31311,20,,,1,94,,31312,20,,,1,93,,31313,20,,,1
9600,'74',942,,31314,20,,,1,99,,31315,20,,,1,99,,31316,20,,,1,99,,31317,20,,,1,99,,31318,20,,,1,99,,31319,20,,,1,98,,31320,20,,,1,99,,31321,20,,,1,96,,31322,20,,,1,97,,31323,20,,,1,87,,31324,20,,,1,87,,31325,20,,,1,57,,31326,20,,,1
9600,'80',1035,,31327,20,,,1,94,,31328,20,,,1,94,,31329,20,,,1,94,,31330,20,,,1,94,,31331,20,,,1,94,,31332,20,,,1,54,,31333,20,,,1,94,,31334,20,,,1,93,,31335,20,,,1,94,,31336,20,,,1,94,,31337,20,,,1,93,,31338,20,,,1
10700,'1',457,,32223,20,,,1,64,,32222,20,,,1,24,,32221,20,,,1,64,,32220,20,,,1,21,,32219,20,,,1,16,,32218,20,,,1,61,,32217,20,,,1,11,,32216,20,,,1,16,,32215,20,,,1,19,,32214,20,,,1,56,,32213,20,,,1,12,,32212,20,,,1,15,,32211,20,,,1,16,,32210,20,,,1,55,,32209,20,,,1,42,,32208,20,,,1,82,,32207,20,,,1,82,,32206,20,,,1,42,,32205,20,,,1,85,,32204,20,,,1,81,,32203,20,,,1,82,,32202,20,,,1,21,,32201,20,,,1,18,,32200,20,,,1,58,,32251,20,,,1,19,,32250,20,,,1,20,,32249,20,,,1,18,,32248,20,,,1,58,,32247,20,,,1,23,,32246,20,,,1,16,,32245,20,,,1,58,,32244,20,,,1,17,,32243,20,,,1,20,,32242,20,,,1,56,,32241,20,,,1,18,,32240,20,,,1,13,,32239,20,,,1,18,,32238,20,,,1,78,,32237,20,,,1,81,,32236,20,,,1,38,,32235,20,,,1,80,,32234,20,,,1,74,,32233,20,,,1,34,,32232,20,,,1,74,,32231,20,,,1,34,,32230,20,,,1,74,,32229,20,,,1,34,,32228,20,,,1,74,,32227,20,,,1,74,,32226,20,,,1,31,,32225,20,,,1,74,,32224,20,,,1
10700,'2',632,,32254,20,,,1,78,,32253,20,,,1,37,,32252,20,,,1,77,,32255,20,,,1,77,,32256,20,,,1,37,,32257,20,,,1,77,,32258,20,,,1,37,,32259,20,,,1,77,,32260,20,,,1,77,,32261,20,,,1,36,,32262,20,,,1,77,,32263,20,,,1,37,,32264,20,,,1,77,,32265,20,,,1,77,,32266,20,,,1,37,,32267,20,,,1,76,,32268,20,,,1,77,,32269,20,,,1,37,,32270,20,,,1,77,,32271,20,,,1,37,,32272,20,,,1,77,,32273,20,,,1,77,,32274,20,,,1,37,,32275,20,,,1,77,,32276,20,,,1,37,,32277,20,,,1,77,,32278,20,,,1,77,,32279,20,,,1,37,,32280,20,,,1,77,,32281,20,,,1,77,,32282,20,,,1,36,,32283,20,,,1,77,,32285,20,,,1,37,,32284,20,,,1
10700,'3',822,,32299,20,,,1,37,,32300,20,,,1,77,,32301,20,,,1,77,,32302,20,,,1,37,,32303,20,,,1,77,,32304,20,,,1,77,,32305,20,,,1,37,,32306,20,,,1,77,,32307,20,,,1,37,,32308,20,,,1,76,,32309,20,,,1,77,,32310,20,,,1,37,,32314,20,,,1,77,,32313,20,,,1,37,,32315,20,,,1,77,,32316,20,,,1,77,,32317,20,,,1,37,,32318,20,,,1,77,,32286,20,,,1,77,,32287,20,,,1,37,,32288,20,,,1,77,,32311,20,,,1,37,,32289,20,,,1,77,,32290,20,,,1,77,,32291,20,,,1,37,,32292,20,,,1,77,,32293,20,,,1,77,,32294,20,,,1,37,,32295,20,,,1,77,,32312,20,,,1,37,,32296,20,,,1
10700,'74',632,,32321,20,,,1,78,,32320,20,,,1,37,,32319,20,,,1,77,,32322,20,,,1,77,,32323,20,,,1,37,,32324,20,,,1,77,,32325,20,,,1,37,,32326,20,,,1,77,,32327,20,,,1,77,,32328,20,,,1,36,,32329,20,,,1,77,,32330,20,,,1,37,,32331,20,,,1,77,,32332,20,,,1,77,,32333,20,,,1,37,,32334,20,,,1,76,,32335,20,,,1,77,,32336,20,,,1,37,,32337,20,,,1,77,,32338,20,,,1,37,,32339,20,,,1,77,,32340,20,,,1,77,,32341,20,,,1,37,,32342,20,,,1,77,,32343,20,,,1,37,,32344,20,,,1,77,,32345,20,,,1,77,,32346,20,,,1,37,,32347,20,,,1,77,,32348,20,,,1,77,,32349,20,,,1,36,,32350,20,,,1,77,,32352,20,,,1,37,,32351,20,,,1
10700,'80',822,,32366,20,,,1,37,,32367,20,,,1,77,,32368,20,,,1,77,,32369,20,,,1,37,,32370,20,,,1,77,,32371,20,,,1,77,,32372,20,,,1,37,,32373,20,,,1,77,,32374,20,,,1,37,,32375,20,,,1,76,,32376,20,,,1,77,,32377,20,,,1,37,,32381,20,,,1,77,,32380,20,,,1,37,,32382,20,,,1,77,,32383,20,,,1,77,,32384,20,,,1,37,,32385,20,,,1,77,,32353,20,,,1,77,,32354,20,,,1,37,,32355,20,,,1,77,,32378,20,,,1,37,,32356,20,,,1,77,,32357,20,,,1,77,,32358,20,,,1,37,,32359,20,,,1,77,,32360,20,,,1,77,,32361,20,,,1,37,,32362,20,,,1,77,,32379,20,,,1,37,,32363,20,,,1
