1600,'1',534,,26443,1,,,1,22,,26444,1,,,1,62,,26445,1,,,1,22,,26446,1,,,1,62,,26447,1,,,1,22,,26448,1,,,1,18,,26449,1,,,1,66,,26450,1,,,1,22,,26451,1,,,1,22,,26452,1,,,1,71,,26453,1,,,1,31,,26454,1,,,1,75,,26455,1,,,1,27,,26456,1,,,1,71,,26457,1,,,1,31,,26458,1,,,1,71,,26459,1,,,1,71,,26460,1,,,1,31,,26461,1,,,1,75,,26462,1,,,1,19,,26463,1,,,1,23,,26464,1,,,1,63,,26465,1,,,1,23,,26466,1,,,1,23,,26467,1,,,1,63,,26468,1,,,1,23,,26469,1,,,1,63,,26470,1,,,1,23,,26471,1,,,1,23,,26472,1,,,1,63,,26473,1,,,1,23,,26474,1,,,1,63,,26475,1,,,1,23,,26476,1,,,1,23,,26477,1,,,1,63,,26478,1,,,1,23,,26479,1,,,1,74,,26480,1,,,1,34,,26481,1,,,1,74,,26482,1,,,1,34,,26483,1,,,1,74,,26484,1,,,1,34,,26488,1,,,1
1600,'2',643,,26489,1,,,1,78,,26490,1,,,1,38,,26491,1,,,1,78,,26492,1,,,1,78,,26493,1,,,1,38,,26494,1,,,1,78,,26495,1,,,1,78,,26496,1,,,1,38,,26497,1,,,1,78,,26498,1,,,1,81,,26499,1,,,1,41,,26500,1,,,1,81,,26501,1,,,1,81,,26502,1,,,1,41,,26503,1,,,1,81,,26504,1,,,1,81,,26505,1,,,1,41,,26506,1,,,1,81,,26507,1,,,1,76,,26508,1,,,1,36,,26509,1,,,1,79,,26510,1,,,1,33,,26511,1,,,1,76,,26512,1,,,1,77,,26513,1,,,1,35,,26515,1,,,1,76,,26516,1,,,1
1600,'3',836,,26517,1,,,1,95,,26518,1,,,1,95,,26519,1,,,1,95,,26520,1,,,1,95,,26521,1,,,1,99,,26526,1,,,1,98,,26522,1,,,1,98,,26523,1,,,1,98,,26524,1,,,1,92,,26525,1,,,1,57,,26531,1,,,1,92,,26527,1,,,1,92,,26528,1,,,1,92,,26529,1,,,1,92,,26530,1,,,1
1600,'74',643,,26534,1,,,1,78,,26535,1,,,1,38,,26536,1,,,1,78,,26537,1,,,1,78,,26538,1,,,1,38,,26539,1,,,1,78,,26540,1,,,1,78,,26541,1,,,1,38,,26542,1,,,1,78,,26543,1,,,1,81,,26544,1,,,1,41,,26545,1,,,1,81,,26546,1,,,1,81,,26547,1,,,1,41,,26548,1,,,1,81,,26549,1,,,1,81,,26550,1,,,1,41,,26551,1,,,1,81,,26552,1,,,1,76,,26553,1,,,1,36,,26554,1,,,1,79,,26555,1,,,1,33,,26556,1,,,1,76,,26558,1,,,1,77,,26559,1,,,1,35,,26560,1,,,1,76,,26561,1,,,1
1600,'80',836,,26562,1,,,1,95,,26563,1,,,1,95,,26564,1,,,1,95,,26565,1,,,1,95,,26566,1,,,1,99,,26571,1,,,1,98,,26567,1,,,1,98,,26568,1,,,1,98,,26569,1,,,1,92,,26570,1,,,1,57,,26576,1,,,1,92,,26572,1,,,1,92,,26573,1,,,1,92,,26574,1,,,1,92,,26575,1,,,1
1601,'1',531,,26620,26,4,,1,22,,26621,26,4,,1,62,,26622,26,4,,1,22,,26623,26,4,,1,4,,26588,67,4,,1,68,,26587,67,4,,1,22,,26579,67,4,,1,22,,26580,67,4,,1,70,,26581,67,4,,1,22,,26582,67,4,,1,62,,26583,67,4,,1,22,,26584,67,4,,1,7,,26585,67,4,,1,66,,26586,67,4,,1,21,,26599,67,4,,1,24,,26598,67,4,,1,68,,26589,67,4,,1,33,,26590,67,4,,1,71,,26591,67,4,,1,29,,26592,67,4,,1,71,,26593,67,4,,1,31,,26594,67,4,,1,69,,26595,67,4,,1,26,,26624,26,4,,1,12,,26596,67,4,,1,71,,26597,67,4,,1,21,,26616,67,4,,1,63,,26615,67,4,,1,23,,26600,67,4,,1,17,,26601,67,4,,1,69,,26602,67,4,,1,24,,26603,67,4,,1,63,,26604,67,4,,1,23,,26605,67,4,,1,20,,26606,67,4,,1,63,,26607,67,4,,1,13,,26608,67,4,,1,23,,26609,67,4,,1,63,,26610,67,4,,1,23,,26611,67,4,,1,23,,26612,67,4,,1,63,,26613,67,4,,1,19,,26614,67,4,,1,68,,26619,67,4,,1,34,,26617,67,4,,1,70,,26618,67,4,,1,34,,26625,67,4,,1
1601,'2',638,,26652,26,4,,1,78,,26653,26,4,,1,30,,26635,67,4,,1,81,,26626,67,4,,1,78,,26627,67,4,,1,41,,26628,67,4,,1,78,,26629,67,4,,1,78,,26630,67,4,,1,38,,26631,67,4,,1,79,,26632,67,4,,1,38,,26633,67,4,,1,78,,26634,67,4,,1,84,,26644,67,4,,1,83,,26636,67,4,,1,41,,26637,67,4,,1,81,,26638,67,4,,1,77,,26639,67,4,,1,41,,26640,67,4,,1,81,,26641,67,4,,1,81,,26642,67,4,,1,37,,26643,67,4,,1,79,,26651,67,4,,1,32,,26645,67,4,,1,76,,26646,67,4,,1,78,,26647,67,4,,1,31,,26648,67,4,,1,76,,26649,67,4,,1,33,,26650,67,4,,1
1601,'3',828,,26654,67,4,,1,95,,26655,67,4,,1,97,,26656,67,4,,1,95,,26657,67,4,,1,95,,26658,67,4,,1,95,,26659,67,4,,1,102,,26660,67,4,,1,93,,26661,67,4,,1,58,,26662,67,4,,1,98,,26663,67,4,,1,97,,26664,67,4,,1,92,,26665,67,4,,1,89,,26666,67,4,,1,92,,26667,67,4,,1,92,,26668,67,4,,1,89,,26669,67,4,,1
1601,'74',638,,26696,26,4,,1,78,,26697,26,4,,1,30,,26679,67,4,,1,81,,26670,67,4,,1,78,,26671,67,4,,1,41,,26672,67,4,,1,78,,26673,67,4,,1,78,,26674,67,4,,1,38,,26675,67,4,,1,79,,26676,67,4,,1,38,,26677,67,4,,1,78,,26678,67,4,,1,84,,26688,67,4,,1,83,,26680,67,4,,1,41,,26681,67,4,,1,81,,26682,67,4,,1,77,,26683,67,4,,1,41,,26684,67,4,,1,81,,26685,67,4,,1,81,,26686,67,4,,1,37,,26687,67,4,,1,79,,26695,67,4,,1,32,,26689,67,4,,1,76,,26690,67,4,,1,78,,26691,67,4,,1,31,,26692,67,4,,1,76,,26693,67,4,,1,33,,26694,67,4,,1
1601,'80',828,,26698,67,4,,1,95,,26699,67,4,,1,97,,26700,67,4,,1,95,,26701,67,4,,1,95,,26702,67,4,,1,95,,26703,67,4,,1,102,,26704,67,4,,1,93,,26705,67,4,,1,58,,26706,67,4,,1,98,,26707,67,4,,1,97,,26708,67,4,,1,92,,26709,67,4,,1,89,,26710,67,4,,1,92,,26711,67,4,,1,92,,26712,67,4,,1,89,,26713,67,4,,1
