100,'1',417,,23457,40,,,1,38,,23456,40,,,1,71,,23455,40,,,1,82,,23483,55,,,1,38,,23482,55,,,1,83,,23480,55,,,1,79,,23481,55,,,1,32,,23479,55,,,1,75,,23478,55,,,1,35,,23477,55,,,1,107,,23476,55,,,1,153,,23475,55,,,1,112,,23474,55,,,1,116,,23473,55,,,1,87,,23484,55,,,1,84,,23472,55,,,1,31,,23471,55,,,1,77,,23470,55,,,1,31,,23469,55,,,1,74,,23468,55,,,1,34,,23467,55,,,1,65,,23466,55,,,1,23,,23465,55,,,1,97,,23464,55,,,1,102,,23463,55,,,1,100,,23462,55,,,1,91,,23461,55,,,1,95,,23460,55,,,1,89,,23459,55,,,1,95,,23458,55,,,1
100,'74',616,,23507,40,,,1,96,,23485,55,,,1,103,,23486,55,,,1,107,,23487,55,,,1,103,,23488,55,,,1,112,,23489,55,,,1,95,,23490,55,,,1,87,,23491,55,,,1,103,,23492,55,,,1,92,,23493,55,,,1,92,,23494,55,,,1,52,,23495,55,,,1,86,,23496,55,,,1,92,,23497,55,,,1,91,,23498,55,,,1,81,,23499,55,,,1,92,,23500,55,,,1,50,,23501,55,,,1,97,,23502,55,,,1,97,,23503,55,,,1,94,,23504,55,,,1,92,,23505,55,,,1,96,,23506,55,,,1
100,'80',806,,23523,40,,,1,51,,23508,55,,,1,159,,23509,55,,,1,115,,23510,55,,,1,115,,23511,55,,,1,155,,23512,55,,,1,112,,23513,55,,,1,107,,23514,55,,,1,112,,23515,55,,,1,110,,23516,55,,,1,108,,23517,55,,,1,95,,23518,55,,,1,99,,23519,55,,,1,99,,23520,55,,,1,94,,23521,55,,,1,99,,23522,55,,,1
100,'35296.2',616,,23546,40,,,1,96,,23524,55,,,1,103,,23525,55,,,1,107,,23526,55,,,1,103,,23527,55,,,1,112,,23528,55,,,1,95,,23529,55,,,1,87,,23530,55,,,1,103,,23531,55,,,1,92,,23532,55,,,1,92,,23533,55,,,1,52,,23534,55,,,1,86,,23535,55,,,1,92,,23536,55,,,1,91,,23537,55,,,1,81,,23538,55,,,1,92,,23539,55,,,1,50,,23540,55,,,1,97,,23541,55,,,1,97,,23542,55,,,1,94,,23543,55,,,1,92,,23544,55,,,1,96,,23545,55,,,1
100,'35296.3',806,,23562,40,,,1,51,,23547,55,,,1,159,,23548,55,,,1,115,,23549,55,,,1,115,,23550,55,,,1,155,,23551,55,,,1,112,,23552,55,,,1,107,,23553,55,,,1,112,,23554,55,,,1,110,,23555,55,,,1,108,,23556,55,,,1,95,,23557,55,,,1,99,,23558,55,,,1,99,,23559,55,,,1,94,,23560,55,,,1,99,,23561,55,,,1
100,'35298.2',616,,23615,40,,,1,96,,23614,55,,,1,37,,23563,55,,,1,57,,23564,55,,,1,21,,23565,55,,,1,17,,23566,55,,,1,57,,23567,55,,,1,17,,23568,55,,,1,17,,23569,55,,,1,17,,23570,55,,,1,57,,23571,55,,,1,17,,23572,55,,,1,17,,23573,55,,,1,66,,23574,55,,,1,17,,23575,55,,,1,17,,23576,55,,,1,57,,23577,55,,,1,20,,23578,55,,,1,17,,23579,55,,,1,17,,23580,55,,,1,57,,23581,55,,,1,23,,23582,55,,,1,17,,23583,55,,,1,57,,23584,55,,,1,17,,23585,55,,,1,17,,23586,55,,,1,17,,23587,55,,,1,57,,23588,55,,,1,17,,23589,55,,,1,17,,23590,55,,,1,57,,23591,55,,,1,17,,23592,55,,,1,17,,23593,55,,,1,17,,23594,55,,,1,51,,23595,55,,,1,17,,23596,55,,,1,17,,23597,55,,,1,57,,23598,55,,,1,17,,23599,55,,,1,17,,23600,55,,,1,17,,23601,55,,,1,56,,23602,55,,,1,17,,23603,55,,,1,17,,23604,55,,,1,17,,23605,55,,,1,50,,23606,55,,,1,92,,23607,55,,,1,50,,23608,55,,,1,97,,23609,55,,,1,97,,23610,55,,,1,94,,23611,55,,,1,92,,23612,55,,,1,96,,23613,55,,,1
100,'35298.3',747,,23616,55,,,1,57,,23617,55,,,1,17,,23618,55,,,1,17,,23619,55,,,1,17,,23620,55,,,1,57,,23621,55,,,1,17,,23622,55,,,1,24,,23623,55,,,1,57,,23624,55,,,1,17,,23625,55,,,1,17,,23626,55,,,1,60,,23627,55,,,1,17,,23628,55,,,1,17,,23629,55,,,1,17,,23630,55,,,1,60,,23631,55,,,1,17,,23632,55,,,1,17,,23633,55,,,1,57,,23634,55,,,1,17,,23635,55,,,1,20,,23636,55,,,1,57,,23637,55,,,1,17,,23638,55,,,1,17,,23639,55,,,1,17,,23640,55,,,1,57,,23641,55,,,1,17,,23642,55,,,1,17,,23643,55,,,1,17,,23644,55,,,1,52,,23645,55,,,1,17,,23646,55,,,1,17,,23647,55,,,1,57,,23648,55,,,1,17,,23649,55,,,1,17,,23650,55,,,1,17,,23651,55,,,1,57,,23652,55,,,1,17,,23653,55,,,1,15,,23654,55,,,1,17,,23655,55,,,1,57,,23656,55,,,1,17,,23657,55,,,1,13,,23658,55,,,1,99,,23659,55,,,1,99,,23660,55,,,1,99,,23661,55,,,1,94,,23662,55,,,1,99,,23663,55,,,1
201,'2',801,,24035,6,,,1,40,,24036,6,,,1,81,,24037,6,,,1,80,,24038,6,,,1,40,,24039,6,,,1,81,,24040,6,,,1,80,,24041,6,,,1,40,,24042,6,,,1,80,,24043,6,,,1,80,,24044,6,,,1,39,,24045,6,,,1,80,,24046,6,,,1,80,,24047,6,,,1,40,,24048,6,,,1,80,,24049,6,,,1,80,,24050,6,,,1,40,,24051,6,,,1,80,,24052,6,,,1,80,,24053,6,,,1,40,,24054,6,,,1,80,,24055,6,,,1,33,,24056,6,,,1,73,,24057,6,,,1,73,,24058,6,,,1,32,,24059,6,,,1,73,,24060,6,,,1
201,'3',852,,24071,6,,,1,152,,24061,6,,,1,117,,24062,6,,,1,117,,24063,6,,,1,117,,24064,6,,,1,158,,24065,6,,,1,117,,24066,6,,,1,117,,24067,6,,,1,157,,24068,6,,,1,113,,24069,6,,,1,115,,24070,6,,,1,105,,24072,6,,,1,108,,24073,6,,,1
201,'74',801,,24074,6,,,1,40,,24075,6,,,1,81,,24076,6,,,1,80,,24077,6,,,1,40,,24078,6,,,1,81,,24079,6,,,1,80,,24080,6,,,1,40,,24081,6,,,1,80,,24082,6,,,1,80,,24083,6,,,1,39,,24084,6,,,1,80,,24085,6,,,1,80,,24086,6,,,1,40,,24087,6,,,1,80,,24088,6,,,1,80,,24089,6,,,1,40,,24090,6,,,1,80,,24091,6,,,1,80,,24092,6,,,1,40,,24093,6,,,1,80,,24094,6,,,1,33,,24095,6,,,1,73,,24096,6,,,1,73,,24097,6,,,1,32,,24098,6,,,1,73,,24099,6,,,1
201,'80',852,,24110,6,,,1,152,,24100,6,,,1,117,,24101,6,,,1,117,,24102,6,,,1,117,,24103,6,,,1,158,,24104,6,,,1,117,,24105,6,,,1,117,,24106,6,,,1,157,,24107,6,,,1,113,,24108,6,,,1,115,,24109,6,,,1,105,,24111,6,,,1,108,,24112,6,,,1
1400,'1',545,,26392,54,,,1,67,,26391,54,,,1,29,,26390,54,,,1,73,,26388,54,,,1,30,,26389,54,,,1,72,,26414,54,,,1,22,,26413,54,,,1,77,,26412,54,,,1,28,,26411,51,,,1,74,,26410,51,,,1,34,,26404,51,,,1,75,,26394,51,,,1,74,,26409,51,,,1,33,,26408,51,,,1,73,,26407,51,,,1,33,,26406,51,,,1,73,,26405,51,,,1,38,,26403,54,,,1,72,,26402,54,,,1,36,,26401,54,,,1,71,,26400,54,,,1,77,,26399,54,,,1,32,,26398,54,,,1,75,,26397,54,,,1,35,,26396,54,,,1,66,,26395,54,,,1,27,,26393,51,,,1,76,,26415,51,,,1,41,,26416,51,,,1
30500,'1',559,,33001,2,,,1,65,,33000,2,,,1,25,,32999,2,,,1,67,,32996,2,,,1,23,,32998,2,,,1,65,,32997,2,,,1
30501,'1',1626,,33008,3,,,1,25,,33007,3,,,1,68,,33006,3,,,1,26,,33005,3,,,1,61,,33004,3,,,1,25,,33003,3,,,1,25,,33002,3,,,1
