9800,'1',612,,31445,13,,,1,35,,31444,13,,,1,73,,31443,13,,,1,35,,31442,13,,,1,75,,31441,13,,,1,75,,31440,13,,,1,98,,31436,13,,,1,98,,31433,13,,,1,54,,31438,13,,,1,98,,31437,13,,,1,80,,31425,13,,,1,77,,31435,13,,,1,40,,31434,13,,,1,80,,31432,13,,,1,80,,31431,13,,,1,40,,31430,13,,,1,86,,31429,13,,,1,80,,31428,13,,,1,95,,31427,13,,,1,91,,31426,13,,,1,50,,31439,13,,,1
9800,'2',612,,31463,13,,,1,46,,31462,13,,,1,84,,31461,13,,,1,94,,31460,13,,,1,92,,31459,13,,,1,90,,31458,13,,,1,94,,31457,13,,,1,98,,31456,13,,,1,98,,31455,13,,,1,96,,31454,13,,,1,98,,31453,13,,,1,98,,31452,13,,,1,101,,31451,13,,,1,102,,31450,13,,,1,49,,31449,13,,,1,93,,31448,13,,,1,89,,31447,13,,,1,85,,31446,13,,,1
9800,'3',757,,31479,13,,,1,88,,31478,13,,,1,88,,31477,13,,,1,91,,31476,13,,,1,93,,31475,13,,,1,89,,31474,13,,,1,53,,31473,13,,,1,93,,31472,13,,,1,93,,31471,13,,,1,93,,31470,13,,,1,93,,31469,13,,,1,98,,31468,13,,,1,88,,31467,13,,,1,91,,31466,13,,,1,47,,31465,13,,,1,88,,31464,13,,,1
9800,'74',612,,31497,13,,,1,46,,31496,13,,,1,84,,31495,13,,,1,94,,31494,13,,,1,92,,31493,13,,,1,90,,31492,13,,,1,94,,31491,13,,,1,98,,31490,13,,,1,98,,31489,13,,,1,96,,31488,13,,,1,98,,31487,13,,,1,98,,31486,13,,,1,101,,31485,13,,,1,102,,31484,13,,,1,49,,31483,13,,,1,93,,31482,13,,,1,89,,31481,13,,,1,85,,31480,13,,,1
9800,'80',757,,31513,13,,,1,88,,31512,13,,,1,88,,31511,13,,,1,91,,31510,13,,,1,93,,31509,13,,,1,89,,31508,13,,,1,53,,31507,13,,,1,93,,31506,13,,,1,93,,31505,13,,,1,93,,31504,13,,,1,93,,31503,13,,,1,98,,31502,13,,,1,88,,31501,13,,,1,91,,31500,13,,,1,47,,31499,13,,,1,88,,31498,13,,,1
910200,'1',1601,,36812,35,,,1,43,,36820,35,,,1,85,,36816,35,,,1,85,,36817,35,,,1,43,,36818,35,,,1
989900,'1',2117,,36830,56,,,1,34,,36831,56,,,1,78,,36832,56,,,1,78,,36833,56,,,1,35,,36834,56,,,1,71,,36835,56,,,1,35,,36836,56,,,1,75,,36837,56,,,1,36,,36838,56,0,5 6,1,75,,36839,56,0,5 6,1,79,,36840,56,0,5 6,1
989900,'2',2121,,36841,56,,,1,94,,36842,56,,,1,86,,36843,56,,,1,52,,36844,56,,,1,86,,36845,56,,,1,86,,36846,56,,,1,84,,36847,56,0,5 6,1,46,,36848,56,0,5 6,1,86,,36849,56,0,5 6,1
989900,'3',2137,,36850,56,,,1,90,,36851,56,,,1,85,,36852,56,,,1,90,,36853,56,,,1,40,,36854,56,,,1,83,,36855,56,,,1,79,,36856,56,0,5 6,1,43,,36857,56,0,5 6,1,83,,36858,56,0,5 6,1
989900,'74',2121,,36859,56,,,1,94,,36860,56,,,1,86,,36861,56,,,1,52,,36862,56,,,1,86,,36863,56,,,1,86,,36864,56,,,1,84,,36865,56,0,5 6,1,46,,36866,56,0,5 6,1,86,,36867,56,0,5 6,1
989900,'80',2137,,36868,56,,,1,90,,36869,56,,,1,85,,36870,56,,,1,90,,36871,56,,,1,40,,36872,56,,,1,83,,36873,56,,,1,79,,36874,56,0,5 6,1,43,,36875,56,0,5 6,1,83,,36876,56,0,5 6,1
