8601,'1',611,,17519,38,,,1,33,,17518,38,,,1,68,,17515,38,,,1,27,,17516,38,,,1,76,,17517,41,,,1,41,,17520,37,,,1,74,,17523,37,,,1,102,,17522,37,,,1,86,,17521,37,,,1,94,,17524,37,,,1,93,,17525,37,,,1,42,,17526,37,,,1,102,,17527,41,,,1,88,,17528,37,,,1,71,,17538,37,,,1,29,,17529,37,,,1,89,,17530,37,,,1,26,,17531,38,,,1,65,,17533,38,,,1,32,,17532,38,,,1,68,,17534,37,,,1,33,,17535,38,,,1,80,,17536,37,,,1,81,,17537,37,,,1
8601,'2',808,,17539,37,,,1,46,,17540,37,,,1,88,,17541,37,,,1,86,,17542,37,,,1,86,,17543,37,,,1,86,,17544,37,,,1,45,,17545,37,,,1,86,,17546,37,,,1,86,,17547,37,,,1,87,,17548,37,,,1,46,,17549,37,,,1,86,,17550,37,,,1,86,,17551,37,,,1,82,,17552,37,,,1,46,,17553,37,,,1,86,,17554,37,,,1
9901,'1',408,,18903,16,,,1,41,,18904,16,,,1,80,,18905,16,,,1,81,,18906,16,,,1,37,,18907,16,,,1,75,,18908,16,,,1,29,,18909,16,,,1,83,,18910,16,,,1,75,,18911,16,,,1,35,,18912,16,,,1,94,,18913,16,,,1,98,,18914,16,,,1,94,,18915,16,,,1,94,,18916,16,,,1,100,,18917,16,,,1,25,,18918,16,,,1,70,,18919,16,,,1,30,,18920,16,,,1,70,,18921,16,,,1,30,,18922,16,,,1,70,,18923,16,,,1,30,,18924,16,,,1,69,,18925,16,,,1,30,,18926,16,,,1,66,,18927,16,,,1,30,,18928,16,,,1,70,,18929,16,,,1,25,,18930,16,,,1,73,,18931,16,,,1,45,,18932,16,,,1
9901,'2',530,,18933,16,,,1,77,,18934,16,,,1,37,,18935,16,,,1,77,,18936,16,,,1,87,,18937,16,,,1,50,,18938,16,,,1,87,,18939,16,,,1,87,,18940,16,,,1,101,,18941,16,,,1,97,,18942,16,,,1,95,,18943,16,,,1,95,,18944,16,,,1,95,,18945,16,,,1,95,,18946,16,,,1,92,,18947,16,,,1,54,,18948,16,,,1,95,,18949,16,,,1,92,,18950,16,,,1,85,,18951,16,,,1,85,,18952,16,,,1
9901,'3',534,,18953,16,,,1,80,,18954,16,,,1,38,,18955,16,,,1,78,,18956,16,,,1,78,,18957,16,,,1,92,,18958,16,,,1,49,,18959,16,,,1,89,,18960,16,,,1,89,,18961,16,,,1,91,,18962,16,,,1,89,,18963,16,,,1,49,,18964,16,,,1,89,,18965,16,,,1,89,,18966,16,,,1,89,,18967,16,,,1,89,,18968,16,,,1,46,,18969,16,,,1,89,,18970,16,,,1,89,,18971,16,,,1,87,,18972,16,,,1,89,,18973,16,,,1,39,,18974,16,,,1
9901,'80',534,,18975,16,,,1,80,,18976,16,,,1,38,,18977,16,,,1,78,,18978,16,,,1,78,,18979,16,,,1,92,,18980,16,,,1,49,,18981,16,,,1,89,,18982,16,,,1,89,,18983,16,,,1,91,,18984,16,,,1,89,,18985,16,,,1,49,,18986,16,,,1,89,,18987,16,,,1,89,,18988,16,,,1,89,,18989,16,,,1,89,,18990,16,,,1,46,,18991,16,,,1,89,,18992,16,,,1,89,,18993,16,,,1,87,,18994,16,,,1,89,,18995,16,,,1,39,,18996,16,,,1
989901,'1',2233,,22691,71,,,1,70,,22692,71,,,1,38,,22693,71,,,1,75,,22694,71,,,1,35,,22695,71,,,1,71,,22696,71,,,1,35,,22697,71,,,1,75,,22698,71,,,1
989901,'2',2240,,22699,71,,,1,88,,22700,71,,,1,82,,22701,71,,,1,91,,22704,71,,,1,45,,22702,71,,,1,86,,22703,71,,,1
989901,'3',2250,,22705,71,,,1,87,,22706,71,,,1,83,,22707,71,,,1,88,,22708,71,,,1,39,,22709,71,,,1,83,,22710,71,,,1
989901,'80',2250,,22711,71,,,1,87,,22712,71,,,1,83,,22713,71,,,1,88,,22714,71,,,1,39,,22715,71,,,1,83,,22716,71,,,1
