8500,'1',647,,29617,65,4,,1,56,,29618,65,4,,1,16,,29619,65,4,,1,16,,29620,65,4,,1,16,,29621,65,4,,1,60,,29622,65,4,,1,16,,29623,65,4,,1,16,,29624,65,4,,1,16,,29625,65,4,,1,56,,29626,65,4,,1,16,,29627,65,4,,1,10,,29628,64,4,,1,16,,29629,64,4,,1,65,,29630,64,4,,1,25,,29631,64,4,,1,58,,29632,64,4,,1,25,,29633,64,4,,1,25,,29634,64,4,,1,65,,29635,64,4,,1,25,,29636,64,4,,1,67,,29637,64,4,,1,25,,29638,64,4,,1,67,,29639,64,4,,1,25,,29640,64,4,,1,20,,29641,64,4,,1,56,,29668,50,4,,1,18,,29642,50,4,,1,20,,29643,50,4,,1,16,,29644,50,4,,1,57,,29645,50,4,,1,16,,29646,50,4,,1,25,,29647,51,4,,1,53,,29648,51,4,,1,16,,29649,51,4,,1,16,,29650,51,4,,1,59,,29651,51,4,,1,16,,29652,51,4,,1,16,,29653,51,4,,1,16,,29654,51,4,,1,10,,29655,51,4,,1,56,,29656,51,4,,1,16,,29657,51,4,,1,16,,29658,51,4,,1,56,,29659,51,4,,1,12,,29660,50,4,,1,25,,29661,50,4,,1,64,,29662,50,4,,1,25,,29663,50,4,,1,73,,29664,50,4,,1,32,,29665,50,4,,1,71,,29666,50,4,,1,32,,29667,50,4,,1
8500,'2',721,,29697,64,4,,1,32,,29698,64,4,,1,70,,29699,64,4,,1,28,,29700,64,4,,1,74,,29701,64,4,,1,30,,29702,64,4,,1,70,,29703,64,4,,1,34,,29704,64,4,,1,70,,29705,64,4,,1,71,,29669,64,4,,1,22,,29670,64,4,,1,25,,29671,64,4,,1,63,,29672,64,4,,1,23,,29673,64,4,,1,23,,29674,64,4,,1,63,,29675,64,4,,1,23,,29676,64,4,,1,63,,29677,64,4,,1,23,,29678,64,4,,1,23,,29679,64,4,,1,63,,29680,64,4,,1,23,,29681,64,4,,1,63,,29682,64,4,,1,23,,29683,64,4,,1,21,,29684,64,4,,1,61,,29685,64,4,,1,17,,29686,64,4,,1,21,,29687,64,4,,1,61,,29688,64,4,,1,21,,29689,64,4,,1,21,,29690,64,4,,1,61,,29691,64,4,,1,18,,29692,64,4,,1,21,,29693,64,4,,1,61,,29694,64,4,,1,21,,29695,64,4,,1,21,,29696,64,4,,1,70,,29706,64,4,,1,30,,29707,64,4,,1,70,,29708,64,4,,1
8500,'3',857,,29726,36,4,,1,80,,29727,36,4,,1,79,,29709,64,4,,1,40,,29710,64,4,,1,81,,29711,64,4,,1,80,,29712,64,4,,1,91,,29713,64,4,,1,43,,29714,64,4,,1,83,,29715,64,4,,1,83,,29716,64,4,,1,42,,29717,64,4,,1,83,,29718,64,4,,1,84,,29719,64,4,,1,74,,29720,64,4,,1,41,,29721,64,4,,1,85,,29722,64,4,,1,77,,29723,64,4,,1,41,,29724,64,4,,1,81,,29725,64,4,,1
8500,'74',721,,29756,64,4,,1,32,,29757,64,4,,1,70,,29758,64,4,,1,28,,29759,64,4,,1,74,,29760,64,4,,1,30,,29761,64,4,,1,70,,29762,64,4,,1,34,,29763,64,4,,1,70,,29764,64,4,,1,71,,29728,64,4,,1,22,,29729,64,4,,1,25,,29730,64,4,,1,63,,29731,64,4,,1,23,,29732,64,4,,1,23,,29733,64,4,,1,63,,29734,64,4,,1,23,,29735,64,4,,1,63,,29736,64,4,,1,23,,29737,64,4,,1,23,,29738,64,4,,1,63,,29739,64,4,,1,23,,29740,64,4,,1,63,,29741,64,4,,1,23,,29742,64,4,,1,21,,29743,64,4,,1,61,,29744,64,4,,1,17,,29745,64,4,,1,21,,29746,64,4,,1,61,,29747,64,4,,1,21,,29748,64,4,,1,21,,29749,64,4,,1,61,,29750,64,4,,1,18,,29751,64,4,,1,21,,29752,64,4,,1,61,,29753,64,4,,1,21,,29754,64,4,,1,21,,29755,64,4,,1,70,,29765,64,4,,1,30,,29766,64,4,,1,70,,29767,64,4,,1
8500,'80',857,,29785,36,4,,1,80,,29786,36,4,,1,79,,29768,64,4,,1,40,,29769,64,4,,1,81,,29770,64,4,,1,80,,29771,64,4,,1,91,,29772,64,4,,1,43,,29773,64,4,,1,83,,29774,64,4,,1,83,,29775,64,4,,1,42,,29776,64,4,,1,83,,29777,64,4,,1,84,,29778,64,4,,1,74,,29779,64,4,,1,41,,29780,64,4,,1,85,,29781,64,4,,1,77,,29782,64,4,,1,41,,29783,64,4,,1,81,,29784,64,4,,1
8501,'1',506,,29801,1,,,1,16,,29800,1,,,1,16,,29799,1,,,1,16,,29798,1,,,1,56,,29797,1,,,1,16,,29796,1,,,1,16,,29795,1,,,1,16,,29787,1,,,1,56,,29788,1,,,1,16,,29789,1,,,1,16,,29790,1,,,1,56,,29791,1,,,1,16,,29792,1,,,1,16,,29793,1,,,1,15,,29794,1,,,1,66,,29811,1,,,1,25,,29810,1,,,1,65,,29809,1,,,1,25,,29802,1,,,1,25,,29803,1,,,1,65,,29804,1,,,1,25,,29805,1,,,1,65,,29806,1,,,1,25,,29807,1,,,1,65,,29808,1,,,1,25,,29812,1,,,1,25,,29813,1,,,1,60,,29814,1,,,1,16,,29841,1,,,1,16,,29842,1,,,1,16,,29831,1,,,1,55,,29830,1,,,1,16,,29829,1,,,1,20,,29828,1,,,1,56,,29827,1,,,1,16,,29815,1,,,1,19,,29816,1,,,1,13,,29817,1,,,1,61,,29818,1,,,1,16,,29819,1,,,1,11,,29820,1,,,1,59,,29821,1,,,1,13,,29822,1,,,1,16,,29823,1,,,1,16,,29824,1,,,1,56,,29825,1,,,1,20,,29826,1,,,1,32,,29834,1,,,1,69,,29833,1,,,1,25,,29832,1,,,1,62,,29838,1,,,1,29,,29837,1,,,1,72,,29835,1,,,1,32,,29836,1,,,1
8501,'2',630,,29858,1,,,1,70,,29859,1,,,1,30,,29860,1,,,1,70,,29861,1,,,1,30,,29862,1,,,1,70,,29863,1,,,1,30,,29864,1,,,1,70,,29865,1,,,1,30,,29866,1,,,1,70,,29843,1,,,1,23,,29844,1,,,1,23,,29845,1,,,1,63,,29846,1,,,1,23,,29847,1,,,1,23,,29848,1,,,1,63,,29849,1,,,1,23,,29850,1,,,1,63,,29851,1,,,1,23,,29852,1,,,1,23,,29853,1,,,1,63,,29854,1,,,1,23,,29855,1,,,1,23,,29856,1,,,1,63,,29857,1,,,1,21,,29867,1,,,1,62,,29868,1,,,1,23,,29869,1,,,1,21,,29870,1,,,1,61,,29871,1,,,1,18,,29872,1,,,1,21,,29873,1,,,1,61,,29874,1,,,1,21,,29875,1,,,1,21,,29876,1,,,1,61,,29877,1,,,1,21,,29878,1,,,1,21,,29879,1,,,1,70,,29880,1,,,1,30,,29881,1,,,1,70,,29882,1,,,1
8501,'3',822,,29885,1,,,1,80,,29886,1,,,1,40,,29887,1,,,1,80,,29888,1,,,1,83,,29889,1,,,1,43,,29890,1,,,1,83,,29891,1,,,1,83,,29892,1,,,1,43,,29893,1,,,1,83,,29894,1,,,1,83,,29895,1,,,1,82,,29896,1,,,1,42,,29897,1,,,1,84,,29898,1,,,1,76,,29899,1,,,1,41,,29900,1,,,1,83,,29901,1,,,1,79,,29883,1,,,1,41,,29884,1,,,1
8501,'74',630,,29902,1,,,1,70,,29903,1,,,1,30,,29904,1,,,1,70,,29905,1,,,1,30,,29906,1,,,1,70,,29907,1,,,1,30,,29908,1,,,1,70,,29909,1,,,1,30,,29910,1,,,1,70,,29911,1,,,1,23,,29912,1,,,1,23,,29913,1,,,1,63,,29914,1,,,1,23,,29915,1,,,1,23,,29916,1,,,1,63,,29917,1,,,1,23,,29918,1,,,1,63,,29919,1,,,1,23,,29920,1,,,1,23,,29921,1,,,1,63,,29922,1,,,1,23,,29923,1,,,1,23,,29924,1,,,1,63,,29925,1,,,1,21,,29926,1,,,1,62,,29927,1,,,1,23,,29928,1,,,1,21,,29929,1,,,1,61,,29930,1,,,1,18,,29931,1,,,1,21,,29932,1,,,1,61,,29933,1,,,1,21,,29934,1,,,1,21,,29935,1,,,1,61,,29936,1,,,1,21,,29937,1,,,1,21,,29938,1,,,1,70,,29939,1,,,1,30,,29940,1,,,1,70,,29941,1,,,1
8501,'80',822,,29942,1,,,1,80,,29943,1,,,1,40,,29944,1,,,1,80,,29945,1,,,1,83,,29946,1,,,1,43,,29947,1,,,1,83,,29948,1,,,1,83,,29949,1,,,1,43,,29950,1,,,1,83,,29951,1,,,1,83,,29952,1,,,1,82,,29953,1,,,1,42,,29954,1,,,1,84,,29955,1,,,1,76,,29958,1,,,1,41,,29959,1,,,1,83,,29960,1,,,1,79,,29956,1,,,1,41,,29957,1,,,1
900200,'1',611,,36759,40,,,1,19,,36760,40,,,1,19,,36761,40,,,1,59,,36762,40,,,1,20,,36763,40,,,1,26,,36764,40,,,1,65,,36765,40,,,1,23,,36766,40,,,1,61,,36767,40,,,1,23,,36768,40,,,1,25,,36769,40,,,1,62,,36770,40,,,1,18,,36771,40,,,1
900201,'1',1550,,36800,12,,,1,63,,36801,12,,,1,23,,36802,12,,,1,23,,36803,12,,,1,63,,36804,12,,,1,23,,36805,12,,,1,63,,36806,12,,,1,23,,36807,12,,,1,23,,36811,12,,,1,57,,36808,12,,,1,19,,36809,12,,,1,19,,36810,12,,,1
