9601,'1',452,,31339,21,,,1,68,,31340,21,,,1,29,,31341,21,,,1,70,,31342,21,,,1,36,,31343,21,,,1,73,,31344,21,,,1,78,,31345,21,,,1,32,,31346,21,,,1,74,,31347,21,,,1,33,,31348,21,,,1,79,,31349,21,,,1,79,,31350,21,,,1,43,,31351,21,,,1,75,,31352,21,,,1,32,,31353,21,,,1,86,,31354,21,,,1,80,,31355,21,,,1,18,,31374,21,,,1,21,,31356,21,,,1,68,,31357,21,,,1,27,,31358,21,,,1,67,,31359,21,,,1,27,,31360,21,,,1,67,,31361,21,,,1,26,,31362,21,,,1,65,,31363,21,,,1,25,,31364,21,,,1,25,,31365,21,,,1,65,,31366,21,,,1,24,,31367,21,,,1,65,,31368,21,,,1,29,,31369,21,,,1,70,,31370,21,,,1,30,,31371,21,,,1,70,,31372,21,,,1,24,,31373,21,,,1
9601,'2',817,,31375,21,,,1,99,,31376,21,,,1,99,,31377,21,,,1,99,,31378,21,,,1,99,,31379,21,,,1,99,,31380,21,,,1,99,,31381,21,,,1,99,,31382,21,,,1,99,,31383,21,,,1,99,,31384,21,,,1,51,,31385,21,,,1,92,,31386,21,,,1,97,,31387,21,,,1
9601,'3',917,,31388,21,,,1,94,,31389,21,,,1,94,,31390,21,,,1,54,,31391,21,,,1,94,,31392,21,,,1,94,,31393,21,,,1,94,,31394,21,,,1,94,,31395,21,,,1,93,,31396,21,,,1,94,,31397,21,,,1,94,,31398,21,,,1,94,,31399,21,,,1
9601,'74',817,,31400,21,,,1,99,,31401,21,,,1,99,,31402,21,,,1,99,,31403,21,,,1,99,,31404,21,,,1,99,,31405,21,,,1,99,,31406,21,,,1,99,,31407,21,,,1,99,,31408,21,,,1,99,,31409,21,,,1,51,,31410,21,,,1,92,,31411,21,,,1,97,,31412,21,,,1
9601,'80',917,,31413,21,,,1,94,,31414,21,,,1,94,,31415,21,,,1,54,,31416,21,,,1,94,,31417,21,,,1,94,,31418,21,,,1,94,,31419,21,,,1,94,,31420,21,,,1,93,,31421,21,,,1,94,,31422,21,,,1,94,,31423,21,,,1,94,,31424,21,,,1
9801,'1',529,,31521,30,,,1,75,,31520,30,,,1,36,,31519,30,,,1,75,,31518,30,,,1,35,,31517,30,,,1,75,,31516,30,,,1,75,,31515,30,,,1,35,,31514,30,,,1,75,,31525,30,,,1,100,,31524,30,,,1,98,,31523,30,,,1,98,,31522,30,,,1,101,,31537,30,,,1,40,,31536,30,,,1,80,,31535,30,,,1,80,,31534,30,,,1,40,,31533,30,,,1,80,,31532,30,,,1,80,,31531,30,,,1,38,,31530,30,,,1,78,,31529,30,,,1,91,,31528,30,,,1,88,,31527,30,,,1,48,,31526,30,,,1
9801,'2',536,,31556,30,,,1,86,,31555,30,,,1,86,,31554,30,,,1,46,,31553,30,,,1,88,,31552,30,,,1,96,,31551,30,,,1,94,,31550,30,,,1,97,,31549,30,,,1,94,,31548,30,,,1,100,,31547,30,,,1,98,,31546,30,,,1,98,,31545,30,,,1,96,,31544,30,,,1,98,,31543,30,,,1,98,,31542,30,,,1,96,,31541,30,,,1,46,,31540,30,,,1,89,,31539,30,,,1,87,,31538,30,,,1
9801,'3',719,,31573,30,,,1,88,,31574,30,,,1,48,,31572,30,,,1,88,,31571,30,,,1,88,,31570,30,,,1,96,,31569,30,,,1,93,,31568,30,,,1,93,,31567,30,,,1,95,,31566,30,,,1,93,,31565,30,,,1,53,,31564,30,,,1,93,,31563,30,,,1,93,,31562,30,,,1,90,,31561,30,,,1,87,,31560,30,,,1,86,,31559,30,,,1,47,,31558,30,,,1,88,,31557,30,,,1
9801,'74',536,,31593,30,,,1,86,,31592,30,,,1,86,,31591,30,,,1,46,,31590,30,,,1,88,,31589,30,,,1,96,,31588,30,,,1,94,,31587,30,,,1,97,,31586,30,,,1,94,,31585,30,,,1,100,,31584,30,,,1,98,,31583,30,,,1,98,,31582,30,,,1,96,,31581,30,,,1,98,,31580,30,,,1,98,,31579,30,,,1,96,,31578,30,,,1,46,,31577,30,,,1,89,,31576,30,,,1,87,,31575,30,,,1
9801,'80',719,,31610,30,,,1,88,,31611,30,,,1,48,,31609,30,,,1,88,,31608,30,,,1,88,,31607,30,,,1,96,,31606,30,,,1,93,,31605,30,,,1,93,,31604,30,,,1,95,,31603,30,,,1,93,,31602,30,,,1,53,,31601,30,,,1,93,,31600,30,,,1,93,,31599,30,,,1,90,,31598,30,,,1,87,,31597,30,,,1,86,,31596,30,,,1,47,,31595,30,,,1,88,,31594,30,,,1
60101,'1',455,,34498,8,,,1,51,,34497,8,,,1,11,,34496,8,,,1,11,,34495,8,,,1,11,,34494,8,,,1,11,,34493,8,,,1,9,,34492,8,,,1,50,,34491,8,,,1,11,,34490,8,,,1,12,,34489,8,,,1,10,,34488,8,,,1,11,,34487,8,,,1,50,,34411,8,,,1,10,,34412,8,,,1,11,,34413,8,,,1,11,,34414,8,,,1,11,,34415,8,,,1,13,,34416,8,,,1,51,,34417,8,,,1,11,,34418,8,,,1,11,,34419,8,,,1,12,,34420,8,,,1,9,,34421,8,,,1,51,,34422,8,,,1,11,,34423,8,,,1,11,,34424,8,,,1,11,,34425,8,,,1,12,,34426,8,,,1,51,,34427,8,,,1,10,,34428,8,,,1,11,,34429,8,,,1,11,,34445,8,,,1,16,,34444,8,,,1,56,,34443,8,,,1,16,,34442,8,,,1,16,,34441,8,,,1,16,,34440,8,,,1,56,,34430,8,,,1,16,,34431,8,,,1,16,,34432,8,,,1,16,,34433,8,,,1,56,,34434,8,,,1,16,,34435,8,,,1,16,,34436,8,,,1,56,,34437,8,,,1,16,,34438,8,,,1,16,,34439,8,,,1,14,,34472,8,,,1,12,,34471,8,,,1,53,,34470,8,,,1,12,,34469,8,,,1,12,,34468,8,,,1,12,,34467,8,,,1,12,,34446,8,,,1,52,,34447,8,,,1,12,,34448,8,,,1,12,,34449,8,,,1,12,,34450,8,,,1,12,,34451,8,,,1,52,,34452,8,,,1,12,,34453,8,,,1,12,,34454,8,,,1,11,,34455,8,,,1,13,,34456,8,,,1,51,,34457,8,,,1,12,,34458,8,,,1,12,,34459,8,,,1,12,,34460,8,,,1,12,,34461,8,,,1,52,,34462,8,,,1,12,,34463,8,,,1,11,,34464,8,,,1,12,,34465,8,,,1,12,,34466,8,,,1,65,,34480,8,,,1,16,,34479,8,,,1,18,,34478,8,,,1,58,,34477,8,,,1,17,,34476,8,,,1,18,,34473,8,,,1,58,,34474,8,,,1,18,,34475,8,,,1,15,,34486,8,,,1,17,,34485,8,,,1,59,,34484,8,,,1,19,,34481,8,,,1,16,,34482,8,,,1,56,,34483,8,,,1
60101,'2',617,,34567,8,,,1,17,,34499,8,,,1,17,,34500,8,,,1,57,,34501,8,,,1,17,,34502,8,,,1,15,,34520,8,,,1,16,,34519,8,,,1,57,,34518,8,,,1,16,,34517,8,,,1,16,,34516,8,,,1,55,,34503,8,,,1,19,,34504,8,,,1,16,,34505,8,,,1,16,,34506,8,,,1,56,,34507,8,,,1,16,,34508,8,,,1,16,,34509,8,,,1,17,,34510,8,,,1,56,,34511,8,,,1,16,,34512,8,,,1,16,,34513,8,,,1,56,,34514,8,,,1,15,,34515,8,,,1,14,,34552,8,,,1,15,,34551,8,,,1,15,,34550,8,,,1,55,,34549,8,,,1,15,,34548,8,,,1,15,,34547,8,,,1,15,,34521,8,,,1,55,,34522,8,,,1,15,,34523,8,,,1,15,,34524,8,,,1,15,,34525,8,,,1,55,,34526,8,,,1,15,,34527,8,,,1,15,,34528,8,,,1,15,,34529,8,,,1,55,,34530,8,,,1,15,,34531,8,,,1,15,,34532,8,,,1,15,,34533,8,,,1,55,,34534,8,,,1,15,,34535,8,,,1,15,,34536,8,,,1,15,,34537,8,,,1,55,,34538,8,,,1,15,,34539,8,,,1,14,,34540,8,,,1,15,,34541,8,,,1,55,,34542,8,,,1,15,,34543,8,,,1,15,,34544,8,,,1,14,,34545,8,,,1,55,,34546,8,,,1,20,,34558,8,,,1,18,,34557,8,,,1,58,,34556,8,,,1,18,,34555,8,,,1,16,,34553,8,,,1,58,,34554,8,,,1,20,,34566,8,,,1,16,,34565,8,,,1,16,,34564,8,,,1,55,,34563,8,,,1,16,,34562,8,,,1,16,,34559,8,,,1,16,,34560,8,,,1,54,,34561,8,,,1
60101,'3',705,,34568,8,,,1,21,,34569,8,,,1,20,,34570,8,,,1,60,,34571,8,,,1,20,,34572,8,,,1,20,,34573,8,,,1,60,,34574,8,,,1,21,,34575,8,,,1,21,,34576,8,,,1,60,,34577,8,,,1,21,,34578,8,,,1,21,,34579,8,,,1,61,,34580,8,,,1,21,,34581,8,,,1,22,,34582,8,,,1,60,,34583,8,,,1,22,,34584,8,,,1,21,,34585,8,,,1,61,,34586,8,,,1,21,,34587,8,,,1,61,,34588,8,,,1,21,,34589,8,,,1,21,,34590,8,,,1,61,,34591,8,,,1,21,,34592,8,,,1,21,,34593,8,,,1,61,,34594,8,,,1,21,,34595,8,,,1,21,,34596,8,,,1,61,,34597,8,,,1,21,,34598,8,,,1,21,,34599,8,,,1,59,,34600,8,,,1,21,,34601,8,,,1,21,,34602,8,,,1,61,,34603,8,,,1,21,,34604,8,,,1,21,,34605,8,,,1,61,,34606,8,,,1,19,,34607,8,,,1,20,,34608,8,,,1,60,,34609,8,,,1,20,,34610,8,,,1,19,,34611,8,,,1,60,,34612,8,,,1,18,,34613,8,,,1,20,,34614,8,,,1,60,,34615,8,,,1,20,,34616,8,,,1,20,,34617,8,,,1,60,,34618,8,,,1,20,,34619,8,,,1
60101,'74',617,,34648,8,,,1,17,,34620,8,,,1,17,,34621,8,,,1,57,,34622,8,,,1,17,,34623,8,,,1,15,,34641,8,,,1,16,,34640,8,,,1,57,,34639,8,,,1,16,,34638,8,,,1,16,,34637,8,,,1,55,,34624,8,,,1,19,,34625,8,,,1,16,,34626,8,,,1,16,,34627,8,,,1,56,,34628,8,,,1,16,,34629,8,,,1,16,,34630,8,,,1,17,,34631,8,,,1,56,,34632,8,,,1,16,,34633,8,,,1,16,,34634,8,,,1,56,,34635,8,,,1,15,,34636,8,,,1,14,,34647,8,,,1,15,,34646,8,,,1,15,,34645,8,,,1,55,,34644,8,,,1,15,,34643,8,,,1,15,,34642,8,,,1,15,,34649,8,,,1,55,,34650,8,,,1,15,,34651,8,,,1,15,,34652,8,,,1,15,,34653,8,,,1,55,,34654,8,,,1,15,,34655,8,,,1,15,,34656,8,,,1,15,,34657,8,,,1,55,,34658,8,,,1,15,,34659,8,,,1,15,,34660,8,,,1,15,,34661,8,,,1,55,,34662,8,,,1,15,,34663,8,,,1,15,,34664,8,,,1,15,,34665,8,,,1,55,,34666,8,,,1,15,,34667,8,,,1,14,,34668,8,,,1,15,,34669,8,,,1,55,,34670,8,,,1,15,,34671,8,,,1,15,,34672,8,,,1,14,,34673,8,,,1,55,,34674,8,,,1,20,,34680,8,,,1,18,,34679,8,,,1,58,,34678,8,,,1,18,,34677,8,,,1,16,,34675,8,,,1,58,,34676,8,,,1,20,,34688,8,,,1,16,,34687,8,,,1,16,,34686,8,,,1,55,,34685,8,,,1,16,,34684,8,,,1,16,,34681,8,,,1,16,,34682,8,,,1,54,,34683,8,,,1
60101,'80',705,,34689,8,,,1,21,,34690,8,,,1,20,,34691,8,,,1,60,,34692,8,,,1,20,,34693,8,,,1,20,,34694,8,,,1,60,,34695,8,,,1,21,,34696,8,,,1,21,,34697,8,,,1,60,,34698,8,,,1,21,,34699,8,,,1,21,,34700,8,,,1,61,,34701,8,,,1,21,,34702,8,,,1,22,,34703,8,,,1,60,,34704,8,,,1,22,,34705,8,,,1,21,,34706,8,,,1,61,,34707,8,,,1,21,,34708,8,,,1,61,,34709,8,,,1,21,,34710,8,,,1,21,,34711,8,,,1,61,,34712,8,,,1,21,,34713,8,,,1,21,,34714,8,,,1,61,,34715,8,,,1,21,,34716,8,,,1,21,,34717,8,,,1,61,,34718,8,,,1,21,,34719,8,,,1,21,,34720,8,,,1,59,,34721,8,,,1,21,,34722,8,,,1,21,,34723,8,,,1,61,,34724,8,,,1,21,,34725,8,,,1,21,,34726,8,,,1,61,,34727,8,,,1,19,,34728,8,,,1,20,,34729,8,,,1,60,,34730,8,,,1,20,,34731,8,,,1,19,,34732,8,,,1,60,,34733,8,,,1,18,,34734,8,,,1,20,,34735,8,,,1,60,,34736,8,,,1,20,,34737,8,,,1,20,,34738,8,,,1,60,,34739,8,,,1,20,,34740,8,,,1
989901,'1',2209,,36877,30,,,1,31,,36878,30,,,1,78,,36879,30,,,1,36,,36880,30,,,1,75,,36881,30,,,1,71,,36882,30,,,1,35,,36883,30,,,1,75,,36884,30,,,1
989901,'2',2215,,36885,30,,,1,91,,36886,30,,,1,43,,36887,30,,,1,91,,36890,30,,,1,85,,36888,30,,,1,86,,36889,30,,,1
989901,'3',2227,,36891,30,,,1,88,,36892,30,,,1,43,,36893,30,,,1,89,,36894,30,,,1,79,,36895,30,,,1,83,,36896,30,,,1
989901,'74',2215,,36897,30,,,1,91,,36898,30,,,1,43,,36899,30,,,1,91,,36902,30,,,1,85,,36900,30,,,1,86,,36901,30,,,1
989901,'80',2227,,36903,30,,,1,88,,36904,30,,,1,43,,36905,30,,,1,89,,36906,30,,,1,79,,36907,30,,,1,83,,36908,30,,,1
