9600,'1',703,,31260,76,,,1,47,,31259,76,,,1,71,,31258,76,,,1,37,,31257,76,,,1,67,,31256,76,,,1,33,,31253,76,,,1,74,,31254,76,,,1,70,,31255,76,,,1,32,,31268,76,,,1,68,,31267,72,,,1,39,,31261,72,,,1,79,,31262,72,,,1,39,,31263,72,,,1,85,,31264,72,,,1,65,,31265,72,,,1,92,,31266,76,,,1,43,,31274,76,,,1,67,,31273,76,,,1,32,,31272,76,,,1,63,,31269,76,,,1,27,,31270,76,,,1,21,,31271,76,,,1,67,,31277,76,,,1,19,,31278,76,,,1,13,,31288,76,,,1,51,,31276,76,,,1,25,,31275,76,,,1,30,,31285,72,,,1,70,,31284,72,,,1,15,,31287,72,,,1,12,,31279,72,,,1,70,,31280,72,,,1,30,,31281,72,,,1,68,,31282,72,,,1,30,,31283,72,,,1,57,,31286,72,,,1
9600,'2',1024,,31289,72,,,1,101,,31290,72,,,1,99,,31291,72,,,1,96,,31292,72,,,1,99,,31293,72,,,1,99,,31294,72,,,1,99,,31295,72,,,1,99,,31296,72,,,1,94,,31297,72,,,1,97,,31298,72,,,1,47,,31299,72,,,1,83,,31300,72,,,1,97,,31301,72,,,1
9600,'3',1115,,31302,72,,,1,94,,31303,72,,,1,94,,31304,72,,,1,54,,31305,72,,,1,94,,31306,72,,,1,94,,31307,72,,,1,94,,31308,72,,,1,94,,31309,72,,,1,91,,31310,72,,,1,94,,31311,72,,,1,94,,31312,72,,,1,91,,31313,72,,,1
9600,'74',1024,,31314,72,,,1,101,,31315,72,,,1,99,,31316,72,,,1,96,,31317,72,,,1,99,,31318,72,,,1,99,,31319,72,,,1,99,,31320,72,,,1,99,,31321,72,,,1,94,,31322,72,,,1,97,,31323,72,,,1,47,,31324,72,,,1,83,,31325,72,,,1,97,,31326,72,,,1
9600,'80',1115,,31327,72,,,1,94,,31328,72,,,1,94,,31329,72,,,1,54,,31330,72,,,1,94,,31331,72,,,1,94,,31332,72,,,1,94,,31333,72,,,1,94,,31334,72,,,1,91,,31335,72,,,1,94,,31336,72,,,1,94,,31337,72,,,1,91,,31338,72,,,1
9800,'1',620,,31445,28,,,1,35,,31444,28,,,1,73,,31443,28,,,1,75,,31442,28,,,1,35,,31441,28,,,1,75,,31440,28,,,1,98,,31436,28,,,1,98,,31433,28,,,1,95,,31438,28,,,1,98,,31437,28,,,1,40,,31425,28,,,1,78,,31435,28,,,1,80,,31434,28,,,1,40,,31432,28,,,1,80,,31431,28,,,1,80,,31430,28,,,1,45,,31429,28,,,1,80,,31428,28,,,1,94,,31427,28,,,1,91,,31426,28,,,1,49,,31439,28,,,1
9800,'2',619,,31463,28,,,1,86,,31462,28,,,1,44,,31461,28,,,1,94,,31460,28,,,1,93,,31459,28,,,1,90,,31458,28,,,1,94,,31457,28,,,1,98,,31456,28,,,1,98,,31455,28,,,1,96,,31454,28,,,1,98,,31453,28,,,1,98,,31452,28,,,1,100,,31451,28,,,1,102,,31450,28,,,1,49,,31449,28,,,1,93,,31448,28,,,1,89,,31447,28,,,1,85,,31446,28,,,1
9800,'3',804,,31479,28,,,1,48,,31478,28,,,1,88,,31477,28,,,1,91,,31476,28,,,1,93,,31475,28,,,1,90,,31474,28,,,1,93,,31473,28,,,1,93,,31472,28,,,1,53,,31471,28,,,1,93,,31470,28,,,1,93,,31469,28,,,1,97,,31468,28,,,1,88,,31467,28,,,1,91,,31466,28,,,1,87,,31465,28,,,1,48,,31464,28,,,1
9800,'74',619,,31497,28,,,1,86,,31496,28,,,1,44,,31495,28,,,1,94,,31494,28,,,1,93,,31493,28,,,1,90,,31492,28,,,1,94,,31491,28,,,1,98,,31490,28,,,1,98,,31489,28,,,1,96,,31488,28,,,1,98,,31487,28,,,1,98,,31486,28,,,1,100,,31485,28,,,1,102,,31484,28,,,1,49,,31483,28,,,1,93,,31482,28,,,1,89,,31481,28,,,1,85,,31480,28,,,1
9800,'80',804,,31513,28,,,1,48,,31512,28,,,1,88,,31511,28,,,1,91,,31510,28,,,1,93,,31509,28,,,1,90,,31508,28,,,1,93,,31507,28,,,1,93,,31506,28,,,1,53,,31505,28,,,1,93,,31504,28,,,1,93,,31503,28,,,1,97,,31502,28,,,1,88,,31501,28,,,1,91,,31500,28,,,1,87,,31499,28,,,1,48,,31498,28,,,1
989900,'1',2124,,36830,71,,,1,34,,36831,71,,,1,78,,36832,71,,,1,78,,36833,71,,,1,35,,36834,71,,,1,71,,36835,71,,,1,35,,36836,71,,,1,75,,36837,71,,,1,76,,36838,71,0,5 6,1,35,,36839,71,0,5 6,1,79,,36840,71,0,5 6,1
989900,'2',2128,,36841,71,,,1,94,,36842,71,,,1,86,,36843,71,,,1,92,,36844,71,,,1,46,,36845,71,,,1,86,,36846,71,,,1,84,,36847,71,0,5 6,1,86,,36848,71,0,5 6,1,46,,36849,71,0,5 6,1
989900,'3',2144,,36850,71,,,1,90,,36851,71,,,1,85,,36852,71,,,1,90,,36853,71,,,1,40,,36854,71,,,1,83,,36855,71,,,1,79,,36856,71,0,5 6,1,43,,36857,71,0,5 6,1,83,,36858,71,0,5 6,1
989900,'74',2128,,36859,71,,,1,94,,36860,71,,,1,86,,36861,71,,,1,92,,36862,71,,,1,46,,36863,71,,,1,86,,36864,71,,,1,84,,36865,71,0,5 6,1,86,,36866,71,0,5 6,1,46,,36867,71,0,5 6,1
989900,'80',2144,,36868,71,,,1,90,,36869,71,,,1,85,,36870,71,,,1,90,,36871,71,,,1,40,,36872,71,,,1,83,,36873,71,,,1,79,,36874,71,0,5 6,1,43,,36875,71,0,5 6,1,83,,36876,71,0,5 6,1
