'152.0.1',700,52600,4,'',1,2400,4,'',1,6700,4,'',1,2400,4,'',1,6400,4,'',1,3600,4,'',1,6900,4,'',1,2900,4,'',1,7700,4,'',1,2100,4,'',1,6400,4,'',1,2900,4,'',1,7200,4,'',1,3200,4,'',1,7200,4,'',1,3200,4,'',1,7200,4,'',1,3500,4,'',1,7200,4,'',1,2900,4,'',1,6800,4,'',1,3200,4,'',1,6900,4,'',1,2900,4,'',1,7300,4,'',1,2900,4,'',1,6100,4,'',1,2900,4,'',1,6900,4,'',1,2900,4,'',1,2200,4,'',1,6900,4,'',1,8400,4,'',1,4400,4,'',1,8400,4,'',1,8000,4,'',1,8400,4,'',1
'152.0.1',701,51100,,'',1,2400,,'',1,2400,,'',1,6400,,'',1,2600,,'',1,7700,,'',1,2100,,'',1,6900,,'',1,2900,,'',1,7700,,'',1,2100,,'',1,6900,,'',1,2300,,'',1,7200,,'',1,3200,,'',1,7200,,'',1,3200,,'',1,7200,,'',1,2300,,'',1,6900,,'',1,2200,,'',1,2900,,'',1,6900,,'',1,2900,,'',1,6900,,'',1,2900,,'',1,6900,,'',1,2900,,'',1,6900,,'',1,2900,,'',1,6900,,'',1,2500,,'',1,8600,,'',1,8400,,'',1,4400,,'',1,8400,,'',1,9400,,'',1
'152.0.2',700,84000,4,'',1,8800,4,'',1,8800,4,'',1,8800,4,'',1,4800,4,'',1,8800,4,'',1,9000,4,'',1,8800,4,'',1,8800,4,'',1,4800,4,'',1,8600,4,'',1,8800,4,'',1,8800,4,'',1,8800,4,'',1,4800,4,'',1,8500,4,'',1,8200,4,'',1,8200,4,'',1,4200,4,'',1
'152.0.2',701,84800,,'',1,8800,,'',1,8800,,'',1,8800,,'',1,8800,,'',1,4800,,'',1,8800,,'',1,8800,,'',1,8800,,'',1,8800,,'',1,4800,,'',1,8800,,'',1,8800,,'',1,8800,,'',1,8800,,'',1,4200,,'',1,8200,,'',1,8200,,'',1
'152.0.3',700,83900,4,'',1,8700,4,'',1,8700,4,'',1,8700,4,'',1,4700,4,'',1,8900,4,'',1,8700,4,'',1,8700,4,'',1,4700,4,'',1,8700,4,'',1,8700,4,'',1,8600,4,'',1,8700,4,'',1,4700,4,'',1,8700,4,'',1,8400,4,'',1
'152.0.3',701,84700,,'',1,8700,,'',1,8700,,'',1,8700,,'',1,4700,,'',1,8700,,'',1,8700,,'',1,8700,,'',1,8700,,'',1,4700,,'',1,8700,,'',1,8700,,'',1,8700,,'',1,4700,,'',1,8700,,'',1
'152.0.80',700,83900,4,'',1,8700,4,'',1,8700,4,'',1,8700,4,'',1,4700,4,'',1,8900,4,'',1,8700,4,'',1,8700,4,'',1,4700,4,'',1,8700,4,'',1,8700,4,'',1,8600,4,'',1,8700,4,'',1,4700,4,'',1,8700,4,'',1,8400,4,'',1
'152.0.80',701,84700,,'',1,8700,,'',1,8700,,'',1,8700,,'',1,4700,,'',1,8700,,'',1,8700,,'',1,8700,,'',1,8700,,'',1,4700,,'',1,8700,,'',1,8700,,'',1,8700,,'',1,4700,,'',1,8700,,'',1
'152.0.81',700,83900,4,'',1,8700,4,'',1,8700,4,'',1,8700,4,'',1,4700,4,'',1,8900,4,'',1,8700,4,'',1,8700,4,'',1,4700,4,'',1,8700,4,'',1,8700,4,'',1,8600,4,'',1,8700,4,'',1,4700,4,'',1,8700,4,'',1,8400,4,'',1
'152.0.81',701,84700,,'',1,8700,,'',1,8700,,'',1,8700,,'',1,4700,,'',1,8700,,'',1,8700,,'',1,8700,,'',1,8700,,'',1,4700,,'',1,8700,,'',1,8700,,'',1,8700,,'',1,4700,,'',1,8700,,'',1
