'151.0.1',5700,65000,,'',1,7200,,'',1,8200,,'',1,3700,,'',1,7600,,'',1,3600,,'',1,7600,,'',1,7600,,'',1,3600,,'',1,7600,,'',1,3600,,'',1,7600,,'',1,7800,,'',1,3800,,'',1,7900,,'',1,7700,,'',1,3800,,'',1,7800,,'',1,3800,,'',1,7800,,'',1,7800,,'',1,10200,,'',1,10200,,'',1,10200,,'',1
'151.0.1',5701,75900,4,'',1,7700,4,'',1,7600,4,'',1,3400,4,'',1,7600,4,'',1,3600,4,'',1,7800,4,'',1,7600,4,'',1,3600,4,'',1,7600,4,'',1,7600,4,'',1,3600,4,'',1,8300,4,'',1,3700,4,'',1,7800,4,'',1,7800,4,'',1,3600,4,'',1,7800,4,'',1,7500,4,'',1,3500,4,'',1,7200,4,'',1,10200,4,'',1,10200,4,'',1
'151.0.2',5700,70000,,'',1,10400,,'',1,10400,,'',1,10400,,'',1,10400,,'',1,10400,,'',1,10400,,'',1,10400,,'',1,10400,,'',1,10400,,'',1,10400,,'',1,10400,,'',1,10400,,'',1,10400,,'',1,10400,,'',1
'151.0.2',5701,75300,4,'',1,10400,4,'',1,14600,4,'',1,10400,4,'',1,10400,4,'',1,10400,4,'',1,10400,4,'',1,10400,4,'',1,10500,4,'',1,10400,4,'',1,10400,4,'',1,10100,4,'',1,10300,4,'',1,10400,4,'',1
'151.0.3',5700,80000,,'',1,10100,,'',1,10500,,'',1,10500,,'',1,10500,,'',1,10500,,'',1,10500,,'',1,10500,,'',1,10500,,'',1,10500,,'',1,10500,,'',1,10500,,'',1,10700,,'',1,14200,,'',1
'151.0.3',5701,84900,4,'',1,10600,4,'',1,14500,4,'',1,10500,4,'',1,10500,4,'',1,10500,4,'',1,10600,4,'',1,10500,4,'',1,10500,4,'',1,10500,4,'',1,10200,4,'',1,10500,4,'',1,10700,4,'',1
'151.0.74',5700,70000,,'',1,10400,,'',1,10400,,'',1,10400,,'',1,10400,,'',1,10400,,'',1,10400,,'',1,10400,,'',1,10400,,'',1,10400,,'',1,10400,,'',1,10400,,'',1,10400,,'',1,10400,,'',1,10400,,'',1
'151.0.74',5701,75300,4,'',1,10400,4,'',1,14600,4,'',1,10400,4,'',1,10400,4,'',1,10400,4,'',1,10400,4,'',1,10400,4,'',1,10500,4,'',1,10400,4,'',1,10400,4,'',1,10100,4,'',1,10300,4,'',1,10400,4,'',1
'151.0.75',5700,70000,,'',1,10400,,'',1,10400,,'',1,10400,,'',1,10400,,'',1,10400,,'',1,10400,,'',1,10400,,'',1,10400,,'',1,10400,,'',1,10400,,'',1,10400,,'',1,10400,,'',1,10400,,'',1,10400,,'',1
'151.0.75',5701,75300,4,'',1,10400,4,'',1,14600,4,'',1,10400,4,'',1,10400,4,'',1,10400,4,'',1,10400,4,'',1,10400,4,'',1,10500,4,'',1,10400,4,'',1,10400,4,'',1,10100,4,'',1,10300,4,'',1,10400,4,'',1
'151.0.80',5700,80000,,'',1,10100,,'',1,10500,,'',1,10500,,'',1,10500,,'',1,10500,,'',1,10500,,'',1,10500,,'',1,10500,,'',1,10500,,'',1,10500,,'',1,10500,,'',1,10700,,'',1,14200,,'',1
'151.0.80',5701,84900,4,'',1,10600,4,'',1,14500,4,'',1,10500,4,'',1,10500,4,'',1,10500,4,'',1,10600,4,'',1,10500,4,'',1,10500,4,'',1,10500,4,'',1,10200,4,'',1,10500,4,'',1,10700,4,'',1
