1600,'1',542,,26485,33,4,,1,62,,26486,33,4,,1,10,,26443,54,4,,1,22,,26444,54,4,,1,67,,26445,54,4,,1,22,,26446,54,4,,1,26,,26447,54,4,,1,62,,26448,54,4,,1,18,,26449,54,4,,1,26,,26450,54,4,,1,62,,26451,54,4,,1,22,,26452,54,4,,1,68,,26453,54,4,,1,29,,26454,54,4,,1,75,,26455,54,4,,1,27,,26456,54,4,,1,71,,26457,54,4,,1,31,,26458,54,4,,1,71,,26459,54,4,,1,31,,26460,54,4,,1,71,,26461,54,4,,1,23,,26487,33,4,,1,12,,26462,54,4,,1,66,,26463,54,4,,1,23,,26464,54,4,,1,63,,26465,54,4,,1,23,,26466,54,4,,1,23,,26467,54,4,,1,68,,26468,54,4,,1,23,,26469,54,4,,1,63,,26470,54,4,,1,23,,26471,54,4,,1,23,,26472,54,4,,1,58,,26473,54,4,,1,17,,26474,54,4,,1,23,,26475,54,4,,1,63,,26476,54,4,,1,23,,26477,54,4,,1,23,,26478,54,4,,1,56,,26479,54,4,,1,34,,26480,54,4,,1,74,,26481,54,4,,1,34,,26482,54,4,,1,71,,26483,54,4,,1,34,,26484,54,4,,1,74,,26488,54,4,,1
1600,'2',649,,26514,33,4,,1,73,,26489,54,4,,1,78,,26490,54,4,,1,43,,26491,54,4,,1,78,,26492,54,4,,1,38,,26493,54,4,,1,78,,26494,54,4,,1,78,,26495,54,4,,1,38,,26496,54,4,,1,78,,26497,54,4,,1,78,,26498,54,4,,1,45,,26499,54,4,,1,81,,26500,54,4,,1,83,,26501,54,4,,1,41,,26502,54,4,,1,77,,26503,54,4,,1,81,,26504,54,4,,1,41,,26505,54,4,,1,81,,26506,54,4,,1,81,,26507,54,4,,1,31,,26508,54,4,,1,76,,26509,54,4,,1,79,,26510,54,4,,1,33,,26511,54,4,,1,73,,26512,54,4,,1,37,,26513,54,4,,1,75,,26515,54,4,,1,76,,26516,54,4,,1
1600,'3',730,,26532,33,4,,1,95,,26533,33,4,,1,91,,26517,54,4,,1,97,,26518,54,4,,1,95,,26519,54,4,,1,95,,26520,54,4,,1,97,,26521,54,4,,1,59,,26526,54,4,,1,96,,26522,54,4,,1,98,,26523,54,4,,1,98,,26524,54,4,,1,96,,26525,54,4,,1,92,,26531,54,4,,1,92,,26527,54,4,,1,89,,26528,54,4,,1,92,,26529,54,4,,1,89,,26530,54,4,,1
1600,'74',649,,26557,33,4,,1,73,,26534,54,4,,1,78,,26535,54,4,,1,43,,26536,54,4,,1,78,,26537,54,4,,1,38,,26538,54,4,,1,78,,26539,54,4,,1,78,,26540,54,4,,1,38,,26541,54,4,,1,78,,26542,54,4,,1,78,,26543,54,4,,1,45,,26544,54,4,,1,81,,26545,54,4,,1,83,,26546,54,4,,1,41,,26547,54,4,,1,77,,26548,54,4,,1,81,,26549,54,4,,1,41,,26550,54,4,,1,81,,26551,54,4,,1,81,,26552,54,4,,1,31,,26553,54,4,,1,76,,26554,54,4,,1,79,,26555,54,4,,1,33,,26556,54,4,,1,73,,26558,54,4,,1,37,,26559,54,4,,1,75,,26560,54,4,,1,76,,26561,54,4,,1
1600,'80',730,,26577,33,4,,1,95,,26578,33,4,,1,91,,26562,54,4,,1,97,,26563,54,4,,1,95,,26564,54,4,,1,95,,26565,54,4,,1,97,,26566,54,4,,1,59,,26571,54,4,,1,96,,26567,54,4,,1,98,,26568,54,4,,1,98,,26569,54,4,,1,96,,26570,54,4,,1,92,,26576,54,4,,1,92,,26572,54,4,,1,89,,26573,54,4,,1,92,,26574,54,4,,1,89,,26575,54,4,,1
1601,'1',545,,26588,1,,,1,62,,26587,1,,,1,22,,26579,1,,,1,22,,26580,1,,,1,62,,26581,1,,,1,22,,26582,1,,,1,22,,26583,1,,,1,62,,26584,1,,,1,18,,26585,1,,,1,66,,26586,1,,,1,21,,26599,1,,,1,24,,26598,1,,,1,68,,26589,1,,,1,31,,26590,1,,,1,71,,26591,1,,,1,31,,26592,1,,,1,71,,26593,1,,,1,31,,26594,1,,,1,69,,26595,1,,,1,33,,26596,1,,,1,67,,26597,1,,,1,21,,26616,1,,,1,63,,26615,1,,,1,23,,26600,1,,,1,17,,26601,1,,,1,69,,26602,1,,,1,23,,26603,1,,,1,23,,26604,1,,,1,63,,26605,1,,,1,23,,26606,1,,,1,63,,26607,1,,,1,23,,26608,1,,,1,23,,26609,1,,,1,63,,26610,1,,,1,23,,26611,1,,,1,63,,26612,1,,,1,23,,26613,1,,,1,23,,26614,1,,,1,68,,26619,1,,,1,34,,26617,1,,,1,74,,26618,1,,,1,34,,26625,1,,,1
1601,'2',654,,26635,1,,,1,78,,26626,1,,,1,78,,26627,1,,,1,38,,26628,1,,,1,78,,26629,1,,,1,78,,26630,1,,,1,38,,26631,1,,,1,78,,26632,1,,,1,38,,26633,1,,,1,78,,26634,1,,,1,84,,26644,1,,,1,81,,26636,1,,,1,41,,26637,1,,,1,81,,26638,1,,,1,81,,26639,1,,,1,41,,26640,1,,,1,81,,26641,1,,,1,81,,26642,1,,,1,37,,26643,1,,,1,81,,26651,1,,,1,32,,26645,1,,,1,76,,26646,1,,,1,78,,26647,1,,,1,34,,26648,1,,,1,76,,26649,1,,,1,33,,26650,1,,,1
1601,'3',735,,26654,1,,,1,95,,26655,1,,,1,95,,26656,1,,,1,95,,26657,1,,,1,95,,26658,1,,,1,95,,26659,1,,,1,98,,26660,1,,,1,98,,26661,1,,,1,98,,26662,1,,,1,98,,26663,1,,,1,98,,26664,1,,,1,52,,26665,1,,,1,92,,26666,1,,,1,92,,26667,1,,,1,92,,26668,1,,,1,92,,26669,1,,,1
1601,'74',654,,26679,1,,,1,78,,26670,1,,,1,78,,26671,1,,,1,38,,26672,1,,,1,78,,26673,1,,,1,78,,26674,1,,,1,38,,26675,1,,,1,78,,26676,1,,,1,38,,26677,1,,,1,78,,26678,1,,,1,84,,26688,1,,,1,81,,26680,1,,,1,41,,26681,1,,,1,81,,26682,1,,,1,81,,26683,1,,,1,41,,26684,1,,,1,81,,26685,1,,,1,81,,26686,1,,,1,37,,26687,1,,,1,81,,26695,1,,,1,32,,26689,1,,,1,76,,26690,1,,,1,78,,26691,1,,,1,34,,26692,1,,,1,76,,26693,1,,,1,33,,26694,1,,,1
1601,'80',735,,26698,1,,,1,95,,26699,1,,,1,95,,26700,1,,,1,95,,26701,1,,,1,95,,26702,1,,,1,95,,26703,1,,,1,98,,26704,1,,,1,98,,26705,1,,,1,98,,26706,1,,,1,98,,26707,1,,,1,98,,26708,1,,,1,52,,26709,1,,,1,92,,26710,1,,,1,92,,26711,1,,,1,92,,26712,1,,,1,92,,26713,1,,,1
