100,'1',416,,23457,39,,,1,38,,23456,39,,,1,71,,23455,39,,,1,82,,23483,54,,,1,38,,23482,54,,,1,83,,23480,54,,,1,78,,23481,54,,,1,33,,23479,54,,,1,75,,23478,54,,,1,35,,23477,54,,,1,107,,23476,54,,,1,153,,23475,54,,,1,112,,23474,54,,,1,116,,23473,54,,,1,87,,23484,54,,,1,84,,23472,54,,,1,31,,23471,54,,,1,77,,23470,54,,,1,31,,23469,54,,,1,74,,23468,54,,,1,34,,23467,54,,,1,65,,23466,54,,,1,23,,23465,54,,,1,97,,23464,54,,,1,102,,23463,54,,,1,100,,23462,54,,,1,91,,23461,54,,,1,95,,23460,54,,,1,89,,23459,54,,,1,95,,23458,54,,,1
100,'74',615,,23507,39,,,1,96,,23485,54,,,1,103,,23486,54,,,1,107,,23487,54,,,1,103,,23488,54,,,1,112,,23489,54,,,1,95,,23490,54,,,1,87,,23491,54,,,1,103,,23492,54,,,1,92,,23493,54,,,1,92,,23494,54,,,1,52,,23495,54,,,1,86,,23496,54,,,1,92,,23497,54,,,1,91,,23498,54,,,1,81,,23499,54,,,1,52,,23500,54,,,1,90,,23501,54,,,1,97,,23502,54,,,1,97,,23503,54,,,1,94,,23504,54,,,1,92,,23505,54,,,1,96,,23506,54,,,1
100,'80',805,,23523,39,,,1,51,,23508,54,,,1,159,,23509,54,,,1,115,,23510,54,,,1,115,,23511,54,,,1,155,,23512,54,,,1,112,,23513,54,,,1,107,,23514,54,,,1,112,,23515,54,,,1,110,,23516,54,,,1,108,,23517,54,,,1,95,,23518,54,,,1,99,,23519,54,,,1,99,,23520,54,,,1,94,,23521,54,,,1,99,,23522,54,,,1
100,'35296.2',615,,23546,39,,,1,96,,23524,54,,,1,103,,23525,54,,,1,107,,23526,54,,,1,103,,23527,54,,,1,112,,23528,54,,,1,95,,23529,54,,,1,87,,23530,54,,,1,103,,23531,54,,,1,92,,23532,54,,,1,92,,23533,54,,,1,52,,23534,54,,,1,86,,23535,54,,,1,92,,23536,54,,,1,91,,23537,54,,,1,81,,23538,54,,,1,52,,23539,54,,,1,90,,23540,54,,,1,97,,23541,54,,,1,97,,23542,54,,,1,94,,23543,54,,,1,92,,23544,54,,,1,96,,23545,54,,,1
100,'35296.3',805,,23562,39,,,1,51,,23547,54,,,1,159,,23548,54,,,1,115,,23549,54,,,1,115,,23550,54,,,1,155,,23551,54,,,1,112,,23552,54,,,1,107,,23553,54,,,1,112,,23554,54,,,1,110,,23555,54,,,1,108,,23556,54,,,1,95,,23557,54,,,1,99,,23558,54,,,1,99,,23559,54,,,1,94,,23560,54,,,1,99,,23561,54,,,1
100,'35298.2',615,,23615,39,,,1,96,,23614,54,,,1,37,,23563,54,,,1,57,,23564,54,,,1,21,,23565,54,,,1,17,,23566,54,,,1,57,,23567,54,,,1,17,,23568,54,,,1,17,,23569,54,,,1,17,,23570,54,,,1,57,,23571,54,,,1,17,,23572,54,,,1,17,,23573,54,,,1,66,,23574,54,,,1,17,,23575,54,,,1,17,,23576,54,,,1,17,,23577,54,,,1,60,,23578,54,,,1,17,,23579,54,,,1,17,,23580,54,,,1,57,,23581,54,,,1,23,,23582,54,,,1,17,,23583,54,,,1,57,,23584,54,,,1,17,,23585,54,,,1,17,,23586,54,,,1,17,,23587,54,,,1,57,,23588,54,,,1,17,,23589,54,,,1,17,,23590,54,,,1,57,,23591,54,,,1,17,,23592,54,,,1,17,,23593,54,,,1,17,,23594,54,,,1,51,,23595,54,,,1,17,,23596,54,,,1,17,,23597,54,,,1,17,,23598,54,,,1,57,,23599,54,,,1,17,,23600,54,,,1,17,,23601,54,,,1,56,,23602,54,,,1,17,,23603,54,,,1,17,,23604,54,,,1,17,,23605,54,,,1,50,,23606,54,,,1,52,,23607,54,,,1,90,,23608,54,,,1,97,,23609,54,,,1,97,,23610,54,,,1,94,,23611,54,,,1,92,,23612,54,,,1,96,,23613,54,,,1
100,'35298.3',746,,23616,54,,,1,57,,23617,54,,,1,17,,23618,54,,,1,17,,23619,54,,,1,17,,23620,54,,,1,57,,23621,54,,,1,17,,23622,54,,,1,24,,23623,54,,,1,57,,23624,54,,,1,17,,23625,54,,,1,17,,23626,54,,,1,60,,23627,54,,,1,17,,23628,54,,,1,17,,23629,54,,,1,17,,23630,54,,,1,60,,23631,54,,,1,17,,23632,54,,,1,17,,23633,54,,,1,57,,23634,54,,,1,17,,23635,54,,,1,20,,23636,54,,,1,17,,23637,54,,,1,57,,23638,54,,,1,17,,23639,54,,,1,17,,23640,54,,,1,57,,23641,54,,,1,17,,23642,54,,,1,17,,23643,54,,,1,17,,23644,54,,,1,52,,23645,54,,,1,17,,23646,54,,,1,17,,23647,54,,,1,57,,23648,54,,,1,17,,23649,54,,,1,17,,23650,54,,,1,17,,23651,54,,,1,57,,23652,54,,,1,17,,23653,54,,,1,15,,23654,54,,,1,17,,23655,54,,,1,57,,23656,54,,,1,17,,23657,54,,,1,13,,23658,54,,,1,99,,23659,54,,,1,99,,23660,54,,,1,99,,23661,54,,,1,94,,23662,54,,,1,99,,23663,54,,,1
201,'2',800,,24035,5,,,1,40,,24036,5,,,1,81,,24037,5,,,1,80,,24038,5,,,1,40,,24039,5,,,1,81,,24040,5,,,1,80,,24041,5,,,1,40,,24042,5,,,1,80,,24043,5,,,1,80,,24044,5,,,1,39,,24045,5,,,1,80,,24046,5,,,1,80,,24047,5,,,1,40,,24048,5,,,1,80,,24049,5,,,1,80,,24050,5,,,1,40,,24051,5,,,1,80,,24052,5,,,1,80,,24053,5,,,1,40,,24054,5,,,1,80,,24055,5,,,1,33,,24056,5,,,1,73,,24057,5,,,1,73,,24058,5,,,1,32,,24059,5,,,1,73,,24060,5,,,1
201,'3',851,,24071,5,,,1,152,,24061,5,,,1,117,,24062,5,,,1,117,,24063,5,,,1,117,,24064,5,,,1,158,,24065,5,,,1,117,,24066,5,,,1,117,,24067,5,,,1,157,,24068,5,,,1,113,,24069,5,,,1,115,,24070,5,,,1,105,,24072,5,,,1,108,,24073,5,,,1
201,'74',800,,24074,5,,,1,40,,24075,5,,,1,81,,24076,5,,,1,80,,24077,5,,,1,40,,24078,5,,,1,81,,24079,5,,,1,80,,24080,5,,,1,40,,24081,5,,,1,80,,24082,5,,,1,80,,24083,5,,,1,39,,24084,5,,,1,80,,24085,5,,,1,80,,24086,5,,,1,40,,24087,5,,,1,80,,24088,5,,,1,80,,24089,5,,,1,40,,24090,5,,,1,80,,24091,5,,,1,80,,24092,5,,,1,40,,24093,5,,,1,80,,24094,5,,,1,33,,24095,5,,,1,73,,24096,5,,,1,73,,24097,5,,,1,32,,24098,5,,,1,73,,24099,5,,,1
201,'80',851,,24110,5,,,1,152,,24100,5,,,1,117,,24101,5,,,1,117,,24102,5,,,1,117,,24103,5,,,1,158,,24104,5,,,1,117,,24105,5,,,1,117,,24106,5,,,1,157,,24107,5,,,1,113,,24108,5,,,1,115,,24109,5,,,1,105,,24111,5,,,1,108,,24112,5,,,1
1400,'1',544,,26392,53,,,1,67,,26391,53,,,1,29,,26390,53,,,1,73,,26388,53,,,1,30,,26389,53,,,1,72,,26414,53,,,1,22,,26413,53,,,1,77,,26412,53,,,1,28,,26411,50,,,1,74,,26410,50,,,1,34,,26404,50,,,1,75,,26394,50,,,1,34,,26409,50,,,1,73,,26408,50,,,1,73,,26407,50,,,1,33,,26406,50,,,1,73,,26405,50,,,1,38,,26403,53,,,1,72,,26402,53,,,1,36,,26401,53,,,1,71,,26400,53,,,1,77,,26399,53,,,1,32,,26398,53,,,1,75,,26397,53,,,1,35,,26396,53,,,1,66,,26395,53,,,1,27,,26393,50,,,1,76,,26415,50,,,1,41,,26416,50,,,1
30500,'1',558,,33001,1,,,1,65,,33000,1,,,1,25,,32999,1,,,1,67,,32996,1,,,1,23,,32998,1,,,1,65,,32997,1,,,1
30501,'1',1625,,33008,2,,,1,25,,33007,2,,,1,68,,33006,2,,,1,26,,33005,2,,,1,61,,33004,2,,,1,25,,33003,2,,,1,25,,33002,2,,,1
