300,'1',507,,24137,68,4,,1,32,,24138,68,4,,1,87,,24113,68,4,,1,32,,24114,68,4,,1,75,,24115,68,4,,1,79,,24116,68,4,,1,32,,24117,68,4,,1,78,,24118,68,4,,1,24,,24119,68,4,,1,72,,24142,1,4,,1,24,,24121,68,4,,1,89,,24122,68,4,,1,86,,24123,68,4,,1,86,,24124,68,4,,1,46,,24125,68,4,,1,86,,24126,68,4,,1,94,,24127,68,4,,1,76,,24128,68,4,,1,32,,24129,68,4,,1,72,,24130,68,4,,1,32,,24131,68,4,,1,72,,24132,68,4,,1,32,,24133,68,4,,1,64,,24134,68,4,,1,32,,24135,68,4,,1,67,,24136,68,4,,1,32,,24139,68,4,,1,83,,24140,68,4,,1,80,,24143,1,4,,1
300,'2',847,,24147,68,4,,1,103,,24146,68,4,,1,105,,24148,68,4,,1,145,,24149,68,4,,1,105,,24150,68,4,,1,105,,24151,68,4,,1,107,,24152,68,4,,1,105,,24153,68,4,,1,107,,24154,68,4,,1,106,,24155,68,4,,1,101,,24156,68,4,,1,102,,24157,68,4,,1,99,,24158,68,4,,1,102,,24144,1,4,,1
300,'3',1007,,24160,68,4,,1,100,,24172,68,4,,1,104,,24171,68,4,,1,102,,24170,68,4,,1,102,,24169,68,4,,1,99,,24168,68,4,,1,102,,24167,68,4,,1,102,,24166,68,4,,1,102,,24165,68,4,,1,102,,24164,68,4,,1,99,,24163,68,4,,1,99,,24162,68,4,,1,98,,24159,1,4,,1
300,'74',847,,24176,68,4,,1,103,,24175,68,4,,1,105,,24177,68,4,,1,145,,24178,68,4,,1,105,,24179,68,4,,1,105,,24180,68,4,,1,107,,24181,68,4,,1,105,,24182,68,4,,1,107,,24183,68,4,,1,106,,24184,68,4,,1,101,,24185,68,4,,1,102,,24186,68,4,,1,99,,24187,68,4,,1,102,,24173,1,4,,1
300,'80',1007,,24189,68,4,,1,100,,24201,68,4,,1,104,,24200,68,4,,1,102,,24199,68,4,,1,102,,24198,68,4,,1,99,,24197,68,4,,1,102,,24196,68,4,,1,102,,24195,68,4,,1,102,,24194,68,4,,1,102,,24193,68,4,,1,99,,24192,68,4,,1,99,,24191,68,4,,1,98,,24188,1,4,,1
301,'1',512,,24203,1,,,1,32,,24204,1,,,1,72,,24205,1,,,1,32,,24206,1,,,1,72,,24207,1,,,1,32,,24208,1,,,1,72,,24209,1,,,1,32,,24210,1,,,1,72,,24202,1,,,1,77,,24226,1,,,1,46,,24211,1,,,1,86,,24212,1,,,1,86,,24213,1,,,1,86,,24214,1,,,1,46,,24215,1,,,1,86,,24216,1,,,1,67,,24217,1,,,1,32,,24218,1,,,1,72,,24219,1,,,1,32,,24220,1,,,1,72,,24221,1,,,1,32,,24222,1,,,1,72,,24223,1,,,1,32,,24224,1,,,1,66,,24225,1,,,1,29,,24231,1,,,1,66,,24228,1,,,1,43,,24229,1,,,1,80,,24230,1,0,25 26,1
301,'2',750,,24234,1,,,1,103,,24233,1,,,1,103,,24238,1,,,1,145,,24235,1,,,1,105,,24236,1,,,1,105,,24237,1,,,1,105,,24239,1,,,1,106,,24240,1,,,1,106,,24241,1,,,1,106,,24242,1,,,1,106,,24243,1,,,1,102,,24244,1,,,1,102,,24245,1,,,1,102,,24232,1,0,25 26,1
301,'3',910,,24253,1,,,1,102,,24252,1,,,1,102,,24251,1,,,1,102,,24250,1,,,1,102,,24249,1,,,1,102,,24248,1,,,1,102,,24247,1,,,1,102,,24246,1,,,1,102,,24258,1,,,1,102,,24257,1,,,1,102,,24256,1,,,1,98,,24255,1,,,1,98,,24254,1,0,25 26,1
301,'74',750,,24261,1,,,1,103,,24260,1,,,1,103,,24265,1,,,1,145,,24262,1,,,1,105,,24263,1,,,1,105,,24264,1,,,1,105,,24266,1,,,1,106,,24267,1,,,1,106,,24268,1,,,1,106,,24269,1,,,1,106,,24270,1,,,1,102,,24271,1,,,1,102,,24272,1,,,1,102,,24259,1,0,25 26,1
301,'80',910,,24276,1,,,1,102,,24275,1,,,1,102,,24274,1,,,1,102,,24273,1,,,1,102,,24280,1,,,1,102,,24279,1,,,1,102,,24278,1,,,1,102,,24277,1,,,1,102,,24285,1,,,1,102,,24284,1,,,1,102,,24283,1,,,1,98,,24282,1,,,1,98,,24281,1,0,25 26,1
