300,'1',416,,24137,1,0,21 22 23 3 24,1,27,,24138,1,0,21 22 23 3 24,1,87,,24113,1,0,21 22 23 3 24,1,72,,24114,1,0,21 22 23 3 24,1,32,,24115,1,0,21 22 23 3 24,1,72,,24116,1,0,21 22 23 3 24,1,32,,24117,1,0,21 22 23 3 24,1,72,,24118,1,0,21 22 23 3 24,1,32,,24119,1,0,21 22 23 3 24,1,72,,24120,1,0,21 22 23 3 24,1,32,,24121,1,0,21 22 23 3 24,1,86,,24122,1,0,21 22 23 3 24,1,86,,24123,1,0,21 22 23 3 24,1,86,,24124,1,0,21 22 23 3 24,1,46,,24125,1,0,21 22 23 3 24,1,86,,24126,1,0,21 22 23 3 24,1,86,,24127,1,0,21 22 23 3 24,1,32,,24128,1,0,21 22 23 3 24,1,72,,24129,1,0,21 22 23 3 24,1,32,,24130,1,0,21 22 23 3 24,1,72,,24131,1,0,21 22 23 3 24,1,72,,24132,1,0,21 22 23 3 24,1,32,,24133,1,0,21 22 23 3 24,1,72,,24134,1,0,21 22 23 3 24,1,32,,24135,1,0,21 22 23 3 24,1,72,,24136,1,0,21 22 23 3 24,1,32,,24139,1,0,21 22 23 3 24,1,83,,24140,1,0,21 22 23 3 24,1,83,,24141,1,0,21 22 23 3 24,1
300,'2',751,,24147,1,0,21 22 23 3 24,1,103,,24146,1,0,21 22 23 3 24,1,105,,24148,1,0,21 22 23 3 24,1,145,,24149,1,0,21 22 23 3 24,1,105,,24150,1,0,21 22 23 3 24,1,105,,24151,1,0,21 22 23 3 24,1,105,,24152,1,0,21 22 23 3 24,1,105,,24153,1,0,21 22 23 3 24,1,105,,24154,1,0,21 22 23 3 24,1,106,,24155,1,0,21 22 23 3 24,1,106,,24156,1,0,21 22 23 3 24,1,102,,24157,1,0,21 22 23 3 24,1,102,,24158,1,0,21 22 23 3 24,1,102,,24145,1,0,21 22 23 3 24,1
300,'3',913,,24160,1,0,21 22 23 3 24,1,100,,24172,1,0,21 22 23 3 24,1,102,,24171,1,0,21 22 23 3 24,1,102,,24170,1,0,21 22 23 3 24,1,102,,24169,1,0,21 22 23 3 24,1,102,,24168,1,0,21 22 23 3 24,1,102,,24167,1,0,21 22 23 3 24,1,102,,24166,1,0,21 22 23 3 24,1,102,,24165,1,0,21 22 23 3 24,1,102,,24164,1,0,21 22 23 3 24,1,102,,24163,1,0,21 22 23 3 24,1,99,,24162,1,0,21 22 23 3 24,1,98,,24161,1,0,21 22 23 3 24,1
300,'74',751,,24176,1,0,21 22 23 3 24,1,103,,24175,1,0,21 22 23 3 24,1,105,,24177,1,0,21 22 23 3 24,1,145,,24178,1,0,21 22 23 3 24,1,105,,24179,1,0,21 22 23 3 24,1,105,,24180,1,0,21 22 23 3 24,1,105,,24181,1,0,21 22 23 3 24,1,105,,24182,1,0,21 22 23 3 24,1,105,,24183,1,0,21 22 23 3 24,1,106,,24184,1,0,21 22 23 3 24,1,106,,24185,1,0,21 22 23 3 24,1,102,,24186,1,0,21 22 23 3 24,1,102,,24187,1,0,21 22 23 3 24,1,102,,24174,1,0,21 22 23 3 24,1
300,'80',913,,24189,1,0,21 22 23 3 24,1,100,,24201,1,0,21 22 23 3 24,1,102,,24200,1,0,21 22 23 3 24,1,102,,24199,1,0,21 22 23 3 24,1,102,,24198,1,0,21 22 23 3 24,1,102,,24197,1,0,21 22 23 3 24,1,102,,24196,1,0,21 22 23 3 24,1,102,,24195,1,0,21 22 23 3 24,1,102,,24194,1,0,21 22 23 3 24,1,102,,24193,1,0,21 22 23 3 24,1,102,,24192,1,0,21 22 23 3 24,1,99,,24191,1,0,21 22 23 3 24,1,98,,24190,1,0,21 22 23 3 24,1
301,'1',612,,24203,72,4,,1,32,,24204,72,4,,1,77,,24205,72,4,,1,36,,24206,72,4,,1,72,,24207,72,4,,1,79,,24208,72,4,,1,32,,24209,72,4,,1,62,,24210,72,4,,1,32,,24202,72,4,,1,77,,24226,72,4,,1,46,,24211,72,4,,1,86,,24212,72,4,,1,86,,24213,72,4,,1,86,,24214,72,4,,1,34,,24227,19,4,,1,52,,24215,72,4,,1,55,,24216,72,4,,1,67,,24217,72,4,,1,32,,24218,72,4,,1,72,,24219,72,4,,1,32,,24220,72,4,,1,65,,24221,72,4,,1,32,,24222,72,4,,1,65,,24223,72,4,,1,32,,24224,72,4,,1,66,,24225,72,4,,1,29,,24231,72,4,,1,66,,24228,72,4,,1,43,,24229,72,4,,1
301,'2',848,,24234,72,4,,1,103,,24233,72,4,,1,107,,24238,72,4,,1,145,,24235,72,4,,1,105,,24236,72,4,,1,105,,24237,72,4,,1,105,,24239,72,4,,1,106,,24240,72,4,,1,106,,24241,72,4,,1,106,,24242,72,4,,1,102,,24243,72,4,,1,102,,24244,72,4,,1,102,,24245,72,4,,1
301,'3',1006,,24253,72,4,,1,104,,24252,72,4,,1,102,,24251,72,4,,1,102,,24250,72,4,,1,102,,24249,72,4,,1,102,,24248,72,4,,1,102,,24247,72,4,,1,102,,24246,72,4,,1,102,,24258,72,4,,1,102,,24257,72,4,,1,99,,24256,72,4,,1,98,,24255,72,4,,1
301,'74',848,,24261,72,4,,1,103,,24260,72,4,,1,107,,24265,72,4,,1,145,,24262,72,4,,1,105,,24263,72,4,,1,105,,24264,72,4,,1,105,,24266,72,4,,1,106,,24267,72,4,,1,106,,24268,72,4,,1,106,,24269,72,4,,1,102,,24270,72,4,,1,102,,24271,72,4,,1,102,,24272,72,4,,1
301,'80',1006,,24276,72,4,,1,104,,24275,72,4,,1,102,,24274,72,4,,1,102,,24273,72,4,,1,102,,24280,72,4,,1,102,,24279,72,4,,1,102,,24278,72,4,,1,102,,24277,72,4,,1,102,,24285,72,4,,1,102,,24284,72,4,,1,99,,24283,72,4,,1,98,,24282,72,4,,1
