800,'1',539,,25474,8,,,1,16,,25460,8,,,1,56,,25461,8,,,1,16,,25462,8,,,1,16,,25463,8,,,1,16,,25464,8,,,1,56,,25465,8,,,1,16,,25466,8,,,1,16,,25467,8,,,1,57,,25468,8,,,1,16,,25469,8,,,1,16,,25470,8,,,1,16,,25471,8,,,1,56,,25472,8,,,1,15,,25473,8,,,1,11,,25506,8,,,1,69,,25475,8,,,1,29,,25476,8,,,1,69,,25477,8,,,1,29,,25478,8,,,1,29,,25479,8,,,1,69,,25480,8,,,1,29,,25481,8,,,1,69,,25482,8,,,1,29,,25483,8,,,1,69,,25484,8,,,1,13,,25508,8,,,1,16,,25507,8,,,1,56,,25485,8,,,1,16,,25486,8,,,1,16,,25487,8,,,1,16,,25488,8,,,1,56,,25489,8,,,1,16,,25490,8,,,1,16,,25491,8,,,1,56,,25492,8,,,1,16,,25493,8,,,1,16,,25494,8,,,1,16,,25495,8,,,1,56,,25496,8,,,1,16,,25497,8,,,1,16,,25498,8,,,1,16,,25499,8,,,1,55,,25500,8,,,1,16,,25501,8,,,1,16,,25502,8,,,1,16,,25503,8,,,1,56,,25504,8,,,1,24,,25505,8,,,1,65,,25509,8,,,1,25,,25510,8,,,1,24,,25511,8,,,1,65,,25512,8,,,1,24,,25513,8,,,1,65,,25514,8,,,1,25,,25515,8,,,1,25,,25516,8,,,1,65,,25517,8,,,1
800,'74',805,,25521,8,,,1,28,,25522,8,,,1,68,,25523,8,,,1,28,,25524,8,,,1,28,,25525,8,,,1,70,,25526,8,,,1,28,,25527,8,,,1,68,,25528,8,,,1,28,,25529,8,,,1,68,,25530,8,,,1,28,,25531,8,,,1,68,,25532,8,,,1,28,,25533,8,,,1,68,,25534,8,,,1,28,,25535,8,,,1,68,,25536,8,,,1,28,,25537,8,,,1,68,,25538,8,,,1,28,,25539,8,,,1,28,,25540,8,,,1,68,,25541,8,,,1,28,,25542,8,,,1,66,,25543,8,,,1,28,,25544,8,,,1,68,,25545,8,,,1,28,,25546,8,,,1,68,,25547,8,,,1,28,,25548,8,,,1,68,,25549,8,,,1,30,,25550,8,,,1,70,,25551,8,,,1,30,,25552,8,,,1,70,,25553,8,,,1,30,,25554,8,,,1,70,,25555,8,,,1
800,'80',800,,25556,8,,,1,54,,25557,8,,,1,67,,25558,8,,,1,27,,25559,8,,,1,67,,25560,8,,,1,27,,25561,8,,,1,67,,25562,8,,,1,27,,25563,8,,,1,67,,25564,8,,,1,27,,25565,8,,,1,27,,25566,8,,,1,67,,25567,8,,,1,27,,25568,8,,,1,67,,25569,8,,,1,27,,25570,8,,,1,67,,25571,8,,,1,27,,25572,8,,,1,67,,25573,8,,,1,27,,25574,8,,,1,67,,25575,8,,,1,27,,25576,8,,,1,27,,25577,8,,,1,67,,25578,8,,,1,27,,25579,8,,,1,94,,25580,8,,,1,113,,25581,8,,,1
800,'35296.2',805,,25582,8,,,1,28,,25583,8,,,1,68,,25584,8,,,1,28,,25585,8,,,1,28,,25586,8,,,1,70,,25587,8,,,1,28,,25588,8,,,1,68,,25589,8,,,1,28,,25590,8,,,1,68,,25591,8,,,1,28,,25592,8,,,1,68,,25593,8,,,1,28,,25594,8,,,1,68,,25595,8,,,1,28,,25596,8,,,1,68,,25597,8,,,1,28,,25598,8,,,1,68,,25599,8,,,1,28,,25600,8,,,1,28,,25601,8,,,1,68,,25602,8,,,1,28,,25603,8,,,1,66,,25604,8,,,1,28,,25605,8,,,1,68,,25606,8,,,1,28,,25607,8,,,1,68,,25608,8,,,1,28,,25609,8,,,1,68,,25610,8,,,1,30,,25611,8,,,1,70,,25612,8,,,1,30,,25613,8,,,1,70,,25614,8,,,1,30,,25615,8,,,1,70,,25616,8,,,1
800,'35296.3',800,,25617,8,,,1,54,,25618,8,,,1,67,,25619,8,,,1,27,,25620,8,,,1,67,,25621,8,,,1,27,,25622,8,,,1,67,,25623,8,,,1,27,,25624,8,,,1,67,,25625,8,,,1,27,,25626,8,,,1,27,,25627,8,,,1,67,,25628,8,,,1,27,,25629,8,,,1,67,,25630,8,,,1,27,,25631,8,,,1,67,,25632,8,,,1,27,,25633,8,,,1,67,,25634,8,,,1,27,,25635,8,,,1,67,,25636,8,,,1,27,,25637,8,,,1,27,,25638,8,,,1,67,,25639,8,,,1,27,,25640,8,,,1,94,,25641,8,,,1,113,,25642,8,,,1
800,'35298.2',713,,25643,8,,,1,15,,25644,8,,,1,15,,25645,8,,,1,15,,25646,8,,,1,55,,25647,8,,,1,15,,25648,8,,,1,15,,25649,8,,,1,15,,25650,8,,,1,55,,25651,8,,,1,15,,25652,8,,,1,15,,25653,8,,,1,15,,25654,8,,,1,57,,25655,8,,,1,15,,25656,8,,,1,15,,25657,8,,,1,55,,25658,8,,,1,15,,25659,8,,,1,15,,25660,8,,,1,15,,25661,8,,,1,55,,25662,8,,,1,15,,25663,8,,,1,15,,25664,8,,,1,15,,25665,8,,,1,55,,25666,8,,,1,15,,25667,8,,,1,15,,25668,8,,,1,15,,25669,8,,,1,55,,25670,8,,,1,15,,25671,8,,,1,15,,25672,8,,,1,15,,25673,8,,,1,55,,25674,8,,,1,15,,25675,8,,,1,15,,25676,8,,,1,15,,25677,8,,,1,55,,25678,8,,,1,15,,25679,8,,,1,15,,25680,8,,,1,15,,25681,8,,,1,55,,25682,8,,,1,15,,25683,8,,,1,15,,25684,8,,,1,15,,25685,8,,,1,55,,25686,8,,,1,13,,25687,8,,,1,15,,25688,8,,,1,15,,25689,8,,,1,15,,25690,8,,,1,55,,25691,8,,,1,32,,25692,8,,,1,68,,25693,8,,,1,28,,25694,8,,,1,68,,25695,8,,,1,30,,25696,8,,,1,70,,25697,8,,,1,30,,25698,8,,,1,70,,25699,8,,,1,30,,25700,8,,,1,70,,25701,8,,,1
800,'35298.3',714,,25702,8,,,1,15,,25703,8,,,1,15,,25704,8,,,1,15,,25705,8,,,1,55,,25706,8,,,1,15,,25707,8,,,1,15,,25708,8,,,1,15,,25709,8,,,1,55,,25710,8,,,1,15,,25711,8,,,1,15,,25712,8,,,1,15,,25713,8,,,1,55,,25714,8,,,1,15,,25715,8,,,1,15,,25716,8,,,1,15,,25717,8,,,1,55,,25718,8,,,1,15,,25719,8,,,1,15,,25720,8,,,1,15,,25721,8,,,1,55,,25722,8,,,1,15,,25723,8,,,1,15,,25724,8,,,1,15,,25725,8,,,1,55,,25726,8,,,1,15,,25727,8,,,1,15,,25728,8,,,1,15,,25729,8,,,1,55,,25730,8,,,1,15,,25731,8,,,1,15,,25732,8,,,1,15,,25733,8,,,1,55,,25734,8,,,1,15,,25735,8,,,1,15,,25736,8,,,1,15,,25737,8,,,1,55,,25738,8,,,1,15,,25739,8,,,1,15,,25740,8,,,1,15,,25741,8,,,1,55,,25742,8,,,1,15,,25743,8,,,1,15,,25744,8,,,1,15,,25745,8,,,1,55,,25746,8,,,1,15,,25747,8,,,1,15,,25748,8,,,1,15,,25749,8,,,1,55,,25750,8,,,1,28,,25751,8,,,1,113,,25752,8,,,1
801,'1',2012,,25799,39,4,,1,422,,25810,39,4,,1
801,'80',1900,,25870,39,4,,1,54,,25872,39,4,,1,204,,25874,39,4,,1
801,'35296.3',1900,,25936,39,4,,1,54,,25938,39,4,,1,204,,25940,39,4,,1
801,'35298.2',1913,,25988,39,4,,1,503,,25999,39,4,,1
801,'35298.3',1911,,26047,39,4,,1,43,,26049,39,4,,1,204,,26051,39,4,,1
