101,'1',447,,23682,12,,,1,78,,23683,12,,,1,31,,23684,12,,,1,86,,23690,12,,,1,79,,23692,12,,,1,29,,23685,12,,,1,56,,23691,12,,,1,45,,23689,12,,,1,72,,23688,12,,,1,32,,23687,12,,,1,70,,23686,12,,,1,109,,23681,12,,,1,113,,23680,12,,,1,153,,23679,12,,,1,36,,23693,12,,,1,77,,23678,12,,,1,23,,23670,12,,,1,75,,23671,12,,,1,34,,23672,12,,,1,74,,23677,12,,,1,34,,23676,12,,,1,75,,23675,12,,,1,73,,23674,12,,,1,32,,23673,12,,,1,82,,23666,12,,,1,99,,23669,12,,,1,103,,23668,12,,,1,99,,23667,12,,,1,89,,23665,12,,,1,95,,23664,12,,,1
101,'74',641,,23715,12,,,1,104,,23694,12,,,1,103,,23695,12,,,1,105,,23696,12,,,1,148,,23697,12,,,1,110,,23708,12,,,1,101,,23698,12,,,1,92,,23699,12,,,1,52,,23700,12,,,1,92,,23701,12,,,1,92,,23702,12,,,1,92,,23703,12,,,1,91,,23704,12,,,1,92,,23705,12,,,1,92,,23706,12,,,1,51,,23707,12,,,1,161,,23709,12,,,1,97,,23710,12,,,1,95,,23711,12,,,1,96,,23712,12,,,1,97,,23713,12,,,1
101,'80',831,,23730,12,,,1,112,,23729,12,,,1,114,,23716,12,,,1,152,,23717,12,,,1,112,,23718,12,,,1,112,,23719,12,,,1,112,,23720,12,,,1,112,,23721,12,,,1,151,,23722,12,,,1,111,,23723,12,,,1,98,,23728,12,,,1,99,,23724,12,,,1,99,,23725,12,,,1,97,,23726,12,,,1,99,,23727,12,,,1
101,'35296.2',641,,23744,12,,,1,104,,23732,12,,,1,103,,23733,12,,,1,105,,23734,12,,,1,148,,23735,12,,,1,110,,23742,12,,,1,101,,23736,12,,,1,92,,23737,12,,,1,52,,23738,12,,,1,92,,23739,12,,,1,92,,23740,12,,,1,92,,23741,12,,,1,91,,23745,12,,,1,92,,23746,12,,,1,92,,23747,12,,,1,51,,23748,12,,,1,161,,23749,12,,,1,97,,23750,12,,,1,95,,23751,12,,,1,96,,23752,12,,,1,97,,23753,12,,,1
101,'35296.3',831,,23757,12,,,1,112,,23756,12,,,1,114,,23754,12,,,1,152,,23755,12,,,1,112,,23759,12,,,1,112,,23760,12,,,1,112,,23761,12,,,1,112,,23762,12,,,1,151,,23763,12,,,1,111,,23764,12,,,1,98,,23769,12,,,1,99,,23765,12,,,1,99,,23766,12,,,1,97,,23767,12,,,1,99,,23768,12,,,1
101,'35298.2',641,,23808,12,,,1,75,,23804,12,,,1,17,,23805,12,,,1,18,,23806,12,,,1,57,,23807,12,,,1,17,,23770,12,,,1,17,,23771,12,,,1,17,,23772,12,,,1,59,,23773,12,,,1,17,,23774,12,,,1,17,,23775,12,,,1,57,,23776,12,,,1,17,,23777,12,,,1,17,,23778,12,,,1,57,,23779,12,,,1,18,,23780,12,,,1,17,,23781,12,,,1,17,,23782,12,,,1,57,,23783,12,,,1,17,,23784,12,,,1,16,,23785,12,,,1,17,,23786,12,,,1,57,,23787,12,,,1,17,,23788,12,,,1,17,,23789,12,,,1,57,,23790,12,,,1,17,,23791,12,,,1,17,,23792,12,,,1,17,,23793,12,,,1,57,,23794,12,,,1,17,,23795,12,,,1,17,,23796,12,,,1,57,,23797,12,,,1,17,,23798,12,,,1,17,,23799,12,,,1,17,,23800,12,,,1,57,,23801,12,,,1,17,,23802,12,,,1,17,,23803,12,,,1,57,,23810,12,,,1,16,,23811,12,,,1,17,,23812,12,,,1,17,,23813,12,,,1,60,,23814,12,,,1,92,,23815,12,,,1,51,,23816,12,,,1,161,,23817,12,,,1,97,,23818,12,,,1,95,,23819,12,,,1,96,,23820,12,,,1,97,,23821,12,,,1
101,'35298.3',712,,23822,12,,,1,17,,23823,12,,,1,17,,23824,12,,,1,57,,23825,12,,,1,17,,23826,12,,,1,17,,23827,12,,,1,17,,23828,12,,,1,57,,23829,12,,,1,17,,23830,12,,,1,17,,23831,12,,,1,57,,23832,12,,,1,19,,23833,12,,,1,17,,23834,12,,,1,17,,23835,12,,,1,57,,23836,12,,,1,17,,23837,12,,,1,17,,23838,12,,,1,57,,23839,12,,,1,17,,23840,12,,,1,17,,23841,12,,,1,17,,23842,12,,,1,57,,23843,12,,,1,17,,23844,12,,,1,17,,23845,12,,,1,57,,23846,12,,,1,17,,23847,12,,,1,17,,23848,12,,,1,17,,23849,12,,,1,57,,23850,12,,,1,17,,23851,12,,,1,17,,23852,12,,,1,57,,23853,12,,,1,17,,23854,12,,,1,17,,23855,12,,,1,17,,23856,12,,,1,57,,23857,12,,,1,17,,23858,12,,,1,17,,23859,12,,,1,16,,23860,12,,,1,57,,23861,12,,,1,17,,23862,12,,,1,17,,23863,12,,,1,56,,23864,12,,,1,17,,23865,12,,,1,94,,23866,12,,,1,99,,23867,12,,,1,99,,23868,12,,,1,97,,23869,12,,,1,99,,23870,12,,,1
60301,'1',547,,35160,5,,,1,60,,35161,5,,,1,16,,35162,5,,,1,18,,35163,5,,,1,18,,35164,5,,,1,60,,35165,5,,,1,18,,35166,5,,,1,18,,35167,5,,,1,62,,35168,5,,,1,18,,35169,5,,,1,18,,35170,5,,,1,54,,35171,5,,,1,19,,35172,5,,,1,22,,35173,5,,,1,62,,35174,5,,,1,22,,35175,5,,,1,21,,35176,5,,,1,62,,35177,5,,,1,22,,35178,5,,,1,22,,35179,5,,,1,62,,35180,5,,,1,22,,35181,5,,,1,62,,35182,5,,,1,22,,35183,5,,,1,22,,35184,5,,,1,62,,35185,5,,,1,22,,35186,5,,,1,22,,35187,5,,,1,56,,35188,5,,,1,16,,35189,5,,,1,16,,35190,5,,,1,16,,35191,5,,,1,56,,35192,5,,,1,16,,35193,5,,,1,16,,35194,5,,,1,56,,35195,5,,,1,16,,35196,5,,,1,16,,35197,5,,,1,16,,35198,5,,,1,56,,35199,5,,,1,15,,35200,5,,,1,16,,35201,5,,,1,16,,35202,5,,,1,56,,35203,5,,,1,26,,35204,5,,,1,70,,35205,5,,,1,30,,35206,5,,,1,70,,35207,5,,,1,30,,35208,5,,,1,70,,35209,5,,,1,34,,35210,5,,,1,82,,35211,5,,,1,79,,35212,5,,,1
60301,'74',554,,35215,5,,,1,79,,35216,5,,,1,81,,35217,5,,,1,40,,35218,5,,,1,81,,35219,5,,,1,82,,35220,5,,,1,40,,35221,5,,,1,79,,35222,5,,,1,85,,35223,5,,,1,38,,35224,5,,,1,78,,35225,5,,,1,78,,35226,5,,,1,38,,35227,5,,,1,77,,35228,5,,,1,79,,35229,5,,,1,38,,35230,5,,,1,78,,35231,5,,,1,75,,35232,5,,,1,38,,35233,5,,,1,78,,35234,5,,,1,38,,35235,5,,,1,78,,35236,5,,,1,91,,35237,5,,,1,80,,35238,5,,,1,40,,35239,5,,,1,80,,35240,5,,,1,98,,35241,5,,,1,92,,35242,5,,,1,92,,35243,5,,,1
60301,'80',807,,35247,5,,,1,38,,35248,5,,,1,76,,35249,5,,,1,88,,35250,5,,,1,40,,35251,5,,,1,82,,35252,5,,,1,82,,35253,5,,,1,43,,35254,5,,,1,83,,35255,5,,,1,81,,35256,5,,,1,82,,35257,5,,,1,41,,35258,5,,,1,80,,35259,5,,,1,36,,35260,5,,,1,76,,35261,5,,,1,76,,35262,5,,,1,35,,35263,5,,,1,76,,35264,5,,,1,36,,35265,5,,,1,76,,35266,5,,,1,76,,35267,5,,,1,40,,35268,5,,,1,105,,35269,5,,,1,146,,35270,5,,,1,106,,35271,5,,,1
60301,'35296.2',554,,35274,5,,,1,79,,35275,5,,,1,81,,35276,5,,,1,40,,35277,5,,,1,81,,35278,5,,,1,82,,35279,5,,,1,40,,35280,5,,,1,79,,35281,5,,,1,85,,35282,5,,,1,38,,35283,5,,,1,78,,35284,5,,,1,78,,35285,5,,,1,38,,35286,5,,,1,77,,35287,5,,,1,79,,35288,5,,,1,38,,35289,5,,,1,78,,35290,5,,,1,75,,35291,5,,,1,38,,35292,5,,,1,78,,35293,5,,,1,38,,35294,5,,,1,78,,35295,5,,,1,91,,35296,5,,,1,80,,35297,5,,,1,40,,35298,5,,,1,80,,35299,5,,,1,98,,35300,5,,,1,92,,35301,5,,,1,92,,35302,5,,,1
60301,'35296.3',807,,35306,5,,,1,38,,35307,5,,,1,76,,35308,5,,,1,88,,35309,5,,,1,40,,35310,5,,,1,82,,35311,5,,,1,82,,35312,5,,,1,43,,35313,5,,,1,83,,35314,5,,,1,81,,35315,5,,,1,82,,35316,5,,,1,41,,35317,5,,,1,80,,35318,5,,,1,36,,35319,5,,,1,76,,35320,5,,,1,76,,35321,5,,,1,35,,35322,5,,,1,76,,35323,5,,,1,36,,35324,5,,,1,76,,35325,5,,,1,76,,35326,5,,,1,40,,35327,5,,,1,105,,35328,5,,,1,146,,35329,5,,,1,106,,35330,5,,,1
60301,'35297.2',521,,35438,5,,,1,22,,35439,5,,,1,62,,35440,5,,,1,21,,35441,5,,,1,22,,35442,5,,,1,63,,35331,5,,,1,7,,35332,5,,,1,7,,35333,5,,,1,7,,35334,5,,,1,7,,35335,5,,,1,7,,35336,5,,,1,7,,35337,5,,,1,47,,35338,5,,,1,7,,35339,5,,,1,7,,35340,5,,,1,7,,35341,5,,,1,8,,35342,5,,,1,7,,35343,5,,,1,7,,35344,5,,,1,7,,35345,5,,,1,7,,35346,5,,,1,47,,35347,5,,,1,7,,35348,5,,,1,9,,35349,5,,,1,7,,35350,5,,,1,7,,35351,5,,,1,7,,35352,5,,,1,7,,35353,5,,,1,7,,35354,5,,,1,46,,35355,5,,,1,7,,35356,5,,,1,7,,35357,5,,,1,7,,35358,5,,,1,7,,35359,5,,,1,7,,35360,5,,,1,8,,35361,5,,,1,7,,35362,5,,,1,7,,35363,5,,,1,47,,35364,5,,,1,7,,35365,5,,,1,7,,35366,5,,,1,7,,35367,5,,,1,7,,35368,5,,,1,7,,35369,5,,,1,7,,35370,5,,,1,7,,35371,5,,,1,47,,35372,5,,,1,7,,35373,5,,,1,7,,35374,5,,,1,7,,35375,5,,,1,7,,35376,5,,,1,7,,35377,5,,,1,7,,35378,5,,,1,7,,35379,5,,,1,7,,35380,5,,,1,47,,35381,5,,,1,7,,35382,5,,,1,7,,35383,5,,,1,7,,35384,5,,,1,7,,35385,5,,,1,7,,35386,5,,,1,7,,35387,5,,,1,7,,35388,5,,,1,47,,35389,5,,,1,7,,35390,5,,,1,6,,35391,5,,,1,7,,35392,5,,,1,7,,35393,5,,,1,7,,35394,5,,,1,7,,35395,5,,,1,8,,35396,5,,,1,7,,35397,5,,,1,47,,35398,5,,,1,7,,35399,5,,,1,7,,35400,5,,,1,7,,35401,5,,,1,7,,35402,5,,,1,7,,35403,5,,,1,7,,35404,5,,,1,7,,35405,5,,,1,7,,35406,5,,,1,47,,35407,5,,,1,7,,35408,5,,,1,7,,35409,5,,,1,7,,35410,5,,,1,7,,35411,5,,,1,7,,35412,5,,,1,7,,35413,5,,,1,7,,35414,5,,,1,4,,35415,5,,,1,47,,35416,5,,,1,7,,35417,5,,,1,7,,35418,5,,,1,7,,35419,5,,,1,7,,35420,5,,,1,11,,35421,5,,,1,7,,35422,5,,,1,7,,35423,5,,,1,47,,35424,5,,,1,7,,35425,5,,,1,3,,35426,5,,,1,7,,35427,5,,,1,7,,35428,5,,,1,7,,35429,5,,,1,7,,35430,5,,,1,7,,35431,5,,,1,7,,35432,5,,,1,47,,35433,5,,,1,7,,35434,5,,,1,7,,35435,5,,,1,7,,35436,5,,,1,7,,35437,5,,,1,22,,35443,5,,,1,62,,35444,5,,,1,22,,35445,5,,,1,62,,35446,5,,,1,22,,35447,5,,,1,22,,35448,5,,,1,62,,35449,5,,,1,22,,35450,5,,,1,22,,35451,5,,,1,60,,35452,5,,,1,22,,35453,5,,,1,22,,35454,5,,,1,62,,35455,5,,,1,22,,35456,5,,,1,62,,35457,5,,,1,22,,35458,5,,,1
60301,'35297.3',710,,35459,5,,,1,7,,35460,5,,,1,7,,35461,5,,,1,7,,35462,5,,,1,7,,35463,5,,,1,7,,35464,5,,,1,7,,35465,5,,,1,7,,35466,5,,,1,47,,35467,5,,,1,7,,35468,5,,,1,7,,35469,5,,,1,7,,35470,5,,,1,7,,35471,5,,,1,9,,35472,5,,,1,7,,35473,5,,,1,7,,35474,5,,,1,47,,35475,5,,,1,7,,35476,5,,,1,7,,35477,5,,,1,7,,35478,5,,,1,7,,35479,5,,,1,7,,35480,5,,,1,7,,35481,5,,,1,9,,35482,5,,,1,47,,35483,5,,,1,7,,35484,5,,,1,7,,35485,5,,,1,7,,35486,5,,,1,7,,35487,5,,,1,7,,35488,5,,,1,5,,35489,5,,,1,7,,35490,5,,,1,7,,35491,5,,,1,47,,35492,5,,,1,7,,35493,5,,,1,7,,35494,5,,,1,7,,35495,5,,,1,7,,35496,5,,,1,7,,35497,5,,,1,7,,35498,5,,,1,7,,35499,5,,,1,7,,35500,5,,,1,47,,35501,5,,,1,7,,35502,5,,,1,7,,35503,5,,,1,7,,35504,5,,,1,7,,35505,5,,,1,7,,35506,5,,,1,8,,35507,5,,,1,7,,35508,5,,,1,47,,35509,5,,,1,7,,35510,5,,,1,7,,35511,5,,,1,7,,35512,5,,,1,8,,35513,5,,,1,7,,35514,5,,,1,7,,35515,5,,,1,7,,35516,5,,,1,47,,35517,5,,,1,7,,35518,5,,,1,6,,35519,5,,,1,7,,35520,5,,,1,7,,35521,5,,,1,7,,35522,5,,,1,7,,35523,5,,,1,7,,35524,5,,,1,7,,35525,5,,,1,47,,35526,5,,,1,7,,35527,5,,,1,7,,35528,5,,,1,7,,35529,5,,,1,6,,35530,5,,,1,7,,35531,5,,,1,7,,35532,5,,,1,7,,35533,5,,,1,7,,35534,5,,,1,47,,35535,5,,,1,7,,35536,5,,,1,7,,35537,5,,,1,7,,35538,5,,,1,7,,35539,5,,,1,7,,35540,5,,,1,7,,35541,5,,,1,7,,35542,5,,,1,47,,35543,5,,,1,7,,35544,5,,,1,7,,35545,5,,,1,7,,35546,5,,,1,7,,35547,5,,,1,7,,35548,5,,,1,7,,35549,5,,,1,7,,35550,5,,,1,7,,35551,5,,,1,47,,35552,5,,,1,7,,35553,5,,,1,7,,35554,5,,,1,7,,35555,5,,,1,7,,35556,5,,,1,7,,35557,5,,,1,6,,35558,5,,,1,7,,35559,5,,,1,7,,35560,5,,,1,47,,35561,5,,,1,7,,35562,5,,,1,7,,35563,5,,,1,7,,35564,5,,,1,7,,35565,5,,,1,7,,35566,5,,,1,62,,35567,5,,,1,22,,35568,5,,,1,22,,35569,5,,,1,62,,35570,5,,,1,21,,35571,5,,,1,22,,35572,5,,,1,61,,35573,5,,,1,22,,35574,5,,,1,22,,35575,5,,,1,62,,35576,5,,,1,22,,35577,5,,,1,62,,35578,5,,,1,22,,35579,5,,,1,22,,35580,5,,,1,62,,35581,5,,,1
6030101,'1',557,,37625,5,,,1,57,,37626,5,,,1,18,,37627,5,,,1,18,,37628,5,,,1,58,,37629,5,,,1,20,,37630,5,,,1,18,,37631,5,,,1,62,,37632,5,,,1,18,,37633,5,,,1,18,,37634,5,,,1,14,,37635,5,,,1,58,,37636,5,,,1,21,,37637,5,,,1,22,,37638,5,,,1,62,,37639,5,,,1,21,,37640,5,,,1,62,,37641,5,,,1,22,,37642,5,,,1,22,,37643,5,,,1,62,,37644,5,,,1,22,,37645,5,,,1,22,,37646,5,,,1,62,,37647,5,,,1,22,,37648,5,,,1,62,,37649,5,,,1,22,,37650,5,,,1,22,,37651,5,,,1,59,,37652,5,,,1,16,,37653,5,,,1,16,,37654,5,,,1,16,,37655,5,,,1,56,,37656,5,,,1,16,,37657,5,,,1,16,,37658,5,,,1,16,,37659,5,,,1,56,,37660,5,,,1,16,,37661,5,,,1,16,,37662,5,,,1,16,,37663,5,,,1,55,,37664,5,,,1,16,,37665,5,,,1,16,,37666,5,,,1,56,,37667,5,,,1,19,,37668,5,,,1,30,,37669,5,,,1,70,,37670,5,,,1,30,,37671,5,,,1,70,,37672,5,,,1,30,,37673,5,,,1,70,,37674,5,,,1,80,,37675,5,,,1,41,,37676,5,,,1,80,,37677,5,,,1
6030101,'74',613,,37678,5,,,1,40,,37679,5,,,1,81,,37680,5,,,1,80,,37681,5,,,1,41,,37682,5,,,1,82,,37683,5,,,1,79,,37684,5,,,1,86,,37698,5,,,1,38,,37697,5,,,1,78,,37685,5,,,1,38,,37686,5,,,1,78,,37687,5,,,1,78,,37688,5,,,1,38,,37689,5,,,1,78,,37690,5,,,1,78,,37691,5,,,1,38,,37692,5,,,1,75,,37693,5,,,1,82,,37694,5,,,1,34,,37695,5,,,1,78,,37696,5,,,1,90,,37702,5,,,1,40,,37701,5,,,1,80,,37699,5,,,1,80,,37700,5,,,1,54,,37706,5,,,1,90,,37703,5,,,1,92,,37704,5,,,1,92,,37705,5,,,1
6030101,'80',749,,37710,5,,,1,76,,37711,5,,,1,78,,37712,5,,,1,43,,37721,5,,,1,83,,37713,5,,,1,80,,37714,5,,,1,42,,37715,5,,,1,83,,37716,5,,,1,82,,37717,5,,,1,84,,37718,5,,,1,40,,37719,5,,,1,82,,37720,5,,,1,83,,37731,5,,,1,35,,37722,5,,,1,77,,37723,5,,,1,36,,37724,5,,,1,75,,37725,5,,,1,76,,37726,5,,,1,36,,37727,5,,,1,75,,37728,5,,,1,37,,37729,5,,,1,75,,37730,5,,,1,95,,37732,5,,,1,106,,37733,5,,,1,106,,37734,5,,,1,106,,37738,5,,,1
6030101,'35296.2',613,,37739,5,,,1,40,,37740,5,,,1,81,,37741,5,,,1,80,,37742,5,,,1,41,,37743,5,,,1,82,,37744,5,,,1,79,,37745,5,,,1,86,,37759,5,,,1,38,,37758,5,,,1,78,,37746,5,,,1,38,,37747,5,,,1,78,,37748,5,,,1,78,,37749,5,,,1,38,,37750,5,,,1,78,,37751,5,,,1,78,,37752,5,,,1,38,,37753,5,,,1,75,,37754,5,,,1,82,,37755,5,,,1,34,,37756,5,,,1,78,,37757,5,,,1,90,,37763,5,,,1,40,,37762,5,,,1,80,,37760,5,,,1,80,,37761,5,,,1,54,,37767,5,,,1,90,,37764,5,,,1,92,,37765,5,,,1,92,,37766,5,,,1
6030101,'35296.3',749,,37771,5,,,1,76,,37772,5,,,1,78,,37773,5,,,1,43,,37782,5,,,1,83,,37774,5,,,1,80,,37775,5,,,1,42,,37776,5,,,1,83,,37777,5,,,1,82,,37778,5,,,1,84,,37779,5,,,1,40,,37780,5,,,1,82,,37781,5,,,1,83,,37792,5,,,1,35,,37783,5,,,1,77,,37784,5,,,1,36,,37785,5,,,1,75,,37786,5,,,1,76,,37787,5,,,1,36,,37788,5,,,1,75,,37789,5,,,1,37,,37790,5,,,1,75,,37791,5,,,1,95,,37793,5,,,1,106,,37794,5,,,1,106,,37795,5,,,1,106,,37799,5,,,1
