201,'1',528,,24021,30,4,,1,21,,24022,30,4,,1,61,,24023,30,4,,1,21,,24024,30,4,,1,3,,23991,81,4,,1,21,,23992,81,4,,1,65,,23993,81,4,,1,23,,23994,81,4,,1,61,,23995,81,4,,1,29,,23996,89,4,,1,22,,23997,81,4,,1,61,,23998,81,4,,1,21,,23999,81,4,,1,12,,24000,81,4,,1,71,,24001,81,4,,1,35,,24002,81,4,,1,75,,24003,81,4,,1,75,,24004,81,4,,1,35,,24005,81,4,,1,75,,24006,81,4,,1,35,,24007,81,4,,1,75,,24008,81,4,,1,83,,24009,81,4,,1,23,,24010,81,4,,1,23,,24011,81,4,,1,64,,24012,81,4,,1,21,,24013,81,4,,1,67,,24014,81,4,,1,25,,24015,81,4,,1,23,,24016,81,4,,1,63,,24017,81,4,,1,17,,24018,81,4,,1,23,,24019,81,4,,1,59,,24020,81,4,,1,23,,24025,81,4,,1,18,,24026,81,4,,1,80,,24027,81,4,,1,80,,24028,81,4,,1,35,,24029,81,4,,1,80,,24030,81,4,,1,80,,24031,81,4,,1,35,,24032,81,4,,1
201,'2',859,,24035,97,4,,1,80,,24036,97,4,,1,84,,24037,97,4,,1,80,,24038,97,4,,1,40,,24039,97,4,,1,81,,24040,97,4,,1,80,,24041,97,4,,1,40,,24042,97,4,,1,80,,24043,97,4,,1,80,,24044,97,4,,1,37,,24045,97,4,,1,80,,24046,97,4,,1,80,,24047,97,4,,1,40,,24048,97,4,,1,80,,24049,97,4,,1,80,,24050,97,4,,1,36,,24051,97,4,,1,80,,24052,97,4,,1,40,,24053,97,4,,1,80,,24054,97,4,,1,74,,24055,97,4,,1,33,,24056,97,4,,1,73,,24057,97,4,,1,33,,24058,97,4,,1,69,,24059,97,4,,1,33,,24060,97,4,,1
201,'3',951,,24071,97,4,,1,152,,24061,97,4,,1,117,,24062,97,4,,1,119,,24063,97,4,,1,117,,24064,97,4,,1,155,,24065,97,4,,1,117,,24066,97,4,,1,117,,24067,97,4,,1,157,,24068,97,4,,1,113,,24069,97,4,,1,110,,24070,97,4,,1,105,,24072,97,4,,1,108,,24073,97,4,,1
201,'74',859,,24074,97,4,,1,80,,24075,97,4,,1,84,,24076,97,4,,1,80,,24077,97,4,,1,40,,24078,97,4,,1,81,,24079,97,4,,1,80,,24080,97,4,,1,40,,24081,97,4,,1,80,,24082,97,4,,1,80,,24083,97,4,,1,37,,24084,97,4,,1,80,,24085,97,4,,1,80,,24086,97,4,,1,40,,24087,97,4,,1,80,,24088,97,4,,1,80,,24089,97,4,,1,36,,24090,97,4,,1,80,,24091,97,4,,1,40,,24092,97,4,,1,80,,24093,97,4,,1,74,,24094,97,4,,1,33,,24095,97,4,,1,73,,24096,97,4,,1,33,,24097,97,4,,1,69,,24098,97,4,,1,33,,24099,97,4,,1
201,'80',951,,24110,97,4,,1,152,,24100,97,4,,1,117,,24101,97,4,,1,119,,24102,97,4,,1,117,,24103,97,4,,1,155,,24104,97,4,,1,117,,24105,97,4,,1,117,,24106,97,4,,1,157,,24107,97,4,,1,113,,24108,97,4,,1,110,,24109,97,4,,1,105,,24111,97,4,,1,108,,24112,97,4,,1
500,'1',531,,24761,34,4,,1,22,,24777,34,4,,1,62,,24776,34,4,,1,22,,24775,34,4,,1,22,,24774,34,4,,1,64,,24773,34,4,,1,22,,24772,34,4,,1,66,,24771,34,4,,1,20,,24770,34,4,,1,22,,24769,34,4,,1,62,,24768,34,4,,1,22,,24766,34,4,,1,72,,24765,21,4,,1,32,,24767,21,4,,1,72,,24764,21,4,,1,32,,24763,21,4,,1,72,,24762,21,4,,1,32,,24760,21,4,,1,72,,24741,21,4,,1,32,,24759,21,4,,1,72,,24758,21,4,,1,32,,24757,21,4,,1,65,,24756,21,4,,1,23,,24755,21,4,,1,61,,24754,21,4,,1,23,,24753,21,4,,1,23,,24752,21,4,,1,62,,24751,21,4,,1,23,,24750,21,4,,1,63,,24749,21,4,,1,23,,24748,21,4,,1,21,,24747,21,4,,1,63,,24746,21,4,,1,23,,24745,21,4,,1,28,,24743,21,4,,1,68,,24742,21,4,,1,28,,24744,21,4,,1,68,,24740,21,4,,1,27,,24739,21,4,,1,68,,24738,21,4,,1,23,,24737,21,4,,1
500,'2',705,,24793,21,4,,1,28,,24795,21,4,,1,68,,24796,21,4,,1,28,,24797,21,4,,1,28,,24798,21,4,,1,68,,24799,21,4,,1,28,,24800,21,4,,1,68,,24801,21,4,,1,28,,24802,21,4,,1,68,,24803,21,4,,1,30,,24804,21,4,,1,68,,24805,21,4,,1,28,,24806,21,4,,1,68,,24778,21,4,,1,30,,24779,21,4,,1,70,,24780,21,4,,1,29,,24781,21,4,,1,69,,24782,21,4,,1,29,,24783,21,4,,1,69,,24784,21,4,,1,29,,24785,21,4,,1,69,,24786,21,4,,1,29,,24787,21,4,,1,67,,24788,21,4,,1,26,,24789,21,4,,1,26,,24790,21,4,,1,67,,24791,21,4,,1,25,,24792,21,4,,1,65,,24794,21,4,,1
500,'74',705,,24822,21,4,,1,28,,24824,21,4,,1,68,,24825,21,4,,1,28,,24826,21,4,,1,28,,24827,21,4,,1,68,,24828,21,4,,1,28,,24829,21,4,,1,68,,24830,21,4,,1,28,,24831,21,4,,1,68,,24832,21,4,,1,30,,24833,21,4,,1,68,,24834,21,4,,1,28,,24835,21,4,,1,68,,24807,21,4,,1,30,,24808,21,4,,1,70,,24809,21,4,,1,29,,24810,21,4,,1,69,,24811,21,4,,1,29,,24812,21,4,,1,69,,24813,21,4,,1,29,,24814,21,4,,1,69,,24815,21,4,,1,29,,24816,21,4,,1,67,,24817,21,4,,1,26,,24818,21,4,,1,26,,24819,21,4,,1,67,,24820,21,4,,1,25,,24821,21,4,,1,65,,24823,21,4,,1
2301,'1',603,,27579,51,4,,1,106,,27578,51,4,,1,113,,27577,51,4,,1,106,,27576,51,4,,1,618,,27575,51,4,,1,76,,27574,51,4,,1,90,,27573,51,4,,1,90,,27572,51,4,,1,47,,27571,51,4,,1,86,,27570,51,4,,1
7700,'1',421,,28964,33,4,,1,15,,28965,33,4,,1,15,,28966,33,4,,1,55,,28967,33,4,,1,15,,28968,33,4,,1,9,,28926,46,4,,1,17,,28925,46,4,,1,53,,28924,46,4,,1,21,,28923,46,4,,1,15,,28921,46,4,,1,22,,28922,46,4,,1,53,,28941,46,4,,1,16,,28940,46,4,,1,16,,28939,46,4,,1,66,,28938,46,4,,1,16,,28937,46,4,,1,16,,28936,46,4,,1,16,,28927,46,4,,1,53,,28928,46,4,,1,16,,28929,46,4,,1,16,,28930,46,4,,1,16,,28931,46,4,,1,53,,28932,46,4,,1,12,,28933,46,4,,1,16,,28934,46,4,,1,71,,28935,46,4,,1,34,,28949,46,4,,1,70,,28948,46,4,,1,30,,28947,46,4,,1,70,,28942,46,4,,1,33,,28943,46,4,,1,61,,28969,33,4,,1,9,,28944,46,4,,1,29,,28970,33,4,,1,1,,28945,46,4,,1,76,,28946,46,4,,1,20,,28971,33,4,,1,3,,28963,46,4,,1,59,,28962,46,4,,1,26,,28961,46,4,,1,24,,28960,46,4,,1,59,,28959,46,4,,1,19,,28950,46,4,,1,19,,28951,46,4,,1,59,,28952,46,4,,1,13,,28953,46,4,,1,13,,28954,46,4,,1,19,,28955,46,4,,1,50,,28956,46,4,,1,19,,28957,46,4,,1,15,,28958,46,4,,1,13,,28972,46,4,,1,59,,28973,46,4,,1,19,,28974,46,4,,1,19,,28975,46,4,,1,69,,28978,46,4,,1,27,,28977,46,4,,1,67,,28976,46,4,,1,40,,28987,46,4,,1,73,,28986,46,4,,1,26,,28985,46,4,,1,73,,28979,46,4,,1,33,,28980,46,4,,1,73,,28981,46,4,,1,73,,28982,46,4,,1,33,,28983,46,4,,1,73,,28984,46,4,,1
7700,'2',502,,28988,33,4,,1,30,,28989,46,4,,1,75,,28990,46,4,,1,35,,28991,46,4,,1,76,,28992,46,4,,1,35,,28993,46,4,,1,75,,28994,46,4,,1,76,,28995,46,4,,1,35,,28996,46,4,,1,75,,28997,46,4,,1,90,,28998,46,4,,1,41,,28999,46,4,,1,81,,29000,46,4,,1,88,,29001,46,4,,1,41,,29002,46,4,,1,81,,29003,46,4,,1,76,,29005,46,4,,1,33,,29006,46,4,,1,73,,29007,46,4,,1,30,,29008,46,4,,1,73,,29009,46,4,,1,33,,29010,46,4,,1,70,,29011,46,4,,1,33,,29012,46,4,,1,70,,29013,46,4,,1,29,,29014,46,4,,1,70,,29015,46,4,,1,30,,29016,46,4,,1,63,,29017,46,4,,1,30,,29018,46,4,,1,74,,29019,46,4,,1,30,,29020,46,4,,1,70,,29021,46,4,,1,25,,29022,46,4,,1,70,,29023,46,4,,1,23,,29004,46,4,,1,69,,29024,46,4,,1,33,,29025,46,4,,1,73,,29026,46,4,,1,33,,29027,46,4,,1,73,,29028,46,4,,1
7700,'3',847,,29029,47,4,,1,92,,29030,47,4,,1,91,,29031,47,4,,1,97,,29032,47,4,,1,97,,29033,47,4,,1,89,,29034,47,4,,1,92,,29035,47,4,,1,95,,29036,47,4,,1,52,,29037,47,4,,1,89,,29038,47,4,,1,92,,29039,47,4,,1,97,,29040,47,4,,1,88,,29041,47,4,,1,90,,29042,47,4,,1,51,,29043,47,4,,1,84,,29044,47,4,,1,87,,29045,47,4,,1,88,,29046,47,4,,1,86,,29047,47,4,,1,47,,29048,47,4,,1,80,,29049,47,4,,1,80,,29050,47,4,,1,36,,29051,47,4,,1,80,,29052,47,4,,1
7700,'74',502,,29053,33,4,,1,30,,29054,46,4,,1,75,,29055,46,4,,1,35,,29056,46,4,,1,76,,29057,46,4,,1,35,,29058,46,4,,1,75,,29059,46,4,,1,76,,29060,46,4,,1,35,,29061,46,4,,1,75,,29062,46,4,,1,90,,29063,46,4,,1,41,,29064,46,4,,1,81,,29065,46,4,,1,88,,29066,46,4,,1,41,,29067,46,4,,1,81,,29068,46,4,,1,76,,29070,46,4,,1,33,,29071,46,4,,1,73,,29072,46,4,,1,30,,29073,46,4,,1,73,,29074,46,4,,1,33,,29075,46,4,,1,70,,29076,46,4,,1,33,,29077,46,4,,1,70,,29078,46,4,,1,29,,29079,46,4,,1,70,,29080,46,4,,1,30,,29081,46,4,,1,63,,29082,46,4,,1,30,,29083,46,4,,1,74,,29084,46,4,,1,30,,29085,46,4,,1,70,,29086,46,4,,1,25,,29087,46,4,,1,70,,29088,46,4,,1,23,,29069,46,4,,1,69,,29089,46,4,,1,33,,29090,46,4,,1,73,,29091,46,4,,1,33,,29092,46,4,,1,73,,29093,46,4,,1
7700,'80',847,,29094,47,4,,1,92,,29095,47,4,,1,91,,29096,47,4,,1,97,,29097,47,4,,1,97,,29098,47,4,,1,89,,29099,47,4,,1,92,,29100,47,4,,1,95,,29101,47,4,,1,52,,29102,47,4,,1,89,,29103,47,4,,1,92,,29104,47,4,,1,97,,29105,47,4,,1,88,,29106,47,4,,1,90,,29107,47,4,,1,51,,29108,47,4,,1,84,,29109,47,4,,1,87,,29110,47,4,,1,88,,29111,47,4,,1,86,,29112,47,4,,1,47,,29113,47,4,,1,80,,29114,47,4,,1,80,,29115,47,4,,1,36,,29116,47,4,,1,80,,29117,47,4,,1
8801,'1',531,,30341,16,4,,1,69,,30342,39,4,,1,28,,30343,58,4,,1,27,,30312,58,4,,1,55,,30311,58,4,,1,22,,30310,58,4,,1,15,,30307,58,4,,1,59,,30308,58,4,,1,22,,30309,58,4,,1,14,,30326,58,4,,1,64,,30325,58,4,,1,9,,30324,58,4,,1,14,,30313,58,4,,1,14,,30314,58,4,,1,10,,30315,58,4,,1,54,,30316,58,4,,1,9,,30317,58,4,,1,14,,30318,58,4,,1,14,,30319,58,4,,1,14,,30320,58,4,,1,54,,30321,58,4,,1,21,,30322,58,4,,1,14,,30323,58,4,,1,62,,30331,58,4,,1,30,,30330,58,4,,1,70,,30327,58,4,,1,30,,30328,58,4,,1,70,,30329,58,4,,1,38,,30340,58,4,,1,70,,30339,58,4,,1,20,,30338,58,4,,1,18,,30337,58,4,,1,52,,30336,58,4,,1,15,,30332,58,4,,1,15,,30333,58,4,,1,13,,30334,58,4,,1,55,,30335,58,4,,1,15,,30344,58,4,,1,15,,30345,58,4,,1,15,,30346,58,4,,1,55,,30347,58,4,,1,10,,30348,58,4,,1,15,,30349,58,4,,1,15,,30350,58,4,,1,55,,30351,58,4,,1,8,,30352,58,4,,1,19,,30359,58,4,,1,14,,30358,58,4,,1,14,,30357,58,4,,1,54,,30356,58,4,,1,14,,30353,58,4,,1,14,,30354,58,4,,1,11,,30355,58,4,,1,60,,30364,58,4,,1,41,,30363,58,4,,1,74,,30360,58,4,,1,81,,30361,58,4,,1,38,,30362,58,4,,1
8801,'2',634,,30365,58,4,,1,69,,30366,58,4,,1,29,,30367,58,4,,1,69,,30368,58,4,,1,40,,30369,58,4,,1,74,,30370,58,4,,1,38,,30371,58,4,,1,74,,30372,58,4,,1,74,,30373,58,4,,1,29,,30374,58,4,,1,29,,30375,58,4,,1,73,,30376,58,4,,1,69,,30377,58,4,,1,29,,30378,58,4,,1,29,,30379,58,4,,1,69,,30380,58,4,,1,29,,30381,58,4,,1,69,,30382,58,4,,1,29,,30383,58,4,,1,69,,30384,58,4,,1,29,,30385,58,4,,1,69,,30386,58,4,,1,29,,30387,58,4,,1,69,,30388,58,4,,1,23,,30389,58,4,,1,69,,30390,58,4,,1,29,,30391,58,4,,1,62,,30392,58,4,,1,29,,30393,58,4,,1,23,,30394,58,4,,1,66,,30395,58,4,,1,22,,30396,58,4,,1,66,,30397,58,4,,1,26,,30398,58,4,,1,66,,30399,58,4,,1,26,,30400,58,4,,1,26,,30401,58,4,,1
8801,'3',830,,30402,58,4,,1,71,,30403,58,4,,1,34,,30404,58,4,,1,71,,30405,58,4,,1,35,,30406,58,4,,1,75,,30407,58,4,,1,40,,30408,58,4,,1,79,,30409,58,4,,1,69,,30410,58,4,,1,29,,30411,58,4,,1,69,,30412,58,4,,1,29,,30413,58,4,,1,69,,30414,58,4,,1,29,,30415,58,4,,1,29,,30416,58,4,,1,69,,30417,58,4,,1,29,,30418,58,4,,1,69,,30419,58,4,,1,26,,30420,58,4,,1,69,,30421,58,4,,1,21,,30422,58,4,,1,65,,30423,58,4,,1,25,,30424,58,4,,1,25,,30425,58,4,,1,65,,30426,58,4,,1,25,,30427,58,4,,1,59,,30428,58,4,,1,25,,30429,58,4,,1
8801,'74',634,,30430,58,4,,1,69,,30431,58,4,,1,29,,30432,58,4,,1,69,,30433,58,4,,1,40,,30434,58,4,,1,74,,30435,58,4,,1,38,,30436,58,4,,1,74,,30437,58,4,,1,74,,30438,58,4,,1,29,,30439,58,4,,1,29,,30440,58,4,,1,73,,30441,58,4,,1,69,,30442,58,4,,1,29,,30443,58,4,,1,29,,30444,58,4,,1,69,,30445,58,4,,1,29,,30446,58,4,,1,69,,30447,58,4,,1,29,,30448,58,4,,1,69,,30449,58,4,,1,29,,30450,58,4,,1,69,,30451,58,4,,1,29,,30452,58,4,,1,69,,30453,58,4,,1,23,,30454,58,4,,1,69,,30455,58,4,,1,29,,30456,58,4,,1,62,,30457,58,4,,1,29,,30458,58,4,,1,23,,30459,58,4,,1,66,,30460,58,4,,1,22,,30461,58,4,,1,66,,30462,58,4,,1,26,,30463,58,4,,1,66,,30464,58,4,,1,26,,30465,58,4,,1,26,,30466,58,4,,1
8801,'80',830,,30467,58,4,,1,71,,30468,58,4,,1,34,,30469,58,4,,1,71,,30470,58,4,,1,35,,30471,58,4,,1,75,,30472,58,4,,1,40,,30473,58,4,,1,79,,30474,58,4,,1,69,,30475,58,4,,1,29,,30476,58,4,,1,69,,30477,58,4,,1,29,,30478,58,4,,1,69,,30479,58,4,,1,29,,30480,58,4,,1,29,,30481,58,4,,1,69,,30482,58,4,,1,29,,30483,58,4,,1,69,,30484,58,4,,1,26,,30485,58,4,,1,69,,30486,58,4,,1,21,,30487,58,4,,1,65,,30488,58,4,,1,25,,30489,58,4,,1,25,,30490,58,4,,1,65,,30491,58,4,,1,25,,30492,58,4,,1,59,,30493,58,4,,1,25,,30494,58,4,,1
9101,'1',552,,31116,48,4,,1,51,,31115,48,4,,1,11,,31114,48,4,,1,11,,31113,48,4,,1,13,,31112,48,4,,1,11,,31111,48,4,,1,51,,31110,48,4,,1,13,,31046,48,4,,1,11,,31047,48,4,,1,12,,31048,48,4,,1,16,,31063,48,4,,1,52,,31062,48,4,,1,22,,31061,48,4,,1,12,,31060,48,4,,1,12,,31049,48,4,,1,52,,31050,48,4,,1,12,,31051,48,4,,1,9,,31052,48,4,,1,12,,31053,48,4,,1,5,,31054,48,4,,1,12,,31055,48,4,,1,52,,31056,48,4,,1,12,,31057,48,4,,1,12,,31058,48,4,,1,12,,31059,48,4,,1,13,,31071,48,4,,1,65,,31070,48,4,,1,28,,31064,48,4,,1,65,,31065,48,4,,1,25,,31066,48,4,,1,65,,31067,48,4,,1,25,,31068,48,4,,1,24,,31069,48,4,,1,62,,31083,48,4,,1,13,,31082,48,4,,1,19,,31081,48,4,,1,13,,31080,48,4,,1,53,,31072,48,4,,1,13,,31073,48,4,,1,11,,31074,48,4,,1,13,,31075,48,4,,1,53,,31076,48,4,,1,13,,31077,48,4,,1,13,,31078,48,4,,1,13,,31079,48,4,,1,20,,31096,48,4,,1,54,,31095,48,4,,1,14,,31094,48,4,,1,14,,31093,48,4,,1,14,,31092,48,4,,1,54,,31084,48,4,,1,14,,31085,48,4,,1,7,,31086,48,4,,1,14,,31087,48,4,,1,14,,31088,48,4,,1,52,,31089,48,4,,1,14,,31090,48,4,,1,11,,31091,48,4,,1,67,,31109,48,4,,1,22,,31108,48,4,,1,23,,31097,48,4,,1,63,,31098,48,4,,1,23,,31099,48,4,,1,23,,31100,48,4,,1,62,,31101,48,4,,1,23,,31102,48,4,,1,59,,31103,48,4,,1,23,,31104,48,4,,1,23,,31105,48,4,,1,63,,31106,48,4,,1,23,,31107,48,4,,1
9101,'2',800,,31117,48,4,,1,22,,31118,48,4,,1,26,,31119,48,4,,1,62,,31120,48,4,,1,22,,31121,48,4,,1,22,,31122,48,4,,1,62,,31123,48,4,,1,25,,31124,48,4,,1,67,,31144,48,4,,1,25,,31125,48,4,,1,24,,31126,48,4,,1,65,,31127,48,4,,1,25,,31128,48,4,,1,65,,31129,48,4,,1,28,,31130,48,4,,1,65,,31131,48,4,,1,25,,31132,48,4,,1,25,,31133,48,4,,1,65,,31134,48,4,,1,20,,31135,48,4,,1,65,,31136,48,4,,1,25,,31137,48,4,,1,25,,31138,48,4,,1,65,,31139,48,4,,1,25,,31140,48,4,,1,65,,31141,48,4,,1,25,,31142,48,4,,1,65,,31143,48,4,,1,25,,31145,48,4,,1,24,,31146,48,4,,1,65,,31147,48,4,,1,25,,31148,48,4,,1,88,,31149,48,4,,1,29,,31150,48,4,,1,69,,31151,48,4,,1,22,,31152,48,4,,1,69,,31153,48,4,,1,29,,31154,48,4,,1,63,,31155,48,4,,1
9101,'3',756,,31156,48,4,,1,162,,31157,48,4,,1,91,,31158,48,4,,1,37,,31159,48,4,,1,75,,31160,48,4,,1,32,,31161,48,4,,1,72,,31162,48,4,,1,31,,31163,48,4,,1,72,,31164,48,4,,1,72,,31165,48,4,,1,32,,31166,48,4,,1,72,,31167,48,4,,1,31,,31168,48,4,,1,70,,31169,48,4,,1,32,,31170,48,4,,1,72,,31171,48,4,,1,32,,31172,48,4,,1,72,,31173,48,4,,1,32,,31174,48,4,,1,69,,31175,48,4,,1,97,,31180,48,4,,1,42,,31176,48,4,,1,82,,31177,48,4,,1,81,,31178,48,4,,1,42,,31179,48,4,,1,75,,31184,48,4,,1,76,,31181,48,4,,1,36,,31182,48,4,,1,68,,31183,48,4,,1
9101,'74',800,,31185,48,4,,1,22,,31186,48,4,,1,26,,31187,48,4,,1,62,,31188,48,4,,1,22,,31189,48,4,,1,22,,31190,48,4,,1,62,,31191,48,4,,1,25,,31192,48,4,,1,67,,31212,48,4,,1,25,,31193,48,4,,1,24,,31194,48,4,,1,65,,31195,48,4,,1,25,,31196,48,4,,1,65,,31197,48,4,,1,28,,31198,48,4,,1,65,,31199,48,4,,1,25,,31200,48,4,,1,25,,31201,48,4,,1,65,,31202,48,4,,1,20,,31203,48,4,,1,65,,31204,48,4,,1,25,,31205,48,4,,1,25,,31206,48,4,,1,65,,31207,48,4,,1,25,,31208,48,4,,1,65,,31209,48,4,,1,25,,31210,48,4,,1,65,,31211,48,4,,1,25,,31213,48,4,,1,24,,31214,48,4,,1,65,,31215,48,4,,1,25,,31216,48,4,,1,88,,31217,48,4,,1,29,,31218,48,4,,1,69,,31219,48,4,,1,22,,31220,48,4,,1,69,,31221,48,4,,1,29,,31222,48,4,,1,63,,31223,48,4,,1
9101,'80',756,,31224,48,4,,1,162,,31225,48,4,,1,91,,31226,48,4,,1,37,,31227,48,4,,1,75,,31228,48,4,,1,32,,31229,48,4,,1,72,,31230,48,4,,1,31,,31231,48,4,,1,72,,31232,48,4,,1,72,,31233,48,4,,1,32,,31234,48,4,,1,72,,31235,48,4,,1,31,,31236,48,4,,1,70,,31237,48,4,,1,32,,31238,48,4,,1,72,,31239,48,4,,1,32,,31240,48,4,,1,72,,31241,48,4,,1,32,,31242,48,4,,1,69,,31243,48,4,,1,97,,31248,48,4,,1,42,,31244,48,4,,1,82,,31245,48,4,,1,81,,31246,48,4,,1,42,,31247,48,4,,1,75,,31252,48,4,,1,76,,31249,48,4,,1,36,,31250,48,4,,1,68,,31251,48,4,,1
9901,'1',425,,31722,43,4,,1,81,,31723,43,4,,1,40,,31724,43,4,,1,84,,31725,43,4,,1,82,,31726,43,4,,1,35,,31727,43,4,,1,73,,31728,43,4,,1,83,,31729,43,4,,1,31,,31730,43,4,,1,75,,31731,43,4,,1,94,,31732,43,4,,1,99,,31733,43,4,,1,54,,31734,43,4,,1,94,,31735,43,4,,1,100,,31736,43,4,,1,68,,31737,43,4,,1,30,,31738,43,4,,1,70,,31739,43,4,,1,30,,31740,43,4,,1,70,,31741,43,4,,1,30,,31742,43,4,,1,70,,31743,43,4,,1,25,,31744,43,4,,1,70,,31745,43,4,,1,25,,31746,43,4,,1,70,,31747,43,4,,1,30,,31748,43,4,,1,65,,31749,43,4,,1,30,,31750,43,4,,1,85,,31751,43,4,,1
9901,'2',548,,31752,43,4,,1,77,,31753,43,4,,1,77,,31754,43,4,,1,37,,31755,43,4,,1,87,,31756,43,4,,1,93,,31757,43,4,,1,89,,31758,43,4,,1,47,,31759,43,4,,1,104,,31760,43,4,,1,97,,31761,43,4,,1,95,,31762,43,4,,1,95,,31763,43,4,,1,95,,31764,43,4,,1,95,,31765,43,4,,1,92,,31766,43,4,,1,93,,31767,43,4,,1,95,,31768,43,4,,1,90,,31769,43,4,,1,45,,31770,43,4,,1,85,,31771,43,4,,1
9901,'3',552,,31772,43,4,,1,81,,31773,43,4,,1,78,,31774,43,4,,1,38,,31775,43,4,,1,78,,31776,43,4,,1,94,,31777,43,4,,1,89,,31778,43,4,,1,49,,31779,43,4,,1,89,,31780,43,4,,1,94,,31781,43,4,,1,89,,31782,43,4,,1,89,,31783,43,4,,1,89,,31784,43,4,,1,49,,31785,43,4,,1,89,,31786,43,4,,1,89,,31787,43,4,,1,84,,31788,43,4,,1,89,,31789,43,4,,1,49,,31790,43,4,,1,84,,31791,43,4,,1,89,,31792,43,4,,1,79,,31793,43,4,,1
9901,'74',548,,31794,43,4,,1,77,,31795,43,4,,1,77,,31796,43,4,,1,37,,31797,43,4,,1,87,,31798,43,4,,1,93,,31799,43,4,,1,89,,31800,43,4,,1,47,,31801,43,4,,1,104,,31802,43,4,,1,97,,31803,43,4,,1,95,,31804,43,4,,1,95,,31805,43,4,,1,95,,31806,43,4,,1,95,,31807,43,4,,1,92,,31808,43,4,,1,93,,31809,43,4,,1,95,,31810,43,4,,1,90,,31811,43,4,,1,45,,31812,43,4,,1,85,,31813,43,4,,1
9901,'80',552,,31814,43,4,,1,81,,31815,43,4,,1,78,,31816,43,4,,1,38,,31817,43,4,,1,78,,31818,43,4,,1,94,,31819,43,4,,1,89,,31820,43,4,,1,49,,31821,43,4,,1,89,,31822,43,4,,1,94,,31823,43,4,,1,89,,31824,43,4,,1,89,,31825,43,4,,1,89,,31826,43,4,,1,49,,31827,43,4,,1,89,,31828,43,4,,1,89,,31829,43,4,,1,84,,31830,43,4,,1,89,,31831,43,4,,1,49,,31832,43,4,,1,84,,31833,43,4,,1,89,,31834,43,4,,1,79,,31835,43,4,,1
36001,'1',1013,,33821,24,4,,1,29,,33822,24,4,,1,70,,33823,24,4,,1,26,,33824,24,4,,1,65,,33837,24,4,,1,44,,33836,24,4,,1,84,,33825,24,4,,1,84,,33826,24,4,,1,44,,33827,24,4,,1,89,,33828,24,4,,1,84,,33829,24,4,,1,87,,33830,24,4,,1,83,,33831,24,4,,1,40,,33832,24,4,,1,84,,33833,24,4,,1,84,,33834,24,4,,1,42,,33835,24,4,,1,84,,33843,24,4,,1,66,,33842,24,4,,1,26,,33838,24,4,,1,26,,33839,24,4,,1,66,,33840,24,4,,1,26,,33841,24,4,,1
36001,'2',1011,,33844,24,4,,1,23,,33845,24,4,,1,23,,33846,24,4,,1,63,,33847,24,4,,1,23,,33848,24,4,,1,62,,33849,24,4,,1,23,,33850,24,4,,1,24,,33851,24,4,,1,63,,33852,24,4,,1,23,,33853,24,4,,1,63,,33854,24,4,,1,23,,33855,24,4,,1,23,,33856,24,4,,1,63,,33857,24,4,,1,23,,33858,24,4,,1,23,,33859,24,4,,1,63,,33860,24,4,,1,23,,33861,24,4,,1,65,,33862,24,4,,1,23,,33863,24,4,,1,20,,33864,24,4,,1,64,,33865,24,4,,1,23,,33866,24,4,,1,69,,33879,24,4,,1,24,,33878,24,4,,1,19,,33867,24,4,,1,64,,33868,24,4,,1,24,,33869,24,4,,1,67,,33870,24,4,,1,21,,33871,24,4,,1,22,,33872,24,4,,1,64,,33873,24,4,,1,24,,33874,24,4,,1,24,,33875,24,4,,1,64,,33876,24,4,,1,24,,33877,24,4,,1
36001,'3',1005,,33880,24,4,,1,22,,33881,24,4,,1,22,,33882,24,4,,1,62,,33883,24,4,,1,19,,33884,24,4,,1,22,,33885,24,4,,1,64,,33886,24,4,,1,22,,33887,24,4,,1,62,,33888,24,4,,1,22,,33889,24,4,,1,23,,33890,24,4,,1,62,,33891,24,4,,1,22,,33892,24,4,,1,20,,33893,24,4,,1,65,,33894,24,4,,1,22,,33895,24,4,,1,22,,33896,24,4,,1,62,,33897,24,4,,1,23,,33898,24,4,,1,62,,33899,24,4,,1,22,,33900,24,4,,1,22,,33901,24,4,,1,62,,33902,24,4,,1,22,,33903,24,4,,1,22,,33904,24,4,,1,67,,33905,24,4,,1,21,,33917,24,4,,1,57,,33916,24,4,,1,23,,33906,24,4,,1,23,,33907,24,4,,1,63,,33908,24,4,,1,23,,33909,24,4,,1,23,,33910,24,4,,1,60,,33911,24,4,,1,23,,33912,24,4,,1,63,,33913,24,4,,1,23,,33914,24,4,,1,23,,33915,24,4,,1
36001,'74',1011,,33918,24,4,,1,23,,33919,24,4,,1,23,,33920,24,4,,1,63,,33921,24,4,,1,23,,33922,24,4,,1,62,,33923,24,4,,1,23,,33924,24,4,,1,24,,33925,24,4,,1,63,,33926,24,4,,1,23,,33927,24,4,,1,63,,33928,24,4,,1,23,,33929,24,4,,1,23,,33930,24,4,,1,63,,33931,24,4,,1,23,,33932,24,4,,1,23,,33933,24,4,,1,63,,33934,24,4,,1,23,,33935,24,4,,1,65,,33936,24,4,,1,23,,33937,24,4,,1,20,,33938,24,4,,1,64,,33939,24,4,,1,23,,33940,24,4,,1,69,,33942,24,4,,1,24,,33941,24,4,,1,19,,33943,24,4,,1,64,,33944,24,4,,1,24,,33945,24,4,,1,67,,33946,24,4,,1,21,,33947,24,4,,1,22,,33948,24,4,,1,64,,33949,24,4,,1,24,,33950,24,4,,1,24,,33951,24,4,,1,64,,33952,24,4,,1,24,,33953,24,4,,1,64,,33954,24,4,,1
36001,'80',1005,,33955,24,4,,1,22,,33956,24,4,,1,22,,33957,24,4,,1,62,,33958,24,4,,1,19,,33959,24,4,,1,22,,33960,24,4,,1,64,,33961,24,4,,1,22,,33962,24,4,,1,62,,33963,24,4,,1,22,,33964,24,4,,1,23,,33965,24,4,,1,62,,33966,24,4,,1,22,,33967,24,4,,1,20,,33968,24,4,,1,65,,33969,24,4,,1,22,,33970,24,4,,1,22,,33971,24,4,,1,62,,33972,24,4,,1,23,,33973,24,4,,1,62,,33974,24,4,,1,22,,33975,24,4,,1,22,,33976,24,4,,1,62,,33977,24,4,,1,22,,33978,24,4,,1,22,,33979,24,4,,1,67,,33980,24,4,,1,21,,33992,24,4,,1,57,,33991,24,4,,1,23,,33981,24,4,,1,23,,33982,24,4,,1,63,,33983,24,4,,1,23,,33984,24,4,,1,23,,33985,24,4,,1,60,,33986,24,4,,1,23,,33987,24,4,,1,63,,33988,24,4,,1,23,,33989,24,4,,1,23,,33990,24,4,,1
989901,'1',2252,,36877,98,4,,1,68,,36878,98,4,,1,38,,36879,98,4,,1,74,,36880,98,4,,1,75,,36881,98,4,,1,29,,36882,98,4,,1,75,,36883,98,4,,1,35,,36884,98,4,,1
989901,'2',2301,,36885,98,4,,1,46,,36886,98,4,,1,81,,36887,98,4,,1,91,,36890,98,4,,1,84,,36888,98,4,,1,46,,36889,98,4,,1
989901,'3',2308,,36891,98,4,,1,47,,36892,98,4,,1,83,,36893,98,4,,1,84,,36894,98,4,,1,79,,36895,98,4,,1,43,,36896,98,4,,1
989901,'74',2301,,36897,98,4,,1,46,,36898,98,4,,1,81,,36899,98,4,,1,91,,36902,98,4,,1,84,,36900,98,4,,1,46,,36901,98,4,,1
989901,'80',2308,,36903,98,4,,1,47,,36904,98,4,,1,83,,36905,98,4,,1,84,,36906,98,4,,1,79,,36907,98,4,,1,43,,36908,98,4,,1
