9901,'1',411,,31722,21,,,1,41,,31723,21,,,1,80,,31724,21,,,1,81,,31725,21,,,1,38,,31726,21,,,1,75,,31727,21,,,1,30,,31728,21,,,1,83,,31729,21,,,1,74,,31730,21,,,1,35,,31731,21,,,1,94,,31732,21,,,1,98,,31733,21,,,1,94,,31734,21,,,1,94,,31735,21,,,1,100,,31736,21,,,1,26,,31737,21,,,1,70,,31738,21,,,1,30,,31739,21,,,1,70,,31740,21,,,1,30,,31741,21,,,1,70,,31742,21,,,1,30,,31743,21,,,1,68,,31744,21,,,1,30,,31745,21,,,1,66,,31746,21,,,1,30,,31747,21,,,1,70,,31748,21,,,1,25,,31749,21,,,1,72,,31750,21,,,1,85,,31751,21,,,1
9901,'2',533,,31752,21,,,1,77,,31753,21,,,1,37,,31754,21,,,1,77,,31755,21,,,1,87,,31756,21,,,1,90,,31757,21,,,1,48,,31758,21,,,1,87,,31759,21,,,1,101,,31760,21,,,1,98,,31761,21,,,1,95,,31762,21,,,1,95,,31763,21,,,1,95,,31764,21,,,1,95,,31765,21,,,1,91,,31766,21,,,1,94,,31767,21,,,1,55,,31768,21,,,1,92,,31769,21,,,1,85,,31770,21,,,1,85,,31771,21,,,1
9901,'3',537,,31772,21,,,1,80,,31773,21,,,1,38,,31774,21,,,1,78,,31775,21,,,1,78,,31776,21,,,1,92,,31777,21,,,1,49,,31778,21,,,1,89,,31779,21,,,1,89,,31780,21,,,1,92,,31781,21,,,1,89,,31782,21,,,1,89,,31783,21,,,1,49,,31784,21,,,1,89,,31785,21,,,1,89,,31786,21,,,1,89,,31787,21,,,1,85,,31788,21,,,1,49,,31789,21,,,1,89,,31790,21,,,1,87,,31791,21,,,1,89,,31792,21,,,1,39,,31793,21,,,1
9901,'74',533,,31794,21,,,1,77,,31795,21,,,1,37,,31796,21,,,1,77,,31797,21,,,1,87,,31798,21,,,1,90,,31799,21,,,1,48,,31800,21,,,1,87,,31801,21,,,1,101,,31802,21,,,1,98,,31803,21,,,1,95,,31804,21,,,1,95,,31805,21,,,1,95,,31806,21,,,1,95,,31807,21,,,1,91,,31808,21,,,1,94,,31809,21,,,1,55,,31810,21,,,1,92,,31811,21,,,1,85,,31812,21,,,1,85,,31813,21,,,1
9901,'80',537,,31814,21,,,1,80,,31815,21,,,1,38,,31816,21,,,1,78,,31817,21,,,1,78,,31818,21,,,1,92,,31819,21,,,1,49,,31820,21,,,1,89,,31821,21,,,1,89,,31822,21,,,1,92,,31823,21,,,1,89,,31824,21,,,1,89,,31825,21,,,1,49,,31826,21,,,1,89,,31827,21,,,1,89,,31828,21,,,1,89,,31829,21,,,1,85,,31830,21,,,1,49,,31831,21,,,1,89,,31832,21,,,1,87,,31833,21,,,1,89,,31834,21,,,1,39,,31835,21,,,1
989901,'1',2236,,36877,76,,,1,70,,36878,76,,,1,38,,36879,76,,,1,75,,36880,76,,,1,35,,36881,76,,,1,70,,36882,76,,,1,35,,36883,76,,,1,75,,36884,76,,,1
989901,'2',2243,,36885,76,,,1,88,,36886,76,,,1,82,,36887,76,,,1,91,,36890,76,,,1,45,,36888,76,,,1,86,,36889,76,,,1
989901,'3',2253,,36891,76,,,1,87,,36892,76,,,1,83,,36893,76,,,1,87,,36894,76,,,1,39,,36895,76,,,1,83,,36896,76,,,1
989901,'74',2243,,36897,76,,,1,88,,36898,76,,,1,82,,36899,76,,,1,91,,36902,76,,,1,45,,36900,76,,,1,86,,36901,76,,,1
989901,'80',2253,,36903,76,,,1,87,,36904,76,,,1,83,,36905,76,,,1,87,,36906,76,,,1,39,,36907,76,,,1,83,,36908,76,,,1
