600,'1',422,,24934,11,,,1,30,,24935,11,,,1,62,,24936,11,,,1,22,,24937,11,,,1,22,,24938,11,,,1,62,,24939,11,,,1,22,,24940,11,,,1,69,,24941,11,,,1,23,,24942,11,,,1,71,,24943,11,,,1,26,,24944,11,,,1,27,,24945,11,,,1,66,,24946,11,,,1,76,,24947,11,,,1,36,,24948,11,,,1,76,,24949,11,,,1,36,,24950,11,,,1,76,,24951,11,,,1,76,,24952,11,,,1,36,,24953,11,,,1,67,,24954,11,,,1,27,,24955,11,,,1,28,,24956,11,,,1,68,,24957,11,,,1,27,,24958,11,,,1,67,,24959,11,,,1,27,,24960,11,,,1,67,,24961,11,,,1,27,,24962,11,,,1,66,,24963,11,,,1,27,,24964,11,,,1,67,,24965,11,,,1,26,,24966,11,,,1,74,,24967,11,,,1,34,,24968,11,,,1,74,,24969,11,,,1,34,,24970,11,,,1,103,,24971,11,,,1,103,,24972,11,,,1,103,,24973,11,,,1
600,'2',548,,24974,11,,,1,69,,24975,11,,,1,26,,24976,11,,,1,70,,24977,11,,,1,33,,24978,11,,,1,82,,24979,11,,,1,75,,24980,11,,,1,32,,24981,11,,,1,72,,24982,11,,,1,32,,24983,11,,,1,72,,24984,11,,,1,32,,24985,11,,,1,72,,24986,11,,,1,32,,24987,11,,,1,72,,24988,11,,,1,32,,24989,11,,,1,78,,24990,11,,,1,77,,24991,11,,,1,36,,24992,11,,,1,78,,24993,11,,,1,36,,24994,11,,,1,78,,24995,11,,,1,76,,24996,11,,,1,35,,24997,11,,,1,70,,24998,11,,,1,33,,24999,11,,,1,100,,25000,11,,,1,95,,25001,11,,,1,95,,25002,11,,,1,95,,25003,11,,,1
600,'3',603,,25004,11,,,1,26,,25005,11,,,1,29,,25006,11,,,1,74,,25007,11,,,1,69,,25008,11,,,1,42,,25009,11,,,1,75,,25010,11,,,1,32,,25011,11,,,1,72,,25012,11,,,1,32,,25013,11,,,1,72,,25014,11,,,1,32,,25015,11,,,1,72,,25016,11,,,1,72,,25017,11,,,1,32,,25018,11,,,1,73,,25019,11,,,1,39,,25020,11,,,1,75,,25021,11,,,1,37,,25022,11,,,1,77,,25023,11,,,1,77,,25024,11,,,1,37,,25025,11,,,1,74,,25026,11,,,1,77,,25027,11,,,1,30,,25028,11,,,1,100,,25029,11,,,1,98,,25030,11,,,1,98,,25031,11,,,1,98,,25032,11,,,1
600,'74',548,,25033,11,,,1,69,,25034,11,,,1,26,,25035,11,,,1,70,,25036,11,,,1,33,,25037,11,,,1,82,,25038,11,,,1,75,,25039,11,,,1,32,,25040,11,,,1,72,,25041,11,,,1,32,,25042,11,,,1,72,,25043,11,,,1,32,,25044,11,,,1,72,,25045,11,,,1,32,,25046,11,,,1,72,,25047,11,,,1,32,,25048,11,,,1,78,,25049,11,,,1,77,,25050,11,,,1,36,,25051,11,,,1,78,,25052,11,,,1,36,,25053,11,,,1,78,,25054,11,,,1,76,,25055,11,,,1,35,,25056,11,,,1,70,,25057,11,,,1,33,,25058,11,,,1,100,,25059,11,,,1,95,,25060,11,,,1,95,,25061,11,,,1,95,,25062,11,,,1
600,'80',603,,25063,11,,,1,26,,25064,11,,,1,29,,25065,11,,,1,74,,25066,11,,,1,69,,25067,11,,,1,42,,25068,11,,,1,75,,25069,11,,,1,32,,25070,11,,,1,72,,25071,11,,,1,32,,25072,11,,,1,72,,25073,11,,,1,32,,25074,11,,,1,72,,25075,11,,,1,72,,25076,11,,,1,32,,25077,11,,,1,73,,25078,11,,,1,39,,25079,11,,,1,75,,25080,11,,,1,37,,25081,11,,,1,77,,25082,11,,,1,77,,25083,11,,,1,37,,25084,11,,,1,74,,25085,11,,,1,77,,25086,11,,,1,30,,25087,11,,,1,100,,25088,11,,,1,98,,25089,11,,,1,98,,25090,11,,,1,98,,25091,11,,,1
601,'1',2210,,25124,22,4,,1,347,,25129,22,4,,1
601,'2',2013,,25153,22,4,,1,413,,25159,22,4,,1
601,'3',2001,,25183,22,4,,1,419,,25189,22,4,,1
601,'74',2013,,25213,22,4,,1,413,,25219,22,4,,1
601,'80',2001,,25243,22,4,,1,419,,25249,22,4,,1
36101,'1',602,,34011,11,,,1,24,,34012,11,,,1,32,,34013,11,,,1,63,,34014,11,,,1,26,,34015,11,,,1,66,,34016,11,,,1,26,,34017,11,,,1,20,,34018,11,,,1,65,,34019,11,,,1,581,,34020,11,,,1,25,,34021,11,,,1,25,,34022,11,,,1,67,,34023,11,,,1,24,,34024,11,,,1,69,,34025,11,,,1,23,,34026,11,,,1,65,,34027,11,,,1,23,,34028,11,,,1
