300,'1',1021,,24142,4,4,,1,1187,,24143,4,4,,1
300,'2',2244,,24144,4,4,,1
300,'3',2222,,24159,4,4,,1
300,'74',2244,,24173,4,4,,1
300,'80',2222,,24188,4,4,,1
301,'1',516,,24203,6,,,1,32,,24204,6,,,1,72,,24205,6,,,1,32,,24206,6,,,1,72,,24207,6,,,1,34,,24208,6,,,1,72,,24209,6,,,1,71,,24210,6,,,1,32,,24202,6,,,1,77,,24226,6,,,1,46,,24211,6,,,1,86,,24212,6,,,1,86,,24213,6,,,1,86,,24214,6,,,1,86,,24215,6,,,1,46,,24216,6,,,1,67,,24217,6,,,1,32,,24218,6,,,1,72,,24219,6,,,1,32,,24220,6,,,1,72,,24221,6,,,1,32,,24222,6,,,1,71,,24223,6,,,1,32,,24224,6,,,1,66,,24225,6,,,1,29,,24231,6,,,1,66,,24228,6,,,1,83,,24229,6,,,1,40,,24230,6,0,25 26,1
301,'2',754,,24234,6,,,1,103,,24233,6,,,1,143,,24238,6,,,1,105,,24235,6,,,1,105,,24236,6,,,1,105,,24237,6,,,1,105,,24239,6,,,1,106,,24240,6,,,1,106,,24241,6,,,1,106,,24242,6,,,1,106,,24243,6,,,1,102,,24244,6,,,1,102,,24245,6,,,1,102,,24232,6,0,25 26,1
301,'3',914,,24253,6,,,1,102,,24252,6,,,1,102,,24251,6,,,1,102,,24250,6,,,1,102,,24249,6,,,1,102,,24248,6,,,1,102,,24247,6,,,1,102,,24246,6,,,1,102,,24258,6,,,1,102,,24257,6,,,1,102,,24256,6,,,1,98,,24255,6,,,1,98,,24254,6,0,25 26,1
301,'74',754,,24261,6,,,1,103,,24260,6,,,1,143,,24265,6,,,1,105,,24262,6,,,1,105,,24263,6,,,1,105,,24264,6,,,1,105,,24266,6,,,1,106,,24267,6,,,1,106,,24268,6,,,1,106,,24269,6,,,1,106,,24270,6,,,1,102,,24271,6,,,1,102,,24272,6,,,1,102,,24259,6,0,25 26,1
301,'80',914,,24276,6,,,1,102,,24275,6,,,1,102,,24274,6,,,1,102,,24273,6,,,1,102,,24280,6,,,1,102,,24279,6,,,1,102,,24278,6,,,1,102,,24277,6,,,1,102,,24285,6,,,1,102,,24284,6,,,1,102,,24283,6,,,1,98,,24282,6,,,1,98,,24281,6,0,25 26,1
