100,'1',351,,23457,12,,,1,78,,23456,12,,,1,71,,23455,12,,,1,42,,23483,27,,,1,78,,23482,27,,,1,36,,23480,27,,,1,78,,23481,27,,,1,74,,23479,27,,,1,35,,23478,27,,,1,75,,23477,27,,,1,109,,23476,27,,,1,113,,23475,27,,,1,112,,23474,27,,,1,155,,23473,27,,,1,47,,23484,27,,,1,79,,23472,27,,,1,71,,23471,27,,,1,37,,23470,27,,,1,71,,23469,27,,,1,34,,23468,27,,,1,74,,23467,27,,,1,29,,23466,27,,,1,66,,23465,27,,,1,98,,23464,27,,,1,103,,23463,27,,,1,100,,23462,27,,,1,93,,23461,27,,,1,97,,23460,27,,,1,49,,23459,27,,,1,95,,23458,27,,,1
100,'74',550,,23507,12,,,1,96,,23485,27,,,1,103,,23486,27,,,1,107,,23487,27,,,1,103,,23488,27,,,1,149,,23489,27,,,1,94,,23490,27,,,1,47,,23491,27,,,1,102,,23492,27,,,1,92,,23493,27,,,1,92,,23494,27,,,1,92,,23495,27,,,1,88,,23496,27,,,1,92,,23497,27,,,1,51,,23498,27,,,1,84,,23499,27,,,1,92,,23500,27,,,1,91,,23501,27,,,1,97,,23502,27,,,1,97,,23503,27,,,1,94,,23504,27,,,1,94,,23505,27,,,1,97,,23506,27,,,1
100,'80',741,,23523,12,,,1,91,,23508,27,,,1,117,,23509,27,,,1,155,,23510,27,,,1,114,,23511,27,,,1,115,,23512,27,,,1,112,,23513,27,,,1,107,,23514,27,,,1,152,,23515,27,,,1,111,,23516,27,,,1,109,,23517,27,,,1,97,,23518,27,,,1,99,,23519,27,,,1,99,,23520,27,,,1,96,,23521,27,,,1,99,,23522,27,,,1
100,'35296.2',550,,23546,12,,,1,96,,23524,27,,,1,103,,23525,27,,,1,107,,23526,27,,,1,103,,23527,27,,,1,149,,23528,27,,,1,94,,23529,27,,,1,47,,23530,27,,,1,102,,23531,27,,,1,92,,23532,27,,,1,92,,23533,27,,,1,92,,23534,27,,,1,88,,23535,27,,,1,92,,23536,27,,,1,51,,23537,27,,,1,84,,23538,27,,,1,92,,23539,27,,,1,91,,23540,27,,,1,97,,23541,27,,,1,97,,23542,27,,,1,94,,23543,27,,,1,94,,23544,27,,,1,97,,23545,27,,,1
100,'35296.3',741,,23562,12,,,1,91,,23547,27,,,1,117,,23548,27,,,1,155,,23549,27,,,1,114,,23550,27,,,1,115,,23551,27,,,1,112,,23552,27,,,1,107,,23553,27,,,1,152,,23554,27,,,1,111,,23555,27,,,1,109,,23556,27,,,1,97,,23557,27,,,1,99,,23558,27,,,1,99,,23559,27,,,1,96,,23560,27,,,1,99,,23561,27,,,1
100,'35298.2',550,,23615,12,,,1,96,,23614,27,,,1,77,,23563,27,,,1,17,,23564,27,,,1,61,,23565,27,,,1,17,,23566,27,,,1,17,,23567,27,,,1,17,,23568,27,,,1,57,,23569,27,,,1,17,,23570,27,,,1,17,,23571,27,,,1,57,,23572,27,,,1,17,,23573,27,,,1,23,,23574,27,,,1,17,,23575,27,,,1,57,,23576,27,,,1,17,,23577,27,,,1,19,,23578,27,,,1,57,,23579,27,,,1,17,,23580,27,,,1,17,,23581,27,,,1,62,,23582,27,,,1,17,,23583,27,,,1,17,,23584,27,,,1,17,,23585,27,,,1,57,,23586,27,,,1,17,,23587,27,,,1,17,,23588,27,,,1,57,,23589,27,,,1,17,,23590,27,,,1,17,,23591,27,,,1,17,,23592,27,,,1,57,,23593,27,,,1,17,,23594,27,,,1,13,,23595,27,,,1,17,,23596,27,,,1,57,,23597,27,,,1,17,,23598,27,,,1,17,,23599,27,,,1,57,,23600,27,,,1,17,,23601,27,,,1,16,,23602,27,,,1,17,,23603,27,,,1,57,,23604,27,,,1,17,,23605,27,,,1,13,,23606,27,,,1,92,,23607,27,,,1,91,,23608,27,,,1,97,,23609,27,,,1,97,,23610,27,,,1,94,,23611,27,,,1,94,,23612,27,,,1,97,,23613,27,,,1
100,'35298.3',722,,23616,27,,,1,17,,23617,27,,,1,17,,23618,27,,,1,57,,23619,27,,,1,17,,23620,27,,,1,17,,23621,27,,,1,57,,23622,27,,,1,22,,23623,27,,,1,17,,23624,27,,,1,57,,23625,27,,,1,17,,23626,27,,,1,20,,23627,27,,,1,17,,23628,27,,,1,57,,23629,27,,,1,17,,23630,27,,,1,19,,23631,27,,,1,57,,23632,27,,,1,17,,23633,27,,,1,17,,23634,27,,,1,17,,23635,27,,,1,60,,23636,27,,,1,17,,23637,27,,,1,17,,23638,27,,,1,57,,23639,27,,,1,17,,23640,27,,,1,17,,23641,27,,,1,17,,23642,27,,,1,57,,23643,27,,,1,17,,23644,27,,,1,12,,23645,27,,,1,57,,23646,27,,,1,17,,23647,27,,,1,17,,23648,27,,,1,17,,23649,27,,,1,57,,23650,27,,,1,17,,23651,27,,,1,17,,23652,27,,,1,17,,23653,27,,,1,56,,23654,27,,,1,17,,23655,27,,,1,17,,23656,27,,,1,57,,23657,27,,,1,14,,23658,27,,,1,101,,23659,27,,,1,99,,23660,27,,,1,99,,23661,27,,,1,96,,23662,27,,,1,99,,23663,27,,,1
60300,'1',510,,34741,14,,,1,20,,34742,14,,,1,21,,34743,14,,,1,61,,34744,14,,,1,22,,34745,14,,,1,18,,34746,14,,,1,63,,34747,14,,,1,18,,34748,14,,,1,18,,34749,14,,,1,60,,34750,14,,,1,18,,34751,14,,,1,18,,34752,14,,,1,58,,34753,14,,,1,18,,34754,14,,,1,19,,34755,14,,,1,62,,34756,14,,,1,22,,34757,14,,,1,22,,34758,14,,,1,63,,34759,14,,,1,22,,34760,14,,,1,22,,34761,14,,,1,62,,34762,14,,,1,22,,34763,14,,,1,62,,34764,14,,,1,23,,34765,14,,,1,22,,34766,14,,,1,62,,34767,14,,,1,22,,34768,14,,,1,22,,34769,14,,,1,59,,34770,14,,,1,16,,34771,14,,,1,16,,34772,14,,,1,16,,34773,14,,,1,56,,34774,14,,,1,16,,34775,14,,,1,16,,34776,14,,,1,56,,34777,14,,,1,16,,34778,14,,,1,16,,34779,14,,,1,16,,34780,14,,,1,55,,34781,14,,,1,16,,34782,14,,,1,13,,34783,14,,,1,16,,34784,14,,,1,56,,34785,14,,,1,15,,34786,14,,,1,30,,34787,14,,,1,70,,34788,14,,,1,30,,34789,14,,,1,69,,34790,14,,,1,27,,34791,14,,,1,70,,34792,14,,,1,41,,34793,14,,,1,80,,34794,14,,,1,82,,34795,14,,,1,87,,34796,14,,,1
60300,'74',541,,34797,14,,,1,82,,34798,14,,,1,80,,34799,14,,,1,41,,34800,14,,,1,80,,34801,14,,,1,82,,34802,14,,,1,45,,34803,14,,,1,81,,34804,14,,,1,77,,34805,14,,,1,38,,34806,14,,,1,81,,34807,14,,,1,74,,34808,14,,,1,38,,34809,14,,,1,78,,34810,14,,,1,38,,34811,14,,,1,79,,34812,14,,,1,78,,34813,14,,,1,38,,34814,14,,,1,76,,34815,14,,,1,80,,34816,14,,,1,35,,34817,14,,,1,78,,34818,14,,,1,37,,34819,14,,,1,80,,34820,14,,,1,80,,34821,14,,,1,38,,34822,14,,,1,86,,34823,14,,,1,89,,34824,14,,,1,92,,34825,14,,,1
60300,'80',725,,34826,14,,,1,76,,34827,14,,,1,38,,34828,14,,,1,76,,34829,14,,,1,42,,34830,14,,,1,85,,34831,14,,,1,84,,34832,14,,,1,82,,34833,14,,,1,42,,34834,14,,,1,82,,34835,14,,,1,82,,34836,14,,,1,43,,34837,14,,,1,79,,34838,14,,,1,76,,34839,14,,,1,36,,34840,14,,,1,76,,34841,14,,,1,35,,34842,14,,,1,76,,34843,14,,,1,73,,34844,14,,,1,36,,34845,14,,,1,74,,34846,14,,,1,36,,34847,14,,,1,91,,34848,14,,,1,105,,34849,14,,,1,103,,34850,14,,,1,106,,34851,14,,,1
60300,'35296.2',541,,34852,14,,,1,82,,34853,14,,,1,80,,34854,14,,,1,41,,34855,14,,,1,80,,34856,14,,,1,82,,34857,14,,,1,45,,34858,14,,,1,81,,34859,14,,,1,77,,34860,14,,,1,38,,34861,14,,,1,81,,34862,14,,,1,74,,34863,14,,,1,38,,34864,14,,,1,78,,34865,14,,,1,38,,34866,14,,,1,79,,34867,14,,,1,78,,34868,14,,,1,38,,34869,14,,,1,76,,34870,14,,,1,80,,34871,14,,,1,35,,34872,14,,,1,78,,34873,14,,,1,37,,34874,14,,,1,80,,34875,14,,,1,80,,34876,14,,,1,38,,34877,14,,,1,86,,34878,14,,,1,89,,34879,14,,,1,92,,34880,14,,,1
60300,'35296.3',725,,34881,14,,,1,76,,34882,14,,,1,38,,34883,14,,,1,76,,34884,14,,,1,42,,34885,14,,,1,85,,34886,14,,,1,84,,34887,14,,,1,82,,34888,14,,,1,42,,34889,14,,,1,82,,34890,14,,,1,82,,34891,14,,,1,43,,34892,14,,,1,79,,34893,14,,,1,76,,34894,14,,,1,36,,34895,14,,,1,76,,34896,14,,,1,35,,34897,14,,,1,76,,34898,14,,,1,73,,34899,14,,,1,36,,34900,14,,,1,74,,34901,14,,,1,36,,34902,14,,,1,91,,34903,14,,,1,105,,34904,14,,,1,103,,34905,14,,,1,106,,34906,14,,,1
60300,'35297.2',531,,34998,14,,,1,22,,34999,14,,,1,62,,35000,14,,,1,24,,35001,14,,,1,62,,35002,14,,,1,23,,34907,14,,,1,7,,34908,14,,,1,7,,34909,14,,,1,7,,34910,14,,,1,7,,34911,14,,,1,7,,34912,14,,,1,47,,34913,14,,,1,7,,34914,14,,,1,7,,34915,14,,,1,7,,34916,14,,,1,7,,34917,14,,,1,9,,34918,14,,,1,7,,34919,14,,,1,7,,34920,14,,,1,47,,34921,14,,,1,7,,34922,14,,,1,7,,34923,14,,,1,7,,34924,14,,,1,12,,34925,14,,,1,7,,34926,14,,,1,7,,34927,14,,,1,7,,34928,14,,,1,47,,34929,14,,,1,7,,34930,14,,,1,8,,34931,14,,,1,7,,34932,14,,,1,7,,34933,14,,,1,7,,34934,14,,,1,7,,34935,14,,,1,7,,34936,14,,,1,45,,34937,14,,,1,7,,34938,14,,,1,7,,34939,14,,,1,7,,34940,14,,,1,7,,34941,14,,,1,7,,34942,14,,,1,7,,34943,14,,,1,7,,34944,14,,,1,7,,34945,14,,,1,50,,34946,14,,,1,7,,34947,14,,,1,7,,34948,14,,,1,7,,34949,14,,,1,7,,34950,14,,,1,7,,34951,14,,,1,7,,34952,14,,,1,7,,34953,14,,,1,47,,34954,14,,,1,3,,34955,14,,,1,7,,34956,14,,,1,7,,34957,14,,,1,7,,34958,14,,,1,7,,34959,14,,,1,7,,34960,14,,,1,7,,34961,14,,,1,7,,34962,14,,,1,47,,34963,14,,,1,7,,34964,14,,,1,7,,34965,14,,,1,7,,34966,14,,,1,7,,34967,14,,,1,7,,34968,14,,,1,7,,34969,14,,,1,7,,34970,14,,,1,7,,34971,14,,,1,52,,34972,14,,,1,7,,34973,14,,,1,7,,34974,14,,,1,7,,34975,14,,,1,3,,34976,14,,,1,7,,34977,14,,,1,7,,34978,14,,,1,7,,34979,14,,,1,47,,34980,14,,,1,7,,34981,14,,,1,7,,34982,14,,,1,7,,34983,14,,,1,7,,34984,14,,,1,7,,34985,14,,,1,7,,34986,14,,,1,7,,34987,14,,,1,7,,34988,14,,,1,47,,34989,14,,,1,7,,34990,14,,,1,5,,34991,14,,,1,7,,34992,14,,,1,7,,34993,14,,,1,7,,34994,14,,,1,7,,34995,14,,,1,7,,34996,14,,,1,49,,34997,14,,,1,7,,35003,14,,,1,7,,35004,14,,,1,7,,35005,14,,,1,7,,35006,14,,,1,4,,35007,14,,,1,7,,35008,14,,,1,7,,35009,14,,,1,7,,35010,14,,,1,47,,35011,14,,,1,7,,35012,14,,,1,7,,35013,14,,,1,7,,35014,14,,,1,6,,35015,14,,,1,7,,35016,14,,,1,7,,35017,14,,,1,7,,35018,14,,,1,62,,35019,14,,,1,22,,35020,14,,,1,22,,35021,14,,,1,62,,35022,14,,,1,22,,35023,14,,,1,20,,35024,14,,,1,62,,35025,14,,,1,22,,35026,14,,,1,62,,35027,14,,,1,19,,35028,14,,,1,22,,35029,14,,,1,62,,35030,14,,,1,22,,35031,14,,,1,22,,35032,14,,,1
60300,'35297.3',722,,35033,14,,,1,7,,35034,14,,,1,7,,35035,14,,,1,7,,35036,14,,,1,7,,35037,14,,,1,7,,35038,14,,,1,47,,35039,14,,,1,9,,35040,14,,,1,7,,35041,14,,,1,7,,35042,14,,,1,7,,35043,14,,,1,7,,35044,14,,,1,7,,35045,14,,,1,7,,35046,14,,,1,47,,35047,14,,,1,7,,35048,14,,,1,7,,35049,14,,,1,7,,35050,14,,,1,7,,35051,14,,,1,7,,35052,14,,,1,7,,35053,14,,,1,7,,35054,14,,,1,7,,35055,14,,,1,50,,35056,14,,,1,7,,35057,14,,,1,7,,35058,14,,,1,7,,35059,14,,,1,7,,35060,14,,,1,7,,35061,14,,,1,7,,35062,14,,,1,9,,35063,14,,,1,47,,35064,14,,,1,7,,35065,14,,,1,7,,35066,14,,,1,7,,35067,14,,,1,7,,35068,14,,,1,7,,35069,14,,,1,7,,35070,14,,,1,7,,35071,14,,,1,47,,35072,14,,,1,7,,35073,14,,,1,7,,35074,14,,,1,7,,35075,14,,,1,7,,35076,14,,,1,7,,35077,14,,,1,7,,35078,14,,,1,7,,35079,14,,,1,7,,35080,14,,,1,47,,35081,14,,,1,7,,35082,14,,,1,7,,35083,14,,,1,7,,35084,14,,,1,7,,35085,14,,,1,7,,35086,14,,,1,7,,35087,14,,,1,7,,35088,14,,,1,47,,35089,14,,,1,7,,35090,14,,,1,7,,35091,14,,,1,7,,35092,14,,,1,8,,35093,14,,,1,7,,35094,14,,,1,7,,35095,14,,,1,7,,35096,14,,,1,7,,35097,14,,,1,47,,35098,14,,,1,7,,35099,14,,,1,7,,35100,14,,,1,7,,35101,14,,,1,7,,35102,14,,,1,7,,35103,14,,,1,7,,35104,14,,,1,7,,35105,14,,,1,47,,35106,14,,,1,7,,35107,14,,,1,7,,35108,14,,,1,7,,35109,14,,,1,7,,35110,14,,,1,7,,35111,14,,,1,7,,35112,14,,,1,7,,35113,14,,,1,7,,35114,14,,,1,47,,35115,14,,,1,7,,35116,14,,,1,7,,35117,14,,,1,7,,35118,14,,,1,6,,35119,14,,,1,7,,35120,14,,,1,7,,35121,14,,,1,7,,35122,14,,,1,7,,35123,14,,,1,47,,35124,14,,,1,7,,35125,14,,,1,7,,35126,14,,,1,7,,35127,14,,,1,7,,35128,14,,,1,7,,35129,14,,,1,7,,35130,14,,,1,7,,35131,14,,,1,4,,35132,14,,,1,47,,35133,14,,,1,7,,35134,14,,,1,7,,35135,14,,,1,7,,35136,14,,,1,7,,35137,14,,,1,7,,35138,14,,,1,7,,35139,14,,,1,7,,35140,14,,,1,60,,35141,14,,,1,22,,35142,14,,,1,22,,35143,14,,,1,62,,35144,14,,,1,22,,35145,14,,,1,62,,35146,14,,,1,21,,35147,14,,,1,22,,35148,14,,,1,62,,35149,14,,,1,22,,35150,14,,,1,19,,35151,14,,,1,62,,35152,14,,,1,22,,35153,14,,,1,22,,35154,14,,,1
