3200,'1',531,,28094,35,,,1,110,,28095,35,,,1,110,,28096,35,,,1,152,,28093,35,,,1,600,,28097,35,,,1,30,,28101,35,,,1,82,,28098,35,,,1,109,,28099,35,,,1,110,,28100,35,,,1,109,,28092,35,,,1
3300,'1',552,,28117,4,,,1,71,,28118,4,,,1,30,,28119,4,,,1,70,,28120,4,,,1,79,,28121,4,,,1,21,,28122,4,,,1,30,,28123,4,,,1,77,,28124,4,,,1,23,,28125,4,,,1,70,,28126,4,,,1,33,,28127,4,,,1,67,,28128,4,,,1,30,,28129,4,,,1,70,,28130,4,,,1,30,,28131,4,,,1,70,,28132,4,,,1,30,,28133,4,,,1,75,,28134,4,,,1,26,,28135,4,,,1,71,,28136,4,,,1,32,,28137,4,,,1,70,,28138,4,,,1,31,,28139,4,,,1,70,,28140,4,,,1,31,,28141,4,,,1,71,,28142,4,,,1,71,,28143,4,,,1,26,,28144,4,,,1,26,,28145,4,,,1,69,,28146,4,,,1,23,,28147,4,,,1
3300,'2',602,,28148,4,,,1,39,,28149,4,,,1,79,,28150,4,,,1,39,,28151,4,,,1,79,,28152,4,,,1,79,,28153,4,,,1,39,,28154,4,,,1,84,,28155,4,,,1,83,,28156,4,,,1,83,,28157,4,,,1,43,,28158,4,,,1,83,,28159,4,,,1,83,,28160,4,,,1,43,,28161,4,,,1,83,,28162,4,,,1,83,,28163,4,,,1,83,,28164,4,,,1,43,,28165,4,,,1,83,,28166,4,,,1,83,,28167,4,,,1,37,,28168,4,,,1,81,,28169,4,,,1
3300,'74',602,,28170,4,,,1,39,,28171,4,,,1,79,,28172,4,,,1,39,,28173,4,,,1,79,,28174,4,,,1,79,,28175,4,,,1,39,,28176,4,,,1,84,,28177,4,,,1,83,,28178,4,,,1,83,,28179,4,,,1,43,,28180,4,,,1,83,,28181,4,,,1,83,,28182,4,,,1,43,,28183,4,,,1,83,,28184,4,,,1,83,,28185,4,,,1,83,,28186,4,,,1,43,,28187,4,,,1,83,,28188,4,,,1,83,,28189,4,,,1,37,,28190,4,,,1,81,,28191,4,,,1
5400,'1',538,,28599,1,,,1,63,,28594,1,,,1,23,,28595,1,,,1,23,,28596,1,,,1,61,,28597,1,,,1,25,,28598,1,,,1,24,,28602,1,,,1,73,,28600,1,,,1,26,,28601,1,,,1,61,,28611,1,,,1,36,,28603,1,,,1,76,,28604,1,,,1,76,,28605,1,,,1,36,,28606,1,,,1,76,,28607,1,,,1,36,,28608,1,,,1,76,,28609,1,,,1,76,,28610,1,,,1,40,,28621,1,,,1,56,,28612,1,,,1,42,,28613,1,,,1,69,,28614,1,,,1,29,,28615,1,,,1,69,,28616,1,,,1,29,,28617,1,,,1,69,,28618,1,,,1,29,,28619,1,,,1,69,,28620,1,,,1,21,,28624,1,,,1,104,,28622,1,,,1,104,,28623,1,,,1,99,,28625,1,,,1
5400,'2',855,,28626,1,,,1,103,,28627,1,,,1,153,,28628,1,,,1,110,,28629,1,,,1,110,,28630,1,,,1,112,,28631,1,,,1,112,,28632,1,,,1,149,,28633,1,,,1,104,,28634,1,,,1,104,,28635,1,,,1,98,,28636,1,,,1,95,,28637,1,,,1,95,,28638,1,,,1,55,,28639,1,,,1
5400,'74',855,,28640,1,,,1,103,,28641,1,,,1,153,,28642,1,,,1,110,,28643,1,,,1,110,,28644,1,,,1,112,,28645,1,,,1,112,,28646,1,,,1,149,,28647,1,,,1,104,,28648,1,,,1,104,,28649,1,,,1,98,,28650,1,,,1,95,,28651,1,,,1,95,,28652,1,,,1,55,,28653,1,,,1
5401,'1',554,,28654,39,4,,1,63,,28655,39,4,,1,25,,28656,39,4,,1,61,,28657,39,4,,1,25,,28658,39,4,,1,23,,28659,39,4,,1,68,,28660,39,4,,1,27,,28661,39,4,,1,66,,28662,39,4,,1,36,,28663,39,4,,1,76,,28664,39,4,,1,76,,28665,39,4,,1,36,,28666,39,4,,1,76,,28667,39,4,,1,36,,28668,39,4,,1,76,,28669,39,4,,1,76,,28670,39,4,,1,39,,28671,39,4,,1,17,,28672,39,4,,1,73,,28673,39,4,,1,77,,28674,39,4,,1,29,,28675,39,4,,1,69,,28676,39,4,,1,25,,28677,39,4,,1,29,,28678,39,4,,1,66,,28679,39,4,,1,29,,28680,39,4,,1,69,,28681,39,4,,1,104,,28682,39,4,,1,101,,28683,39,4,,1,102,,28684,39,4,,1
5401,'2',850,,28685,39,4,,1,103,,28686,39,4,,1,153,,28687,39,4,,1,110,,28688,39,4,,1,110,,28689,39,4,,1,112,,28690,39,4,,1,112,,28691,39,4,,1,109,,28692,39,4,,1,144,,28693,39,4,,1,104,,28694,39,4,,1,98,,28695,39,4,,1,95,,28696,39,4,,1,55,,28697,39,4,,1,95,,28698,39,4,,1
5401,'74',850,,28699,39,4,,1,103,,28700,39,4,,1,153,,28701,39,4,,1,110,,28702,39,4,,1,110,,28703,39,4,,1,112,,28704,39,4,,1,112,,28705,39,4,,1,109,,28706,39,4,,1,144,,28707,39,4,,1,104,,28708,39,4,,1,98,,28709,39,4,,1,95,,28710,39,4,,1,55,,28711,39,4,,1,95,,28712,39,4,,1
