9601,'1',525,,31339,63,,,1,31,,31340,63,,,1,69,,31341,63,,,1,30,,31342,63,,,1,81,,31343,63,,,1,76,,31344,63,,,1,38,,31345,63,,,1,68,,31346,63,,,1,33,,31347,63,,,1,71,,31348,63,,,1,79,,31349,63,,,1,38,,31350,59,,,1,83,,31351,59,,,1,35,,31352,59,,,1,72,,31353,59,,,1,86,,31354,59,,,1,42,,31355,59,,,1,60,,31374,59,,,1,19,,31356,59,,,1,70,,31357,59,,,1,27,,31358,59,,,1,71,,31359,63,,,1,27,,31360,63,,,1,26,,31361,63,,,1,63,,31362,63,,,1,18,,31363,63,,,1,65,,31364,63,,,1,25,,31365,63,,,1,25,,31366,63,,,1,61,,31367,59,,,1,25,,31368,59,,,1,67,,31369,59,,,1,30,,31370,59,,,1,70,,31371,59,,,1,30,,31372,59,,,1,64,,31373,59,,,1
9601,'2',852,,31375,59,,,1,99,,31376,59,,,1,100,,31377,59,,,1,99,,31378,59,,,1,99,,31379,59,,,1,98,,31380,59,,,1,99,,31381,59,,,1,99,,31382,59,,,1,99,,31383,59,,,1,99,,31384,59,,,1,88,,31385,59,,,1,90,,31386,59,,,1,97,,31387,59,,,1
9601,'3',951,,31388,59,,,1,94,,31389,59,,,1,94,,31390,59,,,1,94,,31391,59,,,1,94,,31392,59,,,1,94,,31393,59,,,1,96,,31394,59,,,1,94,,31395,59,,,1,89,,31396,59,,,1,54,,31397,59,,,1,92,,31398,59,,,1,94,,31399,59,,,1
9601,'74',852,,31400,59,,,1,99,,31401,59,,,1,100,,31402,59,,,1,99,,31403,59,,,1,99,,31404,59,,,1,98,,31405,59,,,1,99,,31406,59,,,1,99,,31407,59,,,1,99,,31408,59,,,1,99,,31409,59,,,1,88,,31410,59,,,1,90,,31411,59,,,1,97,,31412,59,,,1
9601,'80',951,,31413,59,,,1,94,,31414,59,,,1,94,,31415,59,,,1,94,,31416,59,,,1,94,,31417,59,,,1,94,,31418,59,,,1,96,,31419,59,,,1,94,,31420,59,,,1,89,,31421,59,,,1,54,,31422,59,,,1,92,,31423,59,,,1,94,,31424,59,,,1
10701,'1',520,,32420,6,,,1,24,,32419,6,,,1,65,,32418,6,,,1,24,,32417,6,,,1,24,,32416,6,,,1,57,,32415,6,,,1,20,,32414,6,,,1,12,,32413,6,,,1,60,,32412,6,,,1,16,,32411,6,,,1,16,,32410,6,,,1,10,,32409,6,,,1,87,,32398,6,,,1,80,,32405,6,,,1,42,,32404,6,,,1,82,,32403,6,,,1,82,,32402,6,,,1,86,,32401,6,,,1,42,,32400,6,,,1,68,,32408,6,,,1,14,,32399,6,,,1,23,,32397,6,,,1,58,,32396,6,,,1,18,,32395,6,,,1,18,,32394,6,,,1,62,,32393,6,,,1,18,,32392,6,,,1,18,,32391,6,,,1,64,,32390,6,,,1,18,,32389,6,,,1,18,,32388,6,,,1,55,,32387,6,,,1,17,,32386,6,,,1,18,,32434,6,,,1,66,,32433,6,,,1,18,,32421,6,,,1,38,,32435,6,,,1,81,,32432,6,,,1,77,,32431,6,,,1,38,,32430,6,,,1,73,,32429,6,,,1,74,,32428,6,,,1,34,,32427,6,,,1,74,,32426,6,,,1,34,,32425,6,,,1,74,,32424,6,,,1,34,,32423,6,,,1,74,,32422,6,,,1
10701,'2',654,,32463,6,,,1,79,,32464,6,,,1,77,,32465,6,,,1,37,,32466,6,,,1,77,,32467,6,,,1,77,,32468,6,,,1,37,,32469,6,,,1,77,,32470,6,,,1,37,,32471,6,,,1,77,,32472,6,,,1,76,,32440,6,,,1,37,,32441,6,,,1,77,,32443,6,,,1,37,,32444,6,,,1,77,,32445,6,,,1,77,,32446,6,,,1,35,,32447,6,,,1,77,,32448,6,,,1,37,,32449,6,,,1,77,,32450,6,,,1,77,,32451,6,,,1,37,,32452,6,,,1,77,,32453,6,,,1,77,,32454,6,,,1,37,,32455,6,,,1,77,,32442,6,,,1,37,,32456,6,,,1,77,,32457,6,,,1,77,,32458,6,,,1,37,,32459,6,,,1,77,,32439,6,,,1,35,,32460,6,,,1
10701,'3',734,,32485,6,,,1,77,,32486,6,,,1,34,,32487,6,,,1,77,,32488,6,,,1,78,,32489,6,,,1,37,,32490,6,,,1,77,,32484,6,,,1,37,,32491,6,,,1,77,,32492,6,,,1,77,,32493,6,,,1,37,,32494,6,,,1,77,,32495,6,,,1,35,,32496,6,,,1,77,,32497,6,,,1,77,,32498,6,,,1,37,,32500,6,,,1,77,,32501,6,,,1,37,,32499,6,,,1,77,,32481,6,,,1,77,,32502,6,,,1,37,,32503,6,,,1,77,,32504,6,,,1,77,,32505,6,,,1,37,,32473,6,,,1,77,,32474,6,,,1,37,,32475,6,,,1,77,,32476,6,,,1,77,,32477,6,,,1,37,,32478,6,,,1,77,,32479,6,,,1,77,,32480,6,,,1
10701,'74',654,,32530,6,,,1,79,,32531,6,,,1,77,,32532,6,,,1,37,,32533,6,,,1,77,,32534,6,,,1,77,,32535,6,,,1,37,,32536,6,,,1,77,,32537,6,,,1,37,,32538,6,,,1,77,,32539,6,,,1,76,,32507,6,,,1,37,,32508,6,,,1,77,,32510,6,,,1,37,,32511,6,,,1,77,,32512,6,,,1,77,,32513,6,,,1,35,,32514,6,,,1,77,,32515,6,,,1,37,,32516,6,,,1,77,,32517,6,,,1,77,,32518,6,,,1,37,,32519,6,,,1,77,,32520,6,,,1,77,,32521,6,,,1,37,,32522,6,,,1,77,,32509,6,,,1,37,,32523,6,,,1,77,,32524,6,,,1,77,,32525,6,,,1,37,,32526,6,,,1,77,,32506,6,,,1,35,,32527,6,,,1
10701,'80',734,,32552,6,,,1,77,,32553,6,,,1,34,,32554,6,,,1,77,,32555,6,,,1,78,,32556,6,,,1,37,,32557,6,,,1,77,,32551,6,,,1,37,,32558,6,,,1,77,,32559,6,,,1,77,,32560,6,,,1,37,,32561,6,,,1,77,,32562,6,,,1,35,,32563,6,,,1,77,,32564,6,,,1,77,,32565,6,,,1,37,,32567,6,,,1,77,,32568,6,,,1,37,,32566,6,,,1,77,,32548,6,,,1,77,,32569,6,,,1,37,,32570,6,,,1,77,,32571,6,,,1,77,,32572,6,,,1,37,,32540,6,,,1,77,,32541,6,,,1,37,,32542,6,,,1,77,,32543,6,,,1,77,,32544,6,,,1,37,,32545,6,,,1,77,,32546,6,,,1,77,,32547,6,,,1
46201,'35294.1',1553,,34037,22,,,1,5,,34038,22,,,1
