9800,'1',646,,31445,56,,,1,75,,31444,56,,,1,35,,31443,56,,,1,75,,31442,56,,,1,75,,31441,56,,,1,35,,31440,56,,,1,98,,31436,56,,,1,98,,31433,56,,,1,98,,31438,56,,,1,98,,31437,56,,,1,80,,31425,56,,,1,40,,31435,56,,,1,80,,31434,56,,,1,80,,31432,56,,,1,40,,31431,56,,,1,80,,31430,56,,,1,80,,31429,56,,,1,40,,31428,56,,,1,91,,31427,56,,,1,91,,31426,56,,,1,88,,31439,56,,,1
9800,'2',644,,31463,56,,,1,86,,31462,56,,,1,85,,31461,56,,,1,94,,31460,56,,,1,94,,31459,56,,,1,54,,31458,56,,,1,94,,31457,56,,,1,98,,31456,56,,,1,98,,31455,56,,,1,98,,31454,56,,,1,98,,31453,56,,,1,98,,31452,56,,,1,98,,31451,56,,,1,98,,31450,56,,,1,89,,31449,56,,,1,90,,31448,56,,,1,89,,31447,56,,,1,45,,31446,56,,,1
9800,'3',828,,31479,56,,,1,88,,31478,56,,,1,88,,31477,56,,,1,53,,31476,56,,,1,93,,31475,56,,,1,93,,31474,56,,,1,93,,31473,56,,,1,93,,31472,56,,,1,93,,31471,56,,,1,93,,31470,56,,,1,93,,31469,56,,,1,93,,31468,56,,,1,48,,31467,56,,,1,90,,31466,56,,,1,87,,31465,56,,,1,88,,31464,56,,,1
9800,'74',644,,31497,56,,,1,86,,31496,56,,,1,85,,31495,56,,,1,94,,31494,56,,,1,94,,31493,56,,,1,54,,31492,56,,,1,94,,31491,56,,,1,98,,31490,56,,,1,98,,31489,56,,,1,98,,31488,56,,,1,98,,31487,56,,,1,98,,31486,56,,,1,98,,31485,56,,,1,98,,31484,56,,,1,89,,31483,56,,,1,90,,31482,56,,,1,89,,31481,56,,,1,45,,31480,56,,,1
9800,'80',828,,31513,56,,,1,88,,31512,56,,,1,88,,31511,56,,,1,53,,31510,56,,,1,93,,31509,56,,,1,93,,31508,56,,,1,93,,31507,56,,,1,93,,31506,56,,,1,93,,31505,56,,,1,93,,31504,56,,,1,93,,31503,56,,,1,93,,31502,56,,,1,48,,31501,56,,,1,90,,31500,56,,,1,87,,31499,56,,,1,88,,31498,56,,,1
989900,'1',2146,,36830,99,,,1,72,,36831,99,,,1,38,,36832,99,,,1,78,,36833,99,,,1,75,,36834,99,,,1,32,,36835,99,,,1,75,,36836,99,,,1,35,,36837,99,,,1
989900,'2',2151,,36841,99,,,1,94,,36842,99,,,1,84,,36843,99,,,1,91,,36844,99,,,1,86,,36845,99,,,1,46,,36846,99,,,1
989900,'3',2205,,36850,99,,,1,50,,36851,99,,,1,83,,36852,99,,,1,90,,36853,99,,,1,79,,36854,99,,,1,43,,36855,99,,,1
989900,'74',2151,,36859,99,,,1,94,,36860,99,,,1,84,,36861,99,,,1,91,,36862,99,,,1,86,,36863,99,,,1,46,,36864,99,,,1
989900,'80',2205,,36868,99,,,1,50,,36869,99,,,1,83,,36870,99,,,1,90,,36871,99,,,1,79,,36872,99,,,1,43,,36873,99,,,1
