100,'1',421,,23457,46,,,1,38,,23456,46,,,1,71,,23455,46,,,1,82,,23483,61,,,1,38,,23482,61,,,1,84,,23480,61,,,1,79,,23481,61,,,1,32,,23479,61,,,1,75,,23478,61,,,1,35,,23477,61,,,1,146,,23476,61,,,1,113,,23475,61,,,1,112,,23474,61,,,1,116,,23473,61,,,1,87,,23484,61,,,1,85,,23472,61,,,1,31,,23471,61,,,1,77,,23470,61,,,1,31,,23469,61,,,1,74,,23468,61,,,1,74,,23467,61,,,1,24,,23466,61,,,1,23,,23465,61,,,1,97,,23464,61,,,1,102,,23463,61,,,1,100,,23462,61,,,1,91,,23461,61,,,1,95,,23460,61,,,1,89,,23459,61,,,1,95,,23458,61,,,1
100,'74',619,,23507,46,,,1,96,,23485,61,,,1,103,,23486,61,,,1,107,,23487,61,,,1,103,,23488,61,,,1,112,,23489,61,,,1,96,,23490,61,,,1,87,,23491,61,,,1,103,,23492,61,,,1,92,,23493,61,,,1,92,,23494,61,,,1,92,,23495,61,,,1,46,,23496,61,,,1,92,,23497,61,,,1,91,,23498,61,,,1,80,,23499,61,,,1,92,,23500,61,,,1,50,,23501,61,,,1,97,,23502,61,,,1,97,,23503,61,,,1,94,,23504,61,,,1,92,,23505,61,,,1,96,,23506,61,,,1
100,'80',809,,23523,46,,,1,91,,23508,61,,,1,119,,23509,61,,,1,115,,23510,61,,,1,115,,23511,61,,,1,155,,23512,61,,,1,112,,23513,61,,,1,107,,23514,61,,,1,112,,23515,61,,,1,110,,23516,61,,,1,108,,23517,61,,,1,95,,23518,61,,,1,99,,23519,61,,,1,99,,23520,61,,,1,94,,23521,61,,,1,99,,23522,61,,,1
100,'35296.2',619,,23546,46,,,1,96,,23524,61,,,1,103,,23525,61,,,1,107,,23526,61,,,1,103,,23527,61,,,1,112,,23528,61,,,1,96,,23529,61,,,1,87,,23530,61,,,1,103,,23531,61,,,1,92,,23532,61,,,1,92,,23533,61,,,1,92,,23534,61,,,1,46,,23535,61,,,1,92,,23536,61,,,1,91,,23537,61,,,1,80,,23538,61,,,1,92,,23539,61,,,1,50,,23540,61,,,1,97,,23541,61,,,1,97,,23542,61,,,1,94,,23543,61,,,1,92,,23544,61,,,1,96,,23545,61,,,1
100,'35296.3',809,,23562,46,,,1,91,,23547,61,,,1,119,,23548,61,,,1,115,,23549,61,,,1,115,,23550,61,,,1,155,,23551,61,,,1,112,,23552,61,,,1,107,,23553,61,,,1,112,,23554,61,,,1,110,,23555,61,,,1,108,,23556,61,,,1,95,,23557,61,,,1,99,,23558,61,,,1,99,,23559,61,,,1,94,,23560,61,,,1,99,,23561,61,,,1
100,'35298.2',619,,23615,46,,,1,96,,23614,61,,,1,37,,23563,61,,,1,57,,23564,61,,,1,21,,23565,61,,,1,17,,23566,61,,,1,57,,23567,61,,,1,17,,23568,61,,,1,17,,23569,61,,,1,17,,23570,61,,,1,57,,23571,61,,,1,17,,23572,61,,,1,17,,23573,61,,,1,66,,23574,61,,,1,17,,23575,61,,,1,17,,23576,61,,,1,57,,23577,61,,,1,21,,23578,61,,,1,17,,23579,61,,,1,17,,23580,61,,,1,57,,23581,61,,,1,23,,23582,61,,,1,17,,23583,61,,,1,57,,23584,61,,,1,17,,23585,61,,,1,17,,23586,61,,,1,57,,23587,61,,,1,17,,23588,61,,,1,17,,23589,61,,,1,17,,23590,61,,,1,57,,23591,61,,,1,17,,23592,61,,,1,17,,23593,61,,,1,57,,23594,61,,,1,11,,23595,61,,,1,17,,23596,61,,,1,17,,23597,61,,,1,57,,23598,61,,,1,17,,23599,61,,,1,17,,23600,61,,,1,17,,23601,61,,,1,56,,23602,61,,,1,17,,23603,61,,,1,17,,23604,61,,,1,57,,23605,61,,,1,9,,23606,61,,,1,92,,23607,61,,,1,50,,23608,61,,,1,97,,23609,61,,,1,97,,23610,61,,,1,94,,23611,61,,,1,92,,23612,61,,,1,96,,23613,61,,,1
100,'35298.3',750,,23616,61,,,1,57,,23617,61,,,1,17,,23618,61,,,1,17,,23619,61,,,1,17,,23620,61,,,1,57,,23621,61,,,1,17,,23622,61,,,1,24,,23623,61,,,1,57,,23624,61,,,1,17,,23625,61,,,1,17,,23626,61,,,1,60,,23627,61,,,1,17,,23628,61,,,1,17,,23629,61,,,1,17,,23630,61,,,1,60,,23631,61,,,1,17,,23632,61,,,1,17,,23633,61,,,1,57,,23634,61,,,1,17,,23635,61,,,1,20,,23636,61,,,1,57,,23637,61,,,1,17,,23638,61,,,1,17,,23639,61,,,1,17,,23640,61,,,1,57,,23641,61,,,1,17,,23642,61,,,1,17,,23643,61,,,1,57,,23644,61,,,1,12,,23645,61,,,1,17,,23646,61,,,1,17,,23647,61,,,1,57,,23648,61,,,1,17,,23649,61,,,1,17,,23650,61,,,1,17,,23651,61,,,1,57,,23652,61,,,1,17,,23653,61,,,1,15,,23654,61,,,1,57,,23655,61,,,1,17,,23656,61,,,1,17,,23657,61,,,1,13,,23658,61,,,1,99,,23659,61,,,1,99,,23660,61,,,1,99,,23661,61,,,1,94,,23662,61,,,1,99,,23663,61,,,1
900,'1',539,,26052,4,,,1,65,,26053,4,,,1,41,,26054,4,,,1,73,,26055,4,,,1,33,,26056,4,,,1,73,,26057,4,,,1,33,,26058,4,,,1,73,,26059,4,,,1,84,,26060,4,,,1,44,,26061,4,,,1,84,,26062,4,,,1,84,,26063,4,,,1,84,,26064,4,,,1,44,,26065,4,,,1,82,,26066,4,,,1,74,,26067,4,,,1,34,,26068,4,,,1,82,,26069,4,,,1,82,,26070,4,,,1,34,,26071,4,,,1,78,,26072,4,,,1,38,,26073,4,,,1,78,,26074,4,,,1,78,,26075,4,,,1
900,'2',654,,26096,4,,,1,79,,26097,4,,,1,79,,26076,4,,,1,39,,26077,4,,,1,79,,26078,4,,,1,79,,26079,4,,,1,39,,26080,4,,,1,79,,26081,4,,,1,79,,26082,4,,,1,39,,26083,4,,,1,84,,26084,4,,,1,81,,26085,4,,,1,41,,26086,4,,,1,81,,26087,4,,,1,81,,26088,4,,,1,41,,26089,4,,,1,85,,26090,4,,,1,82,,26091,4,,,1,80,,26092,4,,,1,42,,26093,4,,,1,82,,26094,4,,,1,82,,26095,4,,,1
900,'3',756,,26116,4,,,1,81,,26117,4,,,1,81,,26098,4,,,1,41,,26099,4,,,1,81,,26100,4,,,1,81,,26101,4,,,1,81,,26102,4,,,1,41,,26103,4,,,1,81,,26104,4,,,1,81,,26105,4,,,1,41,,26106,4,,,1,81,,26107,4,,,1,81,,26108,4,,,1,41,,26109,4,,,1,78,,26110,4,,,1,81,,26111,4,,,1,41,,26112,4,,,1,80,,26113,4,,,1,80,,26114,4,,,1,40,,26115,4,,,1
900,'74',654,,26138,4,,,1,79,,26139,4,,,1,79,,26118,4,,,1,39,,26119,4,,,1,79,,26120,4,,,1,79,,26121,4,,,1,39,,26122,4,,,1,79,,26123,4,,,1,79,,26124,4,,,1,39,,26125,4,,,1,84,,26126,4,,,1,81,,26127,4,,,1,41,,26128,4,,,1,81,,26129,4,,,1,81,,26130,4,,,1,41,,26131,4,,,1,85,,26132,4,,,1,82,,26133,4,,,1,80,,26134,4,,,1,42,,26135,4,,,1,82,,26136,4,,,1,82,,26137,4,,,1
900,'80',756,,26158,4,,,1,81,,26159,4,,,1,81,,26140,4,,,1,41,,26141,4,,,1,81,,26142,4,,,1,81,,26143,4,,,1,81,,26144,4,,,1,41,,26145,4,,,1,81,,26146,4,,,1,81,,26147,4,,,1,41,,26148,4,,,1,81,,26149,4,,,1,81,,26150,4,,,1,41,,26151,4,,,1,78,,26152,4,,,1,81,,26153,4,,,1,41,,26154,4,,,1,80,,26155,4,,,1,80,,26156,4,,,1,40,,26157,4,,,1
1400,'1',548,,26392,59,,,1,67,,26391,59,,,1,29,,26390,59,,,1,73,,26388,59,,,1,30,,26389,59,,,1,72,,26414,59,,,1,22,,26413,59,,,1,77,,26412,59,,,1,28,,26411,56,,,1,74,,26410,56,,,1,34,,26404,56,,,1,75,,26394,56,,,1,74,,26409,56,,,1,33,,26408,56,,,1,73,,26407,56,,,1,33,,26406,56,,,1,73,,26405,56,,,1,38,,26403,59,,,1,72,,26402,59,,,1,76,,26401,59,,,1,31,,26400,59,,,1,77,,26399,59,,,1,32,,26398,59,,,1,75,,26397,59,,,1,35,,26396,59,,,1,66,,26395,59,,,1,27,,26393,56,,,1,76,,26415,56,,,1,81,,26416,56,,,1
