9601,'1',535,,31339,77,,,1,72,,31340,77,,,1,29,,31341,77,,,1,70,,31342,77,,,1,42,,31343,77,,,1,76,,31344,77,,,1,78,,31345,77,,,1,27,,31346,77,,,1,72,,31347,77,,,1,31,,31348,77,,,1,79,,31349,77,,,1,38,,31350,73,,,1,83,,31351,73,,,1,75,,31352,73,,,1,32,,31353,73,,,1,86,,31354,73,,,1,82,,31355,73,,,1,22,,31374,73,,,1,17,,31356,73,,,1,72,,31357,73,,,1,27,,31358,73,,,1,71,,31359,77,,,1,27,,31360,77,,,1,64,,31361,77,,,1,22,,31362,77,,,1,17,,31363,77,,,1,65,,31364,77,,,1,25,,31365,77,,,1,65,,31366,77,,,1,21,,31367,73,,,1,25,,31368,73,,,1,67,,31369,73,,,1,30,,31370,73,,,1,70,,31371,73,,,1,30,,31372,73,,,1,64,,31373,73,,,1
9601,'2',900,,31375,73,,,1,59,,31376,73,,,1,142,,31377,73,,,1,99,,31378,73,,,1,59,,31379,73,,,1,96,,31380,73,,,1,99,,31381,73,,,1,99,,31382,73,,,1,99,,31383,73,,,1,99,,31384,73,,,1,88,,31385,73,,,1,89,,31386,73,,,1,97,,31387,73,,,1
9601,'3',1000,,31388,73,,,1,54,,31389,73,,,1,94,,31390,73,,,1,94,,31391,73,,,1,94,,31392,73,,,1,94,,31393,73,,,1,96,,31394,73,,,1,94,,31395,73,,,1,87,,31396,73,,,1,94,,31397,73,,,1,52,,31398,73,,,1,94,,31399,73,,,1
9601,'74',900,,31400,73,,,1,59,,31401,73,,,1,142,,31402,73,,,1,99,,31403,73,,,1,59,,31404,73,,,1,96,,31405,73,,,1,99,,31406,73,,,1,99,,31407,73,,,1,99,,31408,73,,,1,99,,31409,73,,,1,88,,31410,73,,,1,89,,31411,73,,,1,97,,31412,73,,,1
9601,'80',1000,,31413,73,,,1,54,,31414,73,,,1,94,,31415,73,,,1,94,,31416,73,,,1,94,,31417,73,,,1,94,,31418,73,,,1,96,,31419,73,,,1,94,,31420,73,,,1,87,,31421,73,,,1,94,,31422,73,,,1,52,,31423,73,,,1,94,,31424,73,,,1
10701,'1',528,,32420,20,,,1,24,,32419,20,,,1,68,,32418,20,,,1,24,,32417,20,,,1,64,,32416,20,,,1,18,,32415,20,,,1,20,,32414,20,,,1,12,,32413,20,,,1,61,,32412,20,,,1,16,,32411,20,,,1,16,,32410,20,,,1,50,,32409,20,,,1,43,,32398,20,,,1,80,,32405,20,,,1,82,,32404,20,,,1,42,,32403,20,,,1,82,,32402,20,,,1,87,,32401,20,,,1,42,,32400,20,,,1,68,,32408,20,,,1,14,,32399,20,,,1,63,,32397,20,,,1,19,,32396,20,,,1,18,,32395,20,,,1,18,,32394,20,,,1,62,,32393,20,,,1,18,,32392,20,,,1,18,,32391,20,,,1,63,,32390,20,,,1,18,,32389,20,,,1,18,,32388,20,,,1,55,,32387,20,,,1,17,,32386,20,,,1,18,,32434,20,,,1,66,,32433,20,,,1,18,,32421,20,,,1,78,,32435,20,,,1,41,,32432,20,,,1,75,,32431,20,,,1,78,,32430,20,,,1,32,,32429,20,,,1,74,,32428,20,,,1,34,,32427,20,,,1,74,,32426,20,,,1,34,,32425,20,,,1,74,,32424,20,,,1,34,,32423,20,,,1,74,,32422,20,,,1
10701,'2',703,,32463,20,,,1,39,,32464,20,,,1,77,,32465,20,,,1,37,,32466,20,,,1,77,,32467,20,,,1,77,,32468,20,,,1,37,,32469,20,,,1,77,,32470,20,,,1,77,,32471,20,,,1,37,,32472,20,,,1,76,,32440,20,,,1,37,,32441,20,,,1,76,,32443,20,,,1,77,,32444,20,,,1,37,,32445,20,,,1,77,,32446,20,,,1,35,,32447,20,,,1,77,,32448,20,,,1,77,,32449,20,,,1,37,,32450,20,,,1,77,,32451,20,,,1,37,,32452,20,,,1,77,,32453,20,,,1,77,,32454,20,,,1,37,,32455,20,,,1,77,,32442,20,,,1,77,,32456,20,,,1,37,,32457,20,,,1,77,,32458,20,,,1,37,,32459,20,,,1,76,,32439,20,,,1,75,,32460,20,,,1
10701,'3',742,,32485,20,,,1,77,,32486,20,,,1,34,,32487,20,,,1,77,,32488,20,,,1,78,,32489,20,,,1,37,,32490,20,,,1,77,,32484,20,,,1,37,,32491,20,,,1,77,,32492,20,,,1,77,,32493,20,,,1,37,,32494,20,,,1,77,,32495,20,,,1,75,,32496,20,,,1,37,,32497,20,,,1,77,,32498,20,,,1,37,,32500,20,,,1,77,,32501,20,,,1,77,,32499,20,,,1,37,,32481,20,,,1,77,,32502,20,,,1,37,,32503,20,,,1,77,,32504,20,,,1,77,,32505,20,,,1,37,,32473,20,,,1,77,,32474,20,,,1,77,,32475,20,,,1,37,,32476,20,,,1,77,,32477,20,,,1,36,,32478,20,,,1,77,,32479,20,,,1,77,,32480,20,,,1
10701,'74',703,,32530,20,,,1,39,,32531,20,,,1,77,,32532,20,,,1,37,,32533,20,,,1,77,,32534,20,,,1,77,,32535,20,,,1,37,,32536,20,,,1,77,,32537,20,,,1,77,,32538,20,,,1,37,,32539,20,,,1,76,,32507,20,,,1,37,,32508,20,,,1,76,,32510,20,,,1,77,,32511,20,,,1,37,,32512,20,,,1,77,,32513,20,,,1,35,,32514,20,,,1,77,,32515,20,,,1,77,,32516,20,,,1,37,,32517,20,,,1,77,,32518,20,,,1,37,,32519,20,,,1,77,,32520,20,,,1,77,,32521,20,,,1,37,,32522,20,,,1,77,,32509,20,,,1,77,,32523,20,,,1,37,,32524,20,,,1,77,,32525,20,,,1,37,,32526,20,,,1,76,,32506,20,,,1,75,,32527,20,,,1
10701,'80',742,,32552,20,,,1,77,,32553,20,,,1,34,,32554,20,,,1,77,,32555,20,,,1,78,,32556,20,,,1,37,,32557,20,,,1,77,,32551,20,,,1,37,,32558,20,,,1,77,,32559,20,,,1,77,,32560,20,,,1,37,,32561,20,,,1,77,,32562,20,,,1,75,,32563,20,,,1,37,,32564,20,,,1,77,,32565,20,,,1,37,,32567,20,,,1,77,,32568,20,,,1,77,,32566,20,,,1,37,,32548,20,,,1,77,,32569,20,,,1,37,,32570,20,,,1,77,,32571,20,,,1,77,,32572,20,,,1,37,,32540,20,,,1,77,,32541,20,,,1,77,,32542,20,,,1,37,,32543,20,,,1,77,,32544,20,,,1,36,,32545,20,,,1,77,,32546,20,,,1,77,,32547,20,,,1
