1600,'1',542,,26443,12,,,1,62,,26444,12,,,1,23,,26445,12,,,1,22,,26446,12,,,1,62,,26447,12,,,1,22,,26448,12,,,1,18,,26449,12,,,1,66,,26450,12,,,1,22,,26451,12,,,1,62,,26452,12,,,1,31,,26453,12,,,1,71,,26454,12,,,1,35,,26455,12,,,1,67,,26456,12,,,1,31,,26457,12,,,1,71,,26458,12,,,1,31,,26459,12,,,1,71,,26460,12,,,1,31,,26461,12,,,1,75,,26462,12,,,1,20,,26463,12,,,1,23,,26464,12,,,1,63,,26465,12,,,1,23,,26466,12,,,1,63,,26467,12,,,1,24,,26468,12,,,1,23,,26469,12,,,1,63,,26470,12,,,1,23,,26471,12,,,1,63,,26472,12,,,1,23,,26473,12,,,1,20,,26474,12,,,1,63,,26475,12,,,1,23,,26476,12,,,1,23,,26477,12,,,1,63,,26478,12,,,1,22,,26479,12,,,1,74,,26480,12,,,1,34,,26481,12,,,1,74,,26482,12,,,1,34,,26483,12,,,1,74,,26484,12,,,1,74,,26488,12,,,1
1600,'2',650,,26489,12,,,1,78,,26490,12,,,1,79,,26491,12,,,1,38,,26492,12,,,1,78,,26493,12,,,1,78,,26494,12,,,1,38,,26495,12,,,1,78,,26496,12,,,1,38,,26497,12,,,1,78,,26498,12,,,1,81,,26499,12,,,1,41,,26500,12,,,1,82,,26501,12,,,1,81,,26502,12,,,1,82,,26503,12,,,1,41,,26504,12,,,1,81,,26505,12,,,1,81,,26506,12,,,1,41,,26507,12,,,1,75,,26508,12,,,1,36,,26509,12,,,1,79,,26510,12,,,1,73,,26511,12,,,1,35,,26512,12,,,1,77,,26513,12,,,1,35,,26515,12,,,1,76,,26516,12,,,1
1600,'3',844,,26517,12,,,1,96,,26518,12,,,1,95,,26519,12,,,1,95,,26520,12,,,1,95,,26521,12,,,1,99,,26526,12,,,1,98,,26522,12,,,1,98,,26523,12,,,1,98,,26524,12,,,1,94,,26525,12,,,1,94,,26531,12,,,1,52,,26527,12,,,1,91,,26528,12,,,1,92,,26529,12,,,1,92,,26530,12,,,1
1600,'74',650,,26534,12,,,1,78,,26535,12,,,1,79,,26536,12,,,1,38,,26537,12,,,1,78,,26538,12,,,1,78,,26539,12,,,1,38,,26540,12,,,1,78,,26541,12,,,1,38,,26542,12,,,1,78,,26543,12,,,1,81,,26544,12,,,1,41,,26545,12,,,1,82,,26546,12,,,1,81,,26547,12,,,1,82,,26548,12,,,1,41,,26549,12,,,1,81,,26550,12,,,1,81,,26551,12,,,1,41,,26552,12,,,1,75,,26553,12,,,1,36,,26554,12,,,1,79,,26555,12,,,1,73,,26556,12,,,1,35,,26558,12,,,1,77,,26559,12,,,1,35,,26560,12,,,1,76,,26561,12,,,1
1600,'80',844,,26562,12,,,1,96,,26563,12,,,1,95,,26564,12,,,1,95,,26565,12,,,1,95,,26566,12,,,1,99,,26571,12,,,1,98,,26567,12,,,1,98,,26568,12,,,1,98,,26569,12,,,1,94,,26570,12,,,1,94,,26576,12,,,1,52,,26572,12,,,1,91,,26573,12,,,1,92,,26574,12,,,1,92,,26575,12,,,1
8500,'1',637,,29617,56,,,1,16,,29618,56,,,1,56,,29619,56,,,1,16,,29620,56,,,1,16,,29621,56,,,1,60,,29622,56,,,1,16,,29623,56,,,1,16,,29624,56,,,1,16,,29625,56,,,1,56,,29626,56,,,1,16,,29627,56,,,1,10,,29628,55,,,1,16,,29629,55,,,1,65,,29630,55,,,1,25,,29631,55,,,1,18,,29632,55,,,1,65,,29633,55,,,1,25,,29634,55,,,1,65,,29635,55,,,1,25,,29636,55,,,1,67,,29637,55,,,1,25,,29638,55,,,1,27,,29639,55,,,1,65,,29640,55,,,1,20,,29641,55,,,1,16,,29668,41,,,1,58,,29642,41,,,1,20,,29643,41,,,1,16,,29644,41,,,1,57,,29645,41,,,1,16,,29646,41,,,1,24,,29647,42,,,1,13,,29648,42,,,1,56,,29649,42,,,1,16,,29650,42,,,1,19,,29651,42,,,1,56,,29652,42,,,1,16,,29653,42,,,1,16,,29654,42,,,1,10,,29655,42,,,1,56,,29656,42,,,1,16,,29657,42,,,1,16,,29658,42,,,1,16,,29659,42,,,1,52,,29660,41,,,1,25,,29661,41,,,1,26,,29662,41,,,1,65,,29663,41,,,1,32,,29664,41,,,1,72,,29665,41,,,1,32,,29666,41,,,1,72,,29667,41,,,1
8500,'2',712,,29697,55,,,1,31,,29698,55,,,1,70,,29699,55,,,1,28,,29700,55,,,1,74,,29701,55,,,1,30,,29702,55,,,1,70,,29703,55,,,1,34,,29704,55,,,1,70,,29705,55,,,1,31,,29669,55,,,1,62,,29670,55,,,1,25,,29671,55,,,1,63,,29672,55,,,1,23,,29673,55,,,1,23,,29674,55,,,1,63,,29675,55,,,1,23,,29676,55,,,1,23,,29677,55,,,1,63,,29678,55,,,1,23,,29679,55,,,1,63,,29680,55,,,1,23,,29681,55,,,1,23,,29682,55,,,1,63,,29683,55,,,1,21,,29684,55,,,1,21,,29685,55,,,1,57,,29686,55,,,1,21,,29687,55,,,1,21,,29688,55,,,1,61,,29689,55,,,1,21,,29690,55,,,1,21,,29691,55,,,1,59,,29692,55,,,1,21,,29693,55,,,1,21,,29694,55,,,1,61,,29695,55,,,1,21,,29696,55,,,1,70,,29706,55,,,1,30,,29707,55,,,1,70,,29708,55,,,1
8500,'3',847,,29726,27,,,1,80,,29727,27,,,1,79,,29709,55,,,1,40,,29710,55,,,1,81,,29711,55,,,1,80,,29712,55,,,1,51,,29713,55,,,1,83,,29714,55,,,1,83,,29715,55,,,1,83,,29716,55,,,1,42,,29717,55,,,1,83,,29718,55,,,1,84,,29719,55,,,1,34,,29720,55,,,1,81,,29721,55,,,1,85,,29722,55,,,1,37,,29723,55,,,1,81,,29724,55,,,1,81,,29725,55,,,1
8500,'74',712,,29756,55,,,1,31,,29757,55,,,1,70,,29758,55,,,1,28,,29759,55,,,1,74,,29760,55,,,1,30,,29761,55,,,1,70,,29762,55,,,1,34,,29763,55,,,1,70,,29764,55,,,1,31,,29728,55,,,1,62,,29729,55,,,1,25,,29730,55,,,1,63,,29731,55,,,1,23,,29732,55,,,1,23,,29733,55,,,1,63,,29734,55,,,1,23,,29735,55,,,1,23,,29736,55,,,1,63,,29737,55,,,1,23,,29738,55,,,1,63,,29739,55,,,1,23,,29740,55,,,1,23,,29741,55,,,1,63,,29742,55,,,1,21,,29743,55,,,1,21,,29744,55,,,1,57,,29745,55,,,1,21,,29746,55,,,1,21,,29747,55,,,1,61,,29748,55,,,1,21,,29749,55,,,1,21,,29750,55,,,1,59,,29751,55,,,1,21,,29752,55,,,1,21,,29753,55,,,1,61,,29754,55,,,1,21,,29755,55,,,1,70,,29765,55,,,1,30,,29766,55,,,1,70,,29767,55,,,1
8500,'80',847,,29785,27,,,1,80,,29786,27,,,1,79,,29768,55,,,1,40,,29769,55,,,1,81,,29770,55,,,1,80,,29771,55,,,1,51,,29772,55,,,1,83,,29773,55,,,1,83,,29774,55,,,1,83,,29775,55,,,1,42,,29776,55,,,1,83,,29777,55,,,1,84,,29778,55,,,1,34,,29779,55,,,1,81,,29780,55,,,1,85,,29781,55,,,1,37,,29782,55,,,1,81,,29783,55,,,1,81,,29784,55,,,1
