9600,'1',705,,31260,80,,,1,47,,31259,80,,,1,71,,31258,80,,,1,77,,31257,80,,,1,27,,31256,80,,,1,73,,31253,80,,,1,34,,31254,80,,,1,70,,31255,80,,,1,32,,31268,80,,,1,68,,31267,76,,,1,39,,31261,76,,,1,79,,31262,76,,,1,79,,31263,76,,,1,46,,31264,76,,,1,65,,31265,76,,,1,92,,31266,80,,,1,43,,31274,80,,,1,67,,31273,80,,,1,32,,31272,80,,,1,62,,31269,80,,,1,27,,31270,80,,,1,21,,31271,80,,,1,67,,31277,80,,,1,19,,31278,80,,,1,13,,31288,80,,,1,51,,31276,80,,,1,25,,31275,80,,,1,70,,31285,76,,,1,30,,31284,76,,,1,15,,31287,76,,,1,12,,31279,76,,,1,70,,31280,76,,,1,29,,31281,76,,,1,68,,31282,76,,,1,30,,31283,76,,,1,57,,31286,76,,,1
9600,'2',1026,,31289,76,,,1,102,,31290,76,,,1,99,,31291,76,,,1,95,,31292,76,,,1,99,,31293,76,,,1,99,,31294,76,,,1,99,,31295,76,,,1,99,,31296,76,,,1,94,,31297,76,,,1,97,,31298,76,,,1,47,,31299,76,,,1,83,,31300,76,,,1,97,,31301,76,,,1
9600,'3',1117,,31302,76,,,1,94,,31303,76,,,1,94,,31304,76,,,1,54,,31305,76,,,1,94,,31306,76,,,1,94,,31307,76,,,1,94,,31308,76,,,1,94,,31309,76,,,1,91,,31310,76,,,1,94,,31311,76,,,1,94,,31312,76,,,1,91,,31313,76,,,1
9600,'74',1026,,31314,76,,,1,102,,31315,76,,,1,99,,31316,76,,,1,95,,31317,76,,,1,99,,31318,76,,,1,99,,31319,76,,,1,99,,31320,76,,,1,99,,31321,76,,,1,94,,31322,76,,,1,97,,31323,76,,,1,47,,31324,76,,,1,83,,31325,76,,,1,97,,31326,76,,,1
9600,'80',1117,,31327,76,,,1,94,,31328,76,,,1,94,,31329,76,,,1,54,,31330,76,,,1,94,,31331,76,,,1,94,,31332,76,,,1,94,,31333,76,,,1,94,,31334,76,,,1,91,,31335,76,,,1,94,,31336,76,,,1,94,,31337,76,,,1,91,,31338,76,,,1
9800,'1',623,,31445,32,,,1,35,,31444,32,,,1,73,,31443,32,,,1,75,,31442,32,,,1,35,,31441,32,,,1,75,,31440,32,,,1,98,,31436,32,,,1,98,,31433,32,,,1,95,,31438,32,,,1,98,,31437,32,,,1,40,,31425,32,,,1,79,,31435,32,,,1,80,,31434,32,,,1,40,,31432,32,,,1,80,,31431,32,,,1,80,,31430,32,,,1,44,,31429,32,,,1,80,,31428,32,,,1,94,,31427,32,,,1,91,,31426,32,,,1,88,,31439,32,,,1
9800,'2',622,,31463,32,,,1,86,,31462,32,,,1,44,,31461,32,,,1,94,,31460,32,,,1,93,,31459,32,,,1,90,,31458,32,,,1,94,,31457,32,,,1,98,,31456,32,,,1,98,,31455,32,,,1,97,,31454,32,,,1,98,,31453,32,,,1,98,,31452,32,,,1,99,,31451,32,,,1,102,,31450,32,,,1,89,,31449,32,,,1,53,,31448,32,,,1,89,,31447,32,,,1,85,,31446,32,,,1
9800,'3',806,,31479,32,,,1,48,,31478,32,,,1,88,,31477,32,,,1,92,,31476,32,,,1,93,,31475,32,,,1,90,,31474,32,,,1,93,,31473,32,,,1,93,,31472,32,,,1,53,,31471,32,,,1,93,,31470,32,,,1,93,,31469,32,,,1,96,,31468,32,,,1,88,,31467,32,,,1,91,,31466,32,,,1,87,,31465,32,,,1,48,,31464,32,,,1
9800,'74',622,,31497,32,,,1,86,,31496,32,,,1,44,,31495,32,,,1,94,,31494,32,,,1,93,,31493,32,,,1,90,,31492,32,,,1,94,,31491,32,,,1,98,,31490,32,,,1,98,,31489,32,,,1,97,,31488,32,,,1,98,,31487,32,,,1,98,,31486,32,,,1,99,,31485,32,,,1,102,,31484,32,,,1,89,,31483,32,,,1,53,,31482,32,,,1,89,,31481,32,,,1,85,,31480,32,,,1
9800,'80',806,,31513,32,,,1,48,,31512,32,,,1,88,,31511,32,,,1,92,,31510,32,,,1,93,,31509,32,,,1,90,,31508,32,,,1,93,,31507,32,,,1,93,,31506,32,,,1,53,,31505,32,,,1,93,,31504,32,,,1,93,,31503,32,,,1,96,,31502,32,,,1,88,,31501,32,,,1,91,,31500,32,,,1,87,,31499,32,,,1,48,,31498,32,,,1
989900,'1',2127,,36830,75,,,1,73,,36831,75,,,1,38,,36832,75,,,1,78,,36833,75,,,1,35,,36834,75,,,1,72,,36835,75,,,1,35,,36836,75,,,1,75,,36837,75,,,1,75,,36838,75,0,5 6,1,35,,36839,75,0,5 6,1,79,,36840,75,0,5 6,1
989900,'2',2131,,36841,75,,,1,94,,36842,75,,,1,86,,36843,75,,,1,92,,36844,75,,,1,46,,36845,75,,,1,86,,36846,75,,,1,82,,36847,75,0,5 6,1,86,,36848,75,0,5 6,1,46,,36849,75,0,5 6,1
989900,'3',2146,,36850,75,,,1,90,,36851,75,,,1,85,,36852,75,,,1,90,,36853,75,,,1,40,,36854,75,,,1,83,,36855,75,,,1,79,,36856,75,0,5 6,1,43,,36857,75,0,5 6,1,83,,36858,75,0,5 6,1
989900,'74',2131,,36859,75,,,1,94,,36860,75,,,1,86,,36861,75,,,1,92,,36862,75,,,1,46,,36863,75,,,1,86,,36864,75,,,1,82,,36865,75,0,5 6,1,86,,36866,75,0,5 6,1,46,,36867,75,0,5 6,1
989900,'80',2146,,36868,75,,,1,90,,36869,75,,,1,85,,36870,75,,,1,90,,36871,75,,,1,40,,36872,75,,,1,83,,36873,75,,,1,79,,36874,75,0,5 6,1,43,,36875,75,0,5 6,1,83,,36876,75,0,5 6,1
