9600,'1',621,,31260,22,,,1,82,,31259,22,,,1,31,,31258,22,,,1,77,,31257,22,,,1,27,,31256,22,,,1,79,,31253,22,,,1,34,,31254,22,,,1,70,,31255,22,,,1,32,,31268,22,,,1,70,,31267,22,,,1,79,,31261,22,,,1,39,,31262,22,,,1,79,,31263,22,,,1,83,,31264,22,,,1,25,,31265,22,,,1,85,,31266,22,,,1,43,,31274,22,,,1,67,,31273,22,,,1,29,,31272,22,,,1,68,,31269,22,,,1,27,,31270,22,,,1,62,,31271,22,,,1,27,,31277,22,,,1,64,,31278,22,,,1,13,,31288,22,,,1,13,,31276,22,,,1,25,,31275,22,,,1,74,,31285,22,,,1,30,,31284,22,,,1,55,,31287,22,,,1,15,,31279,22,,,1,30,,31280,22,,,1,70,,31281,22,,,1,30,,31282,22,,,1,70,,31283,22,,,1,17,,31286,22,,,1
9600,'2',944,,31289,22,,,1,99,,31290,22,,,1,99,,31291,22,,,1,99,,31292,22,,,1,99,,31293,22,,,1,99,,31294,22,,,1,98,,31295,22,,,1,99,,31296,22,,,1,96,,31297,22,,,1,97,,31298,22,,,1,87,,31299,22,,,1,87,,31300,22,,,1,97,,31301,22,,,1
9600,'3',1037,,31302,22,,,1,94,,31303,22,,,1,94,,31304,22,,,1,94,,31305,22,,,1,94,,31306,22,,,1,94,,31307,22,,,1,94,,31308,22,,,1,54,,31309,22,,,1,93,,31310,22,,,1,94,,31311,22,,,1,94,,31312,22,,,1,93,,31313,22,,,1
9600,'74',944,,31314,22,,,1,99,,31315,22,,,1,99,,31316,22,,,1,99,,31317,22,,,1,99,,31318,22,,,1,99,,31319,22,,,1,98,,31320,22,,,1,99,,31321,22,,,1,96,,31322,22,,,1,97,,31323,22,,,1,87,,31324,22,,,1,87,,31325,22,,,1,97,,31326,22,,,1
9600,'80',1037,,31327,22,,,1,94,,31328,22,,,1,94,,31329,22,,,1,94,,31330,22,,,1,94,,31331,22,,,1,94,,31332,22,,,1,94,,31333,22,,,1,54,,31334,22,,,1,93,,31335,22,,,1,94,,31336,22,,,1,94,,31337,22,,,1,93,,31338,22,,,1
10700,'1',459,,32223,22,,,1,64,,32222,22,,,1,24,,32221,22,,,1,64,,32220,22,,,1,21,,32219,22,,,1,16,,32218,22,,,1,61,,32217,22,,,1,11,,32216,22,,,1,16,,32215,22,,,1,19,,32214,22,,,1,56,,32213,22,,,1,12,,32212,22,,,1,15,,32211,22,,,1,16,,32210,22,,,1,55,,32209,22,,,1,42,,32208,22,,,1,82,,32207,22,,,1,82,,32206,22,,,1,42,,32205,22,,,1,85,,32204,22,,,1,81,,32203,22,,,1,28,,32199,1,,,1,54,,32202,22,,,1,21,,32201,22,,,1,18,,32200,22,,,1,58,,32251,22,,,1,19,,32250,22,,,1,20,,32249,22,,,1,18,,32248,22,,,1,58,,32247,22,,,1,24,,32246,22,,,1,16,,32245,22,,,1,58,,32244,22,,,1,16,,32243,22,,,1,20,,32242,22,,,1,56,,32241,22,,,1,18,,32240,22,,,1,13,,32239,22,,,1,18,,32238,22,,,1,78,,32237,22,,,1,81,,32236,22,,,1,38,,32235,22,,,1,80,,32234,22,,,1,74,,32233,22,,,1,34,,32232,22,,,1,74,,32231,22,,,1,34,,32230,22,,,1,74,,32229,22,,,1,34,,32228,22,,,1,74,,32227,22,,,1,74,,32226,22,,,1,30,,32225,22,,,1,74,,32224,22,,,1
10700,'2',634,,32254,22,,,1,78,,32253,22,,,1,37,,32252,22,,,1,77,,32255,22,,,1,77,,32256,22,,,1,37,,32257,22,,,1,77,,32258,22,,,1,37,,32259,22,,,1,77,,32260,22,,,1,77,,32261,22,,,1,36,,32262,22,,,1,77,,32263,22,,,1,37,,32264,22,,,1,77,,32265,22,,,1,77,,32266,22,,,1,37,,32267,22,,,1,75,,32268,22,,,1,77,,32269,22,,,1,37,,32270,22,,,1,77,,32271,22,,,1,37,,32272,22,,,1,77,,32273,22,,,1,77,,32274,22,,,1,37,,32275,22,,,1,77,,32276,22,,,1,37,,32277,22,,,1,77,,32278,22,,,1,77,,32279,22,,,1,37,,32280,22,,,1,77,,32281,22,,,1,77,,32282,22,,,1,36,,32283,22,,,1,77,,32285,22,,,1,37,,32284,22,,,1
10700,'3',718,,32297,1,,,1,37,,32298,1,,,1,68,,32299,22,,,1,77,,32300,22,,,1,37,,32301,22,,,1,77,,32302,22,,,1,37,,32303,22,,,1,77,,32304,22,,,1,77,,32305,22,,,1,37,,32306,22,,,1,77,,32307,22,,,1,37,,32308,22,,,1,76,,32309,22,,,1,77,,32310,22,,,1,37,,32314,22,,,1,77,,32313,22,,,1,77,,32315,22,,,1,37,,32316,22,,,1,77,,32317,22,,,1,37,,32318,22,,,1,77,,32286,22,,,1,77,,32287,22,,,1,37,,32288,22,,,1,77,,32311,22,,,1,37,,32289,22,,,1,77,,32290,22,,,1,77,,32291,22,,,1,37,,32292,22,,,1,77,,32293,22,,,1,77,,32294,22,,,1,37,,32295,22,,,1,77,,32312,22,,,1,37,,32296,22,,,1
10700,'74',634,,32321,22,,,1,78,,32320,22,,,1,37,,32319,22,,,1,77,,32322,22,,,1,77,,32323,22,,,1,37,,32324,22,,,1,77,,32325,22,,,1,37,,32326,22,,,1,77,,32327,22,,,1,77,,32328,22,,,1,36,,32329,22,,,1,77,,32330,22,,,1,37,,32331,22,,,1,77,,32332,22,,,1,77,,32333,22,,,1,37,,32334,22,,,1,75,,32335,22,,,1,77,,32336,22,,,1,37,,32337,22,,,1,77,,32338,22,,,1,37,,32339,22,,,1,77,,32340,22,,,1,77,,32341,22,,,1,37,,32342,22,,,1,77,,32343,22,,,1,37,,32344,22,,,1,77,,32345,22,,,1,77,,32346,22,,,1,37,,32347,22,,,1,77,,32348,22,,,1,77,,32349,22,,,1,36,,32350,22,,,1,77,,32352,22,,,1,37,,32351,22,,,1
10700,'80',718,,32364,1,,,1,37,,32365,1,,,1,68,,32366,22,,,1,77,,32367,22,,,1,37,,32368,22,,,1,77,,32369,22,,,1,37,,32370,22,,,1,77,,32371,22,,,1,77,,32372,22,,,1,37,,32373,22,,,1,77,,32374,22,,,1,37,,32375,22,,,1,76,,32376,22,,,1,77,,32377,22,,,1,37,,32381,22,,,1,77,,32380,22,,,1,77,,32382,22,,,1,37,,32383,22,,,1,77,,32384,22,,,1,37,,32385,22,,,1,77,,32353,22,,,1,77,,32354,22,,,1,37,,32355,22,,,1,77,,32378,22,,,1,37,,32356,22,,,1,77,,32357,22,,,1,77,,32358,22,,,1,37,,32359,22,,,1,77,,32360,22,,,1,77,,32361,22,,,1,37,,32362,22,,,1,77,,32379,22,,,1,37,,32363,22,,,1
46200,'35294.1',724,,34036,1,,,1
