9600,'1',627,,18524,32,,,1,83,,18523,32,,,1,31,,18522,32,,,1,77,,18521,32,,,1,27,,18520,32,,,1,79,,18517,32,,,1,34,,18518,32,,,1,70,,18519,32,,,1,72,,18532,32,,,1,29,,18531,32,,,1,79,,18525,32,,,1,39,,18526,32,,,1,79,,18527,32,,,1,83,,18528,32,,,1,25,,18529,32,,,1,87,,18530,32,,,1,83,,18538,32,,,1,27,,18537,32,,,1,70,,18536,32,,,1,27,,18533,32,,,1,27,,18534,32,,,1,62,,18535,32,,,1,27,,18541,32,,,1,63,,18542,32,,,1,13,,18552,32,,,1,12,,18540,32,,,1,25,,18539,32,,,1,74,,18549,32,,,1,70,,18548,32,,,1,15,,18551,32,,,1,14,,18543,32,,,1,70,,18544,32,,,1,30,,18545,32,,,1,70,,18546,32,,,1,30,,18547,32,,,1,17,,18550,32,,,1
9600,'2',951,,18553,32,,,1,99,,18554,32,,,1,99,,18555,32,,,1,99,,18556,32,,,1,99,,18557,32,,,1,99,,18558,32,,,1,98,,18559,32,,,1,99,,18560,32,,,1,95,,18561,32,,,1,97,,18562,32,,,1,87,,18563,32,,,1,86,,18564,32,,,1,97,,18565,32,,,1
9600,'3',1044,,18566,32,,,1,94,,18567,32,,,1,94,,18568,32,,,1,94,,18569,32,,,1,94,,18570,32,,,1,94,,18571,32,,,1,94,,18572,32,,,1,94,,18573,32,,,1,52,,18574,32,,,1,94,,18575,32,,,1,94,,18576,32,,,1,92,,18577,32,,,1
9600,'80',1044,,18578,32,,,1,94,,18579,32,,,1,94,,18580,32,,,1,94,,18581,32,,,1,94,,18582,32,,,1,94,,18583,32,,,1,94,,18584,32,,,1,94,,18585,32,,,1,52,,18586,32,,,1,94,,18587,32,,,1,94,,18588,32,,,1,92,,18589,32,,,1
10700,'1',506,,19320,32,,,1,24,,19319,32,,,1,24,,19318,32,,,1,64,,19317,32,,,1,21,,19316,32,,,1,16,,19315,32,,,1,61,,19314,32,,,1,11,,19313,32,,,1,17,,19312,32,,,1,59,,19311,32,,,1,16,,19310,32,,,1,12,,19309,32,,,1,14,,19308,32,,,1,56,,19307,32,,,1,15,,19306,32,,,1,42,,19305,32,,,1,82,,19304,32,,,1,82,,19303,32,,,1,82,,19302,32,,,1,47,,19301,32,,,1,80,,19300,32,,,1,28,,19296,11,,,1,54,,19299,32,,,1,22,,19298,32,,,1,18,,19297,32,,,1,58,,19348,32,,,1,19,,19347,32,,,1,21,,19346,32,,,1,58,,19345,32,,,1,18,,19344,32,,,1,25,,19343,32,,,1,56,,19342,32,,,1,18,,19341,32,,,1,15,,19340,32,,,1,60,,19339,32,,,1,16,,19338,32,,,1,18,,19337,32,,,1,12,,19336,32,,,1,58,,19335,32,,,1,37,,19334,32,,,1,81,,19333,32,,,1,77,,19332,32,,,1,40,,19331,32,,,1,74,,19330,32,,,1,33,,19329,32,,,1,74,,19328,32,,,1,34,,19327,32,,,1,74,,19326,32,,,1,74,,19325,32,,,1,34,,19324,32,,,1,74,,19323,32,,,1,30,,19322,32,,,1,74,,19321,32,,,1
10700,'2',640,,19351,32,,,1,78,,19350,32,,,1,37,,19349,32,,,1,77,,19352,32,,,1,77,,19353,32,,,1,37,,19354,32,,,1,77,,19355,32,,,1,77,,19356,32,,,1,37,,19357,32,,,1,77,,19358,32,,,1,36,,19359,32,,,1,77,,19360,32,,,1,77,,19361,32,,,1,37,,19362,32,,,1,77,,19363,32,,,1,37,,19364,32,,,1,75,,19365,32,,,1,77,,19366,32,,,1,37,,19367,32,,,1,77,,19368,32,,,1,37,,19369,32,,,1,77,,19370,32,,,1,77,,19371,32,,,1,37,,19372,32,,,1,77,,19373,32,,,1,77,,19374,32,,,1,37,,19375,32,,,1,77,,19376,32,,,1,37,,19377,32,,,1,77,,19378,32,,,1,77,,19379,32,,,1,36,,19380,32,,,1,77,,19382,32,,,1,37,,19381,32,,,1
10700,'3',724,,19394,11,,,1,77,,19395,11,,,1,28,,19396,32,,,1,77,,19397,32,,,1,38,,19398,32,,,1,77,,19399,32,,,1,37,,19400,32,,,1,77,,19401,32,,,1,77,,19402,32,,,1,37,,19403,32,,,1,77,,19404,32,,,1,77,,19405,32,,,1,35,,19406,32,,,1,77,,19407,32,,,1,37,,19411,32,,,1,77,,19410,32,,,1,77,,19412,32,,,1,37,,19413,32,,,1,77,,19414,32,,,1,37,,19415,32,,,1,77,,19383,32,,,1,77,,19384,32,,,1,37,,19385,32,,,1,77,,19408,32,,,1,77,,19386,32,,,1,37,,19387,32,,,1,77,,19388,32,,,1,37,,19389,32,,,1,77,,19390,32,,,1,77,,19391,32,,,1,37,,19392,32,,,1,77,,19409,32,,,1,37,,19393,32,,,1
10700,'80',724,,19427,11,,,1,77,,19428,11,,,1,28,,19429,32,,,1,77,,19430,32,,,1,38,,19431,32,,,1,77,,19432,32,,,1,37,,19433,32,,,1,77,,19434,32,,,1,77,,19435,32,,,1,37,,19436,32,,,1,77,,19437,32,,,1,77,,19438,32,,,1,35,,19439,32,,,1,77,,19440,32,,,1,37,,19444,32,,,1,77,,19443,32,,,1,77,,19445,32,,,1,37,,19446,32,,,1,77,,19447,32,,,1,37,,19448,32,,,1,77,,19416,32,,,1,77,,19417,32,,,1,37,,19418,32,,,1,77,,19441,32,,,1,77,,19419,32,,,1,37,,19420,32,,,1,77,,19421,32,,,1,37,,19422,32,,,1,77,,19423,32,,,1,77,,19424,32,,,1,37,,19425,32,,,1,77,,19442,32,,,1,37,,19426,32,,,1
46200,'24610.1',738,,20746,14,,,1
46301,'24611.1',1440,,20750,3,,,1
46401,'24611.1',1440,,20752,3,,,1
