8600,'1',541,,29961,1,,,1,75,,29962,1,,,1,24,,29963,1,,,1,70,,29964,1,,,1,19,,29965,1,,,1,28,,29966,1,,,1,76,,29967,1,,,1,83,,29977,1,,,1,39,,29968,1,,,1,94,,29969,1,,,1,94,,29970,1,,,1,90,,29971,1,,,1,96,,29972,1,,,1,75,,29973,1,,,1,107,,29974,1,,,1,48,,29975,1,,,1,68,,29978,1,,,1,84,,29976,1,,,1,35,,29979,1,,,1,68,,29980,1,,,1,19,,29981,1,,,1,83,,29982,1,,,1,89,,29983,1,,,1,40,,29985,1,,,1,81,,29984,1,,,1
8600,'2',741,,29986,1,,,1,86,,29987,1,,,1,86,,29988,1,,,1,46,,29989,1,,,1,86,,29990,1,,,1,86,,29991,1,,,1,86,,29992,1,,,1,86,,29993,1,,,1,46,,29994,1,,,1,86,,29995,1,,,1,86,,29996,1,,,1,86,,29997,1,,,1,46,,29998,1,,,1,86,,29999,1,,,1,86,,30000,1,,,1,86,,30001,1,,,1
8600,'74',741,,30002,1,,,1,86,,30003,1,,,1,86,,30004,1,,,1,46,,30005,1,,,1,86,,30006,1,,,1,86,,30007,1,,,1,86,,30008,1,,,1,86,,30009,1,,,1,46,,30010,1,,,1,86,,30011,1,,,1,86,,30012,1,,,1,86,,30013,1,,,1,46,,30014,1,,,1,86,,30015,1,,,1,86,,30016,1,,,1,86,,30017,1,,,1
8601,'1',623,,30022,50,4,,1,33,,30021,50,4,,1,68,,30018,50,4,,1,28,,30019,50,4,,1,76,,30020,53,4,,1,81,,30023,49,4,,1,33,,30026,49,4,,1,102,,30025,49,4,,1,86,,30024,49,4,,1,94,,30027,49,4,,1,93,,30028,49,4,,1,42,,30029,49,4,,1,144,,30030,53,4,,1,48,,30031,49,4,,1,71,,30041,49,4,,1,29,,30032,49,4,,1,89,,30033,49,4,,1,64,,30034,50,4,,1,24,,30036,50,4,,1,72,,30035,50,4,,1,28,,30037,49,4,,1,72,,30038,50,4,,1,40,,30039,49,4,,1,81,,30040,49,4,,1
8601,'2',819,,30042,49,4,,1,86,,30043,49,4,,1,49,,30044,49,4,,1,86,,30045,49,4,,1,86,,30046,49,4,,1,86,,30047,49,4,,1,44,,30048,49,4,,1,86,,30049,49,4,,1,86,,30050,49,4,,1,87,,30051,49,4,,1,86,,30052,49,4,,1,46,,30053,49,4,,1,86,,30054,49,4,,1,80,,30055,49,4,,1,46,,30056,49,4,,1,86,,30057,49,4,,1
8601,'74',819,,30058,49,4,,1,86,,30059,49,4,,1,49,,30060,49,4,,1,86,,30061,49,4,,1,86,,30062,49,4,,1,86,,30063,49,4,,1,44,,30064,49,4,,1,86,,30065,49,4,,1,86,,30066,49,4,,1,87,,30067,49,4,,1,86,,30068,49,4,,1,46,,30069,49,4,,1,86,,30070,49,4,,1,80,,30071,49,4,,1,46,,30072,49,4,,1,86,,30073,49,4,,1
9900,'1',343,,31638,1,,,1,80,,31639,1,,,1,32,,31612,21,,,1,81,,31613,21,,,1,80,,31614,21,,,1,42,,31615,21,,,1,93,,31616,21,,,1,75,,31617,21,,,1,78,,31618,21,,,1,31,,31619,21,,,1,75,,31620,21,,,1,35,,31621,21,,,1,97,,31622,21,,,1,94,,31623,21,,,1,94,,31624,21,,,1,94,,31625,21,,,1,32,,31637,21,,,1,71,,31636,21,,,1,29,,31626,21,,,1,70,,31627,21,,,1,30,,31628,21,,,1,70,,31629,21,,,1,30,,31630,21,,,1,69,,31631,21,,,1,30,,31632,21,,,1,65,,31633,21,,,1,30,,31634,21,,,1,69,,31635,21,,,1
9900,'2',503,,31658,1,,,1,37,,31659,1,,,1,73,,31640,21,,,1,38,,31641,21,,,1,78,,31655,21,,,1,89,,31654,21,,,1,87,,31642,21,,,1,47,,31643,21,,,1,87,,31644,21,,,1,88,,31645,21,,,1,105,,31646,21,,,1,95,,31647,21,,,1,95,,31648,21,,,1,95,,31649,21,,,1,95,,31650,21,,,1,95,,31651,21,,,1,95,,31652,21,,,1,55,,31653,21,,,1,87,,31657,21,,,1,90,,31656,21,,,1
9900,'3',505,,31678,1,,,1,38,,31679,1,,,1,78,,31660,21,,,1,38,,31661,21,,,1,78,,31662,21,,,1,78,,31663,21,,,1,92,,31680,21,,,1,49,,31664,21,,,1,89,,31665,21,,,1,89,,31666,21,,,1,90,,31667,21,,,1,89,,31668,21,,,1,89,,31669,21,,,1,49,,31670,21,,,1,89,,31671,21,,,1,89,,31672,21,,,1,89,,31673,21,,,1,87,,31674,21,,,1,49,,31675,21,,,1,89,,31676,21,,,1,86,,31677,21,,,1
9900,'74',503,,31699,1,,,1,37,,31700,1,,,1,73,,31681,21,,,1,38,,31682,21,,,1,78,,31696,21,,,1,89,,31695,21,,,1,87,,31683,21,,,1,47,,31684,21,,,1,87,,31685,21,,,1,88,,31686,21,,,1,105,,31687,21,,,1,95,,31688,21,,,1,95,,31689,21,,,1,95,,31690,21,,,1,95,,31691,21,,,1,95,,31692,21,,,1,95,,31693,21,,,1,55,,31694,21,,,1,87,,31698,21,,,1,90,,31697,21,,,1
9900,'80',505,,31719,1,,,1,38,,31720,1,,,1,78,,31701,21,,,1,38,,31702,21,,,1,78,,31703,21,,,1,78,,31704,21,,,1,92,,31721,21,,,1,49,,31705,21,,,1,89,,31706,21,,,1,89,,31707,21,,,1,90,,31708,21,,,1,89,,31709,21,,,1,89,,31710,21,,,1,49,,31711,21,,,1,89,,31712,21,,,1,89,,31713,21,,,1,89,,31714,21,,,1,87,,31715,21,,,1,49,,31716,21,,,1,89,,31717,21,,,1,86,,31718,21,,,1
989900,'1',2052,,36830,21,,,1,76,,36831,21,,,1,78,,36832,21,,,1,38,,36833,21,,,1,75,,36834,21,,,1,34,,36835,21,,,1,75,,36836,21,,,1,75,,36837,21,,,1,35,,36838,21,0,5 6,1,75,,36839,21,0,5 6,1,41,,36840,21,0,5 6,1
989900,'2',2055,,36841,21,,,1,94,,36842,21,,,1,90,,36843,21,,,1,94,,36844,21,,,1,86,,36845,21,,,1,86,,36846,21,,,1,45,,36847,21,0,5 6,1,86,,36848,21,0,5 6,1,86,,36849,21,0,5 6,1
989900,'3',2112,,36850,21,,,1,90,,36851,21,,,1,49,,36852,21,,,1,90,,36853,21,,,1,82,,36854,21,,,1,83,,36855,21,,,1,40,,36856,21,0,5 6,1,83,,36857,21,0,5 6,1,83,,36858,21,0,5 6,1
989900,'74',2055,,36859,21,,,1,94,,36860,21,,,1,90,,36861,21,,,1,94,,36862,21,,,1,86,,36863,21,,,1,86,,36864,21,,,1,45,,36865,21,0,5 6,1,86,,36866,21,0,5 6,1,86,,36867,21,0,5 6,1
989900,'80',2112,,36868,21,,,1,90,,36869,21,,,1,49,,36870,21,,,1,90,,36871,21,,,1,82,,36872,21,,,1,83,,36873,21,,,1,40,,36874,21,0,5 6,1,83,,36875,21,0,5 6,1,83,,36876,21,0,5 6,1
