301,'1',543,,12968,41,,,1,72,,12969,41,,,1,35,,12970,41,,,1,73,,12971,41,,,1,32,,12972,41,,,1,77,,12973,41,,,1,72,,12974,41,,,1,27,,12975,41,,,1,72,,12967,41,,,1,37,,12991,41,,,1,86,,12976,41,,,1,86,,12977,41,,,1,46,,12978,41,,,1,86,,12979,41,,,1,86,,12980,41,,,1,89,,12981,41,,,1,27,,12982,41,,,1,72,,12983,41,,,1,32,,12984,41,,,1,72,,12985,41,,,1,31,,12986,41,,,1,72,,12987,41,,,1,28,,12988,41,,,1,72,,12989,41,,,1,26,,12990,41,,,1,69,,12996,41,,,1,26,,12993,41,,,1,83,,12994,41,,,1
301,'2',822,,12999,41,,,1,103,,12998,41,,,1,104,,13003,41,,,1,105,,13000,41,,,1,105,,13001,41,,,1,105,,13002,41,,,1,105,,13004,41,,,1,106,,13005,41,,,1,146,,13006,41,,,1,106,,13007,41,,,1,105,,13008,41,,,1,102,,13009,41,,,1,102,,13010,41,,,1
301,'3',941,,13018,41,,,1,102,,13017,41,,,1,102,,13016,41,,,1,102,,13015,41,,,1,102,,13014,41,,,1,102,,13013,41,,,1,102,,13012,41,,,1,102,,13011,41,,,1,102,,13023,41,,,1,102,,13022,41,,,1,99,,13021,41,,,1,98,,13020,41,,,1
301,'80',941,,13031,41,,,1,102,,13030,41,,,1,102,,13029,41,,,1,102,,13028,41,,,1,102,,13027,41,,,1,102,,13026,41,,,1,102,,13025,41,,,1,102,,13024,41,,,1,102,,13036,41,,,1,102,,13035,41,,,1,99,,13034,41,,,1,98,,13033,41,,,1
9901,'1',421,,18903,34,,,1,81,,18904,34,,,1,40,,18905,34,,,1,82,,18906,34,,,1,81,,18907,34,,,1,35,,18908,34,,,1,71,,18909,34,,,1,43,,18910,34,,,1,72,,18911,34,,,1,75,,18912,34,,,1,54,,18913,34,,,1,99,,18914,34,,,1,94,,18915,34,,,1,94,,18916,34,,,1,100,,18917,34,,,1,67,,18918,34,,,1,30,,18919,34,,,1,70,,18920,34,,,1,30,,18921,34,,,1,70,,18922,34,,,1,30,,18923,34,,,1,70,,18924,34,,,1,26,,18925,34,,,1,70,,18926,34,,,1,26,,18927,34,,,1,70,,18928,34,,,1,30,,18929,34,,,1,25,,18930,34,,,1,71,,18931,34,,,1,85,,18932,34,,,1
9901,'2',543,,18933,34,,,1,77,,18934,34,,,1,37,,18935,34,,,1,77,,18936,34,,,1,87,,18937,34,,,1,92,,18938,34,,,1,88,,18939,34,,,1,47,,18940,34,,,1,103,,18941,34,,,1,97,,18942,34,,,1,95,,18943,34,,,1,95,,18944,34,,,1,95,,18945,34,,,1,95,,18946,34,,,1,92,,18947,34,,,1,93,,18948,34,,,1,95,,18949,34,,,1,51,,18950,34,,,1,85,,18951,34,,,1,85,,18952,34,,,1
9901,'3',547,,18953,34,,,1,81,,18954,34,,,1,78,,18955,34,,,1,38,,18956,34,,,1,78,,18957,34,,,1,93,,18958,34,,,1,89,,18959,34,,,1,49,,18960,34,,,1,89,,18961,34,,,1,93,,18962,34,,,1,89,,18963,34,,,1,89,,18964,34,,,1,89,,18965,34,,,1,49,,18966,34,,,1,89,,18967,34,,,1,89,,18968,34,,,1,85,,18969,34,,,1,89,,18970,34,,,1,49,,18971,34,,,1,86,,18972,34,,,1,89,,18973,34,,,1,79,,18974,34,,,1
9901,'80',547,,18975,34,,,1,81,,18976,34,,,1,78,,18977,34,,,1,38,,18978,34,,,1,78,,18979,34,,,1,93,,18980,34,,,1,89,,18981,34,,,1,49,,18982,34,,,1,89,,18983,34,,,1,93,,18984,34,,,1,89,,18985,34,,,1,89,,18986,34,,,1,89,,18987,34,,,1,49,,18988,34,,,1,89,,18989,34,,,1,89,,18990,34,,,1,85,,18991,34,,,1,89,,18992,34,,,1,49,,18993,34,,,1,86,,18994,34,,,1,89,,18995,34,,,1,79,,18996,34,,,1
36001,'2',1004,,20526,15,,,1,28,,20527,15,,,1,68,,20528,15,,,1,28,,20529,15,,,1,26,,20530,15,,,1,68,,20531,15,,,1,30,,20532,15,,,1,68,,20533,15,,,1,28,,20534,15,,,1,67,,20535,15,,,1,28,,20536,15,,,1,68,,20537,15,,,1,28,,20538,15,,,1,68,,20539,15,,,1,28,,20540,15,,,1,70,,20554,15,,,1,29,,20553,15,,,1,67,,20541,15,,,1,31,,20542,15,,,1,76,,20543,15,,,1,30,,20544,15,,,1,66,,20545,15,,,1,30,,20546,15,,,1,72,,20547,15,,,1,29,,20548,15,,,1,67,,20549,15,,,1,30,,20550,15,,,1,70,,20551,15,,,1,30,,20552,15,,,1
36001,'80',959,,20555,15,,,1,68,,20556,15,,,1,28,,20557,15,,,1,66,,20558,15,,,1,28,,20559,15,,,1,69,,20560,15,,,1,28,,20561,15,,,1,68,,20562,15,,,1,29,,20563,15,,,1,68,,20564,15,,,1,26,,20565,15,,,1,72,,20566,15,,,1,28,,20567,15,,,1,68,,20568,15,,,1,28,,20569,15,,,1,68,,20570,15,,,1,28,,20571,15,,,1,29,,20572,15,,,1,68,,20573,15,,,1,28,,20574,15,,,1,71,,20575,15,,,1,22,,20576,15,,,1,67,,20577,15,,,1,28,,20578,15,,,1,66,,20582,15,,,1,28,,20579,15,,,1,66,,20580,15,,,1,28,,20581,15,,,1
36001,'24603.3',959,,20583,15,,,1,68,,20584,15,,,1,28,,20585,15,,,1,66,,20586,15,,,1,28,,20587,15,,,1,69,,20588,15,,,1,28,,20589,15,,,1,68,,20590,15,,,1,29,,20591,15,,,1,68,,20592,15,,,1,26,,20593,15,,,1,72,,20594,15,,,1,28,,20595,15,,,1,68,,20596,15,,,1,28,,20597,15,,,1,68,,20598,15,,,1,28,,20599,15,,,1,29,,20600,15,,,1,68,,20601,15,,,1,28,,20602,15,,,1,71,,20603,15,,,1,22,,20604,15,,,1,67,,20605,15,,,1,28,,20606,15,,,1,66,,20610,15,,,1,28,,20607,15,,,1,66,,20608,15,,,1,28,,20609,15,,,1
36001,'24604.3',2251,,20611,15,,,1,66,,20612,15,,,1,26,,20613,15,,,1
60101,'1',533,,21151,24,,,1,11,,21150,24,,,1,11,,21149,24,,,1,51,,21148,24,,,1,14,,21147,24,,,1,11,,21146,24,,,1,11,,21145,24,,,1,10,,21144,24,,,1,51,,21143,24,,,1,14,,21142,24,,,1,10,,21141,24,,,1,11,,21140,24,,,1,15,,21064,24,,,1,50,,21065,24,,,1,11,,21066,24,,,1,11,,21067,24,,,1,11,,21068,24,,,1,14,,21069,24,,,1,51,,21070,24,,,1,11,,21071,24,,,1,11,,21072,24,,,1,9,,21073,24,,,1,9,,21074,24,,,1,11,,21075,24,,,1,51,,21076,24,,,1,11,,21077,24,,,1,11,,21078,24,,,1,12,,21079,24,,,1,11,,21080,24,,,1,53,,21081,24,,,1,11,,21082,24,,,1,11,,21098,24,,,1,16,,21097,24,,,1,16,,21096,24,,,1,56,,21095,24,,,1,16,,21094,24,,,1,16,,21093,24,,,1,16,,21083,24,,,1,56,,21084,24,,,1,16,,21085,24,,,1,16,,21086,24,,,1,56,,21087,24,,,1,16,,21088,24,,,1,16,,21089,24,,,1,16,,21090,24,,,1,58,,21091,24,,,1,16,,21092,24,,,1,14,,21125,24,,,1,12,,21124,24,,,1,55,,21123,24,,,1,12,,21122,24,,,1,12,,21121,24,,,1,12,,21120,24,,,1,12,,21099,24,,,1,52,,21100,24,,,1,12,,21101,24,,,1,12,,21102,24,,,1,12,,21103,24,,,1,12,,21104,24,,,1,52,,21105,24,,,1,12,,21106,24,,,1,12,,21107,24,,,1,11,,21108,24,,,1,10,,21109,24,,,1,51,,21110,24,,,1,12,,21111,24,,,1,9,,21112,24,,,1,12,,21113,24,,,1,12,,21114,24,,,1,12,,21115,24,,,1,52,,21116,24,,,1,8,,21117,24,,,1,12,,21118,24,,,1,12,,21119,24,,,1,65,,21133,24,,,1,15,,21132,24,,,1,18,,21131,24,,,1,18,,21130,24,,,1,55,,21129,24,,,1,18,,21126,24,,,1,18,,21127,24,,,1,58,,21128,24,,,1,15,,21139,24,,,1,11,,21138,24,,,1,19,,21137,24,,,1,59,,21134,24,,,1,15,,21135,24,,,1,16,,21136,24,,,1
60101,'2',655,,21220,24,,,1,57,,21152,24,,,1,17,,21153,24,,,1,21,,21154,24,,,1,57,,21155,24,,,1,18,,21173,24,,,1,16,,21172,24,,,1,59,,21171,24,,,1,16,,21170,24,,,1,16,,21169,24,,,1,15,,21156,24,,,1,59,,21157,24,,,1,16,,21158,24,,,1,18,,21159,24,,,1,16,,21160,24,,,1,56,,21161,24,,,1,16,,21162,24,,,1,21,,21163,24,,,1,56,,21164,24,,,1,16,,21165,24,,,1,16,,21166,24,,,1,16,,21167,24,,,1,55,,21168,24,,,1,14,,21205,24,,,1,15,,21204,24,,,1,15,,21203,24,,,1,55,,21202,24,,,1,15,,21201,24,,,1,15,,21200,24,,,1,15,,21174,24,,,1,55,,21175,24,,,1,15,,21176,24,,,1,15,,21177,24,,,1,15,,21178,24,,,1,55,,21179,24,,,1,15,,21180,24,,,1,15,,21181,24,,,1,15,,21182,24,,,1,55,,21183,24,,,1,15,,21184,24,,,1,15,,21185,24,,,1,15,,21186,24,,,1,55,,21187,24,,,1,15,,21188,24,,,1,15,,21189,24,,,1,12,,21190,24,,,1,55,,21191,24,,,1,15,,21192,24,,,1,12,,21193,24,,,1,15,,21194,24,,,1,55,,21195,24,,,1,15,,21196,24,,,1,15,,21197,24,,,1,12,,21198,24,,,1,15,,21199,24,,,1,60,,21211,24,,,1,18,,21210,24,,,1,15,,21209,24,,,1,58,,21208,24,,,1,14,,21206,24,,,1,18,,21207,24,,,1,60,,21219,24,,,1,16,,21218,24,,,1,16,,21217,24,,,1,13,,21216,24,,,1,56,,21215,24,,,1,16,,21212,24,,,1,16,,21213,24,,,1,10,,21214,24,,,1
60101,'3',745,,21221,24,,,1,63,,21222,24,,,1,20,,21223,24,,,1,20,,21224,24,,,1,63,,21225,24,,,1,20,,21226,24,,,1,20,,21227,24,,,1,64,,21228,24,,,1,21,,21229,24,,,1,20,,21230,24,,,1,63,,21231,24,,,1,21,,21232,24,,,1,61,,21233,24,,,1,21,,21234,24,,,1,24,,21235,24,,,1,60,,21236,24,,,1,22,,21237,24,,,1,21,,21238,24,,,1,61,,21239,24,,,1,21,,21240,24,,,1,21,,21241,24,,,1,61,,21242,24,,,1,21,,21243,24,,,1,23,,21244,24,,,1,61,,21245,24,,,1,21,,21246,24,,,1,61,,21247,24,,,1,21,,21248,24,,,1,21,,21249,24,,,1,61,,21250,24,,,1,21,,21251,24,,,1,21,,21252,24,,,1,14,,21253,24,,,1,61,,21254,24,,,1,21,,21255,24,,,1,18,,21256,24,,,1,61,,21257,24,,,1,21,,21258,24,,,1,61,,21259,24,,,1,16,,21260,24,,,1,20,,21261,24,,,1,20,,21262,24,,,1,60,,21263,24,,,1,16,,21264,24,,,1,20,,21265,24,,,1,57,,21266,24,,,1,20,,21267,24,,,1,20,,21268,24,,,1,57,,21269,24,,,1,20,,21270,24,,,1,20,,21271,24,,,1,60,,21272,24,,,1
60101,'80',745,,21273,24,,,1,63,,21274,24,,,1,20,,21275,24,,,1,20,,21276,24,,,1,63,,21277,24,,,1,20,,21278,24,,,1,20,,21279,24,,,1,64,,21280,24,,,1,21,,21281,24,,,1,20,,21282,24,,,1,63,,21283,24,,,1,21,,21284,24,,,1,61,,21285,24,,,1,21,,21286,24,,,1,24,,21287,24,,,1,60,,21288,24,,,1,22,,21289,24,,,1,21,,21290,24,,,1,61,,21291,24,,,1,21,,21292,24,,,1,21,,21293,24,,,1,61,,21294,24,,,1,21,,21295,24,,,1,23,,21296,24,,,1,61,,21297,24,,,1,21,,21298,24,,,1,61,,21299,24,,,1,21,,21300,24,,,1,21,,21301,24,,,1,61,,21302,24,,,1,21,,21303,24,,,1,21,,21304,24,,,1,14,,21305,24,,,1,61,,21306,24,,,1,21,,21307,24,,,1,18,,21308,24,,,1,61,,21309,24,,,1,21,,21310,24,,,1,61,,21311,24,,,1,16,,21312,24,,,1,20,,21313,24,,,1,20,,21314,24,,,1,60,,21315,24,,,1,16,,21316,24,,,1,20,,21317,24,,,1,57,,21318,24,,,1,20,,21319,24,,,1,20,,21320,24,,,1,57,,21321,24,,,1,20,,21322,24,,,1,20,,21323,24,,,1,60,,21324,24,,,1
989901,'1',2247,,22691,89,,,1,69,,22692,89,,,1,38,,22693,89,,,1,74,,22694,89,,,1,75,,22695,89,,,1,29,,22696,89,,,1,75,,22697,89,,,1,35,,22698,89,,,1
989901,'2',2255,,22699,89,,,1,87,,22700,89,,,1,81,,22701,89,,,1,91,,22704,89,,,1,45,,22702,89,,,1,86,,22703,89,,,1
989901,'3',2303,,22705,89,,,1,47,,22706,89,,,1,83,,22707,89,,,1,85,,22708,89,,,1,39,,22709,89,,,1,83,,22710,89,,,1
989901,'80',2303,,22711,89,,,1,47,,22712,89,,,1,83,,22713,89,,,1,85,,22714,89,,,1,39,,22715,89,,,1,83,,22716,89,,,1
6010201,'1',539,,23058,11,,,1,11,,23057,11,,,1,51,,23056,11,,,1,11,,23055,11,,,1,13,,23054,11,,,1,12,,23053,11,,,1,10,,23052,11,,,1,55,,23051,11,,,1,11,,23050,11,,,1,11,,23049,11,,,1,11,,23048,11,,,1,11,,23047,11,,,1,11,,22990,11,,,1,52,,22991,11,,,1,11,,22992,11,,,1,11,,22993,11,,,1,13,,22994,11,,,1,11,,22995,11,,,1,51,,22996,11,,,1,11,,22997,11,,,1,11,,22998,11,,,1,9,,22999,11,,,1,11,,23000,11,,,1,9,,23001,11,,,1,51,,23002,11,,,1,11,,23003,11,,,1,11,,23004,11,,,1,12,,23005,11,,,1,10,,23006,11,,,1,54,,23007,11,,,1,11,,23008,11,,,1,13,,23009,11,,,1,16,,23010,11,,,1,56,,23011,11,,,1,16,,23012,11,,,1,16,,23013,11,,,1,16,,23014,11,,,1,56,,23015,11,,,1,16,,23016,11,,,1,16,,23017,11,,,1,16,,23018,11,,,1,56,,23019,11,,,1,17,,23020,11,,,1,16,,23021,11,,,1,57,,23022,11,,,1,17,,23023,11,,,1,16,,23024,11,,,1,12,,23025,11,,,1,12,,23026,11,,,1,55,,23027,11,,,1,12,,23028,11,,,1,12,,23029,11,,,1,12,,23030,11,,,1,54,,23031,11,,,1,12,,23032,11,,,1,12,,23033,11,,,1,12,,23034,11,,,1,12,,23035,11,,,1,50,,23036,11,,,1,12,,23037,11,,,1,12,,23038,11,,,1,12,,23039,11,,,1,9,,23040,11,,,1,10,,23041,11,,,1,52,,23042,11,,,1,12,,23043,11,,,1,9,,23044,11,,,1,12,,23045,11,,,1,12,,23046,11,,,1
6010201,'2',907,,23059,11,,,1,16,,23060,11,,,1,16,,23061,11,,,1,20,,23062,11,,,1,56,,23063,11,,,1,16,,23064,11,,,1,16,,23065,11,,,1,56,,23066,11,,,1,18,,23067,11,,,1,16,,23068,11,,,1,18,,23069,11,,,1,56,,23070,11,,,1,16,,23071,11,,,1,16,,23072,11,,,1,16,,23073,11,,,1,58,,23074,11,,,1,13,,23075,11,,,1,15,,23076,11,,,1,55,,23077,11,,,1,15,,23078,11,,,1,15,,23079,11,,,1,15,,23080,11,,,1,55,,23081,11,,,1,15,,23082,11,,,1,15,,23083,11,,,1,15,,23084,11,,,1,55,,23085,11,,,1,15,,23086,11,,,1,15,,23087,11,,,1,15,,23088,11,,,1,55,,23089,11,,,1,15,,23090,11,,,1,15,,23091,11,,,1,15,,23092,11,,,1,55,,23093,11,,,1,13,,23094,11,,,1,15,,23095,11,,,1,14,,23096,11,,,1,15,,23097,11,,,1,54,,23098,11,,,1,14,,23099,11,,,1,12,,23100,11,,,1,15,,23101,11,,,1,55,,23102,11,,,1,15,,23103,11,,,1
6010201,'3',942,,23104,11,,,1,64,,23105,11,,,1,20,,23106,11,,,1,20,,23107,11,,,1,61,,23108,11,,,1,21,,23109,11,,,1,24,,23110,11,,,1,61,,23111,11,,,1,21,,23112,11,,,1,21,,23113,11,,,1,62,,23114,11,,,1,21,,23115,11,,,1,21,,23116,11,,,1,61,,23117,11,,,1,21,,23118,11,,,1,61,,23119,11,,,1,21,,23120,11,,,1,22,,23121,11,,,1,63,,23122,11,,,1,21,,23123,11,,,1,20,,23124,11,,,1,61,,23125,11,,,1,21,,23126,11,,,1,21,,23127,11,,,1,57,,23128,11,,,1,21,,23129,11,,,1,19,,23130,11,,,1,59,,23131,11,,,1,21,,23132,11,,,1,19,,23133,11,,,1,61,,23134,11,,,1,18,,23135,11,,,1,21,,23136,11,,,1
6010201,'80',942,,23137,11,,,1,64,,23138,11,,,1,20,,23139,11,,,1,20,,23140,11,,,1,61,,23141,11,,,1,21,,23142,11,,,1,24,,23143,11,,,1,61,,23144,11,,,1,21,,23145,11,,,1,21,,23146,11,,,1,62,,23147,11,,,1,21,,23148,11,,,1,21,,23149,11,,,1,61,,23150,11,,,1,21,,23151,11,,,1,61,,23152,11,,,1,21,,23153,11,,,1,22,,23154,11,,,1,63,,23155,11,,,1,21,,23156,11,,,1,20,,23157,11,,,1,61,,23158,11,,,1,21,,23159,11,,,1,21,,23160,11,,,1,57,,23161,11,,,1,21,,23162,11,,,1,19,,23163,11,,,1,59,,23164,11,,,1,21,,23165,11,,,1,19,,23166,11,,,1,61,,23167,11,,,1,18,,23168,11,,,1,21,,23169,11,,,1
