1601,'1',521,,26620,11,,,1,22,,26621,11,,,1,62,,26622,11,,,1,21,,26623,11,,,1,5,,26588,52,,,1,27,,26587,52,,,1,62,,26579,52,,,1,22,,26580,52,,,1,69,,26581,52,,,1,22,,26582,52,,,1,22,,26583,52,,,1,62,,26584,52,,,1,9,,26585,52,,,1,26,,26586,52,,,1,61,,26599,52,,,1,24,,26598,52,,,1,68,,26589,52,,,1,32,,26590,52,,,1,71,,26591,52,,,1,29,,26592,52,,,1,71,,26593,52,,,1,31,,26594,52,,,1,69,,26595,52,,,1,23,,26624,11,,,1,13,,26596,52,,,1,70,,26597,52,,,1,21,,26616,52,,,1,23,,26615,52,,,1,63,,26600,52,,,1,17,,26601,52,,,1,69,,26602,52,,,1,24,,26603,52,,,1,23,,26604,52,,,1,63,,26605,52,,,1,21,,26606,52,,,1,63,,26607,52,,,1,16,,26608,52,,,1,23,,26609,52,,,1,63,,26610,52,,,1,23,,26611,52,,,1,23,,26612,52,,,1,63,,26613,52,,,1,19,,26614,52,,,1,28,,26619,52,,,1,74,,26617,52,,,1,70,,26618,52,,,1,34,,26625,52,,,1
1601,'2',629,,26652,11,,,1,78,,26653,11,,,1,30,,26635,52,,,1,80,,26626,52,,,1,38,,26627,52,,,1,79,,26628,52,,,1,78,,26629,52,,,1,38,,26630,52,,,1,78,,26631,52,,,1,80,,26632,52,,,1,38,,26633,52,,,1,78,,26634,52,,,1,82,,26644,52,,,1,42,,26636,52,,,1,81,,26637,52,,,1,81,,26638,52,,,1,40,,26639,52,,,1,81,,26640,52,,,1,81,,26641,52,,,1,41,,26642,52,,,1,77,,26643,52,,,1,80,,26651,52,,,1,32,,26645,52,,,1,76,,26646,52,,,1,38,,26647,52,,,1,71,,26648,52,,,1,76,,26649,52,,,1,33,,26650,52,,,1
1601,'3',818,,26654,52,,,1,95,,26655,52,,,1,97,,26656,52,,,1,95,,26657,52,,,1,95,,26658,52,,,1,55,,26659,52,,,1,98,,26660,52,,,1,96,,26661,52,,,1,98,,26662,52,,,1,98,,26663,52,,,1,97,,26664,52,,,1,92,,26665,52,,,1,90,,26666,52,,,1,92,,26667,52,,,1,92,,26668,52,,,1,49,,26669,52,,,1
1601,'74',629,,26696,11,,,1,78,,26697,11,,,1,30,,26679,52,,,1,80,,26670,52,,,1,38,,26671,52,,,1,79,,26672,52,,,1,78,,26673,52,,,1,38,,26674,52,,,1,78,,26675,52,,,1,80,,26676,52,,,1,38,,26677,52,,,1,78,,26678,52,,,1,82,,26688,52,,,1,42,,26680,52,,,1,81,,26681,52,,,1,81,,26682,52,,,1,40,,26683,52,,,1,81,,26684,52,,,1,81,,26685,52,,,1,41,,26686,52,,,1,77,,26687,52,,,1,80,,26695,52,,,1,32,,26689,52,,,1,76,,26690,52,,,1,38,,26691,52,,,1,71,,26692,52,,,1,76,,26693,52,,,1,33,,26694,52,,,1
1601,'80',818,,26698,52,,,1,95,,26699,52,,,1,97,,26700,52,,,1,95,,26701,52,,,1,95,,26702,52,,,1,55,,26703,52,,,1,98,,26704,52,,,1,96,,26705,52,,,1,98,,26706,52,,,1,98,,26707,52,,,1,97,,26708,52,,,1,92,,26709,52,,,1,90,,26710,52,,,1,92,,26711,52,,,1,92,,26712,52,,,1,49,,26713,52,,,1
8501,'1',517,,29801,11,,,1,16,,29800,11,,,1,16,,29799,11,,,1,56,,29798,11,,,1,16,,29797,11,,,1,16,,29796,11,,,1,16,,29795,11,,,1,56,,29787,11,,,1,16,,29788,11,,,1,16,,29789,11,,,1,16,,29790,11,,,1,56,,29791,11,,,1,16,,29792,11,,,1,16,,29793,11,,,1,55,,29794,11,,,1,26,,29811,11,,,1,25,,29810,11,,,1,64,,29809,11,,,1,25,,29802,11,,,1,65,,29803,11,,,1,25,,29804,11,,,1,25,,29805,11,,,1,64,,29806,11,,,1,25,,29807,11,,,1,65,,29808,11,,,1,25,,29812,11,,,1,25,,29813,11,,,1,61,,29814,11,,,1,16,,29841,11,,,1,16,,29842,11,,,1,56,,29831,11,,,1,15,,29830,11,,,1,16,,29829,11,,,1,20,,29828,11,,,1,57,,29827,11,,,1,16,,29815,11,,,1,19,,29816,11,,,1,53,,29817,11,,,1,19,,29818,11,,,1,16,,29819,11,,,1,11,,29820,11,,,1,59,,29821,11,,,1,13,,29822,11,,,1,16,,29823,11,,,1,16,,29824,11,,,1,58,,29825,11,,,1,19,,29826,11,,,1,72,,29834,11,,,1,29,,29833,11,,,1,25,,29832,11,,,1,62,,29838,11,,,1,29,,29837,11,,,1,71,,29835,11,,,1,32,,29836,11,,,1
8501,'2',639,,29858,11,,,1,70,,29859,11,,,1,30,,29860,11,,,1,71,,29861,11,,,1,30,,29862,11,,,1,70,,29863,11,,,1,30,,29864,11,,,1,70,,29865,11,,,1,30,,29866,11,,,1,70,,29843,11,,,1,23,,29844,11,,,1,24,,29845,11,,,1,63,,29846,11,,,1,23,,29847,11,,,1,63,,29848,11,,,1,23,,29849,11,,,1,23,,29850,11,,,1,63,,29851,11,,,1,23,,29852,11,,,1,63,,29853,11,,,1,23,,29854,11,,,1,23,,29855,11,,,1,63,,29856,11,,,1,22,,29857,11,,,1,21,,29867,11,,,1,62,,29868,11,,,1,23,,29869,11,,,1,21,,29870,11,,,1,61,,29871,11,,,1,18,,29872,11,,,1,21,,29873,11,,,1,61,,29874,11,,,1,21,,29875,11,,,1,61,,29876,11,,,1,21,,29877,11,,,1,21,,29878,11,,,1,61,,29879,11,,,1,30,,29880,11,,,1,70,,29881,11,,,1,30,,29882,11,,,1
8501,'3',832,,29885,11,,,1,81,,29886,11,,,1,40,,29887,11,,,1,80,,29888,11,,,1,83,,29889,11,,,1,43,,29890,11,,,1,83,,29891,11,,,1,83,,29892,11,,,1,83,,29893,11,,,1,43,,29894,11,,,1,83,,29895,11,,,1,80,,29896,11,,,1,42,,29897,11,,,1,84,,29898,11,,,1,76,,29899,11,,,1,41,,29900,11,,,1,83,,29901,11,,,1,79,,29883,11,,,1,81,,29884,11,,,1
8501,'74',639,,29902,11,,,1,70,,29903,11,,,1,30,,29904,11,,,1,71,,29905,11,,,1,30,,29906,11,,,1,70,,29907,11,,,1,30,,29908,11,,,1,70,,29909,11,,,1,30,,29910,11,,,1,70,,29911,11,,,1,23,,29912,11,,,1,24,,29913,11,,,1,63,,29914,11,,,1,23,,29915,11,,,1,63,,29916,11,,,1,23,,29917,11,,,1,23,,29918,11,,,1,63,,29919,11,,,1,23,,29920,11,,,1,63,,29921,11,,,1,23,,29922,11,,,1,23,,29923,11,,,1,63,,29924,11,,,1,22,,29925,11,,,1,21,,29926,11,,,1,62,,29927,11,,,1,23,,29928,11,,,1,21,,29929,11,,,1,61,,29930,11,,,1,18,,29931,11,,,1,21,,29932,11,,,1,61,,29933,11,,,1,21,,29934,11,,,1,61,,29935,11,,,1,21,,29936,11,,,1,21,,29937,11,,,1,61,,29938,11,,,1,30,,29939,11,,,1,70,,29940,11,,,1,30,,29941,11,,,1
8501,'80',832,,29942,11,,,1,81,,29943,11,,,1,40,,29944,11,,,1,80,,29945,11,,,1,83,,29946,11,,,1,43,,29947,11,,,1,83,,29948,11,,,1,83,,29949,11,,,1,83,,29950,11,,,1,43,,29951,11,,,1,83,,29952,11,,,1,80,,29953,11,,,1,42,,29954,11,,,1,84,,29955,11,,,1,76,,29958,11,,,1,41,,29959,11,,,1,83,,29960,11,,,1,79,,29956,11,,,1,81,,29957,11,,,1
