8600,'1',553,,17474,11,,,1,75,,17475,11,,,1,25,,17476,11,,,1,70,,17477,11,,,1,21,,17478,11,,,1,66,,17479,11,,,1,38,,17480,11,,,1,83,,17490,11,,,1,79,,17481,11,,,1,94,,17482,11,,,1,54,,17483,11,,,1,87,,17484,11,,,1,96,,17485,11,,,1,79,,17486,11,,,1,106,,17487,11,,,1,89,,17488,11,,,1,28,,17491,11,,,1,85,,17489,11,,,1,73,,17492,11,,,1,27,,17493,11,,,1,19,,17494,11,,,1,81,,17495,11,,,1,88,,17496,11,,,1,40,,17498,11,,,1,81,,17497,11,,,1
8600,'2',754,,17499,11,,,1,86,,17500,11,,,1,85,,17501,11,,,1,86,,17502,11,,,1,46,,17503,11,,,1,86,,17504,11,,,1,88,,17505,11,,,1,86,,17506,11,,,1,86,,17507,11,,,1,44,,17508,11,,,1,86,,17509,11,,,1,86,,17510,11,,,1,86,,17511,11,,,1,45,,17512,11,,,1,86,,17513,11,,,1,86,,17514,11,,,1
9900,'1',347,,18839,9,,,1,80,,18840,9,,,1,32,,18813,29,,,1,82,,18814,29,,,1,80,,18815,29,,,1,83,,18816,29,,,1,54,,18817,29,,,1,75,,18818,29,,,1,78,,18819,29,,,1,31,,18820,29,,,1,75,,18821,29,,,1,35,,18822,29,,,1,99,,18823,29,,,1,94,,18824,29,,,1,94,,18825,29,,,1,94,,18826,29,,,1,75,,18838,29,,,1,31,,18837,29,,,1,69,,18827,29,,,1,30,,18828,29,,,1,70,,18829,29,,,1,30,,18830,29,,,1,70,,18831,29,,,1,26,,18832,29,,,1,70,,18833,29,,,1,24,,18834,29,,,1,30,,18835,29,,,1,68,,18836,29,,,1
9900,'2',507,,18859,9,,,1,37,,18860,9,,,1,74,,18841,29,,,1,39,,18842,29,,,1,78,,18856,29,,,1,90,,18855,29,,,1,87,,18843,29,,,1,47,,18844,29,,,1,87,,18845,29,,,1,88,,18846,29,,,1,106,,18847,29,,,1,95,,18848,29,,,1,95,,18849,29,,,1,97,,18850,29,,,1,95,,18851,29,,,1,93,,18852,29,,,1,95,,18853,29,,,1,95,,18854,29,,,1,46,,18858,29,,,1,90,,18857,29,,,1
9900,'3',509,,18879,9,,,1,38,,18880,9,,,1,80,,18861,29,,,1,78,,18862,29,,,1,38,,18863,29,,,1,78,,18864,29,,,1,92,,18881,29,,,1,89,,18865,29,,,1,49,,18866,29,,,1,89,,18867,29,,,1,92,,18868,29,,,1,89,,18869,29,,,1,89,,18870,29,,,1,49,,18871,29,,,1,89,,18872,29,,,1,89,,18873,29,,,1,89,,18874,29,,,1,87,,18875,29,,,1,89,,18876,29,,,1,49,,18877,29,,,1,84,,18878,29,,,1
9900,'80',509,,18900,9,,,1,38,,18901,9,,,1,80,,18882,29,,,1,78,,18883,29,,,1,38,,18884,29,,,1,78,,18885,29,,,1,92,,18902,29,,,1,89,,18886,29,,,1,49,,18887,29,,,1,89,,18888,29,,,1,92,,18889,29,,,1,89,,18890,29,,,1,89,,18891,29,,,1,49,,18892,29,,,1,89,,18893,29,,,1,89,,18894,29,,,1,89,,18895,29,,,1,87,,18896,29,,,1,89,,18897,29,,,1,49,,18898,29,,,1,84,,18899,29,,,1
989900,'1',2058,,22653,29,,,1,76,,22654,29,,,1,78,,22655,29,,,1,38,,22656,29,,,1,75,,22657,29,,,1,33,,22658,29,,,1,75,,22659,29,,,1,75,,22660,29,,,1,35,,22661,29,0,5 6,1,75,,22662,29,0,5 6,1,40,,22663,29,0,5 6,1
989900,'2',2101,,22664,29,,,1,54,,22665,29,,,1,90,,22666,29,,,1,93,,22667,29,,,1,86,,22668,29,,,1,86,,22669,29,,,1,45,,22670,29,0,5 6,1,86,,22671,29,0,5 6,1,86,,22672,29,0,5 6,1
989900,'3',2118,,22673,29,,,1,90,,22674,29,,,1,48,,22675,29,,,1,90,,22676,29,,,1,82,,22677,29,,,1,83,,22678,29,,,1,40,,22679,29,0,5 6,1,83,,22680,29,0,5 6,1,83,,22681,29,0,5 6,1
989900,'80',2118,,22682,29,,,1,90,,22683,29,,,1,48,,22684,29,,,1,90,,22685,29,,,1,82,,22686,29,,,1,83,,22687,29,,,1,40,,22688,29,0,5 6,1,83,,22689,29,0,5 6,1,83,,22690,29,0,5 6,1
