'151.0.1',9100,51900,4,'',1,1100,4,'',1,1100,4,'',1,1100,4,'',1,5100,4,'',1,1100,4,'',1,600,4,'',1,400,4,'',1,1100,4,'',1,1600,4,'',1,5100,4,'',1,1100,4,'',1,1000,4,'',1,1100,4,'',1,1500,4,'',1,5200,4,'',1,1200,4,'',1,1900,4,'',1,1200,4,'',1,1200,4,'',1,5200,4,'',1,1200,4,'',1,700,4,'',1,1200,4,'',1,1000,4,'',1,5200,4,'',1,1200,4,'',1,1100,4,'',1,1200,4,'',1,6600,4,'',1,2500,4,'',1,2600,4,'',1,6500,4,'',1,2500,4,'',1,6500,4,'',1,1900,4,'',1,600,4,'',1,2000,4,'',1,500,4,'',1,5300,4,'',1,1300,4,'',1,1300,4,'',1,1500,4,'',1,5300,4,'',1,1300,4,'',1,1300,4,'',1,2000,4,'',1,5300,4,'',1,1300,4,'',1,1300,4,'',1,1300,4,'',1,6200,4,'',1,1400,4,'',1,1400,4,'',1,1400,4,'',1,5300,4,'',1,1400,4,'',1,900,4,'',1,1400,4,'',1,1200,4,'',1,5400,4,'',1,1400,4,'',1,700,4,'',1,1400,4,'',1,1000,4,'',1,6300,4,'',1,1800,4,'',1,2300,4,'',1,6300,4,'',1,2000,4,'',1,2300,4,'',1,6100,4,'',1,2300,4,'',1,6300,4,'',1,2200,4,'',1,2300,4,'',1,6300,4,'',1,2300,4,'',1,2300,4,'',1,6300,4,'',1
'151.0.1',9101,52200,,'',1,1100,,'',1,1100,,'',1,1100,,'',1,5100,,'',1,1100,,'',1,1100,,'',1,1100,,'',1,1100,,'',1,5100,,'',1,1600,,'',1,1200,,'',1,1200,,'',1,1200,,'',1,5200,,'',1,1200,,'',1,1200,,'',1,1200,,'',1,1200,,'',1,5200,,'',1,1200,,'',1,1200,,'',1,1200,,'',1,1200,,'',1,5200,,'',1,1300,,'',1,2500,,'',1,6500,,'',1,2500,,'',1,2500,,'',1,6500,,'',1,2500,,'',1,6500,,'',1,2200,,'',1,1300,,'',1,5300,,'',1,1300,,'',1,1300,,'',1,1300,,'',1,1300,,'',1,5300,,'',1,1300,,'',1,1300,,'',1,1300,,'',1,1300,,'',1,5800,,'',1,1400,,'',1,1400,,'',1,1400,,'',1,5400,,'',1,1400,,'',1,1400,,'',1,1400,,'',1,5400,,'',1,1400,,'',1,1400,,'',1,1400,,'',1,5400,,'',1,2700,,'',1,2300,,'',1,6300,,'',1,2300,,'',1,6300,,'',1,2300,,'',1,2300,,'',1,6300,,'',1,2300,,'',1,2300,,'',1,6300,,'',1,2300,,'',1,6300,,'',1
'151.0.2',9100,72200,4,'',1,2200,4,'',1,6200,4,'',1,2200,4,'',1,2700,4,'',1,6200,4,'',1,2200,4,'',1,6200,4,'',1,2200,4,'',1,2500,4,'',1,6500,4,'',1,2500,4,'',1,7000,4,'',1,2500,4,'',1,2500,4,'',1,6500,4,'',1,2500,4,'',1,6500,4,'',1,2500,4,'',1,6500,4,'',1,2500,4,'',1,2500,4,'',1,6500,4,'',1,2500,4,'',1,6500,4,'',1,2500,4,'',1,2500,4,'',1,6500,4,'',1,2500,4,'',1,6500,4,'',1,2500,4,'',1,2000,4,'',1,6500,4,'',1,2900,4,'',1,6900,4,'',1,2900,4,'',1,6900,4,'',1,2900,4,'',1,6300,4,'',1,2900,4,'',1
'151.0.2',9101,73300,,'',1,2200,,'',1,6200,,'',1,2200,,'',1,6200,,'',1,2200,,'',1,2200,,'',1,6200,,'',1,2700,,'',1,2500,,'',1,6500,,'',1,2500,,'',1,6500,,'',1,2500,,'',1,6500,,'',1,2500,,'',1,2500,,'',1,6500,,'',1,2500,,'',1,6500,,'',1,2500,,'',1,2500,,'',1,6500,,'',1,2500,,'',1,6500,,'',1,2500,,'',1,6500,,'',1,2500,,'',1,2500,,'',1,6500,,'',1,2500,,'',1,6500,,'',1,4800,,'',1,6900,,'',1,2900,,'',1,6900,,'',1,2900,,'',1,6900,,'',1,2300,,'',1
'151.0.3',9100,72400,4,'',1,11600,4,'',1,9100,4,'',1,7700,4,'',1,2700,4,'',1,7200,4,'',1,3500,4,'',1,7200,4,'',1,3400,4,'',1,7200,4,'',1,3200,4,'',1,7200,4,'',1,3200,4,'',1,7200,4,'',1,7200,4,'',1,3200,4,'',1,7200,4,'',1,3200,4,'',1,7200,4,'',1,3200,4,'',1,7200,4,'',1,2600,4,'',1,8000,4,'',1,8200,4,'',1,4200,4,'',1,8100,4,'',1,8200,4,'',1,3700,4,'',1,6800,4,'',1,3600,4,'',1
'151.0.3',9101,72900,,'',1,11600,,'',1,9100,,'',1,7700,,'',1,3200,,'',1,7200,,'',1,3200,,'',1,7200,,'',1,3200,,'',1,7200,,'',1,3200,,'',1,7200,,'',1,7200,,'',1,3200,,'',1,7200,,'',1,3200,,'',1,7200,,'',1,3200,,'',1,7200,,'',1,3200,,'',1,9800,,'',1,8200,,'',1,8200,,'',1,4200,,'',1,8200,,'',1,7900,,'',1,3700,,'',1,7600,,'',1,2800,,'',1
'151.0.74',9100,72200,4,'',1,2200,4,'',1,6200,4,'',1,2200,4,'',1,2700,4,'',1,6200,4,'',1,2200,4,'',1,6200,4,'',1,2200,4,'',1,2500,4,'',1,6500,4,'',1,2500,4,'',1,7000,4,'',1,2500,4,'',1,2500,4,'',1,6500,4,'',1,2500,4,'',1,6500,4,'',1,2500,4,'',1,6500,4,'',1,2500,4,'',1,2500,4,'',1,6500,4,'',1,2500,4,'',1,6500,4,'',1,2500,4,'',1,2500,4,'',1,6500,4,'',1,2500,4,'',1,6500,4,'',1,2500,4,'',1,2000,4,'',1,6500,4,'',1,2900,4,'',1,6900,4,'',1,2900,4,'',1,6900,4,'',1,2900,4,'',1,6300,4,'',1,2900,4,'',1
'151.0.74',9101,73300,,'',1,2200,,'',1,6200,,'',1,2200,,'',1,6200,,'',1,2200,,'',1,2200,,'',1,6200,,'',1,2700,,'',1,2500,,'',1,6500,,'',1,2500,,'',1,6500,,'',1,2500,,'',1,6500,,'',1,2500,,'',1,2500,,'',1,6500,,'',1,2500,,'',1,6500,,'',1,2500,,'',1,2500,,'',1,6500,,'',1,2500,,'',1,6500,,'',1,2500,,'',1,6500,,'',1,2500,,'',1,2500,,'',1,6500,,'',1,2500,,'',1,6500,,'',1,4800,,'',1,6900,,'',1,2900,,'',1,6900,,'',1,2900,,'',1,6900,,'',1,2300,,'',1
'151.0.75',9100,72200,4,'',1,2200,4,'',1,6200,4,'',1,2200,4,'',1,2700,4,'',1,6200,4,'',1,2200,4,'',1,6200,4,'',1,2200,4,'',1,2500,4,'',1,6500,4,'',1,2500,4,'',1,7000,4,'',1,2500,4,'',1,2500,4,'',1,6500,4,'',1,2500,4,'',1,6500,4,'',1,2500,4,'',1,6500,4,'',1,2500,4,'',1,2500,4,'',1,6500,4,'',1,2500,4,'',1,6500,4,'',1,2500,4,'',1,2500,4,'',1,6500,4,'',1,2500,4,'',1,6500,4,'',1,2500,4,'',1,2000,4,'',1,6500,4,'',1,2900,4,'',1,6900,4,'',1,2900,4,'',1,6900,4,'',1,2900,4,'',1,6300,4,'',1,2900,4,'',1
'151.0.75',9101,73300,,'',1,2200,,'',1,6200,,'',1,2200,,'',1,6200,,'',1,2200,,'',1,2200,,'',1,6200,,'',1,2700,,'',1,2500,,'',1,6500,,'',1,2500,,'',1,6500,,'',1,2500,,'',1,6500,,'',1,2500,,'',1,2500,,'',1,6500,,'',1,2500,,'',1,6500,,'',1,2500,,'',1,2500,,'',1,6500,,'',1,2500,,'',1,6500,,'',1,2500,,'',1,6500,,'',1,2500,,'',1,2500,,'',1,6500,,'',1,2500,,'',1,6500,,'',1,4800,,'',1,6900,,'',1,2900,,'',1,6900,,'',1,2900,,'',1,6900,,'',1,2300,,'',1
'151.0.80',9100,72400,4,'',1,11600,4,'',1,9100,4,'',1,7700,4,'',1,2700,4,'',1,7200,4,'',1,3500,4,'',1,7200,4,'',1,3400,4,'',1,7200,4,'',1,3200,4,'',1,7200,4,'',1,3200,4,'',1,7200,4,'',1,7200,4,'',1,3200,4,'',1,7200,4,'',1,3200,4,'',1,7200,4,'',1,3200,4,'',1,7200,4,'',1,2600,4,'',1,8000,4,'',1,8200,4,'',1,4200,4,'',1,8100,4,'',1,8200,4,'',1,3700,4,'',1,6800,4,'',1,3600,4,'',1
'151.0.80',9101,72900,,'',1,11600,,'',1,9100,,'',1,7700,,'',1,3200,,'',1,7200,,'',1,3200,,'',1,7200,,'',1,3200,,'',1,7200,,'',1,3200,,'',1,7200,,'',1,7200,,'',1,3200,,'',1,7200,,'',1,3200,,'',1,7200,,'',1,3200,,'',1,7200,,'',1,3200,,'',1,9800,,'',1,8200,,'',1,8200,,'',1,4200,,'',1,8200,,'',1,7900,,'',1,3700,,'',1,7600,,'',1,2800,,'',1
'151.24683.1',9100,254500,4,'',1,6300,4,'',1,2300,4,'',1,2300,4,'',1,6300,4,'',1,3500,4,'',1
'151.24683.1',9101,243000,,'',1,2300,,'',1,6300,,'',1,2300,,'',1,6300,,'',1,2300,,'',1
'151.0.1',39101,70300,,'',1,2000,,'',1,2000,,'',1
