5200,'1',704,,28575,4,,,1,100,,28578,4,,,1,104,,28577,6,,,1,500,,28583,6,,,1,100,,28582,6,,,1,100,,28581,6,,,1,100,,28580,6,,,1,100,,28579,6,,,1
9800,'1',643,,31445,54,,,1,75,,31444,54,,,1,35,,31443,54,,,1,75,,31442,54,,,1,75,,31441,54,,,1,35,,31440,54,,,1,98,,31436,54,,,1,98,,31433,54,,,1,98,,31438,54,,,1,98,,31437,54,,,1,80,,31425,54,,,1,39,,31435,54,,,1,80,,31434,54,,,1,80,,31432,54,,,1,40,,31431,54,,,1,80,,31430,54,,,1,81,,31429,54,,,1,40,,31428,54,,,1,92,,31427,54,,,1,91,,31426,54,,,1,88,,31439,54,,,1
9800,'2',641,,31463,54,,,1,86,,31462,54,,,1,86,,31461,54,,,1,94,,31460,54,,,1,93,,31459,54,,,1,54,,31458,54,,,1,94,,31457,54,,,1,98,,31456,54,,,1,98,,31455,54,,,1,97,,31454,54,,,1,98,,31453,54,,,1,98,,31452,54,,,1,99,,31451,54,,,1,98,,31450,54,,,1,89,,31449,54,,,1,90,,31448,54,,,1,89,,31447,54,,,1,45,,31446,54,,,1
9800,'3',826,,31479,54,,,1,88,,31478,54,,,1,88,,31477,54,,,1,53,,31476,54,,,1,93,,31475,54,,,1,92,,31474,54,,,1,93,,31473,54,,,1,93,,31472,54,,,1,93,,31471,54,,,1,93,,31470,54,,,1,93,,31469,54,,,1,54,,31468,54,,,1,88,,31467,54,,,1,89,,31466,54,,,1,87,,31465,54,,,1,88,,31464,54,,,1
9800,'74',641,,31497,54,,,1,86,,31496,54,,,1,86,,31495,54,,,1,94,,31494,54,,,1,93,,31493,54,,,1,54,,31492,54,,,1,94,,31491,54,,,1,98,,31490,54,,,1,98,,31489,54,,,1,97,,31488,54,,,1,98,,31487,54,,,1,98,,31486,54,,,1,99,,31485,54,,,1,98,,31484,54,,,1,89,,31483,54,,,1,90,,31482,54,,,1,89,,31481,54,,,1,45,,31480,54,,,1
9800,'80',826,,31513,54,,,1,88,,31512,54,,,1,88,,31511,54,,,1,53,,31510,54,,,1,93,,31509,54,,,1,92,,31508,54,,,1,93,,31507,54,,,1,93,,31506,54,,,1,93,,31505,54,,,1,93,,31504,54,,,1,93,,31503,54,,,1,54,,31502,54,,,1,88,,31501,54,,,1,89,,31500,54,,,1,87,,31499,54,,,1,88,,31498,54,,,1
989900,'1',2144,,36830,97,,,1,72,,36831,97,,,1,38,,36832,97,,,1,78,,36833,97,,,1,75,,36834,97,,,1,32,,36835,97,,,1,75,,36836,97,,,1,35,,36837,97,,,1
989900,'2',2149,,36841,97,,,1,94,,36842,97,,,1,84,,36843,97,,,1,91,,36844,97,,,1,86,,36845,97,,,1,46,,36846,97,,,1
989900,'3',2203,,36850,97,,,1,50,,36851,97,,,1,83,,36852,97,,,1,90,,36853,97,,,1,79,,36854,97,,,1,43,,36855,97,,,1
989900,'74',2149,,36859,97,,,1,94,,36860,97,,,1,84,,36861,97,,,1,91,,36862,97,,,1,86,,36863,97,,,1,46,,36864,97,,,1
989900,'80',2203,,36868,97,,,1,50,,36869,97,,,1,83,,36870,97,,,1,90,,36871,97,,,1,79,,36872,97,,,1,43,,36873,97,,,1
