100,'1',404,,23457,28,,,1,38,,23456,28,,,1,71,,23455,28,,,1,42,,23483,43,,,1,78,,23482,43,,,1,80,,23480,43,,,1,38,,23481,43,,,1,73,,23479,43,,,1,35,,23478,43,,,1,75,,23477,43,,,1,110,,23476,43,,,1,113,,23475,43,,,1,152,,23474,43,,,1,116,,23473,43,,,1,87,,23484,43,,,1,42,,23472,43,,,1,71,,23471,43,,,1,77,,23470,43,,,1,31,,23469,43,,,1,74,,23468,43,,,1,34,,23467,43,,,1,66,,23466,43,,,1,24,,23465,43,,,1,98,,23464,43,,,1,102,,23463,43,,,1,100,,23462,43,,,1,91,,23461,43,,,1,95,,23460,43,,,1,89,,23459,43,,,1,95,,23458,43,,,1
100,'74',605,,23507,28,,,1,96,,23485,43,,,1,103,,23486,43,,,1,107,,23487,43,,,1,103,,23488,43,,,1,110,,23489,43,,,1,95,,23490,43,,,1,87,,23491,43,,,1,103,,23492,43,,,1,92,,23493,43,,,1,52,,23494,43,,,1,92,,23495,43,,,1,86,,23496,43,,,1,92,,23497,43,,,1,91,,23498,43,,,1,42,,23499,43,,,1,92,,23500,43,,,1,90,,23501,43,,,1,97,,23502,43,,,1,97,,23503,43,,,1,94,,23504,43,,,1,93,,23505,43,,,1,96,,23506,43,,,1
100,'80',755,,23523,28,,,1,91,,23508,43,,,1,158,,23509,43,,,1,115,,23510,43,,,1,115,,23511,43,,,1,115,,23512,43,,,1,152,,23513,43,,,1,107,,23514,43,,,1,112,,23515,43,,,1,110,,23516,43,,,1,109,,23517,43,,,1,95,,23518,43,,,1,99,,23519,43,,,1,99,,23520,43,,,1,94,,23521,43,,,1,99,,23522,43,,,1
100,'35296.2',605,,23546,28,,,1,96,,23524,43,,,1,103,,23525,43,,,1,107,,23526,43,,,1,103,,23527,43,,,1,110,,23528,43,,,1,95,,23529,43,,,1,87,,23530,43,,,1,103,,23531,43,,,1,92,,23532,43,,,1,52,,23533,43,,,1,92,,23534,43,,,1,86,,23535,43,,,1,92,,23536,43,,,1,91,,23537,43,,,1,42,,23538,43,,,1,92,,23539,43,,,1,90,,23540,43,,,1,97,,23541,43,,,1,97,,23542,43,,,1,94,,23543,43,,,1,93,,23544,43,,,1,96,,23545,43,,,1
100,'35296.3',755,,23562,28,,,1,91,,23547,43,,,1,158,,23548,43,,,1,115,,23549,43,,,1,115,,23550,43,,,1,115,,23551,43,,,1,152,,23552,43,,,1,107,,23553,43,,,1,112,,23554,43,,,1,110,,23555,43,,,1,109,,23556,43,,,1,95,,23557,43,,,1,99,,23558,43,,,1,99,,23559,43,,,1,94,,23560,43,,,1,99,,23561,43,,,1
100,'35298.2',605,,23615,28,,,1,96,,23614,43,,,1,37,,23563,43,,,1,17,,23564,43,,,1,61,,23565,43,,,1,17,,23566,43,,,1,17,,23567,43,,,1,57,,23568,43,,,1,17,,23569,43,,,1,17,,23570,43,,,1,17,,23571,43,,,1,57,,23572,43,,,1,17,,23573,43,,,1,24,,23574,43,,,1,57,,23575,43,,,1,17,,23576,43,,,1,17,,23577,43,,,1,60,,23578,43,,,1,17,,23579,43,,,1,17,,23580,43,,,1,17,,23581,43,,,1,63,,23582,43,,,1,17,,23583,43,,,1,17,,23584,43,,,1,57,,23585,43,,,1,17,,23586,43,,,1,17,,23587,43,,,1,57,,23588,43,,,1,17,,23589,43,,,1,17,,23590,43,,,1,17,,23591,43,,,1,57,,23592,43,,,1,17,,23593,43,,,1,17,,23594,43,,,1,11,,23595,43,,,1,57,,23596,43,,,1,17,,23597,43,,,1,17,,23598,43,,,1,57,,23599,43,,,1,17,,23600,43,,,1,17,,23601,43,,,1,16,,23602,43,,,1,57,,23603,43,,,1,17,,23604,43,,,1,17,,23605,43,,,1,11,,23606,43,,,1,92,,23607,43,,,1,90,,23608,43,,,1,97,,23609,43,,,1,97,,23610,43,,,1,94,,23611,43,,,1,93,,23612,43,,,1,96,,23613,43,,,1
100,'35298.3',736,,23616,43,,,1,17,,23617,43,,,1,57,,23618,43,,,1,17,,23619,43,,,1,17,,23620,43,,,1,57,,23621,43,,,1,17,,23622,43,,,1,23,,23623,43,,,1,17,,23624,43,,,1,57,,23625,43,,,1,17,,23626,43,,,1,20,,23627,43,,,1,57,,23628,43,,,1,17,,23629,43,,,1,17,,23630,43,,,1,60,,23631,43,,,1,17,,23632,43,,,1,17,,23633,43,,,1,17,,23634,43,,,1,57,,23635,43,,,1,20,,23636,43,,,1,17,,23637,43,,,1,57,,23638,43,,,1,17,,23639,43,,,1,17,,23640,43,,,1,17,,23641,43,,,1,57,,23642,43,,,1,17,,23643,43,,,1,17,,23644,43,,,1,12,,23645,43,,,1,57,,23646,43,,,1,17,,23647,43,,,1,17,,23648,43,,,1,57,,23649,43,,,1,17,,23650,43,,,1,17,,23651,43,,,1,17,,23652,43,,,1,57,,23653,43,,,1,15,,23654,43,,,1,17,,23655,43,,,1,57,,23656,43,,,1,17,,23657,43,,,1,14,,23658,43,,,1,99,,23659,43,,,1,99,,23660,43,,,1,99,,23661,43,,,1,94,,23662,43,,,1,99,,23663,43,,,1
900,'1',542,,26052,7,,,1,66,,26053,7,,,1,41,,26054,7,,,1,73,,26055,7,,,1,33,,26056,7,,,1,73,,26057,7,,,1,73,,26058,7,,,1,33,,26059,7,,,1,84,,26060,7,,,1,84,,26061,7,,,1,44,,26062,7,,,1,84,,26063,7,,,1,83,,26064,7,,,1,44,,26065,7,,,1,82,,26066,7,,,1,75,,26067,7,,,1,34,,26068,7,,,1,81,,26069,7,,,1,82,,26070,7,,,1,34,,26071,7,,,1,78,,26072,7,,,1,78,,26073,7,,,1,38,,26074,7,,,1,78,,26075,7,,,1
900,'2',657,,26096,7,,,1,79,,26097,7,,,1,79,,26076,7,,,1,39,,26077,7,,,1,79,,26078,7,,,1,79,,26079,7,,,1,39,,26080,7,,,1,79,,26081,7,,,1,79,,26082,7,,,1,39,,26083,7,,,1,84,,26084,7,,,1,81,,26085,7,,,1,41,,26086,7,,,1,81,,26087,7,,,1,81,,26088,7,,,1,41,,26089,7,,,1,85,,26090,7,,,1,82,,26091,7,,,1,80,,26092,7,,,1,42,,26093,7,,,1,82,,26094,7,,,1,82,,26095,7,,,1
900,'3',759,,26116,7,,,1,81,,26117,7,,,1,81,,26098,7,,,1,81,,26099,7,,,1,41,,26100,7,,,1,81,,26101,7,,,1,81,,26102,7,,,1,41,,26103,7,,,1,81,,26104,7,,,1,81,,26105,7,,,1,41,,26106,7,,,1,81,,26107,7,,,1,81,,26108,7,,,1,41,,26109,7,,,1,78,,26110,7,,,1,81,,26111,7,,,1,41,,26112,7,,,1,80,,26113,7,,,1,80,,26114,7,,,1,40,,26115,7,,,1
900,'74',657,,26138,7,,,1,79,,26139,7,,,1,79,,26118,7,,,1,39,,26119,7,,,1,79,,26120,7,,,1,79,,26121,7,,,1,39,,26122,7,,,1,79,,26123,7,,,1,79,,26124,7,,,1,39,,26125,7,,,1,84,,26126,7,,,1,81,,26127,7,,,1,41,,26128,7,,,1,81,,26129,7,,,1,81,,26130,7,,,1,41,,26131,7,,,1,85,,26132,7,,,1,82,,26133,7,,,1,80,,26134,7,,,1,42,,26135,7,,,1,82,,26136,7,,,1,82,,26137,7,,,1
900,'80',759,,26158,7,,,1,81,,26159,7,,,1,81,,26140,7,,,1,81,,26141,7,,,1,41,,26142,7,,,1,81,,26143,7,,,1,81,,26144,7,,,1,41,,26145,7,,,1,81,,26146,7,,,1,81,,26147,7,,,1,41,,26148,7,,,1,81,,26149,7,,,1,81,,26150,7,,,1,41,,26151,7,,,1,78,,26152,7,,,1,81,,26153,7,,,1,41,,26154,7,,,1,80,,26155,7,,,1,80,,26156,7,,,1,40,,26157,7,,,1
1400,'1',551,,26392,62,,,1,67,,26391,62,,,1,29,,26390,62,,,1,73,,26388,62,,,1,30,,26389,62,,,1,72,,26414,62,,,1,22,,26413,62,,,1,77,,26412,62,,,1,28,,26411,59,,,1,74,,26410,59,,,1,34,,26404,59,,,1,75,,26394,59,,,1,74,,26409,59,,,1,33,,26408,59,,,1,73,,26407,59,,,1,33,,26406,59,,,1,73,,26405,59,,,1,38,,26403,62,,,1,72,,26402,62,,,1,76,,26401,62,,,1,31,,26400,62,,,1,77,,26399,62,,,1,32,,26398,62,,,1,75,,26397,62,,,1,35,,26396,62,,,1,66,,26395,62,,,1,26,,26393,59,,,1,76,,26415,59,,,1,81,,26416,59,,,1
1601,'1',547,,26588,2,,,1,62,,26587,2,,,1,22,,26579,2,,,1,22,,26580,2,,,1,63,,26581,2,,,1,22,,26582,2,,,1,62,,26583,2,,,1,22,,26584,2,,,1,17,,26585,2,,,1,66,,26586,2,,,1,21,,26599,2,,,1,24,,26598,2,,,1,68,,26589,2,,,1,31,,26590,2,,,1,71,,26591,2,,,1,31,,26592,2,,,1,71,,26593,2,,,1,31,,26594,2,,,1,69,,26595,2,,,1,33,,26596,2,,,1,67,,26597,2,,,1,21,,26616,2,,,1,63,,26615,2,,,1,23,,26600,2,,,1,17,,26601,2,,,1,69,,26602,2,,,1,24,,26603,2,,,1,63,,26604,2,,,1,23,,26605,2,,,1,22,,26606,2,,,1,63,,26607,2,,,1,23,,26608,2,,,1,23,,26609,2,,,1,63,,26610,2,,,1,23,,26611,2,,,1,63,,26612,2,,,1,23,,26613,2,,,1,23,,26614,2,,,1,68,,26619,2,,,1,34,,26617,2,,,1,74,,26618,2,,,1,74,,26625,2,,,1
1601,'2',656,,26635,2,,,1,78,,26626,2,,,1,78,,26627,2,,,1,38,,26628,2,,,1,78,,26629,2,,,1,78,,26630,2,,,1,38,,26631,2,,,1,78,,26632,2,,,1,78,,26633,2,,,1,38,,26634,2,,,1,84,,26644,2,,,1,81,,26636,2,,,1,41,,26637,2,,,1,81,,26638,2,,,1,81,,26639,2,,,1,41,,26640,2,,,1,81,,26641,2,,,1,81,,26642,2,,,1,37,,26643,2,,,1,81,,26651,2,,,1,32,,26645,2,,,1,76,,26646,2,,,1,78,,26647,2,,,1,34,,26648,2,,,1,76,,26649,2,,,1,33,,26650,2,,,1
1601,'3',737,,26654,2,,,1,95,,26655,2,,,1,95,,26656,2,,,1,95,,26657,2,,,1,95,,26658,2,,,1,95,,26659,2,,,1,98,,26660,2,,,1,98,,26661,2,,,1,98,,26662,2,,,1,98,,26663,2,,,1,98,,26664,2,,,1,52,,26665,2,,,1,92,,26666,2,,,1,92,,26667,2,,,1,92,,26668,2,,,1,91,,26669,2,,,1
1601,'74',656,,26679,2,,,1,78,,26670,2,,,1,78,,26671,2,,,1,38,,26672,2,,,1,78,,26673,2,,,1,78,,26674,2,,,1,38,,26675,2,,,1,78,,26676,2,,,1,78,,26677,2,,,1,38,,26678,2,,,1,84,,26688,2,,,1,81,,26680,2,,,1,41,,26681,2,,,1,81,,26682,2,,,1,81,,26683,2,,,1,41,,26684,2,,,1,81,,26685,2,,,1,81,,26686,2,,,1,37,,26687,2,,,1,81,,26695,2,,,1,32,,26689,2,,,1,76,,26690,2,,,1,78,,26691,2,,,1,34,,26692,2,,,1,76,,26693,2,,,1,33,,26694,2,,,1
1601,'80',737,,26698,2,,,1,95,,26699,2,,,1,95,,26700,2,,,1,95,,26701,2,,,1,95,,26702,2,,,1,95,,26703,2,,,1,98,,26704,2,,,1,98,,26705,2,,,1,98,,26706,2,,,1,98,,26707,2,,,1,98,,26708,2,,,1,52,,26709,2,,,1,92,,26710,2,,,1,92,,26711,2,,,1,92,,26712,2,,,1,91,,26713,2,,,1
30301,'1',1626,,32980,4,,,1,31,,32977,4,,,1,60,,32978,4,,,1,10,,32979,4,,,1,17,,32981,4,,,1,10,,32976,4,,,1,53,,32982,4,,,1,12,,32983,4,,,1,15,,32975,4,,,1
52200,'1',1001,,34039,35,,,1,119,,34040,35,,,1,120,,34041,35,,,1,119,,34042,35,,,1,159,,34043,35,,,1,119,,34044,35,,,1
