8100,'1',516,,29504,4,,,1,31,,29506,4,,,1,71,,29508,4,,,1,32,,29509,4,,,1,74,,29507,4,,,1,34,,29510,4,,,1,86,,29505,4,,,1
8101,'1',1505,,29518,4,,,1,121,,29516,4,,,1,79,,29515,4,,,1,39,,29514,4,,,1,77,,29513,4,,,1,37,,29512,4,,,1,79,,29511,4,,,1
9800,'1',605,,31445,4,,,1,35,,31444,4,,,1,72,,31443,4,,,1,35,,31442,4,,,1,75,,31441,4,,,1,35,,31440,4,,,1,98,,31436,4,,,1,98,,31433,4,,,1,94,,31438,4,,,1,98,,31437,4,,,1,80,,31425,4,,,1,75,,31435,4,,,1,40,,31434,4,,,1,80,,31432,4,,,1,80,,31431,4,,,1,40,,31430,4,,,1,87,,31429,4,,,1,80,,31428,4,,,1,96,,31427,4,,,1,51,,31426,4,,,1,91,,31439,4,,,1
9800,'2',605,,31463,4,,,1,46,,31462,4,,,1,84,,31461,4,,,1,94,,31460,4,,,1,92,,31459,4,,,1,89,,31458,4,,,1,94,,31457,4,,,1,98,,31456,4,,,1,98,,31455,4,,,1,55,,31454,4,,,1,98,,31453,4,,,1,98,,31452,4,,,1,102,,31451,4,,,1,103,,31450,4,,,1,89,,31449,4,,,1,93,,31448,4,,,1,89,,31447,4,,,1,85,,31446,4,,,1
9800,'3',750,,31479,4,,,1,88,,31478,4,,,1,88,,31477,4,,,1,91,,31476,4,,,1,93,,31475,4,,,1,48,,31474,4,,,1,93,,31473,4,,,1,93,,31472,4,,,1,93,,31471,4,,,1,93,,31470,4,,,1,93,,31469,4,,,1,99,,31468,4,,,1,88,,31467,4,,,1,91,,31466,4,,,1,47,,31465,4,,,1,88,,31464,4,,,1
9800,'74',605,,31497,4,,,1,46,,31496,4,,,1,84,,31495,4,,,1,94,,31494,4,,,1,92,,31493,4,,,1,89,,31492,4,,,1,94,,31491,4,,,1,98,,31490,4,,,1,98,,31489,4,,,1,55,,31488,4,,,1,98,,31487,4,,,1,98,,31486,4,,,1,102,,31485,4,,,1,103,,31484,4,,,1,89,,31483,4,,,1,93,,31482,4,,,1,89,,31481,4,,,1,85,,31480,4,,,1
9800,'80',750,,31513,4,,,1,88,,31512,4,,,1,88,,31511,4,,,1,91,,31510,4,,,1,93,,31509,4,,,1,48,,31508,4,,,1,93,,31507,4,,,1,93,,31506,4,,,1,93,,31505,4,,,1,93,,31504,4,,,1,93,,31503,4,,,1,99,,31502,4,,,1,88,,31501,4,,,1,91,,31500,4,,,1,47,,31499,4,,,1,88,,31498,4,,,1
989900,'1',2110,,36830,47,,,1,34,,36831,47,,,1,78,,36832,47,,,1,78,,36833,47,,,1,35,,36834,47,,,1,72,,36835,47,,,1,35,,36836,47,,,1,75,,36837,47,,,1,36,,36838,47,0,5 6,1,75,,36839,47,0,5 6,1,80,,36840,47,0,5 6,1
989900,'2',2114,,36841,47,,,1,94,,36842,47,,,1,47,,36843,47,,,1,92,,36844,47,,,1,86,,36845,47,,,1,86,,36846,47,,,1,85,,36847,47,0,5 6,1,46,,36848,47,0,5 6,1,86,,36849,47,0,5 6,1
989900,'3',2131,,36850,47,,,1,90,,36851,47,,,1,85,,36852,47,,,1,50,,36853,47,,,1,80,,36854,47,,,1,83,,36855,47,,,1,40,,36856,47,0,5 6,1,83,,36857,47,0,5 6,1,83,,36858,47,0,5 6,1
989900,'74',2114,,36859,47,,,1,94,,36860,47,,,1,47,,36861,47,,,1,92,,36862,47,,,1,86,,36863,47,,,1,86,,36864,47,,,1,85,,36865,47,0,5 6,1,46,,36866,47,0,5 6,1,86,,36867,47,0,5 6,1
989900,'80',2131,,36868,47,,,1,90,,36869,47,,,1,85,,36870,47,,,1,50,,36871,47,,,1,80,,36872,47,,,1,83,,36873,47,,,1,40,,36874,47,0,5 6,1,83,,36875,47,0,5 6,1,83,,36876,47,0,5 6,1
