9600,'1',702,,31260,75,,,1,47,,31259,75,,,1,71,,31258,75,,,1,37,,31257,75,,,1,67,,31256,75,,,1,33,,31253,75,,,1,74,,31254,75,,,1,70,,31255,75,,,1,32,,31268,75,,,1,68,,31267,71,,,1,39,,31261,71,,,1,79,,31262,71,,,1,39,,31263,71,,,1,85,,31264,71,,,1,65,,31265,71,,,1,92,,31266,75,,,1,43,,31274,75,,,1,67,,31273,75,,,1,32,,31272,75,,,1,63,,31269,75,,,1,27,,31270,75,,,1,21,,31271,75,,,1,67,,31277,75,,,1,19,,31278,75,,,1,13,,31288,75,,,1,51,,31276,75,,,1,25,,31275,75,,,1,30,,31285,71,,,1,70,,31284,71,,,1,15,,31287,71,,,1,12,,31279,71,,,1,70,,31280,71,,,1,30,,31281,71,,,1,68,,31282,71,,,1,30,,31283,71,,,1,57,,31286,71,,,1
9600,'2',1023,,31289,71,,,1,101,,31290,71,,,1,99,,31291,71,,,1,96,,31292,71,,,1,99,,31293,71,,,1,99,,31294,71,,,1,99,,31295,71,,,1,99,,31296,71,,,1,94,,31297,71,,,1,97,,31298,71,,,1,47,,31299,71,,,1,83,,31300,71,,,1,97,,31301,71,,,1
9600,'3',1114,,31302,71,,,1,94,,31303,71,,,1,94,,31304,71,,,1,54,,31305,71,,,1,94,,31306,71,,,1,94,,31307,71,,,1,94,,31308,71,,,1,94,,31309,71,,,1,91,,31310,71,,,1,94,,31311,71,,,1,94,,31312,71,,,1,91,,31313,71,,,1
9600,'74',1023,,31314,71,,,1,101,,31315,71,,,1,99,,31316,71,,,1,96,,31317,71,,,1,99,,31318,71,,,1,99,,31319,71,,,1,99,,31320,71,,,1,99,,31321,71,,,1,94,,31322,71,,,1,97,,31323,71,,,1,47,,31324,71,,,1,83,,31325,71,,,1,97,,31326,71,,,1
9600,'80',1114,,31327,71,,,1,94,,31328,71,,,1,94,,31329,71,,,1,54,,31330,71,,,1,94,,31331,71,,,1,94,,31332,71,,,1,94,,31333,71,,,1,94,,31334,71,,,1,91,,31335,71,,,1,94,,31336,71,,,1,94,,31337,71,,,1,91,,31338,71,,,1
9800,'1',620,,31445,27,,,1,35,,31444,27,,,1,73,,31443,27,,,1,75,,31442,27,,,1,35,,31441,27,,,1,75,,31440,27,,,1,98,,31436,27,,,1,98,,31433,27,,,1,95,,31438,27,,,1,98,,31437,27,,,1,40,,31425,27,,,1,78,,31435,27,,,1,80,,31434,27,,,1,40,,31432,27,,,1,80,,31431,27,,,1,80,,31430,27,,,1,45,,31429,27,,,1,80,,31428,27,,,1,94,,31427,27,,,1,91,,31426,27,,,1,49,,31439,27,,,1
9800,'2',619,,31463,27,,,1,86,,31462,27,,,1,44,,31461,27,,,1,94,,31460,27,,,1,93,,31459,27,,,1,90,,31458,27,,,1,94,,31457,27,,,1,98,,31456,27,,,1,98,,31455,27,,,1,96,,31454,27,,,1,98,,31453,27,,,1,98,,31452,27,,,1,100,,31451,27,,,1,102,,31450,27,,,1,49,,31449,27,,,1,93,,31448,27,,,1,89,,31447,27,,,1,85,,31446,27,,,1
9800,'3',804,,31479,27,,,1,48,,31478,27,,,1,88,,31477,27,,,1,91,,31476,27,,,1,93,,31475,27,,,1,90,,31474,27,,,1,93,,31473,27,,,1,93,,31472,27,,,1,53,,31471,27,,,1,93,,31470,27,,,1,93,,31469,27,,,1,97,,31468,27,,,1,88,,31467,27,,,1,91,,31466,27,,,1,87,,31465,27,,,1,48,,31464,27,,,1
9800,'74',619,,31497,27,,,1,86,,31496,27,,,1,44,,31495,27,,,1,94,,31494,27,,,1,93,,31493,27,,,1,90,,31492,27,,,1,94,,31491,27,,,1,98,,31490,27,,,1,98,,31489,27,,,1,96,,31488,27,,,1,98,,31487,27,,,1,98,,31486,27,,,1,100,,31485,27,,,1,102,,31484,27,,,1,49,,31483,27,,,1,93,,31482,27,,,1,89,,31481,27,,,1,85,,31480,27,,,1
9800,'80',804,,31513,27,,,1,48,,31512,27,,,1,88,,31511,27,,,1,91,,31510,27,,,1,93,,31509,27,,,1,90,,31508,27,,,1,93,,31507,27,,,1,93,,31506,27,,,1,53,,31505,27,,,1,93,,31504,27,,,1,93,,31503,27,,,1,97,,31502,27,,,1,88,,31501,27,,,1,91,,31500,27,,,1,87,,31499,27,,,1,48,,31498,27,,,1
60100,'1',418,,34138,14,,,1,11,,34139,14,,,1,11,,34140,14,,,1,11,,34141,14,,,1,51,,34142,14,,,1,11,,34143,14,,,1,8,,34144,14,,,1,10,,34145,14,,,1,11,,34148,14,,,1,10,,34146,14,,,1,51,,34147,14,,,1,10,,34053,19,,,1,11,,34054,19,,,1,12,,34055,19,,,1,14,,34056,19,,,1,51,,34057,19,,,1,11,,34058,19,,,1,11,,34059,19,,,1,11,,34060,19,,,1,11,,34061,19,,,1,56,,34062,19,,,1,11,,34063,19,,,1,11,,34064,19,,,1,13,,34065,19,,,1,11,,34066,19,,,1,55,,34067,19,,,1,11,,34068,19,,,1,8,,34069,19,,,1,11,,34070,19,,,1,11,,34071,19,,,1,11,,34072,19,,,1,48,,34073,19,,,1,11,,34074,19,,,1,11,,34075,19,,,1,11,,34076,19,,,1,11,,34077,19,,,1,54,,34078,19,,,1,16,,34079,19,,,1,20,,34080,19,,,1,16,,34081,19,,,1,56,,34082,19,,,1,16,,34083,19,,,1,16,,34084,19,,,1,16,,34085,19,,,1,56,,34086,19,,,1,16,,34087,19,,,1,16,,34088,19,,,1,56,,34089,19,,,1,21,,34090,19,,,1,16,,34091,19,,,1,16,,34092,19,,,1,54,,34093,19,,,1,12,,34094,19,,,1,12,,34095,19,,,1,12,,34096,19,,,1,12,,34097,19,,,1,52,,34098,19,,,1,12,,34099,19,,,1,12,,34100,19,,,1,12,,34101,19,,,1,12,,34102,19,,,1,52,,34103,19,,,1,12,,34104,19,,,1,12,,34105,19,,,1,12,,34106,19,,,1,12,,34107,19,,,1,52,,34108,19,,,1,12,,34109,19,,,1,12,,34110,19,,,1,12,,34111,19,,,1,12,,34112,19,,,1,52,,34113,19,,,1,12,,34114,19,,,1,12,,34115,19,,,1,9,,34116,19,,,1,12,,34117,19,,,1,52,,34118,19,,,1,5,,34119,19,,,1,12,,34120,19,,,1,12,,34121,19,,,1,12,,34122,19,,,1,62,,34123,19,,,1,18,,34124,19,,,1,18,,34125,19,,,1,16,,34126,19,,,1,58,,34127,19,,,1,18,,34128,19,,,1,19,,34129,19,,,1,59,,34130,19,,,1,16,,34131,19,,,1,14,,34132,19,,,1,59,,34133,19,,,1,19,,34134,19,,,1,19,,34135,19,,,1,19,,34136,19,,,1,59,,34137,19,,,1
60100,'2',546,,34149,19,,,1,57,,34150,19,,,1,17,,34151,19,,,1,17,,34152,19,,,1,17,,34153,19,,,1,61,,34154,19,,,1,19,,34155,19,,,1,17,,34156,19,,,1,58,,34157,19,,,1,16,,34158,19,,,1,17,,34159,19,,,1,16,,34160,19,,,1,56,,34161,19,,,1,16,,34162,19,,,1,18,,34163,19,,,1,56,,34164,19,,,1,18,,34165,19,,,1,16,,34166,19,,,1,16,,34167,19,,,1,56,,34168,19,,,1,16,,34169,19,,,1,18,,34170,19,,,1,56,,34171,19,,,1,16,,34172,19,,,1,20,,34173,19,,,1,16,,34174,19,,,1,55,,34175,19,,,1,15,,34176,19,,,1,15,,34177,19,,,1,15,,34178,19,,,1,55,,34179,19,,,1,15,,34180,19,,,1,15,,34181,19,,,1,15,,34182,19,,,1,55,,34183,19,,,1,15,,34184,19,,,1,15,,34185,19,,,1,15,,34186,19,,,1,53,,34187,19,,,1,15,,34188,19,,,1,15,,34189,19,,,1,15,,34190,19,,,1,55,,34191,19,,,1,15,,34192,19,,,1,15,,34193,19,,,1,15,,34194,19,,,1,55,,34195,19,,,1,15,,34196,19,,,1,15,,34197,19,,,1,12,,34198,19,,,1,55,,34199,19,,,1,15,,34200,19,,,1,15,,34201,19,,,1,15,,34202,19,,,1,55,,34203,19,,,1,15,,34204,19,,,1,15,,34205,19,,,1,10,,34206,19,,,1,58,,34207,19,,,1,18,,34208,19,,,1,18,,34209,19,,,1,15,,34210,19,,,1,58,,34211,19,,,1,18,,34212,19,,,1,18,,34213,19,,,1,56,,34214,19,,,1,16,,34215,19,,,1,11,,34216,19,,,1,16,,34217,19,,,1,56,,34218,19,,,1,16,,34219,19,,,1,16,,34220,19,,,1,16,,34221,19,,,1,56,,34222,19,,,1,16,,34223,19,,,1
60100,'3',618,,34238,19,,,1,20,,34237,19,,,1,20,,34236,19,,,1,60,,34235,19,,,1,20,,34234,19,,,1,64,,34233,19,,,1,20,,34232,19,,,1,20,,34231,19,,,1,63,,34230,19,,,1,20,,34224,19,,,1,20,,34225,19,,,1,60,,34226,19,,,1,24,,34227,19,,,1,20,,34228,19,,,1,62,,34229,19,,,1,27,,34265,19,,,1,21,,34264,19,,,1,62,,34263,19,,,1,21,,34239,19,,,1,65,,34240,19,,,1,21,,34241,19,,,1,21,,34242,19,,,1,61,,34243,19,,,1,21,,34244,19,,,1,21,,34245,19,,,1,61,,34246,19,,,1,22,,34247,19,,,1,21,,34248,19,,,1,61,,34249,19,,,1,18,,34250,19,,,1,21,,34251,19,,,1,61,,34252,19,,,1,21,,34253,19,,,1,21,,34254,19,,,1,61,,34255,19,,,1,19,,34256,19,,,1,61,,34257,19,,,1,21,,34258,19,,,1,20,,34259,19,,,1,61,,34260,19,,,1,21,,34261,19,,,1,21,,34262,19,,,1,56,,34266,19,,,1,29,,34272,19,,,1,20,,34271,19,,,1,60,,34270,19,,,1,20,,34267,19,,,1,20,,34268,19,,,1,56,,34269,19,,,1,30,,34279,19,,,1,16,,34278,19,,,1,60,,34273,19,,,1,20,,34274,19,,,1,20,,34275,19,,,1,60,,34276,19,,,1,20,,34277,19,,,1
60100,'74',546,,34280,19,,,1,57,,34281,19,,,1,17,,34282,19,,,1,17,,34283,19,,,1,17,,34284,19,,,1,61,,34285,19,,,1,19,,34286,19,,,1,17,,34287,19,,,1,58,,34288,19,,,1,16,,34289,19,,,1,17,,34290,19,,,1,16,,34291,19,,,1,56,,34292,19,,,1,16,,34293,19,,,1,18,,34294,19,,,1,56,,34295,19,,,1,18,,34296,19,,,1,16,,34297,19,,,1,16,,34298,19,,,1,56,,34299,19,,,1,16,,34300,19,,,1,18,,34301,19,,,1,56,,34302,19,,,1,16,,34303,19,,,1,20,,34304,19,,,1,16,,34305,19,,,1,55,,34306,19,,,1,15,,34307,19,,,1,15,,34308,19,,,1,15,,34309,19,,,1,55,,34310,19,,,1,15,,34311,19,,,1,15,,34312,19,,,1,15,,34313,19,,,1,55,,34314,19,,,1,15,,34315,19,,,1,15,,34316,19,,,1,15,,34317,19,,,1,53,,34318,19,,,1,15,,34319,19,,,1,15,,34320,19,,,1,15,,34321,19,,,1,55,,34322,19,,,1,15,,34323,19,,,1,15,,34324,19,,,1,15,,34325,19,,,1,55,,34326,19,,,1,15,,34327,19,,,1,15,,34328,19,,,1,12,,34329,19,,,1,55,,34330,19,,,1,15,,34331,19,,,1,15,,34332,19,,,1,15,,34333,19,,,1,55,,34334,19,,,1,15,,34335,19,,,1,15,,34336,19,,,1,10,,34337,19,,,1,58,,34338,19,,,1,18,,34339,19,,,1,18,,34340,19,,,1,15,,34341,19,,,1,58,,34342,19,,,1,18,,34343,19,,,1,18,,34344,19,,,1,56,,34345,19,,,1,16,,34346,19,,,1,11,,34347,19,,,1,16,,34348,19,,,1,56,,34349,19,,,1,16,,34350,19,,,1,16,,34351,19,,,1,16,,34352,19,,,1,56,,34353,19,,,1,16,,34354,19,,,1
60100,'80',618,,34369,19,,,1,20,,34368,19,,,1,20,,34367,19,,,1,60,,34366,19,,,1,20,,34365,19,,,1,64,,34364,19,,,1,20,,34363,19,,,1,20,,34362,19,,,1,63,,34361,19,,,1,20,,34355,19,,,1,20,,34356,19,,,1,60,,34357,19,,,1,24,,34358,19,,,1,20,,34359,19,,,1,62,,34360,19,,,1,27,,34397,19,,,1,21,,34396,19,,,1,62,,34395,19,,,1,21,,34370,19,,,1,65,,34371,19,,,1,21,,34372,19,,,1,21,,34373,19,,,1,61,,34374,19,,,1,21,,34375,19,,,1,21,,34376,19,,,1,61,,34377,19,,,1,22,,34378,19,,,1,21,,34379,19,,,1,61,,34380,19,,,1,18,,34381,19,,,1,21,,34382,19,,,1,61,,34383,19,,,1,21,,34384,19,,,1,21,,34385,19,,,1,61,,34386,19,,,1,19,,34387,19,,,1,61,,34388,19,,,1,21,,34389,19,,,1,20,,34390,19,,,1,61,,34391,19,,,1,21,,34392,19,,,1,21,,34393,19,,,1,56,,34394,19,,,1,29,,34403,19,,,1,20,,34402,19,,,1,60,,34401,19,,,1,20,,34398,19,,,1,20,,34399,19,,,1,56,,34400,19,,,1,30,,34410,19,,,1,16,,34409,19,,,1,60,,34404,19,,,1,20,,34405,19,,,1,20,,34406,19,,,1,60,,34407,19,,,1,20,,34408,19,,,1
989900,'1',2124,,36830,70,,,1,34,,36831,70,,,1,78,,36832,70,,,1,78,,36833,70,,,1,35,,36834,70,,,1,71,,36835,70,,,1,35,,36836,70,,,1,75,,36837,70,,,1,76,,36838,70,0,5 6,1,35,,36839,70,0,5 6,1,79,,36840,70,0,5 6,1
989900,'2',2128,,36841,70,,,1,94,,36842,70,,,1,86,,36843,70,,,1,92,,36844,70,,,1,46,,36845,70,,,1,86,,36846,70,,,1,84,,36847,70,0,5 6,1,86,,36848,70,0,5 6,1,46,,36849,70,0,5 6,1
989900,'3',2144,,36850,70,,,1,90,,36851,70,,,1,85,,36852,70,,,1,90,,36853,70,,,1,40,,36854,70,,,1,83,,36855,70,,,1,79,,36856,70,0,5 6,1,43,,36857,70,0,5 6,1,83,,36858,70,0,5 6,1
989900,'74',2128,,36859,70,,,1,94,,36860,70,,,1,86,,36861,70,,,1,92,,36862,70,,,1,46,,36863,70,,,1,86,,36864,70,,,1,84,,36865,70,0,5 6,1,86,,36866,70,0,5 6,1,46,,36867,70,0,5 6,1
989900,'80',2144,,36868,70,,,1,90,,36869,70,,,1,85,,36870,70,,,1,90,,36871,70,,,1,40,,36872,70,,,1,83,,36873,70,,,1,79,,36874,70,0,5 6,1,43,,36875,70,0,5 6,1,83,,36876,70,0,5 6,1
