9600,'1',610,,31260,10,,,1,42,,31259,10,,,1,71,,31258,10,,,1,77,,31257,10,,,1,27,,31256,10,,,1,80,,31253,10,,,1,34,,31254,10,,,1,70,,31255,10,,,1,32,,31268,10,,,1,70,,31267,10,,,1,39,,31261,10,,,1,79,,31262,10,,,1,79,,31263,10,,,1,41,,31264,10,,,1,65,,31265,10,,,1,86,,31266,10,,,1,43,,31274,10,,,1,67,,31273,10,,,1,28,,31272,10,,,1,67,,31269,10,,,1,27,,31270,10,,,1,24,,31271,10,,,1,67,,31277,10,,,1,25,,31278,10,,,1,54,,31288,10,,,1,14,,31276,10,,,1,25,,31275,10,,,1,74,,31285,10,,,1,30,,31284,10,,,1,55,,31287,10,,,1,15,,31279,10,,,1,30,,31280,10,,,1,70,,31281,10,,,1,30,,31282,10,,,1,70,,31283,10,,,1,17,,31286,10,,,1
9600,'2',935,,31289,10,,,1,99,,31290,10,,,1,99,,31291,10,,,1,99,,31292,10,,,1,99,,31293,10,,,1,99,,31294,10,,,1,99,,31295,10,,,1,99,,31296,10,,,1,96,,31297,10,,,1,97,,31298,10,,,1,87,,31299,10,,,1,47,,31300,10,,,1,97,,31301,10,,,1
9600,'3',1029,,31302,10,,,1,94,,31303,10,,,1,94,,31304,10,,,1,94,,31305,10,,,1,94,,31306,10,,,1,54,,31307,10,,,1,94,,31308,10,,,1,94,,31309,10,,,1,93,,31310,10,,,1,94,,31311,10,,,1,94,,31312,10,,,1,93,,31313,10,,,1
9600,'74',935,,31314,10,,,1,99,,31315,10,,,1,99,,31316,10,,,1,99,,31317,10,,,1,99,,31318,10,,,1,99,,31319,10,,,1,99,,31320,10,,,1,99,,31321,10,,,1,96,,31322,10,,,1,97,,31323,10,,,1,87,,31324,10,,,1,47,,31325,10,,,1,97,,31326,10,,,1
9600,'80',1029,,31327,10,,,1,94,,31328,10,,,1,94,,31329,10,,,1,94,,31330,10,,,1,94,,31331,10,,,1,54,,31332,10,,,1,94,,31333,10,,,1,94,,31334,10,,,1,93,,31335,10,,,1,94,,31336,10,,,1,94,,31337,10,,,1,93,,31338,10,,,1
10700,'1',451,,32223,10,,,1,64,,32222,10,,,1,24,,32221,10,,,1,64,,32220,10,,,1,19,,32219,10,,,1,16,,32218,10,,,1,21,,32217,10,,,1,51,,32216,10,,,1,16,,32215,10,,,1,19,,32214,10,,,1,56,,32213,10,,,1,12,,32212,10,,,1,16,,32211,10,,,1,16,,32210,10,,,1,55,,32209,10,,,1,43,,32208,10,,,1,82,,32207,10,,,1,82,,32206,10,,,1,42,,32205,10,,,1,84,,32204,10,,,1,82,,32203,10,,,1,42,,32202,10,,,1,60,,32201,10,,,1,18,,32200,10,,,1,18,,32251,10,,,1,59,,32250,10,,,1,19,,32249,10,,,1,18,,32248,10,,,1,58,,32247,10,,,1,22,,32246,10,,,1,16,,32245,10,,,1,58,,32244,10,,,1,18,,32243,10,,,1,20,,32242,10,,,1,16,,32241,10,,,1,58,,32240,10,,,1,14,,32239,10,,,1,18,,32238,10,,,1,79,,32237,10,,,1,81,,32236,10,,,1,38,,32235,10,,,1,80,,32234,10,,,1,34,,32233,10,,,1,74,,32232,10,,,1,74,,32231,10,,,1,34,,32230,10,,,1,74,,32229,10,,,1,34,,32228,10,,,1,74,,32227,10,,,1,34,,32226,10,,,1,72,,32225,10,,,1,74,,32224,10,,,1
10700,'2',626,,32254,10,,,1,78,,32253,10,,,1,37,,32252,10,,,1,77,,32255,10,,,1,37,,32256,10,,,1,77,,32257,10,,,1,77,,32258,10,,,1,37,,32259,10,,,1,77,,32260,10,,,1,77,,32261,10,,,1,36,,32262,10,,,1,77,,32263,10,,,1,37,,32264,10,,,1,77,,32265,10,,,1,77,,32266,10,,,1,37,,32267,10,,,1,77,,32268,10,,,1,37,,32269,10,,,1,77,,32270,10,,,1,77,,32271,10,,,1,37,,32272,10,,,1,77,,32273,10,,,1,77,,32274,10,,,1,37,,32275,10,,,1,77,,32276,10,,,1,37,,32277,10,,,1,77,,32278,10,,,1,77,,32279,10,,,1,37,,32280,10,,,1,77,,32281,10,,,1,37,,32282,10,,,1,76,,32283,10,,,1,77,,32285,10,,,1,37,,32284,10,,,1
10700,'3',817,,32299,10,,,1,37,,32300,10,,,1,77,,32301,10,,,1,77,,32302,10,,,1,37,,32303,10,,,1,77,,32304,10,,,1,37,,32305,10,,,1,77,,32306,10,,,1,77,,32307,10,,,1,37,,32308,10,,,1,76,,32309,10,,,1,77,,32310,10,,,1,37,,32314,10,,,1,77,,32313,10,,,1,37,,32315,10,,,1,77,,32316,10,,,1,77,,32317,10,,,1,37,,32318,10,,,1,77,,32286,10,,,1,37,,32287,10,,,1,77,,32288,10,,,1,77,,32311,10,,,1,37,,32289,10,,,1,77,,32290,10,,,1,77,,32291,10,,,1,37,,32292,10,,,1,77,,32293,10,,,1,37,,32294,10,,,1,77,,32295,10,,,1,77,,32312,10,,,1,37,,32296,10,,,1
10700,'74',626,,32321,10,,,1,78,,32320,10,,,1,37,,32319,10,,,1,77,,32322,10,,,1,37,,32323,10,,,1,77,,32324,10,,,1,77,,32325,10,,,1,37,,32326,10,,,1,77,,32327,10,,,1,77,,32328,10,,,1,36,,32329,10,,,1,77,,32330,10,,,1,37,,32331,10,,,1,77,,32332,10,,,1,77,,32333,10,,,1,37,,32334,10,,,1,77,,32335,10,,,1,37,,32336,10,,,1,77,,32337,10,,,1,77,,32338,10,,,1,37,,32339,10,,,1,77,,32340,10,,,1,77,,32341,10,,,1,37,,32342,10,,,1,77,,32343,10,,,1,37,,32344,10,,,1,77,,32345,10,,,1,77,,32346,10,,,1,37,,32347,10,,,1,77,,32348,10,,,1,37,,32349,10,,,1,76,,32350,10,,,1,77,,32352,10,,,1,37,,32351,10,,,1
10700,'80',817,,32366,10,,,1,37,,32367,10,,,1,77,,32368,10,,,1,77,,32369,10,,,1,37,,32370,10,,,1,77,,32371,10,,,1,37,,32372,10,,,1,77,,32373,10,,,1,77,,32374,10,,,1,37,,32375,10,,,1,76,,32376,10,,,1,77,,32377,10,,,1,37,,32381,10,,,1,77,,32380,10,,,1,37,,32382,10,,,1,77,,32383,10,,,1,77,,32384,10,,,1,37,,32385,10,,,1,77,,32353,10,,,1,37,,32354,10,,,1,77,,32355,10,,,1,77,,32378,10,,,1,37,,32356,10,,,1,77,,32357,10,,,1,77,,32358,10,,,1,37,,32359,10,,,1,77,,32360,10,,,1,37,,32361,10,,,1,77,,32362,10,,,1,77,,32379,10,,,1,37,,32363,10,,,1
1070200,'1',513,,36926,10,,,1,12,,36925,10,,,1,12,,36924,10,,,1,12,,36923,10,,,1,52,,36922,10,,,1,12,,36921,10,,,1,12,,36920,10,,,1,16,,36919,10,,,1,8,,36918,10,,,1,53,,36917,10,,,1,14,,36916,10,,,1,12,,36915,10,,,1,12,,36914,10,,,1,12,,36913,10,,,1,52,,36912,10,,,1,10,,36911,10,,,1,12,,36910,10,,,1,12,,36909,10,,,1,67,,36938,10,,,1,25,,36937,10,,,1,26,,36936,10,,,1,65,,36935,10,,,1,26,,36934,10,,,1,66,,36933,10,,,1,26,,36932,10,,,1,66,,36931,10,,,1,30,,36930,10,,,1,22,,36929,10,,,1,66,,36928,10,,,1,26,,36927,10,,,1,70,,36939,10,,,1,16,,36940,10,,,1,16,,36941,10,,,1,56,,36942,10,,,1,16,,36943,10,,,1,16,,36944,10,,,1,16,,36945,10,,,1,56,,36946,10,,,1,20,,36947,10,,,1,19,,36948,10,,,1,59,,36949,10,,,1,19,,36950,10,,,1,19,,36951,10,,,1,59,,36952,10,,,1,27,,36953,10,,,1,22,,36954,10,,,1
