600,'1',443,,24934,26,,,1,70,,24935,26,,,1,22,,24936,26,,,1,22,,24937,26,,,1,62,,24938,26,,,1,24,,24939,26,,,1,62,,24940,26,,,1,34,,24941,26,,,1,63,,24942,26,,,1,31,,24943,26,,,1,24,,24944,26,,,1,67,,24945,26,,,1,24,,24946,26,,,1,76,,24947,26,,,1,76,,24948,26,,,1,36,,24949,26,,,1,76,,24950,26,,,1,36,,24951,26,,,1,76,,24952,26,,,1,76,,24953,26,,,1,27,,24954,26,,,1,31,,24955,26,,,1,68,,24956,26,,,1,28,,24957,26,,,1,67,,24958,26,,,1,27,,24959,26,,,1,67,,24960,26,,,1,27,,24961,26,,,1,67,,24962,26,,,1,23,,24963,26,,,1,27,,24964,26,,,1,67,,24965,26,,,1,24,,24966,26,,,1,74,,24967,26,,,1,32,,24968,26,,,1,74,,24969,26,,,1,74,,24970,26,,,1,103,,24971,26,,,1,103,,24972,26,,,1,103,,24973,26,,,1
600,'2',606,,24974,26,,,1,31,,24975,26,,,1,66,,24976,26,,,1,37,,24977,26,,,1,73,,24978,26,,,1,40,,24979,26,,,1,75,,24980,26,,,1,29,,24981,26,,,1,72,,24982,26,,,1,72,,24983,26,,,1,32,,24984,26,,,1,72,,24985,26,,,1,32,,24986,26,,,1,72,,24987,26,,,1,32,,24988,26,,,1,72,,24989,26,,,1,42,,24990,26,,,1,77,,24991,26,,,1,77,,24992,26,,,1,38,,24993,26,,,1,76,,24994,26,,,1,78,,24995,26,,,1,32,,24996,26,,,1,75,,24997,26,,,1,28,,24998,26,,,1,73,,24999,26,,,1,97,,25000,26,,,1,95,,25001,26,,,1,55,,25002,26,,,1,95,,25003,26,,,1
600,'3',621,,25004,26,,,1,28,,25005,26,,,1,69,,25006,26,,,1,41,,25007,26,,,1,69,,25008,26,,,1,80,,25009,26,,,1,32,,25010,26,,,1,72,,25011,26,,,1,32,,25012,26,,,1,72,,25013,26,,,1,32,,25014,26,,,1,72,,25015,26,,,1,32,,25016,26,,,1,72,,25017,26,,,1,32,,25018,26,,,1,77,,25019,26,,,1,79,,25020,26,,,1,36,,25021,26,,,1,77,,25022,26,,,1,77,,25023,26,,,1,37,,25024,26,,,1,77,,25025,26,,,1,30,,25026,26,,,1,77,,25027,26,,,1,28,,25028,26,,,1,100,,25029,26,,,1,95,,25030,26,,,1,98,,25031,26,,,1,98,,25032,26,,,1
600,'74',606,,25033,26,,,1,31,,25034,26,,,1,66,,25035,26,,,1,37,,25036,26,,,1,73,,25037,26,,,1,40,,25038,26,,,1,75,,25039,26,,,1,29,,25040,26,,,1,72,,25041,26,,,1,72,,25042,26,,,1,32,,25043,26,,,1,72,,25044,26,,,1,32,,25045,26,,,1,72,,25046,26,,,1,32,,25047,26,,,1,72,,25048,26,,,1,42,,25049,26,,,1,77,,25050,26,,,1,77,,25051,26,,,1,38,,25052,26,,,1,76,,25053,26,,,1,78,,25054,26,,,1,32,,25055,26,,,1,75,,25056,26,,,1,28,,25057,26,,,1,73,,25058,26,,,1,97,,25059,26,,,1,95,,25060,26,,,1,55,,25061,26,,,1,95,,25062,26,,,1
600,'80',621,,25063,26,,,1,28,,25064,26,,,1,69,,25065,26,,,1,41,,25066,26,,,1,69,,25067,26,,,1,80,,25068,26,,,1,32,,25069,26,,,1,72,,25070,26,,,1,32,,25071,26,,,1,72,,25072,26,,,1,32,,25073,26,,,1,72,,25074,26,,,1,32,,25075,26,,,1,72,,25076,26,,,1,32,,25077,26,,,1,77,,25078,26,,,1,79,,25079,26,,,1,36,,25080,26,,,1,77,,25081,26,,,1,77,,25082,26,,,1,37,,25083,26,,,1,77,,25084,26,,,1,30,,25085,26,,,1,77,,25086,26,,,1,28,,25087,26,,,1,100,,25088,26,,,1,95,,25089,26,,,1,98,,25090,26,,,1,98,,25091,26,,,1
16500,'1',620,,32573,32,,,1,18,,32574,32,,,1,15,,32575,32,,,1,55,,32576,32,,,1,15,,32577,32,,,1,14,,32578,32,,,1,14,,32579,32,,,1,54,,32580,32,,,1,14,,32581,32,,,1,14,,32582,32,,,1,14,,32583,32,,,1,54,,32584,32,,,1,14,,32585,32,,,1,14,,32586,32,,,1,14,,32587,32,,,1,13,,32588,32,,,1,54,,32589,32,,,1,14,,32590,32,,,1,32,,32591,32,,,1,72,,32592,32,,,1,72,,32593,32,,,1,32,,32594,32,,,1,78,,32595,32,,,1,32,,32596,32,,,1,72,,32597,32,,,1,16,,32625,32,,,1,19,,32626,32,,,1,54,,32627,32,,,1,14,,32628,32,,,1,14,,32629,32,,,1,14,,32630,32,,,1,14,,32631,32,,,1,57,,32598,32,,,1,16,,32599,32,,,1,19,,32600,32,,,1,56,,32601,32,,,1,16,,32602,32,,,1,16,,32603,32,,,1,14,,32604,32,,,1,54,,32605,32,,,1,16,,32606,32,,,1,15,,32607,32,,,1,10,,32608,32,,,1,53,,32609,32,,,1,9,,32610,32,,,1,11,,32611,32,,,1,13,,32612,32,,,1,13,,32613,32,,,1,53,,32614,32,,,1,13,,32615,32,,,1,13,,32616,32,,,1,26,,32617,32,,,1,68,,32618,32,,,1,27,,32619,32,,,1,65,,32620,32,,,1,39,,32621,32,,,1,79,,32622,32,,,1,75,,32623,32,,,1,39,,32624,32,,,1
16500,'2',631,,32632,32,,,1,78,,32633,32,,,1,43,,32634,32,,,1,76,,32635,32,,,1,25,,32646,32,,,1,65,,32647,32,,,1,25,,32648,32,,,1,65,,32649,32,,,1,25,,32650,32,,,1,25,,32651,32,,,1,65,,32652,32,,,1,31,,32653,32,,,1,68,,32654,32,,,1,28,,32655,32,,,1,74,,32656,32,,,1,31,,32657,32,,,1,71,,32658,32,,,1,31,,32659,32,,,1,74,,32660,32,,,1,71,,32661,32,,,1,31,,32662,32,,,1,71,,32663,32,,,1,27,,32664,32,,,1,71,,32665,32,,,1,45,,32666,32,,,1,81,,32636,32,,,1,78,,32637,32,,,1,38,,32638,32,,,1,77,,32639,32,,,1,38,,32640,32,,,1,78,,32641,32,,,1,78,,32642,32,,,1,33,,32643,32,,,1,74,,32644,32,,,1,33,,32645,32,,,1
16500,'3',812,,32667,32,,,1,37,,32668,32,,,1,80,,32669,32,,,1,77,,32670,32,,,1,37,,32671,32,,,1,77,,32672,32,,,1,37,,32673,32,,,1,77,,32674,32,,,1,78,,32675,32,,,1,37,,32676,32,,,1,77,,32677,32,,,1,77,,32678,32,,,1,45,,32679,32,,,1,81,,32680,32,,,1,79,,32681,32,,,1,41,,32682,32,,,1,81,,32683,32,,,1,79,,32684,32,,,1,41,,32685,32,,,1,81,,32686,32,,,1,79,,32687,32,,,1,33,,32688,32,,,1,74,,32689,32,,,1,34,,32690,32,,,1,72,,32691,32,,,1,34,,32692,32,,,1,74,,32693,32,,,1
16500,'74',631,,32694,32,,,1,78,,32695,32,,,1,43,,32696,32,,,1,76,,32697,32,,,1,25,,32708,32,,,1,65,,32709,32,,,1,25,,32710,32,,,1,65,,32711,32,,,1,25,,32712,32,,,1,25,,32713,32,,,1,65,,32714,32,,,1,31,,32715,32,,,1,68,,32716,32,,,1,28,,32717,32,,,1,74,,32718,32,,,1,31,,32719,32,,,1,71,,32720,32,,,1,31,,32721,32,,,1,74,,32722,32,,,1,71,,32723,32,,,1,31,,32724,32,,,1,71,,32725,32,,,1,27,,32726,32,,,1,71,,32727,32,,,1,45,,32728,32,,,1,81,,32698,32,,,1,78,,32699,32,,,1,38,,32700,32,,,1,77,,32701,32,,,1,38,,32702,32,,,1,78,,32703,32,,,1,78,,32704,32,,,1,33,,32705,32,,,1,74,,32706,32,,,1,33,,32707,32,,,1
16500,'80',812,,32729,32,,,1,37,,32730,32,,,1,80,,32731,32,,,1,77,,32732,32,,,1,37,,32733,32,,,1,77,,32734,32,,,1,37,,32735,32,,,1,77,,32736,32,,,1,78,,32737,32,,,1,37,,32738,32,,,1,77,,32739,32,,,1,77,,32740,32,,,1,45,,32741,32,,,1,81,,32742,32,,,1,79,,32743,32,,,1,41,,32744,32,,,1,81,,32745,32,,,1,79,,32746,32,,,1,41,,32747,32,,,1,81,,32748,32,,,1,79,,32749,32,,,1,33,,32750,32,,,1,74,,32751,32,,,1,34,,32752,32,,,1,72,,32753,32,,,1,34,,32754,32,,,1,74,,32755,32,,,1
