200,'1',538,,23881,2,0,12 13,1,21,,23880,2,0,12 13,1,61,,23879,2,0,12 13,1,21,,23878,2,0,12 13,1,61,,23871,2,0,12 13,1,21,,23872,2,0,12 13,1,22,,23873,2,0,12 13,1,61,,23874,2,0,12 13,1,21,,23875,2,0,12 13,1,20,,23876,2,0,12 13,1,61,,23877,2,0,12 13,1,21,,23882,2,0,12 13,1,77,,23890,2,0,12 13,1,35,,23883,2,0,12 13,1,76,,23884,2,0,12 13,1,35,,23885,2,0,12 13,1,75,,23886,2,0,12 13,1,75,,23887,2,0,12 13,1,35,,23888,2,0,12 13,1,72,,23889,2,0,12 13,1,34,,23903,2,0,12 13,1,63,,23902,2,0,12 13,1,23,,23901,2,0,12 13,1,23,,23891,2,0,12 13,1,63,,23892,2,0,12 13,1,23,,23893,2,0,12 13,1,18,,23894,2,0,12 13,1,68,,23895,2,0,12 13,1,23,,23896,2,0,12 13,1,62,,23897,2,0,12 13,1,23,,23898,2,0,12 13,1,24,,23899,2,0,12 13,1,63,,23900,2,0,12 13,1,90,,23909,2,0,12 13,1,39,,23904,2,0,12 13,1,80,,23905,2,0,12 13,1,80,,23906,2,0,12 13,1,40,,23907,2,0,12 13,1,80,,23908,2,0,12 13,1
200,'2',757,,23938,2,,,1,80,,23937,2,,,1,80,,23913,2,,,1,40,,23914,2,,,1,80,,23915,2,,,1,80,,23916,2,,,1,40,,23917,2,,,1,80,,23918,2,,,1,80,,23919,2,,,1,40,,23920,2,,,1,80,,23921,2,,,1,80,,23922,2,,,1,40,,23923,2,,,1,80,,23924,2,,,1,80,,23925,2,,,1,40,,23926,2,,,1,80,,23927,2,,,1,80,,23928,2,,,1,40,,23929,2,,,1,80,,23930,2,,,1,80,,23931,2,,,1,32,,23936,2,,,1,73,,23935,2,,,1,33,,23932,2,,,1,73,,23933,2,,,1,73,,23934,2,,,1
200,'3',845,,23939,2,,,1,157,,23940,2,,,1,117,,23941,2,,,1,117,,23942,2,,,1,117,,23943,2,,,1,157,,23944,2,,,1,117,,23945,2,,,1,117,,23946,2,,,1,157,,23947,2,,,1,117,,23948,2,,,1,108,,23949,2,,,1,108,,23950,2,,,1,108,,23951,2,,,1
200,'74',757,,23977,2,,,1,80,,23976,2,,,1,80,,23952,2,,,1,40,,23953,2,,,1,80,,23954,2,,,1,80,,23955,2,,,1,40,,23956,2,,,1,80,,23957,2,,,1,80,,23958,2,,,1,40,,23959,2,,,1,80,,23960,2,,,1,80,,23961,2,,,1,40,,23962,2,,,1,80,,23963,2,,,1,80,,23964,2,,,1,40,,23965,2,,,1,80,,23966,2,,,1,80,,23967,2,,,1,40,,23968,2,,,1,80,,23969,2,,,1,80,,23970,2,,,1,32,,23975,2,,,1,73,,23974,2,,,1,33,,23971,2,,,1,73,,23972,2,,,1,73,,23973,2,,,1
200,'80',845,,23978,2,,,1,157,,23979,2,,,1,117,,23980,2,,,1,117,,23981,2,,,1,117,,23982,2,,,1,157,,23983,2,,,1,117,,23984,2,,,1,117,,23985,2,,,1,157,,23986,2,,,1,117,,23987,2,,,1,108,,23988,2,,,1,108,,23989,2,,,1,108,,23990,2,,,1
501,'1',548,,24862,2,,,1,62,,24861,2,,,1,22,,24860,2,,,1,22,,24859,2,,,1,62,,24858,2,,,1,22,,24857,2,,,1,62,,24856,2,,,1,22,,24855,2,,,1,22,,24854,2,,,1,62,,24853,2,,,1,41,,24842,2,,,1,72,,24852,2,,,1,32,,24851,2,,,1,72,,24850,2,,,1,32,,24849,2,,,1,72,,24848,2,,,1,32,,24847,2,,,1,72,,24846,2,,,1,72,,24845,2,,,1,37,,24844,2,,,1,67,,24843,2,,,1,27,,24841,2,,,1,22,,24840,2,,,1,63,,24839,2,,,1,23,,24838,2,,,1,62,,24864,2,,,1,23,,24877,2,,,1,23,,24876,2,,,1,63,,24875,2,,,1,27,,24874,2,,,1,63,,24873,2,,,1,23,,24872,2,,,1,23,,24871,2,,,1,59,,24870,2,,,1,28,,24869,2,,,1,68,,24868,2,,,1,28,,24867,2,,,1,26,,24866,2,,,1,70,,24865,2,,,1,21,,24863,2,,,1
501,'2',650,,24894,2,,,1,68,,24895,2,,,1,28,,24896,2,,,1,68,,24897,2,,,1,28,,24898,2,,,1,68,,24904,2,,,1,28,,24899,2,,,1,68,,24900,2,,,1,28,,24901,2,,,1,68,,24902,2,,,1,28,,24903,2,,,1,28,,24878,2,,,1,68,,24879,2,,,1,28,,24880,2,,,1,69,,24881,2,,,1,29,,24882,2,,,1,69,,24883,2,,,1,29,,24884,2,,,1,69,,24885,2,,,1,29,,24886,2,,,1,69,,24887,2,,,1,29,,24888,2,,,1,69,,24889,2,,,1,29,,24905,2,,,1,67,,24890,2,,,1,27,,24891,2,,,1,67,,24892,2,,,1,27,,24893,2,,,1
501,'74',650,,24910,2,,,1,68,,24911,2,,,1,28,,24912,2,,,1,68,,24913,2,,,1,28,,24914,2,,,1,68,,24920,2,,,1,28,,24915,2,,,1,68,,24916,2,,,1,28,,24917,2,,,1,68,,24918,2,,,1,28,,24919,2,,,1,28,,24906,2,,,1,68,,24907,2,,,1,28,,24908,2,,,1,69,,24909,2,,,1,29,,24921,2,,,1,69,,24922,2,,,1,29,,24923,2,,,1,69,,24924,2,,,1,29,,24925,2,,,1,69,,24926,2,,,1,29,,24927,2,,,1,69,,24928,2,,,1,29,,24933,2,,,1,67,,24929,2,,,1,27,,24930,2,,,1,67,,24931,2,,,1,27,,24932,2,,,1
2300,'1',627,,27566,2,,,1,106,,27565,2,,,1,106,,27564,2,,,1,762,,27563,2,,,1,50,,27562,2,,,1,90,,27561,2,,,1,90,,27569,2,,,1,90,,27568,2,,,1
7701,'1',430,,29118,2,,,1,17,,29119,2,,,1,53,,29120,2,,,1,15,,29121,2,,,1,15,,29122,2,,,1,15,,29123,2,,,1,55,,29124,2,,,1,16,,29125,2,,,1,16,,29126,2,,,1,16,,29127,2,,,1,57,,29128,2,,,1,16,,29129,2,,,1,16,,29130,2,,,1,16,,29131,2,,,1,56,,29132,2,,,1,16,,29133,2,,,1,16,,29134,2,,,1,16,,29135,2,,,1,56,,29136,2,,,1,16,,29137,2,,,1,16,,29138,2,,,1,56,,29139,2,,,1,30,,29140,2,,,1,70,,29141,2,,,1,30,,29142,2,,,1,70,,29143,2,,,1,30,,29144,2,,,1,70,,29145,2,,,1,30,,29146,2,,,1,70,,29147,2,,,1,19,,29148,2,,,1,19,,29149,2,,,1,19,,29150,2,,,1,59,,29151,2,,,1,19,,29152,2,,,1,19,,29153,2,,,1,59,,29154,2,,,1,19,,29155,2,,,1,19,,29156,2,,,1,59,,29157,2,,,1,19,,29158,2,,,1,19,,29159,2,,,1,59,,29160,2,,,1,19,,29161,2,,,1,19,,29162,2,,,1,59,,29163,2,,,1,19,,29164,2,,,1,19,,29165,2,,,1,67,,29166,2,,,1,27,,29167,2,,,1,67,,29168,2,,,1,27,,29169,2,,,1,27,,29170,2,,,1,73,,29171,2,,,1,72,,29172,2,,,1,33,,29173,2,,,1,73,,29174,2,,,1,33,,29175,2,,,1,73,,29176,2,,,1,33,,29177,2,,,1,75,,29178,2,,,1
7701,'2',511,,29187,2,,,1,35,,29188,2,,,1,75,,29189,2,,,1,35,,29190,2,,,1,75,,29191,2,,,1,75,,29192,2,,,1,35,,29193,2,,,1,75,,29194,2,,,1,86,,29195,2,,,1,42,,29196,2,,,1,81,,29197,2,,,1,81,,29198,2,,,1,41,,29199,2,,,1,81,,29200,2,,,1,81,,29201,2,,,1,42,,29220,2,,,1,73,,29202,2,,,1,33,,29203,2,,,1,73,,29204,2,,,1,73,,29205,2,,,1,33,,29206,2,,,1,73,,29207,2,,,1,30,,29208,2,,,1,70,,29209,2,,,1,30,,29210,2,,,1,70,,29211,2,,,1,30,,29212,2,,,1,70,,29213,2,,,1,30,,29214,2,,,1,70,,29215,2,,,1,30,,29216,2,,,1,69,,29217,2,,,1,30,,29218,2,,,1,76,,29219,2,,,1,36,,29221,2,,,1,70,,29222,2,,,1,33,,29223,2,,,1,73,,29224,2,,,1
7701,'3',911,,29225,2,,,1,92,,29226,2,,,1,52,,29227,2,,,1,92,,29228,2,,,1,92,,29229,2,,,1,92,,29230,2,,,1,92,,29231,2,,,1,92,,29232,2,,,1,92,,29233,2,,,1,52,,29234,2,,,1,92,,29235,2,,,1,92,,29236,2,,,1,92,,29237,2,,,1,86,,29238,2,,,1,89,,29243,2,,,1,44,,29239,2,,,1,88,,29240,2,,,1,88,,29241,2,,,1,83,,29242,2,,,1,87,,29246,2,,,1,40,,29244,2,,,1,80,,29245,2,,,1
7701,'74',511,,29253,2,,,1,35,,29254,2,,,1,75,,29255,2,,,1,35,,29256,2,,,1,75,,29257,2,,,1,75,,29258,2,,,1,35,,29259,2,,,1,75,,29260,2,,,1,86,,29261,2,,,1,42,,29262,2,,,1,81,,29263,2,,,1,81,,29264,2,,,1,41,,29265,2,,,1,81,,29266,2,,,1,81,,29267,2,,,1,42,,29286,2,,,1,73,,29268,2,,,1,33,,29269,2,,,1,73,,29270,2,,,1,73,,29271,2,,,1,33,,29272,2,,,1,73,,29273,2,,,1,30,,29274,2,,,1,70,,29275,2,,,1,30,,29276,2,,,1,70,,29277,2,,,1,30,,29278,2,,,1,70,,29279,2,,,1,30,,29280,2,,,1,70,,29281,2,,,1,30,,29282,2,,,1,69,,29283,2,,,1,30,,29284,2,,,1,76,,29285,2,,,1,36,,29287,2,,,1,70,,29288,2,,,1,33,,29289,2,,,1,73,,29290,2,,,1
7701,'80',911,,29291,2,,,1,92,,29292,2,,,1,52,,29293,2,,,1,92,,29294,2,,,1,92,,29295,2,,,1,92,,29296,2,,,1,92,,29297,2,,,1,92,,29298,2,,,1,92,,29299,2,,,1,52,,29300,2,,,1,92,,29301,2,,,1,92,,29302,2,,,1,92,,29303,2,,,1,86,,29304,2,,,1,89,,29309,2,,,1,44,,29305,2,,,1,88,,29306,2,,,1,88,,29307,2,,,1,83,,29308,2,,,1,87,,29312,2,,,1,40,,29310,2,,,1,80,,29311,2,,,1
8800,'1',545,,30108,2,,,1,55,,30109,2,,,1,15,,30110,2,,,1,15,,30111,2,,,1,15,,30112,2,,,1,55,,30113,2,,,1,10,,30114,2,,,1,18,,30115,2,,,1,7,,30167,2,,,1,7,,30116,2,,,1,14,,30117,2,,,1,54,,30118,2,,,1,14,,30119,2,,,1,14,,30120,2,,,1,14,,30121,2,,,1,54,,30122,2,,,1,14,,30123,2,,,1,14,,30124,2,,,1,14,,30125,2,,,1,54,,30126,2,,,1,14,,30127,2,,,1,14,,30128,2,,,1,70,,30129,2,,,1,30,,30130,2,,,1,70,,30131,2,,,1,30,,30132,2,,,1,70,,30133,2,,,1,41,,30134,2,,,1,10,,30135,2,,,1,70,,30136,2,,,1,15,,30137,2,,,1,15,,30138,2,,,1,55,,30139,2,,,1,15,,30140,2,,,1,15,,30141,2,,,1,15,,30142,2,,,1,57,,30143,2,,,1,13,,30144,2,,,1,15,,30145,2,,,1,15,,30146,2,,,1,55,,30147,2,,,1,15,,30148,2,,,1,15,,30149,2,,,1,15,,30150,2,,,1,55,,30151,2,,,1,14,,30152,2,,,1,13,,30153,2,,,1,14,,30154,2,,,1,54,,30155,2,,,1,14,,30156,2,,,1,14,,30157,2,,,1,14,,30158,2,,,1,14,,30159,2,,,1,81,,30160,2,,,1,81,,30161,2,,,1,81,,30162,2,,,1,41,,30163,2,,,1,73,,30168,2,,,1
8800,'2',645,,30169,2,,,1,69,,30170,2,,,1,35,,30176,2,,,1,74,,30175,2,,,1,34,,30171,2,,,1,72,,30172,2,,,1,76,,30173,2,,,1,34,,30174,2,,,1,79,,30192,2,,,1,29,,30177,2,,,1,69,,30178,2,,,1,29,,30179,2,,,1,69,,30180,2,,,1,29,,30181,2,,,1,69,,30182,2,,,1,29,,30183,2,,,1,69,,30184,2,,,1,29,,30185,2,,,1,69,,30186,2,,,1,29,,30187,2,,,1,69,,30188,2,,,1,29,,30189,2,,,1,69,,30190,2,,,1,29,,30191,2,,,1,25,,30202,2,,,1,66,,30201,2,,,1,28,,30200,2,,,1,64,,30193,2,,,1,27,,30194,2,,,1,65,,30195,2,,,1,26,,30196,2,,,1,66,,30197,2,,,1,26,,30198,2,,,1,26,,30199,2,,,1
8800,'3',814,,30209,2,,,1,31,,30207,2,,,1,71,,30208,2,,,1,37,,30214,2,,,1,75,,30213,2,,,1,75,,30210,2,,,1,35,,30211,2,,,1,75,,30212,2,,,1,35,,30228,2,,,1,69,,30218,2,,,1,29,,30219,2,,,1,69,,30220,2,,,1,29,,30221,2,,,1,69,,30222,2,,,1,29,,30223,2,,,1,69,,30224,2,,,1,29,,30225,2,,,1,69,,30226,2,,,1,27,,30227,2,,,1,69,,30237,2,,,1,26,,30236,2,,,1,23,,30235,2,,,1,65,,30229,2,,,1,25,,30230,2,,,1,65,,30231,2,,,1,25,,30232,2,,,1,25,,30233,2,,,1,65,,30234,2,,,1
8800,'74',645,,30238,2,,,1,69,,30239,2,,,1,35,,30245,2,,,1,74,,30244,2,,,1,34,,30240,2,,,1,72,,30241,2,,,1,76,,30242,2,,,1,34,,30243,2,,,1,79,,30261,2,,,1,29,,30246,2,,,1,69,,30247,2,,,1,29,,30248,2,,,1,69,,30249,2,,,1,29,,30250,2,,,1,69,,30251,2,,,1,29,,30252,2,,,1,69,,30253,2,,,1,29,,30254,2,,,1,69,,30255,2,,,1,29,,30256,2,,,1,69,,30257,2,,,1,29,,30258,2,,,1,69,,30259,2,,,1,29,,30260,2,,,1,25,,30271,2,,,1,66,,30270,2,,,1,28,,30269,2,,,1,64,,30262,2,,,1,27,,30263,2,,,1,65,,30264,2,,,1,26,,30265,2,,,1,66,,30266,2,,,1,26,,30267,2,,,1,26,,30268,2,,,1
8800,'80',814,,30278,2,,,1,31,,30276,2,,,1,71,,30277,2,,,1,37,,30283,2,,,1,75,,30282,2,,,1,75,,30279,2,,,1,35,,30280,2,,,1,75,,30281,2,,,1,35,,30294,2,,,1,69,,30284,2,,,1,29,,30285,2,,,1,69,,30286,2,,,1,29,,30287,2,,,1,69,,30288,2,,,1,29,,30289,2,,,1,69,,30290,2,,,1,29,,30291,2,,,1,69,,30292,2,,,1,27,,30293,2,,,1,69,,30303,2,,,1,26,,30302,2,,,1,23,,30301,2,,,1,65,,30295,2,,,1,25,,30296,2,,,1,65,,30297,2,,,1,25,,30298,2,,,1,25,,30299,2,,,1,65,,30300,2,,,1
9100,'1',546,,30826,2,,,1,11,,30827,2,,,1,51,,30828,2,,,1,11,,30829,2,,,1,11,,30837,2,,,1,11,,30838,2,,,1,11,,30839,2,,,1,52,,30840,2,,,1,12,,30841,2,,,1,12,,30842,2,,,1,12,,30843,2,,,1,12,,30844,2,,,1,52,,30845,2,,,1,12,,30846,2,,,1,12,,30847,2,,,1,12,,30848,2,,,1,12,,30849,2,,,1,52,,30850,2,,,1,12,,30851,2,,,1,12,,30852,2,,,1,12,,30853,2,,,1,12,,30854,2,,,1,65,,30855,2,,,1,25,,30856,2,,,1,65,,30857,2,,,1,25,,30858,2,,,1,25,,30859,2,,,1,65,,30860,2,,,1,25,,30861,2,,,1,65,,30862,2,,,1,13,,30863,2,,,1,13,,30864,2,,,1,13,,30865,2,,,1,53,,30866,2,,,1,13,,30867,2,,,1,13,,30868,2,,,1,13,,30869,2,,,1,13,,30870,2,,,1,53,,30871,2,,,1,13,,30872,2,,,1,13,,30873,2,,,1,13,,30874,2,,,1,53,,30875,2,,,1,14,,30876,2,,,1,14,,30877,2,,,1,14,,30878,2,,,1,14,,30879,2,,,1,54,,30880,2,,,1,14,,30881,2,,,1,14,,30882,2,,,1,14,,30883,2,,,1,54,,30884,2,,,1,14,,30885,2,,,1,14,,30886,2,,,1,14,,30887,2,,,1,54,,30888,2,,,1,23,,30889,2,,,1,23,,30890,2,,,1,63,,30891,2,,,1,23,,30892,2,,,1,23,,30893,2,,,1,63,,30894,2,,,1,23,,30895,2,,,1,63,,30896,2,,,1,23,,30897,2,,,1,23,,30898,2,,,1,63,,30899,2,,,1,23,,30900,2,,,1,63,,30901,2,,,1,23,,30902,2,,,1,23,,30903,2,,,1
9100,'2',646,,30906,2,,,1,62,,30907,2,,,1,22,,30908,2,,,1,22,,30909,2,,,1,62,,30910,2,,,1,22,,30911,2,,,1,22,,30912,2,,,1,62,,30913,2,,,1,22,,30914,2,,,1,65,,30915,2,,,1,25,,30916,2,,,1,25,,30917,2,,,1,65,,30918,2,,,1,25,,30919,2,,,1,65,,30920,2,,,1,25,,30921,2,,,1,65,,30922,2,,,1,25,,30923,2,,,1,25,,30924,2,,,1,65,,30925,2,,,1,25,,30926,2,,,1,65,,30927,2,,,1,25,,30928,2,,,1,25,,30929,2,,,1,65,,30930,2,,,1,25,,30931,2,,,1,65,,30932,2,,,1,25,,30933,2,,,1,65,,30934,2,,,1,25,,30935,2,,,1,25,,30936,2,,,1,65,,30937,2,,,1,25,,30938,2,,,1,69,,30939,2,,,1,29,,30940,2,,,1,69,,30941,2,,,1,29,,30942,2,,,1,69,,30943,2,,,1,29,,30944,2,,,1,69,,30945,2,,,1
9100,'3',649,,30946,2,,,1,156,,30947,2,,,1,46,,30948,2,,,1,77,,30949,2,,,1,27,,30950,2,,,1,72,,30951,2,,,1,32,,30952,2,,,1,72,,30953,2,,,1,72,,30954,2,,,1,32,,30955,2,,,1,72,,30956,2,,,1,32,,30957,2,,,1,72,,30958,2,,,1,32,,30959,2,,,1,72,,30960,2,,,1,32,,30961,2,,,1,72,,30962,2,,,1,32,,30963,2,,,1,72,,30964,2,,,1,32,,30965,2,,,1,72,,30966,2,,,1,32,,30967,2,,,1,82,,30968,2,,,1,82,,30969,2,,,1,82,,30970,2,,,1,42,,30971,2,,,1,82,,30972,2,,,1,78,,30973,2,,,1,34,,30974,2,,,1,76,,30975,2,,,1
9100,'74',646,,30976,2,,,1,62,,30977,2,,,1,22,,30978,2,,,1,22,,30979,2,,,1,62,,30980,2,,,1,22,,30981,2,,,1,22,,30982,2,,,1,62,,30983,2,,,1,22,,30984,2,,,1,65,,30985,2,,,1,25,,30986,2,,,1,25,,30987,2,,,1,65,,30988,2,,,1,25,,30989,2,,,1,65,,30990,2,,,1,25,,30991,2,,,1,65,,30992,2,,,1,25,,30993,2,,,1,25,,30994,2,,,1,65,,30995,2,,,1,25,,30996,2,,,1,65,,30997,2,,,1,25,,30998,2,,,1,25,,30999,2,,,1,65,,31000,2,,,1,25,,31001,2,,,1,65,,31002,2,,,1,25,,31003,2,,,1,65,,31004,2,,,1,25,,31005,2,,,1,25,,31006,2,,,1,65,,31007,2,,,1,25,,31008,2,,,1,69,,31009,2,,,1,29,,31010,2,,,1,69,,31011,2,,,1,29,,31012,2,,,1,69,,31013,2,,,1,29,,31014,2,,,1,69,,31015,2,,,1
9100,'80',649,,31016,2,,,1,156,,31017,2,,,1,46,,31018,2,,,1,77,,31019,2,,,1,27,,31020,2,,,1,72,,31021,2,,,1,32,,31022,2,,,1,72,,31023,2,,,1,72,,31024,2,,,1,32,,31025,2,,,1,72,,31026,2,,,1,32,,31027,2,,,1,72,,31028,2,,,1,32,,31029,2,,,1,72,,31030,2,,,1,32,,31031,2,,,1,72,,31032,2,,,1,32,,31033,2,,,1,72,,31034,2,,,1,32,,31035,2,,,1,72,,31036,2,,,1,32,,31037,2,,,1,82,,31038,2,,,1,82,,31039,2,,,1,82,,31040,2,,,1,42,,31041,2,,,1,82,,31042,2,,,1,78,,31043,2,,,1,34,,31044,2,,,1,76,,31045,2,,,1
9900,'1',440,,31612,2,,,1,80,,31613,2,,,1,80,,31614,2,,,1,40,,31615,2,,,1,90,,31616,2,,,1,75,,31617,2,,,1,35,,31618,2,,,1,75,,31619,2,,,1,35,,31620,2,,,1,75,,31621,2,,,1,96,,31622,2,,,1,94,,31623,2,,,1,94,,31624,2,,,1,94,,31625,2,,,1,28,,31637,2,,,1,71,,31636,2,,,1,29,,31626,2,,,1,70,,31627,2,,,1,30,,31628,2,,,1,70,,31629,2,,,1,30,,31630,2,,,1,70,,31631,2,,,1,30,,31632,2,,,1,70,,31633,2,,,1,30,,31634,2,,,1,70,,31635,2,,,1
9900,'2',559,,31640,2,,,1,77,,31641,2,,,1,78,,31655,2,,,1,87,,31654,2,,,1,47,,31642,2,,,1,87,,31643,2,,,1,87,,31644,2,,,1,87,,31645,2,,,1,104,,31646,2,,,1,95,,31647,2,,,1,95,,31648,2,,,1,55,,31649,2,,,1,95,,31650,2,,,1,95,,31651,2,,,1,95,,31652,2,,,1,95,,31653,2,,,1,89,,31657,2,,,1,90,,31656,2,,,1
9900,'3',605,,31660,2,,,1,38,,31661,2,,,1,78,,31662,2,,,1,38,,31663,2,,,1,90,,31680,2,,,1,89,,31664,2,,,1,89,,31665,2,,,1,89,,31666,2,,,1,89,,31667,2,,,1,49,,31668,2,,,1,89,,31669,2,,,1,89,,31670,2,,,1,89,,31671,2,,,1,89,,31672,2,,,1,49,,31673,2,,,1,89,,31674,2,,,1,89,,31675,2,,,1,89,,31676,2,,,1,89,,31677,2,,,1
9900,'74',559,,31681,2,,,1,77,,31682,2,,,1,78,,31696,2,,,1,87,,31695,2,,,1,47,,31683,2,,,1,87,,31684,2,,,1,87,,31685,2,,,1,87,,31686,2,,,1,104,,31687,2,,,1,95,,31688,2,,,1,95,,31689,2,,,1,55,,31690,2,,,1,95,,31691,2,,,1,95,,31692,2,,,1,95,,31693,2,,,1,95,,31694,2,,,1,89,,31698,2,,,1,90,,31697,2,,,1
9900,'80',605,,31701,2,,,1,38,,31702,2,,,1,78,,31703,2,,,1,38,,31704,2,,,1,90,,31721,2,,,1,89,,31705,2,,,1,89,,31706,2,,,1,89,,31707,2,,,1,89,,31708,2,,,1,49,,31709,2,,,1,89,,31710,2,,,1,89,,31711,2,,,1,89,,31712,2,,,1,89,,31713,2,,,1,49,,31714,2,,,1,89,,31715,2,,,1,89,,31716,2,,,1,89,,31717,2,,,1,89,,31718,2,,,1
36000,'1',831,,33649,2,,,1,69,,33650,2,,,1,29,,33651,2,,,1,29,,33652,2,,,1,69,,33653,2,,,1,29,,33654,2,,,1,84,,33655,2,,,1,84,,33656,2,,,1,84,,33657,2,,,1,44,,33658,2,,,1,84,,33659,2,,,1,84,,33660,2,,,1,84,,33661,2,,,1,44,,33662,2,,,1,84,,33663,2,,,1,84,,33664,2,,,1,84,,33665,2,,,1,44,,33666,2,,,1,84,,33667,2,,,1,26,,33668,2,,,1,66,,33669,2,,,1,25,,33670,2,,,1,66,,33671,2,,,1
36000,'2',831,,33672,2,,,1,23,,33673,2,,,1,63,,33674,2,,,1,23,,33675,2,,,1,63,,33676,2,,,1,23,,33677,2,,,1,23,,33678,2,,,1,63,,33679,2,,,1,23,,33680,2,,,1,23,,33681,2,,,1,63,,33682,2,,,1,23,,33683,2,,,1,63,,33684,2,,,1,23,,33685,2,,,1,23,,33686,2,,,1,63,,33687,2,,,1,23,,33688,2,,,1,63,,33689,2,,,1,23,,33690,2,,,1,23,,33691,2,,,1,63,,33692,2,,,1,23,,33693,2,,,1,23,,33694,2,,,1,63,,33695,2,,,1,23,,33696,2,,,1,64,,33697,2,,,1,24,,33698,2,,,1,24,,33699,2,,,1,64,,33700,2,,,1,24,,33701,2,,,1,63,,33702,2,,,1,25,,33703,2,,,1,24,,33704,2,,,1,64,,33705,2,,,1,24,,33706,2,,,1,64,,33707,2,,,1
36000,'3',830,,33708,2,,,1,22,,33709,2,,,1,62,,33710,2,,,1,22,,33711,2,,,1,22,,33712,2,,,1,62,,33713,2,,,1,23,,33714,2,,,1,62,,33715,2,,,1,22,,33716,2,,,1,22,,33717,2,,,1,62,,33718,2,,,1,22,,33719,2,,,1,22,,33720,2,,,1,62,,33721,2,,,1,22,,33722,2,,,1,62,,33723,2,,,1,22,,33724,2,,,1,22,,33725,2,,,1,62,,33726,2,,,1,22,,33727,2,,,1,22,,33728,2,,,1,62,,33729,2,,,1,22,,33730,2,,,1,22,,33731,2,,,1,62,,33732,2,,,1,22,,33733,2,,,1,62,,33734,2,,,1,22,,33735,2,,,1,23,,33736,2,,,1,63,,33737,2,,,1,22,,33738,2,,,1,23,,33739,2,,,1,63,,33740,2,,,1,24,,33741,2,,,1,63,,33742,2,,,1,23,,33743,2,,,1,23,,33744,2,,,1,63,,33745,2,,,1
36000,'74',831,,33746,2,,,1,23,,33747,2,,,1,63,,33748,2,,,1,23,,33749,2,,,1,63,,33750,2,,,1,23,,33751,2,,,1,23,,33752,2,,,1,63,,33753,2,,,1,23,,33754,2,,,1,23,,33755,2,,,1,63,,33756,2,,,1,23,,33757,2,,,1,63,,33758,2,,,1,23,,33759,2,,,1,23,,33760,2,,,1,63,,33761,2,,,1,23,,33762,2,,,1,63,,33763,2,,,1,23,,33764,2,,,1,23,,33765,2,,,1,63,,33766,2,,,1,23,,33767,2,,,1,23,,33768,2,,,1,63,,33769,2,,,1,23,,33770,2,,,1,64,,33771,2,,,1,24,,33772,2,,,1,24,,33773,2,,,1,64,,33774,2,,,1,24,,33775,2,,,1,63,,33776,2,,,1,25,,33777,2,,,1,24,,33778,2,,,1,64,,33779,2,,,1,24,,33780,2,,,1,64,,33781,2,,,1,24,,33782,2,,,1
36000,'80',830,,33783,2,,,1,22,,33784,2,,,1,62,,33785,2,,,1,22,,33786,2,,,1,22,,33787,2,,,1,62,,33788,2,,,1,23,,33789,2,,,1,62,,33790,2,,,1,22,,33791,2,,,1,22,,33792,2,,,1,62,,33793,2,,,1,22,,33794,2,,,1,22,,33795,2,,,1,62,,33796,2,,,1,22,,33797,2,,,1,62,,33798,2,,,1,22,,33799,2,,,1,22,,33800,2,,,1,62,,33801,2,,,1,22,,33802,2,,,1,22,,33803,2,,,1,62,,33804,2,,,1,22,,33805,2,,,1,22,,33806,2,,,1,62,,33807,2,,,1,22,,33808,2,,,1,62,,33809,2,,,1,22,,33810,2,,,1,23,,33811,2,,,1,63,,33812,2,,,1,22,,33813,2,,,1,23,,33814,2,,,1,63,,33815,2,,,1,24,,33816,2,,,1,63,,33817,2,,,1,23,,33818,2,,,1,23,,33819,2,,,1,63,,33820,2,,,1
989900,'1',2035,,36830,2,,,1,78,,36831,2,,,1,38,,36832,2,,,1,78,,36833,2,,,1,75,,36834,2,,,1,35,,36835,2,,,1,75,,36836,2,,,1,35,,36837,2,,,1,75,,36838,2,0,5 6,1,35,,36839,2,0,5 6,1,81,,36840,2,0,5 6,1
989900,'2',2037,,36841,2,,,1,94,,36842,2,,,1,94,,36843,2,,,1,94,,36844,2,,,1,86,,36845,2,,,1,46,,36846,2,,,1,86,,36847,2,0,5 6,1,86,,36848,2,0,5 6,1,86,,36849,2,0,5 6,1
989900,'3',2056,,36850,2,,,1,90,,36851,2,,,1,90,,36852,2,,,1,90,,36853,2,,,1,83,,36854,2,,,1,43,,36855,2,,,1,82,,36856,2,0,5 6,1,83,,36857,2,0,5 6,1,83,,36858,2,0,5 6,1
989900,'74',2037,,36859,2,,,1,94,,36860,2,,,1,94,,36861,2,,,1,94,,36862,2,,,1,86,,36863,2,,,1,46,,36864,2,,,1,86,,36865,2,0,5 6,1,86,,36866,2,0,5 6,1,86,,36867,2,0,5 6,1
989900,'80',2056,,36868,2,,,1,90,,36869,2,,,1,90,,36870,2,,,1,90,,36871,2,,,1,83,,36872,2,,,1,43,,36873,2,,,1,82,,36874,2,0,5 6,1,83,,36875,2,0,5 6,1,83,,36876,2,0,5 6,1
