9601,'1',531,,31339,71,,,1,72,,31340,71,,,1,29,,31341,71,,,1,70,,31342,71,,,1,42,,31343,71,,,1,76,,31344,71,,,1,38,,31345,71,,,1,67,,31346,71,,,1,32,,31347,71,,,1,71,,31348,71,,,1,79,,31349,71,,,1,38,,31350,67,,,1,83,,31351,67,,,1,75,,31352,67,,,1,32,,31353,67,,,1,86,,31354,67,,,1,82,,31355,67,,,1,21,,31374,67,,,1,18,,31356,67,,,1,71,,31357,67,,,1,27,,31358,67,,,1,71,,31359,71,,,1,27,,31360,71,,,1,65,,31361,71,,,1,22,,31362,71,,,1,17,,31363,71,,,1,65,,31364,71,,,1,25,,31365,71,,,1,25,,31366,71,,,1,61,,31367,67,,,1,25,,31368,67,,,1,67,,31369,67,,,1,30,,31370,67,,,1,70,,31371,67,,,1,30,,31372,67,,,1,64,,31373,67,,,1
9601,'2',856,,31375,67,,,1,99,,31376,67,,,1,102,,31377,67,,,1,99,,31378,67,,,1,99,,31379,67,,,1,96,,31380,67,,,1,99,,31381,67,,,1,99,,31382,67,,,1,99,,31383,67,,,1,99,,31384,67,,,1,88,,31385,67,,,1,90,,31386,67,,,1,97,,31387,67,,,1
9601,'3',956,,31388,67,,,1,94,,31389,67,,,1,94,,31390,67,,,1,94,,31391,67,,,1,94,,31392,67,,,1,94,,31393,67,,,1,96,,31394,67,,,1,94,,31395,67,,,1,88,,31396,67,,,1,54,,31397,67,,,1,92,,31398,67,,,1,94,,31399,67,,,1
9601,'74',856,,31400,67,,,1,99,,31401,67,,,1,102,,31402,67,,,1,99,,31403,67,,,1,99,,31404,67,,,1,96,,31405,67,,,1,99,,31406,67,,,1,99,,31407,67,,,1,99,,31408,67,,,1,99,,31409,67,,,1,88,,31410,67,,,1,90,,31411,67,,,1,97,,31412,67,,,1
9601,'80',956,,31413,67,,,1,94,,31414,67,,,1,94,,31415,67,,,1,94,,31416,67,,,1,94,,31417,67,,,1,94,,31418,67,,,1,96,,31419,67,,,1,94,,31420,67,,,1,88,,31421,67,,,1,54,,31422,67,,,1,92,,31423,67,,,1,94,,31424,67,,,1
10701,'1',525,,32420,14,,,1,24,,32419,14,,,1,67,,32418,14,,,1,24,,32417,14,,,1,64,,32416,14,,,1,17,,32415,14,,,1,20,,32414,14,,,1,12,,32413,14,,,1,61,,32412,14,,,1,16,,32411,14,,,1,16,,32410,14,,,1,10,,32409,14,,,1,85,,32398,14,,,1,80,,32405,14,,,1,82,,32404,14,,,1,42,,32403,14,,,1,82,,32402,14,,,1,87,,32401,14,,,1,42,,32400,14,,,1,68,,32408,14,,,1,14,,32399,14,,,1,63,,32397,14,,,1,18,,32396,14,,,1,18,,32395,14,,,1,18,,32394,14,,,1,62,,32393,14,,,1,18,,32392,14,,,1,18,,32391,14,,,1,63,,32390,14,,,1,18,,32389,14,,,1,18,,32388,14,,,1,55,,32387,14,,,1,17,,32386,14,,,1,18,,32434,14,,,1,66,,32433,14,,,1,18,,32421,14,,,1,78,,32435,14,,,1,41,,32432,14,,,1,76,,32431,14,,,1,38,,32430,14,,,1,72,,32429,14,,,1,74,,32428,14,,,1,34,,32427,14,,,1,74,,32426,14,,,1,34,,32425,14,,,1,74,,32424,14,,,1,34,,32423,14,,,1,74,,32422,14,,,1
10701,'2',700,,32463,14,,,1,39,,32464,14,,,1,77,,32465,14,,,1,37,,32466,14,,,1,77,,32467,14,,,1,77,,32468,14,,,1,37,,32469,14,,,1,77,,32470,14,,,1,37,,32471,14,,,1,77,,32472,14,,,1,76,,32440,14,,,1,37,,32441,14,,,1,76,,32443,14,,,1,77,,32444,14,,,1,37,,32445,14,,,1,77,,32446,14,,,1,35,,32447,14,,,1,77,,32448,14,,,1,77,,32449,14,,,1,37,,32450,14,,,1,77,,32451,14,,,1,37,,32452,14,,,1,77,,32453,14,,,1,77,,32454,14,,,1,37,,32455,14,,,1,77,,32442,14,,,1,77,,32456,14,,,1,37,,32457,14,,,1,77,,32458,14,,,1,37,,32459,14,,,1,76,,32439,14,,,1,75,,32460,14,,,1
10701,'3',739,,32485,14,,,1,77,,32486,14,,,1,34,,32487,14,,,1,77,,32488,14,,,1,78,,32489,14,,,1,37,,32490,14,,,1,77,,32484,14,,,1,37,,32491,14,,,1,77,,32492,14,,,1,77,,32493,14,,,1,37,,32494,14,,,1,77,,32495,14,,,1,35,,32496,14,,,1,77,,32497,14,,,1,77,,32498,14,,,1,37,,32500,14,,,1,77,,32501,14,,,1,77,,32499,14,,,1,37,,32481,14,,,1,77,,32502,14,,,1,37,,32503,14,,,1,77,,32504,14,,,1,77,,32505,14,,,1,37,,32473,14,,,1,77,,32474,14,,,1,77,,32475,14,,,1,37,,32476,14,,,1,77,,32477,14,,,1,36,,32478,14,,,1,77,,32479,14,,,1,77,,32480,14,,,1
10701,'74',700,,32530,14,,,1,39,,32531,14,,,1,77,,32532,14,,,1,37,,32533,14,,,1,77,,32534,14,,,1,77,,32535,14,,,1,37,,32536,14,,,1,77,,32537,14,,,1,37,,32538,14,,,1,77,,32539,14,,,1,76,,32507,14,,,1,37,,32508,14,,,1,76,,32510,14,,,1,77,,32511,14,,,1,37,,32512,14,,,1,77,,32513,14,,,1,35,,32514,14,,,1,77,,32515,14,,,1,77,,32516,14,,,1,37,,32517,14,,,1,77,,32518,14,,,1,37,,32519,14,,,1,77,,32520,14,,,1,77,,32521,14,,,1,37,,32522,14,,,1,77,,32509,14,,,1,77,,32523,14,,,1,37,,32524,14,,,1,77,,32525,14,,,1,37,,32526,14,,,1,76,,32506,14,,,1,75,,32527,14,,,1
10701,'80',739,,32552,14,,,1,77,,32553,14,,,1,34,,32554,14,,,1,77,,32555,14,,,1,78,,32556,14,,,1,37,,32557,14,,,1,77,,32551,14,,,1,37,,32558,14,,,1,77,,32559,14,,,1,77,,32560,14,,,1,37,,32561,14,,,1,77,,32562,14,,,1,35,,32563,14,,,1,77,,32564,14,,,1,77,,32565,14,,,1,37,,32567,14,,,1,77,,32568,14,,,1,77,,32566,14,,,1,37,,32548,14,,,1,77,,32569,14,,,1,37,,32570,14,,,1,77,,32571,14,,,1,77,,32572,14,,,1,37,,32540,14,,,1,77,,32541,14,,,1,77,,32542,14,,,1,37,,32543,14,,,1,77,,32544,14,,,1,36,,32545,14,,,1,77,,32546,14,,,1,77,,32547,14,,,1
46201,'35294.1',1605,,34037,33,,,1,5,,34038,33,,,1
