301,'1',609,,12968,70,,,1,32,,12969,70,,,1,77,,12970,70,,,1,36,,12971,70,,,1,72,,12972,70,,,1,79,,12973,70,,,1,32,,12974,70,,,1,22,,12975,70,,,1,72,,12967,70,,,1,77,,12991,70,,,1,46,,12976,70,,,1,86,,12977,70,,,1,86,,12978,70,,,1,86,,12979,70,,,1,34,,12992,17,,,1,12,,12980,70,,,1,94,,12981,70,,,1,67,,12982,70,,,1,32,,12983,70,,,1,72,,12984,70,,,1,32,,12985,70,,,1,66,,12986,70,,,1,32,,12987,70,,,1,66,,12988,70,,,1,32,,12989,70,,,1,66,,12990,70,,,1,29,,12996,70,,,1,66,,12993,70,,,1,43,,12994,70,,,1
301,'2',846,,12999,70,,,1,103,,12998,70,,,1,106,,13003,70,,,1,145,,13000,70,,,1,105,,13001,70,,,1,105,,13002,70,,,1,105,,13004,70,,,1,106,,13005,70,,,1,106,,13006,70,,,1,106,,13007,70,,,1,103,,13008,70,,,1,102,,13009,70,,,1,102,,13010,70,,,1
301,'3',1004,,13018,70,,,1,104,,13017,70,,,1,102,,13016,70,,,1,102,,13015,70,,,1,102,,13014,70,,,1,102,,13013,70,,,1,102,,13012,70,,,1,102,,13011,70,,,1,102,,13023,70,,,1,102,,13022,70,,,1,99,,13021,70,,,1,98,,13020,70,,,1
301,'80',1004,,13031,70,,,1,104,,13030,70,,,1,102,,13029,70,,,1,102,,13028,70,,,1,102,,13027,70,,,1,102,,13026,70,,,1,102,,13025,70,,,1,102,,13024,70,,,1,102,,13036,70,,,1,102,,13035,70,,,1,99,,13034,70,,,1,98,,13033,70,,,1
9601,'1',547,,18590,92,,,1,74,,18591,92,,,1,29,,18592,92,,,1,70,,18593,92,,,1,82,,18594,92,,,1,37,,18595,92,,,1,78,,18596,92,,,1,26,,18597,92,,,1,71,,18598,92,,,1,31,,18599,92,,,1,79,,18600,92,,,1,78,,18601,88,,,1,43,,18602,88,,,1,75,,18603,88,,,1,32,,18604,88,,,1,86,,18605,88,,,1,83,,18606,88,,,1,25,,18625,88,,,1,54,,18607,88,,,1,35,,18608,88,,,1,67,,18609,88,,,1,31,,18610,92,,,1,67,,18611,92,,,1,20,,18612,92,,,1,21,,18613,92,,,1,16,,18614,92,,,1,65,,18615,92,,,1,25,,18616,92,,,1,65,,18617,92,,,1,21,,18618,88,,,1,25,,18619,88,,,1,66,,18620,88,,,1,30,,18621,88,,,1,70,,18622,88,,,1,30,,18623,88,,,1,64,,18624,88,,,1
9601,'2',910,,18626,88,,,1,99,,18627,88,,,1,103,,18628,88,,,1,99,,18629,88,,,1,99,,18630,88,,,1,96,,18631,88,,,1,99,,18632,88,,,1,99,,18633,88,,,1,99,,18634,88,,,1,99,,18635,88,,,1,47,,18636,88,,,1,89,,18637,88,,,1,97,,18638,88,,,1
9601,'3',1010,,18639,88,,,1,94,,18640,88,,,1,54,,18641,88,,,1,94,,18642,88,,,1,94,,18643,88,,,1,94,,18644,88,,,1,96,,18645,88,,,1,94,,18646,88,,,1,87,,18647,88,,,1,94,,18648,88,,,1,92,,18649,88,,,1,54,,18650,88,,,1
9601,'80',1010,,18651,88,,,1,94,,18652,88,,,1,54,,18653,88,,,1,94,,18654,88,,,1,94,,18655,88,,,1,94,,18656,88,,,1,96,,18657,88,,,1,94,,18658,88,,,1,87,,18659,88,,,1,94,,18660,88,,,1,92,,18661,88,,,1,54,,18662,88,,,1
10701,'1',542,,19485,35,,,1,64,,19484,35,,,1,31,,19483,35,,,1,64,,19482,35,,,1,24,,19481,35,,,1,21,,19480,35,,,1,60,,19479,35,,,1,12,,19478,35,,,1,19,,19477,35,,,1,16,,19476,35,,,1,56,,19475,35,,,1,10,,19474,35,,,1,40,,19462,35,,,1,80,,19469,35,,,1,82,,19468,35,,,1,82,,19467,35,,,1,42,,19466,35,,,1,89,,19465,35,,,1,82,,19464,35,,,1,28,,19473,35,,,1,14,,19463,35,,,1,63,,19461,35,,,1,24,,19460,35,,,1,58,,19459,35,,,1,18,,19458,35,,,1,22,,19457,35,,,1,58,,19456,35,,,1,18,,19455,35,,,1,20,,19454,35,,,1,18,,19453,35,,,1,58,,19452,35,,,1,15,,19451,35,,,1,12,,19450,35,,,1,58,,19449,35,,,1,26,,19498,35,,,1,18,,19486,35,,,1,78,,19499,35,,,1,81,,19497,35,,,1,34,,19496,35,,,1,78,,19495,35,,,1,31,,19494,35,,,1,74,,19493,35,,,1,34,,19492,35,,,1,74,,19491,35,,,1,74,,19490,35,,,1,34,,19489,35,,,1,74,,19488,35,,,1,34,,19487,35,,,1
10701,'2',716,,19526,35,,,1,39,,19527,35,,,1,77,,19528,35,,,1,77,,19529,35,,,1,37,,19530,35,,,1,77,,19531,35,,,1,77,,19532,35,,,1,37,,19533,35,,,1,77,,19534,35,,,1,37,,19535,35,,,1,76,,19503,35,,,1,77,,19504,35,,,1,35,,19506,35,,,1,77,,19507,35,,,1,37,,19508,35,,,1,77,,19509,35,,,1,75,,19510,35,,,1,37,,19511,35,,,1,77,,19512,35,,,1,37,,19513,35,,,1,77,,19514,35,,,1,77,,19515,35,,,1,37,,19516,35,,,1,77,,19517,35,,,1,77,,19518,35,,,1,37,,19505,35,,,1,77,,19519,35,,,1,37,,19520,35,,,1,77,,19521,35,,,1,77,,19522,35,,,1,35,,19502,35,,,1,75,,19523,35,,,1
10701,'3',754,,19548,35,,,1,77,,19549,35,,,1,74,,19550,35,,,1,37,,19551,35,,,1,78,,19552,35,,,1,37,,19553,35,,,1,77,,19547,35,,,1,77,,19554,35,,,1,37,,19555,35,,,1,77,,19556,35,,,1,77,,19557,35,,,1,36,,19558,35,,,1,75,,19559,35,,,1,37,,19560,35,,,1,77,,19561,35,,,1,77,,19563,35,,,1,37,,19564,35,,,1,77,,19562,35,,,1,37,,19544,35,,,1,77,,19565,35,,,1,77,,19566,35,,,1,37,,19567,35,,,1,77,,19568,35,,,1,77,,19536,35,,,1,37,,19537,35,,,1,77,,19538,35,,,1,37,,19539,35,,,1,77,,19540,35,,,1,76,,19541,35,,,1,37,,19542,35,,,1,77,,19543,35,,,1
10701,'80',754,,19569,35,,,1,77,,19570,35,,,1,74,,19571,35,,,1,37,,19572,35,,,1,78,,19585,35,,,1,37,,19586,35,,,1,77,,19584,35,,,1,77,,19587,35,,,1,37,,19588,35,,,1,77,,19589,35,,,1,77,,19590,35,,,1,36,,19591,35,,,1,75,,19592,35,,,1,37,,19593,35,,,1,77,,19594,35,,,1,77,,19596,35,,,1,37,,19597,35,,,1,77,,19595,35,,,1,37,,19581,35,,,1,77,,19598,35,,,1,77,,19599,35,,,1,37,,19600,35,,,1,77,,19601,35,,,1,77,,19573,35,,,1,37,,19574,35,,,1,77,,19575,35,,,1,37,,19576,35,,,1,77,,19577,35,,,1,76,,19578,35,,,1,37,,19579,35,,,1,77,,19580,35,,,1
1070201,'1',603,,22789,28,,,1,12,,22788,28,,,1,12,,22787,28,,,1,12,,22786,28,,,1,12,,22785,28,,,1,52,,22784,28,,,1,12,,22783,28,,,1,23,,22782,28,,,1,12,,22781,28,,,1,52,,22780,28,,,1,12,,22779,28,,,1,12,,22778,28,,,1,9,,22777,28,,,1,12,,22776,28,,,1,12,,22775,28,,,1,72,,22763,28,,,1,26,,22772,28,,,1,66,,22774,28,,,1,21,,22773,28,,,1,66,,22771,28,,,1,26,,22770,28,,,1,66,,22769,28,,,1,27,,22768,28,,,1,26,,22767,28,,,1,66,,22766,28,,,1,27,,22765,28,,,1,66,,22764,28,,,1,24,,22805,28,,,1,16,,22804,28,,,1,56,,22790,28,,,1,18,,22791,28,,,1,16,,22792,28,,,1,56,,22793,28,,,1,16,,22794,28,,,1,24,,22795,28,,,1,16,,22796,28,,,1,56,,22797,28,,,1,23,,22798,28,,,1,15,,22799,28,,,1,59,,22800,28,,,1,19,,22801,28,,,1,10,,22802,28,,,1,78,,22803,28,,,1
