700,'1',448,,25250,1,0,240 241 228,1,64,,25251,1,0,240 241 228,1,24,,25252,1,0,240 241 228,1,64,,25253,1,0,240 241 228,1,24,,25254,1,0,240 241 228,1,29,,25255,1,0,240 241 228,1,69,,25256,1,0,240 241 228,1,29,,25257,1,0,240 241 228,1,77,,25258,1,0,240 241 228,1,21,,25259,1,0,240 241 228,1,69,,25260,1,0,240 241 228,1,29,,25261,1,0,240 241 228,1,72,,25262,1,0,240 241 228,1,32,,25263,1,0,240 241 228,1,72,,25264,1,0,240 241 228,1,32,,25265,1,0,240 241 228,1,72,,25266,1,0,240 241 228,1,75,,25267,1,0,240 241 228,1,32,,25268,1,0,240 241 228,1,69,,25269,1,0,240 241 228,1,23,,25270,1,0,240 241 228,1,32,,25271,1,0,240 241 228,1,69,,25272,1,0,240 241 228,1,29,,25273,1,0,240 241 228,1,69,,25274,1,0,240 241 228,1,29,,25275,1,0,240 241 228,1,69,,25276,1,0,240 241 228,1,29,,25277,1,0,240 241 228,1,69,,25278,1,0,240 241 228,1,29,,25279,1,0,240 241 228,1,69,,25280,1,0,240 241 228,1,29,,25281,1,0,240 241 228,1,84,,25282,1,0,240 241 228,1,84,,25283,1,0,240 241 228,1,84,,25284,1,0,240 241 228,1,44,,25285,1,0,240 241 228,1,84,,25286,1,0,240 241 228,1
700,'2',800,,25287,1,0,240 241 228,1,48,,25288,1,0,240 241 228,1,88,,25289,1,0,240 241 228,1,88,,25290,1,0,240 241 228,1,88,,25291,1,0,240 241 228,1,88,,25292,1,0,240 241 228,1,48,,25293,1,0,240 241 228,1,88,,25294,1,0,240 241 228,1,88,,25295,1,0,240 241 228,1,88,,25296,1,0,240 241 228,1,88,,25297,1,0,240 241 228,1,48,,25298,1,0,240 241 228,1,88,,25299,1,0,240 241 228,1,88,,25300,1,0,240 241 228,1,88,,25301,1,0,240 241 228,1,88,,25302,1,0,240 241 228,1,42,,25305,1,0,240 241 228,1,82,,25303,1,0,240 241 228,1,82,,25304,1,0,240 241 228,1
700,'3',800,,25306,1,0,240 241 228,1,47,,25307,1,0,240 241 228,1,87,,25308,1,0,240 241 228,1,87,,25309,1,0,240 241 228,1,87,,25310,1,0,240 241 228,1,47,,25311,1,0,240 241 228,1,87,,25312,1,0,240 241 228,1,87,,25313,1,0,240 241 228,1,87,,25314,1,0,240 241 228,1,87,,25315,1,0,240 241 228,1,47,,25316,1,0,240 241 228,1,87,,25317,1,0,240 241 228,1,87,,25318,1,0,240 241 228,1,87,,25319,1,0,240 241 228,1,47,,25320,1,0,240 241 228,1,87,,25321,1,0,240 241 228,1
700,'74',800,,25322,1,0,240 241 228,1,48,,25323,1,0,240 241 228,1,88,,25324,1,0,240 241 228,1,88,,25325,1,0,240 241 228,1,88,,25326,1,0,240 241 228,1,88,,25327,1,0,240 241 228,1,48,,25328,1,0,240 241 228,1,88,,25329,1,0,240 241 228,1,88,,25330,1,0,240 241 228,1,88,,25331,1,0,240 241 228,1,88,,25332,1,0,240 241 228,1,48,,25333,1,0,240 241 228,1,88,,25334,1,0,240 241 228,1,88,,25335,1,0,240 241 228,1,88,,25336,1,0,240 241 228,1,88,,25337,1,0,240 241 228,1,42,,25340,1,0,240 241 228,1,82,,25338,1,0,240 241 228,1,82,,25339,1,0,240 241 228,1
700,'80',800,,25341,1,0,240 241 228,1,47,,25342,1,0,240 241 228,1,87,,25343,1,0,240 241 228,1,87,,25344,1,0,240 241 228,1,87,,25345,1,0,240 241 228,1,47,,25346,1,0,240 241 228,1,87,,25347,1,0,240 241 228,1,87,,25348,1,0,240 241 228,1,87,,25349,1,0,240 241 228,1,87,,25350,1,0,240 241 228,1,47,,25351,1,0,240 241 228,1,87,,25352,1,0,240 241 228,1,87,,25353,1,0,240 241 228,1,87,,25354,1,0,240 241 228,1,47,,25355,1,0,240 241 228,1,87,,25356,1,0,240 241 228,1
701,'1',550,,25360,40,4,,1,64,,25357,40,4,,1,27,,25358,40,4,,1,64,,25359,40,4,,1,35,,25367,40,4,,1,81,,25366,40,4,,1,21,,25361,40,4,,1,65,,25362,40,4,,1,29,,25363,40,4,,1,73,,25364,40,4,,1,21,,25365,40,4,,1,24,,25375,40,4,,1,63,,25374,40,4,,1,32,,25368,40,4,,1,72,,25369,40,4,,1,32,,25370,40,4,,1,72,,25371,40,4,,1,32,,25372,40,4,,1,63,,25381,40,4,,1,29,,25373,40,4,,1,68,,25380,40,4,,1,29,,25376,40,4,,1,72,,25377,40,4,,1,29,,25378,40,4,,1,66,,25379,40,4,,1,29,,25382,40,4,,1,69,,25383,40,4,,1,29,,25384,40,4,,1,63,,25385,40,4,,1,29,,25386,40,4,,1,69,,25387,40,4,,1,25,,25388,40,4,,1,84,,25393,40,4,,1,44,,25389,40,4,,1,84,,25390,40,4,,1,81,,25391,40,4,,1,94,,25392,40,4,,1
701,'2',924,,25394,40,4,,1,91,,25395,40,4,,1,88,,25396,40,4,,1,48,,25397,40,4,,1,91,,25398,40,4,,1,88,,25399,40,4,,1,88,,25400,40,4,,1,88,,25401,40,4,,1,46,,25402,40,4,,1,88,,25403,40,4,,1,88,,25404,40,4,,1,88,,25405,40,4,,1,88,,25406,40,4,,1,44,,25407,40,4,,1,88,,25408,40,4,,1,82,,25411,40,4,,1,82,,25409,40,4,,1,42,,25410,40,4,,1
701,'3',924,,25412,40,4,,1,87,,25413,40,4,,1,47,,25414,40,4,,1,89,,25415,40,4,,1,87,,25416,40,4,,1,87,,25417,40,4,,1,87,,25418,40,4,,1,49,,25419,40,4,,1,87,,25420,40,4,,1,87,,25421,40,4,,1,87,,25422,40,4,,1,87,,25423,40,4,,1,45,,25424,40,4,,1,87,,25425,40,4,,1,87,,25426,40,4,,1
701,'74',924,,25427,40,4,,1,91,,25428,40,4,,1,88,,25429,40,4,,1,48,,25430,40,4,,1,91,,25431,40,4,,1,88,,25432,40,4,,1,88,,25433,40,4,,1,88,,25434,40,4,,1,46,,25435,40,4,,1,88,,25436,40,4,,1,88,,25437,40,4,,1,88,,25438,40,4,,1,88,,25439,40,4,,1,44,,25440,40,4,,1,88,,25441,40,4,,1,82,,25444,40,4,,1,82,,25442,40,4,,1,42,,25443,40,4,,1
701,'80',924,,25445,40,4,,1,87,,25446,40,4,,1,47,,25447,40,4,,1,89,,25448,40,4,,1,87,,25449,40,4,,1,87,,25450,40,4,,1,87,,25451,40,4,,1,49,,25452,40,4,,1,87,,25453,40,4,,1,87,,25454,40,4,,1,87,,25455,40,4,,1,87,,25456,40,4,,1,45,,25457,40,4,,1,87,,25458,40,4,,1,87,,25459,40,4,,1
1300,'1',608,,26328,1,,,1,29,,26329,1,,,1,71,,26330,1,,,1,27,,26331,1,,,1,68,,26332,1,,,1,30,,26333,1,,,1,79,,26334,1,,,1,42,,26335,1,,,1,74,,26336,1,,,1,81,,26337,1,,,1,37,,26338,1,,,1,76,,26339,1,,,1,84,,26340,1,,,1,39,,26341,1,,,1,70,,26342,1,,,1,32,,26343,1,,,1,72,,26344,1,,,1,30,,26345,1,,,1,71,,26346,1,,,1,31,,26347,1,,,1,71,,26348,1,,,1,31,,26349,1,,,1,71,,26350,1,,,1,31,,26351,1,,,1,71,,26352,1,,,1,29,,26353,1,,,1,79,,26354,1,,,1,74,,26355,1,,,1,38,,26356,1,,,1
1301,'1',659,,26386,45,4,,1,69,,26365,45,4,,1,24,,26364,45,4,,1,69,,26363,45,4,,1,31,,26362,45,4,,1,67,,26361,45,4,,1,28,,26360,45,4,,1,68,,26359,45,4,,1,42,,26366,45,4,,1,82,,26367,45,4,,1,74,,26368,45,4,,1,41,,26369,45,4,,1,77,,26370,45,4,,1,76,,26371,45,4,,1,48,,26372,45,4,,1,79,,26383,45,4,,1,74,,26373,45,4,,1,32,,26374,45,4,,1,72,,26375,45,4,,1,30,,26376,45,4,,1,71,,26377,45,4,,1,31,,26378,45,4,,1,71,,26379,45,4,,1,31,,26380,45,4,,1,71,,26381,45,4,,1,31,,26382,45,4,,1,91,,26384,45,4,,1,69,,26385,45,4,,1,34,,26387,45,4,,1
