8500,'1',549,,29617,13,,,1,56,,29618,13,,,1,16,,29619,13,,,1,16,,29620,13,,,1,16,,29621,13,,,1,56,,29622,13,,,1,16,,29623,13,,,1,16,,29624,13,,,1,16,,29625,13,,,1,56,,29626,13,,,1,16,,29627,13,,,1,16,,29628,13,,,1,56,,29629,13,,,1,25,,29630,13,,,1,25,,29631,13,,,1,63,,29632,13,,,1,25,,29633,13,,,1,65,,29634,13,,,1,25,,29635,13,,,1,25,,29636,13,,,1,65,,29637,13,,,1,25,,29638,13,,,1,65,,29639,13,,,1,25,,29640,13,,,1,20,,29641,13,,,1
8500,'2',636,,29697,13,,,1,70,,29698,13,,,1,30,,29699,13,,,1,68,,29700,13,,,1,31,,29701,13,,,1,70,,29702,13,,,1,30,,29703,13,,,1,72,,29704,13,,,1,30,,29705,13,,,1,71,,29669,13,,,1,22,,29670,13,,,1,23,,29671,13,,,1,63,,29672,13,,,1,23,,29673,13,,,1,63,,29674,13,,,1,23,,29675,13,,,1,23,,29676,13,,,1,63,,29677,13,,,1,23,,29678,13,,,1,23,,29679,13,,,1,63,,29680,13,,,1,23,,29681,13,,,1,63,,29682,13,,,1,23,,29683,13,,,1,21,,29684,13,,,1,65,,29685,13,,,1,17,,29686,13,,,1,21,,29687,13,,,1,61,,29688,13,,,1,21,,29689,13,,,1,21,,29690,13,,,1,61,,29691,13,,,1,21,,29692,13,,,1,21,,29693,13,,,1,61,,29694,13,,,1,21,,29695,13,,,1,61,,29696,13,,,1,30,,29706,13,,,1,70,,29707,13,,,1,30,,29708,13,,,1
8500,'3',926,,29709,13,,,1,80,,29710,13,,,1,40,,29711,13,,,1,80,,29712,13,,,1,91,,29713,13,,,1,83,,29714,13,,,1,43,,29715,13,,,1,83,,29716,13,,,1,82,,29717,13,,,1,43,,29718,13,,,1,82,,29719,13,,,1,74,,29720,13,,,1,41,,29721,13,,,1,85,,29722,13,,,1,77,,29723,13,,,1,41,,29724,13,,,1,81,,29725,13,,,1
8500,'74',636,,29756,13,,,1,70,,29757,13,,,1,30,,29758,13,,,1,68,,29759,13,,,1,31,,29760,13,,,1,70,,29761,13,,,1,30,,29762,13,,,1,72,,29763,13,,,1,30,,29764,13,,,1,71,,29728,13,,,1,22,,29729,13,,,1,23,,29730,13,,,1,63,,29731,13,,,1,23,,29732,13,,,1,63,,29733,13,,,1,23,,29734,13,,,1,23,,29735,13,,,1,63,,29736,13,,,1,23,,29737,13,,,1,23,,29738,13,,,1,63,,29739,13,,,1,23,,29740,13,,,1,63,,29741,13,,,1,23,,29742,13,,,1,21,,29743,13,,,1,65,,29744,13,,,1,17,,29745,13,,,1,21,,29746,13,,,1,61,,29747,13,,,1,21,,29748,13,,,1,21,,29749,13,,,1,61,,29750,13,,,1,21,,29751,13,,,1,21,,29752,13,,,1,61,,29753,13,,,1,21,,29754,13,,,1,61,,29755,13,,,1,30,,29765,13,,,1,70,,29766,13,,,1,30,,29767,13,,,1
8500,'80',926,,29768,13,,,1,80,,29769,13,,,1,40,,29770,13,,,1,80,,29771,13,,,1,91,,29772,13,,,1,83,,29773,13,,,1,43,,29774,13,,,1,83,,29775,13,,,1,82,,29776,13,,,1,43,,29777,13,,,1,82,,29778,13,,,1,74,,29779,13,,,1,41,,29780,13,,,1,85,,29781,13,,,1,77,,29782,13,,,1,41,,29783,13,,,1,81,,29784,13,,,1
8501,'1',1400,,29808,64,,,1,25,,29812,64,,,1,25,,29813,64,,,1,66,,29814,64,,,1,16,,29841,64,,,1,16,,29842,64,,,1,56,,29831,64,,,1,16,,29830,64,,,1,16,,29829,64,,,1,73,,29828,64,,,1,24,,29827,64,,,1,16,,29815,64,,,1,59,,29816,64,,,1,13,,29817,64,,,1,6,,29818,64,,,1,16,,29819,64,,,1,11,,29820,64,,,1,59,,29821,64,,,1,13,,29822,64,,,1,16,,29823,64,,,1,16,,29824,64,,,1,56,,29825,64,,,1,12,,29826,64,,,1,32,,29834,64,,,1,63,,29833,64,,,1,25,,29832,64,,,1,62,,29838,64,,,1,29,,29837,64,,,1,72,,29835,64,,,1,32,,29836,64,,,1
8501,'2',2250,,29881,64,,,1,70,,29882,64,,,1
8501,'3',2106,,29883,64,,,1,41,,29884,64,,,1
8501,'74',2250,,29940,64,,,1,70,,29941,64,,,1
8501,'80',2106,,29956,64,,,1,41,,29957,64,,,1
