9900,'1',348,,31638,11,,,1,80,,31639,11,,,1,72,,31612,31,,,1,41,,31613,31,,,1,80,,31614,31,,,1,84,,31615,31,,,1,95,,31616,31,,,1,35,,31617,31,,,1,77,,31618,31,,,1,32,,31619,31,,,1,75,,31620,31,,,1,35,,31621,31,,,1,98,,31622,31,,,1,94,,31623,31,,,1,94,,31624,31,,,1,94,,31625,31,,,1,76,,31637,31,,,1,31,,31636,31,,,1,69,,31626,31,,,1,30,,31627,31,,,1,70,,31628,31,,,1,30,,31629,31,,,1,70,,31630,31,,,1,26,,31631,31,,,1,70,,31632,31,,,1,24,,31633,31,,,1,70,,31634,31,,,1,27,,31635,31,,,1
9900,'2',508,,31658,11,,,1,37,,31659,11,,,1,73,,31640,31,,,1,39,,31641,31,,,1,78,,31655,31,,,1,91,,31654,31,,,1,87,,31642,31,,,1,87,,31643,31,,,1,47,,31644,31,,,1,88,,31645,31,,,1,107,,31646,31,,,1,95,,31647,31,,,1,95,,31648,31,,,1,97,,31649,31,,,1,95,,31650,31,,,1,93,,31651,31,,,1,95,,31652,31,,,1,95,,31653,31,,,1,46,,31657,31,,,1,90,,31656,31,,,1
9900,'3',510,,31678,11,,,1,38,,31679,11,,,1,80,,31660,31,,,1,78,,31661,31,,,1,38,,31662,31,,,1,78,,31663,31,,,1,92,,31680,31,,,1,89,,31664,31,,,1,49,,31665,31,,,1,89,,31666,31,,,1,93,,31667,31,,,1,89,,31668,31,,,1,89,,31669,31,,,1,89,,31670,31,,,1,49,,31671,31,,,1,89,,31672,31,,,1,89,,31673,31,,,1,87,,31674,31,,,1,89,,31675,31,,,1,49,,31676,31,,,1,82,,31677,31,,,1
9900,'74',508,,31699,11,,,1,37,,31700,11,,,1,73,,31681,31,,,1,39,,31682,31,,,1,78,,31696,31,,,1,91,,31695,31,,,1,87,,31683,31,,,1,87,,31684,31,,,1,47,,31685,31,,,1,88,,31686,31,,,1,107,,31687,31,,,1,95,,31688,31,,,1,95,,31689,31,,,1,97,,31690,31,,,1,95,,31691,31,,,1,93,,31692,31,,,1,95,,31693,31,,,1,95,,31694,31,,,1,46,,31698,31,,,1,90,,31697,31,,,1
9900,'80',510,,31719,11,,,1,38,,31720,11,,,1,80,,31701,31,,,1,78,,31702,31,,,1,38,,31703,31,,,1,78,,31704,31,,,1,92,,31721,31,,,1,89,,31705,31,,,1,49,,31706,31,,,1,89,,31707,31,,,1,93,,31708,31,,,1,89,,31709,31,,,1,89,,31710,31,,,1,89,,31711,31,,,1,49,,31712,31,,,1,89,,31713,31,,,1,89,,31714,31,,,1,87,,31715,31,,,1,89,,31716,31,,,1,49,,31717,31,,,1,82,,31718,31,,,1
989900,'1',2059,,36830,31,,,1,75,,36831,31,,,1,78,,36832,31,,,1,38,,36833,31,,,1,75,,36834,31,,,1,33,,36835,31,,,1,75,,36836,31,,,1,75,,36837,31,,,1,35,,36838,31,0,5 6,1,75,,36839,31,0,5 6,1,41,,36840,31,0,5 6,1
989900,'2',2102,,36841,31,,,1,54,,36842,31,,,1,89,,36843,31,,,1,93,,36844,31,,,1,86,,36845,31,,,1,86,,36846,31,,,1,45,,36847,31,0,5 6,1,86,,36848,31,0,5 6,1,86,,36849,31,0,5 6,1
989900,'3',2120,,36850,31,,,1,90,,36851,31,,,1,47,,36852,31,,,1,90,,36853,31,,,1,81,,36854,31,,,1,83,,36855,31,,,1,40,,36856,31,0,5 6,1,83,,36857,31,0,5 6,1,83,,36858,31,0,5 6,1
989900,'74',2102,,36859,31,,,1,54,,36860,31,,,1,89,,36861,31,,,1,93,,36862,31,,,1,86,,36863,31,,,1,86,,36864,31,,,1,45,,36865,31,0,5 6,1,86,,36866,31,0,5 6,1,86,,36867,31,0,5 6,1
989900,'80',2120,,36868,31,,,1,90,,36869,31,,,1,47,,36870,31,,,1,90,,36871,31,,,1,81,,36872,31,,,1,83,,36873,31,,,1,40,,36874,31,0,5 6,1,83,,36875,31,0,5 6,1,83,,36876,31,0,5 6,1
