9601,'1',524,,31339,61,,,1,30,,31340,61,,,1,69,,31341,61,,,1,30,,31342,61,,,1,82,,31343,61,,,1,76,,31344,61,,,1,38,,31345,61,,,1,67,,31346,61,,,1,33,,31347,61,,,1,72,,31348,61,,,1,79,,31349,61,,,1,38,,31350,57,,,1,83,,31351,57,,,1,35,,31352,57,,,1,72,,31353,57,,,1,86,,31354,57,,,1,41,,31355,57,,,1,61,,31374,57,,,1,18,,31356,57,,,1,71,,31357,57,,,1,27,,31358,57,,,1,70,,31359,61,,,1,27,,31360,61,,,1,26,,31361,61,,,1,63,,31362,61,,,1,18,,31363,61,,,1,65,,31364,61,,,1,25,,31365,61,,,1,25,,31366,61,,,1,62,,31367,57,,,1,25,,31368,57,,,1,67,,31369,57,,,1,30,,31370,57,,,1,70,,31371,57,,,1,30,,31372,57,,,1,24,,31373,57,,,1
9601,'2',850,,31375,57,,,1,99,,31376,57,,,1,101,,31377,57,,,1,99,,31378,57,,,1,99,,31379,57,,,1,98,,31380,57,,,1,99,,31381,57,,,1,99,,31382,57,,,1,99,,31383,57,,,1,99,,31384,57,,,1,88,,31385,57,,,1,90,,31386,57,,,1,97,,31387,57,,,1
9601,'3',950,,31388,57,,,1,94,,31389,57,,,1,94,,31390,57,,,1,94,,31391,57,,,1,94,,31392,57,,,1,94,,31393,57,,,1,95,,31394,57,,,1,94,,31395,57,,,1,50,,31396,57,,,1,94,,31397,57,,,1,92,,31398,57,,,1,94,,31399,57,,,1
9601,'74',850,,31400,57,,,1,99,,31401,57,,,1,101,,31402,57,,,1,99,,31403,57,,,1,99,,31404,57,,,1,98,,31405,57,,,1,99,,31406,57,,,1,99,,31407,57,,,1,99,,31408,57,,,1,99,,31409,57,,,1,88,,31410,57,,,1,90,,31411,57,,,1,97,,31412,57,,,1
9601,'80',950,,31413,57,,,1,94,,31414,57,,,1,94,,31415,57,,,1,94,,31416,57,,,1,94,,31417,57,,,1,94,,31418,57,,,1,95,,31419,57,,,1,94,,31420,57,,,1,50,,31421,57,,,1,94,,31422,57,,,1,92,,31423,57,,,1,94,,31424,57,,,1
10701,'1',519,,32420,4,,,1,24,,32419,4,,,1,65,,32418,4,,,1,24,,32417,4,,,1,24,,32416,4,,,1,56,,32415,4,,,1,20,,32414,4,,,1,12,,32413,4,,,1,60,,32412,4,,,1,16,,32411,4,,,1,16,,32410,4,,,1,10,,32409,4,,,1,12,,32407,4,4,,1,56,,32406,4,4,,1,19,,32398,4,,,1,80,,32405,4,,,1,42,,32404,4,,,1,82,,32403,4,,,1,82,,32402,4,,,1,87,,32401,4,,,1,42,,32400,4,,,1,68,,32408,4,,,1,14,,32399,4,,,1,23,,32397,4,,,1,58,,32396,4,,,1,18,,32395,4,,,1,18,,32394,4,,,1,62,,32393,4,,,1,18,,32392,4,,,1,18,,32391,4,,,1,63,,32390,4,,,1,18,,32389,4,,,1,18,,32388,4,,,1,15,,32387,4,,,1,58,,32386,4,,,1,18,,32434,4,,,1,15,,32437,4,4,,1,51,,32433,4,,,1,18,,32421,4,,,1,38,,32435,4,,,1,81,,32432,4,,,1,77,,32431,4,,,1,38,,32430,4,,,1,73,,32429,4,,,1,74,,32428,4,,,1,34,,32427,4,,,1,74,,32426,4,,,1,34,,32425,4,,,1,74,,32424,4,,,1,34,,32423,4,,,1,74,,32422,4,,,1,27,,32436,4,4,,1,74,,32438,4,4,,1
10701,'2',653,,32463,4,,,1,79,,32464,4,,,1,77,,32465,4,,,1,37,,32466,4,,,1,77,,32467,4,,,1,77,,32468,4,,,1,37,,32469,4,,,1,77,,32470,4,,,1,37,,32471,4,,,1,77,,32472,4,,,1,76,,32440,4,,,1,37,,32441,4,,,1,77,,32443,4,,,1,37,,32444,4,,,1,77,,32445,4,,,1,77,,32446,4,,,1,35,,32447,4,,,1,77,,32448,4,,,1,37,,32449,4,,,1,77,,32450,4,,,1,77,,32451,4,,,1,37,,32452,4,,,1,77,,32453,4,,,1,77,,32454,4,,,1,37,,32455,4,,,1,77,,32442,4,,,1,37,,32456,4,,,1,77,,32457,4,,,1,77,,32458,4,,,1,37,,32459,4,,,1,76,,32439,4,,,1,35,,32460,4,,,1,71,,32461,4,4,,1,77,,32462,4,4,,1
10701,'3',733,,32485,4,,,1,77,,32486,4,,,1,34,,32487,4,,,1,77,,32488,4,,,1,38,,32489,4,,,1,77,,32490,4,,,1,77,,32484,4,,,1,37,,32491,4,,,1,77,,32492,4,,,1,77,,32493,4,,,1,37,,32494,4,,,1,77,,32495,4,,,1,35,,32496,4,,,1,77,,32497,4,,,1,77,,32498,4,,,1,37,,32500,4,,,1,77,,32501,4,,,1,37,,32499,4,,,1,77,,32481,4,,,1,77,,32502,4,,,1,37,,32503,4,,,1,77,,32504,4,,,1,77,,32505,4,,,1,37,,32473,4,,,1,77,,32474,4,,,1,37,,32475,4,,,1,77,,32476,4,,,1,77,,32477,4,,,1,36,,32478,4,,,1,77,,32479,4,,,1,37,,32480,4,,,1,69,,32482,4,4,,1,77,,32483,4,4,,1
10701,'74',653,,32530,4,,,1,79,,32531,4,,,1,77,,32532,4,,,1,37,,32533,4,,,1,77,,32534,4,,,1,77,,32535,4,,,1,37,,32536,4,,,1,77,,32537,4,,,1,37,,32538,4,,,1,77,,32539,4,,,1,76,,32507,4,,,1,37,,32508,4,,,1,77,,32510,4,,,1,37,,32511,4,,,1,77,,32512,4,,,1,77,,32513,4,,,1,35,,32514,4,,,1,77,,32515,4,,,1,37,,32516,4,,,1,77,,32517,4,,,1,77,,32518,4,,,1,37,,32519,4,,,1,77,,32520,4,,,1,77,,32521,4,,,1,37,,32522,4,,,1,77,,32509,4,,,1,37,,32523,4,,,1,77,,32524,4,,,1,77,,32525,4,,,1,37,,32526,4,,,1,76,,32506,4,,,1,35,,32527,4,,,1,71,,32528,4,4,,1,77,,32529,4,4,,1
10701,'80',733,,32552,4,,,1,77,,32553,4,,,1,34,,32554,4,,,1,77,,32555,4,,,1,38,,32556,4,,,1,77,,32557,4,,,1,77,,32551,4,,,1,37,,32558,4,,,1,77,,32559,4,,,1,77,,32560,4,,,1,37,,32561,4,,,1,77,,32562,4,,,1,35,,32563,4,,,1,77,,32564,4,,,1,77,,32565,4,,,1,37,,32567,4,,,1,77,,32568,4,,,1,37,,32566,4,,,1,77,,32548,4,,,1,77,,32569,4,,,1,37,,32570,4,,,1,77,,32571,4,,,1,77,,32572,4,,,1,37,,32540,4,,,1,77,,32541,4,,,1,37,,32542,4,,,1,77,,32543,4,,,1,77,,32544,4,,,1,36,,32545,4,,,1,77,,32546,4,,,1,37,,32547,4,,,1,69,,32549,4,4,,1,77,,32550,4,4,,1
