9800,'1',639,3,31445,50,,,1,75,3,31444,50,,,1,35,3,31443,50,,,1,75,3,31442,50,,,1,35,3,31441,50,,,1,75,3,31440,50,,,1,98,3,31436,50,,,1,98,3,31433,50,,,1,96,3,31438,50,,,1,98,3,31437,50,,,1,80,3,31425,50,,,1,39,3,31435,50,,,1,80,3,31434,50,,,1,80,3,31432,50,,,1,40,3,31431,50,,,1,80,3,31430,50,,,1,83,3,31429,50,,,1,40,3,31428,50,,,1,92,3,31427,50,,,1,91,3,31426,50,,,1,88,3,31439,50,,,1
9800,'2',638,3,31463,50,,,1,86,3,31462,50,,,1,85,3,31461,50,,,1,94,3,31460,50,,,1,53,3,31459,50,,,1,92,3,31458,50,,,1,94,3,31457,50,,,1,98,3,31456,50,,,1,98,3,31455,50,,,1,97,3,31454,50,,,1,98,3,31453,50,,,1,98,3,31452,50,,,1,99,3,31451,50,,,1,100,3,31450,50,,,1,89,3,31449,50,,,1,91,3,31448,50,,,1,49,3,31447,50,,,1,85,3,31446,50,,,1
9800,'3',822,3,31479,50,,,1,88,3,31478,50,,,1,48,3,31477,50,,,1,93,3,31476,50,,,1,93,3,31475,50,,,1,91,3,31474,50,,,1,93,3,31473,50,,,1,93,3,31472,50,,,1,93,3,31471,50,,,1,93,3,31470,50,,,1,93,43,31469,50,,,1,55,3,31468,50,,,1,88,3,31467,50,,,1,90,3,31466,50,,,1,87,3,31465,50,,,1,88,3,31464,50,,,1
9800,'74',638,3,31497,50,,,1,86,3,31496,50,,,1,85,3,31495,50,,,1,94,3,31494,50,,,1,53,3,31493,50,,,1,92,3,31492,50,,,1,94,3,31491,50,,,1,98,3,31490,50,,,1,98,3,31489,50,,,1,97,3,31488,50,,,1,98,3,31487,50,,,1,98,3,31486,50,,,1,99,3,31485,50,,,1,100,3,31484,50,,,1,89,3,31483,50,,,1,91,3,31482,50,,,1,49,3,31481,50,,,1,85,3,31480,50,,,1
9800,'80',822,3,31513,50,,,1,88,3,31512,50,,,1,48,3,31511,50,,,1,93,3,31510,50,,,1,93,3,31509,50,,,1,91,3,31508,50,,,1,93,3,31507,50,,,1,93,3,31506,50,,,1,93,3,31505,50,,,1,93,3,31504,50,,,1,93,43,31503,50,,,1,55,3,31502,50,,,1,88,3,31501,50,,,1,90,3,31500,50,,,1,87,3,31499,50,,,1,88,3,31498,50,,,1
9801,'1',514,2,31521,9,,,1,35,2,31520,9,,,1,75,2,31519,9,,,1,35,2,31518,9,,,1,75,2,31517,9,,,1,75,2,31516,9,,,1,35,2,31515,9,,,1,75,2,31514,9,,,1,35,2,31525,9,,,1,99,2,31524,9,,,1,98,2,31523,9,,,1,98,2,31522,9,,,1,99,2,31537,9,,,1,80,2,31536,9,,,1,80,2,31535,9,,,1,40,2,31534,9,,,1,80,2,31533,9,,,1,80,2,31532,9,,,1,40,2,31531,9,,,1,79,2,31530,9,,,1,80,2,31529,9,,,1,51,2,31528,9,,,1,90,2,31527,9,,,1,88,2,31526,9,,,1
9801,'2',523,2,31556,9,,,1,86,2,31555,9,,,1,46,2,31554,9,,,1,86,2,31553,9,,,1,86,2,31552,9,,,1,94,2,31551,9,,,1,94,2,31550,9,,,1,96,2,31549,9,,,1,94,2,31548,9,,,1,100,2,31547,9,,,1,98,2,31546,9,,,1,98,42,31545,9,,,1,57,2,31544,9,,,1,98,2,31543,9,,,1,98,2,31542,9,,,1,97,2,31541,9,,,1,87,2,31540,9,,,1,89,2,31539,9,,,1,89,2,31538,9,,,1
9801,'3',704,2,31573,9,,,1,48,2,31574,9,,,1,88,2,31572,9,,,1,88,2,31571,9,,,1,88,2,31570,9,,,1,94,2,31569,9,,,1,93,2,31568,9,,,1,53,2,31567,9,,,1,94,2,31566,9,,,1,93,2,31565,9,,,1,93,2,31564,9,,,1,93,2,31563,9,,,1,93,2,31562,9,,,1,93,2,31561,9,,,1,87,2,31560,9,,,1,48,2,31559,9,,,1,87,2,31558,9,,,1,88,2,31557,9,,,1
9801,'74',523,2,31593,9,,,1,86,2,31592,9,,,1,46,2,31591,9,,,1,86,2,31590,9,,,1,86,2,31589,9,,,1,94,2,31588,9,,,1,94,2,31587,9,,,1,96,2,31586,9,,,1,94,2,31585,9,,,1,100,2,31584,9,,,1,98,2,31583,9,,,1,98,42,31582,9,,,1,57,2,31581,9,,,1,98,2,31580,9,,,1,98,2,31579,9,,,1,97,2,31578,9,,,1,87,2,31577,9,,,1,89,2,31576,9,,,1,89,2,31575,9,,,1
9801,'80',704,2,31610,9,,,1,48,2,31611,9,,,1,88,2,31609,9,,,1,88,2,31608,9,,,1,88,2,31607,9,,,1,94,2,31606,9,,,1,93,2,31605,9,,,1,53,2,31604,9,,,1,94,2,31603,9,,,1,93,2,31602,9,,,1,93,2,31601,9,,,1,93,2,31600,9,,,1,93,2,31599,9,,,1,93,2,31598,9,,,1,87,2,31597,9,,,1,48,2,31596,9,,,1,87,2,31595,9,,,1,88,2,31594,9,,,1
989900,'1',2140,,36830,93,,,1,73,,36831,93,,,1,38,,36832,93,,,1,78,,36833,93,,,1,75,,36834,93,,,1,32,,36835,93,,,1,75,,36836,93,,,1,35,,36837,93,,,1,73,,36838,93,4,,1,35,,36839,93,4,,1,79,,36840,93,4,,1
989900,'2',2145,,36841,93,,,1,94,,36842,93,,,1,85,,36843,93,,,1,91,,36844,93,,,1,86,,36845,93,,,1,46,,36846,93,,,1,80,,36847,93,4,,1,86,,36848,93,4,,1,46,,36849,93,4,,1
989900,'3',2159,,36850,93,,,1,90,,36851,93,,,1,84,,36852,93,,,1,90,,36853,93,,,1,79,,36854,93,,,1,43,,36855,93,,,1,78,,36856,93,4,,1,83,,36857,93,4,,1,43,,36858,93,4,,1
989900,'74',2145,,36859,93,,,1,94,,36860,93,,,1,85,,36861,93,,,1,91,,36862,93,,,1,86,,36863,93,,,1,46,,36864,93,,,1,80,,36865,93,4,,1,86,,36866,93,4,,1,46,,36867,93,4,,1
989900,'80',2159,,36868,93,,,1,90,,36869,93,,,1,84,,36870,93,,,1,90,,36871,93,,,1,79,,36872,93,,,1,43,,36873,93,,,1,78,,36874,93,4,,1,83,,36875,93,4,,1,43,,36876,93,4,,1
989901,'1',2156,,36877,9,,,1,72,,36878,9,,,1,78,,36879,9,,,1,37,,36880,9,,,1,75,,36881,9,,,1,32,,36882,9,,,1,75,,36883,9,,,1,75,,36884,9,,,1
989901,'2',2201,,36885,9,,,1,54,,36886,9,,,1,83,,36887,9,,,1,91,,36890,9,,,1,85,,36888,9,,,1,86,,36889,9,,,1
989901,'3',2214,,36891,9,,,1,90,,36892,9,,,1,43,,36893,9,,,1,90,,36894,9,,,1,79,,36895,9,,,1,43,,36896,9,,,1
989901,'74',2201,,36897,9,,,1,54,,36898,9,,,1,83,,36899,9,,,1,91,,36902,9,,,1,85,,36900,9,,,1,86,,36901,9,,,1
989901,'80',2214,,36903,9,,,1,90,,36904,9,,,1,43,,36905,9,,,1,90,,36906,9,,,1,79,,36907,9,,,1,43,,36908,9,,,1
