801,'1',512,,14130,15,0,19 20,1,15,,14131,15,0,19 20,1,16,,14129,15,0,19 20,1,16,,14132,15,0,19 20,1,56,,14133,15,0,19 20,1,16,,14134,15,0,19 20,1,16,,14135,15,0,19 20,1,56,,14136,15,0,19 20,1,16,,14137,15,0,19 20,1,14,,14182,1,0,19 20,1,5,,14138,15,0,19 20,1,16,,14139,15,0,19 20,1,56,,14140,15,0,19 20,1,18,,14141,15,0,19 20,1,16,,14142,15,,,1,12,,14143,15,0,19 20,1,68,,14144,15,0,19 20,1,28,,14145,15,0,19 20,1,68,,14146,15,0,19 20,1,28,,14147,15,0,19 20,1,68,,14148,15,0,19 20,1,28,,14149,15,0,19 20,1,68,,14150,15,0,19 20,1,28,,14151,15,0,19 20,1,68,,14152,15,0,19 20,1,28,,14153,15,0,19 20,1,16,,14183,1,0,19 20,1,52,,14154,15,0,19 20,1,17,,14184,1,0,19 20,1,11,,14155,15,0,19 20,1,21,,14156,15,0,19 20,1,56,,14157,15,0,19 20,1,16,,14158,15,0,19 20,1,16,,14159,15,0,19 20,1,16,,14160,15,0,19 20,1,56,,14161,15,0,19 20,1,16,,14162,15,0,19 20,1,16,,14163,15,0,19 20,1,56,,14164,15,0,19 20,1,14,,14165,15,0,19 20,1,16,,14166,15,0,19 20,1,16,,14167,15,0,19 20,1,56,,14168,15,0,19 20,1,16,,14169,15,0,19 20,1,16,,14170,15,0,19 20,1,16,,14171,15,0,19 20,1,56,,14172,15,0,19 20,1,16,,14173,15,0,19 20,1,16,,14174,15,,,1,16,,14175,15,0,19 20,1,65,,14176,15,0,19 20,1,25,,14181,15,0,19 20,1,65,,14177,15,0,19 20,1,25,,14178,15,0,19 20,1,65,,14179,15,0,19 20,1,25,,14180,15,0,19 20,1,25,,14185,15,0,19 20,1,65,,14186,15,0,19 20,1,25,,14187,15,0,19 20,1,65,,14188,15,,,1
801,'2',734,,14190,15,0,19 20,1,68,,14189,15,0,19 20,1,14,,14222,15,0,19 20,1,33,,14191,15,0,19 20,1,68,,14192,15,0,19 20,1,28,,14193,15,0,19 20,1,67,,14194,15,0,19 20,1,28,,14195,15,0,19 20,1,73,,14196,15,0,19 20,1,28,,14197,15,0,19 20,1,68,,14198,15,0,19 20,1,28,,14199,15,0,19 20,1,68,,14200,15,0,19 20,1,28,,14201,15,0,19 20,1,68,,14202,15,0,19 20,1,28,,14203,15,0,19 20,1,28,,14204,15,0,19 20,1,68,,14205,15,0,19 20,1,28,,14206,15,0,19 20,1,68,,14207,15,0,19 20,1,28,,14208,15,0,19 20,1,68,,14209,15,0,19 20,1,28,,14210,15,0,19 20,1,69,,14211,15,0,19 20,1,28,,14212,15,0,19 20,1,68,,14213,15,0,19 20,1,28,,14214,15,0,19 20,1,68,,14215,15,0,19 20,1,28,,14216,15,0,19 20,1,68,,14217,15,0,19 20,1,28,,14218,15,0,19 20,1,28,,14219,15,0,19 20,1,68,,14220,15,0,19 20,1,29,,14221,15,0,19 20,1,70,,14223,15,0,19 20,1,30,,14224,15,0,19 20,1
801,'3',729,,14225,15,0,19 20,1,94,,14239,15,0,19 20,1,20,,14226,15,0,19 20,1,73,,14240,15,0,19 20,1,24,,14227,15,0,19 20,1,67,,14228,15,0,19 20,1,28,,14229,15,0,19 20,1,67,,14230,15,0,19 20,1,27,,14231,15,0,19 20,1,27,,14232,15,0,19 20,1,67,,14233,15,0,19 20,1,27,,14234,15,0,19 20,1,64,,14235,15,0,19 20,1,27,,14236,15,0,19 20,1,68,,14237,15,0,19 20,1,27,,14238,15,0,19 20,1,66,,14241,15,0,19 20,1,27,,14242,15,0,19 20,1,27,,14243,15,0,19 20,1,67,,14244,15,0,19 20,1,27,,14245,15,0,19 20,1,67,,14246,15,0,19 20,1,28,,14247,15,0,19 20,1,67,,14248,15,0,19 20,1,27,,14249,15,,,1,67,,14250,15,0,19 20,1,27,,14251,15,,,1,91,,14252,15,0,19 20,1,113,,14253,15,,,1
801,'80',729,,14254,15,0,19 20,1,94,,14281,15,0,19 20,1,20,,14255,15,0,19 20,1,73,,14282,15,0,19 20,1,24,,14256,15,0,19 20,1,67,,14257,15,0,19 20,1,28,,14258,15,0,19 20,1,67,,14259,15,0,19 20,1,27,,14260,15,0,19 20,1,27,,14261,15,0,19 20,1,67,,14262,15,0,19 20,1,27,,14263,15,0,19 20,1,64,,14264,15,0,19 20,1,27,,14265,15,0,19 20,1,68,,14266,15,0,19 20,1,27,,14267,15,0,19 20,1,66,,14268,15,0,19 20,1,27,,14269,15,0,19 20,1,27,,14270,15,0,19 20,1,67,,14271,15,0,19 20,1,27,,14272,15,0,19 20,1,67,,14273,15,0,19 20,1,28,,14274,15,0,19 20,1,67,,14275,15,0,19 20,1,27,,14276,15,,,1,67,,14277,15,0,19 20,1,27,,14278,15,,,1,91,,14279,15,0,19 20,1,113,,14280,15,,,1
30400,'1',624,,19945,28,,,1,25,,19950,28,,,1,58,,19946,28,,,1,23,,19947,28,,,1,23,,19948,28,,,1,57,,19949,28,,,1
52201,'1',958,,20776,38,,,1,160,,20773,38,,,1,119,,20774,38,,,1,119,,20775,38,,,1,159,,20778,38,,,1,115,,20779,38,,,1,119,,20780,38,,,1
6030101,'1',600,,23312,7,,,1,17,,23313,7,,,1,18,,23314,7,,,1,18,,23315,7,,,1,58,,23316,7,,,1,21,,23317,7,,,1,18,,23318,7,,,1,62,,23319,7,,,1,18,,23320,7,,,1,18,,23321,7,,,1,54,,23322,7,,,1,18,,23323,7,,,1,21,,23324,7,,,1,62,,23325,7,,,1,22,,23326,7,,,1,23,,23327,7,,,1,62,,23328,7,,,1,22,,23329,7,,,1,22,,23330,7,,,1,62,,23331,7,,,1,22,,23332,7,,,1,62,,23333,7,,,1,22,,23334,7,,,1,22,,23335,7,,,1,62,,23336,7,,,1,22,,23337,7,,,1,22,,23338,7,,,1,59,,23339,7,,,1,16,,23340,7,,,1,16,,23341,7,,,1,16,,23342,7,,,1,56,,23343,7,,,1,16,,23344,7,,,1,16,,23345,7,,,1,56,,23346,7,,,1,16,,23347,7,,,1,16,,23348,7,,,1,16,,23349,7,,,1,56,,23350,7,,,1,14,,23351,7,,,1,16,,23352,7,,,1,16,,23353,7,,,1,56,,23354,7,,,1,19,,23355,7,,,1,30,,23356,7,,,1,69,,23357,7,,,1,30,,23358,7,,,1,70,,23359,7,,,1,30,,23360,7,,,1,69,,23361,7,,,1,80,,23362,7,,,1,41,,23363,7,,,1,80,,23364,7,,,1
6030101,'2',616,,23365,7,,,1,40,,23366,7,,,1,81,,23367,7,,,1,80,,23368,7,,,1,41,,23369,7,,,1,84,,23370,7,,,1,79,,23371,7,,,1,87,,23385,7,,,1,38,,23384,7,,,1,80,,23372,7,,,1,78,,23373,7,,,1,38,,23374,7,,,1,78,,23375,7,,,1,37,,23376,7,,,1,80,,23377,7,,,1,78,,23378,7,,,1,38,,23379,7,,,1,74,,23380,7,,,1,84,,23381,7,,,1,32,,23382,7,,,1,75,,23383,7,,,1,90,,23389,7,,,1,38,,23388,7,,,1,80,,23386,7,,,1,81,,23387,7,,,1,93,,23391,7,,,1,50,,23390,7,,,1,92,,23395,7,,,1,92,,23396,7,,,1
6030101,'3',752,,23397,7,,,1,76,,23398,7,,,1,79,,23399,7,,,1,43,,23408,7,,,1,84,,23400,7,,,1,81,,23401,7,,,1,42,,23402,7,,,1,84,,23403,7,,,1,82,,23404,7,,,1,84,,23405,7,,,1,40,,23406,7,,,1,82,,23407,7,,,1,81,,23418,7,,,1,37,,23409,7,,,1,77,,23410,7,,,1,76,,23411,7,,,1,34,,23412,7,,,1,76,,23413,7,,,1,36,,23414,7,,,1,72,,23415,7,,,1,38,,23416,7,,,1,74,,23417,7,,,1,95,,23419,7,,,1,106,,23420,7,,,1,106,,23421,7,,,1,106,,23425,7,,,1
6030101,'80',752,,23426,7,,,1,76,,23427,7,,,1,79,,23428,7,,,1,43,,23437,7,,,1,84,,23429,7,,,1,81,,23430,7,,,1,42,,23431,7,,,1,84,,23432,7,,,1,82,,23433,7,,,1,84,,23434,7,,,1,40,,23435,7,,,1,82,,23436,7,,,1,81,,23447,7,,,1,37,,23438,7,,,1,77,,23439,7,,,1,76,,23440,7,,,1,34,,23441,7,,,1,76,,23442,7,,,1,36,,23443,7,,,1,72,,23444,7,,,1,38,,23445,7,,,1,74,,23446,7,,,1,95,,23448,7,,,1,106,,23449,7,,,1,106,,23450,7,,,1,106,,23454,7,,,1
