9601,'1',458,,31339,28,,,1,68,,31340,28,,,1,29,,31341,28,,,1,70,,31342,28,,,1,77,,31343,28,,,1,35,,31344,28,,,1,78,,31345,28,,,1,31,,31346,28,,,1,74,,31347,28,,,1,32,,31348,28,,,1,79,,31349,28,,,1,80,,31350,28,,,1,43,,31351,28,,,1,75,,31352,28,,,1,72,,31353,28,,,1,46,,31354,28,,,1,81,,31355,28,,,1,18,,31374,28,,,1,61,,31356,28,,,1,28,,31357,28,,,1,67,,31358,28,,,1,27,,31359,28,,,1,27,,31360,28,,,1,67,,31361,28,,,1,25,,31362,28,,,1,63,,31363,28,,,1,25,,31364,28,,,1,65,,31365,28,,,1,25,,31366,28,,,1,24,,31367,28,,,1,65,,31368,28,,,1,29,,31369,28,,,1,70,,31370,28,,,1,30,,31371,28,,,1,70,,31372,28,,,1,24,,31373,28,,,1
9601,'2',824,,31375,28,,,1,99,,31376,28,,,1,100,,31377,28,,,1,99,,31378,28,,,1,99,,31379,28,,,1,99,,31380,28,,,1,99,,31381,28,,,1,99,,31382,28,,,1,99,,31383,28,,,1,99,,31384,28,,,1,89,,31385,28,,,1,52,,31386,28,,,1,97,,31387,28,,,1
9601,'3',924,,31388,28,,,1,94,,31389,28,,,1,94,,31390,28,,,1,94,,31391,28,,,1,94,,31392,28,,,1,54,,31393,28,,,1,95,,31394,28,,,1,94,,31395,28,,,1,91,,31396,28,,,1,94,,31397,28,,,1,94,,31398,28,,,1,94,,31399,28,,,1
9601,'74',824,,31400,28,,,1,99,,31401,28,,,1,100,,31402,28,,,1,99,,31403,28,,,1,99,,31404,28,,,1,99,,31405,28,,,1,99,,31406,28,,,1,99,,31407,28,,,1,99,,31408,28,,,1,99,,31409,28,,,1,89,,31410,28,,,1,52,,31411,28,,,1,97,,31412,28,,,1
9601,'80',924,,31413,28,,,1,94,,31414,28,,,1,94,,31415,28,,,1,94,,31416,28,,,1,94,,31417,28,,,1,54,,31418,28,,,1,95,,31419,28,,,1,94,,31420,28,,,1,91,,31421,28,,,1,94,,31422,28,,,1,94,,31423,28,,,1,94,,31424,28,,,1
9801,'1',534,,31521,37,,,1,75,,31520,37,,,1,36,,31519,37,,,1,75,,31518,37,,,1,36,,31517,37,,,1,75,,31516,37,,,1,75,,31515,37,,,1,35,,31514,37,,,1,75,,31525,37,,,1,101,,31524,37,,,1,98,,31523,37,,,1,98,,31522,37,,,1,101,,31537,37,,,1,40,,31536,37,,,1,80,,31535,37,,,1,80,,31534,37,,,1,40,,31533,37,,,1,80,,31532,37,,,1,80,,31531,37,,,1,37,,31530,37,,,1,78,,31529,37,,,1,91,,31528,37,,,1,87,,31527,37,,,1,48,,31526,37,,,1
9801,'2',541,,31556,37,,,1,86,,31555,37,,,1,86,,31554,37,,,1,46,,31553,37,,,1,88,,31552,37,,,1,96,,31551,37,,,1,94,,31550,37,,,1,97,,31549,37,,,1,94,,31548,37,,,1,102,,31547,37,,,1,98,,31546,37,,,1,98,,31545,37,,,1,95,,31544,37,,,1,98,,31543,37,,,1,98,,31542,37,,,1,95,,31541,37,,,1,46,,31540,37,,,1,89,,31539,37,,,1,87,,31538,37,,,1
9801,'3',724,,31573,37,,,1,88,,31574,37,,,1,88,,31572,37,,,1,48,,31571,37,,,1,88,,31570,37,,,1,96,,31569,37,,,1,93,,31568,37,,,1,93,,31567,37,,,1,95,,31566,37,,,1,93,,31565,37,,,1,53,,31564,37,,,1,93,,31563,37,,,1,93,,31562,37,,,1,90,,31561,37,,,1,87,,31560,37,,,1,86,,31559,37,,,1,47,,31558,37,,,1,88,,31557,37,,,1
9801,'74',541,,31593,37,,,1,86,,31592,37,,,1,86,,31591,37,,,1,46,,31590,37,,,1,88,,31589,37,,,1,96,,31588,37,,,1,94,,31587,37,,,1,97,,31586,37,,,1,94,,31585,37,,,1,102,,31584,37,,,1,98,,31583,37,,,1,98,,31582,37,,,1,95,,31581,37,,,1,98,,31580,37,,,1,98,,31579,37,,,1,95,,31578,37,,,1,46,,31577,37,,,1,89,,31576,37,,,1,87,,31575,37,,,1
9801,'80',724,,31610,37,,,1,88,,31611,37,,,1,88,,31609,37,,,1,48,,31608,37,,,1,88,,31607,37,,,1,96,,31606,37,,,1,93,,31605,37,,,1,93,,31604,37,,,1,95,,31603,37,,,1,93,,31602,37,,,1,53,,31601,37,,,1,93,,31600,37,,,1,93,,31599,37,,,1,90,,31598,37,,,1,87,,31597,37,,,1,86,,31596,37,,,1,47,,31595,37,,,1,88,,31594,37,,,1
989901,'1',2214,,36877,37,,,1,31,,36878,37,,,1,78,,36879,37,,,1,36,,36880,37,,,1,75,,36881,37,,,1,71,,36882,37,,,1,35,,36883,37,,,1,75,,36884,37,,,1
989901,'2',2220,,36885,37,,,1,91,,36886,37,,,1,43,,36887,37,,,1,91,,36890,37,,,1,85,,36888,37,,,1,86,,36889,37,,,1
989901,'3',2232,,36891,37,,,1,88,,36892,37,,,1,83,,36893,37,,,1,49,,36894,37,,,1,79,,36895,37,,,1,83,,36896,37,,,1
989901,'74',2220,,36897,37,,,1,91,,36898,37,,,1,43,,36899,37,,,1,91,,36902,37,,,1,85,,36900,37,,,1,86,,36901,37,,,1
989901,'80',2232,,36903,37,,,1,88,,36904,37,,,1,83,,36905,37,,,1,49,,36906,37,,,1,79,,36907,37,,,1,83,,36908,37,,,1
