9900,'1',348,,31638,12,,,1,80,,31639,12,,,1,72,,31612,32,,,1,42,,31613,32,,,1,80,,31614,32,,,1,83,,31615,32,,,1,96,,31616,32,,,1,35,,31617,32,,,1,77,,31618,32,,,1,32,,31619,32,,,1,75,,31620,32,,,1,35,,31621,32,,,1,98,,31622,32,,,1,94,,31623,32,,,1,94,,31624,32,,,1,94,,31625,32,,,1,76,,31637,32,,,1,31,,31636,32,,,1,69,,31626,32,,,1,30,,31627,32,,,1,70,,31628,32,,,1,30,,31629,32,,,1,70,,31630,32,,,1,26,,31631,32,,,1,70,,31632,32,,,1,24,,31633,32,,,1,70,,31634,32,,,1,27,,31635,32,,,1
9900,'2',508,,31658,12,,,1,37,,31659,12,,,1,74,,31640,32,,,1,39,,31641,32,,,1,78,,31655,32,,,1,90,,31654,32,,,1,87,,31642,32,,,1,87,,31643,32,,,1,47,,31644,32,,,1,89,,31645,32,,,1,107,,31646,32,,,1,95,,31647,32,,,1,95,,31648,32,,,1,97,,31649,32,,,1,95,,31650,32,,,1,93,,31651,32,,,1,95,,31652,32,,,1,95,,31653,32,,,1,46,,31657,32,,,1,90,,31656,32,,,1
9900,'3',510,,31678,12,,,1,38,,31679,12,,,1,80,,31660,32,,,1,78,,31661,32,,,1,38,,31662,32,,,1,78,,31663,32,,,1,93,,31680,32,,,1,89,,31664,32,,,1,49,,31665,32,,,1,89,,31666,32,,,1,93,,31667,32,,,1,89,,31668,32,,,1,89,,31669,32,,,1,89,,31670,32,,,1,49,,31671,32,,,1,89,,31672,32,,,1,89,,31673,32,,,1,87,,31674,32,,,1,89,,31675,32,,,1,49,,31676,32,,,1,82,,31677,32,,,1
9900,'74',508,,31699,12,,,1,37,,31700,12,,,1,74,,31681,32,,,1,39,,31682,32,,,1,78,,31696,32,,,1,90,,31695,32,,,1,87,,31683,32,,,1,87,,31684,32,,,1,47,,31685,32,,,1,89,,31686,32,,,1,107,,31687,32,,,1,95,,31688,32,,,1,95,,31689,32,,,1,97,,31690,32,,,1,95,,31691,32,,,1,93,,31692,32,,,1,95,,31693,32,,,1,95,,31694,32,,,1,46,,31698,32,,,1,90,,31697,32,,,1
9900,'80',510,,31719,12,,,1,38,,31720,12,,,1,80,,31701,32,,,1,78,,31702,32,,,1,38,,31703,32,,,1,78,,31704,32,,,1,93,,31721,32,,,1,89,,31705,32,,,1,49,,31706,32,,,1,89,,31707,32,,,1,93,,31708,32,,,1,89,,31709,32,,,1,89,,31710,32,,,1,89,,31711,32,,,1,49,,31712,32,,,1,89,,31713,32,,,1,89,,31714,32,,,1,87,,31715,32,,,1,89,,31716,32,,,1,49,,31717,32,,,1,82,,31718,32,,,1
989900,'1',2059,,36830,32,,,1,76,,36831,32,,,1,78,,36832,32,,,1,38,,36833,32,,,1,75,,36834,32,,,1,33,,36835,32,,,1,75,,36836,32,,,1,75,,36837,32,,,1,35,,36838,32,0,5 6,1,75,,36839,32,0,5 6,1,40,,36840,32,0,5 6,1
989900,'2',2103,,36841,32,,,1,54,,36842,32,,,1,89,,36843,32,,,1,93,,36844,32,,,1,86,,36845,32,,,1,86,,36846,32,,,1,45,,36847,32,0,5 6,1,86,,36848,32,0,5 6,1,86,,36849,32,0,5 6,1
989900,'3',2121,,36850,32,,,1,90,,36851,32,,,1,46,,36852,32,,,1,90,,36853,32,,,1,82,,36854,32,,,1,83,,36855,32,,,1,40,,36856,32,0,5 6,1,83,,36857,32,0,5 6,1,83,,36858,32,0,5 6,1
989900,'74',2103,,36859,32,,,1,54,,36860,32,,,1,89,,36861,32,,,1,93,,36862,32,,,1,86,,36863,32,,,1,86,,36864,32,,,1,45,,36865,32,0,5 6,1,86,,36866,32,0,5 6,1,86,,36867,32,0,5 6,1
989900,'80',2121,,36868,32,,,1,90,,36869,32,,,1,46,,36870,32,,,1,90,,36871,32,,,1,82,,36872,32,,,1,83,,36873,32,,,1,40,,36874,32,0,5 6,1,83,,36875,32,0,5 6,1,83,,36876,32,0,5 6,1
