9600,'1',625,,31260,30,,,1,83,,31259,30,,,1,31,,31258,30,,,1,77,,31257,30,,,1,27,,31256,30,,,1,79,,31253,30,,,1,34,,31254,30,,,1,70,,31255,30,,,1,32,,31268,30,,,1,70,,31267,30,,,1,79,,31261,30,,,1,39,,31262,30,,,1,79,,31263,30,,,1,83,,31264,30,,,1,25,,31265,30,,,1,86,,31266,30,,,1,83,,31274,30,,,1,27,,31273,30,,,1,30,,31272,30,,,1,67,,31269,30,,,1,27,,31270,30,,,1,62,,31271,30,,,1,27,,31277,30,,,1,64,,31278,30,,,1,13,,31288,30,,,1,12,,31276,30,,,1,25,,31275,30,,,1,74,,31285,30,,,1,70,,31284,30,,,1,15,,31287,30,,,1,14,,31279,30,,,1,30,,31280,30,,,1,70,,31281,30,,,1,30,,31282,30,,,1,70,,31283,30,,,1,17,,31286,30,,,1
9600,'2',950,,31289,30,,,1,99,,31290,30,,,1,99,,31291,30,,,1,99,,31292,30,,,1,99,,31293,30,,,1,99,,31294,30,,,1,98,,31295,30,,,1,99,,31296,30,,,1,95,,31297,30,,,1,97,,31298,30,,,1,87,,31299,30,,,1,86,,31300,30,,,1,97,,31301,30,,,1
9600,'3',1043,,31302,30,,,1,94,,31303,30,,,1,94,,31304,30,,,1,94,,31305,30,,,1,94,,31306,30,,,1,94,,31307,30,,,1,94,,31308,30,,,1,94,,31309,30,,,1,52,,31310,30,,,1,94,,31311,30,,,1,94,,31312,30,,,1,92,,31313,30,,,1
9600,'74',950,,31314,30,,,1,99,,31315,30,,,1,99,,31316,30,,,1,99,,31317,30,,,1,99,,31318,30,,,1,99,,31319,30,,,1,98,,31320,30,,,1,99,,31321,30,,,1,95,,31322,30,,,1,97,,31323,30,,,1,87,,31324,30,,,1,86,,31325,30,,,1,97,,31326,30,,,1
9600,'80',1043,,31327,30,,,1,94,,31328,30,,,1,94,,31329,30,,,1,94,,31330,30,,,1,94,,31331,30,,,1,94,,31332,30,,,1,94,,31333,30,,,1,94,,31334,30,,,1,52,,31335,30,,,1,94,,31336,30,,,1,94,,31337,30,,,1,92,,31338,30,,,1
10700,'1',504,,32223,30,,,1,24,,32222,30,,,1,24,,32221,30,,,1,64,,32220,30,,,1,22,,32219,30,,,1,16,,32218,30,,,1,61,,32217,30,,,1,11,,32216,30,,,1,16,,32215,30,,,1,59,,32214,30,,,1,16,,32213,30,,,1,12,,32212,30,,,1,15,,32211,30,,,1,56,,32210,30,,,1,15,,32209,30,,,1,41,,32208,30,,,1,82,,32207,30,,,1,82,,32206,30,,,1,82,,32205,30,,,1,47,,32204,30,,,1,80,,32203,30,,,1,28,,32199,9,,,1,54,,32202,30,,,1,22,,32201,30,,,1,18,,32200,30,,,1,58,,32251,30,,,1,19,,32250,30,,,1,21,,32249,30,,,1,58,,32248,30,,,1,18,,32247,30,,,1,24,,32246,30,,,1,56,,32245,30,,,1,18,,32244,30,,,1,16,,32243,30,,,1,20,,32242,30,,,1,56,,32241,30,,,1,18,,32240,30,,,1,12,,32239,30,,,1,58,,32238,30,,,1,37,,32237,30,,,1,81,,32236,30,,,1,38,,32235,30,,,1,79,,32234,30,,,1,74,,32233,30,,,1,34,,32232,30,,,1,74,,32231,30,,,1,34,,32230,30,,,1,74,,32229,30,,,1,74,,32228,30,,,1,34,,32227,30,,,1,74,,32226,30,,,1,29,,32225,30,,,1,74,,32224,30,,,1
10700,'2',638,,32254,30,,,1,79,,32253,30,,,1,37,,32252,30,,,1,77,,32255,30,,,1,77,,32256,30,,,1,37,,32257,30,,,1,77,,32258,30,,,1,37,,32259,30,,,1,77,,32260,30,,,1,77,,32261,30,,,1,36,,32262,30,,,1,77,,32263,30,,,1,77,,32264,30,,,1,37,,32265,30,,,1,77,,32266,30,,,1,37,,32267,30,,,1,75,,32268,30,,,1,77,,32269,30,,,1,37,,32270,30,,,1,77,,32271,30,,,1,37,,32272,30,,,1,77,,32273,30,,,1,77,,32274,30,,,1,37,,32275,30,,,1,77,,32276,30,,,1,77,,32277,30,,,1,37,,32278,30,,,1,77,,32279,30,,,1,37,,32280,30,,,1,77,,32281,30,,,1,77,,32282,30,,,1,35,,32283,30,,,1,77,,32285,30,,,1,37,,32284,30,,,1
10700,'3',723,,32297,9,,,1,77,,32298,9,,,1,28,,32299,30,,,1,77,,32300,30,,,1,37,,32301,30,,,1,77,,32302,30,,,1,37,,32303,30,,,1,77,,32304,30,,,1,77,,32305,30,,,1,37,,32306,30,,,1,77,,32307,30,,,1,77,,32308,30,,,1,36,,32309,30,,,1,77,,32310,30,,,1,37,,32314,30,,,1,77,,32313,30,,,1,77,,32315,30,,,1,37,,32316,30,,,1,77,,32317,30,,,1,37,,32318,30,,,1,77,,32286,30,,,1,77,,32287,30,,,1,37,,32288,30,,,1,77,,32311,30,,,1,77,,32289,30,,,1,37,,32290,30,,,1,77,,32291,30,,,1,37,,32292,30,,,1,77,,32293,30,,,1,77,,32294,30,,,1,37,,32295,30,,,1,77,,32312,30,,,1,37,,32296,30,,,1
10700,'74',638,,32321,30,,,1,79,,32320,30,,,1,37,,32319,30,,,1,77,,32322,30,,,1,77,,32323,30,,,1,37,,32324,30,,,1,77,,32325,30,,,1,37,,32326,30,,,1,77,,32327,30,,,1,77,,32328,30,,,1,36,,32329,30,,,1,77,,32330,30,,,1,77,,32331,30,,,1,37,,32332,30,,,1,77,,32333,30,,,1,37,,32334,30,,,1,75,,32335,30,,,1,77,,32336,30,,,1,37,,32337,30,,,1,77,,32338,30,,,1,37,,32339,30,,,1,77,,32340,30,,,1,77,,32341,30,,,1,37,,32342,30,,,1,77,,32343,30,,,1,77,,32344,30,,,1,37,,32345,30,,,1,77,,32346,30,,,1,37,,32347,30,,,1,77,,32348,30,,,1,77,,32349,30,,,1,35,,32350,30,,,1,77,,32352,30,,,1,37,,32351,30,,,1
10700,'80',723,,32364,9,,,1,77,,32365,9,,,1,28,,32366,30,,,1,77,,32367,30,,,1,37,,32368,30,,,1,77,,32369,30,,,1,37,,32370,30,,,1,77,,32371,30,,,1,77,,32372,30,,,1,37,,32373,30,,,1,77,,32374,30,,,1,77,,32375,30,,,1,36,,32376,30,,,1,77,,32377,30,,,1,37,,32381,30,,,1,77,,32380,30,,,1,77,,32382,30,,,1,37,,32383,30,,,1,77,,32384,30,,,1,37,,32385,30,,,1,77,,32353,30,,,1,77,,32354,30,,,1,37,,32355,30,,,1,77,,32378,30,,,1,77,,32356,30,,,1,37,,32357,30,,,1,77,,32358,30,,,1,37,,32359,30,,,1,77,,32360,30,,,1,77,,32361,30,,,1,37,,32362,30,,,1,77,,32379,30,,,1,37,,32363,30,,,1
