8500,'1',542,,29617,5,,,1,16,,29618,5,,,1,56,,29619,5,,,1,16,,29620,5,,,1,16,,29621,5,,,1,56,,29622,5,,,1,16,,29623,5,,,1,16,,29624,5,,,1,16,,29625,5,,,1,56,,29626,5,,,1,16,,29627,5,,,1,16,,29628,5,,,1,16,,29629,5,,,1,65,,29630,5,,,1,25,,29631,5,,,1,65,,29632,5,,,1,25,,29633,5,,,1,25,,29634,5,,,1,65,,29635,5,,,1,25,,29636,5,,,1,65,,29637,5,,,1,25,,29638,5,,,1,65,,29639,5,,,1,25,,29640,5,,,1,20,,29641,5,,,1
8500,'2',632,,29697,5,,,1,70,,29698,5,,,1,30,,29699,5,,,1,68,,29700,5,,,1,30,,29701,5,,,1,70,,29702,5,,,1,30,,29703,5,,,1,72,,29704,5,,,1,30,,29705,5,,,1,71,,29669,5,,,1,22,,29670,5,,,1,23,,29671,5,,,1,63,,29672,5,,,1,23,,29673,5,,,1,23,,29674,5,,,1,63,,29675,5,,,1,23,,29676,5,,,1,63,,29677,5,,,1,23,,29678,5,,,1,23,,29679,5,,,1,63,,29680,5,,,1,23,,29681,5,,,1,63,,29682,5,,,1,23,,29683,5,,,1,21,,29684,5,,,1,65,,29685,5,,,1,17,,29686,5,,,1,21,,29687,5,,,1,61,,29688,5,,,1,21,,29689,5,,,1,21,,29690,5,,,1,61,,29691,5,,,1,21,,29692,5,,,1,21,,29693,5,,,1,61,,29694,5,,,1,21,,29695,5,,,1,21,,29696,5,,,1,70,,29706,5,,,1,30,,29707,5,,,1,70,,29708,5,,,1
8500,'3',921,,29709,5,,,1,80,,29710,5,,,1,40,,29711,5,,,1,80,,29712,5,,,1,91,,29713,5,,,1,43,,29714,5,,,1,83,,29715,5,,,1,83,,29716,5,,,1,82,,29717,5,,,1,43,,29718,5,,,1,83,,29719,5,,,1,74,,29720,5,,,1,41,,29721,5,,,1,85,,29722,5,,,1,77,,29723,5,,,1,41,,29724,5,,,1,81,,29725,5,,,1
8500,'74',632,,29756,5,,,1,70,,29757,5,,,1,30,,29758,5,,,1,68,,29759,5,,,1,30,,29760,5,,,1,70,,29761,5,,,1,30,,29762,5,,,1,72,,29763,5,,,1,30,,29764,5,,,1,71,,29728,5,,,1,22,,29729,5,,,1,23,,29730,5,,,1,63,,29731,5,,,1,23,,29732,5,,,1,23,,29733,5,,,1,63,,29734,5,,,1,23,,29735,5,,,1,63,,29736,5,,,1,23,,29737,5,,,1,23,,29738,5,,,1,63,,29739,5,,,1,23,,29740,5,,,1,63,,29741,5,,,1,23,,29742,5,,,1,21,,29743,5,,,1,65,,29744,5,,,1,17,,29745,5,,,1,21,,29746,5,,,1,61,,29747,5,,,1,21,,29748,5,,,1,21,,29749,5,,,1,61,,29750,5,,,1,21,,29751,5,,,1,21,,29752,5,,,1,61,,29753,5,,,1,21,,29754,5,,,1,21,,29755,5,,,1,70,,29765,5,,,1,30,,29766,5,,,1,70,,29767,5,,,1
8500,'80',921,,29768,5,,,1,80,,29769,5,,,1,40,,29770,5,,,1,80,,29771,5,,,1,91,,29772,5,,,1,43,,29773,5,,,1,83,,29774,5,,,1,83,,29775,5,,,1,82,,29776,5,,,1,43,,29777,5,,,1,83,,29778,5,,,1,74,,29779,5,,,1,41,,29780,5,,,1,85,,29781,5,,,1,77,,29782,5,,,1,41,,29783,5,,,1,81,,29784,5,,,1
8501,'1',1356,,29808,56,,,1,65,,29812,56,,,1,25,,29813,56,,,1,66,,29814,56,,,1,16,,29841,56,,,1,16,,29842,56,,,1,56,,29831,56,,,1,16,,29830,56,,,1,16,,29829,56,,,1,70,,29828,56,,,1,25,,29827,56,,,1,16,,29815,56,,,1,59,,29816,56,,,1,13,,29817,56,,,1,6,,29818,56,,,1,16,,29819,56,,,1,11,,29820,56,,,1,59,,29821,56,,,1,13,,29822,56,,,1,16,,29823,56,,,1,16,,29824,56,,,1,56,,29825,56,,,1,13,,29826,56,,,1,32,,29834,56,,,1,63,,29833,56,,,1,25,,29832,56,,,1,62,,29838,56,,,1,29,,29837,56,,,1,70,,29835,56,,,1,32,,29836,56,,,1
8501,'2',2246,,29881,56,,,1,70,,29882,56,,,1
8501,'3',2102,,29883,56,,,1,41,,29884,56,,,1
8501,'74',2246,,29940,56,,,1,70,,29941,56,,,1
8501,'80',2102,,29956,56,,,1,41,,29957,56,,,1
