9601,'1',447,,31339,14,,,1,67,,31340,14,,,1,29,,31341,14,,,1,70,,31342,14,,,1,36,,31343,14,,,1,72,,31344,14,,,1,38,,31345,14,,,1,73,,31346,14,,,1,74,,31347,14,,,1,33,,31348,14,,,1,79,,31349,14,,,1,39,,31350,14,,,1,83,,31351,14,,,1,75,,31352,14,,,1,32,,31353,14,,,1,86,,31354,14,,,1,80,,31355,14,,,1,17,,31374,14,,,1,22,,31356,14,,,1,67,,31357,14,,,1,27,,31358,14,,,1,67,,31359,14,,,1,27,,31360,14,,,1,67,,31361,14,,,1,27,,31362,14,,,1,25,,31363,14,,,1,65,,31364,14,,,1,25,,31365,14,,,1,65,,31366,14,,,1,24,,31367,14,,,1,65,,31368,14,,,1,30,,31369,14,,,1,70,,31370,14,,,1,30,,31371,14,,,1,70,,31372,14,,,1,24,,31373,14,,,1
9601,'2',811,,31375,14,,,1,99,,31376,14,,,1,99,,31377,14,,,1,99,,31378,14,,,1,99,,31379,14,,,1,99,,31380,14,,,1,99,,31381,14,,,1,99,,31382,14,,,1,99,,31383,14,,,1,99,,31384,14,,,1,51,,31385,14,,,1,92,,31386,14,,,1,97,,31387,14,,,1
9601,'3',911,,31388,14,,,1,94,,31389,14,,,1,54,,31390,14,,,1,94,,31391,14,,,1,94,,31392,14,,,1,94,,31393,14,,,1,94,,31394,14,,,1,94,,31395,14,,,1,93,,31396,14,,,1,94,,31397,14,,,1,94,,31398,14,,,1,94,,31399,14,,,1
9601,'74',811,,31400,14,,,1,99,,31401,14,,,1,99,,31402,14,,,1,99,,31403,14,,,1,99,,31404,14,,,1,99,,31405,14,,,1,99,,31406,14,,,1,99,,31407,14,,,1,99,,31408,14,,,1,99,,31409,14,,,1,51,,31410,14,,,1,92,,31411,14,,,1,97,,31412,14,,,1
9601,'80',911,,31413,14,,,1,94,,31414,14,,,1,54,,31415,14,,,1,94,,31416,14,,,1,94,,31417,14,,,1,94,,31418,14,,,1,94,,31419,14,,,1,94,,31420,14,,,1,93,,31421,14,,,1,94,,31422,14,,,1,94,,31423,14,,,1,94,,31424,14,,,1
9801,'1',524,,31521,23,,,1,35,,31520,23,,,1,75,,31519,23,,,1,75,,31518,23,,,1,35,,31517,23,,,1,75,,31516,23,,,1,35,,31515,23,,,1,75,,31514,23,,,1,75,,31525,23,,,1,100,,31524,23,,,1,98,,31523,23,,,1,98,,31522,23,,,1,101,,31537,23,,,1,40,,31536,23,,,1,80,,31535,23,,,1,80,,31534,23,,,1,40,,31533,23,,,1,80,,31532,23,,,1,80,,31531,23,,,1,38,,31530,23,,,1,79,,31529,23,,,1,91,,31528,23,,,1,48,,31527,23,,,1,88,,31526,23,,,1
9801,'2',531,,31556,23,,,1,86,,31555,23,,,1,86,,31554,23,,,1,46,,31553,23,,,1,88,,31552,23,,,1,95,,31551,23,,,1,94,,31550,23,,,1,97,,31549,23,,,1,94,,31548,23,,,1,100,,31547,23,,,1,98,,31546,23,,,1,98,,31545,23,,,1,97,,31544,23,,,1,98,,31543,23,,,1,98,,31542,23,,,1,96,,31541,23,,,1,46,,31540,23,,,1,89,,31539,23,,,1,87,,31538,23,,,1
9801,'3',714,,31573,23,,,1,88,,31574,23,,,1,48,,31572,23,,,1,88,,31571,23,,,1,88,,31570,23,,,1,95,,31569,23,,,1,93,,31568,23,,,1,93,,31567,23,,,1,95,,31566,23,,,1,53,,31565,23,,,1,93,,31564,23,,,1,93,,31563,23,,,1,93,,31562,23,,,1,91,,31561,23,,,1,87,,31560,23,,,1,47,,31559,23,,,1,87,,31558,23,,,1,88,,31557,23,,,1
9801,'74',531,,31593,23,,,1,86,,31592,23,,,1,86,,31591,23,,,1,46,,31590,23,,,1,88,,31589,23,,,1,95,,31588,23,,,1,94,,31587,23,,,1,97,,31586,23,,,1,94,,31585,23,,,1,100,,31584,23,,,1,98,,31583,23,,,1,98,,31582,23,,,1,97,,31581,23,,,1,98,,31580,23,,,1,98,,31579,23,,,1,96,,31578,23,,,1,46,,31577,23,,,1,89,,31576,23,,,1,87,,31575,23,,,1
9801,'80',714,,31610,23,,,1,88,,31611,23,,,1,48,,31609,23,,,1,88,,31608,23,,,1,88,,31607,23,,,1,95,,31606,23,,,1,93,,31605,23,,,1,93,,31604,23,,,1,95,,31603,23,,,1,53,,31602,23,,,1,93,,31601,23,,,1,93,,31600,23,,,1,93,,31599,23,,,1,91,,31598,23,,,1,87,,31597,23,,,1,47,,31596,23,,,1,87,,31595,23,,,1,88,,31594,23,,,1
989901,'1',2204,,36877,23,,,1,32,,36878,23,,,1,78,,36879,23,,,1,36,,36880,23,,,1,75,,36881,23,,,1,32,,36882,23,,,1,75,,36883,23,,,1,75,,36884,23,,,1
989901,'2',2210,,36885,23,,,1,93,,36886,23,,,1,43,,36887,23,,,1,91,,36890,23,,,1,85,,36888,23,,,1,86,,36889,23,,,1
989901,'3',2222,,36891,23,,,1,90,,36892,23,,,1,43,,36893,23,,,1,89,,36894,23,,,1,79,,36895,23,,,1,83,,36896,23,,,1
989901,'74',2210,,36897,23,,,1,93,,36898,23,,,1,43,,36899,23,,,1,91,,36902,23,,,1,85,,36900,23,,,1,86,,36901,23,,,1
989901,'80',2222,,36903,23,,,1,90,,36904,23,,,1,43,,36905,23,,,1,89,,36906,23,,,1,79,,36907,23,,,1,83,,36908,23,,,1
