100,'1',420,,23457,45,,,1,38,,23456,45,,,1,71,,23455,45,,,1,83,,23483,60,,,1,38,,23482,60,,,1,83,,23480,60,,,1,79,,23481,60,,,1,32,,23479,60,,,1,75,,23478,60,,,1,35,,23477,60,,,1,147,,23476,60,,,1,113,,23475,60,,,1,112,,23474,60,,,1,116,,23473,60,,,1,87,,23484,60,,,1,84,,23472,60,,,1,31,,23471,60,,,1,77,,23470,60,,,1,31,,23469,60,,,1,74,,23468,60,,,1,74,,23467,60,,,1,24,,23466,60,,,1,23,,23465,60,,,1,97,,23464,60,,,1,102,,23463,60,,,1,100,,23462,60,,,1,91,,23461,60,,,1,95,,23460,60,,,1,89,,23459,60,,,1,95,,23458,60,,,1
100,'74',618,,23507,45,,,1,96,,23485,60,,,1,103,,23486,60,,,1,107,,23487,60,,,1,103,,23488,60,,,1,112,,23489,60,,,1,96,,23490,60,,,1,87,,23491,60,,,1,103,,23492,60,,,1,92,,23493,60,,,1,92,,23494,60,,,1,92,,23495,60,,,1,46,,23496,60,,,1,92,,23497,60,,,1,91,,23498,60,,,1,80,,23499,60,,,1,92,,23500,60,,,1,50,,23501,60,,,1,97,,23502,60,,,1,97,,23503,60,,,1,94,,23504,60,,,1,92,,23505,60,,,1,96,,23506,60,,,1
100,'80',808,,23523,45,,,1,51,,23508,60,,,1,159,,23509,60,,,1,115,,23510,60,,,1,115,,23511,60,,,1,155,,23512,60,,,1,112,,23513,60,,,1,107,,23514,60,,,1,112,,23515,60,,,1,110,,23516,60,,,1,108,,23517,60,,,1,95,,23518,60,,,1,99,,23519,60,,,1,99,,23520,60,,,1,94,,23521,60,,,1,99,,23522,60,,,1
100,'35296.2',618,,23546,45,,,1,96,,23524,60,,,1,103,,23525,60,,,1,107,,23526,60,,,1,103,,23527,60,,,1,112,,23528,60,,,1,96,,23529,60,,,1,87,,23530,60,,,1,103,,23531,60,,,1,92,,23532,60,,,1,92,,23533,60,,,1,92,,23534,60,,,1,46,,23535,60,,,1,92,,23536,60,,,1,91,,23537,60,,,1,80,,23538,60,,,1,92,,23539,60,,,1,50,,23540,60,,,1,97,,23541,60,,,1,97,,23542,60,,,1,94,,23543,60,,,1,92,,23544,60,,,1,96,,23545,60,,,1
100,'35296.3',808,,23562,45,,,1,51,,23547,60,,,1,159,,23548,60,,,1,115,,23549,60,,,1,115,,23550,60,,,1,155,,23551,60,,,1,112,,23552,60,,,1,107,,23553,60,,,1,112,,23554,60,,,1,110,,23555,60,,,1,108,,23556,60,,,1,95,,23557,60,,,1,99,,23558,60,,,1,99,,23559,60,,,1,94,,23560,60,,,1,99,,23561,60,,,1
100,'35298.2',618,,23615,45,,,1,96,,23614,60,,,1,37,,23563,60,,,1,57,,23564,60,,,1,21,,23565,60,,,1,17,,23566,60,,,1,57,,23567,60,,,1,17,,23568,60,,,1,17,,23569,60,,,1,17,,23570,60,,,1,57,,23571,60,,,1,17,,23572,60,,,1,17,,23573,60,,,1,66,,23574,60,,,1,17,,23575,60,,,1,17,,23576,60,,,1,57,,23577,60,,,1,21,,23578,60,,,1,17,,23579,60,,,1,17,,23580,60,,,1,57,,23581,60,,,1,23,,23582,60,,,1,17,,23583,60,,,1,57,,23584,60,,,1,17,,23585,60,,,1,17,,23586,60,,,1,57,,23587,60,,,1,17,,23588,60,,,1,17,,23589,60,,,1,17,,23590,60,,,1,57,,23591,60,,,1,17,,23592,60,,,1,17,,23593,60,,,1,57,,23594,60,,,1,11,,23595,60,,,1,17,,23596,60,,,1,17,,23597,60,,,1,57,,23598,60,,,1,17,,23599,60,,,1,17,,23600,60,,,1,17,,23601,60,,,1,56,,23602,60,,,1,17,,23603,60,,,1,17,,23604,60,,,1,57,,23605,60,,,1,9,,23606,60,,,1,92,,23607,60,,,1,50,,23608,60,,,1,97,,23609,60,,,1,97,,23610,60,,,1,94,,23611,60,,,1,92,,23612,60,,,1,96,,23613,60,,,1
100,'35298.3',749,,23616,60,,,1,57,,23617,60,,,1,17,,23618,60,,,1,17,,23619,60,,,1,17,,23620,60,,,1,57,,23621,60,,,1,17,,23622,60,,,1,24,,23623,60,,,1,57,,23624,60,,,1,17,,23625,60,,,1,17,,23626,60,,,1,60,,23627,60,,,1,17,,23628,60,,,1,17,,23629,60,,,1,17,,23630,60,,,1,60,,23631,60,,,1,17,,23632,60,,,1,17,,23633,60,,,1,57,,23634,60,,,1,17,,23635,60,,,1,20,,23636,60,,,1,57,,23637,60,,,1,17,,23638,60,,,1,17,,23639,60,,,1,17,,23640,60,,,1,57,,23641,60,,,1,17,,23642,60,,,1,17,,23643,60,,,1,57,,23644,60,,,1,12,,23645,60,,,1,17,,23646,60,,,1,17,,23647,60,,,1,57,,23648,60,,,1,17,,23649,60,,,1,17,,23650,60,,,1,17,,23651,60,,,1,57,,23652,60,,,1,17,,23653,60,,,1,15,,23654,60,,,1,57,,23655,60,,,1,17,,23656,60,,,1,17,,23657,60,,,1,13,,23658,60,,,1,99,,23659,60,,,1,99,,23660,60,,,1,99,,23661,60,,,1,94,,23662,60,,,1,99,,23663,60,,,1
900,'1',538,,26052,3,,,1,65,,26053,3,,,1,41,,26054,3,,,1,73,,26055,3,,,1,33,,26056,3,,,1,73,,26057,3,,,1,33,,26058,3,,,1,73,,26059,3,,,1,84,,26060,3,,,1,44,,26061,3,,,1,84,,26062,3,,,1,84,,26063,3,,,1,84,,26064,3,,,1,44,,26065,3,,,1,82,,26066,3,,,1,74,,26067,3,,,1,34,,26068,3,,,1,82,,26069,3,,,1,82,,26070,3,,,1,34,,26071,3,,,1,78,,26072,3,,,1,38,,26073,3,,,1,78,,26074,3,,,1,78,,26075,3,,,1
900,'2',653,,26096,3,,,1,79,,26097,3,,,1,79,,26076,3,,,1,39,,26077,3,,,1,79,,26078,3,,,1,79,,26079,3,,,1,39,,26080,3,,,1,79,,26081,3,,,1,79,,26082,3,,,1,39,,26083,3,,,1,84,,26084,3,,,1,81,,26085,3,,,1,41,,26086,3,,,1,81,,26087,3,,,1,81,,26088,3,,,1,41,,26089,3,,,1,85,,26090,3,,,1,82,,26091,3,,,1,80,,26092,3,,,1,42,,26093,3,,,1,82,,26094,3,,,1,82,,26095,3,,,1
900,'3',755,,26116,3,,,1,81,,26117,3,,,1,81,,26098,3,,,1,41,,26099,3,,,1,81,,26100,3,,,1,81,,26101,3,,,1,81,,26102,3,,,1,41,,26103,3,,,1,81,,26104,3,,,1,81,,26105,3,,,1,41,,26106,3,,,1,81,,26107,3,,,1,81,,26108,3,,,1,41,,26109,3,,,1,78,,26110,3,,,1,81,,26111,3,,,1,41,,26112,3,,,1,80,,26113,3,,,1,80,,26114,3,,,1,40,,26115,3,,,1
900,'74',653,,26138,3,,,1,79,,26139,3,,,1,79,,26118,3,,,1,39,,26119,3,,,1,79,,26120,3,,,1,79,,26121,3,,,1,39,,26122,3,,,1,79,,26123,3,,,1,79,,26124,3,,,1,39,,26125,3,,,1,84,,26126,3,,,1,81,,26127,3,,,1,41,,26128,3,,,1,81,,26129,3,,,1,81,,26130,3,,,1,41,,26131,3,,,1,85,,26132,3,,,1,82,,26133,3,,,1,80,,26134,3,,,1,42,,26135,3,,,1,82,,26136,3,,,1,82,,26137,3,,,1
900,'80',755,,26158,3,,,1,81,,26159,3,,,1,81,,26140,3,,,1,41,,26141,3,,,1,81,,26142,3,,,1,81,,26143,3,,,1,81,,26144,3,,,1,41,,26145,3,,,1,81,,26146,3,,,1,81,,26147,3,,,1,41,,26148,3,,,1,81,,26149,3,,,1,81,,26150,3,,,1,41,,26151,3,,,1,78,,26152,3,,,1,81,,26153,3,,,1,41,,26154,3,,,1,80,,26155,3,,,1,80,,26156,3,,,1,40,,26157,3,,,1
