8100,'1',515,,29504,2,,,1,31,,29506,2,,,1,71,,29508,2,,,1,31,,29509,2,,,1,74,,29507,2,,,1,34,,29510,2,,,1,86,,29505,2,,,1
8101,'1',1503,,29518,2,,,1,121,,29516,2,,,1,79,,29515,2,,,1,39,,29514,2,,,1,77,,29513,2,,,1,37,,29512,2,,,1,79,,29511,2,,,1
9800,'1',603,,31445,2,,,1,35,,31444,2,,,1,73,,31443,2,,,1,35,,31442,2,,,1,75,,31441,2,,,1,35,,31440,2,,,1,98,,31436,2,,,1,98,,31433,2,,,1,94,,31438,2,,,1,98,,31437,2,,,1,80,,31425,2,,,1,35,,31435,2,,,1,80,,31434,2,,,1,80,,31432,2,,,1,40,,31431,2,,,1,80,,31430,2,,,1,87,,31429,2,,,1,80,,31428,2,,,1,96,,31427,2,,,1,51,,31426,2,,,1,90,,31439,2,,,1
9800,'2',604,,31463,2,,,1,46,,31462,2,,,1,84,,31461,2,,,1,94,,31460,2,,,1,91,,31459,2,,,1,90,,31458,2,,,1,94,,31457,2,,,1,98,,31456,2,,,1,58,,31455,2,,,1,95,,31454,2,,,1,98,,31453,2,,,1,98,,31452,2,,,1,102,,31451,2,,,1,102,,31450,2,,,1,89,,31449,2,,,1,93,,31448,2,,,1,89,,31447,2,,,1,85,,31446,2,,,1
9800,'3',749,,31479,2,,,1,88,,31478,2,,,1,88,,31477,2,,,1,90,,31476,2,,,1,93,,31475,2,,,1,49,,31474,2,,,1,93,,31473,2,,,1,93,,31472,2,,,1,93,,31471,2,,,1,93,,31470,2,,,1,93,,31469,2,,,1,98,,31468,2,,,1,88,,31467,2,,,1,92,,31466,2,,,1,47,,31465,2,,,1,88,,31464,2,,,1
9800,'74',604,,31497,2,,,1,46,,31496,2,,,1,84,,31495,2,,,1,94,,31494,2,,,1,91,,31493,2,,,1,90,,31492,2,,,1,94,,31491,2,,,1,98,,31490,2,,,1,58,,31489,2,,,1,95,,31488,2,,,1,98,,31487,2,,,1,98,,31486,2,,,1,102,,31485,2,,,1,102,,31484,2,,,1,89,,31483,2,,,1,93,,31482,2,,,1,89,,31481,2,,,1,85,,31480,2,,,1
9800,'80',749,,31513,2,,,1,88,,31512,2,,,1,88,,31511,2,,,1,90,,31510,2,,,1,93,,31509,2,,,1,49,,31508,2,,,1,93,,31507,2,,,1,93,,31506,2,,,1,93,,31505,2,,,1,93,,31504,2,,,1,93,,31503,2,,,1,98,,31502,2,,,1,88,,31501,2,,,1,92,,31500,2,,,1,47,,31499,2,,,1,88,,31498,2,,,1
989900,'1',2109,,36830,45,,,1,34,,36831,45,,,1,78,,36832,45,,,1,38,,36833,45,,,1,75,,36834,45,,,1,72,,36835,45,,,1,35,,36836,45,,,1,75,,36837,45,,,1,36,,36838,45,0,5 6,1,75,,36839,45,0,5 6,1,80,,36840,45,0,5 6,1
989900,'2',2113,,36841,45,,,1,94,,36842,45,,,1,47,,36843,45,,,1,92,,36844,45,,,1,86,,36845,45,,,1,86,,36846,45,,,1,85,,36847,45,0,5 6,1,46,,36848,45,0,5 6,1,86,,36849,45,0,5 6,1
989900,'3',2130,,36850,45,,,1,90,,36851,45,,,1,85,,36852,45,,,1,50,,36853,45,,,1,80,,36854,45,,,1,83,,36855,45,,,1,40,,36856,45,0,5 6,1,83,,36857,45,0,5 6,1,83,,36858,45,0,5 6,1
989900,'74',2113,,36859,45,,,1,94,,36860,45,,,1,47,,36861,45,,,1,92,,36862,45,,,1,86,,36863,45,,,1,86,,36864,45,,,1,85,,36865,45,0,5 6,1,46,,36866,45,0,5 6,1,86,,36867,45,0,5 6,1
989900,'80',2130,,36868,45,,,1,90,,36869,45,,,1,85,,36870,45,,,1,50,,36871,45,,,1,80,,36872,45,,,1,83,,36873,45,,,1,40,,36874,45,0,5 6,1,83,,36875,45,0,5 6,1,83,,36876,45,0,5 6,1
