1600,'1',542,,2463,33,4,,1,62,,2464,33,4,,1,10,,2421,54,4,,1,22,,2422,54,4,,1,67,,2423,54,4,,1,22,,2424,54,4,,1,26,,2425,54,4,,1,62,,2426,54,4,,1,18,,2427,54,4,,1,26,,2428,54,4,,1,62,,2429,54,4,,1,22,,2430,54,4,,1,68,,2431,54,4,,1,29,,2432,54,4,,1,75,,2433,54,4,,1,27,,2434,54,4,,1,71,,2435,54,4,,1,31,,2436,54,4,,1,71,,2437,54,4,,1,31,,2438,54,4,,1,71,,2439,54,4,,1,23,,2465,33,4,,1,12,,2440,54,4,,1,66,,2441,54,4,,1,23,,2442,54,4,,1,63,,2443,54,4,,1,23,,2444,54,4,,1,23,,2445,54,4,,1,68,,2446,54,4,,1,23,,2447,54,4,,1,63,,2448,54,4,,1,23,,2449,54,4,,1,23,,2450,54,4,,1,58,,2451,54,4,,1,17,,2452,54,4,,1,23,,2453,54,4,,1,63,,2454,54,4,,1,23,,2455,54,4,,1,23,,2456,54,4,,1,56,,2457,54,4,,1,34,,2458,54,4,,1,74,,2459,54,4,,1,34,,2460,54,4,,1,71,,2461,54,4,,1,34,,2462,54,4,,1,74,,2466,54,4,,1
1600,'2',649,,2494,33,4,,1,73,,2467,54,4,,1,78,,2468,54,4,,1,43,,2469,54,4,,1,78,,2470,54,4,,1,38,,2471,54,4,,1,78,,2472,54,4,,1,78,,2473,54,4,,1,38,,2474,54,4,,1,78,,2475,54,4,,1,78,,2476,54,4,,1,45,,2477,54,4,,1,81,,2478,54,4,,1,83,,2479,54,4,,1,41,,2480,54,4,,1,77,,2481,54,4,,1,81,,2482,54,4,,1,41,,2483,54,4,,1,81,,2484,54,4,,1,81,,2485,54,4,,1,31,,2486,54,4,,1,76,,2487,54,4,,1,79,,2488,54,4,,1,33,,2489,54,4,,1,73,,2490,54,4,,1,37,,2491,54,4,,1,75,,2492,54,4,,1,76,,2493,54,4,,1
1600,'3',730,,2510,33,4,,1,95,,2511,33,4,,1,91,,2495,54,4,,1,97,,2496,54,4,,1,95,,2497,54,4,,1,95,,2498,54,4,,1,97,,2499,54,4,,1,59,,2504,54,4,,1,96,,2500,54,4,,1,98,,2501,54,4,,1,98,,2502,54,4,,1,96,,2503,54,4,,1,92,,2509,54,4,,1,92,,2505,54,4,,1,89,,2506,54,4,,1,92,,2507,54,4,,1,89,,2508,54,4,,1
1600,'80',730,,2527,33,4,,1,95,,2528,33,4,,1,91,,2512,54,4,,1,97,,2513,54,4,,1,95,,2514,54,4,,1,95,,2515,54,4,,1,97,,2516,54,4,,1,59,,2521,54,4,,1,96,,2517,54,4,,1,98,,2518,54,4,,1,98,,2519,54,4,,1,96,,2520,54,4,,1,92,,2526,54,4,,1,92,,2522,54,4,,1,89,,2523,54,4,,1,92,,2524,54,4,,1,89,,2525,54,4,,1
1600,'81',730,,2530,33,4,,1,95,,2531,33,4,,1,91,,2529,54,4,,1,97,,2532,54,4,,1,95,,2533,54,4,,1,95,,2534,54,4,,1,97,,2535,54,4,,1,59,,2540,54,4,,1,96,,2536,54,4,,1,98,,2537,54,4,,1,98,,2538,54,4,,1,96,,2539,54,4,,1,92,,2545,54,4,,1,92,,2541,54,4,,1,89,,2542,54,4,,1,92,,2543,54,4,,1,89,,2544,54,4,,1
1601,'1',545,,2555,1,,,1,62,,2554,1,,,1,22,,2546,1,,,1,22,,2547,1,,,1,62,,2548,1,,,1,22,,2549,1,,,1,22,,2550,1,,,1,62,,2551,1,,,1,18,,2552,1,,,1,66,,2553,1,,,1,21,,2566,1,,,1,24,,2565,1,,,1,68,,2556,1,,,1,31,,2557,1,,,1,71,,2558,1,,,1,31,,2559,1,,,1,71,,2560,1,,,1,31,,2561,1,,,1,69,,2562,1,,,1,33,,2563,1,,,1,67,,2564,1,,,1,21,,2583,1,,,1,63,,2582,1,,,1,23,,2567,1,,,1,17,,2568,1,,,1,69,,2569,1,,,1,23,,2570,1,,,1,23,,2571,1,,,1,63,,2572,1,,,1,23,,2573,1,,,1,63,,2574,1,,,1,23,,2575,1,,,1,23,,2576,1,,,1,63,,2577,1,,,1,23,,2578,1,,,1,63,,2579,1,,,1,23,,2580,1,,,1,23,,2581,1,,,1,68,,2586,1,,,1,34,,2584,1,,,1,74,,2585,1,,,1,34,,2592,1,,,1
1601,'2',654,,2596,1,,,1,78,,2593,1,,,1,78,,2594,1,,,1,38,,2595,1,,,1,78,,2599,1,,,1,78,,2600,1,,,1,38,,2601,1,,,1,78,,2602,1,,,1,38,,2603,1,,,1,78,,2604,1,,,1,84,,2613,1,,,1,81,,2605,1,,,1,41,,2606,1,,,1,81,,2607,1,,,1,81,,2608,1,,,1,41,,2609,1,,,1,81,,2610,1,,,1,81,,2611,1,,,1,37,,2612,1,,,1,81,,2620,1,,,1,32,,2614,1,,,1,76,,2615,1,,,1,78,,2616,1,,,1,34,,2617,1,,,1,76,,2618,1,,,1,33,,2619,1,,,1
1601,'3',735,,2621,1,,,1,95,,2622,1,,,1,95,,2623,1,,,1,95,,2624,1,,,1,95,,2625,1,,,1,95,,2626,1,,,1,98,,2627,1,,,1,98,,2628,1,,,1,98,,2629,1,,,1,98,,2630,1,,,1,98,,2631,1,,,1,52,,2632,1,,,1,92,,2633,1,,,1,92,,2634,1,,,1,92,,2635,1,,,1,92,,2636,1,,,1
1601,'80',735,,2637,1,,,1,95,,2638,1,,,1,95,,2639,1,,,1,95,,2640,1,,,1,95,,2641,1,,,1,95,,2642,1,,,1,98,,2643,1,,,1,98,,2644,1,,,1,98,,2645,1,,,1,98,,2646,1,,,1,98,,2647,1,,,1,52,,2648,1,,,1,92,,2649,1,,,1,92,,2650,1,,,1,92,,2651,1,,,1,92,,2652,1,,,1
1601,'81',735,,2653,1,,,1,95,,2654,1,,,1,95,,2655,1,,,1,95,,2656,1,,,1,95,,2657,1,,,1,95,,2658,1,,,1,98,,2659,1,,,1,98,,2660,1,,,1,98,,2661,1,,,1,98,,2662,1,,,1,98,,2663,1,,,1,52,,2664,1,,,1,92,,2665,1,,,1,92,,2666,1,,,1,92,,2667,1,,,1,92,,2668,1,,,1
