1601,'1',524,,2587,15,,,1,22,,2588,15,,,1,62,,2589,15,,,1,21,,2590,15,,,1,5,,2555,55,,,1,67,,2554,55,,,1,22,,2546,55,,,1,22,,2547,55,,,1,69,,2548,55,,,1,22,,2549,55,,,1,22,,2550,55,,,1,62,,2551,55,,,1,9,,2552,55,,,1,26,,2553,55,,,1,61,,2566,55,,,1,24,,2565,55,,,1,68,,2556,55,,,1,32,,2557,55,,,1,71,,2558,55,,,1,29,,2559,55,,,1,71,,2560,55,,,1,31,,2561,55,,,1,69,,2562,55,,,1,24,,2591,15,,,1,13,,2563,55,,,1,70,,2564,55,,,1,21,,2583,55,,,1,63,,2582,55,,,1,23,,2567,55,,,1,17,,2568,55,,,1,69,,2569,55,,,1,24,,2570,55,,,1,23,,2571,55,,,1,63,,2572,55,,,1,21,,2573,55,,,1,63,,2574,55,,,1,15,,2575,55,,,1,23,,2576,55,,,1,63,,2577,55,,,1,23,,2578,55,,,1,23,,2579,55,,,1,63,,2580,55,,,1,19,,2581,55,,,1,68,,2586,55,,,1,34,,2584,55,,,1,70,,2585,55,,,1,34,,2592,55,,,1
1601,'2',632,,2597,15,,,1,78,,2598,15,,,1,30,,2596,55,,,1,80,,2593,55,,,1,38,,2594,55,,,1,79,,2595,55,,,1,78,,2599,55,,,1,38,,2600,55,,,1,78,,2601,55,,,1,80,,2602,55,,,1,38,,2603,55,,,1,78,,2604,55,,,1,83,,2613,55,,,1,42,,2605,55,,,1,81,,2606,55,,,1,81,,2607,55,,,1,39,,2608,55,,,1,81,,2609,55,,,1,81,,2610,55,,,1,41,,2611,55,,,1,77,,2612,55,,,1,80,,2620,55,,,1,32,,2614,55,,,1,76,,2615,55,,,1,38,,2616,55,,,1,71,,2617,55,,,1,76,,2618,55,,,1,33,,2619,55,,,1
1601,'3',821,,2621,55,,,1,95,,2622,55,,,1,97,,2623,55,,,1,95,,2624,55,,,1,95,,2625,55,,,1,55,,2626,55,,,1,99,,2627,55,,,1,95,,2628,55,,,1,98,,2629,55,,,1,98,,2630,55,,,1,97,,2631,55,,,1,92,,2632,55,,,1,90,,2633,55,,,1,92,,2634,55,,,1,92,,2635,55,,,1,89,,2636,55,,,1
1601,'80',821,,2637,55,,,1,95,,2638,55,,,1,97,,2639,55,,,1,95,,2640,55,,,1,95,,2641,55,,,1,55,,2642,55,,,1,99,,2643,55,,,1,95,,2644,55,,,1,98,,2645,55,,,1,98,,2646,55,,,1,97,,2647,55,,,1,92,,2648,55,,,1,90,,2649,55,,,1,92,,2650,55,,,1,92,,2651,55,,,1,89,,2652,55,,,1
1601,'81',821,,2653,55,,,1,95,,2654,55,,,1,97,,2655,55,,,1,95,,2656,55,,,1,95,,2657,55,,,1,55,,2658,55,,,1,99,,2659,55,,,1,95,,2660,55,,,1,98,,2661,55,,,1,98,,2662,55,,,1,97,,2663,55,,,1,92,,2664,55,,,1,90,,2665,55,,,1,92,,2666,55,,,1,92,,2667,55,,,1,89,,2668,55,,,1
8501,'1',449,,5598,3,,,1,56,,5597,3,,,1,15,,5559,15,,,1,16,,5558,15,,,1,16,,5557,15,,,1,56,,5556,15,,,1,16,,5555,15,,,1,16,,5554,15,,,1,16,,5553,15,,,1,56,,5545,15,,,1,16,,5546,15,,,1,16,,5547,15,,,1,56,,5548,15,,,1,16,,5549,15,,,1,16,,5550,15,,,1,16,,5551,15,,,1,55,,5552,15,,,1,26,,5569,15,,,1,25,,5568,15,,,1,64,,5567,15,,,1,25,,5560,15,,,1,65,,5561,15,,,1,25,,5562,15,,,1,25,,5563,15,,,1,64,,5564,15,,,1,25,,5565,15,,,1,65,,5566,15,,,1,25,,5570,15,,,1,65,,5571,15,,,1,21,,5572,15,,,1,16,,5599,15,,,1,16,,5600,15,,,1,56,,5589,15,,,1,15,,5588,15,,,1,16,,5587,15,,,1,61,,5586,15,,,1,17,,5585,15,,,1,16,,5573,15,,,1,19,,5574,15,,,1,53,,5575,15,,,1,19,,5576,15,,,1,16,,5577,15,,,1,11,,5578,15,,,1,59,,5579,15,,,1,13,,5580,15,,,1,16,,5581,15,,,1,16,,5582,15,,,1,57,,5583,15,,,1,19,,5584,15,,,1,72,,5592,15,,,1,29,,5591,15,,,1,65,,5590,15,,,1,22,,5596,15,,,1,29,,5595,15,,,1,71,,5593,15,,,1,32,,5594,15,,,1
8501,'2',642,,5629,15,,,1,70,,5630,15,,,1,30,,5631,15,,,1,71,,5632,15,,,1,30,,5633,15,,,1,70,,5634,15,,,1,30,,5635,15,,,1,70,,5636,15,,,1,30,,5637,15,,,1,70,,5601,15,,,1,23,,5602,15,,,1,65,,5603,15,,,1,23,,5604,15,,,1,23,,5605,15,,,1,63,,5606,15,,,1,23,,5607,15,,,1,23,,5608,15,,,1,63,,5609,15,,,1,23,,5610,15,,,1,63,,5611,15,,,1,23,,5612,15,,,1,23,,5613,15,,,1,63,,5614,15,,,1,21,,5615,15,,,1,21,,5616,15,,,1,62,,5617,15,,,1,23,,5618,15,,,1,61,,5619,15,,,1,21,,5620,15,,,1,18,,5621,15,,,1,61,,5622,15,,,1,21,,5623,15,,,1,21,,5624,15,,,1,61,,5625,15,,,1,21,,5626,15,,,1,21,,5627,15,,,1,61,,5628,15,,,1,30,,5638,15,,,1,70,,5639,15,,,1,30,,5640,15,,,1
8501,'3',835,,5643,15,,,1,81,,5644,15,,,1,40,,5645,15,,,1,80,,5646,15,,,1,83,,5647,15,,,1,83,,5648,15,,,1,43,,5649,15,,,1,83,,5650,15,,,1,83,,5651,15,,,1,43,,5652,15,,,1,83,,5653,15,,,1,80,,5654,15,,,1,42,,5655,15,,,1,84,,5656,15,,,1,76,,5657,15,,,1,81,,5658,15,,,1,43,,5659,15,,,1,79,,5641,15,,,1,81,,5642,15,,,1
8501,'80',835,,5662,15,,,1,81,,5663,15,,,1,40,,5664,15,,,1,80,,5665,15,,,1,83,,5666,15,,,1,83,,5667,15,,,1,43,,5668,15,,,1,83,,5669,15,,,1,83,,5670,15,,,1,43,,5671,15,,,1,83,,5672,15,,,1,80,,5673,15,,,1,42,,5674,15,,,1,84,,5675,15,,,1,76,,5676,15,,,1,81,,5677,15,,,1,43,,5678,15,,,1,79,,5660,15,,,1,81,,5661,15,,,1
8501,'81',835,,5681,15,,,1,81,,5682,15,,,1,40,,5683,15,,,1,80,,5684,15,,,1,83,,5685,15,,,1,83,,5686,15,,,1,43,,5687,15,,,1,83,,5688,15,,,1,83,,5689,15,,,1,43,,5690,15,,,1,83,,5691,15,,,1,80,,5692,15,,,1,42,,5693,15,,,1,84,,5694,15,,,1,76,,5695,15,,,1,81,,5696,15,,,1,43,,5697,15,,,1,79,,5679,15,,,1,81,,5680,15,,,1
