16500,'152.0.1',623,,8209,4,,1,19,,8210,4,,1,15,,8211,4,,1,55,,8212,4,,1,15,,8213,4,,1,14,,8214,4,,1,14,,8215,4,,1,54,,8216,4,,1,14,,8217,4,,1,14,,8218,4,,1,14,,8219,4,,1,54,,8220,4,,1,14,,8221,4,,1,14,,8222,4,,1,14,,8223,4,,1,12,,8224,4,,1,54,,8225,4,,1,14,,8226,4,,1,32,,8227,4,,1,72,,8228,4,,1,72,,8229,4,,1,32,,8230,4,,1,79,,8231,4,,1,32,,8232,4,,1,72,,8233,4,,1,16,,8261,4,,1,19,,8262,4,,1,54,,8263,4,,1,14,,8264,4,,1,14,,8265,4,,1,14,,8266,4,,1,54,,8267,4,,1,17,,8234,4,,1,16,,8235,4,,1,19,,8236,4,,1,56,,8237,4,,1,16,,8238,4,,1,16,,8239,4,,1,14,,8240,4,,1,54,,8241,4,,1,16,,8242,4,,1,15,,8243,4,,1,10,,8244,4,,1,53,,8245,4,,1,9,,8246,4,,1,11,,8247,4,,1,13,,8248,4,,1,13,,8249,4,,1,53,,8250,4,,1,13,,8251,4,,1,13,,8252,4,,1,26,,8253,4,,1,68,,8254,4,,1,27,,8255,4,,1,65,,8256,4,,1,38,,8257,4,,1,79,,8258,4,,1,75,,8259,4,,1,39,,8260,4,,1
16500,'152.0.2',634,,8268,4,,1,78,,8269,4,,1,43,,8270,4,,1,76,,8271,4,,1,25,,8282,4,,1,65,,8283,4,,1,25,,8284,4,,1,65,,8285,4,,1,25,,8286,4,,1,65,,8287,4,,1,25,,8288,4,,1,32,,8289,4,,1,68,,8290,4,,1,28,,8291,4,,1,74,,8292,4,,1,31,,8293,4,,1,71,,8294,4,,1,71,,8295,4,,1,34,,8296,4,,1,71,,8297,4,,1,31,,8298,4,,1,71,,8299,4,,1,27,,8300,4,,1,71,,8301,4,,1,45,,8302,4,,1,81,,8272,4,,1,78,,8273,4,,1,38,,8274,4,,1,76,,8275,4,,1,78,,8276,4,,1,38,,8277,4,,1,78,,8278,4,,1,33,,8279,4,,1,74,,8280,4,,1,33,,8281,4,,1
16500,'152.0.3',815,,8303,4,,1,37,,8304,4,,1,80,,8305,4,,1,77,,8306,4,,1,37,,8307,4,,1,77,,8308,4,,1,77,,8309,4,,1,37,,8310,4,,1,78,,8311,4,,1,37,,8312,4,,1,77,,8313,4,,1,77,,8314,4,,1,45,,8315,4,,1,81,,8316,4,,1,79,,8317,4,,1,41,,8318,4,,1,81,,8319,4,,1,79,,8320,4,,1,41,,8321,4,,1,81,,8322,4,,1,79,,8323,4,,1,33,,8324,4,,1,74,,8325,4,,1,34,,8326,4,,1,72,,8327,4,,1,74,,8328,4,,1,34,,8329,4,,1
16500,'152.0.80',815,,8330,4,,1,37,,8331,4,,1,80,,8332,4,,1,77,,8333,4,,1,37,,8334,4,,1,77,,8335,4,,1,77,,8336,4,,1,37,,8337,4,,1,78,,8338,4,,1,37,,8339,4,,1,77,,8340,4,,1,77,,8341,4,,1,45,,8342,4,,1,81,,8343,4,,1,79,,8344,4,,1,41,,8345,4,,1,81,,8346,4,,1,79,,8347,4,,1,41,,8348,4,,1,81,,8349,4,,1,79,,8350,4,,1,33,,8351,4,,1,74,,8352,4,,1,34,,8353,4,,1,72,,8354,4,,1,74,,8355,4,,1,34,,8356,4,,1
16500,'152.0.81',815,,8357,4,,1,37,,8358,4,,1,80,,8359,4,,1,77,,8360,4,,1,37,,8361,4,,1,77,,8362,4,,1,77,,8363,4,,1,37,,8364,4,,1,78,,8365,4,,1,37,,8366,4,,1,77,,8367,4,,1,77,,8368,4,,1,45,,8369,4,,1,81,,8370,4,,1,79,,8371,4,,1,41,,8372,4,,1,81,,8373,4,,1,79,,8374,4,,1,41,,8375,4,,1,81,,8376,4,,1,79,,8377,4,,1,33,,8378,4,,1,74,,8379,4,,1,34,,8380,4,,1,72,,8381,4,,1,74,,8382,4,,1,34,,8383,4,,1
16501,'152.0.1',503,,8391,,,1,15,,8390,,,1,15,,8389,,,1,15,,8388,,,1,55,,8387,,,1,15,,8386,,,1,15,,8384,,,1,14,,8385,,,1,60,,8404,,,1,14,,8403,,,1,14,,8402,,,1,14,,8392,,,1,54,,8393,,,1,14,,8394,,,1,14,,8395,,,1,14,,8396,,,1,14,,8397,,,1,54,,8398,,,1,14,,8399,,,1,14,,8400,,,1,14,,8401,,,1,52,,8411,,,1,32,,8410,,,1,72,,8405,,,1,32,,8406,,,1,72,,8407,,,1,32,,8408,,,1,72,,8409,,,1,37,,8413,,,1,67,,8412,,,1,18,,8437,,,1,18,,8438,,,1,54,,8439,,,1,14,,8440,,,1,14,,8441,,,1,14,,8442,,,1,57,,8443,,,1,17,,8414,,,1,16,,8415,,,1,56,,8416,,,1,16,,8417,,,1,16,,8418,,,1,15,,8419,,,1,57,,8428,,,1,13,,8427,,,1,14,,8426,,,1,15,,8425,,,1,10,,8420,,,1,53,,8421,,,1,13,,8422,,,1,13,,8423,,,1,13,,8424,,,1,60,,8433,,,1,26,,8432,,,1,66,,8429,,,1,28,,8430,,,1,27,,8431,,,1,65,,8436,,,1,38,,8434,,,1,79,,8435,,,1
16501,'152.0.2',644,,8444,,,1,78,,8445,,,1,78,,8446,,,1,38,,8447,,,1,63,,8456,,,1,25,,8457,,,1,25,,8458,,,1,65,,8459,,,1,25,,8460,,,1,65,,8461,,,1,25,,8462,,,1,73,,8463,,,1,28,,8464,,,1,68,,8465,,,1,37,,8466,,,1,71,,8467,,,1,31,,8468,,,1,71,,8469,,,1,31,,8470,,,1,71,,8471,,,1,31,,8472,,,1,71,,8473,,,1,31,,8474,,,1,71,,8475,,,1,40,,8476,,,1,81,,8453,,,1,78,,8448,,,1,38,,8449,,,1,78,,8450,,,1,78,,8451,,,1,38,,8452,,,1,76,,8455,,,1,33,,8454,,,1
16501,'152.0.3',824,,8477,,,1,77,,8478,,,1,37,,8479,,,1,77,,8480,,,1,37,,8481,,,1,77,,8482,,,1,77,,8483,,,1,37,,8484,,,1,77,,8485,,,1,37,,8486,,,1,77,,8487,,,1,77,,8488,,,1,45,,8489,,,1,81,,8490,,,1,81,,8491,,,1,41,,8492,,,1,81,,8493,,,1,81,,8494,,,1,81,,8495,,,1,39,,8496,,,1,77,,8497,,,1,34,,8498,,,1,74,,8499,,,1,76,,8500,,,1,34,,8501,,,1
16501,'152.0.80',824,,8502,,,1,77,,8503,,,1,37,,8504,,,1,77,,8505,,,1,37,,8506,,,1,77,,8507,,,1,77,,8508,,,1,37,,8509,,,1,77,,8510,,,1,37,,8511,,,1,77,,8512,,,1,77,,8513,,,1,45,,8514,,,1,81,,8515,,,1,81,,8516,,,1,41,,8517,,,1,81,,8518,,,1,81,,8519,,,1,81,,8520,,,1,39,,8521,,,1,77,,8522,,,1,34,,8523,,,1,74,,8524,,,1,76,,8525,,,1,34,,8526,,,1
16501,'152.0.81',824,,8527,,,1,77,,8528,,,1,37,,8529,,,1,77,,8530,,,1,37,,8531,,,1,77,,8532,,,1,77,,8533,,,1,37,,8534,,,1,77,,8535,,,1,37,,8536,,,1,77,,8537,,,1,77,,8538,,,1,45,,8539,,,1,81,,8540,,,1,81,,8541,,,1,41,,8542,,,1,81,,8543,,,1,81,,8544,,,1,81,,8545,,,1,39,,8546,,,1,77,,8547,,,1,34,,8548,,,1,74,,8549,,,1,76,,8550,,,1,34,,8551,,,1
