101,'1',439,,120,4,,,1,78,,121,4,,,1,31,,122,4,,,1,85,,128,4,,,1,78,,130,4,,,1,29,,123,4,,,1,16,,129,4,,,1,85,,127,4,,,1,72,,126,4,,,1,32,,125,4,,,1,70,,124,4,,,1,109,,119,4,,,1,113,,118,4,,,1,113,,117,4,,,1,76,,131,4,,,1,77,,116,4,,,1,23,,108,4,,,1,75,,109,4,,,1,34,,110,4,,,1,74,,115,4,,,1,34,,114,4,,,1,74,,113,4,,,1,34,,112,4,,,1,73,,111,4,,,1,82,,104,4,,,1,99,,107,4,,,1,104,,106,4,,,1,101,,105,4,,,1,49,,103,4,,,1,95,,102,4,,,1
101,'2',634,,153,4,,,1,103,,132,4,,,1,103,,133,4,,,1,104,,134,4,,,1,108,,135,4,,,1,149,,146,4,,,1,102,,136,4,,,1,52,,137,4,,,1,92,,138,4,,,1,92,,139,4,,,1,92,,140,4,,,1,92,,141,4,,,1,91,,142,4,,,1,92,,143,4,,,1,52,,144,4,,,1,92,,145,4,,,1,161,,147,4,,,1,97,,148,4,,,1,97,,149,4,,,1,96,,150,4,,,1,57,,151,4,,,1
101,'3',823,,168,4,,,1,112,,167,4,,,1,113,,154,4,,,1,152,,155,4,,,1,112,,156,4,,,1,112,,157,4,,,1,112,,158,4,,,1,112,,159,4,,,1,152,,160,4,,,1,111,,161,4,,,1,98,,166,4,,,1,99,,162,4,,,1,99,,163,4,,,1,99,,164,4,,,1,99,,165,4,,,1
101,'80',823,,184,4,,,1,112,,183,4,,,1,113,,170,4,,,1,152,,171,4,,,1,112,,172,4,,,1,112,,173,4,,,1,112,,174,4,,,1,112,,175,4,,,1,152,,176,4,,,1,111,,177,4,,,1,98,,182,4,,,1,99,,178,4,,,1,99,,179,4,,,1,99,,180,4,,,1,99,,181,4,,,1
101,'81',823,,200,4,,,1,112,,199,4,,,1,113,,186,4,,,1,152,,187,4,,,1,112,,188,4,,,1,112,,189,4,,,1,112,,190,4,,,1,112,,191,4,,,1,152,,192,4,,,1,111,,193,4,,,1,98,,198,4,,,1,99,,194,4,,,1,99,,195,4,,,1,99,,196,4,,,1,99,,197,4,,,1
60301,'1',540,,10162,2,,,1,60,,10163,2,,,1,16,,10164,2,,,1,18,,10165,2,,,1,18,,10166,2,,,1,59,,10167,2,,,1,18,,10168,2,,,1,18,,10169,2,,,1,59,,10170,2,,,1,18,,10171,2,,,1,18,,10172,2,,,1,17,,10173,2,,,1,59,,10174,2,,,1,22,,10175,2,,,1,62,,10176,2,,,1,22,,10177,2,,,1,21,,10178,2,,,1,62,,10179,2,,,1,22,,10180,2,,,1,22,,10181,2,,,1,62,,10182,2,,,1,22,,10183,2,,,1,22,,10184,2,,,1,62,,10185,2,,,1,22,,10186,2,,,1,62,,10187,2,,,1,22,,10188,2,,,1,22,,10189,2,,,1,56,,10190,2,,,1,16,,10191,2,,,1,16,,10192,2,,,1,16,,10193,2,,,1,56,,10194,2,,,1,16,,10195,2,,,1,16,,10196,2,,,1,16,,10197,2,,,1,56,,10198,2,,,1,16,,10199,2,,,1,16,,10200,2,,,1,16,,10201,2,,,1,56,,10202,2,,,1,16,,10203,2,,,1,16,,10204,2,,,1,56,,10205,2,,,1,26,,10206,2,,,1,30,,10207,2,,,1,70,,10208,2,,,1,30,,10209,2,,,1,70,,10210,2,,,1,30,,10211,2,,,1,74,,10212,2,,,1,82,,10213,2,,,1,41,,10214,2,,,1
60301,'2',547,,10217,2,,,1,80,,10218,2,,,1,80,,10219,2,,,1,40,,10220,2,,,1,80,,10221,2,,,1,81,,10222,2,,,1,40,,10223,2,,,1,80,,10224,2,,,1,84,,10225,2,,,1,38,,10226,2,,,1,78,,10227,2,,,1,78,,10228,2,,,1,38,,10229,2,,,1,77,,10230,2,,,1,79,,10231,2,,,1,37,,10232,2,,,1,78,,10233,2,,,1,38,,10234,2,,,1,78,,10235,2,,,1,78,,10236,2,,,1,38,,10237,2,,,1,78,,10238,2,,,1,91,,10239,2,,,1,40,,10240,2,,,1,80,,10241,2,,,1,80,,10242,2,,,1,100,,10243,2,,,1,92,,10244,2,,,1,92,,10245,2,,,1
60301,'3',800,,10249,2,,,1,37,,10250,2,,,1,76,,10251,2,,,1,87,,10252,2,,,1,41,,10253,2,,,1,82,,10254,2,,,1,82,,10255,2,,,1,42,,10256,2,,,1,83,,10257,2,,,1,81,,10258,2,,,1,42,,10259,2,,,1,82,,10260,2,,,1,80,,10261,2,,,1,36,,10262,2,,,1,76,,10263,2,,,1,76,,10264,2,,,1,36,,10265,2,,,1,76,,10266,2,,,1,36,,10267,2,,,1,76,,10268,2,,,1,76,,10269,2,,,1,41,,10270,2,,,1,106,,10271,2,,,1,106,,10272,2,,,1,146,,10273,2,,,1
60301,'80',800,,10277,2,,,1,37,,10278,2,,,1,76,,10279,2,,,1,87,,10280,2,,,1,41,,10281,2,,,1,82,,10282,2,,,1,82,,10283,2,,,1,42,,10284,2,,,1,83,,10285,2,,,1,81,,10286,2,,,1,42,,10287,2,,,1,82,,10288,2,,,1,80,,10289,2,,,1,36,,10290,2,,,1,76,,10291,2,,,1,76,,10292,2,,,1,36,,10293,2,,,1,76,,10294,2,,,1,36,,10295,2,,,1,76,,10296,2,,,1,76,,10297,2,,,1,41,,10298,2,,,1,106,,10299,2,,,1,106,,10300,2,,,1,146,,10301,2,,,1
60301,'81',800,,10305,2,,,1,37,,10306,2,,,1,76,,10307,2,,,1,87,,10308,2,,,1,41,,10309,2,,,1,82,,10310,2,,,1,82,,10311,2,,,1,42,,10312,2,,,1,83,,10313,2,,,1,81,,10314,2,,,1,42,,10315,2,,,1,82,,10316,2,,,1,80,,10317,2,,,1,36,,10318,2,,,1,76,,10319,2,,,1,76,,10320,2,,,1,36,,10321,2,,,1,76,,10322,2,,,1,36,,10323,2,,,1,76,,10324,2,,,1,76,,10325,2,,,1,41,,10326,2,,,1,106,,10327,2,,,1,106,,10328,2,,,1,146,,10329,2,,,1
6030101,'1',550,,12362,2,,,1,57,,12363,2,,,1,18,,12364,2,,,1,18,,12365,2,,,1,58,,12366,2,,,1,19,,12367,2,,,1,18,,12368,2,,,1,19,,12369,2,,,1,58,,12370,2,,,1,18,,12371,2,,,1,17,,12372,2,,,1,58,,12373,2,,,1,21,,12374,2,,,1,22,,12375,2,,,1,62,,12376,2,,,1,21,,12377,2,,,1,22,,12378,2,,,1,62,,12379,2,,,1,22,,12380,2,,,1,62,,12381,2,,,1,22,,12382,2,,,1,22,,12383,2,,,1,62,,12384,2,,,1,22,,12385,2,,,1,22,,12386,2,,,1,62,,12387,2,,,1,22,,12388,2,,,1,19,,12389,2,,,1,56,,12390,2,,,1,16,,12391,2,,,1,16,,12392,2,,,1,16,,12393,2,,,1,56,,12394,2,,,1,16,,12395,2,,,1,16,,12396,2,,,1,56,,12397,2,,,1,16,,12398,2,,,1,16,,12399,2,,,1,16,,12400,2,,,1,56,,12401,2,,,1,16,,12402,2,,,1,16,,12403,2,,,1,16,,12404,2,,,1,59,,12405,2,,,1,30,,12406,2,,,1,70,,12407,2,,,1,30,,12408,2,,,1,70,,12409,2,,,1,30,,12410,2,,,1,70,,12411,2,,,1,40,,12412,2,,,1,82,,12413,2,,,1,81,,12414,2,,,1
6030101,'2',607,,12415,2,,,1,40,,12416,2,,,1,80,,12417,2,,,1,80,,12418,2,,,1,40,,12419,2,,,1,81,,12420,2,,,1,80,,12421,2,,,1,45,,12435,2,,,1,78,,12434,2,,,1,78,,12422,2,,,1,38,,12423,2,,,1,78,,12424,2,,,1,78,,12425,2,,,1,38,,12426,2,,,1,77,,12427,2,,,1,38,,12428,2,,,1,78,,12429,2,,,1,78,,12430,2,,,1,39,,12431,2,,,1,77,,12432,2,,,1,78,,12433,2,,,1,50,,12437,2,,,1,80,,12436,2,,,1,80,,12441,2,,,1,40,,12442,2,,,1,94,,12446,2,,,1,92,,12443,2,,,1,92,,12444,2,,,1,92,,12445,2,,,1
6030101,'3',742,,12447,2,,,1,76,,12448,2,,,1,37,,12449,2,,,1,83,,12458,2,,,1,83,,12450,2,,,1,81,,12451,2,,,1,42,,12452,2,,,1,82,,12453,2,,,1,82,,12454,2,,,1,43,,12455,2,,,1,81,,12456,2,,,1,82,,12457,2,,,1,43,,12468,2,,,1,76,,12459,2,,,1,76,,12460,2,,,1,36,,12461,2,,,1,76,,12462,2,,,1,36,,12463,2,,,1,76,,12464,2,,,1,76,,12465,2,,,1,36,,12466,2,,,1,76,,12467,2,,,1,96,,12469,2,,,1,106,,12470,2,,,1,106,,12471,2,,,1,106,,12475,2,,,1
6030101,'80',742,,12476,2,,,1,76,,12477,2,,,1,37,,12478,2,,,1,83,,12487,2,,,1,83,,12479,2,,,1,81,,12480,2,,,1,42,,12481,2,,,1,82,,12482,2,,,1,82,,12483,2,,,1,43,,12484,2,,,1,81,,12485,2,,,1,82,,12486,2,,,1,43,,12497,2,,,1,76,,12488,2,,,1,76,,12489,2,,,1,36,,12490,2,,,1,76,,12491,2,,,1,36,,12492,2,,,1,76,,12493,2,,,1,76,,12494,2,,,1,36,,12495,2,,,1,76,,12496,2,,,1,96,,12498,2,,,1,106,,12499,2,,,1,106,,12500,2,,,1,106,,12504,2,,,1
6030101,'81',742,,12505,2,,,1,76,,12506,2,,,1,37,,12507,2,,,1,83,,12516,2,,,1,83,,12508,2,,,1,81,,12509,2,,,1,42,,12510,2,,,1,82,,12511,2,,,1,82,,12512,2,,,1,43,,12513,2,,,1,81,,12514,2,,,1,82,,12515,2,,,1,43,,12526,2,,,1,76,,12517,2,,,1,76,,12518,2,,,1,36,,12519,2,,,1,76,,12520,2,,,1,36,,12521,2,,,1,76,,12522,2,,,1,76,,12523,2,,,1,36,,12524,2,,,1,76,,12525,2,,,1,96,,12527,2,,,1,106,,12528,2,,,1,106,,12529,2,,,1,106,,12533,2,,,1
