301,'1',521,,507,15,,,1,32,,508,15,,,1,72,,509,15,,,1,33,,510,15,,,1,72,,511,15,,,1,75,,512,15,,,1,32,,513,15,,,1,70,,514,15,,,1,32,,506,15,,,1,77,,530,15,,,1,86,,515,15,,,1,46,,516,15,,,1,86,,517,15,,,1,86,,518,15,,,1,86,,519,15,,,1,47,,520,15,,,1,67,,521,15,,,1,32,,522,15,,,1,72,,523,15,,,1,32,,524,15,,,1,72,,525,15,,,1,72,,526,15,,,1,30,,527,15,,,1,72,,528,15,,,1,26,,529,15,,,1,29,,535,15,,,1,66,,532,15,,,1,83,,533,15,,,1,40,,534,15,0,25 26,1
301,'2',759,,538,15,,,1,143,,537,15,,,1,104,,542,15,,,1,105,,539,15,,,1,105,,540,15,,,1,105,,541,15,,,1,105,,543,15,,,1,106,,544,15,,,1,106,,545,15,,,1,106,,546,15,,,1,106,,547,15,,,1,102,,548,15,,,1,102,,549,15,,,1,102,,536,15,0,25 26,1
301,'3',919,,557,15,,,1,102,,556,15,,,1,102,,555,15,,,1,102,,554,15,,,1,102,,553,15,,,1,102,,552,15,,,1,102,,551,15,,,1,102,,550,15,,,1,102,,562,15,,,1,102,,561,15,,,1,102,,560,15,,,1,98,,559,15,,,1,98,,558,15,0,25 26,1
301,'80',919,,570,15,,,1,102,,569,15,,,1,102,,568,15,,,1,102,,567,15,,,1,102,,566,15,,,1,102,,565,15,,,1,102,,564,15,,,1,102,,563,15,,,1,102,,573,15,,,1,102,,572,15,,,1,102,,571,15,,,1,98,,575,15,,,1,98,,574,15,0,25 26,1
301,'81',919,,583,15,,,1,102,,582,15,,,1,102,,581,15,,,1,102,,580,15,,,1,102,,579,15,,,1,102,,578,15,,,1,102,,577,15,,,1,102,,576,15,,,1,102,,588,15,,,1,102,,587,15,,,1,102,,586,15,,,1,98,,585,15,,,1,98,,584,15,0,25 26,1
9000,'1',627,,6184,21,,,1,12,,6185,21,,,1,10,,6186,21,,,1,51,,6187,21,,,1,11,,6188,21,,,1,16,,6189,21,,,1,12,,6190,21,,,1,15,,6191,21,,,1,51,,6192,21,,,1,16,,6193,21,,,1,13,,6194,21,,,1,8,,6195,21,,,1,15,,6196,21,,,1,53,,6197,21,,,1,12,,6198,21,,,1,13,,6199,21,,,1,13,,6200,21,,,1,72,,6201,21,,,1,32,,6202,21,,,1,72,,6203,21,,,1,31,,6204,21,,,1,73,,6205,21,,,1,72,,6206,21,,,1,32,,6207,21,,,1,73,,6208,21,,,1,31,,6209,21,,,1,5,,6243,5,,,1,9,,6210,21,,,1,56,,6211,21,,,1,13,,6212,21,,,1,14,,6213,21,,,1,14,,6214,21,,,1,54,,6215,21,,,1,13,,6216,21,,,1,16,,6217,21,,,1,11,,6218,21,,,1,16,,6219,21,,,1,54,,6220,21,,,1,14,,6221,21,,,1,14,,6222,21,,,1,13,,6223,21,,,1,53,,6224,21,,,1,14,,6225,21,,,1,12,,6226,21,,,1,15,,6227,21,,,1,13,,6228,21,,,1,54,,6229,21,,,1,13,,6230,21,,,1,14,,6231,21,,,1,82,,6232,21,,,1,82,,6233,21,,,1,39,,6234,21,,,1,83,,6235,21,,,1,82,,6236,21,,,1,42,,6237,21,,,1
9000,'2',646,,6245,21,,,1,81,,6246,21,,,1,82,,6247,21,,,1,34,,6254,21,,,1,72,,6255,21,,,1,32,,6256,21,,,1,72,,6257,21,,,1,32,,6258,21,,,1,72,,6259,21,,,1,32,,6260,21,,,1,72,,6261,21,,,1,32,,6262,21,,,1,72,,6263,21,,,1,72,,6264,21,,,1,32,,6265,21,,,1,72,,6266,21,,,1,32,,6267,21,,,1,72,,6268,21,,,1,32,,6269,21,,,1,72,,6270,21,,,1,32,,6271,21,,,1,72,,6272,21,,,1,32,,6273,21,,,1,69,,6274,21,,,1,30,,6275,21,,,1,71,,6276,21,,,1,80,,6248,21,,,1,41,,6249,21,,,1,81,,6250,21,,,1,81,,6251,21,,,1,41,,6252,21,,,1,81,,6253,21,,,1
9000,'3',856,,6277,21,,,1,83,,6279,21,,,1,82,,6280,21,,,1,82,,6281,21,,,1,42,,6282,21,,,1,85,,6283,21,,,1,85,,6284,21,,,1,85,,6285,21,,,1,45,,6286,21,,,1,85,,6287,21,,,1,85,,6288,21,,,1,85,,6289,21,,,1,44,,6290,21,,,1,84,,6291,21,,,1,81,,6292,21,,,1,44,,6293,21,,,1,78,,6294,21,,,1,81,,6295,21,,,1,39,,6296,21,,,1,79,,6297,21,,,1
9000,'80',856,,6298,21,,,1,83,,6300,21,,,1,82,,6301,21,,,1,82,,6302,21,,,1,42,,6303,21,,,1,85,,6304,21,,,1,85,,6305,21,,,1,85,,6306,21,,,1,45,,6307,21,,,1,85,,6308,21,,,1,85,,6309,21,,,1,85,,6310,21,,,1,44,,6311,21,,,1,84,,6312,21,,,1,81,,6313,21,,,1,44,,6314,21,,,1,78,,6315,21,,,1,81,,6316,21,,,1,39,,6317,21,,,1,79,,6318,21,,,1
9000,'81',856,,6319,21,,,1,83,,6321,21,,,1,82,,6322,21,,,1,82,,6323,21,,,1,42,,6324,21,,,1,85,,6325,21,,,1,85,,6326,21,,,1,85,,6327,21,,,1,45,,6328,21,,,1,85,,6329,21,,,1,85,,6330,21,,,1,85,,6331,21,,,1,44,,6332,21,,,1,84,,6333,21,,,1,81,,6334,21,,,1,44,,6335,21,,,1,78,,6336,21,,,1,81,,6337,21,,,1,39,,6338,21,,,1,79,,6339,21,,,1
900200,'1',557,,11509,21,,,1,59,,11510,21,,,1,19,,11511,21,,,1,19,,11512,21,,,1,60,,11513,21,,,1,25,,11514,21,,,1,64,,11515,21,,,1,23,,11516,21,,,1,23,,11517,21,,,1,63,,11518,21,,,1,25,,11519,21,,,1,21,,11520,21,,,1,58,,11521,21,,,1,513,,11522,21,0,16 17,1,24,,11523,21,0,16 17,1,63,,11524,21,0,16 17,1,22,,11525,21,0,16 17,1,62,,11526,21,0,16 17,1,25,,11527,21,0,16 17,1,22,,11528,21,0,16 17,1,62,,11529,21,0,16 17,1,23,,11530,21,0,16 17,1,19,,11531,21,0,16 17,1,59,,11532,21,0,16 17,1,19,,11533,21,0,16 17,1
