1600,'1',541,,2421,11,,,1,62,,2422,11,,,1,23,,2423,11,,,1,22,,2424,11,,,1,63,,2425,11,,,1,22,,2426,11,,,1,18,,2427,11,,,1,66,,2428,11,,,1,22,,2429,11,,,1,62,,2430,11,,,1,30,,2431,11,,,1,71,,2432,11,,,1,35,,2433,11,,,1,67,,2434,11,,,1,31,,2435,11,,,1,71,,2436,11,,,1,31,,2437,11,,,1,71,,2438,11,,,1,31,,2439,11,,,1,75,,2440,11,,,1,21,,2441,11,,,1,23,,2442,11,,,1,63,,2443,11,,,1,23,,2444,11,,,1,63,,2445,11,,,1,24,,2446,11,,,1,23,,2447,11,,,1,63,,2448,11,,,1,23,,2449,11,,,1,63,,2450,11,,,1,22,,2451,11,,,1,20,,2452,11,,,1,63,,2453,11,,,1,23,,2454,11,,,1,23,,2455,11,,,1,63,,2456,11,,,1,23,,2457,11,,,1,74,,2458,11,,,1,34,,2459,11,,,1,74,,2460,11,,,1,34,,2461,11,,,1,74,,2462,11,,,1,74,,2466,11,,,1
1600,'2',650,,2467,11,,,1,78,,2468,11,,,1,78,,2469,11,,,1,38,,2470,11,,,1,78,,2471,11,,,1,78,,2472,11,,,1,38,,2473,11,,,1,78,,2474,11,,,1,38,,2475,11,,,1,78,,2476,11,,,1,82,,2477,11,,,1,41,,2478,11,,,1,81,,2479,11,,,1,81,,2480,11,,,1,42,,2481,11,,,1,81,,2482,11,,,1,81,,2483,11,,,1,81,,2484,11,,,1,41,,2485,11,,,1,75,,2486,11,,,1,36,,2487,11,,,1,79,,2488,11,,,1,73,,2489,11,,,1,35,,2490,11,,,1,77,,2491,11,,,1,35,,2492,11,,,1,76,,2493,11,,,1
1600,'3',843,,2495,11,,,1,96,,2496,11,,,1,95,,2497,11,,,1,95,,2498,11,,,1,95,,2499,11,,,1,99,,2504,11,,,1,98,,2500,11,,,1,98,,2501,11,,,1,98,,2502,11,,,1,94,,2503,11,,,1,95,,2509,11,,,1,52,,2505,11,,,1,91,,2506,11,,,1,92,,2507,11,,,1,92,,2508,11,,,1
1600,'80',843,,2512,11,,,1,96,,2513,11,,,1,95,,2514,11,,,1,95,,2515,11,,,1,95,,2516,11,,,1,99,,2521,11,,,1,98,,2517,11,,,1,98,,2518,11,,,1,98,,2519,11,,,1,94,,2520,11,,,1,95,,2526,11,,,1,52,,2522,11,,,1,91,,2523,11,,,1,92,,2524,11,,,1,92,,2525,11,,,1
1600,'81',843,,2529,11,,,1,96,,2532,11,,,1,95,,2533,11,,,1,95,,2534,11,,,1,95,,2535,11,,,1,99,,2540,11,,,1,98,,2536,11,,,1,98,,2537,11,,,1,98,,2538,11,,,1,94,,2539,11,,,1,95,,2545,11,,,1,52,,2541,11,,,1,91,,2542,11,,,1,92,,2543,11,,,1,92,,2544,11,,,1
8500,'1',637,,5396,55,,,1,16,,5397,55,,,1,56,,5398,55,,,1,16,,5399,55,,,1,16,,5400,55,,,1,59,,5401,55,,,1,16,,5402,55,,,1,16,,5403,55,,,1,16,,5404,55,,,1,56,,5405,55,,,1,16,,5406,55,,,1,11,,5407,54,,,1,16,,5408,54,,,1,65,,5409,54,,,1,25,,5410,54,,,1,18,,5411,54,,,1,65,,5412,54,,,1,25,,5413,54,,,1,65,,5414,54,,,1,25,,5415,54,,,1,67,,5416,54,,,1,25,,5417,54,,,1,27,,5418,54,,,1,65,,5419,54,,,1,20,,5420,54,,,1,16,,5447,40,,,1,58,,5421,40,,,1,20,,5422,40,,,1,16,,5423,40,,,1,57,,5424,40,,,1,16,,5425,40,,,1,24,,5426,41,,,1,13,,5427,41,,,1,56,,5428,41,,,1,16,,5429,41,,,1,19,,5430,41,,,1,56,,5431,41,,,1,16,,5432,41,,,1,16,,5433,41,,,1,9,,5434,41,,,1,56,,5435,41,,,1,16,,5436,41,,,1,16,,5437,41,,,1,16,,5438,41,,,1,53,,5439,40,,,1,25,,5440,40,,,1,26,,5441,40,,,1,65,,5442,40,,,1,32,,5443,40,,,1,72,,5444,40,,,1,32,,5445,40,,,1,72,,5446,40,,,1
8500,'2',712,,5476,54,,,1,31,,5477,54,,,1,70,,5478,54,,,1,28,,5479,54,,,1,74,,5480,54,,,1,30,,5481,54,,,1,70,,5482,54,,,1,34,,5483,54,,,1,70,,5484,54,,,1,31,,5448,54,,,1,62,,5449,54,,,1,25,,5450,54,,,1,63,,5451,54,,,1,23,,5452,54,,,1,23,,5453,54,,,1,63,,5454,54,,,1,23,,5455,54,,,1,23,,5456,54,,,1,63,,5457,54,,,1,23,,5458,54,,,1,63,,5459,54,,,1,23,,5460,54,,,1,23,,5461,54,,,1,63,,5462,54,,,1,21,,5463,54,,,1,21,,5464,54,,,1,57,,5465,54,,,1,21,,5466,54,,,1,21,,5467,54,,,1,61,,5468,54,,,1,21,,5469,54,,,1,21,,5470,54,,,1,59,,5471,54,,,1,21,,5472,54,,,1,21,,5473,54,,,1,61,,5474,54,,,1,21,,5475,54,,,1,70,,5485,54,,,1,30,,5486,54,,,1,70,,5487,54,,,1
8500,'3',847,,5505,26,,,1,80,,5506,26,,,1,79,,5488,54,,,1,40,,5489,54,,,1,81,,5490,54,,,1,80,,5491,54,,,1,51,,5492,54,,,1,83,,5493,54,,,1,83,,5494,54,,,1,83,,5495,54,,,1,42,,5496,54,,,1,83,,5497,54,,,1,84,,5498,54,,,1,34,,5499,54,,,1,81,,5500,54,,,1,85,,5501,54,,,1,37,,5502,54,,,1,81,,5503,54,,,1,81,,5504,54,,,1
8500,'80',847,,5524,26,,,1,80,,5525,26,,,1,79,,5507,54,,,1,40,,5508,54,,,1,81,,5509,54,,,1,80,,5510,54,,,1,51,,5511,54,,,1,83,,5512,54,,,1,83,,5513,54,,,1,83,,5514,54,,,1,42,,5515,54,,,1,83,,5516,54,,,1,84,,5517,54,,,1,34,,5518,54,,,1,81,,5519,54,,,1,85,,5520,54,,,1,37,,5521,54,,,1,81,,5522,54,,,1,81,,5523,54,,,1
8500,'81',847,,5543,26,,,1,80,,5544,26,,,1,79,,5526,54,,,1,40,,5527,54,,,1,81,,5528,54,,,1,80,,5529,54,,,1,51,,5530,54,,,1,83,,5531,54,,,1,83,,5532,54,,,1,83,,5533,54,,,1,42,,5534,54,,,1,83,,5535,54,,,1,84,,5536,54,,,1,34,,5537,54,,,1,81,,5538,54,,,1,85,,5539,54,,,1,37,,5540,54,,,1,81,,5541,54,,,1,81,,5542,54,,,1
