5000,'1',658,,28302,107,4,,1,67,,28303,107,4,,1,27,,28295,107,4,,1,68,,28296,107,4,,1,28,,28297,107,4,,1,65,,28298,107,4,,1,25,,28299,107,4,,1,65,,28300,107,4,,1,25,,28301,107,4,,1,30,,28304,107,4,,1,69,,28305,107,4,,1,29,,28306,107,4,,1,69,,28307,107,4,,1,29,,28308,107,4,,1,73,,28309,107,4,,1,29,,28310,107,4,,1,69,,28311,107,4,,1,29,,28312,107,4,,1,69,,28313,107,4,,1,32,,28314,107,4,,1,69,,28315,107,4,,1,29,,28316,107,4,,1,73,,28317,107,4,,1,32,,28318,107,4,,1,71,,28319,107,4,,1,24,,28320,107,4,,1,60,,28321,107,4,,1,26,,28322,107,4,,1,66,,28323,107,4,,1,26,,28324,107,4,,1,79,,28325,107,4,,1,31,,28326,107,4,,1,76,,28327,107,4,,1,32,,28328,107,4,,1,76,,28329,107,4,,1,77,,28330,107,4,,1
5000,'2',720,,28331,107,4,,1,37,,28332,107,4,,1,77,,28333,107,4,,1,77,,28334,107,4,,1,40,,28335,107,4,,1,79,,28336,107,4,,1,79,,28337,107,4,,1,39,,28338,107,4,,1,79,,28339,107,4,,1,85,,28340,107,4,,1,39,,28341,107,4,,1,79,,28342,107,4,,1,75,,28343,107,4,,1,38,,28344,107,4,,1,79,,28345,107,4,,1,79,,28346,107,4,,1,35,,28347,107,4,,1,70,,28348,107,4,,1,37,,28349,107,4,,1,78,,28350,107,4,,1,79,,28351,107,4,,1,34,,28352,107,4,,1,74,,28353,107,4,,1,34,,28354,107,4,,1,74,,28355,107,4,,1,34,,28356,107,4,,1,69,,28357,107,4,,1,29,,28358,107,4,,1
5000,'3',719,,28359,107,4,,1,84,,28360,107,4,,1,44,,28361,107,4,,1,84,,28362,107,4,,1,84,,28363,107,4,,1,91,,28364,107,4,,1,47,,28365,107,4,,1,87,,28366,107,4,,1,90,,28367,107,4,,1,87,,28368,107,4,,1,87,,28369,107,4,,1,47,,28370,107,4,,1,87,,28371,107,4,,1,87,,28372,107,4,,1,88,,28373,107,4,,1,41,,28374,107,4,,1,85,,28375,107,4,,1,85,,28376,107,4,,1,85,,28377,107,4,,1,44,,28378,107,4,,1,80,,28381,107,4,,1,81,,28380,107,4,,1,41,,28379,107,4,,1
5000,'74',720,,28382,107,4,,1,37,,28383,107,4,,1,77,,28384,107,4,,1,77,,28385,107,4,,1,40,,28386,107,4,,1,79,,28387,107,4,,1,79,,28388,107,4,,1,39,,28389,107,4,,1,79,,28390,107,4,,1,85,,28391,107,4,,1,39,,28392,107,4,,1,79,,28393,107,4,,1,75,,28394,107,4,,1,38,,28395,107,4,,1,79,,28396,107,4,,1,79,,28397,107,4,,1,35,,28398,107,4,,1,70,,28399,107,4,,1,37,,28400,107,4,,1,78,,28401,107,4,,1,79,,28402,107,4,,1,34,,28403,107,4,,1,74,,28404,107,4,,1,34,,28405,107,4,,1,74,,28406,107,4,,1,34,,28407,107,4,,1,69,,28408,107,4,,1,29,,28409,107,4,,1
5000,'80',719,,28410,107,4,,1,84,,28411,107,4,,1,44,,28412,107,4,,1,84,,28413,107,4,,1,84,,28414,107,4,,1,91,,28415,107,4,,1,47,,28416,107,4,,1,87,,28417,107,4,,1,90,,28418,107,4,,1,87,,28419,107,4,,1,87,,28420,107,4,,1,47,,28421,107,4,,1,87,,28422,107,4,,1,87,,28423,107,4,,1,88,,28424,107,4,,1,41,,28425,107,4,,1,85,,28426,107,4,,1,85,,28427,107,4,,1,85,,28428,107,4,,1,44,,28429,107,4,,1,80,,28432,107,4,,1,81,,28431,107,4,,1,41,,28430,107,4,,1
5001,'1',354,,28440,1,,,1,67,,28441,1,,,1,24,,28433,1,,,1,64,,28434,1,,,1,25,,28435,1,,,1,25,,28436,1,,,1,65,,28437,1,,,1,25,,28438,1,,,1,65,,28439,1,,,1,29,,28442,1,,,1,69,,28443,1,,,1,29,,28444,1,,,1,69,,28445,1,,,1,29,,28446,1,,,1,69,,28447,1,,,1,29,,28448,1,,,1,69,,28449,1,,,1,29,,28450,1,,,1,69,,28451,1,,,1,29,,28452,1,,,1,69,,28453,1,,,1,31,,28454,1,,,1,69,,28455,1,,,1,29,,28456,1,,,1,28,,28457,1,,,1,69,,28458,1,,,1,26,,28459,1,,,1,66,,28460,1,,,1,26,,28461,1,,,1,85,,28462,1,,,1,79,,28463,1,,,1,38,,28464,1,,,1,76,,28465,1,,,1,76,,28466,1,,,1,36,,28467,1,,,1,79,,28468,1,,,1,34,,28469,1,,,1,74,,28470,1,,,1
5001,'2',615,,28497,1,,,1,37,,28498,1,,,1,77,,28471,1,,,1,77,,28472,1,,,1,37,,28473,1,,,1,77,,28474,1,,,1,37,,28475,1,,,1,84,,28476,1,,,1,79,,28477,1,,,1,39,,28478,1,,,1,79,,28479,1,,,1,79,,28480,1,,,1,39,,28481,1,,,1,79,,28482,1,,,1,75,,28483,1,,,1,38,,28484,1,,,1,79,,28485,1,,,1,79,,28486,1,,,1,39,,28487,1,,,1,73,,28488,1,,,1,33,,28489,1,,,1,77,,28490,1,,,1,77,,28491,1,,,1,34,,28492,1,,,1,74,,28493,1,,,1,34,,28494,1,,,1,74,,28495,1,,,1,34,,28496,1,,,1
5001,'3',641,,28504,1,,,1,84,,28499,1,,,1,84,,28500,1,,,1,44,,28501,1,,,1,84,,28502,1,,,1,84,,28503,1,,,1,93,,28505,1,,,1,87,,28506,1,,,1,47,,28507,1,,,1,87,,28508,1,,,1,87,,28509,1,,,1,87,,28510,1,,,1,47,,28511,1,,,1,87,,28512,1,,,1,87,,28513,1,,,1,89,,28514,1,,,1,85,,28515,1,,,1,45,,28516,1,,,1,85,,28517,1,,,1,85,,28518,1,,,1,40,,28519,1,,,1,80,,28520,1,,,1
5001,'74',615,,28547,1,,,1,37,,28548,1,,,1,77,,28521,1,,,1,77,,28522,1,,,1,37,,28523,1,,,1,77,,28524,1,,,1,37,,28525,1,,,1,84,,28526,1,,,1,79,,28527,1,,,1,39,,28528,1,,,1,79,,28529,1,,,1,79,,28530,1,,,1,39,,28531,1,,,1,79,,28532,1,,,1,75,,28533,1,,,1,38,,28534,1,,,1,79,,28535,1,,,1,79,,28536,1,,,1,39,,28537,1,,,1,73,,28538,1,,,1,33,,28539,1,,,1,77,,28540,1,,,1,77,,28541,1,,,1,34,,28542,1,,,1,74,,28543,1,,,1,34,,28544,1,,,1,74,,28545,1,,,1,34,,28546,1,,,1
5001,'80',641,,28570,1,,,1,84,,28549,1,,,1,84,,28550,1,,,1,44,,28551,1,,,1,84,,28552,1,,,1,84,,28553,1,,,1,93,,28554,1,,,1,87,,28555,1,,,1,47,,28556,1,,,1,87,,28557,1,,,1,87,,28558,1,,,1,87,,28559,1,,,1,47,,28560,1,,,1,87,,28561,1,,,1,87,,28562,1,,,1,89,,28563,1,,,1,85,,28564,1,,,1,45,,28565,1,,,1,85,,28566,1,,,1,85,,28567,1,,,1,40,,28568,1,,,1,80,,28569,1,,,1
