9601,'1',534,,6986,76,,,1,72,,6987,76,,,1,29,,6988,76,,,1,70,,6989,76,,,1,42,,6990,76,,,1,77,,6991,76,,,1,78,,6992,76,,,1,26,,6993,76,,,1,72,,6994,76,,,1,31,,6995,76,,,1,79,,6996,76,,,1,38,,6997,72,,,1,83,,6998,72,,,1,75,,6999,72,,,1,32,,7000,72,,,1,86,,7001,72,,,1,82,,7002,72,,,1,22,,7021,72,,,1,17,,7003,72,,,1,72,,7004,72,,,1,27,,7005,72,,,1,71,,7006,76,,,1,27,,7007,76,,,1,64,,7008,76,,,1,22,,7009,76,,,1,17,,7010,76,,,1,65,,7011,76,,,1,25,,7012,76,,,1,65,,7013,76,,,1,21,,7014,72,,,1,25,,7015,72,,,1,67,,7016,72,,,1,30,,7017,72,,,1,70,,7018,72,,,1,30,,7019,72,,,1,64,,7020,72,,,1
9601,'2',859,,7022,72,,,1,99,,7023,72,,,1,142,,7024,72,,,1,59,,7025,72,,,1,99,,7026,72,,,1,96,,7027,72,,,1,99,,7028,72,,,1,99,,7029,72,,,1,99,,7030,72,,,1,99,,7031,72,,,1,88,,7032,72,,,1,90,,7033,72,,,1,97,,7034,72,,,1
9601,'3',959,,7035,72,,,1,94,,7036,72,,,1,94,,7037,72,,,1,94,,7038,72,,,1,94,,7039,72,,,1,94,,7040,72,,,1,96,,7041,72,,,1,94,,7042,72,,,1,88,,7043,72,,,1,94,,7044,72,,,1,52,,7045,72,,,1,94,,7046,72,,,1
9601,'80',959,,7047,72,,,1,94,,7048,72,,,1,94,,7049,72,,,1,94,,7050,72,,,1,94,,7051,72,,,1,94,,7052,72,,,1,96,,7053,72,,,1,94,,7054,72,,,1,88,,7055,72,,,1,94,,7056,72,,,1,52,,7057,72,,,1,94,,7058,72,,,1
9601,'81',959,,7059,72,,,1,94,,7060,72,,,1,94,,7061,72,,,1,94,,7062,72,,,1,94,,7063,72,,,1,94,,7064,72,,,1,96,,7065,72,,,1,94,,7066,72,,,1,88,,7067,72,,,1,94,,7068,72,,,1,52,,7069,72,,,1,94,,7070,72,,,1
10701,'1',528,,8063,19,,,1,24,,8062,19,,,1,67,,8061,19,,,1,24,,8060,19,,,1,64,,8059,19,,,1,18,,8058,19,,,1,20,,8057,19,,,1,12,,8056,19,,,1,61,,8055,19,,,1,16,,8054,19,,,1,16,,8053,19,,,1,50,,8052,19,,,1,44,,8039,19,,,1,80,,8047,19,,,1,82,,8045,19,,,1,42,,8044,19,,,1,82,,8043,19,,,1,87,,8042,19,,,1,42,,8041,19,,,1,68,,8051,19,,,1,14,,8040,19,,,1,63,,8038,19,,,1,18,,8037,19,,,1,18,,8036,19,,,1,18,,8035,19,,,1,62,,8034,19,,,1,18,,8033,19,,,1,18,,8032,19,,,1,63,,8031,19,,,1,18,,8030,19,,,1,18,,8029,19,,,1,55,,8028,19,,,1,17,,8027,19,,,1,18,,8026,19,,,1,66,,8025,19,,,1,18,,8023,19,,,1,78,,8046,19,,,1,41,,8024,19,,,1,76,,8073,19,,,1,78,,8072,19,,,1,32,,8071,19,,,1,74,,8070,19,,,1,34,,8069,19,,,1,74,,8068,19,,,1,34,,8067,19,,,1,74,,8066,19,,,1,34,,8065,19,,,1,74,,8064,19,,,1
10701,'2',703,,8100,19,,,1,39,,8101,19,,,1,77,,8102,19,,,1,37,,8103,19,,,1,77,,8104,19,,,1,77,,8105,19,,,1,37,,8106,19,,,1,77,,8107,19,,,1,77,,8108,19,,,1,37,,8109,19,,,1,76,,8077,19,,,1,37,,8078,19,,,1,76,,8080,19,,,1,77,,8081,19,,,1,37,,8082,19,,,1,77,,8083,19,,,1,35,,8084,19,,,1,77,,8085,19,,,1,77,,8086,19,,,1,37,,8087,19,,,1,77,,8088,19,,,1,37,,8089,19,,,1,77,,8090,19,,,1,77,,8091,19,,,1,37,,8092,19,,,1,77,,8079,19,,,1,77,,8093,19,,,1,37,,8094,19,,,1,77,,8095,19,,,1,37,,8096,19,,,1,76,,8076,19,,,1,75,,8097,19,,,1
10701,'3',742,,8122,19,,,1,77,,8123,19,,,1,34,,8124,19,,,1,77,,8125,19,,,1,78,,8126,19,,,1,37,,8127,19,,,1,77,,8121,19,,,1,37,,8128,19,,,1,77,,8129,19,,,1,77,,8130,19,,,1,37,,8131,19,,,1,76,,8132,19,,,1,75,,8133,19,,,1,37,,8134,19,,,1,77,,8135,19,,,1,37,,8137,19,,,1,77,,8138,19,,,1,77,,8136,19,,,1,37,,8118,19,,,1,77,,8139,19,,,1,37,,8140,19,,,1,77,,8141,19,,,1,77,,8142,19,,,1,37,,8110,19,,,1,77,,8111,19,,,1,77,,8112,19,,,1,37,,8113,19,,,1,77,,8114,19,,,1,36,,8115,19,,,1,77,,8116,19,,,1,77,,8117,19,,,1
10701,'80',742,,8155,19,,,1,77,,8156,19,,,1,34,,8157,19,,,1,77,,8158,19,,,1,78,,8159,19,,,1,37,,8160,19,,,1,77,,8154,19,,,1,37,,8161,19,,,1,77,,8162,19,,,1,77,,8163,19,,,1,37,,8164,19,,,1,76,,8165,19,,,1,75,,8166,19,,,1,37,,8167,19,,,1,77,,8168,19,,,1,37,,8170,19,,,1,77,,8171,19,,,1,77,,8169,19,,,1,37,,8151,19,,,1,77,,8172,19,,,1,37,,8173,19,,,1,77,,8174,19,,,1,77,,8175,19,,,1,37,,8143,19,,,1,77,,8144,19,,,1,77,,8145,19,,,1,37,,8146,19,,,1,77,,8147,19,,,1,36,,8148,19,,,1,77,,8149,19,,,1,77,,8150,19,,,1
10701,'81',742,,8188,19,,,1,77,,8189,19,,,1,34,,8190,19,,,1,77,,8191,19,,,1,78,,8192,19,,,1,37,,8193,19,,,1,77,,8187,19,,,1,37,,8194,19,,,1,77,,8195,19,,,1,77,,8196,19,,,1,37,,8197,19,,,1,76,,8198,19,,,1,75,,8199,19,,,1,37,,8200,19,,,1,77,,8201,19,,,1,37,,8203,19,,,1,77,,8204,19,,,1,77,,8202,19,,,1,37,,8184,19,,,1,77,,8205,19,,,1,37,,8206,19,,,1,77,,8207,19,,,1,77,,8208,19,,,1,37,,8176,19,,,1,77,,8177,19,,,1,77,,8178,19,,,1,37,,8179,19,,,1,77,,8180,19,,,1,36,,8181,19,,,1,77,,8182,19,,,1,77,,8183,19,,,1
