9600,'1',622,,31260,25,,,1,83,,31259,25,,,1,31,,31258,25,,,1,77,,31257,25,,,1,27,,31256,25,,,1,79,,31253,25,,,1,34,,31254,25,,,1,70,,31255,25,,,1,32,,31268,25,,,1,70,,31267,25,,,1,79,,31261,25,,,1,39,,31262,25,,,1,79,,31263,25,,,1,83,,31264,25,,,1,25,,31265,25,,,1,85,,31266,25,,,1,43,,31274,25,,,1,67,,31273,25,,,1,30,,31272,25,,,1,67,,31269,25,,,1,27,,31270,25,,,1,62,,31271,25,,,1,27,,31277,25,,,1,64,,31278,25,,,1,13,,31288,25,,,1,13,,31276,25,,,1,25,,31275,25,,,1,74,,31285,25,,,1,30,,31284,25,,,1,55,,31287,25,,,1,14,,31279,25,,,1,30,,31280,25,,,1,70,,31281,25,,,1,30,,31282,25,,,1,70,,31283,25,,,1,17,,31286,25,,,1
9600,'2',946,,31289,25,,,1,99,,31290,25,,,1,99,,31291,25,,,1,99,,31292,25,,,1,99,,31293,25,,,1,99,,31294,25,,,1,98,,31295,25,,,1,99,,31296,25,,,1,96,,31297,25,,,1,97,,31298,25,,,1,87,,31299,25,,,1,86,,31300,25,,,1,97,,31301,25,,,1
9600,'3',1039,,31302,25,,,1,94,,31303,25,,,1,94,,31304,25,,,1,94,,31305,25,,,1,94,,31306,25,,,1,94,,31307,25,,,1,94,,31308,25,,,1,54,,31309,25,,,1,93,,31310,25,,,1,94,,31311,25,,,1,94,,31312,25,,,1,92,,31313,25,,,1
9600,'74',946,,31314,25,,,1,99,,31315,25,,,1,99,,31316,25,,,1,99,,31317,25,,,1,99,,31318,25,,,1,99,,31319,25,,,1,98,,31320,25,,,1,99,,31321,25,,,1,96,,31322,25,,,1,97,,31323,25,,,1,87,,31324,25,,,1,86,,31325,25,,,1,97,,31326,25,,,1
9600,'80',1039,,31327,25,,,1,94,,31328,25,,,1,94,,31329,25,,,1,94,,31330,25,,,1,94,,31331,25,,,1,94,,31332,25,,,1,94,,31333,25,,,1,54,,31334,25,,,1,93,,31335,25,,,1,94,,31336,25,,,1,94,,31337,25,,,1,92,,31338,25,,,1
10700,'1',501,,32223,25,,,1,24,,32222,25,,,1,24,,32221,25,,,1,64,,32220,25,,,1,21,,32219,25,,,1,16,,32218,25,,,1,61,,32217,25,,,1,11,,32216,25,,,1,16,,32215,25,,,1,19,,32214,25,,,1,56,,32213,25,,,1,12,,32212,25,,,1,15,,32211,25,,,1,16,,32210,25,,,1,55,,32209,25,,,1,42,,32208,25,,,1,82,,32207,25,,,1,82,,32206,25,,,1,42,,32205,25,,,1,85,,32204,25,,,1,81,,32203,25,,,1,28,,32199,4,,,1,54,,32202,25,,,1,22,,32201,25,,,1,18,,32200,25,,,1,58,,32251,25,,,1,19,,32250,25,,,1,20,,32249,25,,,1,58,,32248,25,,,1,18,,32247,25,,,1,24,,32246,25,,,1,56,,32245,25,,,1,18,,32244,25,,,1,16,,32243,25,,,1,20,,32242,25,,,1,56,,32241,25,,,1,18,,32240,25,,,1,12,,32239,25,,,1,18,,32238,25,,,1,78,,32237,25,,,1,81,,32236,25,,,1,38,,32235,25,,,1,80,,32234,25,,,1,74,,32233,25,,,1,34,,32232,25,,,1,74,,32231,25,,,1,34,,32230,25,,,1,74,,32229,25,,,1,34,,32228,25,,,1,74,,32227,25,,,1,74,,32226,25,,,1,29,,32225,25,,,1,74,,32224,25,,,1
10700,'2',635,,32254,25,,,1,79,,32253,25,,,1,37,,32252,25,,,1,77,,32255,25,,,1,77,,32256,25,,,1,37,,32257,25,,,1,77,,32258,25,,,1,37,,32259,25,,,1,77,,32260,25,,,1,77,,32261,25,,,1,36,,32262,25,,,1,77,,32263,25,,,1,77,,32264,25,,,1,37,,32265,25,,,1,77,,32266,25,,,1,37,,32267,25,,,1,75,,32268,25,,,1,77,,32269,25,,,1,37,,32270,25,,,1,77,,32271,25,,,1,37,,32272,25,,,1,77,,32273,25,,,1,77,,32274,25,,,1,37,,32275,25,,,1,77,,32276,25,,,1,37,,32277,25,,,1,77,,32278,25,,,1,77,,32279,25,,,1,37,,32280,25,,,1,77,,32281,25,,,1,77,,32282,25,,,1,35,,32283,25,,,1,77,,32285,25,,,1,37,,32284,25,,,1
10700,'3',720,,32297,4,,,1,37,,32298,4,,,1,68,,32299,25,,,1,77,,32300,25,,,1,37,,32301,25,,,1,77,,32302,25,,,1,37,,32303,25,,,1,77,,32304,25,,,1,77,,32305,25,,,1,37,,32306,25,,,1,77,,32307,25,,,1,37,,32308,25,,,1,76,,32309,25,,,1,77,,32310,25,,,1,37,,32314,25,,,1,77,,32313,25,,,1,77,,32315,25,,,1,37,,32316,25,,,1,77,,32317,25,,,1,37,,32318,25,,,1,77,,32286,25,,,1,77,,32287,25,,,1,37,,32288,25,,,1,77,,32311,25,,,1,37,,32289,25,,,1,77,,32290,25,,,1,77,,32291,25,,,1,37,,32292,25,,,1,77,,32293,25,,,1,77,,32294,25,,,1,37,,32295,25,,,1,77,,32312,25,,,1,37,,32296,25,,,1
10700,'74',635,,32321,25,,,1,79,,32320,25,,,1,37,,32319,25,,,1,77,,32322,25,,,1,77,,32323,25,,,1,37,,32324,25,,,1,77,,32325,25,,,1,37,,32326,25,,,1,77,,32327,25,,,1,77,,32328,25,,,1,36,,32329,25,,,1,77,,32330,25,,,1,77,,32331,25,,,1,37,,32332,25,,,1,77,,32333,25,,,1,37,,32334,25,,,1,75,,32335,25,,,1,77,,32336,25,,,1,37,,32337,25,,,1,77,,32338,25,,,1,37,,32339,25,,,1,77,,32340,25,,,1,77,,32341,25,,,1,37,,32342,25,,,1,77,,32343,25,,,1,37,,32344,25,,,1,77,,32345,25,,,1,77,,32346,25,,,1,37,,32347,25,,,1,77,,32348,25,,,1,77,,32349,25,,,1,35,,32350,25,,,1,77,,32352,25,,,1,37,,32351,25,,,1
10700,'80',720,,32364,4,,,1,37,,32365,4,,,1,68,,32366,25,,,1,77,,32367,25,,,1,37,,32368,25,,,1,77,,32369,25,,,1,37,,32370,25,,,1,77,,32371,25,,,1,77,,32372,25,,,1,37,,32373,25,,,1,77,,32374,25,,,1,37,,32375,25,,,1,76,,32376,25,,,1,77,,32377,25,,,1,37,,32381,25,,,1,77,,32380,25,,,1,77,,32382,25,,,1,37,,32383,25,,,1,77,,32384,25,,,1,37,,32385,25,,,1,77,,32353,25,,,1,77,,32354,25,,,1,37,,32355,25,,,1,77,,32378,25,,,1,37,,32356,25,,,1,77,,32357,25,,,1,77,,32358,25,,,1,37,,32359,25,,,1,77,,32360,25,,,1,77,,32361,25,,,1,37,,32362,25,,,1,77,,32379,25,,,1,37,,32363,25,,,1
46200,'35294.1',726,,34036,4,,,1
