9600,'1',625,,31260,29,,,1,83,,31259,29,,,1,31,,31258,29,,,1,77,,31257,29,,,1,27,,31256,29,,,1,79,,31253,29,,,1,34,,31254,29,,,1,70,,31255,29,,,1,32,,31268,29,,,1,70,,31267,29,,,1,79,,31261,29,,,1,39,,31262,29,,,1,79,,31263,29,,,1,83,,31264,29,,,1,25,,31265,29,,,1,86,,31266,29,,,1,83,,31274,29,,,1,27,,31273,29,,,1,30,,31272,29,,,1,67,,31269,29,,,1,27,,31270,29,,,1,62,,31271,29,,,1,27,,31277,29,,,1,64,,31278,29,,,1,13,,31288,29,,,1,12,,31276,29,,,1,25,,31275,29,,,1,74,,31285,29,,,1,70,,31284,29,,,1,15,,31287,29,,,1,14,,31279,29,,,1,30,,31280,29,,,1,70,,31281,29,,,1,30,,31282,29,,,1,70,,31283,29,,,1,17,,31286,29,,,1
9600,'2',950,,31289,29,,,1,99,,31290,29,,,1,99,,31291,29,,,1,99,,31292,29,,,1,99,,31293,29,,,1,99,,31294,29,,,1,98,,31295,29,,,1,99,,31296,29,,,1,95,,31297,29,,,1,97,,31298,29,,,1,87,,31299,29,,,1,86,,31300,29,,,1,97,,31301,29,,,1
9600,'3',1043,,31302,29,,,1,94,,31303,29,,,1,94,,31304,29,,,1,94,,31305,29,,,1,94,,31306,29,,,1,94,,31307,29,,,1,94,,31308,29,,,1,94,,31309,29,,,1,52,,31310,29,,,1,94,,31311,29,,,1,94,,31312,29,,,1,92,,31313,29,,,1
9600,'74',950,,31314,29,,,1,99,,31315,29,,,1,99,,31316,29,,,1,99,,31317,29,,,1,99,,31318,29,,,1,99,,31319,29,,,1,98,,31320,29,,,1,99,,31321,29,,,1,95,,31322,29,,,1,97,,31323,29,,,1,87,,31324,29,,,1,86,,31325,29,,,1,97,,31326,29,,,1
9600,'80',1043,,31327,29,,,1,94,,31328,29,,,1,94,,31329,29,,,1,94,,31330,29,,,1,94,,31331,29,,,1,94,,31332,29,,,1,94,,31333,29,,,1,94,,31334,29,,,1,52,,31335,29,,,1,94,,31336,29,,,1,94,,31337,29,,,1,92,,31338,29,,,1
10700,'1',504,,32223,29,,,1,24,,32222,29,,,1,24,,32221,29,,,1,64,,32220,29,,,1,21,,32219,29,,,1,16,,32218,29,,,1,61,,32217,29,,,1,11,,32216,29,,,1,17,,32215,29,,,1,59,,32214,29,,,1,16,,32213,29,,,1,12,,32212,29,,,1,14,,32211,29,,,1,16,,32210,29,,,1,55,,32209,29,,,1,42,,32208,29,,,1,82,,32207,29,,,1,82,,32206,29,,,1,82,,32205,29,,,1,46,,32204,29,,,1,81,,32203,29,,,1,28,,32199,8,,,1,54,,32202,29,,,1,21,,32201,29,,,1,18,,32200,29,,,1,58,,32251,29,,,1,19,,32250,29,,,1,21,,32249,29,,,1,58,,32248,29,,,1,18,,32247,29,,,1,24,,32246,29,,,1,56,,32245,29,,,1,18,,32244,29,,,1,16,,32243,29,,,1,20,,32242,29,,,1,56,,32241,29,,,1,18,,32240,29,,,1,12,,32239,29,,,1,58,,32238,29,,,1,38,,32237,29,,,1,81,,32236,29,,,1,37,,32235,29,,,1,80,,32234,29,,,1,74,,32233,29,,,1,33,,32232,29,,,1,74,,32231,29,,,1,34,,32230,29,,,1,74,,32229,29,,,1,74,,32228,29,,,1,34,,32227,29,,,1,74,,32226,29,,,1,30,,32225,29,,,1,74,,32224,29,,,1
10700,'2',638,,32254,29,,,1,78,,32253,29,,,1,37,,32252,29,,,1,77,,32255,29,,,1,77,,32256,29,,,1,37,,32257,29,,,1,77,,32258,29,,,1,37,,32259,29,,,1,77,,32260,29,,,1,77,,32261,29,,,1,36,,32262,29,,,1,77,,32263,29,,,1,77,,32264,29,,,1,37,,32265,29,,,1,77,,32266,29,,,1,37,,32267,29,,,1,75,,32268,29,,,1,77,,32269,29,,,1,37,,32270,29,,,1,77,,32271,29,,,1,37,,32272,29,,,1,77,,32273,29,,,1,77,,32274,29,,,1,37,,32275,29,,,1,77,,32276,29,,,1,77,,32277,29,,,1,37,,32278,29,,,1,77,,32279,29,,,1,37,,32280,29,,,1,77,,32281,29,,,1,77,,32282,29,,,1,36,,32283,29,,,1,77,,32285,29,,,1,37,,32284,29,,,1
10700,'3',722,,32297,8,,,1,37,,32298,8,,,1,68,,32299,29,,,1,77,,32300,29,,,1,38,,32301,29,,,1,77,,32302,29,,,1,37,,32303,29,,,1,77,,32304,29,,,1,77,,32305,29,,,1,37,,32306,29,,,1,77,,32307,29,,,1,77,,32308,29,,,1,35,,32309,29,,,1,77,,32310,29,,,1,37,,32314,29,,,1,77,,32313,29,,,1,77,,32315,29,,,1,37,,32316,29,,,1,77,,32317,29,,,1,37,,32318,29,,,1,77,,32286,29,,,1,77,,32287,29,,,1,37,,32288,29,,,1,77,,32311,29,,,1,77,,32289,29,,,1,37,,32290,29,,,1,77,,32291,29,,,1,37,,32292,29,,,1,77,,32293,29,,,1,77,,32294,29,,,1,37,,32295,29,,,1,77,,32312,29,,,1,37,,32296,29,,,1
10700,'74',638,,32321,29,,,1,78,,32320,29,,,1,37,,32319,29,,,1,77,,32322,29,,,1,77,,32323,29,,,1,37,,32324,29,,,1,77,,32325,29,,,1,37,,32326,29,,,1,77,,32327,29,,,1,77,,32328,29,,,1,36,,32329,29,,,1,77,,32330,29,,,1,77,,32331,29,,,1,37,,32332,29,,,1,77,,32333,29,,,1,37,,32334,29,,,1,75,,32335,29,,,1,77,,32336,29,,,1,37,,32337,29,,,1,77,,32338,29,,,1,37,,32339,29,,,1,77,,32340,29,,,1,77,,32341,29,,,1,37,,32342,29,,,1,77,,32343,29,,,1,77,,32344,29,,,1,37,,32345,29,,,1,77,,32346,29,,,1,37,,32347,29,,,1,77,,32348,29,,,1,77,,32349,29,,,1,36,,32350,29,,,1,77,,32352,29,,,1,37,,32351,29,,,1
10700,'80',722,,32364,8,,,1,37,,32365,8,,,1,68,,32366,29,,,1,77,,32367,29,,,1,38,,32368,29,,,1,77,,32369,29,,,1,37,,32370,29,,,1,77,,32371,29,,,1,77,,32372,29,,,1,37,,32373,29,,,1,77,,32374,29,,,1,77,,32375,29,,,1,35,,32376,29,,,1,77,,32377,29,,,1,37,,32381,29,,,1,77,,32380,29,,,1,77,,32382,29,,,1,37,,32383,29,,,1,77,,32384,29,,,1,37,,32385,29,,,1,77,,32353,29,,,1,77,,32354,29,,,1,37,,32355,29,,,1,77,,32378,29,,,1,77,,32356,29,,,1,37,,32357,29,,,1,77,,32358,29,,,1,37,,32359,29,,,1,77,,32360,29,,,1,77,,32361,29,,,1,37,,32362,29,,,1,77,,32379,29,,,1,37,,32363,29,,,1
