9900,'1',351,,7281,17,,,1,80,,7282,17,,,1,72,,7255,37,,,1,42,,7256,37,,,1,80,,7257,37,,,1,84,,7258,37,,,1,96,,7259,37,,,1,35,,7260,37,,,1,77,,7261,37,,,1,32,,7262,37,,,1,75,,7263,37,,,1,35,,7264,37,,,1,99,,7265,37,,,1,94,,7266,37,,,1,94,,7267,37,,,1,94,,7268,37,,,1,76,,7280,37,,,1,31,,7279,37,,,1,69,,7269,37,,,1,30,,7270,37,,,1,70,,7271,37,,,1,30,,7272,37,,,1,70,,7273,37,,,1,25,,7274,37,,,1,70,,7275,37,,,1,24,,7276,37,,,1,70,,7277,37,,,1,27,,7278,37,,,1
9900,'2',511,,7301,17,,,1,37,,7302,17,,,1,74,,7283,37,,,1,79,,7284,37,,,1,38,,7298,37,,,1,91,,7297,37,,,1,87,,7285,37,,,1,87,,7286,37,,,1,47,,7287,37,,,1,89,,7288,37,,,1,108,,7289,37,,,1,95,,7290,37,,,1,95,,7291,37,,,1,98,,7292,37,,,1,95,,7293,37,,,1,91,,7294,37,,,1,95,,7295,37,,,1,95,,7296,37,,,1,46,,7300,37,,,1,90,,7299,37,,,1
9900,'3',513,,7321,17,,,1,38,,7322,17,,,1,81,,7303,37,,,1,78,,7304,37,,,1,38,,7305,37,,,1,78,,7306,37,,,1,93,,7323,37,,,1,89,,7307,37,,,1,49,,7308,37,,,1,89,,7309,37,,,1,93,,7310,37,,,1,89,,7311,37,,,1,89,,7312,37,,,1,89,,7313,37,,,1,49,,7314,37,,,1,89,,7315,37,,,1,89,,7316,37,,,1,87,,7317,37,,,1,89,,7318,37,,,1,49,,7319,37,,,1,81,,7320,37,,,1
9900,'80',513,,7342,17,,,1,38,,7343,17,,,1,81,,7324,37,,,1,78,,7325,37,,,1,38,,7326,37,,,1,78,,7327,37,,,1,93,,7344,37,,,1,89,,7328,37,,,1,49,,7329,37,,,1,89,,7330,37,,,1,93,,7331,37,,,1,89,,7332,37,,,1,89,,7333,37,,,1,89,,7334,37,,,1,49,,7335,37,,,1,89,,7336,37,,,1,89,,7337,37,,,1,87,,7338,37,,,1,89,,7339,37,,,1,49,,7340,37,,,1,81,,7341,37,,,1
9900,'81',513,,7363,17,,,1,38,,7364,17,,,1,81,,7345,37,,,1,78,,7346,37,,,1,38,,7347,37,,,1,78,,7348,37,,,1,93,,7365,37,,,1,89,,7349,37,,,1,49,,7350,37,,,1,89,,7351,37,,,1,93,,7352,37,,,1,89,,7353,37,,,1,89,,7354,37,,,1,89,,7355,37,,,1,49,,7356,37,,,1,89,,7357,37,,,1,89,,7358,37,,,1,87,,7359,37,,,1,89,,7360,37,,,1,49,,7361,37,,,1,81,,7362,37,,,1
989900,'1',2103,,11580,37,,,1,35,,11581,37,,,1,78,,11582,37,,,1,38,,11583,37,,,1,75,,11584,37,,,1,73,,11585,37,,,1,35,,11586,37,,,1,75,,11587,37,,,1,35,,11588,37,0,5 6,1,75,,11589,37,0,5 6,1,80,,11590,37,0,5 6,1
989900,'2',2107,,11591,37,,,1,94,,11592,37,,,1,48,,11593,37,,,1,93,,11594,37,,,1,86,,11595,37,,,1,86,,11596,37,,,1,45,,11597,37,0,5 6,1,86,,11598,37,0,5 6,1,86,,11599,37,0,5 6,1
989900,'3',2125,,11600,37,,,1,90,,11601,37,,,1,86,,11602,37,,,1,50,,11603,37,,,1,80,,11604,37,,,1,83,,11605,37,,,1,40,,11606,37,0,5 6,1,83,,11607,37,0,5 6,1,83,,11608,37,0,5 6,1
989900,'80',2125,,11609,37,,,1,90,,11610,37,,,1,86,,11611,37,,,1,50,,11612,37,,,1,80,,11613,37,,,1,83,,11614,37,,,1,40,,11615,37,0,5 6,1,83,,11616,37,0,5 6,1,83,,11617,37,0,5 6,1
989900,'81',2125,,11618,37,,,1,90,,11619,37,,,1,86,,11620,37,,,1,50,,11621,37,,,1,80,,11622,37,,,1,83,,11623,37,,,1,40,,11624,37,0,5 6,1,83,,11625,37,0,5 6,1,83,,11626,37,0,5 6,1
