100,'1',350,,23457,11,,,1,78,,23456,11,,,1,31,,23455,11,,,1,82,,23483,26,,,1,78,,23482,26,,,1,36,,23480,26,,,1,77,,23481,26,,,1,74,,23479,26,,,1,35,,23478,26,,,1,75,,23477,26,,,1,109,,23476,26,,,1,113,,23475,26,,,1,112,,23474,26,,,1,155,,23473,26,,,1,47,,23484,26,,,1,78,,23472,26,,,1,71,,23471,26,,,1,37,,23470,26,,,1,71,,23469,26,,,1,34,,23468,26,,,1,74,,23467,26,,,1,30,,23466,26,,,1,66,,23465,26,,,1,98,,23464,26,,,1,104,,23463,26,,,1,100,,23462,26,,,1,93,,23461,26,,,1,97,,23460,26,,,1,49,,23459,26,,,1,95,,23458,26,,,1
100,'74',549,,23507,11,,,1,96,,23485,26,,,1,103,,23486,26,,,1,107,,23487,26,,,1,103,,23488,26,,,1,148,,23489,26,,,1,94,,23490,26,,,1,47,,23491,26,,,1,102,,23492,26,,,1,92,,23493,26,,,1,92,,23494,26,,,1,92,,23495,26,,,1,88,,23496,26,,,1,92,,23497,26,,,1,51,,23498,26,,,1,84,,23499,26,,,1,92,,23500,26,,,1,92,,23501,26,,,1,97,,23502,26,,,1,97,,23503,26,,,1,94,,23504,26,,,1,94,,23505,26,,,1,97,,23506,26,,,1
100,'80',740,,23523,11,,,1,91,,23508,26,,,1,116,,23509,26,,,1,155,,23510,26,,,1,114,,23511,26,,,1,115,,23512,26,,,1,112,,23513,26,,,1,107,,23514,26,,,1,152,,23515,26,,,1,111,,23516,26,,,1,109,,23517,26,,,1,98,,23518,26,,,1,99,,23519,26,,,1,99,,23520,26,,,1,96,,23521,26,,,1,99,,23522,26,,,1
100,'35296.2',549,,23546,11,,,1,96,,23524,26,,,1,103,,23525,26,,,1,107,,23526,26,,,1,103,,23527,26,,,1,148,,23528,26,,,1,94,,23529,26,,,1,47,,23530,26,,,1,102,,23531,26,,,1,92,,23532,26,,,1,92,,23533,26,,,1,92,,23534,26,,,1,88,,23535,26,,,1,92,,23536,26,,,1,51,,23537,26,,,1,84,,23538,26,,,1,92,,23539,26,,,1,92,,23540,26,,,1,97,,23541,26,,,1,97,,23542,26,,,1,94,,23543,26,,,1,94,,23544,26,,,1,97,,23545,26,,,1
100,'35296.3',740,,23562,11,,,1,91,,23547,26,,,1,116,,23548,26,,,1,155,,23549,26,,,1,114,,23550,26,,,1,115,,23551,26,,,1,112,,23552,26,,,1,107,,23553,26,,,1,152,,23554,26,,,1,111,,23555,26,,,1,109,,23556,26,,,1,98,,23557,26,,,1,99,,23558,26,,,1,99,,23559,26,,,1,96,,23560,26,,,1,99,,23561,26,,,1
100,'35298.2',549,,23615,11,,,1,96,,23614,26,,,1,77,,23563,26,,,1,17,,23564,26,,,1,61,,23565,26,,,1,17,,23566,26,,,1,17,,23567,26,,,1,17,,23568,26,,,1,57,,23569,26,,,1,17,,23570,26,,,1,17,,23571,26,,,1,17,,23572,26,,,1,57,,23573,26,,,1,22,,23574,26,,,1,17,,23575,26,,,1,57,,23576,26,,,1,17,,23577,26,,,1,19,,23578,26,,,1,57,,23579,26,,,1,17,,23580,26,,,1,17,,23581,26,,,1,62,,23582,26,,,1,17,,23583,26,,,1,17,,23584,26,,,1,17,,23585,26,,,1,57,,23586,26,,,1,17,,23587,26,,,1,17,,23588,26,,,1,57,,23589,26,,,1,17,,23590,26,,,1,17,,23591,26,,,1,17,,23592,26,,,1,57,,23593,26,,,1,17,,23594,26,,,1,13,,23595,26,,,1,17,,23596,26,,,1,57,,23597,26,,,1,17,,23598,26,,,1,17,,23599,26,,,1,57,,23600,26,,,1,17,,23601,26,,,1,16,,23602,26,,,1,17,,23603,26,,,1,57,,23604,26,,,1,17,,23605,26,,,1,13,,23606,26,,,1,92,,23607,26,,,1,92,,23608,26,,,1,97,,23609,26,,,1,97,,23610,26,,,1,94,,23611,26,,,1,94,,23612,26,,,1,97,,23613,26,,,1
100,'35298.3',721,,23616,26,,,1,17,,23617,26,,,1,17,,23618,26,,,1,57,,23619,26,,,1,17,,23620,26,,,1,17,,23621,26,,,1,57,,23622,26,,,1,21,,23623,26,,,1,17,,23624,26,,,1,17,,23625,26,,,1,57,,23626,26,,,1,20,,23627,26,,,1,17,,23628,26,,,1,57,,23629,26,,,1,17,,23630,26,,,1,19,,23631,26,,,1,57,,23632,26,,,1,17,,23633,26,,,1,17,,23634,26,,,1,17,,23635,26,,,1,60,,23636,26,,,1,17,,23637,26,,,1,17,,23638,26,,,1,57,,23639,26,,,1,17,,23640,26,,,1,17,,23641,26,,,1,17,,23642,26,,,1,57,,23643,26,,,1,17,,23644,26,,,1,12,,23645,26,,,1,17,,23646,26,,,1,57,,23647,26,,,1,17,,23648,26,,,1,17,,23649,26,,,1,57,,23650,26,,,1,17,,23651,26,,,1,17,,23652,26,,,1,17,,23653,26,,,1,56,,23654,26,,,1,17,,23655,26,,,1,17,,23656,26,,,1,57,,23657,26,,,1,14,,23658,26,,,1,102,,23659,26,,,1,99,,23660,26,,,1,99,,23661,26,,,1,96,,23662,26,,,1,99,,23663,26,,,1
60300,'1',509,,34741,13,,,1,20,,34742,13,,,1,21,,34743,13,,,1,61,,34744,13,,,1,22,,34745,13,,,1,18,,34746,13,,,1,63,,34747,13,,,1,18,,34748,13,,,1,18,,34749,13,,,1,60,,34750,13,,,1,18,,34751,13,,,1,18,,34752,13,,,1,58,,34753,13,,,1,18,,34754,13,,,1,19,,34755,13,,,1,62,,34756,13,,,1,22,,34757,13,,,1,22,,34758,13,,,1,62,,34759,13,,,1,22,,34760,13,,,1,22,,34761,13,,,1,62,,34762,13,,,1,22,,34763,13,,,1,22,,34764,13,,,1,63,,34765,13,,,1,22,,34766,13,,,1,62,,34767,13,,,1,22,,34768,13,,,1,22,,34769,13,,,1,59,,34770,13,,,1,16,,34771,13,,,1,16,,34772,13,,,1,16,,34773,13,,,1,56,,34774,13,,,1,16,,34775,13,,,1,16,,34776,13,,,1,56,,34777,13,,,1,16,,34778,13,,,1,16,,34779,13,,,1,16,,34780,13,,,1,55,,34781,13,,,1,16,,34782,13,,,1,14,,34783,13,,,1,16,,34784,13,,,1,56,,34785,13,,,1,15,,34786,13,,,1,30,,34787,13,,,1,70,,34788,13,,,1,30,,34789,13,,,1,69,,34790,13,,,1,27,,34791,13,,,1,70,,34792,13,,,1,41,,34793,13,,,1,80,,34794,13,,,1,82,,34795,13,,,1,87,,34796,13,,,1
60300,'74',540,,34797,13,,,1,82,,34798,13,,,1,80,,34799,13,,,1,41,,34800,13,,,1,80,,34801,13,,,1,82,,34802,13,,,1,44,,34803,13,,,1,82,,34804,13,,,1,77,,34805,13,,,1,38,,34806,13,,,1,80,,34807,13,,,1,75,,34808,13,,,1,38,,34809,13,,,1,78,,34810,13,,,1,38,,34811,13,,,1,79,,34812,13,,,1,78,,34813,13,,,1,38,,34814,13,,,1,76,,34815,13,,,1,79,,34816,13,,,1,36,,34817,13,,,1,78,,34818,13,,,1,37,,34819,13,,,1,80,,34820,13,,,1,80,,34821,13,,,1,38,,34822,13,,,1,86,,34823,13,,,1,89,,34824,13,,,1,92,,34825,13,,,1
60300,'80',724,,34826,13,,,1,76,,34827,13,,,1,38,,34828,13,,,1,76,,34829,13,,,1,42,,34830,13,,,1,85,,34831,13,,,1,84,,34832,13,,,1,82,,34833,13,,,1,42,,34834,13,,,1,82,,34835,13,,,1,82,,34836,13,,,1,43,,34837,13,,,1,79,,34838,13,,,1,76,,34839,13,,,1,36,,34840,13,,,1,76,,34841,13,,,1,35,,34842,13,,,1,76,,34843,13,,,1,73,,34844,13,,,1,36,,34845,13,,,1,74,,34846,13,,,1,36,,34847,13,,,1,91,,34848,13,,,1,105,,34849,13,,,1,103,,34850,13,,,1,106,,34851,13,,,1
60300,'35296.2',540,,34852,13,,,1,82,,34853,13,,,1,80,,34854,13,,,1,41,,34855,13,,,1,80,,34856,13,,,1,82,,34857,13,,,1,44,,34858,13,,,1,82,,34859,13,,,1,77,,34860,13,,,1,38,,34861,13,,,1,80,,34862,13,,,1,75,,34863,13,,,1,38,,34864,13,,,1,78,,34865,13,,,1,38,,34866,13,,,1,79,,34867,13,,,1,78,,34868,13,,,1,38,,34869,13,,,1,76,,34870,13,,,1,79,,34871,13,,,1,36,,34872,13,,,1,78,,34873,13,,,1,37,,34874,13,,,1,80,,34875,13,,,1,80,,34876,13,,,1,38,,34877,13,,,1,86,,34878,13,,,1,89,,34879,13,,,1,92,,34880,13,,,1
60300,'35296.3',724,,34881,13,,,1,76,,34882,13,,,1,38,,34883,13,,,1,76,,34884,13,,,1,42,,34885,13,,,1,85,,34886,13,,,1,84,,34887,13,,,1,82,,34888,13,,,1,42,,34889,13,,,1,82,,34890,13,,,1,82,,34891,13,,,1,43,,34892,13,,,1,79,,34893,13,,,1,76,,34894,13,,,1,36,,34895,13,,,1,76,,34896,13,,,1,35,,34897,13,,,1,76,,34898,13,,,1,73,,34899,13,,,1,36,,34900,13,,,1,74,,34901,13,,,1,36,,34902,13,,,1,91,,34903,13,,,1,105,,34904,13,,,1,103,,34905,13,,,1,106,,34906,13,,,1
60300,'35297.2',530,,34998,13,,,1,22,,34999,13,,,1,62,,35000,13,,,1,24,,35001,13,,,1,62,,35002,13,,,1,23,,34907,13,,,1,7,,34908,13,,,1,7,,34909,13,,,1,7,,34910,13,,,1,7,,34911,13,,,1,7,,34912,13,,,1,47,,34913,13,,,1,7,,34914,13,,,1,7,,34915,13,,,1,7,,34916,13,,,1,7,,34917,13,,,1,9,,34918,13,,,1,7,,34919,13,,,1,7,,34920,13,,,1,47,,34921,13,,,1,7,,34922,13,,,1,7,,34923,13,,,1,7,,34924,13,,,1,11,,34925,13,,,1,7,,34926,13,,,1,7,,34927,13,,,1,7,,34928,13,,,1,47,,34929,13,,,1,7,,34930,13,,,1,9,,34931,13,,,1,7,,34932,13,,,1,7,,34933,13,,,1,7,,34934,13,,,1,7,,34935,13,,,1,7,,34936,13,,,1,5,,34937,13,,,1,47,,34938,13,,,1,7,,34939,13,,,1,7,,34940,13,,,1,7,,34941,13,,,1,7,,34942,13,,,1,7,,34943,13,,,1,7,,34944,13,,,1,7,,34945,13,,,1,49,,34946,13,,,1,7,,34947,13,,,1,7,,34948,13,,,1,7,,34949,13,,,1,7,,34950,13,,,1,7,,34951,13,,,1,7,,34952,13,,,1,7,,34953,13,,,1,47,,34954,13,,,1,4,,34955,13,,,1,7,,34956,13,,,1,7,,34957,13,,,1,7,,34958,13,,,1,7,,34959,13,,,1,7,,34960,13,,,1,7,,34961,13,,,1,7,,34962,13,,,1,47,,34963,13,,,1,7,,34964,13,,,1,7,,34965,13,,,1,7,,34966,13,,,1,7,,34967,13,,,1,7,,34968,13,,,1,7,,34969,13,,,1,7,,34970,13,,,1,7,,34971,13,,,1,51,,34972,13,,,1,7,,34973,13,,,1,7,,34974,13,,,1,7,,34975,13,,,1,4,,34976,13,,,1,7,,34977,13,,,1,7,,34978,13,,,1,7,,34979,13,,,1,47,,34980,13,,,1,7,,34981,13,,,1,7,,34982,13,,,1,7,,34983,13,,,1,7,,34984,13,,,1,7,,34985,13,,,1,7,,34986,13,,,1,7,,34987,13,,,1,7,,34988,13,,,1,47,,34989,13,,,1,7,,34990,13,,,1,5,,34991,13,,,1,7,,34992,13,,,1,7,,34993,13,,,1,7,,34994,13,,,1,7,,34995,13,,,1,7,,34996,13,,,1,8,,34997,13,,,1,47,,35003,13,,,1,7,,35004,13,,,1,7,,35005,13,,,1,7,,35006,13,,,1,5,,35007,13,,,1,7,,35008,13,,,1,7,,35009,13,,,1,7,,35010,13,,,1,7,,35011,13,,,1,47,,35012,13,,,1,7,,35013,13,,,1,7,,35014,13,,,1,6,,35015,13,,,1,7,,35016,13,,,1,7,,35017,13,,,1,7,,35018,13,,,1,62,,35019,13,,,1,22,,35020,13,,,1,22,,35021,13,,,1,62,,35022,13,,,1,22,,35023,13,,,1,20,,35024,13,,,1,62,,35025,13,,,1,22,,35026,13,,,1,62,,35027,13,,,1,19,,35028,13,,,1,22,,35029,13,,,1,62,,35030,13,,,1,22,,35031,13,,,1,22,,35032,13,,,1
60300,'35297.3',721,,35033,13,,,1,7,,35034,13,,,1,7,,35035,13,,,1,7,,35036,13,,,1,7,,35037,13,,,1,7,,35038,13,,,1,47,,35039,13,,,1,9,,35040,13,,,1,7,,35041,13,,,1,7,,35042,13,,,1,7,,35043,13,,,1,7,,35044,13,,,1,7,,35045,13,,,1,7,,35046,13,,,1,47,,35047,13,,,1,7,,35048,13,,,1,7,,35049,13,,,1,7,,35050,13,,,1,7,,35051,13,,,1,7,,35052,13,,,1,7,,35053,13,,,1,7,,35054,13,,,1,7,,35055,13,,,1,50,,35056,13,,,1,7,,35057,13,,,1,7,,35058,13,,,1,7,,35059,13,,,1,7,,35060,13,,,1,7,,35061,13,,,1,7,,35062,13,,,1,9,,35063,13,,,1,47,,35064,13,,,1,7,,35065,13,,,1,7,,35066,13,,,1,7,,35067,13,,,1,7,,35068,13,,,1,7,,35069,13,,,1,7,,35070,13,,,1,7,,35071,13,,,1,47,,35072,13,,,1,7,,35073,13,,,1,7,,35074,13,,,1,7,,35075,13,,,1,7,,35076,13,,,1,7,,35077,13,,,1,7,,35078,13,,,1,7,,35079,13,,,1,7,,35080,13,,,1,47,,35081,13,,,1,7,,35082,13,,,1,7,,35083,13,,,1,7,,35084,13,,,1,7,,35085,13,,,1,7,,35086,13,,,1,7,,35087,13,,,1,7,,35088,13,,,1,47,,35089,13,,,1,7,,35090,13,,,1,7,,35091,13,,,1,7,,35092,13,,,1,8,,35093,13,,,1,7,,35094,13,,,1,7,,35095,13,,,1,7,,35096,13,,,1,7,,35097,13,,,1,47,,35098,13,,,1,7,,35099,13,,,1,7,,35100,13,,,1,7,,35101,13,,,1,7,,35102,13,,,1,7,,35103,13,,,1,7,,35104,13,,,1,7,,35105,13,,,1,47,,35106,13,,,1,7,,35107,13,,,1,7,,35108,13,,,1,7,,35109,13,,,1,7,,35110,13,,,1,7,,35111,13,,,1,7,,35112,13,,,1,7,,35113,13,,,1,7,,35114,13,,,1,47,,35115,13,,,1,7,,35116,13,,,1,7,,35117,13,,,1,7,,35118,13,,,1,6,,35119,13,,,1,7,,35120,13,,,1,7,,35121,13,,,1,7,,35122,13,,,1,7,,35123,13,,,1,47,,35124,13,,,1,7,,35125,13,,,1,7,,35126,13,,,1,7,,35127,13,,,1,7,,35128,13,,,1,7,,35129,13,,,1,7,,35130,13,,,1,7,,35131,13,,,1,4,,35132,13,,,1,47,,35133,13,,,1,7,,35134,13,,,1,7,,35135,13,,,1,7,,35136,13,,,1,7,,35137,13,,,1,7,,35138,13,,,1,7,,35139,13,,,1,7,,35140,13,,,1,60,,35141,13,,,1,22,,35142,13,,,1,22,,35143,13,,,1,62,,35144,13,,,1,22,,35145,13,,,1,62,,35146,13,,,1,21,,35147,13,,,1,22,,35148,13,,,1,62,,35149,13,,,1,22,,35150,13,,,1,19,,35151,13,,,1,62,,35152,13,,,1,22,,35153,13,,,1,22,,35154,13,,,1
