9901,'1',403,,31722,5,,,1,40,,31723,5,,,1,80,,31724,5,,,1,80,,31725,5,,,1,36,,31726,5,,,1,75,,31727,5,,,1,28,,31728,5,,,1,83,,31729,5,,,1,75,,31730,5,,,1,35,,31731,5,,,1,94,,31732,5,,,1,95,,31733,5,,,1,94,,31734,5,,,1,94,,31735,5,,,1,100,,31736,5,,,1,25,,31737,5,,,1,70,,31738,5,,,1,30,,31739,5,,,1,70,,31740,5,,,1,30,,31741,5,,,1,70,,31742,5,,,1,30,,31743,5,,,1,69,,31744,5,,,1,30,,31745,5,,,1,69,,31746,5,,,1,30,,31747,5,,,1,70,,31748,5,,,1,25,,31749,5,,,1,74,,31750,5,,,1,45,,31751,5,,,1
9901,'2',523,,31752,5,,,1,77,,31753,5,,,1,37,,31754,5,,,1,77,,31755,5,,,1,87,,31756,5,,,1,48,,31757,5,,,1,87,,31758,5,,,1,87,,31759,5,,,1,98,,31760,5,,,1,95,,31761,5,,,1,95,,31762,5,,,1,95,,31763,5,,,1,95,,31764,5,,,1,55,,31765,5,,,1,94,,31766,5,,,1,94,,31767,5,,,1,95,,31768,5,,,1,95,,31769,5,,,1,85,,31770,5,,,1,85,,31771,5,,,1
9901,'3',528,,31772,5,,,1,79,,31773,5,,,1,38,,31774,5,,,1,78,,31775,5,,,1,78,,31776,5,,,1,50,,31777,5,,,1,89,,31778,5,,,1,89,,31779,5,,,1,89,,31780,5,,,1,89,,31781,5,,,1,49,,31782,5,,,1,89,,31783,5,,,1,89,,31784,5,,,1,89,,31785,5,,,1,89,,31786,5,,,1,89,,31787,5,,,1,48,,31788,5,,,1,89,,31789,5,,,1,89,,31790,5,,,1,89,,31791,5,,,1,89,,31792,5,,,1,39,,31793,5,,,1
9901,'74',523,,31794,5,,,1,77,,31795,5,,,1,37,,31796,5,,,1,77,,31797,5,,,1,87,,31798,5,,,1,48,,31799,5,,,1,87,,31800,5,,,1,87,,31801,5,,,1,98,,31802,5,,,1,95,,31803,5,,,1,95,,31804,5,,,1,95,,31805,5,,,1,95,,31806,5,,,1,55,,31807,5,,,1,94,,31808,5,,,1,94,,31809,5,,,1,95,,31810,5,,,1,95,,31811,5,,,1,85,,31812,5,,,1,85,,31813,5,,,1
9901,'80',528,,31814,5,,,1,79,,31815,5,,,1,38,,31816,5,,,1,78,,31817,5,,,1,78,,31818,5,,,1,50,,31819,5,,,1,89,,31820,5,,,1,89,,31821,5,,,1,89,,31822,5,,,1,89,,31823,5,,,1,49,,31824,5,,,1,89,,31825,5,,,1,89,,31826,5,,,1,89,,31827,5,,,1,89,,31828,5,,,1,89,,31829,5,,,1,48,,31830,5,,,1,89,,31831,5,,,1,89,,31832,5,,,1,89,,31833,5,,,1,89,,31834,5,,,1,39,,31835,5,,,1
989901,'1',2227,,36877,60,,,1,31,,36878,60,,,1,78,,36879,60,,,1,75,,36880,60,,,1,35,,36881,60,,,1,71,,36882,60,,,1,35,,36883,60,,,1,75,,36884,60,,,1
989901,'2',2234,,36885,60,,,1,90,,36886,60,,,1,82,,36887,60,,,1,51,,36890,60,,,1,85,,36888,60,,,1,86,,36889,60,,,1
989901,'3',2245,,36891,60,,,1,87,,36892,60,,,1,83,,36893,60,,,1,89,,36894,60,,,1,39,,36895,60,,,1,83,,36896,60,,,1
989901,'74',2234,,36897,60,,,1,90,,36898,60,,,1,82,,36899,60,,,1,51,,36902,60,,,1,85,,36900,60,,,1,86,,36901,60,,,1
989901,'80',2245,,36903,60,,,1,87,,36904,60,,,1,83,,36905,60,,,1,89,,36906,60,,,1,39,,36907,60,,,1,83,,36908,60,,,1
