9600,'1',655,,31260,65,,,1,87,,31259,65,,,1,71,,31258,65,,,1,37,,31257,65,,,1,67,,31256,65,,,1,33,,31253,65,,,1,74,,31254,65,,,1,30,,31255,65,,,1,72,,31268,65,,,1,28,,31267,61,,,1,79,,31261,61,,,1,79,,31262,61,,,1,39,,31263,61,,,1,85,,31264,61,,,1,65,,31265,61,,,1,52,,31266,65,,,1,83,,31274,65,,,1,67,,31273,65,,,1,32,,31272,65,,,1,23,,31269,65,,,1,67,,31270,65,,,1,21,,31271,65,,,1,67,,31277,65,,,1,20,,31278,65,,,1,13,,31288,65,,,1,11,,31276,65,,,1,65,,31275,65,,,1,30,,31285,61,,,1,70,,31284,61,,,1,15,,31287,61,,,1,13,,31279,61,,,1,70,,31280,61,,,1,30,,31281,61,,,1,68,,31282,61,,,1,30,,31283,61,,,1,57,,31286,61,,,1
9600,'2',1016,,31289,61,,,1,101,,31290,61,,,1,99,,31291,61,,,1,96,,31292,61,,,1,99,,31293,61,,,1,99,,31294,61,,,1,99,,31295,61,,,1,99,,31296,61,,,1,95,,31297,61,,,1,97,,31298,61,,,1,47,,31299,61,,,1,83,,31300,61,,,1,97,,31301,61,,,1
9600,'3',1107,,31302,61,,,1,94,,31303,61,,,1,54,,31304,61,,,1,94,,31305,61,,,1,94,,31306,61,,,1,94,,31307,61,,,1,94,,31308,61,,,1,94,,31309,61,,,1,92,,31310,61,,,1,94,,31311,61,,,1,94,,31312,61,,,1,51,,31313,61,,,1
9600,'74',1016,,31314,61,,,1,101,,31315,61,,,1,99,,31316,61,,,1,96,,31317,61,,,1,99,,31318,61,,,1,99,,31319,61,,,1,99,,31320,61,,,1,99,,31321,61,,,1,95,,31322,61,,,1,97,,31323,61,,,1,47,,31324,61,,,1,83,,31325,61,,,1,97,,31326,61,,,1
9600,'80',1107,,31327,61,,,1,94,,31328,61,,,1,54,,31329,61,,,1,94,,31330,61,,,1,94,,31331,61,,,1,94,,31332,61,,,1,94,,31333,61,,,1,94,,31334,61,,,1,92,,31335,61,,,1,94,,31336,61,,,1,94,,31337,61,,,1,51,,31338,61,,,1
9800,'1',614,,31445,17,,,1,35,,31444,17,,,1,73,,31443,17,,,1,35,,31442,17,,,1,75,,31441,17,,,1,75,,31440,17,,,1,98,,31436,17,,,1,98,,31433,17,,,1,54,,31438,17,,,1,98,,31437,17,,,1,80,,31425,17,,,1,77,,31435,17,,,1,40,,31434,17,,,1,80,,31432,17,,,1,80,,31431,17,,,1,40,,31430,17,,,1,86,,31429,17,,,1,80,,31428,17,,,1,94,,31427,17,,,1,91,,31426,17,,,1,50,,31439,17,,,1
9800,'2',613,,31463,17,,,1,46,,31462,17,,,1,84,,31461,17,,,1,94,,31460,17,,,1,93,,31459,17,,,1,90,,31458,17,,,1,94,,31457,17,,,1,98,,31456,17,,,1,98,,31455,17,,,1,96,,31454,17,,,1,98,,31453,17,,,1,98,,31452,17,,,1,100,,31451,17,,,1,102,,31450,17,,,1,49,,31449,17,,,1,93,,31448,17,,,1,89,,31447,17,,,1,85,,31446,17,,,1
9800,'3',758,,31479,17,,,1,88,,31478,17,,,1,88,,31477,17,,,1,91,,31476,17,,,1,93,,31475,17,,,1,90,,31474,17,,,1,93,,31473,17,,,1,53,,31472,17,,,1,93,,31471,17,,,1,93,,31470,17,,,1,93,,31469,17,,,1,97,,31468,17,,,1,88,,31467,17,,,1,91,,31466,17,,,1,47,,31465,17,,,1,88,,31464,17,,,1
9800,'74',613,,31497,17,,,1,46,,31496,17,,,1,84,,31495,17,,,1,94,,31494,17,,,1,93,,31493,17,,,1,90,,31492,17,,,1,94,,31491,17,,,1,98,,31490,17,,,1,98,,31489,17,,,1,96,,31488,17,,,1,98,,31487,17,,,1,98,,31486,17,,,1,100,,31485,17,,,1,102,,31484,17,,,1,49,,31483,17,,,1,93,,31482,17,,,1,89,,31481,17,,,1,85,,31480,17,,,1
9800,'80',758,,31513,17,,,1,88,,31512,17,,,1,88,,31511,17,,,1,91,,31510,17,,,1,93,,31509,17,,,1,90,,31508,17,,,1,93,,31507,17,,,1,53,,31506,17,,,1,93,,31505,17,,,1,93,,31504,17,,,1,93,,31503,17,,,1,97,,31502,17,,,1,88,,31501,17,,,1,91,,31500,17,,,1,47,,31499,17,,,1,88,,31498,17,,,1
910200,'1',1603,,36812,39,,,1,43,,36820,39,,,1,85,,36816,39,,,1,85,,36817,39,,,1,43,,36818,39,,,1
989900,'1',2118,,36830,60,,,1,34,,36831,60,,,1,78,,36832,60,,,1,78,,36833,60,,,1,35,,36834,60,,,1,71,,36835,60,,,1,35,,36836,60,,,1,75,,36837,60,,,1,76,,36838,60,0,5 6,1,35,,36839,60,0,5 6,1,79,,36840,60,0,5 6,1
989900,'2',2122,,36841,60,,,1,94,,36842,60,,,1,86,,36843,60,,,1,52,,36844,60,,,1,86,,36845,60,,,1,86,,36846,60,,,1,84,,36847,60,0,5 6,1,46,,36848,60,0,5 6,1,86,,36849,60,0,5 6,1
989900,'3',2138,,36850,60,,,1,90,,36851,60,,,1,85,,36852,60,,,1,90,,36853,60,,,1,40,,36854,60,,,1,83,,36855,60,,,1,79,,36856,60,0,5 6,1,43,,36857,60,0,5 6,1,83,,36858,60,0,5 6,1
989900,'74',2122,,36859,60,,,1,94,,36860,60,,,1,86,,36861,60,,,1,52,,36862,60,,,1,86,,36863,60,,,1,86,,36864,60,,,1,84,,36865,60,0,5 6,1,46,,36866,60,0,5 6,1,86,,36867,60,0,5 6,1
989900,'80',2138,,36868,60,,,1,90,,36869,60,,,1,85,,36870,60,,,1,90,,36871,60,,,1,40,,36872,60,,,1,83,,36873,60,,,1,79,,36874,60,0,5 6,1,43,,36875,60,0,5 6,1,83,,36876,60,0,5 6,1
