9601,'1',525,,31339,62,,,1,30,,31340,62,,,1,69,,31341,62,,,1,30,,31342,62,,,1,81,,31343,62,,,1,76,,31344,62,,,1,38,,31345,62,,,1,68,,31346,62,,,1,33,,31347,62,,,1,71,,31348,62,,,1,79,,31349,62,,,1,38,,31350,58,,,1,83,,31351,58,,,1,35,,31352,58,,,1,72,,31353,58,,,1,86,,31354,58,,,1,42,,31355,58,,,1,61,,31374,58,,,1,18,,31356,58,,,1,71,,31357,58,,,1,27,,31358,58,,,1,70,,31359,62,,,1,27,,31360,62,,,1,26,,31361,62,,,1,63,,31362,62,,,1,18,,31363,62,,,1,65,,31364,62,,,1,25,,31365,62,,,1,25,,31366,62,,,1,61,,31367,58,,,1,25,,31368,58,,,1,67,,31369,58,,,1,30,,31370,58,,,1,70,,31371,58,,,1,30,,31372,58,,,1,24,,31373,58,,,1
9601,'2',851,,31375,58,,,1,99,,31376,58,,,1,101,,31377,58,,,1,99,,31378,58,,,1,99,,31379,58,,,1,97,,31380,58,,,1,99,,31381,58,,,1,99,,31382,58,,,1,99,,31383,58,,,1,99,,31384,58,,,1,88,,31385,58,,,1,90,,31386,58,,,1,97,,31387,58,,,1
9601,'3',950,,31388,58,,,1,94,,31389,58,,,1,94,,31390,58,,,1,94,,31391,58,,,1,94,,31392,58,,,1,94,,31393,58,,,1,96,,31394,58,,,1,94,,31395,58,,,1,49,,31396,58,,,1,94,,31397,58,,,1,92,,31398,58,,,1,94,,31399,58,,,1
9601,'74',851,,31400,58,,,1,99,,31401,58,,,1,101,,31402,58,,,1,99,,31403,58,,,1,99,,31404,58,,,1,97,,31405,58,,,1,99,,31406,58,,,1,99,,31407,58,,,1,99,,31408,58,,,1,99,,31409,58,,,1,88,,31410,58,,,1,90,,31411,58,,,1,97,,31412,58,,,1
9601,'80',950,,31413,58,,,1,94,,31414,58,,,1,94,,31415,58,,,1,94,,31416,58,,,1,94,,31417,58,,,1,94,,31418,58,,,1,96,,31419,58,,,1,94,,31420,58,,,1,49,,31421,58,,,1,94,,31422,58,,,1,92,,31423,58,,,1,94,,31424,58,,,1
10701,'1',519,,32420,5,,,1,24,,32419,5,,,1,65,,32418,5,,,1,24,,32417,5,,,1,24,,32416,5,,,1,57,,32415,5,,,1,20,,32414,5,,,1,12,,32413,5,,,1,60,,32412,5,,,1,16,,32411,5,,,1,16,,32410,5,,,1,10,,32409,5,,,1,12,,32407,5,4,,1,56,,32406,5,4,,1,19,,32398,5,,,1,80,,32405,5,,,1,42,,32404,5,,,1,82,,32403,5,,,1,82,,32402,5,,,1,86,,32401,5,,,1,42,,32400,5,,,1,68,,32408,5,,,1,14,,32399,5,,,1,23,,32397,5,,,1,58,,32396,5,,,1,18,,32395,5,,,1,18,,32394,5,,,1,62,,32393,5,,,1,18,,32392,5,,,1,18,,32391,5,,,1,64,,32390,5,,,1,18,,32389,5,,,1,18,,32388,5,,,1,55,,32387,5,,,1,17,,32386,5,,,1,18,,32434,5,,,1,16,,32437,5,4,,1,50,,32433,5,,,1,18,,32421,5,,,1,38,,32435,5,,,1,81,,32432,5,,,1,77,,32431,5,,,1,38,,32430,5,,,1,73,,32429,5,,,1,74,,32428,5,,,1,34,,32427,5,,,1,74,,32426,5,,,1,34,,32425,5,,,1,74,,32424,5,,,1,34,,32423,5,,,1,74,,32422,5,,,1,28,,32436,5,4,,1,74,,32438,5,4,,1
10701,'2',653,,32463,5,,,1,79,,32464,5,,,1,77,,32465,5,,,1,37,,32466,5,,,1,77,,32467,5,,,1,77,,32468,5,,,1,37,,32469,5,,,1,77,,32470,5,,,1,37,,32471,5,,,1,77,,32472,5,,,1,76,,32440,5,,,1,37,,32441,5,,,1,77,,32443,5,,,1,37,,32444,5,,,1,77,,32445,5,,,1,77,,32446,5,,,1,35,,32447,5,,,1,77,,32448,5,,,1,37,,32449,5,,,1,77,,32450,5,,,1,77,,32451,5,,,1,37,,32452,5,,,1,77,,32453,5,,,1,77,,32454,5,,,1,37,,32455,5,,,1,77,,32442,5,,,1,37,,32456,5,,,1,77,,32457,5,,,1,77,,32458,5,,,1,37,,32459,5,,,1,77,,32439,5,,,1,35,,32460,5,,,1,71,,32461,5,4,,1,77,,32462,5,4,,1
10701,'3',733,,32485,5,,,1,77,,32486,5,,,1,34,,32487,5,,,1,77,,32488,5,,,1,38,,32489,5,,,1,77,,32490,5,,,1,77,,32484,5,,,1,37,,32491,5,,,1,77,,32492,5,,,1,77,,32493,5,,,1,37,,32494,5,,,1,77,,32495,5,,,1,35,,32496,5,,,1,77,,32497,5,,,1,77,,32498,5,,,1,37,,32500,5,,,1,77,,32501,5,,,1,37,,32499,5,,,1,77,,32481,5,,,1,77,,32502,5,,,1,37,,32503,5,,,1,77,,32504,5,,,1,77,,32505,5,,,1,37,,32473,5,,,1,77,,32474,5,,,1,37,,32475,5,,,1,77,,32476,5,,,1,77,,32477,5,,,1,37,,32478,5,,,1,77,,32479,5,,,1,37,,32480,5,,,1,69,,32482,5,4,,1,77,,32483,5,4,,1
10701,'74',653,,32530,5,,,1,79,,32531,5,,,1,77,,32532,5,,,1,37,,32533,5,,,1,77,,32534,5,,,1,77,,32535,5,,,1,37,,32536,5,,,1,77,,32537,5,,,1,37,,32538,5,,,1,77,,32539,5,,,1,76,,32507,5,,,1,37,,32508,5,,,1,77,,32510,5,,,1,37,,32511,5,,,1,77,,32512,5,,,1,77,,32513,5,,,1,35,,32514,5,,,1,77,,32515,5,,,1,37,,32516,5,,,1,77,,32517,5,,,1,77,,32518,5,,,1,37,,32519,5,,,1,77,,32520,5,,,1,77,,32521,5,,,1,37,,32522,5,,,1,77,,32509,5,,,1,37,,32523,5,,,1,77,,32524,5,,,1,77,,32525,5,,,1,37,,32526,5,,,1,77,,32506,5,,,1,35,,32527,5,,,1,71,,32528,5,4,,1,77,,32529,5,4,,1
10701,'80',733,,32552,5,,,1,77,,32553,5,,,1,34,,32554,5,,,1,77,,32555,5,,,1,38,,32556,5,,,1,77,,32557,5,,,1,77,,32551,5,,,1,37,,32558,5,,,1,77,,32559,5,,,1,77,,32560,5,,,1,37,,32561,5,,,1,77,,32562,5,,,1,35,,32563,5,,,1,77,,32564,5,,,1,77,,32565,5,,,1,37,,32567,5,,,1,77,,32568,5,,,1,37,,32566,5,,,1,77,,32548,5,,,1,77,,32569,5,,,1,37,,32570,5,,,1,77,,32571,5,,,1,77,,32572,5,,,1,37,,32540,5,,,1,77,,32541,5,,,1,37,,32542,5,,,1,77,,32543,5,,,1,77,,32544,5,,,1,37,,32545,5,,,1,77,,32546,5,,,1,37,,32547,5,,,1,69,,32549,5,4,,1,77,,32550,5,4,,1
