9600,'1',703,,6908,77,,,1,47,,6907,77,,,1,71,,6906,77,,,1,37,,6905,77,,,1,67,,6904,77,,,1,33,,6901,77,,,1,74,,6902,77,,,1,70,,6903,77,,,1,32,,6916,77,,,1,68,,6915,73,,,1,39,,6909,73,,,1,79,,6910,73,,,1,39,,6911,73,,,1,85,,6912,73,,,1,65,,6913,73,,,1,92,,6914,77,,,1,43,,6922,77,,,1,67,,6921,77,,,1,32,,6920,77,,,1,63,,6917,77,,,1,27,,6918,77,,,1,21,,6919,77,,,1,67,,6925,77,,,1,19,,6926,77,,,1,13,,6936,77,,,1,51,,6924,77,,,1,25,,6923,77,,,1,30,,6933,73,,,1,70,,6932,73,,,1,15,,6935,73,,,1,12,,6927,73,,,1,70,,6928,73,,,1,30,,6929,73,,,1,68,,6930,73,,,1,30,,6931,73,,,1,57,,6934,73,,,1
9600,'2',1024,,6937,73,,,1,101,,6938,73,,,1,99,,6939,73,,,1,96,,6940,73,,,1,99,,6941,73,,,1,99,,6942,73,,,1,99,,6943,73,,,1,99,,6944,73,,,1,94,,6945,73,,,1,97,,6946,73,,,1,47,,6947,73,,,1,83,,6948,73,,,1,97,,6949,73,,,1
9600,'3',1115,,6950,73,,,1,94,,6951,73,,,1,94,,6952,73,,,1,54,,6953,73,,,1,94,,6954,73,,,1,94,,6955,73,,,1,94,,6956,73,,,1,94,,6957,73,,,1,91,,6958,73,,,1,94,,6959,73,,,1,94,,6960,73,,,1,91,,6961,73,,,1
9600,'80',1115,,6962,73,,,1,94,,6963,73,,,1,94,,6964,73,,,1,54,,6965,73,,,1,94,,6966,73,,,1,94,,6967,73,,,1,94,,6968,73,,,1,94,,6969,73,,,1,91,,6970,73,,,1,94,,6971,73,,,1,94,,6972,73,,,1,91,,6973,73,,,1
9600,'81',1115,,6974,73,,,1,94,,6975,73,,,1,94,,6976,73,,,1,54,,6977,73,,,1,94,,6978,73,,,1,94,,6979,73,,,1,94,,6980,73,,,1,94,,6981,73,,,1,91,,6982,73,,,1,94,,6983,73,,,1,94,,6984,73,,,1,91,,6985,73,,,1
9800,'1',620,,7091,29,,,1,35,,7090,29,,,1,73,,7089,29,,,1,75,,7088,29,,,1,35,,7087,29,,,1,75,,7086,29,,,1,98,,7082,29,,,1,98,,7079,29,,,1,96,,7084,29,,,1,98,,7083,29,,,1,40,,7071,29,,,1,78,,7081,29,,,1,80,,7080,29,,,1,40,,7078,29,,,1,80,,7077,29,,,1,80,,7076,29,,,1,45,,7075,29,,,1,80,,7074,29,,,1,93,,7073,29,,,1,91,,7072,29,,,1,49,,7085,29,,,1
9800,'2',619,,7109,29,,,1,86,,7108,29,,,1,44,,7107,29,,,1,94,,7106,29,,,1,93,,7105,29,,,1,91,,7104,29,,,1,94,,7103,29,,,1,98,,7102,29,,,1,98,,7101,29,,,1,96,,7100,29,,,1,98,,7099,29,,,1,98,,7098,29,,,1,100,,7097,29,,,1,101,,7096,29,,,1,49,,7095,29,,,1,93,,7094,29,,,1,89,,7093,29,,,1,85,,7092,29,,,1
9800,'3',804,,7125,29,,,1,48,,7124,29,,,1,88,,7123,29,,,1,91,,7122,29,,,1,93,,7121,29,,,1,90,,7120,29,,,1,93,,7119,29,,,1,93,,7118,29,,,1,53,,7117,29,,,1,93,,7116,29,,,1,93,,7115,29,,,1,97,,7114,29,,,1,88,,7113,29,,,1,91,,7112,29,,,1,87,,7111,29,,,1,48,,7110,29,,,1
9800,'80',804,,7141,29,,,1,48,,7140,29,,,1,88,,7139,29,,,1,91,,7138,29,,,1,93,,7137,29,,,1,90,,7136,29,,,1,93,,7135,29,,,1,93,,7134,29,,,1,53,,7133,29,,,1,93,,7132,29,,,1,93,,7131,29,,,1,97,,7130,29,,,1,88,,7129,29,,,1,91,,7128,29,,,1,87,,7127,29,,,1,48,,7126,29,,,1
9800,'81',804,,7157,29,,,1,48,,7156,29,,,1,88,,7155,29,,,1,91,,7154,29,,,1,93,,7153,29,,,1,90,,7152,29,,,1,93,,7151,29,,,1,93,,7150,29,,,1,53,,7149,29,,,1,93,,7148,29,,,1,93,,7147,29,,,1,97,,7146,29,,,1,88,,7145,29,,,1,91,,7144,29,,,1,87,,7143,29,,,1,48,,7142,29,,,1
42800,'24612.1',744,,9254,11,0,238 232 233 234,1
989900,'1',2124,,11580,72,,,1,34,,11581,72,,,1,78,,11582,72,,,1,78,,11583,72,,,1,35,,11584,72,,,1,71,,11585,72,,,1,35,,11586,72,,,1,75,,11587,72,,,1,76,,11588,72,0,5 6,1,35,,11589,72,0,5 6,1,79,,11590,72,0,5 6,1
989900,'2',2128,,11591,72,,,1,94,,11592,72,,,1,86,,11593,72,,,1,92,,11594,72,,,1,46,,11595,72,,,1,86,,11596,72,,,1,84,,11597,72,0,5 6,1,86,,11598,72,0,5 6,1,46,,11599,72,0,5 6,1
989900,'3',2144,,11600,72,,,1,90,,11601,72,,,1,85,,11602,72,,,1,90,,11603,72,,,1,40,,11604,72,,,1,83,,11605,72,,,1,79,,11606,72,0,5 6,1,43,,11607,72,0,5 6,1,83,,11608,72,0,5 6,1
989900,'80',2144,,11609,72,,,1,90,,11610,72,,,1,85,,11611,72,,,1,90,,11612,72,,,1,40,,11613,72,,,1,83,,11614,72,,,1,79,,11615,72,0,5 6,1,43,,11616,72,0,5 6,1,83,,11617,72,0,5 6,1
989900,'81',2144,,11618,72,,,1,90,,11619,72,,,1,85,,11620,72,,,1,90,,11621,72,,,1,40,,11622,72,,,1,83,,11623,72,,,1,79,,11624,72,0,5 6,1,43,,11625,72,0,5 6,1,83,,11626,72,0,5 6,1
