1600,'1',534,,2421,1,,,1,22,,2422,1,,,1,62,,2423,1,,,1,22,,2424,1,,,1,62,,2425,1,,,1,22,,2426,1,,,1,18,,2427,1,,,1,66,,2428,1,,,1,22,,2429,1,,,1,22,,2430,1,,,1,71,,2431,1,,,1,31,,2432,1,,,1,75,,2433,1,,,1,27,,2434,1,,,1,71,,2435,1,,,1,31,,2436,1,,,1,71,,2437,1,,,1,71,,2438,1,,,1,31,,2439,1,,,1,75,,2440,1,,,1,19,,2441,1,,,1,23,,2442,1,,,1,63,,2443,1,,,1,23,,2444,1,,,1,23,,2445,1,,,1,63,,2446,1,,,1,23,,2447,1,,,1,63,,2448,1,,,1,23,,2449,1,,,1,23,,2450,1,,,1,63,,2451,1,,,1,23,,2452,1,,,1,63,,2453,1,,,1,23,,2454,1,,,1,23,,2455,1,,,1,63,,2456,1,,,1,23,,2457,1,,,1,74,,2458,1,,,1,34,,2459,1,,,1,74,,2460,1,,,1,34,,2461,1,,,1,74,,2462,1,,,1,34,,2466,1,,,1
1600,'2',643,,2467,1,,,1,78,,2468,1,,,1,38,,2469,1,,,1,78,,2470,1,,,1,78,,2471,1,,,1,38,,2472,1,,,1,78,,2473,1,,,1,78,,2474,1,,,1,38,,2475,1,,,1,78,,2476,1,,,1,81,,2477,1,,,1,41,,2478,1,,,1,81,,2479,1,,,1,81,,2480,1,,,1,41,,2481,1,,,1,81,,2482,1,,,1,81,,2483,1,,,1,41,,2484,1,,,1,81,,2485,1,,,1,76,,2486,1,,,1,36,,2487,1,,,1,79,,2488,1,,,1,33,,2489,1,,,1,76,,2490,1,,,1,77,,2491,1,,,1,35,,2492,1,,,1,76,,2493,1,,,1
1600,'3',836,,2495,1,,,1,95,,2496,1,,,1,95,,2497,1,,,1,95,,2498,1,,,1,95,,2499,1,,,1,99,,2504,1,,,1,98,,2500,1,,,1,98,,2501,1,,,1,98,,2502,1,,,1,92,,2503,1,,,1,57,,2509,1,,,1,92,,2505,1,,,1,92,,2506,1,,,1,92,,2507,1,,,1,92,,2508,1,,,1
1600,'80',836,,2512,1,,,1,95,,2513,1,,,1,95,,2514,1,,,1,95,,2515,1,,,1,95,,2516,1,,,1,99,,2521,1,,,1,98,,2517,1,,,1,98,,2518,1,,,1,98,,2519,1,,,1,92,,2520,1,,,1,57,,2526,1,,,1,92,,2522,1,,,1,92,,2523,1,,,1,92,,2524,1,,,1,92,,2525,1,,,1
1600,'81',836,,2529,1,,,1,95,,2532,1,,,1,95,,2533,1,,,1,95,,2534,1,,,1,95,,2535,1,,,1,99,,2540,1,,,1,98,,2536,1,,,1,98,,2537,1,,,1,98,,2538,1,,,1,92,,2539,1,,,1,57,,2545,1,,,1,92,,2541,1,,,1,92,,2542,1,,,1,92,,2543,1,,,1,92,,2544,1,,,1
1601,'1',531,,2587,26,4,,1,22,,2588,26,4,,1,62,,2589,26,4,,1,22,,2590,26,4,,1,4,,2555,66,4,,1,68,,2554,66,4,,1,22,,2546,66,4,,1,22,,2547,66,4,,1,70,,2548,66,4,,1,22,,2549,66,4,,1,62,,2550,66,4,,1,22,,2551,66,4,,1,7,,2552,66,4,,1,66,,2553,66,4,,1,21,,2566,66,4,,1,24,,2565,66,4,,1,68,,2556,66,4,,1,33,,2557,66,4,,1,71,,2558,66,4,,1,29,,2559,66,4,,1,71,,2560,66,4,,1,31,,2561,66,4,,1,69,,2562,66,4,,1,26,,2591,26,4,,1,12,,2563,66,4,,1,71,,2564,66,4,,1,21,,2583,66,4,,1,63,,2582,66,4,,1,23,,2567,66,4,,1,17,,2568,66,4,,1,69,,2569,66,4,,1,24,,2570,66,4,,1,63,,2571,66,4,,1,23,,2572,66,4,,1,20,,2573,66,4,,1,63,,2574,66,4,,1,13,,2575,66,4,,1,23,,2576,66,4,,1,63,,2577,66,4,,1,23,,2578,66,4,,1,23,,2579,66,4,,1,63,,2580,66,4,,1,19,,2581,66,4,,1,68,,2586,66,4,,1,34,,2584,66,4,,1,70,,2585,66,4,,1,34,,2592,66,4,,1
1601,'2',638,,2597,26,4,,1,78,,2598,26,4,,1,30,,2596,66,4,,1,81,,2593,66,4,,1,78,,2594,66,4,,1,41,,2595,66,4,,1,78,,2599,66,4,,1,78,,2600,66,4,,1,38,,2601,66,4,,1,79,,2602,66,4,,1,38,,2603,66,4,,1,78,,2604,66,4,,1,84,,2613,66,4,,1,83,,2605,66,4,,1,41,,2606,66,4,,1,81,,2607,66,4,,1,77,,2608,66,4,,1,41,,2609,66,4,,1,81,,2610,66,4,,1,81,,2611,66,4,,1,37,,2612,66,4,,1,79,,2620,66,4,,1,32,,2614,66,4,,1,76,,2615,66,4,,1,78,,2616,66,4,,1,31,,2617,66,4,,1,76,,2618,66,4,,1,33,,2619,66,4,,1
1601,'3',828,,2621,66,4,,1,95,,2622,66,4,,1,97,,2623,66,4,,1,95,,2624,66,4,,1,95,,2625,66,4,,1,95,,2626,66,4,,1,102,,2627,66,4,,1,93,,2628,66,4,,1,58,,2629,66,4,,1,98,,2630,66,4,,1,97,,2631,66,4,,1,92,,2632,66,4,,1,89,,2633,66,4,,1,92,,2634,66,4,,1,92,,2635,66,4,,1,89,,2636,66,4,,1
1601,'80',828,,2637,66,4,,1,95,,2638,66,4,,1,97,,2639,66,4,,1,95,,2640,66,4,,1,95,,2641,66,4,,1,95,,2642,66,4,,1,102,,2643,66,4,,1,93,,2644,66,4,,1,58,,2645,66,4,,1,98,,2646,66,4,,1,97,,2647,66,4,,1,92,,2648,66,4,,1,89,,2649,66,4,,1,92,,2650,66,4,,1,92,,2651,66,4,,1,89,,2652,66,4,,1
1601,'81',828,,2653,66,4,,1,95,,2654,66,4,,1,97,,2655,66,4,,1,95,,2656,66,4,,1,95,,2657,66,4,,1,95,,2658,66,4,,1,102,,2659,66,4,,1,93,,2660,66,4,,1,58,,2661,66,4,,1,98,,2662,66,4,,1,97,,2663,66,4,,1,92,,2664,66,4,,1,89,,2665,66,4,,1,92,,2666,66,4,,1,92,,2667,66,4,,1,89,,2668,66,4,,1
