600,'1',422,,1183,12,,,1,30,,1184,12,,,1,62,,1185,12,,,1,22,,1186,12,,,1,22,,1187,12,,,1,63,,1188,12,,,1,22,,1189,12,,,1,68,,1190,12,,,1,23,,1191,12,,,1,71,,1192,12,,,1,26,,1193,12,,,1,27,,1194,12,,,1,67,,1195,12,,,1,76,,1196,12,,,1,36,,1197,12,,,1,76,,1198,12,,,1,36,,1199,12,,,1,76,,1200,12,,,1,76,,1201,12,,,1,36,,1202,12,,,1,67,,1203,12,,,1,27,,1204,12,,,1,28,,1205,12,,,1,67,,1206,12,,,1,27,,1207,12,,,1,67,,1208,12,,,1,27,,1209,12,,,1,67,,1210,12,,,1,27,,1211,12,,,1,66,,1212,12,,,1,27,,1213,12,,,1,67,,1214,12,,,1,27,,1215,12,,,1,74,,1216,12,,,1,33,,1217,12,,,1,74,,1218,12,,,1,34,,1219,12,,,1,103,,1220,12,,,1,103,,1221,12,,,1,103,,1222,12,,,1
600,'2',548,,1223,12,,,1,69,,1224,12,,,1,26,,1225,12,,,1,71,,1226,12,,,1,33,,1227,12,,,1,82,,1228,12,,,1,75,,1229,12,,,1,31,,1230,12,,,1,72,,1231,12,,,1,32,,1232,12,,,1,72,,1233,12,,,1,32,,1234,12,,,1,72,,1235,12,,,1,32,,1236,12,,,1,72,,1237,12,,,1,32,,1238,12,,,1,78,,1239,12,,,1,77,,1240,12,,,1,37,,1241,12,,,1,78,,1242,12,,,1,36,,1243,12,,,1,78,,1244,12,,,1,75,,1245,12,,,1,35,,1246,12,,,1,70,,1247,12,,,1,33,,1248,12,,,1,100,,1249,12,,,1,95,,1250,12,,,1,95,,1251,12,,,1,95,,1252,12,,,1
600,'3',603,,1253,12,,,1,26,,1254,12,,,1,29,,1255,12,,,1,75,,1256,12,,,1,69,,1257,12,,,1,42,,1258,12,,,1,74,,1259,12,,,1,32,,1260,12,,,1,72,,1261,12,,,1,32,,1262,12,,,1,72,,1263,12,,,1,32,,1264,12,,,1,72,,1265,12,,,1,72,,1266,12,,,1,32,,1267,12,,,1,73,,1268,12,,,1,39,,1269,12,,,1,76,,1270,12,,,1,37,,1271,12,,,1,77,,1272,12,,,1,77,,1273,12,,,1,37,,1274,12,,,1,73,,1275,12,,,1,77,,1276,12,,,1,30,,1277,12,,,1,100,,1278,12,,,1,98,,1279,12,,,1,98,,1280,12,,,1,98,,1281,12,,,1
600,'80',603,,1282,12,,,1,26,,1283,12,,,1,29,,1284,12,,,1,75,,1285,12,,,1,69,,1286,12,,,1,42,,1287,12,,,1,74,,1288,12,,,1,32,,1289,12,,,1,72,,1290,12,,,1,32,,1291,12,,,1,72,,1292,12,,,1,32,,1293,12,,,1,72,,1294,12,,,1,72,,1295,12,,,1,32,,1296,12,,,1,73,,1297,12,,,1,39,,1298,12,,,1,76,,1299,12,,,1,37,,1300,12,,,1,77,,1301,12,,,1,77,,1302,12,,,1,37,,1303,12,,,1,73,,1304,12,,,1,77,,1305,12,,,1,30,,1306,12,,,1,100,,1307,12,,,1,98,,1308,12,,,1,98,,1309,12,,,1,98,,1310,12,,,1
600,'81',603,,1311,12,,,1,26,,1312,12,,,1,29,,1313,12,,,1,75,,1314,12,,,1,69,,1315,12,,,1,42,,1316,12,,,1,74,,1317,12,,,1,32,,1318,12,,,1,72,,1319,12,,,1,32,,1320,12,,,1,72,,1321,12,,,1,32,,1322,12,,,1,72,,1323,12,,,1,72,,1324,12,,,1,32,,1325,12,,,1,73,,1326,12,,,1,39,,1327,12,,,1,76,,1328,12,,,1,37,,1329,12,,,1,77,,1330,12,,,1,77,,1331,12,,,1,37,,1332,12,,,1,73,,1333,12,,,1,77,,1334,12,,,1,30,,1335,12,,,1,100,,1336,12,,,1,98,,1337,12,,,1,98,,1338,12,,,1,98,,1339,12,,,1
601,'1',2210,,1372,23,4,,1,347,,1377,23,4,,1
601,'2',2013,,1401,23,4,,1,413,,1407,23,4,,1
601,'3',2001,,1431,23,4,,1,419,,1437,23,4,,1
601,'80',2001,,1461,23,4,,1,419,,1467,23,4,,1
601,'81',2001,,1491,23,4,,1,419,,1497,23,4,,1
36101,'1',603,,9182,12,,,1,24,,9183,12,,,1,32,,9184,12,,,1,63,,9185,12,,,1,26,,9186,12,,,1,66,,9187,12,,,1,25,,9188,12,,,1,20,,9189,12,,,1,65,,9190,12,,,1,581,,9191,12,,,1,25,,9192,12,,,1,25,,9193,12,,,1,67,,9194,12,,,1,24,,9195,12,,,1,69,,9196,12,,,1,23,,9197,12,,,1,65,,9198,12,,,1,23,,9199,12,,,1
