600,'1',418,,24934,1,,,1,30,,24935,1,,,1,62,,24936,1,,,1,22,,24937,1,,,1,22,,24938,1,,,1,62,,24939,1,,,1,22,,24940,1,,,1,67,,24941,1,,,1,23,,24942,1,,,1,31,,24943,1,,,1,67,,24944,1,,,1,27,,24945,1,,,1,67,,24946,1,,,1,36,,24947,1,,,1,76,,24948,1,,,1,76,,24949,1,,,1,36,,24950,1,,,1,76,,24951,1,,,1,36,,24952,1,,,1,76,,24953,1,,,1,27,,24954,1,,,1,66,,24955,1,,,1,28,,24956,1,,,1,67,,24957,1,,,1,27,,24958,1,,,1,67,,24959,1,,,1,27,,24960,1,,,1,67,,24961,1,,,1,27,,24962,1,,,1,67,,24963,1,,,1,27,,24964,1,,,1,27,,24965,1,,,1,67,,24966,1,,,1,34,,24967,1,,,1,74,,24968,1,,,1,74,,24969,1,,,1,34,,24970,1,,,1,103,,24971,1,,,1,103,,24972,1,,,1,103,,24973,1,,,1
600,'2',544,,24974,1,,,1,69,,24975,1,,,1,26,,24976,1,,,1,69,,24977,1,,,1,33,,24978,1,,,1,83,,24979,1,,,1,35,,24980,1,,,1,72,,24981,1,,,1,72,,24982,1,,,1,32,,24983,1,,,1,72,,24984,1,,,1,32,,24985,1,,,1,72,,24986,1,,,1,32,,24987,1,,,1,72,,24988,1,,,1,32,,24989,1,,,1,77,,24990,1,,,1,77,,24991,1,,,1,36,,24992,1,,,1,78,,24993,1,,,1,36,,24994,1,,,1,78,,24995,1,,,1,76,,24996,1,,,1,35,,24997,1,,,1,71,,24998,1,,,1,33,,24999,1,,,1,100,,25000,1,,,1,95,,25001,1,,,1,95,,25002,1,,,1,95,,25003,1,,,1
600,'3',559,,25004,1,,,1,66,,25005,1,,,1,29,,25006,1,,,1,73,,25007,1,,,1,29,,25008,1,,,1,83,,25009,1,,,1,75,,25010,1,,,1,32,,25011,1,,,1,72,,25012,1,,,1,32,,25013,1,,,1,72,,25014,1,,,1,32,,25015,1,,,1,72,,25016,1,,,1,32,,25017,1,,,1,72,,25018,1,,,1,72,,25019,1,,,1,39,,25020,1,,,1,75,,25021,1,,,1,37,,25022,1,,,1,77,,25023,1,,,1,77,,25024,1,,,1,37,,25025,1,,,1,74,,25026,1,,,1,37,,25027,1,,,1,71,,25028,1,,,1,100,,25029,1,,,1,98,,25030,1,,,1,98,,25031,1,,,1,98,,25032,1,,,1
600,'74',544,,25033,1,,,1,69,,25034,1,,,1,26,,25035,1,,,1,69,,25036,1,,,1,33,,25037,1,,,1,83,,25038,1,,,1,35,,25039,1,,,1,72,,25040,1,,,1,72,,25041,1,,,1,32,,25042,1,,,1,72,,25043,1,,,1,32,,25044,1,,,1,72,,25045,1,,,1,32,,25046,1,,,1,72,,25047,1,,,1,32,,25048,1,,,1,77,,25049,1,,,1,77,,25050,1,,,1,36,,25051,1,,,1,78,,25052,1,,,1,36,,25053,1,,,1,78,,25054,1,,,1,76,,25055,1,,,1,35,,25056,1,,,1,71,,25057,1,,,1,33,,25058,1,,,1,100,,25059,1,,,1,95,,25060,1,,,1,95,,25061,1,,,1,95,,25062,1,,,1
600,'80',559,,25063,1,,,1,66,,25064,1,,,1,29,,25065,1,,,1,73,,25066,1,,,1,29,,25067,1,,,1,83,,25068,1,,,1,75,,25069,1,,,1,32,,25070,1,,,1,72,,25071,1,,,1,32,,25072,1,,,1,72,,25073,1,,,1,32,,25074,1,,,1,72,,25075,1,,,1,32,,25076,1,,,1,72,,25077,1,,,1,72,,25078,1,,,1,39,,25079,1,,,1,75,,25080,1,,,1,37,,25081,1,,,1,77,,25082,1,,,1,77,,25083,1,,,1,37,,25084,1,,,1,74,,25085,1,,,1,37,,25086,1,,,1,71,,25087,1,,,1,100,,25088,1,,,1,98,,25089,1,,,1,98,,25090,1,,,1,98,,25091,1,,,1
601,'1',530,,25092,12,4,,1,22,,25093,12,4,,1,62,,25094,12,4,,1,22,,25095,12,4,,1,67,,25096,12,4,,1,23,,25097,12,4,,1,31,,25098,12,4,,1,67,,25099,12,4,,1,27,,25100,12,4,,1,67,,25101,12,4,,1,36,,25102,12,4,,1,76,,25109,12,4,,1,76,,25103,12,4,,1,36,,25104,12,4,,1,76,,25105,12,4,,1,36,,25106,12,4,,1,76,,25107,12,4,,1,93,,25108,12,4,,1,28,,25121,12,4,,1,67,,25110,12,4,,1,27,,25111,12,4,,1,67,,25112,12,4,,1,27,,25113,12,4,,1,67,,25114,12,4,,1,27,,25115,12,4,,1,67,,25116,12,4,,1,27,,25117,12,4,,1,27,,25118,12,4,,1,67,,25119,12,4,,1,34,,25120,12,4,,1,74,,25126,12,4,,1,74,,25122,12,4,,1,34,,25123,12,4,,1,69,,25124,12,4,,1,34,,25125,12,4,,1,103,,25127,12,4,,1,103,,25128,12,4,,1,107,,25129,12,4,,1
601,'2',637,,25130,12,4,,1,69,,25131,12,4,,1,33,,25132,12,4,,1,83,,25133,12,4,,1,35,,25134,12,4,,1,72,,25135,12,4,,1,72,,25144,12,4,,1,32,,25136,12,4,,1,72,,25137,12,4,,1,32,,25138,12,4,,1,72,,25139,12,4,,1,32,,25140,12,4,,1,72,,25141,12,4,,1,32,,25142,12,4,,1,77,,25143,12,4,,1,37,,25150,12,4,,1,76,,25145,12,4,,1,78,,25146,12,4,,1,36,,25147,12,4,,1,78,,25148,12,4,,1,76,,25149,12,4,,1,35,,25155,12,4,,1,71,,25151,12,4,,1,33,,25152,12,4,,1,67,,25153,12,4,,1,33,,25154,12,4,,1,95,,25156,12,4,,1,95,,25157,12,4,,1,95,,25158,12,4,,1,95,,25159,12,4,,1
601,'3',623,,25185,12,4,,1,29,,25160,12,4,,1,73,,25161,12,4,,1,29,,25162,12,4,,1,83,,25163,12,4,,1,75,,25164,12,4,,1,32,,25165,12,4,,1,72,,25166,12,4,,1,32,,25167,12,4,,1,72,,25168,12,4,,1,32,,25169,12,4,,1,72,,25170,12,4,,1,32,,25171,12,4,,1,72,,25172,12,4,,1,72,,25173,12,4,,1,39,,25174,12,4,,1,75,,25175,12,4,,1,37,,25176,12,4,,1,77,,25177,12,4,,1,77,,25178,12,4,,1,37,,25179,12,4,,1,74,,25180,12,4,,1,37,,25181,12,4,,1,71,,25182,12,4,,1,33,,25183,12,4,,1,67,,25184,12,4,,1,98,,25186,12,4,,1,98,,25187,12,4,,1,98,,25188,12,4,,1,98,,25189,12,4,,1
601,'74',637,,25190,12,4,,1,69,,25191,12,4,,1,33,,25192,12,4,,1,83,,25193,12,4,,1,35,,25194,12,4,,1,72,,25195,12,4,,1,72,,25204,12,4,,1,32,,25196,12,4,,1,72,,25197,12,4,,1,32,,25198,12,4,,1,72,,25199,12,4,,1,32,,25200,12,4,,1,72,,25201,12,4,,1,32,,25202,12,4,,1,77,,25203,12,4,,1,37,,25210,12,4,,1,76,,25205,12,4,,1,78,,25206,12,4,,1,36,,25207,12,4,,1,78,,25208,12,4,,1,76,,25209,12,4,,1,35,,25215,12,4,,1,71,,25211,12,4,,1,33,,25212,12,4,,1,67,,25213,12,4,,1,33,,25214,12,4,,1,95,,25216,12,4,,1,95,,25217,12,4,,1,95,,25218,12,4,,1,95,,25219,12,4,,1
601,'80',623,,25245,12,4,,1,29,,25220,12,4,,1,73,,25221,12,4,,1,29,,25222,12,4,,1,83,,25223,12,4,,1,75,,25224,12,4,,1,32,,25225,12,4,,1,72,,25226,12,4,,1,32,,25227,12,4,,1,72,,25228,12,4,,1,32,,25229,12,4,,1,72,,25230,12,4,,1,32,,25231,12,4,,1,72,,25232,12,4,,1,72,,25233,12,4,,1,39,,25234,12,4,,1,75,,25235,12,4,,1,37,,25236,12,4,,1,77,,25237,12,4,,1,77,,25238,12,4,,1,37,,25239,12,4,,1,74,,25240,12,4,,1,37,,25241,12,4,,1,71,,25242,12,4,,1,33,,25243,12,4,,1,67,,25244,12,4,,1,98,,25246,12,4,,1,98,,25247,12,4,,1,98,,25248,12,4,,1,98,,25249,12,4,,1
36100,'1',556,,33993,16,4,,1,64,,33994,16,4,,1,32,,33995,16,4,,1,62,,33996,16,4,,1,26,,33997,16,4,,1,66,,33998,16,4,,1,26,,33999,16,4,,1,20,,34000,16,4,,1,66,,34001,16,4,,1,540,,34002,16,4,,1,65,,34003,16,4,,1,25,,34004,16,4,,1,67,,34005,16,4,,1,24,,34006,16,4,,1,69,,34007,16,4,,1,23,,34008,16,4,,1,25,,34009,16,4,,1,63,,34010,16,4,,1
36101,'1',558,,34011,1,,,1,64,,34012,1,,,1,32,,34013,1,,,1,62,,34014,1,,,1,26,,34015,1,,,1,66,,34016,1,,,1,26,,34017,1,,,1,20,,34018,1,,,1,66,,34019,1,,,1,580,,34020,1,,,1,25,,34021,1,,,1,25,,34022,1,,,1,67,,34023,1,,,1,24,,34024,1,,,1,69,,34025,1,,,1,23,,34026,1,,,1,25,,34027,1,,,1,63,,34028,1,,,1
