401,'1',503,,13253,4,,,1,16,,13252,4,,,1,16,,13251,4,,,1,16,,13225,4,,,1,56,,13226,4,,,1,16,,13227,4,,,1,13,,13240,4,,,1,15,,13239,4,,,1,55,,13238,4,,,1,15,,13228,4,,,1,15,,13229,4,,,1,15,,13230,4,,,1,56,,13231,4,,,1,15,,13232,4,,,1,14,,13233,4,,,1,15,,13234,4,,,1,55,,13235,4,,,1,15,,13236,4,,,1,15,,13237,4,,,1,16,,13250,4,,,1,62,,13249,4,,,1,22,,13241,4,,,1,22,,13242,4,,,1,62,,13243,4,,,1,22,,13244,4,,,1,62,,13245,4,,,1,22,,13246,4,,,1,22,,13247,4,,,1,63,,13248,4,,,1,22,,13263,4,,,1,17,,13262,4,,,1,57,,13261,4,,,1,17,,13254,4,,,1,17,,13255,4,,,1,60,,13256,4,,,1,14,,13257,4,,,1,17,,13258,4,,,1,17,,13259,4,,,1,57,,13260,4,,,1,18,,13276,4,,,1,14,,13275,4,,,1,14,,13274,4,,,1,54,,13264,4,,,1,14,,13265,4,,,1,14,,13266,4,,,1,14,,13267,4,,,1,54,,13268,4,,,1,14,,13269,4,,,1,14,,13270,4,,,1,14,,13271,4,,,1,14,,13272,4,,,1,53,,13273,4,,,1,16,,13287,4,,,1,17,,13286,4,,,1,57,,13277,4,,,1,17,,13278,4,,,1,17,,13279,4,,,1,17,,13280,4,,,1,57,,13281,4,,,1,17,,13282,4,,,1,17,,13283,4,,,1,57,,13284,4,,,1,17,,13285,4,,,1,30,,13295,4,,,1,58,,13288,4,,,1,18,,13289,4,,,1,18,,13290,4,,,1,18,,13291,4,,,1,58,,13292,4,,,1,18,,13293,4,,,1,18,,13294,4,,,1
401,'2',556,,13333,4,,,1,72,,13332,4,,,1,72,,13297,4,,,1,32,,13298,4,,,1,72,,13299,4,,,1,32,,13300,4,,,1,72,,13301,4,,,1,32,,13302,4,,,1,72,,13303,4,,,1,18,,13323,4,,,1,28,,13322,4,,,1,68,,13321,4,,,1,28,,13304,4,,,1,68,,13305,4,,,1,28,,13306,4,,,1,68,,13307,4,,,1,28,,13308,4,,,1,68,,13309,4,,,1,28,,13310,4,,,1,69,,13311,4,,,1,28,,13312,4,,,1,68,,13313,4,,,1,27,,13314,4,,,1,68,,13315,4,,,1,28,,13316,4,,,1,28,,13317,4,,,1,68,,13318,4,,,1,28,,13319,4,,,1,68,,13320,4,,,1,88,,13331,4,,,1,30,,13324,4,,,1,70,,13325,4,,,1,30,,13326,4,,,1,70,,13327,4,,,1,30,,13328,4,,,1,70,,13329,4,,,1,30,,13330,4,,,1
401,'3',614,,13345,4,,,1,30,,13344,4,,,1,70,,13334,4,,,1,30,,13335,4,,,1,70,,13336,4,,,1,30,,13337,4,,,1,70,,13338,4,,,1,30,,13339,4,,,1,70,,13340,4,,,1,30,,13341,4,,,1,70,,13342,4,,,1,30,,13343,4,,,1,74,,13346,4,,,1,30,,13347,4,,,1,66,,13348,4,,,1,26,,13349,4,,,1,66,,13350,4,,,1,26,,13351,4,,,1,26,,13352,4,,,1,66,,13353,4,,,1,26,,13354,4,,,1,66,,13355,4,,,1,26,,13356,4,,,1,66,,13357,4,,,1,26,,13358,4,,,1,66,,13359,4,,,1,26,,13360,4,,,1,26,,13361,4,,,1,66,,13362,4,,,1,19,,13363,4,,,1,69,,13364,4,,,1,29,,13365,4,,,1,69,,13366,4,,,1,29,,13367,4,,,1,69,,13368,4,,,1,29,,13369,4,,,1,69,,13370,4,,,1,29,,13371,4,,,1,29,,13372,4,,,1
401,'80',614,,13384,4,,,1,30,,13383,4,,,1,70,,13373,4,,,1,30,,13374,4,,,1,70,,13375,4,,,1,30,,13376,4,,,1,70,,13377,4,,,1,30,,13378,4,,,1,70,,13379,4,,,1,30,,13380,4,,,1,70,,13381,4,,,1,30,,13382,4,,,1,74,,13385,4,,,1,30,,13386,4,,,1,66,,13387,4,,,1,26,,13388,4,,,1,66,,13389,4,,,1,26,,13390,4,,,1,26,,13391,4,,,1,66,,13392,4,,,1,26,,13393,4,,,1,66,,13394,4,,,1,26,,13395,4,,,1,66,,13396,4,,,1,26,,13397,4,,,1,66,,13398,4,,,1,26,,13399,4,,,1,26,,13400,4,,,1,66,,13401,4,,,1,19,,13402,4,,,1,69,,13403,4,,,1,29,,13404,4,,,1,69,,13405,4,,,1,29,,13406,4,,,1,69,,13407,4,,,1,29,,13408,4,,,1,69,,13409,4,,,1,29,,13410,4,,,1,29,,13411,4,,,1
2400,'1',1242,,15558,45,,,1,67,,15559,45,,,1,25,,15560,45,,,1,25,,15561,45,,,1,65,,15562,45,,,1,27,,15563,45,,,1,52,,15564,45,,,1,12,,15565,45,,,1,12,,15566,45,,,1,12,,15567,45,,,1,12,,15568,45,,,1,52,,15569,45,,,1,12,,15570,45,,,1,12,,15571,45,,,1,12,,15572,45,,,1,12,,15573,45,,,1,62,,15574,45,,,1,9,,15575,45,,,1,13,,15576,45,,,1,11,,15577,45,,,1,54,,15578,45,,,1,10,,15579,45,,,1,5,,15580,45,,,1,12,,15581,45,,,1,8,,15582,45,,,1,7,,15583,45,,,1,12,,15584,45,,,1,52,,15585,45,,,1,12,,15586,45,,,1,9,,15587,45,,,1,29,,15588,45,,,1,66,,15589,45,,,1,26,,15590,45,,,1,62,,15591,45,,,1,26,,15592,45,,,1,66,,15593,45,,,1,26,,15594,45,,,1,23,,15595,45,,,1,64,,15596,45,,,1,22,,15597,45,,,1,63,,15598,45,,,1,23,,15599,45,,,1
2400,'2',819,,15618,45,,,1,34,,15600,45,,,1,74,,15601,45,,,1,75,,15602,45,,,1,33,,15603,45,,,1,76,,15604,45,,,1,34,,15605,45,,,1,83,,15617,45,,,1,77,,15606,45,,,1,37,,15607,45,,,1,77,,15608,45,,,1,37,,15609,45,,,1,78,,15610,45,,,1,76,,15611,45,,,1,37,,15612,45,,,1,77,,15613,45,,,1,77,,15614,45,,,1,38,,15615,45,,,1,75,,15616,45,,,1,35,,15628,45,,,1,71,,15627,45,,,1,34,,15619,45,,,1,74,,15620,45,,,1,74,,15621,45,,,1,34,,15622,45,,,1,74,,15623,45,,,1,34,,15624,45,,,1,74,,15625,45,,,1,34,,15626,45,,,1
2400,'3',751,,15630,45,,,1,72,,15629,45,,,1,36,,15640,45,,,1,74,,15639,45,,,1,74,,15631,45,,,1,34,,15632,45,,,1,74,,15633,45,,,1,34,,15634,45,,,1,74,,15635,45,,,1,34,,15636,45,,,1,74,,15637,45,,,1,74,,15638,45,,,1,37,,15642,45,,,1,77,,15641,45,,,1,36,,15644,45,,,1,77,,15645,45,,,1,77,,15646,45,,,1,37,,15643,45,,,1,77,,15647,45,,,1,77,,15648,45,,,1,33,,15654,45,,,1,74,,15649,45,,,1,36,,15650,45,,,1,75,,15651,45,,,1,35,,15652,45,,,1,75,,15653,45,,,1
2400,'80',751,,15656,45,,,1,72,,15655,45,,,1,36,,15666,45,,,1,74,,15665,45,,,1,74,,15657,45,,,1,34,,15658,45,,,1,74,,15659,45,,,1,34,,15660,45,,,1,74,,15661,45,,,1,34,,15662,45,,,1,74,,15663,45,,,1,74,,15664,45,,,1,37,,15668,45,,,1,77,,15667,45,,,1,36,,15670,45,,,1,77,,15671,45,,,1,77,,15672,45,,,1,37,,15669,45,,,1,77,,15673,45,,,1,77,,15674,45,,,1,33,,15680,45,,,1,74,,15675,45,,,1,36,,15676,45,,,1,75,,15677,45,,,1,35,,15678,45,,,1,75,,15679,45,,,1
41801,'24612.1',1518,,20689,19,,,1,1,,20690,19,,,1
44901,'24612.1',1605,,20738,15,,,1
