600,'1',424,,1183,14,,,1,30,,1184,14,,,1,62,,1185,14,,,1,22,,1186,14,,,1,62,,1187,14,,,1,22,,1188,14,,,1,22,,1189,14,,,1,69,,1190,14,,,1,23,,1191,14,,,1,71,,1192,14,,,1,26,,1193,14,,,1,67,,1194,14,,,1,26,,1195,14,,,1,76,,1196,14,,,1,36,,1197,14,,,1,76,,1198,14,,,1,36,,1199,14,,,1,76,,1200,14,,,1,76,,1201,14,,,1,36,,1202,14,,,1,67,,1203,14,,,1,28,,1204,14,,,1,68,,1205,14,,,1,27,,1206,14,,,1,27,,1207,14,,,1,67,,1208,14,,,1,27,,1209,14,,,1,67,,1210,14,,,1,27,,1211,14,,,1,66,,1212,14,,,1,27,,1213,14,,,1,67,,1214,14,,,1,26,,1215,14,,,1,74,,1216,14,,,1,34,,1217,14,,,1,74,,1218,14,,,1,34,,1219,14,,,1,103,,1220,14,,,1,103,,1221,14,,,1,103,,1222,14,,,1
600,'2',549,,1223,14,,,1,70,,1224,14,,,1,26,,1225,14,,,1,71,,1226,14,,,1,33,,1227,14,,,1,81,,1228,14,,,1,75,,1229,14,,,1,32,,1230,14,,,1,72,,1231,14,,,1,32,,1232,14,,,1,72,,1233,14,,,1,32,,1234,14,,,1,72,,1235,14,,,1,32,,1236,14,,,1,72,,1237,14,,,1,32,,1238,14,,,1,78,,1239,14,,,1,77,,1240,14,,,1,37,,1241,14,,,1,78,,1242,14,,,1,36,,1243,14,,,1,78,,1244,14,,,1,75,,1245,14,,,1,35,,1246,14,,,1,70,,1247,14,,,1,33,,1248,14,,,1,99,,1249,14,,,1,95,,1250,14,,,1,95,,1251,14,,,1,95,,1252,14,,,1
600,'3',604,,1253,14,,,1,27,,1254,14,,,1,69,,1255,14,,,1,35,,1256,14,,,1,69,,1257,14,,,1,41,,1258,14,,,1,75,,1259,14,,,1,32,,1260,14,,,1,72,,1261,14,,,1,32,,1262,14,,,1,72,,1263,14,,,1,72,,1264,14,,,1,32,,1265,14,,,1,72,,1266,14,,,1,32,,1267,14,,,1,73,,1268,14,,,1,39,,1269,14,,,1,76,,1270,14,,,1,77,,1271,14,,,1,37,,1272,14,,,1,77,,1273,14,,,1,37,,1274,14,,,1,73,,1275,14,,,1,77,,1276,14,,,1,30,,1277,14,,,1,100,,1278,14,,,1,97,,1279,14,,,1,98,,1280,14,,,1,98,,1281,14,,,1
600,'80',604,,1282,14,,,1,27,,1283,14,,,1,69,,1284,14,,,1,35,,1285,14,,,1,69,,1286,14,,,1,41,,1287,14,,,1,75,,1288,14,,,1,32,,1289,14,,,1,72,,1290,14,,,1,32,,1291,14,,,1,72,,1292,14,,,1,72,,1293,14,,,1,32,,1294,14,,,1,72,,1295,14,,,1,32,,1296,14,,,1,73,,1297,14,,,1,39,,1298,14,,,1,76,,1299,14,,,1,77,,1300,14,,,1,37,,1301,14,,,1,77,,1302,14,,,1,37,,1303,14,,,1,73,,1304,14,,,1,77,,1305,14,,,1,30,,1306,14,,,1,100,,1307,14,,,1,97,,1308,14,,,1,98,,1309,14,,,1,98,,1310,14,,,1
600,'81',604,,1311,14,,,1,27,,1312,14,,,1,69,,1313,14,,,1,35,,1314,14,,,1,69,,1315,14,,,1,41,,1316,14,,,1,75,,1317,14,,,1,32,,1318,14,,,1,72,,1319,14,,,1,32,,1320,14,,,1,72,,1321,14,,,1,72,,1322,14,,,1,32,,1323,14,,,1,72,,1324,14,,,1,32,,1325,14,,,1,73,,1326,14,,,1,39,,1327,14,,,1,76,,1328,14,,,1,77,,1329,14,,,1,37,,1330,14,,,1,77,,1331,14,,,1,37,,1332,14,,,1,73,,1333,14,,,1,77,,1334,14,,,1,30,,1335,14,,,1,100,,1336,14,,,1,97,,1337,14,,,1,98,,1338,14,,,1,98,,1339,14,,,1
601,'1',2211,,1372,25,4,,1,347,,1377,25,4,,1
601,'2',2014,,1401,25,4,,1,413,,1407,25,4,,1
601,'3',2002,,1431,25,4,,1,419,,1437,25,4,,1
601,'80',2002,,1461,25,4,,1,419,,1467,25,4,,1
601,'81',2002,,1491,25,4,,1,419,,1497,25,4,,1
36101,'1',604,,9182,14,,,1,24,,9183,14,,,1,72,,9184,14,,,1,23,,9185,14,,,1,26,,9186,14,,,1,66,,9187,14,,,1,26,,9188,14,,,1,60,,9189,14,,,1,25,,9190,14,,,1,581,,9191,14,,,1,25,,9192,14,,,1,25,,9193,14,,,1,67,,9194,14,,,1,24,,9195,14,,,1,69,,9196,14,,,1,23,,9197,14,,,1,65,,9198,14,,,1,23,,9199,14,,,1
