9601,'1',442,,31339,10,,,1,67,,31340,10,,,1,29,,31341,10,,,1,70,,31342,10,,,1,35,,31343,10,,,1,71,,31344,10,,,1,38,,31345,10,,,1,74,,31346,10,,,1,74,,31347,10,,,1,33,,31348,10,,,1,79,,31349,10,,,1,39,,31350,10,,,1,83,,31351,10,,,1,75,,31352,10,,,1,32,,31353,10,,,1,86,,31354,10,,,1,80,,31355,10,,,1,17,,31374,10,,,1,22,,31356,10,,,1,67,,31357,10,,,1,27,,31358,10,,,1,67,,31359,10,,,1,27,,31360,10,,,1,67,,31361,10,,,1,27,,31362,10,,,1,26,,31363,10,,,1,65,,31364,10,,,1,25,,31365,10,,,1,65,,31366,10,,,1,24,,31367,10,,,1,25,,31368,10,,,1,70,,31369,10,,,1,30,,31370,10,,,1,70,,31371,10,,,1,30,,31372,10,,,1,64,,31373,10,,,1
9601,'2',805,,31375,10,,,1,99,,31376,10,,,1,99,,31377,10,,,1,99,,31378,10,,,1,99,,31379,10,,,1,99,,31380,10,,,1,59,,31381,10,,,1,99,,31382,10,,,1,99,,31383,10,,,1,99,,31384,10,,,1,92,,31385,10,,,1,92,,31386,10,,,1,97,,31387,10,,,1
9601,'3',905,,31388,10,,,1,54,,31389,10,,,1,94,,31390,10,,,1,94,,31391,10,,,1,94,,31392,10,,,1,94,,31393,10,,,1,94,,31394,10,,,1,94,,31395,10,,,1,94,,31396,10,,,1,94,,31397,10,,,1,94,,31398,10,,,1,54,,31399,10,,,1
9601,'74',805,,31400,10,,,1,99,,31401,10,,,1,99,,31402,10,,,1,99,,31403,10,,,1,99,,31404,10,,,1,99,,31405,10,,,1,59,,31406,10,,,1,99,,31407,10,,,1,99,,31408,10,,,1,99,,31409,10,,,1,92,,31410,10,,,1,92,,31411,10,,,1,97,,31412,10,,,1
9601,'80',905,,31413,10,,,1,54,,31414,10,,,1,94,,31415,10,,,1,94,,31416,10,,,1,94,,31417,10,,,1,94,,31418,10,,,1,94,,31419,10,,,1,94,,31420,10,,,1,94,,31421,10,,,1,94,,31422,10,,,1,94,,31423,10,,,1,54,,31424,10,,,1
9801,'1',520,,31521,19,,,1,35,,31520,19,,,1,75,,31519,19,,,1,75,,31518,19,,,1,35,,31517,19,,,1,75,,31516,19,,,1,35,,31515,19,,,1,75,,31514,19,,,1,75,,31525,19,,,1,100,,31524,19,,,1,58,,31523,19,,,1,98,,31522,19,,,1,100,,31537,19,,,1,80,,31536,19,,,1,80,,31535,19,,,1,40,,31534,19,,,1,80,,31533,19,,,1,80,,31532,19,,,1,40,,31531,19,,,1,79,,31530,19,,,1,79,,31529,19,,,1,91,,31528,19,,,1,49,,31527,19,,,1,88,,31526,19,,,1
9801,'2',528,,31556,19,,,1,86,,31555,19,,,1,86,,31554,19,,,1,46,,31553,19,,,1,87,,31552,19,,,1,95,,31551,19,,,1,94,,31550,19,,,1,97,,31549,19,,,1,94,,31548,19,,,1,100,,31547,19,,,1,98,,31546,19,,,1,98,,31545,19,,,1,97,,31544,19,,,1,98,,31543,19,,,1,98,,31542,19,,,1,56,,31541,19,,,1,86,,31540,19,,,1,89,,31539,19,,,1,88,,31538,19,,,1
9801,'3',710,,31573,19,,,1,48,,31574,19,,,1,88,,31572,19,,,1,88,,31571,19,,,1,88,,31570,19,,,1,95,,31569,19,,,1,93,,31568,19,,,1,93,,31567,19,,,1,55,,31566,19,,,1,93,,31565,19,,,1,93,,31564,19,,,1,93,,31563,19,,,1,93,,31562,19,,,1,91,,31561,19,,,1,87,,31560,19,,,1,48,,31559,19,,,1,87,,31558,19,,,1,88,,31557,19,,,1
9801,'74',528,,31593,19,,,1,86,,31592,19,,,1,86,,31591,19,,,1,46,,31590,19,,,1,87,,31589,19,,,1,95,,31588,19,,,1,94,,31587,19,,,1,97,,31586,19,,,1,94,,31585,19,,,1,100,,31584,19,,,1,98,,31583,19,,,1,98,,31582,19,,,1,97,,31581,19,,,1,98,,31580,19,,,1,98,,31579,19,,,1,56,,31578,19,,,1,86,,31577,19,,,1,89,,31576,19,,,1,88,,31575,19,,,1
9801,'80',710,,31610,19,,,1,48,,31611,19,,,1,88,,31609,19,,,1,88,,31608,19,,,1,88,,31607,19,,,1,95,,31606,19,,,1,93,,31605,19,,,1,93,,31604,19,,,1,55,,31603,19,,,1,93,,31602,19,,,1,93,,31601,19,,,1,93,,31600,19,,,1,93,,31599,19,,,1,91,,31598,19,,,1,87,,31597,19,,,1,48,,31596,19,,,1,87,,31595,19,,,1,88,,31594,19,,,1
989901,'1',2201,,36877,19,,,1,32,,36878,19,,,1,78,,36879,19,,,1,36,,36880,19,,,1,75,,36881,19,,,1,32,,36882,19,,,1,75,,36883,19,,,1,75,,36884,19,,,1
989901,'2',2207,,36885,19,,,1,93,,36886,19,,,1,43,,36887,19,,,1,91,,36890,19,,,1,85,,36888,19,,,1,86,,36889,19,,,1
989901,'3',2219,,36891,19,,,1,90,,36892,19,,,1,43,,36893,19,,,1,89,,36894,19,,,1,79,,36895,19,,,1,83,,36896,19,,,1
989901,'74',2207,,36897,19,,,1,93,,36898,19,,,1,43,,36899,19,,,1,91,,36902,19,,,1,85,,36900,19,,,1,86,,36901,19,,,1
989901,'80',2219,,36903,19,,,1,90,,36904,19,,,1,43,,36905,19,,,1,89,,36906,19,,,1,79,,36907,19,,,1,83,,36908,19,,,1
