9600,'1',711,,18524,86,,,1,47,,18523,86,,,1,71,,18522,86,,,1,77,,18521,86,,,1,27,,18520,86,,,1,73,,18517,86,,,1,34,,18518,86,,,1,70,,18519,86,,,1,32,,18532,86,,,1,69,,18531,82,,,1,39,,18525,82,,,1,79,,18526,82,,,1,79,,18527,82,,,1,46,,18528,82,,,1,65,,18529,82,,,1,91,,18530,86,,,1,43,,18538,86,,,1,67,,18537,86,,,1,32,,18536,86,,,1,62,,18533,86,,,1,27,,18534,86,,,1,61,,18535,86,,,1,27,,18541,86,,,1,19,,18542,86,,,1,52,,18552,86,,,1,11,,18540,86,,,1,25,,18539,86,,,1,70,,18549,82,,,1,30,,18548,82,,,1,15,,18551,82,,,1,51,,18543,82,,,1,30,,18544,82,,,1,69,,18545,82,,,1,28,,18546,82,,,1,30,,18547,82,,,1,57,,18550,82,,,1
9600,'2',1032,,18553,82,,,1,102,,18554,82,,,1,99,,18555,82,,,1,96,,18556,82,,,1,99,,18557,82,,,1,99,,18558,82,,,1,98,,18559,82,,,1,99,,18560,82,,,1,94,,18561,82,,,1,97,,18562,82,,,1,87,,18563,82,,,1,41,,18564,82,,,1,97,,18565,82,,,1
9600,'3',1123,,18566,82,,,1,94,,18567,82,,,1,94,,18568,82,,,1,94,,18569,82,,,1,54,,18570,82,,,1,94,,18571,82,,,1,94,,18572,82,,,1,94,,18573,82,,,1,91,,18574,82,,,1,94,,18575,82,,,1,94,,18576,82,,,1,89,,18577,82,,,1
9600,'80',1123,,18578,82,,,1,94,,18579,82,,,1,94,,18580,82,,,1,94,,18581,82,,,1,54,,18582,82,,,1,94,,18583,82,,,1,94,,18584,82,,,1,94,,18585,82,,,1,91,,18586,82,,,1,94,,18587,82,,,1,94,,18588,82,,,1,89,,18589,82,,,1
9800,'1',627,,18683,38,,,1,75,,18682,38,,,1,34,,18681,38,,,1,75,,18680,38,,,1,35,,18679,38,,,1,75,,18678,38,,,1,98,,18674,38,,,1,98,,18671,38,,,1,96,,18676,38,,,1,98,,18675,38,,,1,40,,18663,38,,,1,79,,18673,38,,,1,80,,18672,38,,,1,40,,18670,38,,,1,80,,18669,38,,,1,80,,18668,38,,,1,44,,18667,38,,,1,80,,18666,38,,,1,92,,18665,38,,,1,91,,18664,38,,,1,88,,18677,38,,,1
9800,'2',626,,18701,38,,,1,86,,18700,38,,,1,44,,18699,38,,,1,94,,18698,38,,,1,93,,18697,38,,,1,92,,18696,38,,,1,94,,18695,38,,,1,98,,18694,38,,,1,98,,18693,38,,,1,97,,18692,38,,,1,98,,18691,38,,,1,98,,18690,38,,,1,99,,18689,38,,,1,100,,18688,38,,,1,89,,18687,38,,,1,53,,18686,38,,,1,89,,18685,38,,,1,85,,18684,38,,,1
9800,'3',810,,18717,38,,,1,48,,18716,38,,,1,88,,18715,38,,,1,92,,18714,38,,,1,93,,18713,38,,,1,90,,18712,38,,,1,93,,18711,38,,,1,93,,18710,38,,,1,93,,18709,38,,,1,53,,18708,38,,,1,93,,18707,38,,,1,96,,18706,38,,,1,88,,18705,38,,,1,91,,18704,38,,,1,87,,18703,38,,,1,48,,18702,38,,,1
9800,'80',810,,18733,38,,,1,48,,18732,38,,,1,88,,18731,38,,,1,92,,18730,38,,,1,93,,18729,38,,,1,90,,18728,38,,,1,93,,18727,38,,,1,93,,18726,38,,,1,93,,18725,38,,,1,53,,18724,38,,,1,93,,18723,38,,,1,96,,18722,38,,,1,88,,18721,38,,,1,91,,18720,38,,,1,87,,18719,38,,,1,48,,18718,38,,,1
989900,'1',2131,,22653,81,,,1,73,,22654,81,,,1,38,,22655,81,,,1,78,,22656,81,,,1,35,,22657,81,,,1,72,,22658,81,,,1,75,,22659,81,,,1,35,,22660,81,,,1,74,,22661,81,0,5 6,1,35,,22662,81,0,5 6,1,79,,22663,81,0,5 6,1
989900,'2',2135,,22664,81,,,1,94,,22665,81,,,1,86,,22666,81,,,1,91,,22667,81,,,1,46,,22668,81,,,1,86,,22669,81,,,1,82,,22670,81,0,5 6,1,86,,22671,81,0,5 6,1,46,,22672,81,0,5 6,1
989900,'3',2150,,22673,81,,,1,90,,22674,81,,,1,85,,22675,81,,,1,90,,22676,81,,,1,40,,22677,81,,,1,83,,22678,81,,,1,78,,22679,81,0,5 6,1,43,,22680,81,0,5 6,1,83,,22681,81,0,5 6,1
989900,'80',2150,,22682,81,,,1,90,,22683,81,,,1,85,,22684,81,,,1,90,,22685,81,,,1,40,,22686,81,,,1,83,,22687,81,,,1,78,,22688,81,0,5 6,1,43,,22689,81,0,5 6,1,83,,22690,81,0,5 6,1
