2400,'1',608,,3515,82,4,,1,14,,3516,82,4,,1,14,,3517,82,4,,1,14,,3518,82,4,,1,50,,3519,82,4,,1,22,,3520,82,4,,1,14,,3521,82,4,,1,15,,3522,82,4,,1,51,,3523,82,4,,1,9,,3524,82,4,,1,12,,3525,82,4,,1,11,,3526,82,4,,1,11,,3527,82,4,,1,11,,3528,82,4,,1,51,,3529,82,4,,1,11,,3530,82,4,,1,11,,3531,82,4,,1,11,,3532,82,4,,1,10,,3533,82,4,,1,9,,3534,82,4,,1,46,,3535,69,4,,1,25,,3536,69,4,,1,22,,3537,69,4,,1,68,,3538,69,4,,1,25,,3539,69,4,,1,65,,3540,69,4,,1,25,,3541,69,4,,1,20,,3542,63,4,,1,67,,3543,63,4,,1,25,,3544,63,4,,1,65,,3545,63,4,,1,25,,3546,63,4,,1,67,,3547,63,4,,1,12,,3548,63,4,,1,12,,3549,63,4,,1,12,,3550,63,4,,1,12,,3551,63,4,,1,52,,3552,63,4,,1,12,,3553,63,4,,1,12,,3554,63,4,,1,12,,3555,63,4,,1,12,,3556,63,4,,1,52,,3557,63,4,,1,22,,3558,63,4,,1,9,,3559,63,4,,1,13,,3560,63,4,,1,11,,3561,63,4,,1,54,,3562,63,4,,1,10,,3563,63,4,,1,5,,3564,63,4,,1,12,,3565,63,4,,1,8,,3566,63,4,,1,7,,3567,63,4,,1,51,,3568,63,4,,1,12,,3569,63,4,,1,12,,3570,63,4,,1,9,,3571,63,4,,1,69,,3572,63,4,,1,26,,3573,63,4,,1,66,,3574,63,4,,1,21,,3575,63,4,,1,26,,3576,63,4,,1,66,,3577,63,4,,1,26,,3578,63,4,,1,63,,3579,63,4,,1,24,,3580,63,4,,1,22,,3581,63,4,,1,63,,3582,63,4,,1,23,,3583,63,4,,1
2400,'2',830,,3602,63,4,,1,74,,3584,63,4,,1,34,,3585,63,4,,1,75,,3586,63,4,,1,33,,3587,63,4,,1,77,,3588,63,4,,1,34,,3589,63,4,,1,83,,3601,63,4,,1,77,,3590,63,4,,1,37,,3591,63,4,,1,77,,3592,63,4,,1,77,,3593,63,4,,1,38,,3594,63,4,,1,76,,3595,63,4,,1,37,,3596,63,4,,1,77,,3597,63,4,,1,77,,3598,63,4,,1,38,,3599,63,4,,1,74,,3600,63,4,,1,75,,3612,63,4,,1,31,,3611,63,4,,1,74,,3603,63,4,,1,34,,3604,63,4,,1,74,,3605,63,4,,1,34,,3606,63,4,,1,74,,3607,63,4,,1,34,,3608,63,4,,1,74,,3609,63,4,,1,74,,3610,63,4,,1
2400,'3',801,,3614,63,4,,1,32,,3613,63,4,,1,76,,3624,63,4,,1,34,,3623,63,4,,1,74,,3615,63,4,,1,34,,3616,63,4,,1,74,,3617,63,4,,1,34,,3618,63,4,,1,74,,3619,63,4,,1,74,,3620,63,4,,1,34,,3621,63,4,,1,74,,3622,63,4,,1,37,,3626,63,4,,1,80,,3625,63,4,,1,76,,3628,63,4,,1,37,,3629,63,4,,1,77,,3630,63,4,,1,37,,3627,63,4,,1,77,,3631,63,4,,1,77,,3632,63,4,,1,33,,3638,63,4,,1,74,,3633,63,4,,1,36,,3634,63,4,,1,75,,3635,63,4,,1,75,,3636,63,4,,1,35,,3637,63,4,,1
2400,'80',801,,3640,63,4,,1,32,,3639,63,4,,1,76,,3650,63,4,,1,34,,3649,63,4,,1,74,,3641,63,4,,1,34,,3642,63,4,,1,74,,3643,63,4,,1,34,,3644,63,4,,1,74,,3645,63,4,,1,74,,3646,63,4,,1,34,,3647,63,4,,1,74,,3648,63,4,,1,37,,3652,63,4,,1,80,,3651,63,4,,1,76,,3654,63,4,,1,37,,3655,63,4,,1,77,,3656,63,4,,1,37,,3653,63,4,,1,77,,3657,63,4,,1,77,,3658,63,4,,1,33,,3664,63,4,,1,74,,3659,63,4,,1,36,,3660,63,4,,1,75,,3661,63,4,,1,75,,3662,63,4,,1,35,,3663,63,4,,1
2400,'81',801,,3666,63,4,,1,32,,3665,63,4,,1,76,,3676,63,4,,1,34,,3675,63,4,,1,74,,3667,63,4,,1,34,,3668,63,4,,1,74,,3669,63,4,,1,34,,3670,63,4,,1,74,,3671,63,4,,1,74,,3672,63,4,,1,34,,3673,63,4,,1,74,,3674,63,4,,1,37,,3678,63,4,,1,80,,3677,63,4,,1,76,,3680,63,4,,1,37,,3681,63,4,,1,77,,3682,63,4,,1,37,,3679,63,4,,1,77,,3683,63,4,,1,77,,3684,63,4,,1,33,,3690,63,4,,1,74,,3685,63,4,,1,36,,3686,63,4,,1,75,,3687,63,4,,1,75,,3688,63,4,,1,35,,3689,63,4,,1
2401,'1',538,,3729,1,,,1,14,,3728,1,,,1,54,,3727,1,,,1,14,,3691,1,,,1,14,,3692,1,,,1,14,,3693,1,,,1,55,,3706,1,,,1,11,,3705,1,,,1,11,,3704,1,,,1,11,,3703,1,,,1,11,,3702,1,,,1,11,,3701,1,,,1,51,,3694,1,,,1,11,,3695,1,,,1,11,,3696,1,,,1,11,,3697,1,,,1,11,,3698,1,,,1,51,,3699,1,,,1,11,,3700,1,,,1,31,,3712,1,,,1,65,,3711,1,,,1,25,,3707,1,,,1,65,,3708,1,,,1,25,,3709,1,,,1,25,,3710,1,,,1,65,,3713,1,,,1,25,,3714,1,,,1,65,,3715,1,,,1,25,,3716,1,,,1,25,,3717,1,,,1,53,,3726,1,,,1,12,,3725,1,,,1,12,,3724,1,,,1,12,,3723,1,,,1,12,,3722,1,,,1,52,,3721,1,,,1,12,,3720,1,,,1,12,,3718,1,,,1,12,,3719,1,,,1,12,,3730,1,,,1,52,,3731,1,,,1,12,,3732,1,,,1,12,,3733,1,,,1,12,,3734,1,,,1,12,,3735,1,,,1,52,,3736,1,,,1,12,,3737,1,,,1,12,,3738,1,,,1,12,,3739,1,,,1,12,,3740,1,,,1,52,,3741,1,,,1,12,,3742,1,,,1,12,,3743,1,,,1,12,,3744,1,,,1,12,,3745,1,,,1,52,,3746,1,,,1,12,,3752,1,,,1,27,,3751,1,,,1,66,,3747,1,,,1,27,,3748,1,,,1,65,,3749,1,,,1,26,,3750,1,,,1,68,,3753,1,,,1,24,,3754,1,,,1,22,,3758,1,,,1,63,,3755,1,,,1,23,,3756,1,,,1,23,,3757,1,,,1
2401,'2',731,,3759,1,,,1,74,,3760,1,,,1,34,,3761,1,,,1,74,,3762,1,,,1,34,,3763,1,,,1,74,,3764,1,,,1,35,,3765,1,,,1,76,,3766,1,,,1,77,,3767,1,,,1,37,,3768,1,,,1,77,,3769,1,,,1,36,,3770,1,,,1,78,,3771,1,,,1,77,,3772,1,,,1,37,,3773,1,,,1,77,,3774,1,,,1,76,,3775,1,,,1,38,,3776,1,,,1,76,,3777,1,,,1,38,,3778,1,,,1,74,,3779,1,,,1,75,,3780,1,,,1,33,,3781,1,,,1,74,,3782,1,,,1,34,,3783,1,,,1,74,,3784,1,,,1,34,,3785,1,,,1,74,,3786,1,,,1,74,,3787,1,,,1
2401,'3',705,,3788,1,,,1,32,,3789,1,,,1,72,,3790,1,,,1,34,,3791,1,,,1,74,,3792,1,,,1,34,,3793,1,,,1,74,,3794,1,,,1,34,,3795,1,,,1,74,,3796,1,,,1,72,,3797,1,,,1,36,,3798,1,,,1,74,,3799,1,,,1,35,,3800,1,,,1,75,,3801,1,,,1,77,,3802,1,,,1,37,,3803,1,,,1,77,,3804,1,,,1,37,,3805,1,,,1,77,,3806,1,,,1,77,,3807,1,,,1,35,,3808,1,,,1,76,,3809,1,,,1,35,,3810,1,,,1,75,,3811,1,,,1,75,,3812,1,,,1,35,,3813,1,,,1
2401,'80',705,,3814,1,,,1,32,,3815,1,,,1,72,,3816,1,,,1,34,,3817,1,,,1,74,,3818,1,,,1,34,,3819,1,,,1,74,,3820,1,,,1,34,,3821,1,,,1,74,,3822,1,,,1,72,,3823,1,,,1,36,,3824,1,,,1,74,,3825,1,,,1,35,,3826,1,,,1,75,,3827,1,,,1,77,,3828,1,,,1,37,,3829,1,,,1,77,,3830,1,,,1,37,,3831,1,,,1,77,,3832,1,,,1,77,,3833,1,,,1,35,,3834,1,,,1,76,,3835,1,,,1,35,,3836,1,,,1,75,,3837,1,,,1,75,,3838,1,,,1,35,,3839,1,,,1
2401,'81',705,,3840,1,,,1,32,,3841,1,,,1,72,,3842,1,,,1,34,,3843,1,,,1,74,,3844,1,,,1,34,,3845,1,,,1,74,,3846,1,,,1,34,,3847,1,,,1,74,,3848,1,,,1,72,,3849,1,,,1,36,,3850,1,,,1,74,,3851,1,,,1,35,,3852,1,,,1,75,,3853,1,,,1,77,,3854,1,,,1,37,,3855,1,,,1,77,,3856,1,,,1,37,,3857,1,,,1,77,,3858,1,,,1,77,,3859,1,,,1,35,,3860,1,,,1,76,,3861,1,,,1,35,,3862,1,,,1,75,,3863,1,,,1,75,,3864,1,,,1,35,,3865,1,,,1
