600,'1',420,,1183,6,,,1,30,,1184,6,,,1,62,,1185,6,,,1,22,,1186,6,,,1,22,,1187,6,,,1,62,,1188,6,,,1,22,,1189,6,,,1,68,,1190,6,,,1,23,,1191,6,,,1,71,,1192,6,,,1,26,,1193,6,,,1,27,,1194,6,,,1,67,,1195,6,,,1,36,,1196,6,,,1,76,,1197,6,,,1,76,,1198,6,,,1,36,,1199,6,,,1,76,,1200,6,,,1,36,,1201,6,,,1,76,,1202,6,,,1,67,,1203,6,,,1,27,,1204,6,,,1,28,,1205,6,,,1,67,,1206,6,,,1,27,,1207,6,,,1,67,,1208,6,,,1,27,,1209,6,,,1,67,,1210,6,,,1,27,,1211,6,,,1,66,,1212,6,,,1,27,,1213,6,,,1,27,,1214,6,,,1,67,,1215,6,,,1,34,,1216,6,,,1,74,,1217,6,,,1,74,,1218,6,,,1,34,,1219,6,,,1,103,,1220,6,,,1,103,,1221,6,,,1,103,,1222,6,,,1
600,'2',546,,1223,6,,,1,69,,1224,6,,,1,26,,1225,6,,,1,70,,1226,6,,,1,33,,1227,6,,,1,82,,1228,6,,,1,75,,1229,6,,,1,32,,1230,6,,,1,72,,1231,6,,,1,32,,1232,6,,,1,72,,1233,6,,,1,32,,1234,6,,,1,72,,1235,6,,,1,32,,1236,6,,,1,72,,1237,6,,,1,32,,1238,6,,,1,77,,1239,6,,,1,77,,1240,6,,,1,37,,1241,6,,,1,78,,1242,6,,,1,36,,1243,6,,,1,78,,1244,6,,,1,75,,1245,6,,,1,35,,1246,6,,,1,71,,1247,6,,,1,33,,1248,6,,,1,100,,1249,6,,,1,95,,1250,6,,,1,95,,1251,6,,,1,95,,1252,6,,,1
600,'3',601,,1253,6,,,1,26,,1254,6,,,1,29,,1255,6,,,1,74,,1256,6,,,1,29,,1257,6,,,1,82,,1258,6,,,1,75,,1259,6,,,1,32,,1260,6,,,1,72,,1261,6,,,1,32,,1262,6,,,1,72,,1263,6,,,1,32,,1264,6,,,1,72,,1265,6,,,1,72,,1266,6,,,1,32,,1267,6,,,1,72,,1268,6,,,1,39,,1269,6,,,1,76,,1270,6,,,1,37,,1271,6,,,1,77,,1272,6,,,1,77,,1273,6,,,1,37,,1274,6,,,1,73,,1275,6,,,1,37,,1276,6,,,1,71,,1277,6,,,1,100,,1278,6,,,1,98,,1279,6,,,1,98,,1280,6,,,1,98,,1281,6,,,1
600,'80',601,,1282,6,,,1,26,,1283,6,,,1,29,,1284,6,,,1,74,,1285,6,,,1,29,,1286,6,,,1,82,,1287,6,,,1,75,,1288,6,,,1,32,,1289,6,,,1,72,,1290,6,,,1,32,,1291,6,,,1,72,,1292,6,,,1,32,,1293,6,,,1,72,,1294,6,,,1,72,,1295,6,,,1,32,,1296,6,,,1,72,,1297,6,,,1,39,,1298,6,,,1,76,,1299,6,,,1,37,,1300,6,,,1,77,,1301,6,,,1,77,,1302,6,,,1,37,,1303,6,,,1,73,,1304,6,,,1,37,,1305,6,,,1,71,,1306,6,,,1,100,,1307,6,,,1,98,,1308,6,,,1,98,,1309,6,,,1,98,,1310,6,,,1
600,'81',601,,1311,6,,,1,26,,1312,6,,,1,29,,1313,6,,,1,74,,1314,6,,,1,29,,1315,6,,,1,82,,1316,6,,,1,75,,1317,6,,,1,32,,1318,6,,,1,72,,1319,6,,,1,32,,1320,6,,,1,72,,1321,6,,,1,32,,1322,6,,,1,72,,1323,6,,,1,72,,1324,6,,,1,32,,1325,6,,,1,72,,1326,6,,,1,39,,1327,6,,,1,76,,1328,6,,,1,37,,1329,6,,,1,77,,1330,6,,,1,77,,1331,6,,,1,37,,1332,6,,,1,73,,1333,6,,,1,37,,1334,6,,,1,71,,1335,6,,,1,100,,1336,6,,,1,98,,1337,6,,,1,98,,1338,6,,,1,98,,1339,6,,,1
601,'1',2208,,1372,17,4,,1,347,,1377,17,4,,1
601,'2',2011,,1401,17,4,,1,413,,1407,17,4,,1
601,'3',1959,,1431,17,4,,1,459,,1437,17,4,,1
601,'80',1959,,1461,17,4,,1,459,,1467,17,4,,1
601,'81',1959,,1491,17,4,,1,459,,1497,17,4,,1
36101,'1',600,,9182,6,,,1,24,,9183,6,,,1,32,,9184,6,,,1,63,,9185,6,,,1,26,,9186,6,,,1,66,,9187,6,,,1,25,,9188,6,,,1,20,,9189,6,,,1,66,,9190,6,,,1,580,,9191,6,,,1,25,,9192,6,,,1,25,,9193,6,,,1,67,,9194,6,,,1,24,,9195,6,,,1,69,,9196,6,,,1,23,,9197,6,,,1,65,,9198,6,,,1,23,,9199,6,,,1
