100,'1',406,,12536,29,,,1,38,,12535,29,,,1,71,,12534,29,,,1,42,,12562,44,,,1,78,,12561,44,,,1,80,,12559,44,,,1,38,,12560,44,,,1,73,,12558,44,,,1,75,,12557,44,,,1,35,,12556,44,,,1,109,,12555,44,,,1,113,,12554,44,,,1,152,,12553,44,,,1,116,,12552,44,,,1,87,,12563,44,,,1,43,,12551,44,,,1,71,,12550,44,,,1,77,,12549,44,,,1,31,,12548,44,,,1,74,,12547,44,,,1,34,,12546,44,,,1,66,,12545,44,,,1,24,,12544,44,,,1,98,,12543,44,,,1,102,,12542,44,,,1,100,,12541,44,,,1,91,,12540,44,,,1,95,,12539,44,,,1,89,,12538,44,,,1,95,,12537,44,,,1
100,'2',606,,12586,29,,,1,96,,12564,44,,,1,103,,12565,44,,,1,107,,12566,44,,,1,103,,12567,44,,,1,111,,12568,44,,,1,95,,12569,44,,,1,87,,12570,44,,,1,103,,12571,44,,,1,92,,12572,44,,,1,52,,12573,44,,,1,92,,12574,44,,,1,86,,12575,44,,,1,92,,12576,44,,,1,91,,12577,44,,,1,42,,12578,44,,,1,92,,12579,44,,,1,90,,12580,44,,,1,97,,12581,44,,,1,97,,12582,44,,,1,94,,12583,44,,,1,92,,12584,44,,,1,97,,12585,44,,,1
100,'3',756,,12602,29,,,1,91,,12587,44,,,1,159,,12588,44,,,1,115,,12589,44,,,1,115,,12590,44,,,1,115,,12591,44,,,1,152,,12592,44,,,1,107,,12593,44,,,1,112,,12594,44,,,1,110,,12595,44,,,1,108,,12596,44,,,1,96,,12597,44,,,1,99,,12598,44,,,1,99,,12599,44,,,1,94,,12600,44,,,1,99,,12601,44,,,1
100,'80',756,,12618,29,,,1,91,,12603,44,,,1,159,,12604,44,,,1,115,,12605,44,,,1,115,,12606,44,,,1,115,,12607,44,,,1,152,,12608,44,,,1,107,,12609,44,,,1,112,,12610,44,,,1,110,,12611,44,,,1,108,,12612,44,,,1,96,,12613,44,,,1,99,,12614,44,,,1,99,,12615,44,,,1,94,,12616,44,,,1,99,,12617,44,,,1
900,'1',545,,14283,8,,,1,66,,14284,8,,,1,41,,14285,8,,,1,73,,14286,8,,,1,33,,14287,8,,,1,73,,14288,8,,,1,73,,14289,8,,,1,33,,14290,8,,,1,84,,14291,8,,,1,84,,14292,8,,,1,44,,14293,8,,,1,84,,14294,8,,,1,83,,14295,8,,,1,84,,14296,8,,,1,42,,14297,8,,,1,75,,14298,8,,,1,34,,14299,8,,,1,81,,14300,8,,,1,82,,14301,8,,,1,34,,14302,8,,,1,78,,14303,8,,,1,78,,14304,8,,,1,38,,14305,8,,,1,78,,14306,8,,,1
900,'2',701,,14325,8,,,1,47,,14324,8,,,1,87,,14307,8,,,1,87,,14308,8,,,1,87,,14309,8,,,1,47,,14310,8,,,1,87,,14311,8,,,1,87,,14312,8,,,1,87,,14313,8,,,1,87,,14314,8,,,1,47,,14315,8,,,1,87,,14316,8,,,1,87,,14317,8,,,1,87,,14318,8,,,1,47,,14319,8,,,1,87,,14320,8,,,1,87,,14321,8,,,1,87,,14322,8,,,1,87,,14323,8,,,1
900,'3',803,,14326,8,,,1,47,,14327,8,,,1,87,,14328,8,,,1,87,,14329,8,,,1,87,,14330,8,,,1,47,,14331,8,,,1,87,,14332,8,,,1,87,,14333,8,,,1,87,,14334,8,,,1,87,,14335,8,,,1,47,,14336,8,,,1,87,,14337,8,,,1,87,,14338,8,,,1,87,,14339,8,,,1,87,,14340,8,,,1,47,,14341,8,,,1,87,,14342,8,,,1
900,'80',803,,14343,8,,,1,47,,14344,8,,,1,87,,14345,8,,,1,87,,14346,8,,,1,87,,14347,8,,,1,47,,14348,8,,,1,87,,14349,8,,,1,87,,14350,8,,,1,87,,14351,8,,,1,87,,14352,8,,,1,47,,14353,8,,,1,87,,14354,8,,,1,87,,14355,8,,,1,87,,14356,8,,,1,87,,14357,8,,,1,47,,14358,8,,,1,87,,14359,8,,,1
901,'1',657,,14367,55,,,1,69,,14360,55,,,1,77,,14361,55,,,1,33,,14362,55,,,1,73,,14363,55,,,1,33,,14364,55,,,1,73,,14365,55,,,1,33,,14366,55,,,1,68,,14374,55,,,1,84,,14368,55,,,1,44,,14369,55,,,1,84,,14370,55,,,1,87,,14371,55,,,1,44,,14372,55,,,1,143,,14373,55,,,1,42,,14375,55,,,1,73,,14376,55,,,1,33,,14377,55,,,1,76,,14378,55,,,1,86,,14379,55,,,1,31,,14380,55,,,1,78,,14381,55,,,1,38,,14382,55,,,1,71,,14383,55,,,1
901,'2',803,,14384,55,,,1,47,,14385,55,,,1,87,,14386,55,,,1,87,,14387,55,,,1,87,,14388,55,,,1,47,,14389,55,,,1,87,,14390,55,,,1,87,,14391,55,,,1,87,,14392,55,,,1,87,,14393,55,,,1,47,,14394,55,,,1,87,,14395,55,,,1,87,,14396,55,,,1,87,,14397,55,,,1,87,,14398,55,,,1,47,,14399,55,,,1,87,,14400,55,,,1,87,,14401,55,,,1,87,,14402,55,,,1
901,'3',905,,14403,55,,,1,47,,14404,55,,,1,87,,14405,55,,,1,87,,14406,55,,,1,87,,14407,55,,,1,87,,14408,55,,,1,47,,14409,55,,,1,87,,14410,55,,,1,87,,14411,55,,,1,87,,14412,55,,,1,47,,14413,55,,,1,87,,14414,55,,,1,87,,14415,55,,,1,87,,14416,55,,,1,87,,14417,55,,,1,47,,14418,55,,,1
901,'80',905,,14419,55,,,1,47,,14420,55,,,1,87,,14421,55,,,1,87,,14422,55,,,1,87,,14423,55,,,1,87,,14424,55,,,1,47,,14425,55,,,1,87,,14426,55,,,1,87,,14427,55,,,1,87,,14428,55,,,1,47,,14429,55,,,1,87,,14430,55,,,1,87,,14431,55,,,1,87,,14432,55,,,1,87,,14433,55,,,1,47,,14434,55,,,1
