1301,'1',616,,2364,11,,,1,29,,2343,11,,,1,69,,2342,11,,,1,28,,2341,11,,,1,70,,2340,11,,,1,29,,2339,11,,,1,69,,2338,11,,,1,30,,2337,11,,,1,81,,2344,11,,,1,79,,2345,11,,,1,38,,2346,11,,,1,82,,2347,11,,,1,37,,2348,11,,,1,79,,2349,11,,,1,79,,2350,11,,,1,41,,2361,11,,,1,72,,2351,11,,,1,31,,2352,11,,,1,71,,2353,11,,,1,71,,2354,11,,,1,31,,2355,11,,,1,71,,2356,11,,,1,33,,2357,11,,,1,69,,2358,11,,,1,31,,2359,11,,,1,71,,2360,11,,,1,98,,2362,11,,,1,29,,2363,11,,,1,74,,2365,11,,,1
8500,'1',550,,5396,15,,,1,56,,5397,15,,,1,16,,5398,15,,,1,16,,5399,15,,,1,16,,5400,15,,,1,56,,5401,15,,,1,16,,5402,15,,,1,16,,5403,15,,,1,16,,5404,15,,,1,56,,5405,15,,,1,16,,5406,15,,,1,16,,5407,15,,,1,56,,5408,15,,,1,25,,5409,15,,,1,25,,5410,15,,,1,63,,5411,15,,,1,25,,5412,15,,,1,65,,5413,15,,,1,25,,5414,15,,,1,25,,5415,15,,,1,65,,5416,15,,,1,25,,5417,15,,,1,65,,5418,15,,,1,25,,5419,15,,,1,20,,5420,15,,,1,59,,5447,1,,,1,18,,5421,1,,,1,20,,5422,1,,,1,56,,5423,1,,,1,17,,5424,1,,,1,16,,5425,1,,,1,59,,5426,1,,,1,13,,5427,1,,,1,16,,5428,1,,,1,16,,5429,1,,,1,56,,5430,1,,,1,16,,5431,1,,,1,16,,5432,1,,,1,16,,5433,1,,,1,56,,5434,1,,,1,16,,5435,1,,,1,16,,5436,1,,,1,16,,5437,1,,,1,56,,5438,1,,,1,16,,5439,1,,,1,25,,5440,1,,,1,65,,5441,1,,,1,25,,5442,1,,,1,72,,5443,1,,,1,32,,5444,1,,,1,72,,5445,1,,,1,32,,5446,1,,,1
8500,'2',637,,5476,15,,,1,70,,5477,15,,,1,30,,5478,15,,,1,68,,5479,15,,,1,31,,5480,15,,,1,70,,5481,15,,,1,30,,5482,15,,,1,73,,5483,15,,,1,30,,5484,15,,,1,71,,5448,15,,,1,22,,5449,15,,,1,23,,5450,15,,,1,63,,5451,15,,,1,23,,5452,15,,,1,63,,5453,15,,,1,23,,5454,15,,,1,23,,5455,15,,,1,63,,5456,15,,,1,23,,5457,15,,,1,23,,5458,15,,,1,63,,5459,15,,,1,23,,5460,15,,,1,63,,5461,15,,,1,23,,5462,15,,,1,21,,5463,15,,,1,64,,5464,15,,,1,17,,5465,15,,,1,21,,5466,15,,,1,61,,5467,15,,,1,21,,5468,15,,,1,21,,5469,15,,,1,61,,5470,15,,,1,21,,5471,15,,,1,61,,5472,15,,,1,21,,5473,15,,,1,21,,5474,15,,,1,61,,5475,15,,,1,30,,5485,15,,,1,70,,5486,15,,,1,30,,5487,15,,,1
8500,'3',927,,5488,15,,,1,80,,5489,15,,,1,40,,5490,15,,,1,80,,5491,15,,,1,91,,5492,15,,,1,83,,5493,15,,,1,43,,5494,15,,,1,83,,5495,15,,,1,82,,5496,15,,,1,43,,5497,15,,,1,82,,5498,15,,,1,74,,5499,15,,,1,41,,5500,15,,,1,85,,5501,15,,,1,77,,5502,15,,,1,41,,5503,15,,,1,81,,5504,15,,,1
8500,'80',927,,5507,15,,,1,80,,5508,15,,,1,40,,5509,15,,,1,80,,5510,15,,,1,91,,5511,15,,,1,83,,5512,15,,,1,43,,5513,15,,,1,83,,5514,15,,,1,82,,5515,15,,,1,43,,5516,15,,,1,82,,5517,15,,,1,74,,5518,15,,,1,41,,5519,15,,,1,85,,5520,15,,,1,77,,5521,15,,,1,41,,5522,15,,,1,81,,5523,15,,,1
8500,'81',927,,5526,15,,,1,80,,5527,15,,,1,40,,5528,15,,,1,80,,5529,15,,,1,91,,5530,15,,,1,83,,5531,15,,,1,43,,5532,15,,,1,83,,5533,15,,,1,82,,5534,15,,,1,43,,5535,15,,,1,82,,5536,15,,,1,74,,5537,15,,,1,41,,5538,15,,,1,85,,5539,15,,,1,77,,5540,15,,,1,41,,5541,15,,,1,81,,5542,15,,,1
8501,'1',1402,,5566,66,4,,1,25,,5570,66,4,,1,25,,5571,66,4,,1,66,,5572,66,4,,1,16,,5599,66,4,,1,16,,5600,66,4,,1,56,,5589,66,4,,1,16,,5588,66,4,,1,16,,5587,66,4,,1,73,,5586,66,4,,1,25,,5585,66,4,,1,16,,5573,66,4,,1,59,,5574,66,4,,1,13,,5575,66,4,,1,5,,5576,66,4,,1,16,,5577,66,4,,1,11,,5578,66,4,,1,59,,5579,66,4,,1,13,,5580,66,4,,1,16,,5581,66,4,,1,56,,5582,66,4,,1,17,,5583,66,4,,1,11,,5584,66,4,,1,72,,5592,66,4,,1,23,,5591,66,4,,1,25,,5590,66,4,,1,62,,5596,66,4,,1,29,,5595,66,4,,1,72,,5593,66,4,,1,32,,5594,66,4,,1
8501,'2',2252,,5639,66,4,,1,70,,5640,66,4,,1
8501,'3',2108,,5641,66,4,,1,41,,5642,66,4,,1
8501,'80',2108,,5660,66,4,,1,41,,5661,66,4,,1
8501,'81',2108,,5679,66,4,,1,41,,5680,66,4,,1
46100,'24612.1',739,,9294,31,,,1
46800,'24612.1',741,,9308,10,,,1
