800,'1',537,,25474,6,,,1,16,,25460,6,,,1,56,,25461,6,,,1,16,,25462,6,,,1,16,,25463,6,,,1,16,,25464,6,,,1,56,,25465,6,,,1,16,,25466,6,,,1,16,,25467,6,,,1,57,,25468,6,,,1,16,,25469,6,,,1,16,,25470,6,,,1,16,,25471,6,,,1,56,,25472,6,,,1,15,,25473,6,,,1,11,,25506,6,,,1,69,,25475,6,,,1,29,,25476,6,,,1,29,,25477,6,,,1,69,,25478,6,,,1,29,,25479,6,,,1,69,,25480,6,,,1,29,,25481,6,,,1,69,,25482,6,,,1,29,,25483,6,,,1,69,,25484,6,,,1,13,,25508,6,,,1,16,,25507,6,,,1,56,,25485,6,,,1,16,,25486,6,,,1,16,,25487,6,,,1,16,,25488,6,,,1,56,,25489,6,,,1,16,,25490,6,,,1,16,,25491,6,,,1,16,,25492,6,,,1,56,,25493,6,,,1,16,,25494,6,,,1,16,,25495,6,,,1,56,,25496,6,,,1,16,,25497,6,,,1,16,,25498,6,,,1,16,,25499,6,,,1,55,,25500,6,,,1,16,,25501,6,,,1,16,,25502,6,,,1,16,,25503,6,,,1,56,,25504,6,,,1,24,,25505,6,,,1,25,,25509,6,,,1,65,,25510,6,,,1,25,,25511,6,,,1,65,,25512,6,,,1,24,,25513,6,,,1,65,,25514,6,,,1,25,,25515,6,,,1,25,,25516,6,,,1,65,,25517,6,,,1
800,'74',803,,25521,6,,,1,28,,25522,6,,,1,28,,25523,6,,,1,68,,25524,6,,,1,28,,25525,6,,,1,70,,25526,6,,,1,28,,25527,6,,,1,68,,25528,6,,,1,28,,25529,6,,,1,68,,25530,6,,,1,28,,25531,6,,,1,68,,25532,6,,,1,28,,25533,6,,,1,68,,25534,6,,,1,28,,25535,6,,,1,68,,25536,6,,,1,28,,25537,6,,,1,68,,25538,6,,,1,28,,25539,6,,,1,28,,25540,6,,,1,68,,25541,6,,,1,28,,25542,6,,,1,66,,25543,6,,,1,28,,25544,6,,,1,68,,25545,6,,,1,28,,25546,6,,,1,68,,25547,6,,,1,28,,25548,6,,,1,68,,25549,6,,,1,30,,25550,6,,,1,70,,25551,6,,,1,30,,25552,6,,,1,70,,25553,6,,,1,30,,25554,6,,,1,70,,25555,6,,,1
800,'80',758,,25556,6,,,1,94,,25557,6,,,1,67,,25558,6,,,1,27,,25559,6,,,1,67,,25560,6,,,1,27,,25561,6,,,1,67,,25562,6,,,1,27,,25563,6,,,1,67,,25564,6,,,1,27,,25565,6,,,1,27,,25566,6,,,1,67,,25567,6,,,1,27,,25568,6,,,1,67,,25569,6,,,1,27,,25570,6,,,1,67,,25571,6,,,1,27,,25572,6,,,1,67,,25573,6,,,1,27,,25574,6,,,1,27,,25575,6,,,1,67,,25576,6,,,1,27,,25577,6,,,1,67,,25578,6,,,1,27,,25579,6,,,1,94,,25580,6,,,1,113,,25581,6,,,1
800,'35296.2',803,,25582,6,,,1,28,,25583,6,,,1,28,,25584,6,,,1,68,,25585,6,,,1,28,,25586,6,,,1,70,,25587,6,,,1,28,,25588,6,,,1,68,,25589,6,,,1,28,,25590,6,,,1,68,,25591,6,,,1,28,,25592,6,,,1,68,,25593,6,,,1,28,,25594,6,,,1,68,,25595,6,,,1,28,,25596,6,,,1,68,,25597,6,,,1,28,,25598,6,,,1,68,,25599,6,,,1,28,,25600,6,,,1,28,,25601,6,,,1,68,,25602,6,,,1,28,,25603,6,,,1,66,,25604,6,,,1,28,,25605,6,,,1,68,,25606,6,,,1,28,,25607,6,,,1,68,,25608,6,,,1,28,,25609,6,,,1,68,,25610,6,,,1,30,,25611,6,,,1,70,,25612,6,,,1,30,,25613,6,,,1,70,,25614,6,,,1,30,,25615,6,,,1,70,,25616,6,,,1
800,'35296.3',758,,25617,6,,,1,94,,25618,6,,,1,67,,25619,6,,,1,27,,25620,6,,,1,67,,25621,6,,,1,27,,25622,6,,,1,67,,25623,6,,,1,27,,25624,6,,,1,67,,25625,6,,,1,27,,25626,6,,,1,27,,25627,6,,,1,67,,25628,6,,,1,27,,25629,6,,,1,67,,25630,6,,,1,27,,25631,6,,,1,67,,25632,6,,,1,27,,25633,6,,,1,67,,25634,6,,,1,27,,25635,6,,,1,27,,25636,6,,,1,67,,25637,6,,,1,27,,25638,6,,,1,67,,25639,6,,,1,27,,25640,6,,,1,94,,25641,6,,,1,113,,25642,6,,,1
800,'35298.2',711,,25643,6,,,1,15,,25644,6,,,1,15,,25645,6,,,1,15,,25646,6,,,1,55,,25647,6,,,1,15,,25648,6,,,1,15,,25649,6,,,1,15,,25650,6,,,1,55,,25651,6,,,1,15,,25652,6,,,1,15,,25653,6,,,1,15,,25654,6,,,1,57,,25655,6,,,1,15,,25656,6,,,1,15,,25657,6,,,1,15,,25658,6,,,1,55,,25659,6,,,1,15,,25660,6,,,1,15,,25661,6,,,1,15,,25662,6,,,1,55,,25663,6,,,1,15,,25664,6,,,1,15,,25665,6,,,1,15,,25666,6,,,1,55,,25667,6,,,1,15,,25668,6,,,1,15,,25669,6,,,1,15,,25670,6,,,1,55,,25671,6,,,1,15,,25672,6,,,1,15,,25673,6,,,1,15,,25674,6,,,1,55,,25675,6,,,1,15,,25676,6,,,1,15,,25677,6,,,1,15,,25678,6,,,1,55,,25679,6,,,1,15,,25680,6,,,1,15,,25681,6,,,1,15,,25682,6,,,1,55,,25683,6,,,1,15,,25684,6,,,1,15,,25685,6,,,1,15,,25686,6,,,1,53,,25687,6,,,1,15,,25688,6,,,1,15,,25689,6,,,1,15,,25690,6,,,1,55,,25691,6,,,1,32,,25692,6,,,1,68,,25693,6,,,1,28,,25694,6,,,1,68,,25695,6,,,1,30,,25696,6,,,1,70,,25697,6,,,1,30,,25698,6,,,1,70,,25699,6,,,1,30,,25700,6,,,1,70,,25701,6,,,1
800,'35298.3',712,,25702,6,,,1,15,,25703,6,,,1,15,,25704,6,,,1,15,,25705,6,,,1,55,,25706,6,,,1,15,,25707,6,,,1,15,,25708,6,,,1,15,,25709,6,,,1,55,,25710,6,,,1,15,,25711,6,,,1,15,,25712,6,,,1,15,,25713,6,,,1,55,,25714,6,,,1,15,,25715,6,,,1,15,,25716,6,,,1,15,,25717,6,,,1,55,,25718,6,,,1,15,,25719,6,,,1,15,,25720,6,,,1,15,,25721,6,,,1,55,,25722,6,,,1,15,,25723,6,,,1,15,,25724,6,,,1,15,,25725,6,,,1,55,,25726,6,,,1,15,,25727,6,,,1,15,,25728,6,,,1,15,,25729,6,,,1,55,,25730,6,,,1,15,,25731,6,,,1,15,,25732,6,,,1,15,,25733,6,,,1,55,,25734,6,,,1,15,,25735,6,,,1,15,,25736,6,,,1,15,,25737,6,,,1,55,,25738,6,,,1,15,,25739,6,,,1,15,,25740,6,,,1,15,,25741,6,,,1,55,,25742,6,,,1,15,,25743,6,,,1,15,,25744,6,,,1,15,,25745,6,,,1,55,,25746,6,,,1,15,,25747,6,,,1,15,,25748,6,,,1,15,,25749,6,,,1,55,,25750,6,,,1,28,,25751,6,,,1,113,,25752,6,,,1
801,'1',2010,,25799,37,4,,1,423,,25810,37,4,,1
801,'80',1858,,25870,37,4,,1,94,,25872,37,4,,1,204,,25874,37,4,,1
801,'35296.3',1858,,25936,37,4,,1,94,,25938,37,4,,1,204,,25940,37,4,,1
801,'35298.2',1911,,25988,37,4,,1,503,,25999,37,4,,1
801,'35298.3',1909,,26047,37,4,,1,43,,26049,37,4,,1,204,,26051,37,4,,1
