2400,'1',602,,27580,73,,,1,14,,27581,73,,,1,14,,27582,73,,,1,14,,27583,73,,,1,10,,27584,73,,,1,62,,27585,73,,,1,14,,27586,73,,,1,15,,27587,73,,,1,11,,27588,73,,,1,49,,27589,73,,,1,12,,27590,73,,,1,11,,27591,73,,,1,11,,27592,73,,,1,11,,27593,73,,,1,51,,27594,73,,,1,11,,27595,73,,,1,11,,27596,73,,,1,11,,27597,73,,,1,10,,27598,73,,,1,9,,27599,73,,,1,5,,27600,60,,,1,65,,27601,60,,,1,22,,27602,60,,,1,68,,27603,60,,,1,25,,27604,60,,,1,65,,27605,60,,,1,25,,27606,60,,,1,20,,27607,54,,,1,67,,27608,54,,,1,25,,27609,54,,,1,65,,27610,54,,,1,25,,27611,54,,,1,27,,27612,54,,,1,52,,27613,54,,,1,12,,27614,54,,,1,12,,27615,54,,,1,12,,27616,54,,,1,12,,27617,54,,,1,52,,27618,54,,,1,12,,27619,54,,,1,12,,27620,54,,,1,12,,27621,54,,,1,12,,27622,54,,,1,62,,27623,54,,,1,9,,27624,54,,,1,13,,27625,54,,,1,11,,27626,54,,,1,54,,27627,54,,,1,10,,27628,54,,,1,5,,27629,54,,,1,12,,27630,54,,,1,8,,27631,54,,,1,7,,27632,54,,,1,11,,27633,54,,,1,52,,27634,54,,,1,12,,27635,54,,,1,9,,27636,54,,,1,69,,27637,54,,,1,26,,27638,54,,,1,26,,27639,54,,,1,62,,27640,54,,,1,26,,27641,54,,,1,66,,27642,54,,,1,26,,27643,54,,,1,23,,27644,54,,,1,64,,27645,54,,,1,22,,27646,54,,,1,63,,27647,54,,,1,23,,27648,54,,,1
2400,'2',824,,27667,54,,,1,34,,27649,54,,,1,74,,27650,54,,,1,75,,27651,54,,,1,33,,27652,54,,,1,76,,27653,54,,,1,34,,27654,54,,,1,83,,27666,54,,,1,77,,27655,54,,,1,37,,27656,54,,,1,77,,27657,54,,,1,77,,27658,54,,,1,38,,27659,54,,,1,76,,27660,54,,,1,37,,27661,54,,,1,77,,27662,54,,,1,77,,27663,54,,,1,38,,27664,54,,,1,75,,27665,54,,,1,35,,27677,54,,,1,71,,27676,54,,,1,34,,27668,54,,,1,74,,27669,54,,,1,74,,27670,54,,,1,34,,27671,54,,,1,74,,27672,54,,,1,34,,27673,54,,,1,74,,27674,54,,,1,34,,27675,54,,,1
2400,'3',755,,27679,54,,,1,72,,27678,54,,,1,76,,27689,54,,,1,34,,27688,54,,,1,74,,27680,54,,,1,34,,27681,54,,,1,74,,27682,54,,,1,34,,27683,54,,,1,74,,27684,54,,,1,74,,27685,54,,,1,34,,27686,54,,,1,74,,27687,54,,,1,37,,27691,54,,,1,79,,27690,54,,,1,76,,27693,54,,,1,37,,27694,54,,,1,77,,27695,54,,,1,37,,27692,54,,,1,77,,27696,54,,,1,77,,27697,54,,,1,33,,27703,54,,,1,74,,27698,54,,,1,36,,27699,54,,,1,75,,27700,54,,,1,35,,27701,54,,,1,75,,27702,54,,,1
2400,'74',824,,27722,54,,,1,34,,27704,54,,,1,74,,27705,54,,,1,75,,27706,54,,,1,33,,27707,54,,,1,76,,27708,54,,,1,34,,27709,54,,,1,83,,27721,54,,,1,77,,27710,54,,,1,37,,27711,54,,,1,77,,27712,54,,,1,77,,27713,54,,,1,38,,27714,54,,,1,76,,27715,54,,,1,37,,27716,54,,,1,77,,27717,54,,,1,77,,27718,54,,,1,38,,27719,54,,,1,75,,27720,54,,,1,35,,27732,54,,,1,71,,27731,54,,,1,34,,27723,54,,,1,74,,27724,54,,,1,74,,27725,54,,,1,34,,27726,54,,,1,74,,27727,54,,,1,34,,27728,54,,,1,74,,27729,54,,,1,34,,27730,54,,,1
2400,'80',755,,27734,54,,,1,72,,27733,54,,,1,76,,27744,54,,,1,34,,27743,54,,,1,74,,27735,54,,,1,34,,27736,54,,,1,74,,27737,54,,,1,34,,27738,54,,,1,74,,27739,54,,,1,74,,27740,54,,,1,34,,27741,54,,,1,74,,27742,54,,,1,37,,27746,54,,,1,79,,27745,54,,,1,76,,27748,54,,,1,37,,27749,54,,,1,77,,27750,54,,,1,37,,27747,54,,,1,77,,27751,54,,,1,77,,27752,54,,,1,33,,27758,54,,,1,74,,27753,54,,,1,36,,27754,54,,,1,75,,27755,54,,,1,35,,27756,54,,,1,75,,27757,54,,,1
8000,'1',603,,29334,29,,,1,34,,29335,29,,,1,69,,29336,29,,,1,29,,29337,29,,,1,72,,29338,29,,,1,29,,29339,29,,,1,69,,29340,29,,,1,23,,29341,29,,,1,29,,29343,29,,,1,90,,29342,29,,,1,90,,29316,29,,,1,90,,29344,29,,,1,90,,29321,29,,,1,88,,29322,29,,,1,27,,29346,29,,,1,68,,29323,29,,,1,29,,29324,29,,,1,29,,29325,29,,,1,69,,29326,29,,,1,29,,29327,29,,,1,69,,29328,29,,,1,29,,29329,29,,,1,69,,29330,29,,,1,29,,29331,29,,,1,69,,29332,29,,,1,24,,29345,29,,,1,89,,29317,29,,,1,89,,29318,29,,,1,89,,29319,29,,,1,89,,29320,29,,,1,49,,29333,29,,,1
8000,'2',713,,29347,29,,,1,46,,29348,29,,,1,98,,29349,29,,,1,98,,29350,29,,,1,98,,29351,29,,,1,98,,29352,29,,,1,98,,29353,29,,,1,98,,29354,29,,,1,98,,29355,29,,,1,98,,29356,29,,,1,98,,29357,29,,,1,98,,29358,29,,,1,98,,29359,29,,,1,93,,29360,29,,,1,93,,29361,29,,,1
8000,'3',940,,29362,29,,,1,89,,29363,29,,,1,89,,29364,29,,,1,93,,29365,29,,,1,93,,29366,29,,,1,53,,29367,29,,,1,93,,29368,29,,,1,92,,29369,29,,,1,91,,29370,29,,,1,91,,29371,29,,,1,91,,29372,29,,,1,44,,29373,29,,,1,85,,29374,29,,,1,85,,29375,29,,,1,85,,29376,29,,,1,45,,29377,29,,,1
8000,'74',713,,29378,29,,,1,46,,29379,29,,,1,98,,29380,29,,,1,98,,29381,29,,,1,98,,29382,29,,,1,98,,29383,29,,,1,98,,29384,29,,,1,98,,29385,29,,,1,98,,29386,29,,,1,98,,29387,29,,,1,98,,29388,29,,,1,98,,29389,29,,,1,98,,29390,29,,,1,93,,29391,29,,,1,93,,29392,29,,,1
8000,'80',940,,29393,29,,,1,89,,29394,29,,,1,89,,29395,29,,,1,93,,29396,29,,,1,93,,29397,29,,,1,53,,29398,29,,,1,93,,29399,29,,,1,92,,29400,29,,,1,91,,29401,29,,,1,91,,29402,29,,,1,91,,29403,29,,,1,44,,29404,29,,,1,85,,29405,29,,,1,85,,29406,29,,,1,85,,29407,29,,,1,45,,29408,29,,,1
