9601,'1',544,,6986,90,,,1,74,,6987,90,,,1,29,,6988,90,,,1,70,,6989,90,,,1,42,,6990,90,,,1,76,,6991,90,,,1,78,,6992,90,,,1,27,,6993,90,,,1,70,,6994,90,,,1,31,,6995,90,,,1,79,,6996,90,,,1,38,,6997,86,,,1,83,,6998,86,,,1,75,,6999,86,,,1,32,,7000,86,,,1,86,,7001,86,,,1,84,,7002,86,,,1,24,,7021,86,,,1,15,,7003,86,,,1,74,,7004,86,,,1,27,,7005,86,,,1,71,,7006,90,,,1,27,,7007,90,,,1,60,,7008,90,,,1,22,,7009,90,,,1,16,,7010,90,,,1,65,,7011,90,,,1,25,,7012,90,,,1,65,,7013,90,,,1,21,,7014,86,,,1,25,,7015,86,,,1,66,,7016,86,,,1,30,,7017,86,,,1,70,,7018,86,,,1,30,,7019,86,,,1,64,,7020,86,,,1
9601,'2',907,,7022,86,,,1,99,,7023,86,,,1,103,,7024,86,,,1,99,,7025,86,,,1,99,,7026,86,,,1,96,,7027,86,,,1,99,,7028,86,,,1,99,,7029,86,,,1,99,,7030,86,,,1,59,,7031,86,,,1,87,,7032,86,,,1,90,,7033,86,,,1,97,,7034,86,,,1
9601,'3',1007,,7035,86,,,1,94,,7036,86,,,1,54,,7037,86,,,1,94,,7038,86,,,1,94,,7039,86,,,1,94,,7040,86,,,1,96,,7041,86,,,1,94,,7042,86,,,1,88,,7043,86,,,1,94,,7044,86,,,1,92,,7045,86,,,1,54,,7046,86,,,1
9601,'80',1007,,7047,86,,,1,94,,7048,86,,,1,54,,7049,86,,,1,94,,7050,86,,,1,94,,7051,86,,,1,94,,7052,86,,,1,96,,7053,86,,,1,94,,7054,86,,,1,88,,7055,86,,,1,94,,7056,86,,,1,92,,7057,86,,,1,54,,7058,86,,,1
9601,'81',1007,,7059,86,,,1,94,,7060,86,,,1,54,,7061,86,,,1,94,,7062,86,,,1,94,,7063,86,,,1,94,,7064,86,,,1,96,,7065,86,,,1,94,,7066,86,,,1,88,,7067,86,,,1,94,,7068,86,,,1,92,,7069,86,,,1,54,,7070,86,,,1
10701,'1',538,,8063,33,,,1,64,,8062,33,,,1,31,,8061,33,,,1,24,,8060,33,,,1,64,,8059,33,,,1,19,,8058,33,,,1,60,,8057,33,,,1,12,,8056,33,,,1,20,,8055,33,,,1,16,,8054,33,,,1,56,,8053,33,,,1,10,,8052,33,,,1,41,,8039,33,,,1,80,,8047,33,,,1,82,,8045,33,,,1,42,,8044,33,,,1,82,,8043,33,,,1,89,,8042,33,,,1,82,,8041,33,,,1,28,,8051,33,,,1,14,,8040,33,,,1,63,,8038,33,,,1,22,,8037,33,,,1,18,,8036,33,,,1,58,,8035,33,,,1,22,,8034,33,,,1,18,,8033,33,,,1,58,,8032,33,,,1,21,,8031,33,,,1,18,,8030,33,,,1,58,,8029,33,,,1,15,,8028,33,,,1,14,,8027,33,,,1,18,,8026,33,,,1,66,,8025,33,,,1,18,,8023,33,,,1,78,,8046,33,,,1,81,,8024,33,,,1,33,,8073,33,,,1,78,,8072,33,,,1,32,,8071,33,,,1,74,,8070,33,,,1,34,,8069,33,,,1,74,,8068,33,,,1,34,,8067,33,,,1,74,,8066,33,,,1,74,,8065,33,,,1,34,,8064,33,,,1
10701,'2',712,,8100,33,,,1,39,,8101,33,,,1,77,,8102,33,,,1,77,,8103,33,,,1,37,,8104,33,,,1,77,,8105,33,,,1,37,,8106,33,,,1,77,,8107,33,,,1,77,,8108,33,,,1,37,,8109,33,,,1,76,,8077,33,,,1,77,,8078,33,,,1,36,,8080,33,,,1,77,,8081,33,,,1,37,,8082,33,,,1,77,,8083,33,,,1,75,,8084,33,,,1,37,,8085,33,,,1,77,,8086,33,,,1,37,,8087,33,,,1,77,,8088,33,,,1,77,,8089,33,,,1,37,,8090,33,,,1,77,,8091,33,,,1,37,,8092,33,,,1,77,,8079,33,,,1,77,,8093,33,,,1,37,,8094,33,,,1,77,,8095,33,,,1,77,,8096,33,,,1,35,,8076,33,,,1,75,,8097,33,,,1
10701,'3',751,,8122,33,,,1,77,,8123,33,,,1,74,,8124,33,,,1,37,,8125,33,,,1,78,,8126,33,,,1,37,,8127,33,,,1,77,,8121,33,,,1,77,,8128,33,,,1,37,,8129,33,,,1,77,,8130,33,,,1,37,,8131,33,,,1,76,,8132,33,,,1,75,,8133,33,,,1,37,,8134,33,,,1,77,,8135,33,,,1,77,,8137,33,,,1,37,,8138,33,,,1,77,,8136,33,,,1,37,,8118,33,,,1,77,,8139,33,,,1,77,,8140,33,,,1,37,,8141,33,,,1,77,,8142,33,,,1,37,,8110,33,,,1,77,,8111,33,,,1,77,,8112,33,,,1,37,,8113,33,,,1,77,,8114,33,,,1,76,,8115,33,,,1,37,,8116,33,,,1,77,,8117,33,,,1
10701,'80',751,,8155,33,,,1,77,,8156,33,,,1,74,,8157,33,,,1,37,,8158,33,,,1,78,,8159,33,,,1,37,,8160,33,,,1,77,,8154,33,,,1,77,,8161,33,,,1,37,,8162,33,,,1,77,,8163,33,,,1,37,,8164,33,,,1,76,,8165,33,,,1,75,,8166,33,,,1,37,,8167,33,,,1,77,,8168,33,,,1,77,,8170,33,,,1,37,,8171,33,,,1,77,,8169,33,,,1,37,,8151,33,,,1,77,,8172,33,,,1,77,,8173,33,,,1,37,,8174,33,,,1,77,,8175,33,,,1,37,,8143,33,,,1,77,,8144,33,,,1,77,,8145,33,,,1,37,,8146,33,,,1,77,,8147,33,,,1,76,,8148,33,,,1,37,,8149,33,,,1,77,,8150,33,,,1
10701,'81',751,,8188,33,,,1,77,,8189,33,,,1,74,,8190,33,,,1,37,,8191,33,,,1,78,,8192,33,,,1,37,,8193,33,,,1,77,,8187,33,,,1,77,,8194,33,,,1,37,,8195,33,,,1,77,,8196,33,,,1,37,,8197,33,,,1,76,,8198,33,,,1,75,,8199,33,,,1,37,,8200,33,,,1,77,,8201,33,,,1,77,,8203,33,,,1,37,,8204,33,,,1,77,,8202,33,,,1,37,,8184,33,,,1,77,,8205,33,,,1,77,,8206,33,,,1,37,,8207,33,,,1,77,,8208,33,,,1,37,,8176,33,,,1,77,,8177,33,,,1,77,,8178,33,,,1,37,,8179,33,,,1,77,,8180,33,,,1,76,,8181,33,,,1,37,,8182,33,,,1,77,,8183,33,,,1
1070201,'1',558,,11731,26,,,1,52,,11730,26,,,1,12,,11729,26,,,1,12,,11728,26,,,1,12,,11727,26,,,1,12,,11726,26,,,1,52,,11725,26,,,1,21,,11724,26,,,1,12,,11723,26,,,1,12,,11722,26,,,1,52,,11721,26,,,1,12,,11720,26,,,1,10,,11719,26,,,1,12,,11718,26,,,1,12,,11717,26,,,1,72,,11705,26,,,1,26,,11714,26,,,1,66,,11716,26,,,1,23,,11715,26,,,1,66,,11713,26,,,1,26,,11712,26,,,1,26,,11711,26,,,1,67,,11710,26,,,1,26,,11709,26,,,1,66,,11708,26,,,1,27,,11707,26,,,1,66,,11706,26,,,1,24,,11747,26,,,1,16,,11746,26,,,1,56,,11732,26,,,1,18,,11733,26,,,1,16,,11734,26,,,1,16,,11735,26,,,1,56,,11736,26,,,1,21,,11737,26,,,1,16,,11738,26,,,1,56,,11739,26,,,1,23,,11740,26,,,1,16,,11741,26,,,1,59,,11742,26,,,1,19,,11743,26,,,1,13,,11744,26,,,1,78,,11745,26,,,1
