300,'1',455,,442,30,0,21 22 23 3 24,1,71,,443,30,0,21 22 23 3 24,1,86,,418,48,0,21 22 23 3 24,1,32,,419,48,0,21 22 23 3 24,1,74,,420,48,0,21 22 23 3 24,1,37,,421,48,0,21 22 23 3 24,1,72,,422,48,0,21 22 23 3 24,1,77,,423,48,0,21 22 23 3 24,1,26,,424,48,0,21 22 23 3 24,1,72,,425,48,0,21 22 23 3 24,1,26,,426,48,0,21 22 23 3 24,1,88,,427,48,0,21 22 23 3 24,1,86,,428,48,0,21 22 23 3 24,1,46,,429,48,0,21 22 23 3 24,1,86,,430,48,0,21 22 23 3 24,1,86,,431,48,0,21 22 23 3 24,1,89,,432,48,0,21 22 23 3 24,1,38,,433,48,0,21 22 23 3 24,1,72,,434,48,0,21 22 23 3 24,1,32,,435,48,0,21 22 23 3 24,1,72,,436,48,0,21 22 23 3 24,1,32,,437,48,0,21 22 23 3 24,1,72,,438,48,0,21 22 23 3 24,1,27,,439,48,0,21 22 23 3 24,1,72,,440,48,0,21 22 23 3 24,1,28,,441,48,0,21 22 23 3 24,1,72,,444,48,0,21 22 23 3 24,1,83,,445,48,0,21 22 23 3 24,1,41,,446,48,0,21 22 23 3 24,1
300,'2',834,,452,13,0,21 22 23 3 24,1,101,,451,48,0,21 22 23 3 24,1,105,,453,48,0,21 22 23 3 24,1,105,,454,48,0,21 22 23 3 24,1,105,,455,48,0,21 22 23 3 24,1,105,,456,48,0,21 22 23 3 24,1,147,,457,48,0,21 22 23 3 24,1,105,,458,48,0,21 22 23 3 24,1,106,,459,48,0,21 22 23 3 24,1,106,,460,48,0,21 22 23 3 24,1,103,,461,48,0,21 22 23 3 24,1,102,,462,48,0,21 22 23 3 24,1,99,,463,48,0,21 22 23 3 24,1,102,,450,48,0,21 22 23 3 24,1
300,'3',953,,465,13,0,21 22 23 3 24,1,100,,477,48,0,21 22 23 3 24,1,104,,476,48,0,21 22 23 3 24,1,102,,475,48,0,21 22 23 3 24,1,142,,474,48,0,21 22 23 3 24,1,99,,473,48,0,21 22 23 3 24,1,102,,472,48,0,21 22 23 3 24,1,102,,471,48,0,21 22 23 3 24,1,102,,470,48,0,21 22 23 3 24,1,102,,469,48,0,21 22 23 3 24,1,99,,468,48,0,21 22 23 3 24,1,99,,467,48,0,21 22 23 3 24,1,98,,466,48,0,21 22 23 3 24,1
300,'80',953,,479,13,0,21 22 23 3 24,1,100,,491,48,0,21 22 23 3 24,1,104,,490,48,0,21 22 23 3 24,1,102,,489,48,0,21 22 23 3 24,1,142,,488,48,0,21 22 23 3 24,1,99,,487,48,0,21 22 23 3 24,1,102,,486,48,0,21 22 23 3 24,1,102,,485,48,0,21 22 23 3 24,1,102,,484,48,0,21 22 23 3 24,1,102,,483,48,0,21 22 23 3 24,1,99,,482,48,0,21 22 23 3 24,1,99,,481,48,0,21 22 23 3 24,1,98,,480,48,0,21 22 23 3 24,1
300,'81',953,,493,13,0,21 22 23 3 24,1,100,,505,48,0,21 22 23 3 24,1,104,,504,48,0,21 22 23 3 24,1,102,,503,48,0,21 22 23 3 24,1,142,,502,48,0,21 22 23 3 24,1,99,,501,48,0,21 22 23 3 24,1,102,,500,48,0,21 22 23 3 24,1,102,,499,48,0,21 22 23 3 24,1,102,,498,48,0,21 22 23 3 24,1,102,,497,48,0,21 22 23 3 24,1,99,,496,48,0,21 22 23 3 24,1,99,,495,48,0,21 22 23 3 24,1,98,,494,48,0,21 22 23 3 24,1
9100,'1',600,,6492,21,,,1,11,,6493,21,,,1,12,,6494,21,,,1,11,,6495,21,,,1,11,,6496,21,,,1,11,,6497,21,,,1,51,,6498,21,,,1,12,,6506,21,,,1,12,,6507,21,,,1,12,,6508,21,,,1,16,,6509,21,,,1,52,,6510,21,,,1,12,,6511,21,,,1,12,,6512,21,,,1,12,,6513,21,,,1,12,,6514,21,,,1,52,,6515,21,,,1,11,,6516,21,,,1,12,,6517,21,,,1,12,,6518,21,,,1,11,,6519,21,,,1,52,,6520,21,,,1,24,,6521,21,,,1,25,,6522,21,,,1,66,,6523,21,,,1,25,,6524,21,,,1,65,,6525,21,,,1,25,,6526,21,,,1,65,,6527,21,,,1,26,,6528,21,,,1,13,,6529,21,,,1,13,,6530,21,,,1,53,,6531,21,,,1,13,,6532,21,,,1,13,,6533,21,,,1,13,,6534,21,,,1,53,,6535,21,,,1,7,,6570,3,,,1,2,,6571,3,,,1,6,,6536,21,,,1,13,,6537,21,,,1,13,,6538,21,,,1,13,,6539,21,,,1,53,,6540,21,,,1,16,,6541,21,,,1,14,,6542,21,,,1,14,,6543,21,,,1,54,,6544,21,,,1,16,,6545,21,,,1,14,,6546,21,,,1,13,,6547,21,,,1,54,,6548,21,,,1,13,,6549,21,,,1,14,,6550,21,,,1,14,,6551,21,,,1,11,,6552,21,,,1,54,,6553,21,,,1,13,,6554,21,,,1,23,,6555,21,,,1,59,,6556,21,,,1,23,,6557,21,,,1,23,,6558,21,,,1,62,,6559,21,,,1,23,,6560,21,,,1,22,,6561,21,,,1,63,,6562,21,,,1,23,,6563,21,,,1,63,,6564,21,,,1,23,,6565,21,,,1,23,,6566,21,,,1,63,,6567,21,,,1,23,,6568,21,,,1,63,,6569,21,,,1
9100,'2',659,,6574,21,,,1,62,,6575,21,,,1,22,,6576,21,,,1,62,,6577,21,,,1,24,,6578,21,,,1,22,,6579,21,,,1,62,,6580,21,,,1,22,,6581,21,,,1,22,,6582,21,,,1,65,,6583,21,,,1,25,,6584,21,,,1,65,,6585,21,,,1,27,,6586,21,,,1,65,,6587,21,,,1,25,,6588,21,,,1,25,,6589,21,,,1,65,,6590,21,,,1,25,,6591,21,,,1,65,,6592,21,,,1,25,,6593,21,,,1,25,,6594,21,,,1,65,,6595,21,,,1,25,,6596,21,,,1,65,,6597,21,,,1,25,,6598,21,,,1,65,,6599,21,,,1,25,,6600,21,,,1,25,,6601,21,,,1,65,,6602,21,,,1,25,,6603,21,,,1,65,,6604,21,,,1,23,,6605,21,,,1,25,,6606,21,,,1,69,,6607,21,,,1,29,,6608,21,,,1,69,,6609,21,,,1,29,,6610,21,,,1,69,,6611,21,,,1,26,,6612,21,,,1,69,,6613,21,,,1
9100,'3',703,,6614,21,,,1,116,,6615,21,,,1,87,,6616,21,,,1,37,,6617,21,,,1,67,,6618,21,,,1,32,,6619,21,,,1,74,,6620,21,,,1,32,,6621,21,,,1,73,,6622,21,,,1,32,,6623,21,,,1,72,,6624,21,,,1,32,,6625,21,,,1,71,,6626,21,,,1,73,,6627,21,,,1,32,,6628,21,,,1,71,,6629,21,,,1,32,,6630,21,,,1,72,,6631,21,,,1,32,,6632,21,,,1,72,,6633,21,,,1,32,,6634,21,,,1,70,,6635,21,,,1,41,,6636,21,,,1,82,,6637,21,,,1,82,,6638,21,,,1,81,,6639,21,,,1,42,,6640,21,,,1,78,,6641,21,,,1,32,,6642,21,,,1,76,,6643,21,,,1
9100,'80',703,,6644,21,,,1,116,,6645,21,,,1,87,,6646,21,,,1,37,,6647,21,,,1,67,,6648,21,,,1,32,,6649,21,,,1,74,,6650,21,,,1,32,,6651,21,,,1,73,,6652,21,,,1,32,,6653,21,,,1,72,,6654,21,,,1,32,,6655,21,,,1,71,,6656,21,,,1,73,,6657,21,,,1,32,,6658,21,,,1,71,,6659,21,,,1,32,,6660,21,,,1,72,,6661,21,,,1,32,,6662,21,,,1,72,,6663,21,,,1,32,,6664,21,,,1,70,,6665,21,,,1,41,,6666,21,,,1,82,,6667,21,,,1,82,,6668,21,,,1,81,,6669,21,,,1,42,,6670,21,,,1,78,,6671,21,,,1,32,,6672,21,,,1,76,,6673,21,,,1
9100,'81',703,,6674,21,,,1,116,,6675,21,,,1,87,,6676,21,,,1,37,,6677,21,,,1,67,,6678,21,,,1,32,,6679,21,,,1,74,,6680,21,,,1,32,,6681,21,,,1,73,,6682,21,,,1,32,,6683,21,,,1,72,,6684,21,,,1,32,,6685,21,,,1,71,,6686,21,,,1,73,,6687,21,,,1,32,,6688,21,,,1,71,,6689,21,,,1,32,,6690,21,,,1,72,,6691,21,,,1,32,,6692,21,,,1,72,,6693,21,,,1,32,,6694,21,,,1,70,,6695,21,,,1,41,,6696,21,,,1,82,,6697,21,,,1,82,,6698,21,,,1,81,,6699,21,,,1,42,,6700,21,,,1,78,,6701,21,,,1,32,,6702,21,,,1,76,,6703,21,,,1
41300,'24611.1',756,,9221,23,,,1
