9600,'1',716,,18524,91,,,1,88,,18523,91,,,1,31,,18522,91,,,1,77,,18521,91,,,1,27,,18520,91,,,1,73,,18517,91,,,1,34,,18518,91,,,1,70,,18519,91,,,1,32,,18532,91,,,1,69,,18531,87,,,1,39,,18525,87,,,1,79,,18526,87,,,1,79,,18527,87,,,1,87,,18528,87,,,1,25,,18529,87,,,1,90,,18530,91,,,1,43,,18538,91,,,1,67,,18537,91,,,1,32,,18536,91,,,1,61,,18533,91,,,1,27,,18534,91,,,1,61,,18535,91,,,1,27,,18541,91,,,1,18,,18542,91,,,1,52,,18552,91,,,1,11,,18540,91,,,1,25,,18539,91,,,1,70,,18549,87,,,1,30,,18548,87,,,1,15,,18551,87,,,1,51,,18543,87,,,1,30,,18544,87,,,1,69,,18545,87,,,1,28,,18546,87,,,1,70,,18547,87,,,1,17,,18550,87,,,1
9600,'2',1037,,18553,87,,,1,103,,18554,87,,,1,99,,18555,87,,,1,96,,18556,87,,,1,99,,18557,87,,,1,99,,18558,87,,,1,97,,18559,87,,,1,99,,18560,87,,,1,93,,18561,87,,,1,97,,18562,87,,,1,87,,18563,87,,,1,41,,18564,87,,,1,97,,18565,87,,,1
9600,'3',1127,,18566,87,,,1,94,,18567,87,,,1,94,,18568,87,,,1,94,,18569,87,,,1,94,,18570,87,,,1,54,,18571,87,,,1,94,,18572,87,,,1,94,,18573,87,,,1,91,,18574,87,,,1,94,,18575,87,,,1,94,,18576,87,,,1,89,,18577,87,,,1
9600,'80',1127,,18578,87,,,1,94,,18579,87,,,1,94,,18580,87,,,1,94,,18581,87,,,1,94,,18582,87,,,1,54,,18583,87,,,1,94,,18584,87,,,1,94,,18585,87,,,1,91,,18586,87,,,1,94,,18587,87,,,1,94,,18588,87,,,1,89,,18589,87,,,1
9800,'1',631,,18683,43,,,1,75,,18682,43,,,1,34,,18681,43,,,1,75,,18680,43,,,1,35,,18679,43,,,1,75,,18678,43,,,1,98,,18674,43,,,1,98,,18671,43,,,1,96,,18676,43,,,1,98,,18675,43,,,1,40,,18663,43,,,1,79,,18673,43,,,1,80,,18672,43,,,1,40,,18670,43,,,1,80,,18669,43,,,1,80,,18668,43,,,1,44,,18667,43,,,1,80,,18666,43,,,1,92,,18665,43,,,1,91,,18664,43,,,1,88,,18677,43,,,1
9800,'2',629,,18701,43,,,1,86,,18700,43,,,1,85,,18699,43,,,1,54,,18698,43,,,1,93,,18697,43,,,1,92,,18696,43,,,1,94,,18695,43,,,1,98,,18694,43,,,1,98,,18693,43,,,1,97,,18692,43,,,1,98,,18691,43,,,1,98,,18690,43,,,1,99,,18689,43,,,1,100,,18688,43,,,1,89,,18687,43,,,1,92,,18686,43,,,1,49,,18685,43,,,1,85,,18684,43,,,1
9800,'3',813,,18717,43,,,1,88,,18716,43,,,1,48,,18715,43,,,1,93,,18714,43,,,1,93,,18713,43,,,1,91,,18712,43,,,1,93,,18711,43,,,1,93,,18710,43,,,1,93,,18709,43,,,1,53,,18708,43,,,1,93,,18707,43,,,1,95,,18706,43,,,1,88,,18705,43,,,1,90,,18704,43,,,1,87,,18703,43,,,1,48,,18702,43,,,1
9800,'80',813,,18733,43,,,1,88,,18732,43,,,1,48,,18731,43,,,1,93,,18730,43,,,1,93,,18729,43,,,1,91,,18728,43,,,1,93,,18727,43,,,1,93,,18726,43,,,1,93,,18725,43,,,1,53,,18724,43,,,1,93,,18723,43,,,1,95,,18722,43,,,1,88,,18721,43,,,1,90,,18720,43,,,1,87,,18719,43,,,1,48,,18718,43,,,1
989900,'1',2134,,22653,86,,,1,73,,22654,86,,,1,38,,22655,86,,,1,78,,22656,86,,,1,35,,22657,86,,,1,72,,22658,86,,,1,75,,22659,86,,,1,35,,22660,86,,,1,74,,22661,86,0,5 6,1,35,,22662,86,0,5 6,1,79,,22663,86,0,5 6,1
989900,'2',2139,,22664,86,,,1,94,,22665,86,,,1,85,,22666,86,,,1,91,,22667,86,,,1,46,,22668,86,,,1,86,,22669,86,,,1,82,,22670,86,0,5 6,1,86,,22671,86,0,5 6,1,46,,22672,86,0,5 6,1
989900,'3',2153,,22673,86,,,1,90,,22674,86,,,1,85,,22675,86,,,1,90,,22676,86,,,1,40,,22677,86,,,1,83,,22678,86,,,1,78,,22679,86,0,5 6,1,83,,22680,86,0,5 6,1,43,,22681,86,0,5 6,1
989900,'80',2153,,22682,86,,,1,90,,22683,86,,,1,85,,22684,86,,,1,90,,22685,86,,,1,40,,22686,86,,,1,83,,22687,86,,,1,78,,22688,86,0,5 6,1,83,,22689,86,0,5 6,1,43,,22690,86,0,5 6,1
