301,'1',543,,24203,41,,,1,72,,24204,41,,,1,35,,24205,41,,,1,73,,24206,41,,,1,32,,24207,41,,,1,77,,24208,41,,,1,72,,24209,41,,,1,27,,24210,41,,,1,72,,24202,41,,,1,37,,24226,41,,,1,86,,24211,41,,,1,86,,24212,41,,,1,46,,24213,41,,,1,86,,24214,41,,,1,86,,24215,41,,,1,89,,24216,41,,,1,27,,24217,41,,,1,72,,24218,41,,,1,32,,24219,41,,,1,72,,24220,41,,,1,31,,24221,41,,,1,72,,24222,41,,,1,28,,24223,41,,,1,72,,24224,41,,,1,26,,24225,41,,,1,69,,24231,41,,,1,26,,24228,41,,,1,83,,24229,41,,,1
301,'2',822,,24234,41,,,1,103,,24233,41,,,1,104,,24238,41,,,1,105,,24235,41,,,1,105,,24236,41,,,1,105,,24237,41,,,1,105,,24239,41,,,1,106,,24240,41,,,1,146,,24241,41,,,1,106,,24242,41,,,1,105,,24243,41,,,1,102,,24244,41,,,1,102,,24245,41,,,1
301,'3',941,,24253,41,,,1,102,,24252,41,,,1,102,,24251,41,,,1,102,,24250,41,,,1,102,,24249,41,,,1,102,,24248,41,,,1,102,,24247,41,,,1,102,,24246,41,,,1,102,,24258,41,,,1,102,,24257,41,,,1,99,,24256,41,,,1,98,,24255,41,,,1
301,'74',822,,24261,41,,,1,103,,24260,41,,,1,104,,24265,41,,,1,105,,24262,41,,,1,105,,24263,41,,,1,105,,24264,41,,,1,105,,24266,41,,,1,106,,24267,41,,,1,146,,24268,41,,,1,106,,24269,41,,,1,105,,24270,41,,,1,102,,24271,41,,,1,102,,24272,41,,,1
301,'80',941,,24276,41,,,1,102,,24275,41,,,1,102,,24274,41,,,1,102,,24273,41,,,1,102,,24280,41,,,1,102,,24279,41,,,1,102,,24278,41,,,1,102,,24277,41,,,1,102,,24285,41,,,1,102,,24284,41,,,1,99,,24283,41,,,1,98,,24282,41,,,1
9901,'1',421,,31722,34,,,1,81,,31723,34,,,1,40,,31724,34,,,1,82,,31725,34,,,1,81,,31726,34,,,1,35,,31727,34,,,1,71,,31728,34,,,1,43,,31729,34,,,1,72,,31730,34,,,1,75,,31731,34,,,1,54,,31732,34,,,1,99,,31733,34,,,1,94,,31734,34,,,1,94,,31735,34,,,1,100,,31736,34,,,1,67,,31737,34,,,1,30,,31738,34,,,1,70,,31739,34,,,1,30,,31740,34,,,1,70,,31741,34,,,1,30,,31742,34,,,1,70,,31743,34,,,1,26,,31744,34,,,1,70,,31745,34,,,1,26,,31746,34,,,1,70,,31747,34,,,1,30,,31748,34,,,1,25,,31749,34,,,1,71,,31750,34,,,1,85,,31751,34,,,1
9901,'2',543,,31752,34,,,1,77,,31753,34,,,1,37,,31754,34,,,1,77,,31755,34,,,1,87,,31756,34,,,1,92,,31757,34,,,1,88,,31758,34,,,1,47,,31759,34,,,1,103,,31760,34,,,1,97,,31761,34,,,1,95,,31762,34,,,1,95,,31763,34,,,1,95,,31764,34,,,1,95,,31765,34,,,1,92,,31766,34,,,1,93,,31767,34,,,1,95,,31768,34,,,1,51,,31769,34,,,1,85,,31770,34,,,1,85,,31771,34,,,1
9901,'3',547,,31772,34,,,1,81,,31773,34,,,1,78,,31774,34,,,1,38,,31775,34,,,1,78,,31776,34,,,1,93,,31777,34,,,1,89,,31778,34,,,1,49,,31779,34,,,1,89,,31780,34,,,1,93,,31781,34,,,1,89,,31782,34,,,1,89,,31783,34,,,1,89,,31784,34,,,1,49,,31785,34,,,1,89,,31786,34,,,1,89,,31787,34,,,1,85,,31788,34,,,1,89,,31789,34,,,1,49,,31790,34,,,1,86,,31791,34,,,1,89,,31792,34,,,1,79,,31793,34,,,1
9901,'74',543,,31794,34,,,1,77,,31795,34,,,1,37,,31796,34,,,1,77,,31797,34,,,1,87,,31798,34,,,1,92,,31799,34,,,1,88,,31800,34,,,1,47,,31801,34,,,1,103,,31802,34,,,1,97,,31803,34,,,1,95,,31804,34,,,1,95,,31805,34,,,1,95,,31806,34,,,1,95,,31807,34,,,1,92,,31808,34,,,1,93,,31809,34,,,1,95,,31810,34,,,1,51,,31811,34,,,1,85,,31812,34,,,1,85,,31813,34,,,1
9901,'80',547,,31814,34,,,1,81,,31815,34,,,1,78,,31816,34,,,1,38,,31817,34,,,1,78,,31818,34,,,1,93,,31819,34,,,1,89,,31820,34,,,1,49,,31821,34,,,1,89,,31822,34,,,1,93,,31823,34,,,1,89,,31824,34,,,1,89,,31825,34,,,1,89,,31826,34,,,1,49,,31827,34,,,1,89,,31828,34,,,1,89,,31829,34,,,1,85,,31830,34,,,1,89,,31831,34,,,1,49,,31832,34,,,1,86,,31833,34,,,1,89,,31834,34,,,1,79,,31835,34,,,1
36001,'1',1006,,33821,15,,,1,29,,33822,15,,,1,70,,33823,15,,,1,27,,33824,15,,,1,25,,33837,15,,,1,83,,33836,15,,,1,84,,33825,15,,,1,84,,33826,15,,,1,44,,33827,15,,,1,87,,33828,15,,,1,84,,33829,15,,,1,88,,33830,15,,,1,42,,33831,15,,,1,82,,33832,15,,,1,84,,33833,15,,,1,85,,33834,15,,,1,41,,33835,15,,,1,84,,33843,15,,,1,26,,33842,15,,,1,66,,33838,15,,,1,26,,33839,15,,,1,66,,33840,15,,,1,26,,33841,15,,,1
36001,'2',1005,,33844,15,,,1,23,,33845,15,,,1,23,,33846,15,,,1,63,,33847,15,,,1,23,,33848,15,,,1,21,,33849,15,,,1,63,,33850,15,,,1,25,,33851,15,,,1,63,,33852,15,,,1,23,,33853,15,,,1,23,,33854,15,,,1,62,,33855,15,,,1,23,,33856,15,,,1,63,,33857,15,,,1,23,,33858,15,,,1,23,,33859,15,,,1,63,,33860,15,,,1,23,,33861,15,,,1,65,,33862,15,,,1,23,,33863,15,,,1,20,,33864,15,,,1,64,,33865,15,,,1,23,,33866,15,,,1,28,,33879,15,,,1,64,,33878,15,,,1,20,,33867,15,,,1,64,,33868,15,,,1,24,,33869,15,,,1,26,,33870,15,,,1,63,,33871,15,,,1,21,,33872,15,,,1,64,,33873,15,,,1,24,,33874,15,,,1,24,,33875,15,,,1,64,,33876,15,,,1,24,,33877,15,,,1
36001,'3',958,,33880,15,,,1,62,,33881,15,,,1,22,,33882,15,,,1,62,,33883,15,,,1,20,,33884,15,,,1,22,,33885,15,,,1,63,,33886,15,,,1,22,,33887,15,,,1,22,,33888,15,,,1,62,,33889,15,,,1,23,,33890,15,,,1,62,,33891,15,,,1,22,,33892,15,,,1,20,,33893,15,,,1,66,,33894,15,,,1,22,,33895,15,,,1,22,,33896,15,,,1,62,,33897,15,,,1,22,,33898,15,,,1,22,,33899,15,,,1,62,,33900,15,,,1,22,,33901,15,,,1,63,,33902,15,,,1,22,,33903,15,,,1,22,,33904,15,,,1,67,,33905,15,,,1,21,,33917,15,,,1,17,,33916,15,,,1,62,,33906,15,,,1,23,,33907,15,,,1,63,,33908,15,,,1,23,,33909,15,,,1,23,,33910,15,,,1,61,,33911,15,,,1,23,,33912,15,,,1,23,,33913,15,,,1,63,,33914,15,,,1,23,,33915,15,,,1
36001,'74',1005,,33918,15,,,1,23,,33919,15,,,1,23,,33920,15,,,1,63,,33921,15,,,1,23,,33922,15,,,1,21,,33923,15,,,1,63,,33924,15,,,1,25,,33925,15,,,1,63,,33926,15,,,1,23,,33927,15,,,1,23,,33928,15,,,1,62,,33929,15,,,1,23,,33930,15,,,1,63,,33931,15,,,1,23,,33932,15,,,1,23,,33933,15,,,1,63,,33934,15,,,1,23,,33935,15,,,1,65,,33936,15,,,1,23,,33937,15,,,1,20,,33938,15,,,1,64,,33939,15,,,1,23,,33940,15,,,1,28,,33942,15,,,1,64,,33941,15,,,1,20,,33943,15,,,1,64,,33944,15,,,1,24,,33945,15,,,1,26,,33946,15,,,1,63,,33947,15,,,1,21,,33948,15,,,1,64,,33949,15,,,1,24,,33950,15,,,1,24,,33951,15,,,1,64,,33952,15,,,1,24,,33953,15,,,1,64,,33954,15,,,1
36001,'80',958,,33955,15,,,1,62,,33956,15,,,1,22,,33957,15,,,1,62,,33958,15,,,1,20,,33959,15,,,1,22,,33960,15,,,1,63,,33961,15,,,1,22,,33962,15,,,1,22,,33963,15,,,1,62,,33964,15,,,1,23,,33965,15,,,1,62,,33966,15,,,1,22,,33967,15,,,1,20,,33968,15,,,1,66,,33969,15,,,1,22,,33970,15,,,1,22,,33971,15,,,1,62,,33972,15,,,1,22,,33973,15,,,1,22,,33974,15,,,1,62,,33975,15,,,1,22,,33976,15,,,1,63,,33977,15,,,1,22,,33978,15,,,1,22,,33979,15,,,1,67,,33980,15,,,1,21,,33992,15,,,1,17,,33991,15,,,1,62,,33981,15,,,1,23,,33982,15,,,1,63,,33983,15,,,1,23,,33984,15,,,1,23,,33985,15,,,1,61,,33986,15,,,1,23,,33987,15,,,1,23,,33988,15,,,1,63,,33989,15,,,1,23,,33990,15,,,1
60101,'1',533,,34498,24,,,1,11,,34497,24,,,1,11,,34496,24,,,1,51,,34495,24,,,1,14,,34494,24,,,1,11,,34493,24,,,1,11,,34492,24,,,1,10,,34491,24,,,1,51,,34490,24,,,1,14,,34489,24,,,1,10,,34488,24,,,1,11,,34487,24,,,1,15,,34411,24,,,1,50,,34412,24,,,1,11,,34413,24,,,1,11,,34414,24,,,1,11,,34415,24,,,1,14,,34416,24,,,1,51,,34417,24,,,1,11,,34418,24,,,1,11,,34419,24,,,1,9,,34420,24,,,1,9,,34421,24,,,1,11,,34422,24,,,1,51,,34423,24,,,1,11,,34424,24,,,1,11,,34425,24,,,1,12,,34426,24,,,1,11,,34427,24,,,1,53,,34428,24,,,1,11,,34429,24,,,1,11,,34445,24,,,1,16,,34444,24,,,1,16,,34443,24,,,1,56,,34442,24,,,1,16,,34441,24,,,1,16,,34440,24,,,1,16,,34430,24,,,1,56,,34431,24,,,1,16,,34432,24,,,1,16,,34433,24,,,1,56,,34434,24,,,1,16,,34435,24,,,1,16,,34436,24,,,1,16,,34437,24,,,1,58,,34438,24,,,1,16,,34439,24,,,1,14,,34472,24,,,1,12,,34471,24,,,1,55,,34470,24,,,1,12,,34469,24,,,1,12,,34468,24,,,1,12,,34467,24,,,1,12,,34446,24,,,1,52,,34447,24,,,1,12,,34448,24,,,1,12,,34449,24,,,1,12,,34450,24,,,1,12,,34451,24,,,1,52,,34452,24,,,1,12,,34453,24,,,1,12,,34454,24,,,1,11,,34455,24,,,1,10,,34456,24,,,1,51,,34457,24,,,1,12,,34458,24,,,1,9,,34459,24,,,1,12,,34460,24,,,1,12,,34461,24,,,1,12,,34462,24,,,1,52,,34463,24,,,1,8,,34464,24,,,1,12,,34465,24,,,1,12,,34466,24,,,1,65,,34480,24,,,1,15,,34479,24,,,1,18,,34478,24,,,1,18,,34477,24,,,1,55,,34476,24,,,1,18,,34473,24,,,1,18,,34474,24,,,1,58,,34475,24,,,1,15,,34486,24,,,1,11,,34485,24,,,1,19,,34484,24,,,1,59,,34481,24,,,1,15,,34482,24,,,1,16,,34483,24,,,1
60101,'2',655,,34567,24,,,1,57,,34499,24,,,1,17,,34500,24,,,1,21,,34501,24,,,1,57,,34502,24,,,1,18,,34520,24,,,1,16,,34519,24,,,1,59,,34518,24,,,1,16,,34517,24,,,1,16,,34516,24,,,1,15,,34503,24,,,1,59,,34504,24,,,1,16,,34505,24,,,1,18,,34506,24,,,1,16,,34507,24,,,1,56,,34508,24,,,1,16,,34509,24,,,1,21,,34510,24,,,1,56,,34511,24,,,1,16,,34512,24,,,1,16,,34513,24,,,1,16,,34514,24,,,1,55,,34515,24,,,1,14,,34552,24,,,1,15,,34551,24,,,1,15,,34550,24,,,1,55,,34549,24,,,1,15,,34548,24,,,1,15,,34547,24,,,1,15,,34521,24,,,1,55,,34522,24,,,1,15,,34523,24,,,1,15,,34524,24,,,1,15,,34525,24,,,1,55,,34526,24,,,1,15,,34527,24,,,1,15,,34528,24,,,1,15,,34529,24,,,1,55,,34530,24,,,1,15,,34531,24,,,1,15,,34532,24,,,1,15,,34533,24,,,1,55,,34534,24,,,1,15,,34535,24,,,1,15,,34536,24,,,1,12,,34537,24,,,1,55,,34538,24,,,1,15,,34539,24,,,1,12,,34540,24,,,1,15,,34541,24,,,1,55,,34542,24,,,1,15,,34543,24,,,1,15,,34544,24,,,1,12,,34545,24,,,1,15,,34546,24,,,1,60,,34558,24,,,1,18,,34557,24,,,1,15,,34556,24,,,1,58,,34555,24,,,1,14,,34553,24,,,1,18,,34554,24,,,1,60,,34566,24,,,1,16,,34565,24,,,1,16,,34564,24,,,1,13,,34563,24,,,1,56,,34562,24,,,1,16,,34559,24,,,1,16,,34560,24,,,1,10,,34561,24,,,1
60101,'3',745,,34568,24,,,1,63,,34569,24,,,1,20,,34570,24,,,1,20,,34571,24,,,1,63,,34572,24,,,1,20,,34573,24,,,1,20,,34574,24,,,1,64,,34575,24,,,1,21,,34576,24,,,1,20,,34577,24,,,1,63,,34578,24,,,1,21,,34579,24,,,1,61,,34580,24,,,1,21,,34581,24,,,1,24,,34582,24,,,1,60,,34583,24,,,1,22,,34584,24,,,1,21,,34585,24,,,1,61,,34586,24,,,1,21,,34587,24,,,1,21,,34588,24,,,1,61,,34589,24,,,1,21,,34590,24,,,1,23,,34591,24,,,1,61,,34592,24,,,1,21,,34593,24,,,1,61,,34594,24,,,1,21,,34595,24,,,1,21,,34596,24,,,1,61,,34597,24,,,1,21,,34598,24,,,1,21,,34599,24,,,1,14,,34600,24,,,1,61,,34601,24,,,1,21,,34602,24,,,1,18,,34603,24,,,1,61,,34604,24,,,1,21,,34605,24,,,1,61,,34606,24,,,1,16,,34607,24,,,1,20,,34608,24,,,1,20,,34609,24,,,1,60,,34610,24,,,1,16,,34611,24,,,1,20,,34612,24,,,1,57,,34613,24,,,1,20,,34614,24,,,1,20,,34615,24,,,1,57,,34616,24,,,1,20,,34617,24,,,1,20,,34618,24,,,1,60,,34619,24,,,1
60101,'74',655,,34648,24,,,1,57,,34620,24,,,1,17,,34621,24,,,1,21,,34622,24,,,1,57,,34623,24,,,1,18,,34641,24,,,1,16,,34640,24,,,1,59,,34639,24,,,1,16,,34638,24,,,1,16,,34637,24,,,1,15,,34624,24,,,1,59,,34625,24,,,1,16,,34626,24,,,1,18,,34627,24,,,1,16,,34628,24,,,1,56,,34629,24,,,1,16,,34630,24,,,1,21,,34631,24,,,1,56,,34632,24,,,1,16,,34633,24,,,1,16,,34634,24,,,1,16,,34635,24,,,1,55,,34636,24,,,1,14,,34647,24,,,1,15,,34646,24,,,1,15,,34645,24,,,1,55,,34644,24,,,1,15,,34643,24,,,1,15,,34642,24,,,1,15,,34649,24,,,1,55,,34650,24,,,1,15,,34651,24,,,1,15,,34652,24,,,1,15,,34653,24,,,1,55,,34654,24,,,1,15,,34655,24,,,1,15,,34656,24,,,1,15,,34657,24,,,1,55,,34658,24,,,1,15,,34659,24,,,1,15,,34660,24,,,1,15,,34661,24,,,1,55,,34662,24,,,1,15,,34663,24,,,1,15,,34664,24,,,1,12,,34665,24,,,1,55,,34666,24,,,1,15,,34667,24,,,1,12,,34668,24,,,1,15,,34669,24,,,1,55,,34670,24,,,1,15,,34671,24,,,1,15,,34672,24,,,1,12,,34673,24,,,1,15,,34674,24,,,1,60,,34680,24,,,1,18,,34679,24,,,1,15,,34678,24,,,1,58,,34677,24,,,1,14,,34675,24,,,1,18,,34676,24,,,1,60,,34688,24,,,1,16,,34687,24,,,1,16,,34686,24,,,1,13,,34685,24,,,1,56,,34684,24,,,1,16,,34681,24,,,1,16,,34682,24,,,1,10,,34683,24,,,1
60101,'80',745,,34689,24,,,1,63,,34690,24,,,1,20,,34691,24,,,1,20,,34692,24,,,1,63,,34693,24,,,1,20,,34694,24,,,1,20,,34695,24,,,1,64,,34696,24,,,1,21,,34697,24,,,1,20,,34698,24,,,1,63,,34699,24,,,1,21,,34700,24,,,1,61,,34701,24,,,1,21,,34702,24,,,1,24,,34703,24,,,1,60,,34704,24,,,1,22,,34705,24,,,1,21,,34706,24,,,1,61,,34707,24,,,1,21,,34708,24,,,1,21,,34709,24,,,1,61,,34710,24,,,1,21,,34711,24,,,1,23,,34712,24,,,1,61,,34713,24,,,1,21,,34714,24,,,1,61,,34715,24,,,1,21,,34716,24,,,1,21,,34717,24,,,1,61,,34718,24,,,1,21,,34719,24,,,1,21,,34720,24,,,1,14,,34721,24,,,1,61,,34722,24,,,1,21,,34723,24,,,1,18,,34724,24,,,1,61,,34725,24,,,1,21,,34726,24,,,1,61,,34727,24,,,1,16,,34728,24,,,1,20,,34729,24,,,1,20,,34730,24,,,1,60,,34731,24,,,1,16,,34732,24,,,1,20,,34733,24,,,1,57,,34734,24,,,1,20,,34735,24,,,1,20,,34736,24,,,1,57,,34737,24,,,1,20,,34738,24,,,1,20,,34739,24,,,1,60,,34740,24,,,1
989901,'1',2247,,36877,89,,,1,69,,36878,89,,,1,38,,36879,89,,,1,74,,36880,89,,,1,75,,36881,89,,,1,29,,36882,89,,,1,75,,36883,89,,,1,35,,36884,89,,,1
989901,'2',2255,,36885,89,,,1,87,,36886,89,,,1,81,,36887,89,,,1,91,,36890,89,,,1,45,,36888,89,,,1,86,,36889,89,,,1
989901,'3',2303,,36891,89,,,1,47,,36892,89,,,1,83,,36893,89,,,1,85,,36894,89,,,1,39,,36895,89,,,1,83,,36896,89,,,1
989901,'74',2255,,36897,89,,,1,87,,36898,89,,,1,81,,36899,89,,,1,91,,36902,89,,,1,45,,36900,89,,,1,86,,36901,89,,,1
989901,'80',2303,,36903,89,,,1,47,,36904,89,,,1,83,,36905,89,,,1,85,,36906,89,,,1,39,,36907,89,,,1,83,,36908,89,,,1
6010201,'1',539,,37296,11,,,1,11,,37295,11,,,1,51,,37294,11,,,1,11,,37293,11,,,1,13,,37292,11,,,1,12,,37291,11,,,1,10,,37290,11,,,1,55,,37289,11,,,1,11,,37288,11,,,1,11,,37287,11,,,1,11,,37286,11,,,1,11,,37285,11,,,1,11,,37228,11,,,1,52,,37229,11,,,1,11,,37230,11,,,1,11,,37231,11,,,1,13,,37232,11,,,1,11,,37233,11,,,1,51,,37234,11,,,1,11,,37235,11,,,1,11,,37236,11,,,1,9,,37237,11,,,1,11,,37238,11,,,1,9,,37239,11,,,1,51,,37240,11,,,1,11,,37241,11,,,1,11,,37242,11,,,1,12,,37243,11,,,1,10,,37244,11,,,1,54,,37245,11,,,1,11,,37246,11,,,1,13,,37247,11,,,1,16,,37248,11,,,1,56,,37249,11,,,1,16,,37250,11,,,1,16,,37251,11,,,1,16,,37252,11,,,1,56,,37253,11,,,1,16,,37254,11,,,1,16,,37255,11,,,1,16,,37256,11,,,1,56,,37257,11,,,1,17,,37258,11,,,1,16,,37259,11,,,1,57,,37260,11,,,1,17,,37261,11,,,1,16,,37262,11,,,1,12,,37263,11,,,1,12,,37264,11,,,1,55,,37265,11,,,1,12,,37266,11,,,1,12,,37267,11,,,1,12,,37268,11,,,1,54,,37269,11,,,1,12,,37270,11,,,1,12,,37271,11,,,1,12,,37272,11,,,1,12,,37273,11,,,1,50,,37274,11,,,1,12,,37275,11,,,1,12,,37276,11,,,1,12,,37277,11,,,1,9,,37278,11,,,1,10,,37279,11,,,1,52,,37280,11,,,1,12,,37281,11,,,1,9,,37282,11,,,1,12,,37283,11,,,1,12,,37284,11,,,1
6010201,'2',907,,37297,11,,,1,16,,37298,11,,,1,16,,37299,11,,,1,20,,37300,11,,,1,56,,37301,11,,,1,16,,37302,11,,,1,16,,37303,11,,,1,56,,37304,11,,,1,18,,37305,11,,,1,16,,37306,11,,,1,18,,37307,11,,,1,56,,37308,11,,,1,16,,37309,11,,,1,16,,37310,11,,,1,16,,37311,11,,,1,58,,37312,11,,,1,13,,37313,11,,,1,15,,37314,11,,,1,55,,37315,11,,,1,15,,37316,11,,,1,15,,37317,11,,,1,15,,37318,11,,,1,55,,37319,11,,,1,15,,37320,11,,,1,15,,37321,11,,,1,15,,37322,11,,,1,55,,37323,11,,,1,15,,37324,11,,,1,15,,37325,11,,,1,15,,37326,11,,,1,55,,37327,11,,,1,15,,37328,11,,,1,15,,37329,11,,,1,15,,37330,11,,,1,55,,37331,11,,,1,13,,37332,11,,,1,15,,37333,11,,,1,14,,37334,11,,,1,15,,37335,11,,,1,54,,37336,11,,,1,14,,37337,11,,,1,12,,37338,11,,,1,15,,37339,11,,,1,55,,37340,11,,,1,15,,37341,11,,,1
6010201,'3',942,,37342,11,,,1,64,,37343,11,,,1,20,,37344,11,,,1,20,,37345,11,,,1,61,,37346,11,,,1,21,,37347,11,,,1,24,,37348,11,,,1,61,,37349,11,,,1,21,,37350,11,,,1,21,,37351,11,,,1,62,,37352,11,,,1,21,,37353,11,,,1,21,,37354,11,,,1,61,,37355,11,,,1,21,,37356,11,,,1,61,,37357,11,,,1,21,,37358,11,,,1,22,,37359,11,,,1,63,,37360,11,,,1,21,,37361,11,,,1,20,,37362,11,,,1,61,,37363,11,,,1,21,,37364,11,,,1,21,,37365,11,,,1,57,,37366,11,,,1,21,,37367,11,,,1,19,,37368,11,,,1,59,,37369,11,,,1,21,,37370,11,,,1,19,,37371,11,,,1,61,,37372,11,,,1,18,,37373,11,,,1,21,,37374,11,,,1
6010201,'74',907,,37375,11,,,1,16,,37376,11,,,1,16,,37377,11,,,1,20,,37378,11,,,1,56,,37379,11,,,1,16,,37380,11,,,1,16,,37381,11,,,1,56,,37382,11,,,1,18,,37383,11,,,1,16,,37384,11,,,1,18,,37385,11,,,1,56,,37386,11,,,1,16,,37387,11,,,1,16,,37388,11,,,1,16,,37389,11,,,1,58,,37390,11,,,1,13,,37391,11,,,1,15,,37392,11,,,1,55,,37393,11,,,1,15,,37394,11,,,1,15,,37395,11,,,1,15,,37396,11,,,1,55,,37397,11,,,1,15,,37398,11,,,1,15,,37399,11,,,1,15,,37400,11,,,1,55,,37401,11,,,1,15,,37402,11,,,1,15,,37403,11,,,1,15,,37404,11,,,1,55,,37405,11,,,1,15,,37406,11,,,1,15,,37407,11,,,1,15,,37408,11,,,1,55,,37409,11,,,1,13,,37410,11,,,1,15,,37411,11,,,1,14,,37412,11,,,1,15,,37413,11,,,1,54,,37414,11,,,1,14,,37415,11,,,1,12,,37416,11,,,1,15,,37417,11,,,1,55,,37418,11,,,1,15,,37419,11,,,1
6010201,'80',942,,37420,11,,,1,64,,37421,11,,,1,20,,37422,11,,,1,20,,37423,11,,,1,61,,37424,11,,,1,21,,37425,11,,,1,24,,37426,11,,,1,61,,37427,11,,,1,21,,37428,11,,,1,21,,37429,11,,,1,62,,37430,11,,,1,21,,37431,11,,,1,21,,37432,11,,,1,61,,37433,11,,,1,21,,37434,11,,,1,61,,37435,11,,,1,21,,37436,11,,,1,22,,37437,11,,,1,63,,37438,11,,,1,21,,37439,11,,,1,20,,37440,11,,,1,61,,37441,11,,,1,21,,37442,11,,,1,21,,37443,11,,,1,57,,37444,11,,,1,21,,37445,11,,,1,19,,37446,11,,,1,59,,37447,11,,,1,21,,37448,11,,,1,19,,37449,11,,,1,61,,37450,11,,,1,18,,37451,11,,,1,21,,37452,11,,,1
