901,'1',654,,26167,55,,,1,69,,26160,55,,,1,35,,26161,55,,,1,73,,26162,55,,,1,73,,26163,55,,,1,33,,26164,55,,,1,73,,26165,55,,,1,33,,26166,55,,,1,70,,26174,55,,,1,44,,26168,55,,,1,84,,26169,55,,,1,84,,26170,55,,,1,86,,26171,55,,,1,44,,26172,55,,,1,102,,26173,55,,,1,82,,26175,55,,,1,73,,26176,55,,,1,33,,26177,55,,,1,76,,26178,55,,,1,87,,26179,55,,,1,31,,26180,55,,,1,78,,26181,55,,,1,38,,26182,55,,,1,71,,26183,55,,,1
901,'2',751,,26184,55,,,1,79,,26185,55,,,1,79,,26186,55,,,1,39,,26187,55,,,1,79,,26188,55,,,1,79,,26189,55,,,1,39,,26190,55,,,1,79,,26191,55,,,1,84,,26192,55,,,1,41,,26193,55,,,1,81,,26194,55,,,1,81,,26195,55,,,1,41,,26196,55,,,1,81,,26197,55,,,1,84,,26198,55,,,1,42,,26199,55,,,1,80,,26200,55,,,1,82,,26201,55,,,1,82,,26202,55,,,1,42,,26203,55,,,1,82,,26204,55,,,1,82,,26205,55,,,1
901,'3',855,,26206,55,,,1,81,,26207,55,,,1,81,,26208,55,,,1,41,,26209,55,,,1,81,,26210,55,,,1,81,,26211,55,,,1,81,,26212,55,,,1,43,,26213,55,,,1,81,,26214,55,,,1,81,,26215,55,,,1,41,,26216,55,,,1,81,,26217,55,,,1,79,,26218,55,,,1,41,,26219,55,,,1,81,,26220,55,,,1,80,,26221,55,,,1,38,,26222,55,,,1,80,,26223,55,,,1
901,'74',751,,26224,55,,,1,79,,26225,55,,,1,79,,26226,55,,,1,39,,26227,55,,,1,79,,26228,55,,,1,79,,26229,55,,,1,39,,26230,55,,,1,79,,26231,55,,,1,84,,26232,55,,,1,41,,26233,55,,,1,81,,26234,55,,,1,81,,26235,55,,,1,41,,26236,55,,,1,81,,26237,55,,,1,84,,26238,55,,,1,42,,26239,55,,,1,80,,26240,55,,,1,82,,26241,55,,,1,82,,26242,55,,,1,42,,26243,55,,,1,82,,26244,55,,,1,82,,26245,55,,,1
901,'80',855,,26246,55,,,1,81,,26247,55,,,1,81,,26248,55,,,1,41,,26249,55,,,1,81,,26250,55,,,1,81,,26251,55,,,1,81,,26252,55,,,1,43,,26253,55,,,1,81,,26254,55,,,1,81,,26255,55,,,1,41,,26256,55,,,1,81,,26257,55,,,1,79,,26258,55,,,1,41,,26259,55,,,1,81,,26260,55,,,1,80,,26261,55,,,1,38,,26262,55,,,1,80,,26263,55,,,1
1600,'1',540,,26485,32,,,1,62,,26486,32,,,1,10,,26443,53,,,1,22,,26444,53,,,1,67,,26445,53,,,1,22,,26446,53,,,1,26,,26447,53,,,1,62,,26448,53,,,1,18,,26449,53,,,1,26,,26450,53,,,1,62,,26451,53,,,1,22,,26452,53,,,1,68,,26453,53,,,1,29,,26454,53,,,1,75,,26455,53,,,1,27,,26456,53,,,1,71,,26457,53,,,1,31,,26458,53,,,1,71,,26459,53,,,1,31,,26460,53,,,1,71,,26461,53,,,1,23,,26487,32,,,1,12,,26462,53,,,1,66,,26463,53,,,1,23,,26464,53,,,1,63,,26465,53,,,1,23,,26466,53,,,1,23,,26467,53,,,1,68,,26468,53,,,1,23,,26469,53,,,1,63,,26470,53,,,1,23,,26471,53,,,1,23,,26472,53,,,1,58,,26473,53,,,1,17,,26474,53,,,1,23,,26475,53,,,1,63,,26476,53,,,1,23,,26477,53,,,1,23,,26478,53,,,1,56,,26479,53,,,1,34,,26480,53,,,1,74,,26481,53,,,1,34,,26482,53,,,1,71,,26483,53,,,1,34,,26484,53,,,1,74,,26488,53,,,1
1600,'2',647,,26514,32,,,1,73,,26489,53,,,1,38,,26490,53,,,1,83,,26491,53,,,1,78,,26492,53,,,1,38,,26493,53,,,1,78,,26494,53,,,1,78,,26495,53,,,1,38,,26496,53,,,1,78,,26497,53,,,1,78,,26498,53,,,1,45,,26499,53,,,1,81,,26500,53,,,1,83,,26501,53,,,1,41,,26502,53,,,1,77,,26503,53,,,1,81,,26504,53,,,1,41,,26505,53,,,1,81,,26506,53,,,1,81,,26507,53,,,1,31,,26508,53,,,1,76,,26509,53,,,1,79,,26510,53,,,1,33,,26511,53,,,1,73,,26512,53,,,1,37,,26513,53,,,1,75,,26515,53,,,1,36,,26516,53,,,1
1600,'3',728,,26532,32,,,1,95,,26533,32,,,1,91,,26517,53,,,1,97,,26518,53,,,1,95,,26519,53,,,1,95,,26520,53,,,1,57,,26521,53,,,1,99,,26526,53,,,1,96,,26522,53,,,1,98,,26523,53,,,1,98,,26524,53,,,1,96,,26525,53,,,1,92,,26531,53,,,1,92,,26527,53,,,1,89,,26528,53,,,1,92,,26529,53,,,1,49,,26530,53,,,1
1600,'74',647,,26557,32,,,1,73,,26534,53,,,1,38,,26535,53,,,1,83,,26536,53,,,1,78,,26537,53,,,1,38,,26538,53,,,1,78,,26539,53,,,1,78,,26540,53,,,1,38,,26541,53,,,1,78,,26542,53,,,1,78,,26543,53,,,1,45,,26544,53,,,1,81,,26545,53,,,1,83,,26546,53,,,1,41,,26547,53,,,1,77,,26548,53,,,1,81,,26549,53,,,1,41,,26550,53,,,1,81,,26551,53,,,1,81,,26552,53,,,1,31,,26553,53,,,1,76,,26554,53,,,1,79,,26555,53,,,1,33,,26556,53,,,1,73,,26558,53,,,1,37,,26559,53,,,1,75,,26560,53,,,1,36,,26561,53,,,1
1600,'80',728,,26577,32,,,1,95,,26578,32,,,1,91,,26562,53,,,1,97,,26563,53,,,1,95,,26564,53,,,1,95,,26565,53,,,1,57,,26566,53,,,1,99,,26571,53,,,1,96,,26567,53,,,1,98,,26568,53,,,1,98,,26569,53,,,1,96,,26570,53,,,1,92,,26576,53,,,1,92,,26572,53,,,1,89,,26573,53,,,1,92,,26574,53,,,1,49,,26575,53,,,1
52201,'1',906,,34051,11,,,1,120,,34045,11,,,1,119,,34046,11,,,1,159,,34047,11,,,1,119,,34048,11,,,1,120,,34049,11,,,1,159,,34050,11,,,1
