5000,'1',534,,16121,3,,,1,67,,16122,3,,,1,27,,16114,3,,,1,24,,16115,3,,,1,68,,16116,3,,,1,25,,16117,3,,,1,65,,16118,3,,,1,25,,16119,3,,,1,65,,16120,3,,,1,30,,16123,3,,,1,29,,16124,3,,,1,69,,16125,3,,,1,29,,16126,3,,,1,69,,16127,3,,,1,30,,16128,3,,,1,69,,16129,3,,,1,29,,16130,3,,,1,69,,16131,3,,,1,29,,16132,3,,,1,69,,16133,3,,,1,29,,16134,3,,,1,69,,16135,3,,,1,33,,16136,3,,,1,72,,16137,3,,,1,31,,16138,3,,,1,67,,16139,3,,,1,20,,16140,3,,,1,66,,16141,3,,,1,26,,16142,3,,,1,75,,16143,3,,,1,39,,16144,3,,,1,71,,16145,3,,,1,36,,16146,3,,,1,76,,16147,3,,,1,76,,16148,3,,,1,37,,16149,3,,,1
5000,'2',601,,16150,3,,,1,37,,16151,3,,,1,77,,16152,3,,,1,37,,16153,3,,,1,77,,16154,3,,,1,79,,16155,3,,,1,39,,16156,3,,,1,79,,16157,3,,,1,79,,16158,3,,,1,40,,16159,3,,,1,79,,16160,3,,,1,79,,16161,3,,,1,38,,16162,3,,,1,78,,16163,3,,,1,39,,16164,3,,,1,79,,16165,3,,,1,78,,16166,3,,,1,30,,16167,3,,,1,77,,16168,3,,,1,78,,16169,3,,,1,39,,16170,3,,,1,74,,16171,3,,,1,34,,16172,3,,,1,74,,16173,3,,,1,34,,16174,3,,,1,74,,16175,3,,,1,74,,16176,3,,,1,34,,16177,3,,,1
5000,'3',601,,16178,3,,,1,44,,16179,3,,,1,84,,16180,3,,,1,84,,16181,3,,,1,44,,16182,3,,,1,87,,16183,3,,,1,87,,16184,3,,,1,87,,16185,3,,,1,88,,16186,3,,,1,47,,16187,3,,,1,87,,16188,3,,,1,87,,16189,3,,,1,87,,16190,3,,,1,87,,16191,3,,,1,48,,16192,3,,,1,84,,16193,3,,,1,85,,16194,3,,,1,85,,16195,3,,,1,45,,16196,3,,,1,84,,16197,3,,,1,85,,16200,3,,,1,41,,16199,3,,,1,81,,16198,3,,,1
5000,'80',601,,16201,3,,,1,44,,16202,3,,,1,84,,16203,3,,,1,84,,16204,3,,,1,44,,16205,3,,,1,87,,16206,3,,,1,87,,16207,3,,,1,87,,16208,3,,,1,88,,16209,3,,,1,47,,16210,3,,,1,87,,16211,3,,,1,87,,16212,3,,,1,87,,16213,3,,,1,87,,16214,3,,,1,48,,16215,3,,,1,84,,16216,3,,,1,85,,16217,3,,,1,85,,16218,3,,,1,45,,16219,3,,,1,84,,16220,3,,,1,85,,16223,3,,,1,41,,16222,3,,,1,81,,16221,3,,,1
5500,'1',529,,16462,3,0,239 24 235,1,79,,16461,3,0,239 24 235,1,34,,16460,3,0,239 24 235,1,84,,16459,3,0,239 24 235,1,78,,16458,3,0,239 24 235,1,39,,16457,3,0,239 24 235,1,79,,16448,3,0,239 24 235,1,628,,16456,3,0,239 24 235,1,81,,16455,3,0,239 24 235,1,81,,16454,3,0,239 24 235,1,41,,16453,3,0,239 24 235,1,81,,16452,3,0,239 24 235,1,81,,16451,3,0,239 24 235,1,40,,16450,3,0,239 24 235,1,81,,16449,3,0,239 24 235,1
9801,'1',514,,18741,11,,,1,35,,18740,11,,,1,75,,18739,11,,,1,35,,18738,11,,,1,75,,18737,11,,,1,75,,18736,11,,,1,35,,18735,11,,,1,75,,18734,11,,,1,35,,18745,11,,,1,100,,18744,11,,,1,98,,18743,11,,,1,98,,18742,11,,,1,99,,18757,11,,,1,80,,18756,11,,,1,80,,18755,11,,,1,40,,18754,11,,,1,80,,18753,11,,,1,80,,18752,11,,,1,40,,18751,11,,,1,79,,18750,11,,,1,80,,18749,11,,,1,51,,18748,11,,,1,89,,18747,11,,,1,88,,18746,11,,,1
9801,'2',523,,18776,11,,,1,86,,18775,11,,,1,46,,18774,11,,,1,86,,18773,11,,,1,86,,18772,11,,,1,95,,18771,11,,,1,94,,18770,11,,,1,96,,18769,11,,,1,94,,18768,11,,,1,100,,18767,11,,,1,98,,18766,11,,,1,98,,18765,11,,,1,57,,18764,11,,,1,98,,18763,11,,,1,98,,18762,11,,,1,97,,18761,11,,,1,86,,18760,11,,,1,89,,18759,11,,,1,89,,18758,11,,,1
9801,'3',704,,18793,11,,,1,48,,18794,11,,,1,88,,18792,11,,,1,88,,18791,11,,,1,88,,18790,11,,,1,95,,18789,11,,,1,93,,18788,11,,,1,53,,18787,11,,,1,94,,18786,11,,,1,93,,18785,11,,,1,93,,18784,11,,,1,93,,18783,11,,,1,93,,18782,11,,,1,92,,18781,11,,,1,87,,18780,11,,,1,48,,18779,11,,,1,87,,18778,11,,,1,88,,18777,11,,,1
9801,'80',704,,18811,11,,,1,48,,18812,11,,,1,88,,18810,11,,,1,88,,18809,11,,,1,88,,18808,11,,,1,95,,18807,11,,,1,93,,18806,11,,,1,53,,18805,11,,,1,94,,18804,11,,,1,93,,18803,11,,,1,93,,18802,11,,,1,93,,18801,11,,,1,93,,18800,11,,,1,92,,18799,11,,,1,87,,18798,11,,,1,48,,18797,11,,,1,87,,18796,11,,,1,88,,18795,11,,,1
989901,'1',2157,,22691,11,,,1,72,,22692,11,,,1,78,,22693,11,,,1,36,,22694,11,,,1,75,,22695,11,,,1,32,,22696,11,,,1,75,,22697,11,,,1,75,,22698,11,,,1
989901,'2',2202,,22699,11,,,1,54,,22700,11,,,1,83,,22701,11,,,1,91,,22704,11,,,1,85,,22702,11,,,1,86,,22703,11,,,1
989901,'3',2215,,22705,11,,,1,90,,22706,11,,,1,43,,22707,11,,,1,89,,22708,11,,,1,79,,22709,11,,,1,43,,22710,11,,,1
989901,'80',2215,,22711,11,,,1,90,,22712,11,,,1,43,,22713,11,,,1,89,,22714,11,,,1,79,,22715,11,,,1,43,,22716,11,,,1
