9900,'1',451,,18813,17,,,1,81,,18814,17,,,1,80,,18815,17,,,1,41,,18816,17,,,1,93,,18817,17,,,1,75,,18818,17,,,1,38,,18819,17,,,1,71,,18820,17,,,1,75,,18821,17,,,1,35,,18822,17,,,1,97,,18823,17,,,1,94,,18824,17,,,1,94,,18825,17,,,1,94,,18826,17,,,1,31,,18838,17,,,1,71,,18837,17,,,1,29,,18827,17,,,1,70,,18828,17,,,1,30,,18829,17,,,1,70,,18830,17,,,1,30,,18831,17,,,1,69,,18832,17,,,1,30,,18833,17,,,1,66,,18834,17,,,1,30,,18835,17,,,1,69,,18836,17,,,1
9900,'2',609,,18841,17,,,1,38,,18842,17,,,1,78,,18856,17,,,1,89,,18855,17,,,1,87,,18843,17,,,1,47,,18844,17,,,1,87,,18845,17,,,1,88,,18846,17,,,1,104,,18847,17,,,1,95,,18848,17,,,1,95,,18849,17,,,1,95,,18850,17,,,1,95,,18851,17,,,1,95,,18852,17,,,1,55,,18853,17,,,1,95,,18854,17,,,1,87,,18858,17,,,1,90,,18857,17,,,1
9900,'3',617,,18861,17,,,1,38,,18862,17,,,1,78,,18863,17,,,1,78,,18864,17,,,1,91,,18881,17,,,1,49,,18865,17,,,1,89,,18866,17,,,1,89,,18867,17,,,1,90,,18868,17,,,1,89,,18869,17,,,1,49,,18870,17,,,1,89,,18871,17,,,1,89,,18872,17,,,1,89,,18873,17,,,1,89,,18874,17,,,1,88,,18875,17,,,1,49,,18876,17,,,1,89,,18877,17,,,1,86,,18878,17,,,1
9900,'80',617,,18882,17,,,1,38,,18883,17,,,1,78,,18884,17,,,1,78,,18885,17,,,1,91,,18902,17,,,1,49,,18886,17,,,1,89,,18887,17,,,1,89,,18888,17,,,1,90,,18889,17,,,1,89,,18890,17,,,1,49,,18891,17,,,1,89,,18892,17,,,1,89,,18893,17,,,1,89,,18894,17,,,1,89,,18895,17,,,1,88,,18896,17,,,1,49,,18897,17,,,1,89,,18898,17,,,1,86,,18899,17,,,1
36000,'2',844,,20438,17,,,1,68,,20439,17,,,1,28,,20440,17,,,1,68,,20441,17,,,1,28,,20442,17,,,1,68,,20443,17,,,1,29,,20444,17,,,1,68,,20445,17,,,1,28,,20446,17,,,1,28,,20447,17,,,1,68,,20448,17,,,1,27,,20449,17,,,1,68,,20450,17,,,1,29,,20451,17,,,1,69,,20452,17,,,1,28,,20453,17,,,1,68,,20454,17,,,1,26,,20455,17,,,1,70,,20456,17,,,1,30,,20457,17,,,1,73,,20458,17,,,1,28,,20459,17,,,1,70,,20460,17,,,1,30,,20461,17,,,1,70,,20462,17,,,1,29,,20463,17,,,1,72,,20464,17,,,1,30,,20465,17,,,1,70,,20466,17,,,1
36000,'80',842,,20467,17,,,1,68,,20468,17,,,1,28,,20469,17,,,1,68,,20470,17,,,1,28,,20471,17,,,1,69,,20472,17,,,1,28,,20473,17,,,1,27,,20474,17,,,1,68,,20475,17,,,1,28,,20476,17,,,1,68,,20477,17,,,1,28,,20478,17,,,1,69,,20479,17,,,1,28,,20480,17,,,1,68,,20481,17,,,1,28,,20482,17,,,1,67,,20483,17,,,1,28,,20484,17,,,1,68,,20485,17,,,1,28,,20486,17,,,1,68,,20487,17,,,1,28,,20488,17,,,1,28,,20489,17,,,1,68,,20490,17,,,1,28,,20491,17,,,1,66,,20492,17,,,1,27,,20493,17,,,1,66,,20494,17,,,1
36000,'24603.3',842,,20495,17,,,1,68,,20496,17,,,1,28,,20497,17,,,1,68,,20498,17,,,1,28,,20499,17,,,1,69,,20500,17,,,1,28,,20501,17,,,1,27,,20502,17,,,1,68,,20503,17,,,1,28,,20504,17,,,1,68,,20505,17,,,1,28,,20506,17,,,1,69,,20507,17,,,1,28,,20508,17,,,1,68,,20509,17,,,1,28,,20510,17,,,1,67,,20511,17,,,1,28,,20512,17,,,1,68,,20513,17,,,1,28,,20514,17,,,1,68,,20515,17,,,1,28,,20516,17,,,1,28,,20517,17,,,1,68,,20518,17,,,1,28,,20519,17,,,1,66,,20520,17,,,1,27,,20521,17,,,1,66,,20522,17,,,1
36000,'24604.3',2138,,20523,17,,,1,66,,20524,17,,,1,26,,20525,17,,,1
989900,'1',2048,,22653,17,,,1,76,,22654,17,,,1,78,,22655,17,,,1,38,,22656,17,,,1,75,,22657,17,,,1,34,,22658,17,,,1,75,,22659,17,,,1,35,,22660,17,,,1,75,,22661,17,0,5 6,1,75,,22662,17,0,5 6,1,41,,22663,17,0,5 6,1
989900,'2',2050,,22664,17,,,1,94,,22665,17,,,1,91,,22666,17,,,1,94,,22667,17,,,1,86,,22668,17,,,1,86,,22669,17,,,1,45,,22670,17,0,5 6,1,86,,22671,17,0,5 6,1,86,,22672,17,0,5 6,1
989900,'3',2107,,22673,17,,,1,50,,22674,17,,,1,90,,22675,17,,,1,90,,22676,17,,,1,82,,22677,17,,,1,83,,22678,17,,,1,41,,22679,17,0,5 6,1,83,,22680,17,0,5 6,1,83,,22681,17,0,5 6,1
989900,'80',2107,,22682,17,,,1,50,,22683,17,,,1,90,,22684,17,,,1,90,,22685,17,,,1,82,,22686,17,,,1,83,,22687,17,,,1,41,,22688,17,0,5 6,1,83,,22689,17,0,5 6,1,83,,22690,17,0,5 6,1
