7700,'1',419,,28964,27,,,1,15,,28965,27,,,1,15,,28966,27,,,1,55,,28967,27,,,1,15,,28968,27,,,1,9,,28926,40,,,1,17,,28925,40,,,1,13,,28924,40,,,1,60,,28923,40,,,1,15,,28921,40,,,1,21,,28922,40,,,1,53,,28941,40,,,1,16,,28940,40,,,1,16,,28939,40,,,1,65,,28938,40,,,1,16,,28937,40,,,1,16,,28936,40,,,1,16,,28927,40,,,1,54,,28928,40,,,1,16,,28929,40,,,1,16,,28930,40,,,1,16,,28931,40,,,1,53,,28932,40,,,1,12,,28933,40,,,1,16,,28934,40,,,1,71,,28935,40,,,1,33,,28949,40,,,1,70,,28948,40,,,1,30,,28947,40,,,1,70,,28942,40,,,1,33,,28943,40,,,1,61,,28969,27,,,1,9,,28944,40,,,1,28,,28970,27,,,1,2,,28945,40,,,1,75,,28946,40,,,1,20,,28971,27,,,1,3,,28963,40,,,1,19,,28962,40,,,1,66,,28961,40,,,1,24,,28960,40,,,1,59,,28959,40,,,1,19,,28950,40,,,1,19,,28951,40,,,1,59,,28952,40,,,1,14,,28953,40,,,1,13,,28954,40,,,1,19,,28955,40,,,1,51,,28956,40,,,1,19,,28957,40,,,1,15,,28958,40,,,1,13,,28972,40,,,1,59,,28973,40,,,1,19,,28974,40,,,1,19,,28975,40,,,1,69,,28978,40,,,1,27,,28977,40,,,1,67,,28976,40,,,1,40,,28987,40,,,1,73,,28986,40,,,1,28,,28985,40,,,1,73,,28979,40,,,1,33,,28980,40,,,1,73,,28981,40,,,1,73,,28982,40,,,1,33,,28983,40,,,1,73,,28984,40,,,1
7700,'2',458,,28988,27,,,1,70,,28989,40,,,1,75,,28990,40,,,1,35,,28991,40,,,1,76,,28992,40,,,1,35,,28993,40,,,1,75,,28994,40,,,1,76,,28995,40,,,1,35,,28996,40,,,1,75,,28997,40,,,1,49,,28998,40,,,1,81,,28999,40,,,1,81,,29000,40,,,1,87,,29001,40,,,1,41,,29002,40,,,1,81,,29003,40,,,1,77,,29005,40,,,1,33,,29006,40,,,1,73,,29007,40,,,1,30,,29008,40,,,1,73,,29009,40,,,1,33,,29010,40,,,1,71,,29011,40,,,1,33,,29012,40,,,1,70,,29013,40,,,1,28,,29014,40,,,1,70,,29015,40,,,1,30,,29016,40,,,1,64,,29017,40,,,1,30,,29018,40,,,1,74,,29019,40,,,1,30,,29020,40,,,1,70,,29021,40,,,1,25,,29022,40,,,1,70,,29023,40,,,1,23,,29004,40,,,1,69,,29024,40,,,1,33,,29025,40,,,1,73,,29026,40,,,1,33,,29027,40,,,1,73,,29028,40,,,1
7700,'74',458,,29053,27,,,1,70,,29054,40,,,1,75,,29055,40,,,1,35,,29056,40,,,1,76,,29057,40,,,1,35,,29058,40,,,1,75,,29059,40,,,1,76,,29060,40,,,1,35,,29061,40,,,1,75,,29062,40,,,1,49,,29063,40,,,1,81,,29064,40,,,1,81,,29065,40,,,1,87,,29066,40,,,1,41,,29067,40,,,1,81,,29068,40,,,1,77,,29070,40,,,1,33,,29071,40,,,1,73,,29072,40,,,1,30,,29073,40,,,1,73,,29074,40,,,1,33,,29075,40,,,1,71,,29076,40,,,1,33,,29077,40,,,1,70,,29078,40,,,1,28,,29079,40,,,1,70,,29080,40,,,1,30,,29081,40,,,1,64,,29082,40,,,1,30,,29083,40,,,1,74,,29084,40,,,1,30,,29085,40,,,1,70,,29086,40,,,1,25,,29087,40,,,1,70,,29088,40,,,1,23,,29069,40,,,1,69,,29089,40,,,1,33,,29090,40,,,1,73,,29091,40,,,1,33,,29092,40,,,1,73,,29093,40,,,1
9901,'1',423,,31722,37,,,1,81,,31723,37,,,1,40,,31724,37,,,1,82,,31725,37,,,1,82,,31726,37,,,1,35,,31727,37,,,1,72,,31728,37,,,1,43,,31729,37,,,1,71,,31730,37,,,1,75,,31731,37,,,1,54,,31732,37,,,1,99,,31733,37,,,1,94,,31734,37,,,1,94,,31735,37,,,1,100,,31736,37,,,1,68,,31737,37,,,1,30,,31738,37,,,1,70,,31739,37,,,1,30,,31740,37,,,1,70,,31741,37,,,1,30,,31742,37,,,1,70,,31743,37,,,1,25,,31744,37,,,1,70,,31745,37,,,1,26,,31746,37,,,1,70,,31747,37,,,1,30,,31748,37,,,1,25,,31749,37,,,1,70,,31750,37,,,1,85,,31751,37,,,1
9901,'2',545,,31752,37,,,1,77,,31753,37,,,1,37,,31754,37,,,1,77,,31755,37,,,1,87,,31756,37,,,1,92,,31757,37,,,1,89,,31758,37,,,1,47,,31759,37,,,1,103,,31760,37,,,1,97,,31761,37,,,1,95,,31762,37,,,1,95,,31763,37,,,1,95,,31764,37,,,1,95,,31765,37,,,1,92,,31766,37,,,1,93,,31767,37,,,1,95,,31768,37,,,1,91,,31769,37,,,1,45,,31770,37,,,1,85,,31771,37,,,1
9901,'3',549,,31772,37,,,1,81,,31773,37,,,1,78,,31774,37,,,1,38,,31775,37,,,1,78,,31776,37,,,1,93,,31777,37,,,1,89,,31778,37,,,1,49,,31779,37,,,1,89,,31780,37,,,1,94,,31781,37,,,1,89,,31782,37,,,1,89,,31783,37,,,1,89,,31784,37,,,1,49,,31785,37,,,1,89,,31786,37,,,1,89,,31787,37,,,1,84,,31788,37,,,1,89,,31789,37,,,1,49,,31790,37,,,1,86,,31791,37,,,1,89,,31792,37,,,1,79,,31793,37,,,1
9901,'74',545,,31794,37,,,1,77,,31795,37,,,1,37,,31796,37,,,1,77,,31797,37,,,1,87,,31798,37,,,1,92,,31799,37,,,1,89,,31800,37,,,1,47,,31801,37,,,1,103,,31802,37,,,1,97,,31803,37,,,1,95,,31804,37,,,1,95,,31805,37,,,1,95,,31806,37,,,1,95,,31807,37,,,1,92,,31808,37,,,1,93,,31809,37,,,1,95,,31810,37,,,1,91,,31811,37,,,1,45,,31812,37,,,1,85,,31813,37,,,1
9901,'80',549,,31814,37,,,1,81,,31815,37,,,1,78,,31816,37,,,1,38,,31817,37,,,1,78,,31818,37,,,1,93,,31819,37,,,1,89,,31820,37,,,1,49,,31821,37,,,1,89,,31822,37,,,1,94,,31823,37,,,1,89,,31824,37,,,1,89,,31825,37,,,1,89,,31826,37,,,1,49,,31827,37,,,1,89,,31828,37,,,1,89,,31829,37,,,1,84,,31830,37,,,1,89,,31831,37,,,1,49,,31832,37,,,1,86,,31833,37,,,1,89,,31834,37,,,1,79,,31835,37,,,1
36001,'1',1009,,33821,18,,,1,29,,33822,18,,,1,70,,33823,18,,,1,27,,33824,18,,,1,65,,33837,18,,,1,43,,33836,18,,,1,84,,33825,18,,,1,84,,33826,18,,,1,44,,33827,18,,,1,88,,33828,18,,,1,84,,33829,18,,,1,87,,33830,18,,,1,43,,33831,18,,,1,81,,33832,18,,,1,84,,33833,18,,,1,85,,33834,18,,,1,41,,33835,18,,,1,84,,33843,18,,,1,26,,33842,18,,,1,66,,33838,18,,,1,26,,33839,18,,,1,66,,33840,18,,,1,26,,33841,18,,,1
36001,'2',1008,,33844,18,,,1,23,,33845,18,,,1,23,,33846,18,,,1,63,,33847,18,,,1,23,,33848,18,,,1,61,,33849,18,,,1,23,,33850,18,,,1,25,,33851,18,,,1,63,,33852,18,,,1,23,,33853,18,,,1,23,,33854,18,,,1,62,,33855,18,,,1,23,,33856,18,,,1,63,,33857,18,,,1,23,,33858,18,,,1,23,,33859,18,,,1,63,,33860,18,,,1,23,,33861,18,,,1,65,,33862,18,,,1,23,,33863,18,,,1,20,,33864,18,,,1,64,,33865,18,,,1,23,,33866,18,,,1,68,,33879,18,,,1,24,,33878,18,,,1,20,,33867,18,,,1,64,,33868,18,,,1,24,,33869,18,,,1,26,,33870,18,,,1,63,,33871,18,,,1,21,,33872,18,,,1,64,,33873,18,,,1,24,,33874,18,,,1,24,,33875,18,,,1,64,,33876,18,,,1,24,,33877,18,,,1
36001,'3',1001,,33880,18,,,1,22,,33881,18,,,1,22,,33882,18,,,1,62,,33883,18,,,1,19,,33884,18,,,1,22,,33885,18,,,1,64,,33886,18,,,1,22,,33887,18,,,1,22,,33888,18,,,1,62,,33889,18,,,1,23,,33890,18,,,1,62,,33891,18,,,1,22,,33892,18,,,1,20,,33893,18,,,1,66,,33894,18,,,1,22,,33895,18,,,1,22,,33896,18,,,1,62,,33897,18,,,1,22,,33898,18,,,1,62,,33899,18,,,1,22,,33900,18,,,1,22,,33901,18,,,1,63,,33902,18,,,1,22,,33903,18,,,1,22,,33904,18,,,1,67,,33905,18,,,1,21,,33917,18,,,1,16,,33916,18,,,1,63,,33906,18,,,1,23,,33907,18,,,1,63,,33908,18,,,1,23,,33909,18,,,1,23,,33910,18,,,1,61,,33911,18,,,1,23,,33912,18,,,1,23,,33913,18,,,1,63,,33914,18,,,1,23,,33915,18,,,1
36001,'74',1008,,33918,18,,,1,23,,33919,18,,,1,23,,33920,18,,,1,63,,33921,18,,,1,23,,33922,18,,,1,61,,33923,18,,,1,23,,33924,18,,,1,25,,33925,18,,,1,63,,33926,18,,,1,23,,33927,18,,,1,23,,33928,18,,,1,62,,33929,18,,,1,23,,33930,18,,,1,63,,33931,18,,,1,23,,33932,18,,,1,23,,33933,18,,,1,63,,33934,18,,,1,23,,33935,18,,,1,65,,33936,18,,,1,23,,33937,18,,,1,20,,33938,18,,,1,64,,33939,18,,,1,23,,33940,18,,,1,68,,33942,18,,,1,24,,33941,18,,,1,20,,33943,18,,,1,64,,33944,18,,,1,24,,33945,18,,,1,26,,33946,18,,,1,63,,33947,18,,,1,21,,33948,18,,,1,64,,33949,18,,,1,24,,33950,18,,,1,24,,33951,18,,,1,64,,33952,18,,,1,24,,33953,18,,,1,64,,33954,18,,,1
36001,'80',1001,,33955,18,,,1,22,,33956,18,,,1,22,,33957,18,,,1,62,,33958,18,,,1,19,,33959,18,,,1,22,,33960,18,,,1,64,,33961,18,,,1,22,,33962,18,,,1,22,,33963,18,,,1,62,,33964,18,,,1,23,,33965,18,,,1,62,,33966,18,,,1,22,,33967,18,,,1,20,,33968,18,,,1,66,,33969,18,,,1,22,,33970,18,,,1,22,,33971,18,,,1,62,,33972,18,,,1,22,,33973,18,,,1,62,,33974,18,,,1,22,,33975,18,,,1,22,,33976,18,,,1,63,,33977,18,,,1,22,,33978,18,,,1,22,,33979,18,,,1,67,,33980,18,,,1,21,,33992,18,,,1,16,,33991,18,,,1,63,,33981,18,,,1,23,,33982,18,,,1,63,,33983,18,,,1,23,,33984,18,,,1,23,,33985,18,,,1,61,,33986,18,,,1,23,,33987,18,,,1,23,,33988,18,,,1,63,,33989,18,,,1,23,,33990,18,,,1
60101,'1',535,,34498,25,,,1,11,,34497,25,,,1,11,,34496,25,,,1,51,,34495,25,,,1,14,,34494,25,,,1,11,,34493,25,,,1,11,,34492,25,,,1,10,,34491,25,,,1,51,,34490,25,,,1,14,,34489,25,,,1,10,,34488,25,,,1,11,,34487,25,,,1,16,,34411,25,,,1,50,,34412,25,,,1,11,,34413,25,,,1,11,,34414,25,,,1,11,,34415,25,,,1,14,,34416,25,,,1,51,,34417,25,,,1,11,,34418,25,,,1,11,,34419,25,,,1,8,,34420,25,,,1,9,,34421,25,,,1,11,,34422,25,,,1,51,,34423,25,,,1,11,,34424,25,,,1,11,,34425,25,,,1,12,,34426,25,,,1,11,,34427,25,,,1,53,,34428,25,,,1,11,,34429,25,,,1,11,,34445,25,,,1,16,,34444,25,,,1,16,,34443,25,,,1,56,,34442,25,,,1,16,,34441,25,,,1,16,,34440,25,,,1,56,,34430,25,,,1,16,,34431,25,,,1,16,,34432,25,,,1,16,,34433,25,,,1,56,,34434,25,,,1,16,,34435,25,,,1,16,,34436,25,,,1,16,,34437,25,,,1,58,,34438,25,,,1,16,,34439,25,,,1,14,,34472,25,,,1,12,,34471,25,,,1,56,,34470,25,,,1,12,,34469,25,,,1,12,,34468,25,,,1,12,,34467,25,,,1,12,,34446,25,,,1,52,,34447,25,,,1,12,,34448,25,,,1,12,,34449,25,,,1,12,,34450,25,,,1,12,,34451,25,,,1,52,,34452,25,,,1,12,,34453,25,,,1,12,,34454,25,,,1,11,,34455,25,,,1,10,,34456,25,,,1,51,,34457,25,,,1,12,,34458,25,,,1,8,,34459,25,,,1,12,,34460,25,,,1,12,,34461,25,,,1,52,,34462,25,,,1,12,,34463,25,,,1,8,,34464,25,,,1,12,,34465,25,,,1,12,,34466,25,,,1,65,,34480,25,,,1,15,,34479,25,,,1,18,,34478,25,,,1,58,,34477,25,,,1,15,,34476,25,,,1,18,,34473,25,,,1,18,,34474,25,,,1,58,,34475,25,,,1,15,,34486,25,,,1,11,,34485,25,,,1,19,,34484,25,,,1,59,,34481,25,,,1,14,,34482,25,,,1,16,,34483,25,,,1
60101,'2',657,,34567,25,,,1,57,,34499,25,,,1,17,,34500,25,,,1,21,,34501,25,,,1,57,,34502,25,,,1,18,,34520,25,,,1,16,,34519,25,,,1,59,,34518,25,,,1,16,,34517,25,,,1,16,,34516,25,,,1,15,,34503,25,,,1,59,,34504,25,,,1,16,,34505,25,,,1,18,,34506,25,,,1,16,,34507,25,,,1,56,,34508,25,,,1,16,,34509,25,,,1,22,,34510,25,,,1,56,,34511,25,,,1,16,,34512,25,,,1,16,,34513,25,,,1,16,,34514,25,,,1,55,,34515,25,,,1,14,,34552,25,,,1,15,,34551,25,,,1,15,,34550,25,,,1,55,,34549,25,,,1,15,,34548,25,,,1,15,,34547,25,,,1,15,,34521,25,,,1,55,,34522,25,,,1,15,,34523,25,,,1,15,,34524,25,,,1,15,,34525,25,,,1,55,,34526,25,,,1,15,,34527,25,,,1,15,,34528,25,,,1,15,,34529,25,,,1,55,,34530,25,,,1,15,,34531,25,,,1,15,,34532,25,,,1,15,,34533,25,,,1,55,,34534,25,,,1,15,,34535,25,,,1,15,,34536,25,,,1,11,,34537,25,,,1,55,,34538,25,,,1,15,,34539,25,,,1,12,,34540,25,,,1,15,,34541,25,,,1,55,,34542,25,,,1,15,,34543,25,,,1,15,,34544,25,,,1,12,,34545,25,,,1,55,,34546,25,,,1,20,,34558,25,,,1,18,,34557,25,,,1,15,,34556,25,,,1,58,,34555,25,,,1,14,,34553,25,,,1,18,,34554,25,,,1,60,,34566,25,,,1,16,,34565,25,,,1,16,,34564,25,,,1,13,,34563,25,,,1,56,,34562,25,,,1,16,,34559,25,,,1,16,,34560,25,,,1,9,,34561,25,,,1
60101,'3',747,,34568,25,,,1,63,,34569,25,,,1,20,,34570,25,,,1,20,,34571,25,,,1,63,,34572,25,,,1,20,,34573,25,,,1,20,,34574,25,,,1,64,,34575,25,,,1,21,,34576,25,,,1,20,,34577,25,,,1,63,,34578,25,,,1,21,,34579,25,,,1,61,,34580,25,,,1,21,,34581,25,,,1,24,,34582,25,,,1,60,,34583,25,,,1,22,,34584,25,,,1,21,,34585,25,,,1,61,,34586,25,,,1,21,,34587,25,,,1,21,,34588,25,,,1,61,,34589,25,,,1,21,,34590,25,,,1,23,,34591,25,,,1,61,,34592,25,,,1,21,,34593,25,,,1,61,,34594,25,,,1,21,,34595,25,,,1,21,,34596,25,,,1,61,,34597,25,,,1,21,,34598,25,,,1,21,,34599,25,,,1,54,,34600,25,,,1,21,,34601,25,,,1,21,,34602,25,,,1,58,,34603,25,,,1,21,,34604,25,,,1,21,,34605,25,,,1,61,,34606,25,,,1,16,,34607,25,,,1,20,,34608,25,,,1,60,,34609,25,,,1,20,,34610,25,,,1,16,,34611,25,,,1,20,,34612,25,,,1,57,,34613,25,,,1,20,,34614,25,,,1,20,,34615,25,,,1,56,,34616,25,,,1,20,,34617,25,,,1,20,,34618,25,,,1,60,,34619,25,,,1
60101,'74',657,,34648,25,,,1,57,,34620,25,,,1,17,,34621,25,,,1,21,,34622,25,,,1,57,,34623,25,,,1,18,,34641,25,,,1,16,,34640,25,,,1,59,,34639,25,,,1,16,,34638,25,,,1,16,,34637,25,,,1,15,,34624,25,,,1,59,,34625,25,,,1,16,,34626,25,,,1,18,,34627,25,,,1,16,,34628,25,,,1,56,,34629,25,,,1,16,,34630,25,,,1,22,,34631,25,,,1,56,,34632,25,,,1,16,,34633,25,,,1,16,,34634,25,,,1,16,,34635,25,,,1,55,,34636,25,,,1,14,,34647,25,,,1,15,,34646,25,,,1,15,,34645,25,,,1,55,,34644,25,,,1,15,,34643,25,,,1,15,,34642,25,,,1,15,,34649,25,,,1,55,,34650,25,,,1,15,,34651,25,,,1,15,,34652,25,,,1,15,,34653,25,,,1,55,,34654,25,,,1,15,,34655,25,,,1,15,,34656,25,,,1,15,,34657,25,,,1,55,,34658,25,,,1,15,,34659,25,,,1,15,,34660,25,,,1,15,,34661,25,,,1,55,,34662,25,,,1,15,,34663,25,,,1,15,,34664,25,,,1,11,,34665,25,,,1,55,,34666,25,,,1,15,,34667,25,,,1,12,,34668,25,,,1,15,,34669,25,,,1,55,,34670,25,,,1,15,,34671,25,,,1,15,,34672,25,,,1,12,,34673,25,,,1,55,,34674,25,,,1,20,,34680,25,,,1,18,,34679,25,,,1,15,,34678,25,,,1,58,,34677,25,,,1,14,,34675,25,,,1,18,,34676,25,,,1,60,,34688,25,,,1,16,,34687,25,,,1,16,,34686,25,,,1,13,,34685,25,,,1,56,,34684,25,,,1,16,,34681,25,,,1,16,,34682,25,,,1,9,,34683,25,,,1
60101,'80',747,,34689,25,,,1,63,,34690,25,,,1,20,,34691,25,,,1,20,,34692,25,,,1,63,,34693,25,,,1,20,,34694,25,,,1,20,,34695,25,,,1,64,,34696,25,,,1,21,,34697,25,,,1,20,,34698,25,,,1,63,,34699,25,,,1,21,,34700,25,,,1,61,,34701,25,,,1,21,,34702,25,,,1,24,,34703,25,,,1,60,,34704,25,,,1,22,,34705,25,,,1,21,,34706,25,,,1,61,,34707,25,,,1,21,,34708,25,,,1,21,,34709,25,,,1,61,,34710,25,,,1,21,,34711,25,,,1,23,,34712,25,,,1,61,,34713,25,,,1,21,,34714,25,,,1,61,,34715,25,,,1,21,,34716,25,,,1,21,,34717,25,,,1,61,,34718,25,,,1,21,,34719,25,,,1,21,,34720,25,,,1,54,,34721,25,,,1,21,,34722,25,,,1,21,,34723,25,,,1,58,,34724,25,,,1,21,,34725,25,,,1,21,,34726,25,,,1,61,,34727,25,,,1,16,,34728,25,,,1,20,,34729,25,,,1,60,,34730,25,,,1,20,,34731,25,,,1,16,,34732,25,,,1,20,,34733,25,,,1,57,,34734,25,,,1,20,,34735,25,,,1,20,,34736,25,,,1,56,,34737,25,,,1,20,,34738,25,,,1,20,,34739,25,,,1,60,,34740,25,,,1
989901,'1',2249,,36877,92,,,1,69,,36878,92,,,1,38,,36879,92,,,1,74,,36880,92,,,1,75,,36881,92,,,1,29,,36882,92,,,1,75,,36883,92,,,1,35,,36884,92,,,1
989901,'2',2257,,36885,92,,,1,87,,36886,92,,,1,81,,36887,92,,,1,91,,36890,92,,,1,85,,36888,92,,,1,46,,36889,92,,,1
989901,'3',2305,,36891,92,,,1,47,,36892,92,,,1,83,,36893,92,,,1,85,,36894,92,,,1,39,,36895,92,,,1,83,,36896,92,,,1
989901,'74',2257,,36897,92,,,1,87,,36898,92,,,1,81,,36899,92,,,1,91,,36902,92,,,1,85,,36900,92,,,1,46,,36901,92,,,1
989901,'80',2305,,36903,92,,,1,47,,36904,92,,,1,83,,36905,92,,,1,85,,36906,92,,,1,39,,36907,92,,,1,83,,36908,92,,,1
6010201,'1',541,,37296,12,,,1,11,,37295,12,,,1,51,,37294,12,,,1,11,,37293,12,,,1,13,,37292,12,,,1,12,,37291,12,,,1,10,,37290,12,,,1,55,,37289,12,,,1,11,,37288,12,,,1,11,,37287,12,,,1,11,,37286,12,,,1,11,,37285,12,,,1,11,,37228,12,,,1,53,,37229,12,,,1,11,,37230,12,,,1,11,,37231,12,,,1,13,,37232,12,,,1,11,,37233,12,,,1,51,,37234,12,,,1,11,,37235,12,,,1,11,,37236,12,,,1,9,,37237,12,,,1,11,,37238,12,,,1,8,,37239,12,,,1,51,,37240,12,,,1,11,,37241,12,,,1,11,,37242,12,,,1,12,,37243,12,,,1,10,,37244,12,,,1,54,,37245,12,,,1,11,,37246,12,,,1,13,,37247,12,,,1,16,,37248,12,,,1,56,,37249,12,,,1,16,,37250,12,,,1,16,,37251,12,,,1,16,,37252,12,,,1,56,,37253,12,,,1,16,,37254,12,,,1,16,,37255,12,,,1,16,,37256,12,,,1,56,,37257,12,,,1,18,,37258,12,,,1,16,,37259,12,,,1,57,,37260,12,,,1,17,,37261,12,,,1,16,,37262,12,,,1,12,,37263,12,,,1,52,,37264,12,,,1,15,,37265,12,,,1,12,,37266,12,,,1,12,,37267,12,,,1,12,,37268,12,,,1,54,,37269,12,,,1,12,,37270,12,,,1,12,,37271,12,,,1,12,,37272,12,,,1,12,,37273,12,,,1,50,,37274,12,,,1,12,,37275,12,,,1,12,,37276,12,,,1,12,,37277,12,,,1,8,,37278,12,,,1,10,,37279,12,,,1,52,,37280,12,,,1,12,,37281,12,,,1,9,,37282,12,,,1,12,,37283,12,,,1,12,,37284,12,,,1
6010201,'2',909,,37297,12,,,1,16,,37298,12,,,1,16,,37299,12,,,1,60,,37300,12,,,1,16,,37301,12,,,1,16,,37302,12,,,1,16,,37303,12,,,1,56,,37304,12,,,1,19,,37305,12,,,1,16,,37306,12,,,1,18,,37307,12,,,1,56,,37308,12,,,1,16,,37309,12,,,1,16,,37310,12,,,1,56,,37311,12,,,1,18,,37312,12,,,1,13,,37313,12,,,1,15,,37314,12,,,1,55,,37315,12,,,1,15,,37316,12,,,1,15,,37317,12,,,1,15,,37318,12,,,1,55,,37319,12,,,1,15,,37320,12,,,1,15,,37321,12,,,1,15,,37322,12,,,1,55,,37323,12,,,1,15,,37324,12,,,1,15,,37325,12,,,1,15,,37326,12,,,1,55,,37327,12,,,1,15,,37328,12,,,1,15,,37329,12,,,1,15,,37330,12,,,1,55,,37331,12,,,1,13,,37332,12,,,1,15,,37333,12,,,1,14,,37334,12,,,1,55,,37335,12,,,1,13,,37336,12,,,1,14,,37337,12,,,1,12,,37338,12,,,1,15,,37339,12,,,1,55,,37340,12,,,1,15,,37341,12,,,1
6010201,'3',944,,37342,12,,,1,64,,37343,12,,,1,20,,37344,12,,,1,20,,37345,12,,,1,61,,37346,12,,,1,21,,37347,12,,,1,24,,37348,12,,,1,61,,37349,12,,,1,21,,37350,12,,,1,21,,37351,12,,,1,62,,37352,12,,,1,21,,37353,12,,,1,61,,37354,12,,,1,21,,37355,12,,,1,21,,37356,12,,,1,61,,37357,12,,,1,21,,37358,12,,,1,22,,37359,12,,,1,63,,37360,12,,,1,21,,37361,12,,,1,20,,37362,12,,,1,61,,37363,12,,,1,21,,37364,12,,,1,21,,37365,12,,,1,57,,37366,12,,,1,21,,37367,12,,,1,19,,37368,12,,,1,59,,37369,12,,,1,21,,37370,12,,,1,19,,37371,12,,,1,61,,37372,12,,,1,18,,37373,12,,,1,21,,37374,12,,,1
6010201,'74',909,,37375,12,,,1,16,,37376,12,,,1,16,,37377,12,,,1,60,,37378,12,,,1,16,,37379,12,,,1,16,,37380,12,,,1,16,,37381,12,,,1,56,,37382,12,,,1,19,,37383,12,,,1,16,,37384,12,,,1,18,,37385,12,,,1,56,,37386,12,,,1,16,,37387,12,,,1,16,,37388,12,,,1,56,,37389,12,,,1,18,,37390,12,,,1,13,,37391,12,,,1,15,,37392,12,,,1,55,,37393,12,,,1,15,,37394,12,,,1,15,,37395,12,,,1,15,,37396,12,,,1,55,,37397,12,,,1,15,,37398,12,,,1,15,,37399,12,,,1,15,,37400,12,,,1,55,,37401,12,,,1,15,,37402,12,,,1,15,,37403,12,,,1,15,,37404,12,,,1,55,,37405,12,,,1,15,,37406,12,,,1,15,,37407,12,,,1,15,,37408,12,,,1,55,,37409,12,,,1,13,,37410,12,,,1,15,,37411,12,,,1,14,,37412,12,,,1,55,,37413,12,,,1,13,,37414,12,,,1,14,,37415,12,,,1,12,,37416,12,,,1,15,,37417,12,,,1,55,,37418,12,,,1,15,,37419,12,,,1
6010201,'80',944,,37420,12,,,1,64,,37421,12,,,1,20,,37422,12,,,1,20,,37423,12,,,1,61,,37424,12,,,1,21,,37425,12,,,1,24,,37426,12,,,1,61,,37427,12,,,1,21,,37428,12,,,1,21,,37429,12,,,1,62,,37430,12,,,1,21,,37431,12,,,1,61,,37432,12,,,1,21,,37433,12,,,1,21,,37434,12,,,1,61,,37435,12,,,1,21,,37436,12,,,1,22,,37437,12,,,1,63,,37438,12,,,1,21,,37439,12,,,1,20,,37440,12,,,1,61,,37441,12,,,1,21,,37442,12,,,1,21,,37443,12,,,1,57,,37444,12,,,1,21,,37445,12,,,1,19,,37446,12,,,1,59,,37447,12,,,1,21,,37448,12,,,1,19,,37449,12,,,1,61,,37450,12,,,1,18,,37451,12,,,1,21,,37452,12,,,1
