5201,'1',543,,4419,30,,,1,95,,4420,30,,,1,105,,4421,30,,,1,100,,4426,30,,,1,105,,4425,30,,,1,500,,4424,19,,,1,100,,4422,19,,,1,100,,4423,19,,,1,100,,4428,19,,,1,100,,4427,19,,,1
9801,'1',507,,7165,5,,,1,35,,7164,5,,,1,75,,7163,5,,,1,35,,7162,5,,,1,75,,7161,5,,,1,75,,7160,5,,,1,35,,7159,5,,,1,75,,7158,5,,,1,35,,7171,5,,,1,98,,7170,5,,,1,98,,7169,5,,,1,98,,7168,5,,,1,99,,7167,5,,,1,80,,7166,5,,,1,80,,7181,5,,,1,40,,7180,5,,,1,80,,7179,5,,,1,80,,7178,5,,,1,40,,7177,5,,,1,79,,7176,5,,,1,40,,7175,5,,,1,91,,7174,5,,,1,91,,7173,5,,,1,88,,7172,5,,,1
9801,'2',517,,7200,5,,,1,86,,7199,5,,,1,46,,7198,5,,,1,86,,7197,5,,,1,86,,7196,5,,,1,94,,7195,5,,,1,94,,7194,5,,,1,94,,7193,5,,,1,54,,7192,5,,,1,99,,7191,5,,,1,98,,7190,5,,,1,98,,7189,5,,,1,98,,7188,5,,,1,98,,7187,5,,,1,98,,7186,5,,,1,97,,7185,5,,,1,89,,7184,5,,,1,89,,7183,5,,,1,89,,7182,5,,,1
9801,'3',658,,7217,5,,,1,88,,7218,5,,,1,88,,7216,5,,,1,88,,7215,5,,,1,88,,7214,5,,,1,93,,7213,5,,,1,53,,7212,5,,,1,93,,7211,5,,,1,93,,7210,5,,,1,93,,7209,5,,,1,93,,7208,5,,,1,93,,7207,5,,,1,93,,7206,5,,,1,93,,7205,5,,,1,48,,7204,5,,,1,89,,7203,5,,,1,87,,7202,5,,,1,88,,7201,5,,,1
9801,'80',658,,7235,5,,,1,88,,7236,5,,,1,88,,7234,5,,,1,88,,7233,5,,,1,88,,7232,5,,,1,93,,7231,5,,,1,53,,7230,5,,,1,93,,7229,5,,,1,93,,7228,5,,,1,93,,7227,5,,,1,93,,7226,5,,,1,93,,7225,5,,,1,93,,7224,5,,,1,93,,7223,5,,,1,48,,7222,5,,,1,89,,7221,5,,,1,87,,7220,5,,,1,88,,7219,5,,,1
9801,'81',658,,7253,5,,,1,88,,7254,5,,,1,88,,7252,5,,,1,88,,7251,5,,,1,88,,7250,5,,,1,93,,7249,5,,,1,53,,7248,5,,,1,93,,7247,5,,,1,93,,7246,5,,,1,93,,7245,5,,,1,93,,7244,5,,,1,93,,7243,5,,,1,93,,7242,5,,,1,93,,7241,5,,,1,48,,7240,5,,,1,89,,7239,5,,,1,87,,7238,5,,,1,88,,7237,5,,,1
989901,'1',2152,,11627,5,,,1,72,,11628,5,,,1,78,,11629,5,,,1,37,,11630,5,,,1,75,,11631,5,,,1,32,,11632,5,,,1,75,,11633,5,,,1,35,,11634,5,,,1
989901,'2',2157,,11635,5,,,1,94,,11636,5,,,1,83,,11637,5,,,1,91,,11640,5,,,1,86,,11638,5,,,1,46,,11639,5,,,1
989901,'3',2210,,11641,5,,,1,90,,11642,5,,,1,43,,11643,5,,,1,90,,11644,5,,,1,79,,11645,5,,,1,43,,11646,5,,,1
989901,'80',2210,,11647,5,,,1,90,,11648,5,,,1,43,,11649,5,,,1,90,,11650,5,,,1,79,,11651,5,,,1,43,,11652,5,,,1
989901,'81',2210,,11653,5,,,1,90,,11654,5,,,1,43,,11655,5,,,1,90,,11656,5,,,1,79,,11657,5,,,1,43,,11658,5,,,1
