9800,'1',639,3,7091,50,,,1,75,3,7090,50,,,1,35,3,7089,50,,,1,75,3,7088,50,,,1,35,3,7087,50,,,1,75,3,7086,50,,,1,98,3,7082,50,,,1,98,3,7079,50,,,1,96,3,7084,50,,,1,98,3,7083,50,,,1,80,3,7071,50,,,1,39,3,7081,50,,,1,80,3,7080,50,,,1,80,3,7078,50,,,1,40,3,7077,50,,,1,80,3,7076,50,,,1,83,3,7075,50,,,1,40,3,7074,50,,,1,92,3,7073,50,,,1,91,3,7072,50,,,1,88,3,7085,50,,,1
9800,'2',638,3,7109,50,,,1,86,3,7108,50,,,1,85,3,7107,50,,,1,94,3,7106,50,,,1,53,3,7105,50,,,1,92,3,7104,50,,,1,94,3,7103,50,,,1,98,3,7102,50,,,1,98,3,7101,50,,,1,97,3,7100,50,,,1,98,3,7099,50,,,1,98,3,7098,50,,,1,99,3,7097,50,,,1,100,3,7096,50,,,1,89,3,7095,50,,,1,91,3,7094,50,,,1,49,3,7093,50,,,1,85,3,7092,50,,,1
9800,'3',822,3,7125,50,,,1,88,3,7124,50,,,1,48,3,7123,50,,,1,93,3,7122,50,,,1,93,3,7121,50,,,1,91,3,7120,50,,,1,93,3,7119,50,,,1,93,3,7118,50,,,1,93,3,7117,50,,,1,93,3,7116,50,,,1,93,43,7115,50,,,1,55,3,7114,50,,,1,88,3,7113,50,,,1,90,3,7112,50,,,1,87,3,7111,50,,,1,88,3,7110,50,,,1
9800,'80',822,3,7141,50,,,1,88,3,7140,50,,,1,48,3,7139,50,,,1,93,3,7138,50,,,1,93,3,7137,50,,,1,91,3,7136,50,,,1,93,3,7135,50,,,1,93,3,7134,50,,,1,93,3,7133,50,,,1,93,3,7132,50,,,1,93,43,7131,50,,,1,55,3,7130,50,,,1,88,3,7129,50,,,1,90,3,7128,50,,,1,87,3,7127,50,,,1,88,3,7126,50,,,1
9800,'81',822,3,7157,50,,,1,88,3,7156,50,,,1,48,3,7155,50,,,1,93,3,7154,50,,,1,93,3,7153,50,,,1,91,3,7152,50,,,1,93,3,7151,50,,,1,93,3,7150,50,,,1,93,3,7149,50,,,1,93,3,7148,50,,,1,93,43,7147,50,,,1,55,3,7146,50,,,1,88,3,7145,50,,,1,90,3,7144,50,,,1,87,3,7143,50,,,1,88,3,7142,50,,,1
9801,'1',514,2,7165,9,,,1,35,2,7164,9,,,1,75,2,7163,9,,,1,35,2,7162,9,,,1,75,2,7161,9,,,1,75,2,7160,9,,,1,35,2,7159,9,,,1,75,2,7158,9,,,1,35,2,7171,9,,,1,99,2,7170,9,,,1,98,2,7169,9,,,1,98,2,7168,9,,,1,99,2,7167,9,,,1,80,2,7166,9,,,1,80,2,7181,9,,,1,40,2,7180,9,,,1,80,2,7179,9,,,1,80,2,7178,9,,,1,40,2,7177,9,,,1,79,2,7176,9,,,1,80,2,7175,9,,,1,51,2,7174,9,,,1,90,2,7173,9,,,1,88,2,7172,9,,,1
9801,'2',523,2,7200,9,,,1,86,2,7199,9,,,1,46,2,7198,9,,,1,86,2,7197,9,,,1,86,2,7196,9,,,1,94,2,7195,9,,,1,94,2,7194,9,,,1,96,2,7193,9,,,1,94,2,7192,9,,,1,100,2,7191,9,,,1,98,2,7190,9,,,1,98,42,7189,9,,,1,57,2,7188,9,,,1,98,2,7187,9,,,1,98,2,7186,9,,,1,97,2,7185,9,,,1,87,2,7184,9,,,1,89,2,7183,9,,,1,89,2,7182,9,,,1
9801,'3',704,2,7217,9,,,1,48,2,7218,9,,,1,88,2,7216,9,,,1,88,2,7215,9,,,1,88,2,7214,9,,,1,94,2,7213,9,,,1,93,2,7212,9,,,1,53,2,7211,9,,,1,94,2,7210,9,,,1,93,2,7209,9,,,1,93,2,7208,9,,,1,93,2,7207,9,,,1,93,2,7206,9,,,1,93,2,7205,9,,,1,87,2,7204,9,,,1,48,2,7203,9,,,1,87,2,7202,9,,,1,88,2,7201,9,,,1
9801,'80',704,2,7235,9,,,1,48,2,7236,9,,,1,88,2,7234,9,,,1,88,2,7233,9,,,1,88,2,7232,9,,,1,94,2,7231,9,,,1,93,2,7230,9,,,1,53,2,7229,9,,,1,94,2,7228,9,,,1,93,2,7227,9,,,1,93,2,7226,9,,,1,93,2,7225,9,,,1,93,2,7224,9,,,1,93,2,7223,9,,,1,87,2,7222,9,,,1,48,2,7221,9,,,1,87,2,7220,9,,,1,88,2,7219,9,,,1
9801,'81',704,2,7253,9,,,1,48,2,7254,9,,,1,88,2,7252,9,,,1,88,2,7251,9,,,1,88,2,7250,9,,,1,94,2,7249,9,,,1,93,2,7248,9,,,1,53,2,7247,9,,,1,94,2,7246,9,,,1,93,2,7245,9,,,1,93,2,7244,9,,,1,93,2,7243,9,,,1,93,2,7242,9,,,1,93,2,7241,9,,,1,87,2,7240,9,,,1,48,2,7239,9,,,1,87,2,7238,9,,,1,88,2,7237,9,,,1
989900,'1',2140,,11580,93,0,198 199,1,73,,11581,93,0,198 199,1,38,,11582,93,0,198 199,1,78,,11583,93,0,198 199,1,75,,11584,93,0,198 199,1,32,,11585,93,0,198 199,1,75,,11586,93,0,198 199,1,35,,11587,93,0,198 199,1,73,,11588,93,4,,1,35,,11589,93,4,,1,79,,11590,93,4,,1
989900,'2',2145,,11591,93,0,198 199,1,94,,11592,93,0,198 199,1,85,,11593,93,0,198 199,1,91,,11594,93,0,198 199,1,86,,11595,93,0,198 199,1,46,,11596,93,0,198 199,1,80,,11597,93,4,,1,86,,11598,93,4,,1,46,,11599,93,4,,1
989900,'3',2159,,11600,93,0,198 199,1,90,,11601,93,0,198 199,1,84,,11602,93,0,198 199,1,90,,11603,93,0,198 199,1,79,,11604,93,0,198 199,1,43,,11605,93,0,198 199,1,78,,11606,93,4,,1,83,,11607,93,4,,1,43,,11608,93,4,,1
989900,'80',2159,,11609,93,0,198 199,1,90,,11610,93,0,198 199,1,84,,11611,93,0,198 199,1,90,,11612,93,0,198 199,1,79,,11613,93,0,198 199,1,43,,11614,93,0,198 199,1,78,,11615,93,4,,1,83,,11616,93,4,,1,43,,11617,93,4,,1
989900,'81',2159,,11618,93,0,198 199,1,90,,11619,93,0,198 199,1,84,,11620,93,0,198 199,1,90,,11621,93,0,198 199,1,79,,11622,93,0,198 199,1,43,,11623,93,0,198 199,1,78,,11624,93,4,,1,83,,11625,93,4,,1,43,,11626,93,4,,1
989901,'1',2156,,11627,9,,,1,72,,11628,9,,,1,78,,11629,9,,,1,37,,11630,9,,,1,75,,11631,9,,,1,32,,11632,9,,,1,75,,11633,9,,,1,75,,11634,9,,,1
989901,'2',2201,,11635,9,,,1,54,,11636,9,,,1,83,,11637,9,,,1,91,,11640,9,,,1,85,,11638,9,,,1,86,,11639,9,,,1
989901,'3',2214,,11641,9,,,1,90,,11642,9,,,1,43,,11643,9,,,1,90,,11644,9,,,1,79,,11645,9,,,1,43,,11646,9,,,1
989901,'80',2214,,11647,9,,,1,90,,11648,9,,,1,43,,11649,9,,,1,90,,11650,9,,,1,79,,11651,9,,,1,43,,11652,9,,,1
989901,'81',2214,,11653,9,,,1,90,,11654,9,,,1,43,,11655,9,,,1,90,,11656,9,,,1,79,,11657,9,,,1,43,,11658,9,,,1
