600,'1',425,,24934,15,,,1,30,,24935,15,,,1,62,,24936,15,,,1,22,,24937,15,,,1,62,,24938,15,,,1,22,,24939,15,,,1,22,,24940,15,,,1,69,,24941,15,,,1,23,,24942,15,,,1,71,,24943,15,,,1,26,,24944,15,,,1,67,,24945,15,,,1,26,,24946,15,,,1,76,,24947,15,,,1,36,,24948,15,,,1,76,,24949,15,,,1,36,,24950,15,,,1,76,,24951,15,,,1,76,,24952,15,,,1,36,,24953,15,,,1,67,,24954,15,,,1,28,,24955,15,,,1,68,,24956,15,,,1,27,,24957,15,,,1,27,,24958,15,,,1,67,,24959,15,,,1,27,,24960,15,,,1,67,,24961,15,,,1,27,,24962,15,,,1,66,,24963,15,,,1,27,,24964,15,,,1,67,,24965,15,,,1,26,,24966,15,,,1,74,,24967,15,,,1,34,,24968,15,,,1,74,,24969,15,,,1,34,,24970,15,,,1,103,,24971,15,,,1,103,,24972,15,,,1,103,,24973,15,,,1
600,'2',550,,24974,15,,,1,70,,24975,15,,,1,26,,24976,15,,,1,71,,24977,15,,,1,33,,24978,15,,,1,81,,24979,15,,,1,75,,24980,15,,,1,32,,24981,15,,,1,72,,24982,15,,,1,32,,24983,15,,,1,72,,24984,15,,,1,32,,24985,15,,,1,72,,24986,15,,,1,32,,24987,15,,,1,72,,24988,15,,,1,32,,24989,15,,,1,78,,24990,15,,,1,77,,24991,15,,,1,37,,24992,15,,,1,78,,24993,15,,,1,76,,24994,15,,,1,38,,24995,15,,,1,75,,24996,15,,,1,35,,24997,15,,,1,70,,24998,15,,,1,33,,24999,15,,,1,99,,25000,15,,,1,95,,25001,15,,,1,95,,25002,15,,,1,95,,25003,15,,,1
600,'3',605,,25004,15,,,1,27,,25005,15,,,1,69,,25006,15,,,1,35,,25007,15,,,1,69,,25008,15,,,1,41,,25009,15,,,1,75,,25010,15,,,1,32,,25011,15,,,1,72,,25012,15,,,1,32,,25013,15,,,1,72,,25014,15,,,1,72,,25015,15,,,1,32,,25016,15,,,1,72,,25017,15,,,1,32,,25018,15,,,1,73,,25019,15,,,1,39,,25020,15,,,1,76,,25021,15,,,1,77,,25022,15,,,1,37,,25023,15,,,1,77,,25024,15,,,1,37,,25025,15,,,1,73,,25026,15,,,1,77,,25027,15,,,1,30,,25028,15,,,1,100,,25029,15,,,1,97,,25030,15,,,1,98,,25031,15,,,1,98,,25032,15,,,1
600,'74',550,,25033,15,,,1,70,,25034,15,,,1,26,,25035,15,,,1,71,,25036,15,,,1,33,,25037,15,,,1,81,,25038,15,,,1,75,,25039,15,,,1,32,,25040,15,,,1,72,,25041,15,,,1,32,,25042,15,,,1,72,,25043,15,,,1,32,,25044,15,,,1,72,,25045,15,,,1,32,,25046,15,,,1,72,,25047,15,,,1,32,,25048,15,,,1,78,,25049,15,,,1,77,,25050,15,,,1,37,,25051,15,,,1,78,,25052,15,,,1,76,,25053,15,,,1,38,,25054,15,,,1,75,,25055,15,,,1,35,,25056,15,,,1,70,,25057,15,,,1,33,,25058,15,,,1,99,,25059,15,,,1,95,,25060,15,,,1,95,,25061,15,,,1,95,,25062,15,,,1
600,'80',605,,25063,15,,,1,27,,25064,15,,,1,69,,25065,15,,,1,35,,25066,15,,,1,69,,25067,15,,,1,41,,25068,15,,,1,75,,25069,15,,,1,32,,25070,15,,,1,72,,25071,15,,,1,32,,25072,15,,,1,72,,25073,15,,,1,72,,25074,15,,,1,32,,25075,15,,,1,72,,25076,15,,,1,32,,25077,15,,,1,73,,25078,15,,,1,39,,25079,15,,,1,76,,25080,15,,,1,77,,25081,15,,,1,37,,25082,15,,,1,77,,25083,15,,,1,37,,25084,15,,,1,73,,25085,15,,,1,77,,25086,15,,,1,30,,25087,15,,,1,100,,25088,15,,,1,97,,25089,15,,,1,98,,25090,15,,,1,98,,25091,15,,,1
601,'1',2213,,25124,26,4,,1,387,,25129,26,4,,1
601,'2',2016,,25153,26,4,,1,413,,25159,26,4,,1
601,'3',2004,,25183,26,4,,1,419,,25189,26,4,,1
601,'74',2016,,25213,26,4,,1,413,,25219,26,4,,1
601,'80',2004,,25243,26,4,,1,419,,25249,26,4,,1
36101,'1',605,,34011,15,,,1,24,,34012,15,,,1,72,,34013,15,,,1,24,,34014,15,,,1,26,,34015,15,,,1,66,,34016,15,,,1,25,,34017,15,,,1,60,,34018,15,,,1,25,,34019,15,,,1,581,,34020,15,,,1,25,,34021,15,,,1,25,,34022,15,,,1,67,,34023,15,,,1,24,,34024,15,,,1,69,,34025,15,,,1,23,,34026,15,,,1,65,,34027,15,,,1,23,,34028,15,,,1
