301,'1',520,,507,14,,,1,32,,508,14,,,1,72,,509,14,,,1,33,,510,14,,,1,72,,511,14,,,1,74,,512,14,,,1,32,,513,14,,,1,71,,514,14,,,1,32,,506,14,,,1,77,,530,14,,,1,86,,515,14,,,1,46,,516,14,,,1,86,,517,14,,,1,86,,518,14,,,1,86,,519,14,,,1,47,,520,14,,,1,67,,521,14,,,1,32,,522,14,,,1,72,,523,14,,,1,32,,524,14,,,1,72,,525,14,,,1,32,,526,14,,,1,70,,527,14,,,1,72,,528,14,,,1,26,,529,14,,,1,29,,535,14,,,1,66,,532,14,,,1,83,,533,14,,,1,40,,534,14,0,25 26,1
301,'2',758,,538,14,,,1,143,,537,14,,,1,104,,542,14,,,1,105,,539,14,,,1,105,,540,14,,,1,105,,541,14,,,1,105,,543,14,,,1,106,,544,14,,,1,106,,545,14,,,1,106,,546,14,,,1,106,,547,14,,,1,102,,548,14,,,1,102,,549,14,,,1,102,,536,14,0,25 26,1
301,'3',918,,557,14,,,1,102,,556,14,,,1,102,,555,14,,,1,102,,554,14,,,1,102,,553,14,,,1,102,,552,14,,,1,102,,551,14,,,1,102,,550,14,,,1,102,,562,14,,,1,102,,561,14,,,1,102,,560,14,,,1,98,,559,14,,,1,98,,558,14,0,25 26,1
301,'80',918,,570,14,,,1,102,,569,14,,,1,102,,568,14,,,1,102,,567,14,,,1,102,,566,14,,,1,102,,565,14,,,1,102,,564,14,,,1,102,,563,14,,,1,102,,573,14,,,1,102,,572,14,,,1,102,,571,14,,,1,98,,575,14,,,1,98,,574,14,0,25 26,1
301,'81',918,,583,14,,,1,102,,582,14,,,1,102,,581,14,,,1,102,,580,14,,,1,102,,579,14,,,1,102,,578,14,,,1,102,,577,14,,,1,102,,576,14,,,1,102,,588,14,,,1,102,,587,14,,,1,102,,586,14,,,1,98,,585,14,,,1,98,,584,14,0,25 26,1
9000,'1',626,,6184,20,,,1,12,,6185,20,,,1,10,,6186,20,,,1,11,,6187,20,,,1,51,,6188,20,,,1,16,,6189,20,,,1,12,,6190,20,,,1,14,,6191,20,,,1,51,,6192,20,,,1,16,,6193,20,,,1,13,,6194,20,,,1,8,,6195,20,,,1,15,,6196,20,,,1,53,,6197,20,,,1,13,,6198,20,,,1,13,,6199,20,,,1,13,,6200,20,,,1,72,,6201,20,,,1,32,,6202,20,,,1,72,,6203,20,,,1,31,,6204,20,,,1,73,,6205,20,,,1,32,,6206,20,,,1,72,,6207,20,,,1,73,,6208,20,,,1,30,,6209,20,,,1,5,,6243,4,,,1,9,,6210,20,,,1,56,,6211,20,,,1,13,,6212,20,,,1,14,,6213,20,,,1,14,,6214,20,,,1,14,,6215,20,,,1,53,,6216,20,,,1,16,,6217,20,,,1,11,,6218,20,,,1,16,,6219,20,,,1,54,,6220,20,,,1,14,,6221,20,,,1,14,,6222,20,,,1,14,,6223,20,,,1,53,,6224,20,,,1,14,,6225,20,,,1,12,,6226,20,,,1,14,,6227,20,,,1,13,,6228,20,,,1,55,,6229,20,,,1,13,,6230,20,,,1,14,,6231,20,,,1,82,,6232,20,,,1,82,,6233,20,,,1,39,,6234,20,,,1,83,,6235,20,,,1,82,,6236,20,,,1,42,,6237,20,,,1
9000,'2',644,,6245,20,,,1,81,,6246,20,,,1,82,,6247,20,,,1,35,,6254,20,,,1,72,,6255,20,,,1,32,,6256,20,,,1,72,,6257,20,,,1,32,,6258,20,,,1,72,,6259,20,,,1,32,,6260,20,,,1,72,,6261,20,,,1,32,,6262,20,,,1,72,,6263,20,,,1,72,,6264,20,,,1,32,,6265,20,,,1,72,,6266,20,,,1,32,,6267,20,,,1,72,,6268,20,,,1,31,,6269,20,,,1,72,,6270,20,,,1,32,,6271,20,,,1,72,,6272,20,,,1,32,,6273,20,,,1,69,,6274,20,,,1,31,,6275,20,,,1,71,,6276,20,,,1,80,,6248,20,,,1,41,,6249,20,,,1,81,,6250,20,,,1,81,,6251,20,,,1,41,,6252,20,,,1,81,,6253,20,,,1
9000,'3',854,,6277,20,,,1,83,,6279,20,,,1,82,,6280,20,,,1,82,,6281,20,,,1,42,,6282,20,,,1,85,,6283,20,,,1,85,,6284,20,,,1,45,,6285,20,,,1,85,,6286,20,,,1,85,,6287,20,,,1,85,,6288,20,,,1,45,,6289,20,,,1,84,,6290,20,,,1,84,,6291,20,,,1,81,,6292,20,,,1,44,,6293,20,,,1,79,,6294,20,,,1,81,,6295,20,,,1,39,,6296,20,,,1,79,,6297,20,,,1
9000,'80',854,,6298,20,,,1,83,,6300,20,,,1,82,,6301,20,,,1,82,,6302,20,,,1,42,,6303,20,,,1,85,,6304,20,,,1,85,,6305,20,,,1,45,,6306,20,,,1,85,,6307,20,,,1,85,,6308,20,,,1,85,,6309,20,,,1,45,,6310,20,,,1,84,,6311,20,,,1,84,,6312,20,,,1,81,,6313,20,,,1,44,,6314,20,,,1,79,,6315,20,,,1,81,,6316,20,,,1,39,,6317,20,,,1,79,,6318,20,,,1
9000,'81',854,,6319,20,,,1,83,,6321,20,,,1,82,,6322,20,,,1,82,,6323,20,,,1,42,,6324,20,,,1,85,,6325,20,,,1,85,,6326,20,,,1,45,,6327,20,,,1,85,,6328,20,,,1,85,,6329,20,,,1,85,,6330,20,,,1,45,,6331,20,,,1,84,,6332,20,,,1,84,,6333,20,,,1,81,,6334,20,,,1,44,,6335,20,,,1,79,,6336,20,,,1,81,,6337,20,,,1,39,,6338,20,,,1,79,,6339,20,,,1
900200,'1',556,,11509,20,,,1,59,,11510,20,,,1,19,,11511,20,,,1,20,,11512,20,,,1,60,,11513,20,,,1,25,,11514,20,,,1,63,,11515,20,,,1,23,,11516,20,,,1,23,,11517,20,,,1,63,,11518,20,,,1,25,,11519,20,,,1,21,,11520,20,,,1,58,,11521,20,,,1,513,,11522,20,0,16 17,1,24,,11523,20,0,16 17,1,63,,11524,20,0,16 17,1,22,,11525,20,0,16 17,1,22,,11526,20,0,16 17,1,65,,11527,20,0,16 17,1,22,,11528,20,0,16 17,1,62,,11529,20,0,16 17,1,23,,11530,20,0,16 17,1,19,,11531,20,0,16 17,1,59,,11532,20,0,16 17,1,19,,11533,20,0,16 17,1
