9600,'1',603,,6908,4,,,1,42,,6907,4,,,1,71,,6906,4,,,1,37,,6905,4,,,1,67,,6904,4,,,1,80,,6901,4,,,1,34,,6902,4,,,1,70,,6903,4,,,1,32,,6916,4,,,1,70,,6915,4,,,1,39,,6909,4,,,1,79,,6910,4,,,1,79,,6911,4,,,1,39,,6912,4,,,1,65,,6913,4,,,1,46,,6914,4,,,1,83,,6922,4,,,1,67,,6921,4,,,1,28,,6920,4,,,1,27,,6917,4,,,1,67,,6918,4,,,1,26,,6919,4,,,1,67,,6925,4,,,1,25,,6926,4,,,1,14,,6936,4,,,1,55,,6924,4,,,1,25,,6923,4,,,1,75,,6933,4,,,1,30,,6932,4,,,1,15,,6935,4,,,1,55,,6927,4,,,1,30,,6928,4,,,1,70,,6929,4,,,1,30,,6930,4,,,1,70,,6931,4,,,1,17,,6934,4,,,1
9600,'2',929,,6937,4,,,1,99,,6938,4,,,1,99,,6939,4,,,1,99,,6940,4,,,1,99,,6941,4,,,1,99,,6942,4,,,1,99,,6943,4,,,1,99,,6944,4,,,1,96,,6945,4,,,1,97,,6946,4,,,1,87,,6947,4,,,1,48,,6948,4,,,1,97,,6949,4,,,1
9600,'3',1023,,6950,4,,,1,94,,6951,4,,,1,94,,6952,4,,,1,94,,6953,4,,,1,54,,6954,4,,,1,94,,6955,4,,,1,94,,6956,4,,,1,94,,6957,4,,,1,93,,6958,4,,,1,94,,6959,4,,,1,94,,6960,4,,,1,94,,6961,4,,,1
9600,'80',1023,,6962,4,,,1,94,,6963,4,,,1,94,,6964,4,,,1,94,,6965,4,,,1,54,,6966,4,,,1,94,,6967,4,,,1,94,,6968,4,,,1,94,,6969,4,,,1,93,,6970,4,,,1,94,,6971,4,,,1,94,,6972,4,,,1,94,,6973,4,,,1
9600,'81',1023,,6974,4,,,1,94,,6975,4,,,1,94,,6976,4,,,1,94,,6977,4,,,1,54,,6978,4,,,1,94,,6979,4,,,1,94,,6980,4,,,1,94,,6981,4,,,1,93,,6982,4,,,1,94,,6983,4,,,1,94,,6984,4,,,1,94,,6985,4,,,1
10700,'1',444,,7861,4,,,1,64,,7860,4,,,1,24,,7859,4,,,1,24,,7858,4,,,1,57,,7857,4,,,1,16,,7856,4,,,1,21,,7855,4,,,1,51,,7854,4,,,1,15,,7853,4,,,1,19,,7852,4,,,1,16,,7851,4,,,1,52,,7850,4,,,1,18,,7849,4,,,1,16,,7848,4,,,1,15,,7847,4,,,1,83,,7846,4,,,1,82,,7845,4,,,1,42,,7844,4,,,1,82,,7843,4,,,1,83,,7842,4,,,1,82,,7841,4,,,1,42,,7840,4,,,1,59,,7839,4,,,1,18,,7838,4,,,1,18,,7889,4,,,1,59,,7888,4,,,1,18,,7887,4,,,1,18,,7886,4,,,1,18,,7885,4,,,1,61,,7884,4,,,1,16,,7883,4,,,1,18,,7882,4,,,1,58,,7881,4,,,1,20,,7880,4,,,1,16,,7879,4,,,1,58,,7878,4,,,1,16,,7877,4,,,1,18,,7876,4,,,1,80,,7875,4,,,1,41,,7874,4,,,1,80,,7873,4,,,1,80,,7872,4,,,1,34,,7871,4,,,1,74,,7870,4,,,1,74,,7869,4,,,1,34,,7868,4,,,1,74,,7867,4,,,1,34,,7866,4,,,1,74,,7865,4,,,1,34,,7864,4,,,1,73,,7863,4,,,1,34,,7862,4,,,1
10700,'2',619,,7892,4,,,1,38,,7891,4,,,1,77,,7890,4,,,1,77,,7893,4,,,1,37,,7894,4,,,1,77,,7895,4,,,1,77,,7896,4,,,1,37,,7897,4,,,1,77,,7898,4,,,1,37,,7899,4,,,1,76,,7900,4,,,1,77,,7901,4,,,1,37,,7902,4,,,1,77,,7903,4,,,1,37,,7904,4,,,1,77,,7905,4,,,1,77,,7906,4,,,1,37,,7907,4,,,1,77,,7908,4,,,1,77,,7909,4,,,1,37,,7910,4,,,1,77,,7911,4,,,1,37,,7912,4,,,1,77,,7913,4,,,1,77,,7914,4,,,1,37,,7915,4,,,1,77,,7916,4,,,1,37,,7917,4,,,1,77,,7918,4,,,1,77,,7919,4,,,1,37,,7920,4,,,1,77,,7921,4,,,1,77,,7923,4,,,1,37,,7922,4,,,1
10700,'3',810,,7937,4,,,1,37,,7938,4,,,1,77,,7939,4,,,1,77,,7940,4,,,1,37,,7941,4,,,1,77,,7942,4,,,1,37,,7943,4,,,1,77,,7944,4,,,1,77,,7945,4,,,1,37,,7946,4,,,1,77,,7947,4,,,1,37,,7948,4,,,1,77,,7952,4,,,1,77,,7951,4,,,1,37,,7953,4,,,1,77,,7954,4,,,1,77,,7955,4,,,1,37,,7956,4,,,1,77,,7924,4,,,1,37,,7925,4,,,1,77,,7926,4,,,1,77,,7949,4,,,1,37,,7927,4,,,1,77,,7928,4,,,1,37,,7929,4,,,1,77,,7930,4,,,1,77,,7931,4,,,1,37,,7932,4,,,1,77,,7933,4,,,1,77,,7950,4,,,1,37,,7934,4,,,1
10700,'80',810,,7970,4,,,1,37,,7971,4,,,1,77,,7972,4,,,1,77,,7973,4,,,1,37,,7974,4,,,1,77,,7975,4,,,1,37,,7976,4,,,1,77,,7977,4,,,1,77,,7978,4,,,1,37,,7979,4,,,1,77,,7980,4,,,1,37,,7981,4,,,1,77,,7985,4,,,1,77,,7984,4,,,1,37,,7986,4,,,1,77,,7987,4,,,1,77,,7988,4,,,1,37,,7989,4,,,1,77,,7957,4,,,1,37,,7958,4,,,1,77,,7959,4,,,1,77,,7982,4,,,1,37,,7960,4,,,1,77,,7961,4,,,1,37,,7962,4,,,1,77,,7963,4,,,1,77,,7964,4,,,1,37,,7965,4,,,1,77,,7966,4,,,1,77,,7983,4,,,1,37,,7967,4,,,1
10700,'81',810,,7995,4,,,1,37,,7996,4,,,1,77,,7997,4,,,1,77,,7998,4,,,1,37,,7999,4,,,1,77,,8000,4,,,1,37,,8001,4,,,1,77,,8002,4,,,1,77,,8003,4,,,1,37,,8004,4,,,1,77,,8005,4,,,1,37,,8006,4,,,1,77,,8009,4,,,1,77,,8008,4,,,1,37,,8010,4,,,1,77,,8011,4,,,1,77,,8012,4,,,1,37,,8013,4,,,1,77,,7990,4,,,1,37,,7991,4,,,1,77,,7992,4,,,1,77,,8007,4,,,1,37,,8014,4,,,1,77,,8015,4,,,1,37,,8016,4,,,1,77,,8017,4,,,1,77,,8018,4,,,1,37,,8019,4,,,1,77,,8020,4,,,1,77,,8022,4,,,1,37,,8021,4,,,1
1070200,'1',505,,11676,4,,,1,12,,11675,4,,,1,12,,11674,4,,,1,12,,11673,4,,,1,12,,11672,4,,,1,52,,11671,4,,,1,12,,11670,4,,,1,16,,11669,4,,,1,8,,11668,4,,,1,13,,11667,4,,,1,52,,11666,4,,,1,12,,11665,4,,,1,12,,11664,4,,,1,12,,11663,4,,,1,12,,11662,4,,,1,52,,11661,4,,,1,12,,11660,4,,,1,12,,11659,4,,,1,27,,11688,4,,,1,65,,11687,4,,,1,26,,11686,4,,,1,65,,11685,4,,,1,26,,11684,4,,,1,66,,11683,4,,,1,26,,11682,4,,,1,26,,11681,4,,,1,70,,11680,4,,,1,22,,11679,4,,,1,66,,11678,4,,,1,26,,11677,4,,,1,68,,11689,4,,,1,16,,11690,4,,,1,16,,11691,4,,,1,16,,11692,4,,,1,56,,11693,4,,,1,16,,11694,4,,,1,16,,11695,4,,,1,56,,11696,4,,,1,19,,11697,4,,,1,19,,11698,4,,,1,19,,11699,4,,,1,58,,11700,4,,,1,19,,11701,4,,,1,19,,11702,4,,,1,70,,11703,4,,,1,22,,11704,4,,,1
