100,'1',417,,12536,40,,,1,38,,12535,40,,,1,71,,12534,40,,,1,82,,12562,55,,,1,38,,12561,55,,,1,83,,12559,55,,,1,79,,12560,55,,,1,32,,12558,55,,,1,75,,12557,55,,,1,35,,12556,55,,,1,107,,12555,55,,,1,153,,12554,55,,,1,112,,12553,55,,,1,116,,12552,55,,,1,87,,12563,55,,,1,84,,12551,55,,,1,31,,12550,55,,,1,77,,12549,55,,,1,31,,12548,55,,,1,74,,12547,55,,,1,34,,12546,55,,,1,65,,12545,55,,,1,23,,12544,55,,,1,97,,12543,55,,,1,102,,12542,55,,,1,100,,12541,55,,,1,91,,12540,55,,,1,95,,12539,55,,,1,89,,12538,55,,,1,95,,12537,55,,,1
100,'2',616,,12586,40,,,1,96,,12564,55,,,1,103,,12565,55,,,1,107,,12566,55,,,1,103,,12567,55,,,1,112,,12568,55,,,1,95,,12569,55,,,1,87,,12570,55,,,1,103,,12571,55,,,1,92,,12572,55,,,1,92,,12573,55,,,1,52,,12574,55,,,1,86,,12575,55,,,1,92,,12576,55,,,1,91,,12577,55,,,1,81,,12578,55,,,1,92,,12579,55,,,1,50,,12580,55,,,1,97,,12581,55,,,1,97,,12582,55,,,1,94,,12583,55,,,1,92,,12584,55,,,1,96,,12585,55,,,1
100,'3',806,,12602,40,,,1,51,,12587,55,,,1,159,,12588,55,,,1,115,,12589,55,,,1,115,,12590,55,,,1,155,,12591,55,,,1,112,,12592,55,,,1,107,,12593,55,,,1,112,,12594,55,,,1,110,,12595,55,,,1,108,,12596,55,,,1,95,,12597,55,,,1,99,,12598,55,,,1,99,,12599,55,,,1,94,,12600,55,,,1,99,,12601,55,,,1
100,'80',806,,12618,40,,,1,51,,12603,55,,,1,159,,12604,55,,,1,115,,12605,55,,,1,115,,12606,55,,,1,155,,12607,55,,,1,112,,12608,55,,,1,107,,12609,55,,,1,112,,12610,55,,,1,110,,12611,55,,,1,108,,12612,55,,,1,95,,12613,55,,,1,99,,12614,55,,,1,99,,12615,55,,,1,94,,12616,55,,,1,99,,12617,55,,,1
201,'2',801,,12841,6,,,1,40,,12842,6,,,1,81,,12843,6,,,1,80,,12844,6,,,1,40,,12845,6,,,1,81,,12846,6,,,1,80,,12847,6,,,1,40,,12848,6,,,1,80,,12849,6,,,1,80,,12850,6,,,1,39,,12851,6,,,1,80,,12852,6,,,1,80,,12853,6,,,1,40,,12854,6,,,1,80,,12855,6,,,1,80,,12856,6,,,1,40,,12857,6,,,1,80,,12858,6,,,1,80,,12859,6,,,1,40,,12860,6,,,1,80,,12861,6,,,1,33,,12862,6,,,1,73,,12863,6,,,1,73,,12864,6,,,1,32,,12865,6,,,1,73,,12866,6,,,1
201,'3',852,,12877,6,,,1,152,,12867,6,,,1,117,,12868,6,,,1,117,,12869,6,,,1,117,,12870,6,,,1,158,,12871,6,,,1,117,,12872,6,,,1,117,,12873,6,,,1,157,,12874,6,,,1,113,,12875,6,,,1,115,,12876,6,,,1,105,,12878,6,,,1,108,,12879,6,,,1
201,'80',852,,12890,6,,,1,152,,12880,6,,,1,117,,12881,6,,,1,117,,12882,6,,,1,117,,12883,6,,,1,158,,12884,6,,,1,117,,12885,6,,,1,117,,12886,6,,,1,157,,12887,6,,,1,113,,12888,6,,,1,115,,12889,6,,,1,105,,12891,6,,,1,108,,12892,6,,,1
1400,'1',545,,14562,54,,,1,67,,14561,54,,,1,29,,14560,54,,,1,73,,14557,54,,,1,30,,14559,54,,,1,72,,14558,54,,,1,22,,14583,54,,,1,77,,14582,54,,,1,28,,14581,51,,,1,74,,14580,51,,,1,34,,14574,51,,,1,75,,14564,51,,,1,74,,14579,51,,,1,33,,14578,51,,,1,73,,14577,51,,,1,33,,14576,51,,,1,73,,14575,51,,,1,38,,14573,54,,,1,72,,14572,54,,,1,36,,14571,54,,,1,71,,14570,54,,,1,77,,14569,54,,,1,32,,14568,54,,,1,75,,14567,54,,,1,35,,14566,54,,,1,66,,14565,54,,,1,27,,14563,51,,,1,76,,14584,51,,,1,41,,14585,51,,,1
30500,'1',559,,19962,2,,,1,65,,19961,2,,,1,25,,19960,2,,,1,67,,19957,2,,,1,23,,19959,2,,,1,65,,19958,2,,,1
30501,'1',1626,,19969,3,,,1,25,,19968,3,,,1,68,,19967,3,,,1,26,,19966,3,,,1,61,,19965,3,,,1,25,,19964,3,,,1,25,,19963,3,,,1
