100,'1',402,,23457,26,,,1,38,,23456,26,,,1,71,,23455,26,,,1,42,,23483,41,,,1,78,,23482,41,,,1,79,,23480,41,,,1,38,,23481,41,,,1,74,,23479,41,,,1,35,,23478,41,,,1,75,,23477,41,,,1,110,,23476,41,,,1,113,,23475,41,,,1,152,,23474,41,,,1,116,,23473,41,,,1,87,,23484,41,,,1,42,,23472,41,,,1,71,,23471,41,,,1,77,,23470,41,,,1,31,,23469,41,,,1,74,,23468,41,,,1,34,,23467,41,,,1,66,,23466,41,,,1,24,,23465,41,,,1,98,,23464,41,,,1,102,,23463,41,,,1,100,,23462,41,,,1,91,,23461,41,,,1,95,,23460,41,,,1,89,,23459,41,,,1,55,,23458,41,,,1
100,'74',603,,23507,26,,,1,56,,23485,41,,,1,143,,23486,41,,,1,107,,23487,41,,,1,103,,23488,41,,,1,110,,23489,41,,,1,95,,23490,41,,,1,87,,23491,41,,,1,103,,23492,41,,,1,52,,23493,41,,,1,92,,23494,41,,,1,92,,23495,41,,,1,86,,23496,41,,,1,92,,23497,41,,,1,91,,23498,41,,,1,42,,23499,41,,,1,92,,23500,41,,,1,90,,23501,41,,,1,97,,23502,41,,,1,97,,23503,41,,,1,94,,23504,41,,,1,93,,23505,41,,,1,97,,23506,41,,,1
100,'80',753,,23523,26,,,1,91,,23508,41,,,1,158,,23509,41,,,1,115,,23510,41,,,1,115,,23511,41,,,1,115,,23512,41,,,1,112,,23513,41,,,1,147,,23514,41,,,1,112,,23515,41,,,1,110,,23516,41,,,1,109,,23517,41,,,1,96,,23518,41,,,1,99,,23519,41,,,1,99,,23520,41,,,1,94,,23521,41,,,1,99,,23522,41,,,1
100,'35296.2',603,,23546,26,,,1,56,,23524,41,,,1,143,,23525,41,,,1,107,,23526,41,,,1,103,,23527,41,,,1,110,,23528,41,,,1,95,,23529,41,,,1,87,,23530,41,,,1,103,,23531,41,,,1,52,,23532,41,,,1,92,,23533,41,,,1,92,,23534,41,,,1,86,,23535,41,,,1,92,,23536,41,,,1,91,,23537,41,,,1,42,,23538,41,,,1,92,,23539,41,,,1,90,,23540,41,,,1,97,,23541,41,,,1,97,,23542,41,,,1,94,,23543,41,,,1,93,,23544,41,,,1,97,,23545,41,,,1
100,'35296.3',753,,23562,26,,,1,91,,23547,41,,,1,158,,23548,41,,,1,115,,23549,41,,,1,115,,23550,41,,,1,115,,23551,41,,,1,112,,23552,41,,,1,147,,23553,41,,,1,112,,23554,41,,,1,110,,23555,41,,,1,109,,23556,41,,,1,96,,23557,41,,,1,99,,23558,41,,,1,99,,23559,41,,,1,94,,23560,41,,,1,99,,23561,41,,,1
100,'35298.2',603,,23615,26,,,1,56,,23614,41,,,1,77,,23563,41,,,1,17,,23564,41,,,1,61,,23565,41,,,1,17,,23566,41,,,1,17,,23567,41,,,1,57,,23568,41,,,1,17,,23569,41,,,1,17,,23570,41,,,1,17,,23571,41,,,1,57,,23572,41,,,1,17,,23573,41,,,1,24,,23574,41,,,1,57,,23575,41,,,1,17,,23576,41,,,1,17,,23577,41,,,1,60,,23578,41,,,1,17,,23579,41,,,1,17,,23580,41,,,1,17,,23581,41,,,1,63,,23582,41,,,1,17,,23583,41,,,1,17,,23584,41,,,1,57,,23585,41,,,1,17,,23586,41,,,1,17,,23587,41,,,1,57,,23588,41,,,1,17,,23589,41,,,1,17,,23590,41,,,1,17,,23591,41,,,1,57,,23592,41,,,1,17,,23593,41,,,1,17,,23594,41,,,1,11,,23595,41,,,1,57,,23596,41,,,1,17,,23597,41,,,1,17,,23598,41,,,1,57,,23599,41,,,1,17,,23600,41,,,1,17,,23601,41,,,1,16,,23602,41,,,1,57,,23603,41,,,1,17,,23604,41,,,1,17,,23605,41,,,1,11,,23606,41,,,1,92,,23607,41,,,1,90,,23608,41,,,1,97,,23609,41,,,1,97,,23610,41,,,1,94,,23611,41,,,1,93,,23612,41,,,1,97,,23613,41,,,1
100,'35298.3',734,,23616,41,,,1,17,,23617,41,,,1,57,,23618,41,,,1,17,,23619,41,,,1,17,,23620,41,,,1,17,,23621,41,,,1,57,,23622,41,,,1,23,,23623,41,,,1,17,,23624,41,,,1,57,,23625,41,,,1,17,,23626,41,,,1,20,,23627,41,,,1,57,,23628,41,,,1,17,,23629,41,,,1,17,,23630,41,,,1,60,,23631,41,,,1,17,,23632,41,,,1,17,,23633,41,,,1,17,,23634,41,,,1,57,,23635,41,,,1,20,,23636,41,,,1,17,,23637,41,,,1,57,,23638,41,,,1,17,,23639,41,,,1,17,,23640,41,,,1,17,,23641,41,,,1,57,,23642,41,,,1,17,,23643,41,,,1,17,,23644,41,,,1,12,,23645,41,,,1,57,,23646,41,,,1,17,,23647,41,,,1,17,,23648,41,,,1,57,,23649,41,,,1,17,,23650,41,,,1,17,,23651,41,,,1,17,,23652,41,,,1,57,,23653,41,,,1,15,,23654,41,,,1,17,,23655,41,,,1,57,,23656,41,,,1,17,,23657,41,,,1,14,,23658,41,,,1,100,,23659,41,,,1,99,,23660,41,,,1,99,,23661,41,,,1,94,,23662,41,,,1,99,,23663,41,,,1
52200,'1',956,,34039,33,,,1,159,,34040,33,,,1,120,,34041,33,,,1,119,,34042,33,,,1,159,,34043,33,,,1,119,,34044,33,,,1
60300,'1',519,,34741,21,,,1,20,,34742,21,,,1,62,,34743,21,,,1,22,,34744,21,,,1,23,,34745,21,,,1,58,,34746,21,,,1,24,,34747,21,,,1,18,,34748,21,,,1,58,,34749,21,,,1,22,,34750,21,,,1,18,,34751,21,,,1,58,,34752,21,,,1,18,,34753,21,,,1,18,,34754,21,,,1,19,,34755,21,,,1,62,,34756,21,,,1,22,,34757,21,,,1,62,,34758,21,,,1,24,,34759,21,,,1,22,,34760,21,,,1,62,,34761,21,,,1,22,,34762,21,,,1,22,,34763,21,,,1,62,,34764,21,,,1,23,,34765,21,,,1,62,,34766,21,,,1,22,,34767,21,,,1,22,,34768,21,,,1,62,,34769,21,,,1,23,,34770,21,,,1,16,,34771,21,,,1,56,,34772,21,,,1,16,,34773,21,,,1,16,,34774,21,,,1,16,,34775,21,,,1,56,,34776,21,,,1,16,,34777,21,,,1,16,,34778,21,,,1,17,,34779,21,,,1,56,,34780,21,,,1,14,,34781,21,,,1,16,,34782,21,,,1,10,,34783,21,,,1,56,,34784,21,,,1,16,,34785,21,,,1,12,,34786,21,,,1,70,,34787,21,,,1,30,,34788,21,,,1,70,,34789,21,,,1,28,,34790,21,,,1,66,,34791,21,,,1,30,,34792,21,,,1,80,,34793,21,,,1,38,,34794,21,,,1,82,,34795,21,,,1,87,,34796,21,,,1
60300,'74',550,,34797,21,,,1,82,,34798,21,,,1,80,,34799,21,,,1,42,,34800,21,,,1,80,,34801,21,,,1,85,,34802,21,,,1,85,,34803,21,,,1,42,,34804,21,,,1,77,,34805,21,,,1,78,,34806,21,,,1,44,,34807,21,,,1,74,,34808,21,,,1,38,,34809,21,,,1,78,,34810,21,,,1,78,,34811,21,,,1,38,,34812,21,,,1,78,,34813,21,,,1,78,,34814,21,,,1,34,,34815,21,,,1,81,,34816,21,,,1,36,,34817,21,,,1,78,,34818,21,,,1,76,,34819,21,,,1,40,,34820,21,,,1,79,,34821,21,,,1,76,,34822,21,,,1,44,,34823,21,,,1,89,,34824,21,,,1,92,,34825,21,,,1
60300,'80',734,,34826,21,,,1,76,,34827,21,,,1,39,,34828,21,,,1,78,,34829,21,,,1,82,,34830,21,,,1,46,,34831,21,,,1,85,,34832,21,,,1,82,,34833,21,,,1,82,,34834,21,,,1,42,,34835,21,,,1,83,,34836,21,,,1,84,,34837,21,,,1,39,,34838,21,,,1,76,,34839,21,,,1,75,,34840,21,,,1,36,,34841,21,,,1,74,,34842,21,,,1,35,,34843,21,,,1,72,,34844,21,,,1,36,,34845,21,,,1,74,,34846,21,,,1,76,,34847,21,,,1,51,,34848,21,,,1,145,,34849,21,,,1,101,,34850,21,,,1,106,,34851,21,,,1
60300,'35296.2',550,,34852,21,,,1,82,,34853,21,,,1,80,,34854,21,,,1,42,,34855,21,,,1,80,,34856,21,,,1,85,,34857,21,,,1,85,,34858,21,,,1,42,,34859,21,,,1,77,,34860,21,,,1,78,,34861,21,,,1,44,,34862,21,,,1,74,,34863,21,,,1,38,,34864,21,,,1,78,,34865,21,,,1,78,,34866,21,,,1,38,,34867,21,,,1,78,,34868,21,,,1,78,,34869,21,,,1,34,,34870,21,,,1,81,,34871,21,,,1,36,,34872,21,,,1,78,,34873,21,,,1,76,,34874,21,,,1,40,,34875,21,,,1,79,,34876,21,,,1,76,,34877,21,,,1,44,,34878,21,,,1,89,,34879,21,,,1,92,,34880,21,,,1
60300,'35296.3',734,,34881,21,,,1,76,,34882,21,,,1,39,,34883,21,,,1,78,,34884,21,,,1,82,,34885,21,,,1,46,,34886,21,,,1,85,,34887,21,,,1,82,,34888,21,,,1,82,,34889,21,,,1,42,,34890,21,,,1,83,,34891,21,,,1,84,,34892,21,,,1,39,,34893,21,,,1,76,,34894,21,,,1,75,,34895,21,,,1,36,,34896,21,,,1,74,,34897,21,,,1,35,,34898,21,,,1,72,,34899,21,,,1,36,,34900,21,,,1,74,,34901,21,,,1,76,,34902,21,,,1,51,,34903,21,,,1,145,,34904,21,,,1,101,,34905,21,,,1,106,,34906,21,,,1
60300,'35297.2',540,,34998,21,,,1,62,,34999,21,,,1,22,,35000,21,,,1,24,,35001,21,,,1,62,,35002,21,,,1,24,,34907,21,,,1,7,,34908,21,,,1,7,,34909,21,,,1,7,,34910,21,,,1,47,,34911,21,,,1,7,,34912,21,,,1,7,,34913,21,,,1,7,,34914,21,,,1,7,,34915,21,,,1,7,,34916,21,,,1,7,,34917,21,,,1,12,,34918,21,,,1,47,,34919,21,,,1,7,,34920,21,,,1,7,,34921,21,,,1,7,,34922,21,,,1,7,,34923,21,,,1,7,,34924,21,,,1,12,,34925,21,,,1,7,,34926,21,,,1,47,,34927,21,,,1,7,,34928,21,,,1,7,,34929,21,,,1,7,,34930,21,,,1,9,,34931,21,,,1,7,,34932,21,,,1,7,,34933,21,,,1,7,,34934,21,,,1,47,,34935,21,,,1,7,,34936,21,,,1,5,,34937,21,,,1,7,,34938,21,,,1,7,,34939,21,,,1,7,,34940,21,,,1,7,,34941,21,,,1,7,,34942,21,,,1,7,,34943,21,,,1,47,,34944,21,,,1,7,,34945,21,,,1,13,,34946,21,,,1,7,,34947,21,,,1,7,,34948,21,,,1,7,,34949,21,,,1,7,,34950,21,,,1,7,,34951,21,,,1,47,,34952,21,,,1,7,,34953,21,,,1,7,,34954,21,,,1,3,,34955,21,,,1,7,,34956,21,,,1,7,,34957,21,,,1,7,,34958,21,,,1,7,,34959,21,,,1,7,,34960,21,,,1,47,,34961,21,,,1,7,,34962,21,,,1,7,,34963,21,,,1,7,,34964,21,,,1,7,,34965,21,,,1,7,,34966,21,,,1,7,,34967,21,,,1,7,,34968,21,,,1,47,,34969,21,,,1,7,,34970,21,,,1,7,,34971,21,,,1,13,,34972,21,,,1,7,,34973,21,,,1,7,,34974,21,,,1,7,,34975,21,,,1,1,,34976,21,,,1,7,,34977,21,,,1,47,,34978,21,,,1,7,,34979,21,,,1,7,,34980,21,,,1,7,,34981,21,,,1,7,,34982,21,,,1,7,,34983,21,,,1,7,,34984,21,,,1,7,,34985,21,,,1,7,,34986,21,,,1,47,,34987,21,,,1,7,,34988,21,,,1,7,,34989,21,,,1,7,,34990,21,,,1,3,,34991,21,,,1,7,,34992,21,,,1,7,,34993,21,,,1,7,,34994,21,,,1,7,,34995,21,,,1,47,,34996,21,,,1,10,,34997,21,,,1,7,,35003,21,,,1,7,,35004,21,,,1,7,,35005,21,,,1,7,,35006,21,,,1,5,,35007,21,,,1,7,,35008,21,,,1,47,,35009,21,,,1,7,,35010,21,,,1,7,,35011,21,,,1,7,,35012,21,,,1,7,,35013,21,,,1,7,,35014,21,,,1,5,,35015,21,,,1,7,,35016,21,,,1,7,,35017,21,,,1,47,,35018,21,,,1,22,,35019,21,,,1,22,,35020,21,,,1,62,,35021,21,,,1,21,,35022,21,,,1,22,,35023,21,,,1,58,,35024,21,,,1,22,,35025,21,,,1,20,,35026,21,,,1,62,,35027,21,,,1,19,,35028,21,,,1,22,,35029,21,,,1,62,,35030,21,,,1,22,,35031,21,,,1,62,,35032,21,,,1
60300,'35297.3',731,,35033,21,,,1,7,,35034,21,,,1,7,,35035,21,,,1,7,,35036,21,,,1,7,,35037,21,,,1,47,,35038,21,,,1,7,,35039,21,,,1,10,,35040,21,,,1,7,,35041,21,,,1,7,,35042,21,,,1,7,,35043,21,,,1,7,,35044,21,,,1,7,,35045,21,,,1,49,,35046,21,,,1,7,,35047,21,,,1,7,,35048,21,,,1,7,,35049,21,,,1,7,,35050,21,,,1,7,,35051,21,,,1,7,,35052,21,,,1,7,,35053,21,,,1,47,,35054,21,,,1,7,,35055,21,,,1,11,,35056,21,,,1,7,,35057,21,,,1,7,,35058,21,,,1,7,,35059,21,,,1,7,,35060,21,,,1,7,,35061,21,,,1,47,,35062,21,,,1,10,,35063,21,,,1,7,,35064,21,,,1,7,,35065,21,,,1,7,,35066,21,,,1,7,,35067,21,,,1,7,,35068,21,,,1,7,,35069,21,,,1,47,,35070,21,,,1,7,,35071,21,,,1,7,,35072,21,,,1,7,,35073,21,,,1,7,,35074,21,,,1,7,,35075,21,,,1,7,,35076,21,,,1,7,,35077,21,,,1,7,,35078,21,,,1,47,,35079,21,,,1,7,,35080,21,,,1,7,,35081,21,,,1,7,,35082,21,,,1,7,,35083,21,,,1,7,,35084,21,,,1,7,,35085,21,,,1,7,,35086,21,,,1,48,,35087,21,,,1,7,,35088,21,,,1,7,,35089,21,,,1,7,,35090,21,,,1,7,,35091,21,,,1,7,,35092,21,,,1,9,,35093,21,,,1,7,,35094,21,,,1,47,,35095,21,,,1,7,,35096,21,,,1,7,,35097,21,,,1,7,,35098,21,,,1,7,,35099,21,,,1,7,,35100,21,,,1,7,,35101,21,,,1,7,,35102,21,,,1,7,,35103,21,,,1,47,,35104,21,,,1,7,,35105,21,,,1,7,,35106,21,,,1,7,,35107,21,,,1,7,,35108,21,,,1,7,,35109,21,,,1,7,,35110,21,,,1,6,,35111,21,,,1,7,,35112,21,,,1,47,,35113,21,,,1,7,,35114,21,,,1,7,,35115,21,,,1,7,,35116,21,,,1,7,,35117,21,,,1,7,,35118,21,,,1,5,,35119,21,,,1,7,,35120,21,,,1,7,,35121,21,,,1,47,,35122,21,,,1,7,,35123,21,,,1,7,,35124,21,,,1,7,,35125,21,,,1,6,,35126,21,,,1,7,,35127,21,,,1,7,,35128,21,,,1,7,,35129,21,,,1,47,,35130,21,,,1,7,,35131,21,,,1,3,,35132,21,,,1,7,,35133,21,,,1,7,,35134,21,,,1,7,,35135,21,,,1,7,,35136,21,,,1,7,,35137,21,,,1,7,,35138,21,,,1,47,,35139,21,,,1,7,,35140,21,,,1,20,,35141,21,,,1,22,,35142,21,,,1,62,,35143,21,,,1,22,,35144,21,,,1,22,,35145,21,,,1,62,,35146,21,,,1,21,,35147,21,,,1,62,,35148,21,,,1,22,,35149,21,,,1,22,,35150,21,,,1,57,,35151,21,,,1,22,,35152,21,,,1,22,,35153,21,,,1,62,,35154,21,,,1
6030100,'1',535,,37453,21,,,1,20,,37454,21,,,1,64,,37455,21,,,1,24,,37456,21,,,1,58,,37457,21,,,1,18,,37458,21,,,1,23,,37459,21,,,1,58,,37460,21,,,1,23,,37461,21,,,1,18,,37462,21,,,1,18,,37463,21,,,1,58,,37464,21,,,1,18,,37465,21,,,1,16,,37466,21,,,1,62,,37467,21,,,1,22,,37468,21,,,1,22,,37469,21,,,1,62,,37470,21,,,1,22,,37471,21,,,1,62,,37472,21,,,1,22,,37473,21,,,1,22,,37474,21,,,1,62,,37475,21,,,1,24,,37476,21,,,1,22,,37477,21,,,1,62,,37478,21,,,1,22,,37479,21,,,1,62,,37480,21,,,1,24,,37481,21,,,1,16,,37482,21,,,1,16,,37483,21,,,1,56,,37484,21,,,1,16,,37485,21,,,1,16,,37486,21,,,1,56,,37487,21,,,1,16,,37488,21,,,1,16,,37489,21,,,1,16,,37490,21,,,1,59,,37491,21,,,1,16,,37492,21,,,1,16,,37493,21,,,1,16,,37494,21,,,1,48,,37495,21,,,1,16,,37496,21,,,1,13,,37497,21,,,1,23,,37498,21,,,1,70,,37499,21,,,1,30,,37500,21,,,1,70,,37501,21,,,1,26,,37502,21,,,1,70,,37503,21,,,1,36,,37504,21,,,1,79,,37505,21,,,1,78,,37506,21,,,1,42,,37507,21,,,1
6030100,'74',533,,37508,21,,,1,80,,37509,21,,,1,45,,37510,21,,,1,84,,37511,21,,,1,80,,37512,21,,,1,80,,37513,21,,,1,42,,37514,21,,,1,80,,37515,21,,,1,85,,37516,21,,,1,39,,37517,21,,,1,79,,37518,21,,,1,78,,37519,21,,,1,35,,37520,21,,,1,78,,37521,21,,,1,41,,37522,21,,,1,78,,37523,21,,,1,77,,37524,21,,,1,38,,37525,21,,,1,78,,37526,21,,,1,79,,37527,21,,,1,38,,37528,21,,,1,80,,37529,21,,,1,31,,37530,21,,,1,79,,37531,21,,,1,80,,37532,21,,,1,40,,37533,21,,,1,78,,37534,21,,,1,90,,37535,21,,,1,86,,37536,21,,,1,92,,37537,21,,,1
6030100,'80',721,,37538,21,,,1,36,,37539,21,,,1,78,,37540,21,,,1,77,,37541,21,,,1,39,,37542,21,,,1,89,,37543,21,,,1,82,,37544,21,,,1,82,,37545,21,,,1,45,,37546,21,,,1,83,,37547,21,,,1,80,,37548,21,,,1,44,,37549,21,,,1,82,,37550,21,,,1,76,,37551,21,,,1,35,,37552,21,,,1,76,,37553,21,,,1,75,,37554,21,,,1,35,,37555,21,,,1,76,,37556,21,,,1,33,,37557,21,,,1,76,,37558,21,,,1,36,,37559,21,,,1,73,,37560,21,,,1,105,,37561,21,,,1,103,,37562,21,,,1,102,,37563,21,,,1
6030100,'35296.2',533,,37564,13,,,1,80,,37565,13,,,1,45,,37566,13,,,1,84,,37567,13,,,1,80,,37568,13,,,1,80,,37569,13,,,1,42,,37570,13,,,1,80,,37571,13,,,1,85,,37572,13,,,1,39,,37573,13,,,1,79,,37574,13,,,1,78,,37575,13,,,1,35,,37576,13,,,1,78,,37577,13,,,1,41,,37578,13,,,1,78,,37579,13,,,1,77,,37580,13,,,1,38,,37581,13,,,1,78,,37582,13,,,1,79,,37583,13,,,1,38,,37584,13,,,1,80,,37585,13,,,1,31,,37586,13,,,1,79,,37587,13,,,1,80,,37588,13,,,1,40,,37589,13,,,1,78,,37590,13,,,1,90,,37591,13,,,1,86,,37592,13,,,1,92,,37593,13,,,1
6030100,'35296.3',721,,37594,21,,,1,36,,37595,21,,,1,78,,37596,21,,,1,77,,37597,21,,,1,39,,37598,21,,,1,89,,37599,21,,,1,82,,37600,21,,,1,82,,37601,21,,,1,45,,37602,21,,,1,83,,37603,21,,,1,80,,37604,21,,,1,44,,37605,21,,,1,82,,37606,21,,,1,76,,37607,21,,,1,35,,37608,21,,,1,76,,37609,21,,,1,75,,37610,21,,,1,35,,37611,21,,,1,76,,37612,21,,,1,33,,37613,21,,,1,76,,37614,21,,,1,36,,37615,21,,,1,73,,37616,21,,,1,105,,37617,21,,,1,103,,37618,21,,,1,102,,37619,21,,,1
