100,'1',520,,29,1,,,1,38,,28,1,,,1,72,,26,1,,,1,72,,27,1,,,1,29,,25,1,,,1,75,,24,1,,,1,35,,23,1,,,1,114,,22,1,,,1,153,,21,1,,,1,112,,20,1,,,1,112,,19,1,,,1,87,,30,1,,,1,33,,18,1,,,1,71,,17,1,,,1,77,,16,1,,,1,31,,15,1,,,1,74,,14,1,,,1,34,,13,1,,,1,74,,12,1,,,1,31,,11,1,,,1,100,,10,1,,,1,108,,9,1,,,1,100,,8,1,,,1,95,,7,1,,,1,99,,6,1,,,1,89,,5,1,,,1,95,,4,1,,,1
100,'2',623,,31,1,,,1,103,,32,1,,,1,103,,33,1,,,1,103,,34,1,,,1,103,,35,1,,,1,92,,36,1,,,1,87,,37,1,,,1,97,,38,1,,,1,92,,39,1,,,1,52,,40,1,,,1,92,,41,1,,,1,92,,42,1,,,1,92,,43,1,,,1,92,,44,1,,,1,92,,45,1,,,1,92,,46,1,,,1,52,,47,1,,,1,97,,48,1,,,1,97,,49,1,,,1,97,,50,1,,,1,97,,51,1,,,1,97,,52,1,,,1
100,'3',810,,54,1,,,1,112,,55,1,,,1,112,,56,1,,,1,112,,57,1,,,1,112,,58,1,,,1,152,,59,1,,,1,112,,60,1,,,1,112,,61,1,,,1,112,,62,1,,,1,112,,63,1,,,1,99,,64,1,,,1,99,,65,1,,,1,99,,66,1,,,1,99,,67,1,,,1,99,,68,1,,,1
100,'80',810,,70,1,,,1,112,,71,1,,,1,112,,72,1,,,1,112,,73,1,,,1,112,,74,1,,,1,152,,75,1,,,1,112,,76,1,,,1,112,,77,1,,,1,112,,78,1,,,1,112,,79,1,,,1,99,,80,1,,,1,99,,81,1,,,1,99,,82,1,,,1,99,,83,1,,,1,99,,84,1,,,1
100,'81',810,,86,1,,,1,112,,87,1,,,1,112,,88,1,,,1,112,,89,1,,,1,112,,90,1,,,1,152,,91,1,,,1,112,,92,1,,,1,112,,93,1,,,1,112,,94,1,,,1,112,,95,1,,,1,99,,96,1,,,1,99,,97,1,,,1,99,,98,1,,,1,99,,99,1,,,1,99,,100,1,,,1
101,'1',515,,120,42,4,,1,38,,121,42,4,,1,71,,122,42,4,,1,93,,128,42,4,,1,39,,130,42,4,,1,75,,123,42,4,,1,16,,129,42,4,,1,85,,127,42,4,,1,69,,126,42,4,,1,32,,125,42,4,,1,70,,124,42,4,,1,109,,119,42,4,,1,113,,118,42,4,,1,114,,117,42,4,,1,76,,131,42,4,,1,40,,116,42,4,,1,63,,108,42,4,,1,35,,109,42,4,,1,74,,110,42,4,,1,74,,115,42,4,,1,34,,114,42,4,,1,73,,113,42,4,,1,30,,112,42,4,,1,67,,111,42,4,,1,42,,104,42,4,,1,98,,107,42,4,,1,97,,106,42,4,,1,98,,105,42,4,,1,89,,103,42,4,,1,95,,102,42,4,,1
101,'2',620,,152,18,4,,1,88,,153,42,4,,1,107,,132,42,4,,1,103,,133,42,4,,1,111,,134,42,4,,1,112,,135,42,4,,1,113,,146,42,4,,1,100,,136,42,4,,1,92,,137,42,4,,1,92,,138,42,4,,1,92,,139,42,4,,1,93,,140,42,4,,1,92,,141,42,4,,1,86,,142,42,4,,1,47,,143,42,4,,1,92,,144,42,4,,1,87,,145,42,4,,1,121,,147,42,4,,1,93,,148,42,4,,1,92,,149,42,4,,1,94,,150,42,4,,1,97,,151,42,4,,1
101,'3',807,,169,18,4,,1,93,,168,42,4,,1,118,,167,42,4,,1,115,,154,42,4,,1,112,,155,42,4,,1,158,,156,42,4,,1,112,,157,42,4,,1,107,,158,42,4,,1,112,,159,42,4,,1,110,,160,42,4,,1,108,,161,42,4,,1,92,,166,42,4,,1,99,,162,42,4,,1,99,,163,42,4,,1,95,,164,42,4,,1,99,,165,42,4,,1
101,'80',807,,185,18,4,,1,93,,184,42,4,,1,118,,183,42,4,,1,115,,170,42,4,,1,112,,171,42,4,,1,158,,172,42,4,,1,112,,173,42,4,,1,107,,174,42,4,,1,112,,175,42,4,,1,110,,176,42,4,,1,108,,177,42,4,,1,92,,182,42,4,,1,99,,178,42,4,,1,99,,179,42,4,,1,95,,180,42,4,,1,99,,181,42,4,,1
101,'81',807,,201,18,4,,1,93,,200,42,4,,1,118,,199,42,4,,1,115,,186,42,4,,1,112,,187,42,4,,1,158,,188,42,4,,1,112,,189,42,4,,1,107,,190,42,4,,1,112,,191,42,4,,1,110,,192,42,4,,1,108,,193,42,4,,1,92,,198,42,4,,1,99,,194,42,4,,1,99,,195,42,4,,1,95,,196,42,4,,1,99,,197,42,4,,1
36000,'2',849,,9030,21,,,1,76,,9031,21,,,1,76,,9032,21,,,1,36,,9033,21,,,1,76,,9034,21,,,1,29,,9035,21,,,1,68,,9036,21,,,1,28,,9037,21,,,1,68,,9038,21,,,1,28,,9039,21,,,1,67,,9040,21,,,1,28,,9041,21,,,1,30,,9042,21,,,1,69,,9043,21,,,1,28,,9044,21,,,1,63,,9045,21,,,1,28,,9046,21,,,1,68,,9047,21,,,1,42,,9048,21,,,1,77,,9049,21,,,1,79,,9050,21,,,1,39,,9051,21,,,1,67,,9052,21,,,1,32,,9053,21,,,1,69,,9054,21,,,1
36000,'80',946,,9055,21,,,1,74,,9056,21,,,1,36,,9057,21,,,1,68,,9058,21,,,1,27,,9059,21,,,1,68,,9060,21,,,1,28,,9061,21,,,1,68,,9062,21,,,1,28,,9063,21,,,1,68,,9064,21,,,1,29,,9065,21,,,1,68,,9066,21,,,1,28,,9067,21,,,1,67,,9068,21,,,1,28,,9069,21,,,1,28,,9070,21,,,1,68,,9071,21,,,1,28,,9072,21,,,1,68,,9073,21,,,1,28,,9074,21,,,1,68,,9075,21,,,1
36000,'32681.3',946,,9076,21,,,1,74,,9077,21,,,1,36,,9078,21,,,1,68,,9079,21,,,1,27,,9080,21,,,1,68,,9081,21,,,1,28,,9082,21,,,1,68,,9083,21,,,1,28,,9084,21,,,1,68,,9085,21,,,1,29,,9086,21,,,1,68,,9087,21,,,1,28,,9088,21,,,1,67,,9089,21,,,1,28,,9090,21,,,1,28,,9091,21,,,1,68,,9092,21,,,1,28,,9093,21,,,1,68,,9094,21,,,1,28,,9095,21,,,1,68,,9096,21,,,1
36001,'2',953,,9097,6,,,1,76,,9098,6,,,1,76,,9099,6,,,1,30,,9100,6,,,1,78,,9113,6,,,1,34,,9101,6,,,1,68,,9102,6,,,1,28,,9103,6,,,1,66,,9104,6,,,1,28,,9105,6,,,1,69,,9106,6,,,1,27,,9107,6,,,1,68,,9108,6,,,1,31,,9109,6,,,1,68,,9110,6,,,1,28,,9111,6,,,1,25,,9112,6,,,1,69,,9117,6,,,1,85,,9114,6,,,1,37,,9115,6,,,1,79,,9116,6,,,1,79,,9121,6,,,1,29,,9118,6,,,1,26,,9119,6,,,1,69,,9120,6,,,1
36001,'80',1049,,9122,6,,,1,72,,9123,6,,,1,34,,9124,6,,,1,70,,9125,6,,,1,28,,9126,6,,,1,68,,9127,6,,,1,29,,9128,6,,,1,68,,9129,6,,,1,26,,9130,6,,,1,71,,9131,6,,,1,28,,9132,6,,,1,68,,9133,6,,,1,28,,9134,6,,,1,68,,9135,6,,,1,28,,9136,6,,,1,69,,9137,6,,,1,28,,9138,6,,,1,73,,9139,6,,,1,28,,9140,6,,,1,23,,9141,6,,,1,67,,9142,6,,,1
36001,'32681.3',1049,,9143,6,,,1,72,,9144,6,,,1,34,,9145,6,,,1,70,,9146,6,,,1,28,,9147,6,,,1,68,,9148,6,,,1,29,,9149,6,,,1,68,,9150,6,,,1,26,,9151,6,,,1,71,,9152,6,,,1,28,,9153,6,,,1,68,,9154,6,,,1,28,,9155,6,,,1,68,,9156,6,,,1,28,,9157,6,,,1,69,,9158,6,,,1,28,,9159,6,,,1,73,,9160,6,,,1,28,,9161,6,,,1,23,,9162,6,,,1,67,,9163,6,,,1
