9600,'1',627,,31260,32,,,1,83,,31259,32,,,1,31,,31258,32,,,1,77,,31257,32,,,1,27,,31256,32,,,1,79,,31253,32,,,1,34,,31254,32,,,1,70,,31255,32,,,1,72,,31268,32,,,1,29,,31267,32,,,1,79,,31261,32,,,1,39,,31262,32,,,1,79,,31263,32,,,1,83,,31264,32,,,1,25,,31265,32,,,1,87,,31266,32,,,1,83,,31274,32,,,1,27,,31273,32,,,1,70,,31272,32,,,1,27,,31269,32,,,1,27,,31270,32,,,1,62,,31271,32,,,1,27,,31277,32,,,1,63,,31278,32,,,1,13,,31288,32,,,1,12,,31276,32,,,1,25,,31275,32,,,1,74,,31285,32,,,1,70,,31284,32,,,1,15,,31287,32,,,1,14,,31279,32,,,1,70,,31280,32,,,1,30,,31281,32,,,1,70,,31282,32,,,1,30,,31283,32,,,1,17,,31286,32,,,1
9600,'2',951,,31289,32,,,1,99,,31290,32,,,1,99,,31291,32,,,1,99,,31292,32,,,1,99,,31293,32,,,1,99,,31294,32,,,1,98,,31295,32,,,1,99,,31296,32,,,1,95,,31297,32,,,1,97,,31298,32,,,1,87,,31299,32,,,1,86,,31300,32,,,1,97,,31301,32,,,1
9600,'3',1044,,31302,32,,,1,94,,31303,32,,,1,94,,31304,32,,,1,94,,31305,32,,,1,94,,31306,32,,,1,94,,31307,32,,,1,94,,31308,32,,,1,94,,31309,32,,,1,52,,31310,32,,,1,94,,31311,32,,,1,94,,31312,32,,,1,92,,31313,32,,,1
9600,'74',951,,31314,32,,,1,99,,31315,32,,,1,99,,31316,32,,,1,99,,31317,32,,,1,99,,31318,32,,,1,99,,31319,32,,,1,98,,31320,32,,,1,99,,31321,32,,,1,95,,31322,32,,,1,97,,31323,32,,,1,87,,31324,32,,,1,86,,31325,32,,,1,97,,31326,32,,,1
9600,'80',1044,,31327,32,,,1,94,,31328,32,,,1,94,,31329,32,,,1,94,,31330,32,,,1,94,,31331,32,,,1,94,,31332,32,,,1,94,,31333,32,,,1,94,,31334,32,,,1,52,,31335,32,,,1,94,,31336,32,,,1,94,,31337,32,,,1,92,,31338,32,,,1
10700,'1',506,,32223,32,,,1,24,,32222,32,,,1,24,,32221,32,,,1,64,,32220,32,,,1,21,,32219,32,,,1,16,,32218,32,,,1,61,,32217,32,,,1,11,,32216,32,,,1,17,,32215,32,,,1,59,,32214,32,,,1,16,,32213,32,,,1,12,,32212,32,,,1,14,,32211,32,,,1,56,,32210,32,,,1,15,,32209,32,,,1,42,,32208,32,,,1,82,,32207,32,,,1,82,,32206,32,,,1,82,,32205,32,,,1,47,,32204,32,,,1,80,,32203,32,,,1,28,,32199,11,,,1,54,,32202,32,,,1,22,,32201,32,,,1,18,,32200,32,,,1,58,,32251,32,,,1,19,,32250,32,,,1,21,,32249,32,,,1,58,,32248,32,,,1,18,,32247,32,,,1,25,,32246,32,,,1,56,,32245,32,,,1,18,,32244,32,,,1,15,,32243,32,,,1,60,,32242,32,,,1,16,,32241,32,,,1,18,,32240,32,,,1,12,,32239,32,,,1,58,,32238,32,,,1,37,,32237,32,,,1,81,,32236,32,,,1,77,,32235,32,,,1,40,,32234,32,,,1,74,,32233,32,,,1,33,,32232,32,,,1,74,,32231,32,,,1,34,,32230,32,,,1,74,,32229,32,,,1,74,,32228,32,,,1,34,,32227,32,,,1,74,,32226,32,,,1,30,,32225,32,,,1,74,,32224,32,,,1
10700,'2',640,,32254,32,,,1,78,,32253,32,,,1,37,,32252,32,,,1,77,,32255,32,,,1,77,,32256,32,,,1,37,,32257,32,,,1,77,,32258,32,,,1,77,,32259,32,,,1,37,,32260,32,,,1,77,,32261,32,,,1,36,,32262,32,,,1,77,,32263,32,,,1,77,,32264,32,,,1,37,,32265,32,,,1,77,,32266,32,,,1,37,,32267,32,,,1,75,,32268,32,,,1,77,,32269,32,,,1,37,,32270,32,,,1,77,,32271,32,,,1,37,,32272,32,,,1,77,,32273,32,,,1,77,,32274,32,,,1,37,,32275,32,,,1,77,,32276,32,,,1,77,,32277,32,,,1,37,,32278,32,,,1,77,,32279,32,,,1,37,,32280,32,,,1,77,,32281,32,,,1,77,,32282,32,,,1,36,,32283,32,,,1,77,,32285,32,,,1,37,,32284,32,,,1
10700,'3',724,,32297,11,,,1,77,,32298,11,,,1,28,,32299,32,,,1,77,,32300,32,,,1,38,,32301,32,,,1,77,,32302,32,,,1,37,,32303,32,,,1,77,,32304,32,,,1,77,,32305,32,,,1,37,,32306,32,,,1,77,,32307,32,,,1,77,,32308,32,,,1,35,,32309,32,,,1,77,,32310,32,,,1,37,,32314,32,,,1,77,,32313,32,,,1,77,,32315,32,,,1,37,,32316,32,,,1,77,,32317,32,,,1,37,,32318,32,,,1,77,,32286,32,,,1,77,,32287,32,,,1,37,,32288,32,,,1,77,,32311,32,,,1,77,,32289,32,,,1,37,,32290,32,,,1,77,,32291,32,,,1,37,,32292,32,,,1,77,,32293,32,,,1,77,,32294,32,,,1,37,,32295,32,,,1,77,,32312,32,,,1,37,,32296,32,,,1
10700,'74',640,,32321,32,,,1,78,,32320,32,,,1,37,,32319,32,,,1,77,,32322,32,,,1,77,,32323,32,,,1,37,,32324,32,,,1,77,,32325,32,,,1,77,,32326,32,,,1,37,,32327,32,,,1,77,,32328,32,,,1,36,,32329,32,,,1,77,,32330,32,,,1,77,,32331,32,,,1,37,,32332,32,,,1,77,,32333,32,,,1,37,,32334,32,,,1,75,,32335,32,,,1,77,,32336,32,,,1,37,,32337,32,,,1,77,,32338,32,,,1,37,,32339,32,,,1,77,,32340,32,,,1,77,,32341,32,,,1,37,,32342,32,,,1,77,,32343,32,,,1,77,,32344,32,,,1,37,,32345,32,,,1,77,,32346,32,,,1,37,,32347,32,,,1,77,,32348,32,,,1,77,,32349,32,,,1,36,,32350,32,,,1,77,,32352,32,,,1,37,,32351,32,,,1
10700,'80',724,,32364,11,,,1,77,,32365,11,,,1,28,,32366,32,,,1,77,,32367,32,,,1,38,,32368,32,,,1,77,,32369,32,,,1,37,,32370,32,,,1,77,,32371,32,,,1,77,,32372,32,,,1,37,,32373,32,,,1,77,,32374,32,,,1,77,,32375,32,,,1,35,,32376,32,,,1,77,,32377,32,,,1,37,,32381,32,,,1,77,,32380,32,,,1,77,,32382,32,,,1,37,,32383,32,,,1,77,,32384,32,,,1,37,,32385,32,,,1,77,,32353,32,,,1,77,,32354,32,,,1,37,,32355,32,,,1,77,,32378,32,,,1,77,,32356,32,,,1,37,,32357,32,,,1,77,,32358,32,,,1,37,,32359,32,,,1,77,,32360,32,,,1,77,,32361,32,,,1,37,,32362,32,,,1,77,,32379,32,,,1,37,,32363,32,,,1
46200,'35294.1',738,,34036,14,,,1
