5601,'1',636,,28761,47,,,1,106,,28760,47,,,1,106,,28759,47,,,1,107,,28758,47,,,1,500,,28757,47,,,1,150,,28756,47,,,1,110,,28755,47,,,1,107,,28754,47,,,1,107,,28753,47,,,1
9600,'1',720,,31260,96,,,1,88,,31259,96,,,1,31,,31258,96,,,1,77,,31257,96,,,1,27,,31256,96,,,1,73,,31253,96,,,1,34,,31254,96,,,1,70,,31255,96,,,1,32,,31268,96,,,1,69,,31267,92,,,1,79,,31261,92,,,1,39,,31262,92,,,1,79,,31263,92,,,1,88,,31264,92,,,1,25,,31265,92,,,1,90,,31266,96,,,1,83,,31274,96,,,1,27,,31273,96,,,1,72,,31272,96,,,1,20,,31269,96,,,1,27,,31270,96,,,1,61,,31271,96,,,1,27,,31277,96,,,1,18,,31278,96,,,1,51,,31288,96,,,1,11,,31276,96,,,1,25,,31275,96,,,1,70,,31285,92,,,1,30,,31284,92,,,1,15,,31287,92,,,1,51,,31279,92,,,1,30,,31280,92,,,1,68,,31281,92,,,1,28,,31282,92,,,1,70,,31283,92,,,1,17,,31286,92,,,1
9600,'2',1041,,31289,92,,,1,104,,31290,92,,,1,99,,31291,92,,,1,95,,31292,92,,,1,99,,31293,92,,,1,99,,31294,92,,,1,97,,31295,92,,,1,99,,31296,92,,,1,93,,31297,92,,,1,97,,31298,92,,,1,87,,31299,92,,,1,40,,31300,92,,,1,97,,31301,92,,,1
9600,'3',1131,,31302,92,,,1,94,,31303,92,,,1,94,,31304,92,,,1,94,,31305,92,,,1,94,,31306,92,,,1,94,,31307,92,,,1,54,,31308,92,,,1,94,,31309,92,,,1,91,,31310,92,,,1,94,,31311,92,,,1,94,,31312,92,,,1,88,,31313,92,,,1
9600,'74',1041,,31314,92,,,1,104,,31315,92,,,1,99,,31316,92,,,1,95,,31317,92,,,1,99,,31318,92,,,1,99,,31319,92,,,1,97,,31320,92,,,1,99,,31321,92,,,1,93,,31322,92,,,1,97,,31323,92,,,1,87,,31324,92,,,1,40,,31325,92,,,1,97,,31326,92,,,1
9600,'80',1131,,31327,92,,,1,94,,31328,92,,,1,94,,31329,92,,,1,94,,31330,92,,,1,94,,31331,92,,,1,94,,31332,92,,,1,54,,31333,92,,,1,94,,31334,92,,,1,91,,31335,92,,,1,94,,31336,92,,,1,94,,31337,92,,,1,88,,31338,92,,,1
9800,'1',635,,31445,48,,,1,75,,31444,48,,,1,34,,31443,48,,,1,75,,31442,48,,,1,35,,31441,48,,,1,75,,31440,48,,,1,98,,31436,48,,,1,98,,31433,48,,,1,96,,31438,48,,,1,98,,31437,48,,,1,40,,31425,48,,,1,79,,31435,48,,,1,80,,31434,48,,,1,40,,31432,48,,,1,80,,31431,48,,,1,80,,31430,48,,,1,84,,31429,48,,,1,40,,31428,48,,,1,92,,31427,48,,,1,91,,31426,48,,,1,88,,31439,48,,,1
9800,'2',633,,31463,48,,,1,86,,31462,48,,,1,85,,31461,48,,,1,54,,31460,48,,,1,93,,31459,48,,,1,92,,31458,48,,,1,94,,31457,48,,,1,98,,31456,48,,,1,98,,31455,48,,,1,97,,31454,48,,,1,98,,31453,48,,,1,98,,31452,48,,,1,99,,31451,48,,,1,100,,31450,48,,,1,89,,31449,48,,,1,92,,31448,48,,,1,49,,31447,48,,,1,85,,31446,48,,,1
9800,'3',817,,31479,48,,,1,88,,31478,48,,,1,48,,31477,48,,,1,93,,31476,48,,,1,93,,31475,48,,,1,91,,31474,48,,,1,93,,31473,48,,,1,93,,31472,48,,,1,93,,31471,48,,,1,93,,31470,48,,,1,53,,31469,48,,,1,95,,31468,48,,,1,88,,31467,48,,,1,90,,31466,48,,,1,87,,31465,48,,,1,88,,31464,48,,,1
9800,'74',633,,31497,48,,,1,86,,31496,48,,,1,85,,31495,48,,,1,54,,31494,48,,,1,93,,31493,48,,,1,92,,31492,48,,,1,94,,31491,48,,,1,98,,31490,48,,,1,98,,31489,48,,,1,97,,31488,48,,,1,98,,31487,48,,,1,98,,31486,48,,,1,99,,31485,48,,,1,100,,31484,48,,,1,89,,31483,48,,,1,92,,31482,48,,,1,49,,31481,48,,,1,85,,31480,48,,,1
9800,'80',817,,31513,48,,,1,88,,31512,48,,,1,48,,31511,48,,,1,93,,31510,48,,,1,93,,31509,48,,,1,91,,31508,48,,,1,93,,31507,48,,,1,93,,31506,48,,,1,93,,31505,48,,,1,93,,31504,48,,,1,53,,31503,48,,,1,95,,31502,48,,,1,88,,31501,48,,,1,90,,31500,48,,,1,87,,31499,48,,,1,88,,31498,48,,,1
989900,'1',2138,,36830,91,,,1,73,,36831,91,,,1,38,,36832,91,,,1,78,,36833,91,,,1,75,,36834,91,,,1,32,,36835,91,,,1,75,,36836,91,,,1,35,,36837,91,,,1,74,,36838,91,0,5 6,1,35,,36839,91,0,5 6,1,79,,36840,91,0,5 6,1
989900,'2',2143,,36841,91,,,1,94,,36842,91,,,1,85,,36843,91,,,1,91,,36844,91,,,1,46,,36845,91,,,1,86,,36846,91,,,1,81,,36847,91,0,5 6,1,86,,36848,91,0,5 6,1,46,,36849,91,0,5 6,1
989900,'3',2157,,36850,91,,,1,90,,36851,91,,,1,85,,36852,91,,,1,90,,36853,91,,,1,79,,36854,91,,,1,43,,36855,91,,,1,78,,36856,91,0,5 6,1,83,,36857,91,0,5 6,1,43,,36858,91,0,5 6,1
989900,'74',2143,,36859,91,,,1,94,,36860,91,,,1,85,,36861,91,,,1,91,,36862,91,,,1,46,,36863,91,,,1,86,,36864,91,,,1,81,,36865,91,0,5 6,1,86,,36866,91,0,5 6,1,46,,36867,91,0,5 6,1
989900,'80',2157,,36868,91,,,1,90,,36869,91,,,1,85,,36870,91,,,1,90,,36871,91,,,1,79,,36872,91,,,1,43,,36873,91,,,1,78,,36874,91,0,5 6,1,83,,36875,91,0,5 6,1,43,,36876,91,0,5 6,1
