9601,'1',502,,6986,34,,,1,28,,6987,34,,,1,29,,6988,34,,,1,70,,6989,34,,,1,77,,6990,34,,,1,35,,6991,34,,,1,78,,6992,34,,,1,31,,6993,34,,,1,74,,6994,34,,,1,32,,6995,34,,,1,79,,6996,34,,,1,80,,6997,34,,,1,43,,6998,34,,,1,75,,6999,34,,,1,72,,7000,34,,,1,46,,7001,34,,,1,81,,7002,34,,,1,18,,7021,34,,,1,61,,7003,34,,,1,28,,7004,34,,,1,67,,7005,34,,,1,27,,7006,34,,,1,67,,7007,34,,,1,27,,7008,34,,,1,25,,7009,34,,,1,62,,7010,34,,,1,25,,7011,34,,,1,65,,7012,34,,,1,25,,7013,34,,,1,25,,7014,34,,,1,65,,7015,34,,,1,28,,7016,34,,,1,70,,7017,34,,,1,30,,7018,34,,,1,70,,7019,34,,,1,24,,7020,34,,,1
9601,'2',828,,7022,34,,,1,99,,7023,34,,,1,100,,7024,34,,,1,99,,7025,34,,,1,99,,7026,34,,,1,99,,7027,34,,,1,99,,7028,34,,,1,99,,7029,34,,,1,99,,7030,34,,,1,99,,7031,34,,,1,89,,7032,34,,,1,91,,7033,34,,,1,57,,7034,34,,,1
9601,'3',928,,7035,34,,,1,94,,7036,34,,,1,94,,7037,34,,,1,94,,7038,34,,,1,94,,7039,34,,,1,54,,7040,34,,,1,95,,7041,34,,,1,94,,7042,34,,,1,91,,7043,34,,,1,94,,7044,34,,,1,93,,7045,34,,,1,94,,7046,34,,,1
9601,'80',928,,7047,34,,,1,94,,7048,34,,,1,94,,7049,34,,,1,94,,7050,34,,,1,94,,7051,34,,,1,54,,7052,34,,,1,95,,7053,34,,,1,94,,7054,34,,,1,91,,7055,34,,,1,94,,7056,34,,,1,93,,7057,34,,,1,94,,7058,34,,,1
9601,'81',928,,7059,34,,,1,94,,7060,34,,,1,94,,7061,34,,,1,94,,7062,34,,,1,94,,7063,34,,,1,54,,7064,34,,,1,95,,7065,34,,,1,94,,7066,34,,,1,91,,7067,34,,,1,94,,7068,34,,,1,93,,7069,34,,,1,94,,7070,34,,,1
9801,'1',537,,7165,43,,,1,75,,7164,43,,,1,37,,7163,43,,,1,75,,7162,43,,,1,76,,7161,43,,,1,35,,7160,43,,,1,75,,7159,43,,,1,35,,7158,43,,,1,75,,7171,43,,,1,101,,7170,43,,,1,98,,7169,43,,,1,98,,7168,43,,,1,101,,7167,43,,,1,40,,7166,43,,,1,80,,7181,43,,,1,80,,7180,43,,,1,40,,7179,43,,,1,80,,7178,43,,,1,80,,7177,43,,,1,37,,7176,43,,,1,78,,7175,43,,,1,91,,7174,43,,,1,87,,7173,43,,,1,48,,7172,43,,,1
9801,'2',544,,7200,43,,,1,86,,7199,43,,,1,86,,7198,43,,,1,86,,7197,43,,,1,48,,7196,43,,,1,96,,7195,43,,,1,94,,7194,43,,,1,98,,7193,43,,,1,94,,7192,43,,,1,102,,7191,43,,,1,98,,7190,43,,,1,98,,7189,43,,,1,95,,7188,43,,,1,98,,7187,43,,,1,98,,7186,43,,,1,94,,7185,43,,,1,86,,7184,43,,,1,49,,7183,43,,,1,87,,7182,43,,,1
9801,'3',727,,7217,43,,,1,88,,7218,43,,,1,89,,7216,43,,,1,48,,7215,43,,,1,88,,7214,43,,,1,96,,7213,43,,,1,93,,7212,43,,,1,93,,7211,43,,,1,95,,7210,43,,,1,93,,7209,43,,,1,93,,7208,43,,,1,53,,7207,43,,,1,93,,7206,43,,,1,90,,7205,43,,,1,86,,7204,43,,,1,86,,7203,43,,,1,47,,7202,43,,,1,88,,7201,43,,,1
9801,'80',727,,7235,43,,,1,88,,7236,43,,,1,89,,7234,43,,,1,48,,7233,43,,,1,88,,7232,43,,,1,96,,7231,43,,,1,93,,7230,43,,,1,93,,7229,43,,,1,95,,7228,43,,,1,93,,7227,43,,,1,93,,7226,43,,,1,53,,7225,43,,,1,93,,7224,43,,,1,90,,7223,43,,,1,86,,7222,43,,,1,86,,7221,43,,,1,47,,7220,43,,,1,88,,7219,43,,,1
9801,'81',727,,7253,43,,,1,88,,7254,43,,,1,89,,7252,43,,,1,48,,7251,43,,,1,88,,7250,43,,,1,96,,7249,43,,,1,93,,7248,43,,,1,93,,7247,43,,,1,95,,7246,43,,,1,93,,7245,43,,,1,93,,7244,43,,,1,53,,7243,43,,,1,93,,7242,43,,,1,90,,7241,43,,,1,86,,7240,43,,,1,86,,7239,43,,,1,47,,7238,43,,,1,88,,7237,43,,,1
60101,'1',501,,9677,12,,,1,12,,9678,12,,,1,13,,9679,12,,,1,12,,9680,12,,,1,12,,9681,12,,,1,52,,9682,12,,,1,14,,9683,12,,,1,12,,9684,12,,,1,12,,9685,12,,,1,12,,9686,12,,,1,50,,9687,12,,,1,12,,9688,12,,,1,10,,9689,12,,,1,10,,9690,12,,,1,10,,9691,12,,,1,10,,9692,12,,,1,50,,9693,12,,,1,10,,9694,12,,,1,10,,9695,12,,,1,10,,9696,12,,,1,10,,9697,12,,,1,10,,9698,12,,,1,50,,9699,12,,,1,10,,9700,12,,,1,10,,9701,12,,,1,10,,9702,12,,,1,10,,9703,12,,,1,10,,9704,12,,,1,50,,9705,12,,,1,10,,9706,12,,,1,10,,9707,12,,,1,16,,9708,12,,,1,16,,9709,12,,,1,56,,9710,12,,,1,16,,9711,12,,,1,16,,9712,12,,,1,56,,9713,12,,,1,16,,9714,12,,,1,16,,9715,12,,,1,16,,9716,12,,,1,56,,9717,12,,,1,16,,9718,12,,,1,16,,9719,12,,,1,16,,9720,12,,,1,59,,9721,12,,,1,16,,9722,12,,,1,12,,9723,12,,,1,12,,9724,12,,,1,52,,9725,12,,,1,12,,9726,12,,,1,12,,9727,12,,,1,12,,9728,12,,,1,12,,9729,12,,,1,52,,9730,12,,,1,12,,9731,12,,,1,12,,9732,12,,,1,14,,9733,12,,,1,12,,9734,12,,,1,52,,9735,12,,,1,12,,9736,12,,,1,12,,9737,12,,,1,12,,9738,12,,,1,10,,9739,12,,,1,52,,9740,12,,,1,12,,9741,12,,,1,12,,9742,12,,,1,12,,9743,12,,,1,10,,9744,12,,,1,53,,9745,12,,,1,14,,9746,12,,,1,14,,9747,12,,,1,14,,9748,12,,,1,13,,9749,12,,,1,54,,9750,12,,,1,14,,9751,12,,,1,20,,9752,12,,,1,60,,9753,12,,,1,20,,9754,12,,,1,18,,9755,12,,,1,60,,9756,12,,,1,20,,9757,12,,,1,19,,9758,12,,,1,16,,9759,12,,,1,59,,9760,12,,,1,19,,9761,12,,,1,18,,9762,12,,,1,59,,9763,12,,,1
60101,'2',623,,9764,12,,,1,16,,9765,12,,,1,15,,9766,12,,,1,56,,9767,12,,,1,16,,9768,12,,,1,16,,9769,12,,,1,16,,9770,12,,,1,55,,9771,12,,,1,17,,9772,12,,,1,14,,9773,12,,,1,57,,9774,12,,,1,15,,9775,12,,,1,15,,9776,12,,,1,15,,9777,12,,,1,56,,9778,12,,,1,15,,9779,12,,,1,15,,9780,12,,,1,16,,9781,12,,,1,55,,9782,12,,,1,16,,9783,12,,,1,15,,9784,12,,,1,15,,9785,12,,,1,55,,9786,12,,,1,15,,9787,12,,,1,15,,9788,12,,,1,15,,9789,12,,,1,55,,9790,12,,,1,15,,9791,12,,,1,15,,9792,12,,,1,15,,9793,12,,,1,55,,9794,12,,,1,15,,9795,12,,,1,15,,9796,12,,,1,15,,9797,12,,,1,55,,9798,12,,,1,15,,9799,12,,,1,15,,9800,12,,,1,15,,9801,12,,,1,55,,9802,12,,,1,15,,9803,12,,,1,15,,9804,12,,,1,15,,9805,12,,,1,55,,9806,12,,,1,15,,9807,12,,,1,15,,9808,12,,,1,13,,9809,12,,,1,53,,9810,12,,,1,15,,9811,12,,,1,13,,9812,12,,,1,14,,9813,12,,,1,15,,9814,12,,,1,55,,9815,12,,,1,15,,9816,12,,,1,15,,9817,12,,,1,15,,9818,12,,,1,54,,9819,12,,,1,18,,9820,12,,,1,17,,9821,12,,,1,57,,9822,12,,,1,17,,9823,12,,,1,17,,9824,12,,,1,17,,9825,12,,,1,55,,9826,12,,,1,18,,9827,12,,,1,16,,9828,12,,,1,16,,9829,12,,,1,55,,9830,12,,,1,16,,9831,12,,,1,16,,9832,12,,,1,55,,9833,12,,,1,16,,9834,12,,,1
60101,'3',713,,9835,12,,,1,20,,9836,12,,,1,20,,9837,12,,,1,60,,9838,12,,,1,22,,9839,12,,,1,20,,9840,12,,,1,60,,9841,12,,,1,20,,9842,12,,,1,20,,9843,12,,,1,60,,9844,12,,,1,22,,9845,12,,,1,20,,9846,12,,,1,60,,9847,12,,,1,20,,9848,12,,,1,20,,9849,12,,,1,60,,9850,12,,,1,20,,9851,12,,,1,21,,9852,12,,,1,60,,9853,12,,,1,20,,9854,12,,,1,20,,9855,12,,,1,60,,9856,12,,,1,20,,9857,12,,,1,20,,9858,12,,,1,60,,9859,12,,,1,20,,9860,12,,,1,20,,9861,12,,,1,60,,9862,12,,,1,20,,9863,12,,,1,20,,9864,12,,,1,60,,9865,12,,,1,20,,9866,12,,,1,18,,9867,12,,,1,60,,9868,12,,,1,20,,9869,12,,,1,20,,9870,12,,,1,60,,9871,12,,,1,20,,9872,12,,,1,20,,9873,12,,,1,60,,9874,12,,,1,20,,9875,12,,,1,18,,9876,12,,,1,60,,9877,12,,,1,20,,9878,12,,,1,20,,9879,12,,,1,60,,9880,12,,,1,18,,9881,12,,,1,20,,9882,12,,,1,60,,9883,12,,,1,19,,9884,12,,,1,19,,9885,12,,,1,60,,9886,12,,,1,20,,9887,12,,,1
60101,'80',713,,9888,12,,,1,20,,9889,12,,,1,20,,9890,12,,,1,60,,9891,12,,,1,22,,9892,12,,,1,20,,9893,12,,,1,60,,9894,12,,,1,20,,9895,12,,,1,20,,9896,12,,,1,60,,9897,12,,,1,22,,9898,12,,,1,20,,9899,12,,,1,60,,9900,12,,,1,20,,9901,12,,,1,20,,9902,12,,,1,60,,9903,12,,,1,20,,9904,12,,,1,21,,9905,12,,,1,60,,9906,12,,,1,20,,9907,12,,,1,20,,9908,12,,,1,60,,9909,12,,,1,20,,9910,12,,,1,20,,9911,12,,,1,60,,9912,12,,,1,20,,9913,12,,,1,20,,9914,12,,,1,60,,9915,12,,,1,20,,9916,12,,,1,20,,9917,12,,,1,60,,9918,12,,,1,20,,9919,12,,,1,18,,9920,12,,,1,60,,9921,12,,,1,20,,9922,12,,,1,20,,9923,12,,,1,60,,9924,12,,,1,20,,9925,12,,,1,20,,9926,12,,,1,60,,9927,12,,,1,20,,9928,12,,,1,18,,9929,12,,,1,60,,9930,12,,,1,20,,9931,12,,,1,20,,9932,12,,,1,60,,9933,12,,,1,18,,9934,12,,,1,20,,9935,12,,,1,60,,9936,12,,,1,19,,9937,12,,,1,19,,9938,12,,,1,60,,9939,12,,,1,20,,9940,12,,,1
60101,'81',713,,9941,12,,,1,20,,9942,12,,,1,20,,9943,12,,,1,60,,9944,12,,,1,22,,9945,12,,,1,20,,9946,12,,,1,60,,9947,12,,,1,20,,9948,12,,,1,20,,9949,12,,,1,60,,9950,12,,,1,22,,9951,12,,,1,20,,9952,12,,,1,60,,9953,12,,,1,20,,9954,12,,,1,20,,9955,12,,,1,60,,9956,12,,,1,20,,9957,12,,,1,21,,9958,12,,,1,60,,9959,12,,,1,20,,9960,12,,,1,20,,9961,12,,,1,60,,9962,12,,,1,20,,9963,12,,,1,20,,9964,12,,,1,60,,9965,12,,,1,20,,9966,12,,,1,20,,9967,12,,,1,60,,9968,12,,,1,20,,9969,12,,,1,20,,9970,12,,,1,60,,9971,12,,,1,20,,9972,12,,,1,18,,9973,12,,,1,60,,9974,12,,,1,20,,9975,12,,,1,20,,9976,12,,,1,60,,9977,12,,,1,20,,9978,12,,,1,20,,9979,12,,,1,60,,9980,12,,,1,20,,9981,12,,,1,18,,9982,12,,,1,60,,9983,12,,,1,20,,9984,12,,,1,20,,9985,12,,,1,60,,9986,12,,,1,18,,9987,12,,,1,20,,9988,12,,,1,60,,9989,12,,,1,19,,9990,12,,,1,19,,9991,12,,,1,60,,9992,12,,,1,20,,9993,12,,,1
910201,'1',639,,11574,17,,,1,85,,11575,17,,,1,85,,11576,17,,,1,45,,11577,17,,,1
989901,'1',2217,,11627,43,,,1,31,,11628,43,,,1,78,,11629,43,,,1,76,,11630,43,,,1,35,,11631,43,,,1,71,,11632,43,,,1,35,,11633,43,,,1,75,,11634,43,,,1
989901,'2',2223,,11635,43,,,1,91,,11636,43,,,1,43,,11637,43,,,1,91,,11640,43,,,1,85,,11638,43,,,1,86,,11639,43,,,1
989901,'3',2235,,11641,43,,,1,88,,11642,43,,,1,83,,11643,43,,,1,49,,11644,43,,,1,79,,11645,43,,,1,83,,11646,43,,,1
989901,'80',2235,,11647,43,,,1,88,,11648,43,,,1,83,,11649,43,,,1,49,,11650,43,,,1,79,,11651,43,,,1,83,,11652,43,,,1
989901,'81',2235,,11653,43,,,1,88,,11654,43,,,1,83,,11655,43,,,1,49,,11656,43,,,1,79,,11657,43,,,1,83,,11658,43,,,1
