100,'1',424,,23457,48,,,1,78,,23456,48,,,1,31,,23455,48,,,1,82,,23483,63,,,1,38,,23482,63,,,1,84,,23480,63,,,1,79,,23481,63,,,1,32,,23479,63,,,1,75,,23478,63,,,1,35,,23477,63,,,1,146,,23476,63,,,1,113,,23475,63,,,1,112,,23474,63,,,1,116,,23473,63,,,1,87,,23484,63,,,1,85,,23472,63,,,1,31,,23471,63,,,1,77,,23470,63,,,1,31,,23469,63,,,1,74,,23468,63,,,1,74,,23467,63,,,1,24,,23466,63,,,1,23,,23465,63,,,1,97,,23464,63,,,1,102,,23463,63,,,1,100,,23462,63,,,1,91,,23461,63,,,1,95,,23460,63,,,1,89,,23459,63,,,1,95,,23458,63,,,1
100,'74',621,,23507,48,,,1,96,,23485,63,,,1,103,,23486,63,,,1,107,,23487,63,,,1,103,,23488,63,,,1,112,,23489,63,,,1,96,,23490,63,,,1,87,,23491,63,,,1,103,,23492,63,,,1,92,,23493,63,,,1,92,,23494,63,,,1,92,,23495,63,,,1,46,,23496,63,,,1,92,,23497,63,,,1,91,,23498,63,,,1,80,,23499,63,,,1,92,,23500,63,,,1,50,,23501,63,,,1,97,,23502,63,,,1,97,,23503,63,,,1,94,,23504,63,,,1,92,,23505,63,,,1,95,,23506,63,,,1
100,'80',810,,23523,48,,,1,92,,23508,63,,,1,119,,23509,63,,,1,115,,23510,63,,,1,115,,23511,63,,,1,155,,23512,63,,,1,112,,23513,63,,,1,107,,23514,63,,,1,112,,23515,63,,,1,110,,23516,63,,,1,108,,23517,63,,,1,94,,23518,63,,,1,99,,23519,63,,,1,99,,23520,63,,,1,94,,23521,63,,,1,99,,23522,63,,,1
100,'35296.2',621,,23546,48,,,1,96,,23524,63,,,1,103,,23525,63,,,1,107,,23526,63,,,1,103,,23527,63,,,1,112,,23528,63,,,1,96,,23529,63,,,1,87,,23530,63,,,1,103,,23531,63,,,1,92,,23532,63,,,1,92,,23533,63,,,1,92,,23534,63,,,1,46,,23535,63,,,1,92,,23536,63,,,1,91,,23537,63,,,1,80,,23538,63,,,1,92,,23539,63,,,1,50,,23540,63,,,1,97,,23541,63,,,1,97,,23542,63,,,1,94,,23543,63,,,1,92,,23544,63,,,1,95,,23545,63,,,1
100,'35296.3',810,,23562,48,,,1,92,,23547,63,,,1,119,,23548,63,,,1,115,,23549,63,,,1,115,,23550,63,,,1,155,,23551,63,,,1,112,,23552,63,,,1,107,,23553,63,,,1,112,,23554,63,,,1,110,,23555,63,,,1,108,,23556,63,,,1,94,,23557,63,,,1,99,,23558,63,,,1,99,,23559,63,,,1,94,,23560,63,,,1,99,,23561,63,,,1
100,'35298.2',621,,23615,48,,,1,96,,23614,63,,,1,37,,23563,63,,,1,57,,23564,63,,,1,21,,23565,63,,,1,17,,23566,63,,,1,57,,23567,63,,,1,17,,23568,63,,,1,17,,23569,63,,,1,17,,23570,63,,,1,57,,23571,63,,,1,17,,23572,63,,,1,17,,23573,63,,,1,66,,23574,63,,,1,17,,23575,63,,,1,17,,23576,63,,,1,57,,23577,63,,,1,21,,23578,63,,,1,17,,23579,63,,,1,57,,23580,63,,,1,17,,23581,63,,,1,23,,23582,63,,,1,17,,23583,63,,,1,57,,23584,63,,,1,17,,23585,63,,,1,17,,23586,63,,,1,57,,23587,63,,,1,17,,23588,63,,,1,17,,23589,63,,,1,17,,23590,63,,,1,57,,23591,63,,,1,17,,23592,63,,,1,17,,23593,63,,,1,57,,23594,63,,,1,11,,23595,63,,,1,17,,23596,63,,,1,17,,23597,63,,,1,57,,23598,63,,,1,17,,23599,63,,,1,17,,23600,63,,,1,17,,23601,63,,,1,56,,23602,63,,,1,17,,23603,63,,,1,17,,23604,63,,,1,57,,23605,63,,,1,9,,23606,63,,,1,92,,23607,63,,,1,50,,23608,63,,,1,97,,23609,63,,,1,97,,23610,63,,,1,94,,23611,63,,,1,92,,23612,63,,,1,95,,23613,63,,,1
100,'35298.3',752,,23616,63,,,1,57,,23617,63,,,1,17,,23618,63,,,1,17,,23619,63,,,1,57,,23620,63,,,1,17,,23621,63,,,1,17,,23622,63,,,1,24,,23623,63,,,1,57,,23624,63,,,1,17,,23625,63,,,1,17,,23626,63,,,1,60,,23627,63,,,1,17,,23628,63,,,1,17,,23629,63,,,1,57,,23630,63,,,1,20,,23631,63,,,1,17,,23632,63,,,1,17,,23633,63,,,1,57,,23634,63,,,1,17,,23635,63,,,1,20,,23636,63,,,1,57,,23637,63,,,1,17,,23638,63,,,1,17,,23639,63,,,1,17,,23640,63,,,1,57,,23641,63,,,1,17,,23642,63,,,1,17,,23643,63,,,1,57,,23644,63,,,1,12,,23645,63,,,1,17,,23646,63,,,1,17,,23647,63,,,1,57,,23648,63,,,1,17,,23649,63,,,1,17,,23650,63,,,1,17,,23651,63,,,1,57,,23652,63,,,1,17,,23653,63,,,1,15,,23654,63,,,1,57,,23655,63,,,1,17,,23656,63,,,1,17,,23657,63,,,1,13,,23658,63,,,1,98,,23659,63,,,1,99,,23660,63,,,1,99,,23661,63,,,1,94,,23662,63,,,1,99,,23663,63,,,1
900,'1',542,,26052,6,,,1,66,,26053,6,,,1,41,,26054,6,,,1,73,,26055,6,,,1,33,,26056,6,,,1,73,,26057,6,,,1,73,,26058,6,,,1,33,,26059,6,,,1,84,,26060,6,,,1,84,,26061,6,,,1,44,,26062,6,,,1,84,,26063,6,,,1,83,,26064,6,,,1,44,,26065,6,,,1,82,,26066,6,,,1,75,,26067,6,,,1,34,,26068,6,,,1,81,,26069,6,,,1,82,,26070,6,,,1,34,,26071,6,,,1,78,,26072,6,,,1,78,,26073,6,,,1,38,,26074,6,,,1,78,,26075,6,,,1
900,'2',656,,26096,6,,,1,79,,26097,6,,,1,79,,26076,6,,,1,39,,26077,6,,,1,79,,26078,6,,,1,79,,26079,6,,,1,39,,26080,6,,,1,79,,26081,6,,,1,79,,26082,6,,,1,39,,26083,6,,,1,84,,26084,6,,,1,81,,26085,6,,,1,41,,26086,6,,,1,81,,26087,6,,,1,81,,26088,6,,,1,41,,26089,6,,,1,85,,26090,6,,,1,82,,26091,6,,,1,80,,26092,6,,,1,42,,26093,6,,,1,82,,26094,6,,,1,82,,26095,6,,,1
900,'3',758,,26116,6,,,1,81,,26117,6,,,1,81,,26098,6,,,1,81,,26099,6,,,1,41,,26100,6,,,1,81,,26101,6,,,1,81,,26102,6,,,1,41,,26103,6,,,1,81,,26104,6,,,1,81,,26105,6,,,1,41,,26106,6,,,1,81,,26107,6,,,1,81,,26108,6,,,1,41,,26109,6,,,1,78,,26110,6,,,1,81,,26111,6,,,1,41,,26112,6,,,1,80,,26113,6,,,1,80,,26114,6,,,1,40,,26115,6,,,1
900,'74',656,,26138,6,,,1,79,,26139,6,,,1,79,,26118,6,,,1,39,,26119,6,,,1,79,,26120,6,,,1,79,,26121,6,,,1,39,,26122,6,,,1,79,,26123,6,,,1,79,,26124,6,,,1,39,,26125,6,,,1,84,,26126,6,,,1,81,,26127,6,,,1,41,,26128,6,,,1,81,,26129,6,,,1,81,,26130,6,,,1,41,,26131,6,,,1,85,,26132,6,,,1,82,,26133,6,,,1,80,,26134,6,,,1,42,,26135,6,,,1,82,,26136,6,,,1,82,,26137,6,,,1
900,'80',758,,26158,6,,,1,81,,26159,6,,,1,81,,26140,6,,,1,81,,26141,6,,,1,41,,26142,6,,,1,81,,26143,6,,,1,81,,26144,6,,,1,41,,26145,6,,,1,81,,26146,6,,,1,81,,26147,6,,,1,41,,26148,6,,,1,81,,26149,6,,,1,81,,26150,6,,,1,41,,26151,6,,,1,78,,26152,6,,,1,81,,26153,6,,,1,41,,26154,6,,,1,80,,26155,6,,,1,80,,26156,6,,,1,40,,26157,6,,,1
1400,'1',550,,26392,61,,,1,67,,26391,61,,,1,29,,26390,61,,,1,73,,26388,61,,,1,30,,26389,61,,,1,72,,26414,61,,,1,22,,26413,61,,,1,77,,26412,61,,,1,28,,26411,58,,,1,74,,26410,58,,,1,34,,26404,58,,,1,75,,26394,58,,,1,74,,26409,58,,,1,33,,26408,58,,,1,73,,26407,58,,,1,33,,26406,58,,,1,73,,26405,58,,,1,38,,26403,61,,,1,72,,26402,61,,,1,76,,26401,61,,,1,31,,26400,61,,,1,77,,26399,61,,,1,32,,26398,61,,,1,75,,26397,61,,,1,35,,26396,61,,,1,66,,26395,61,,,1,27,,26393,58,,,1,76,,26415,58,,,1,81,,26416,58,,,1
30301,'1',1626,,32980,3,,,1,31,,32977,3,,,1,60,,32978,3,,,1,10,,32979,3,,,1,17,,32981,3,,,1,10,,32976,3,,,1,53,,32982,3,,,1,12,,32983,3,,,1,15,,32975,3,,,1
