9601,'1',535,,31339,78,,,1,73,,31340,78,,,1,29,,31341,78,,,1,70,,31342,78,,,1,42,,31343,78,,,1,76,,31344,78,,,1,78,,31345,78,,,1,27,,31346,78,,,1,71,,31347,78,,,1,31,,31348,78,,,1,79,,31349,78,,,1,38,,31350,74,,,1,83,,31351,74,,,1,75,,31352,74,,,1,32,,31353,74,,,1,86,,31354,74,,,1,83,,31355,74,,,1,21,,31374,74,,,1,18,,31356,74,,,1,71,,31357,74,,,1,27,,31358,74,,,1,71,,31359,78,,,1,27,,31360,78,,,1,64,,31361,78,,,1,22,,31362,78,,,1,17,,31363,78,,,1,65,,31364,78,,,1,25,,31365,78,,,1,65,,31366,78,,,1,21,,31367,74,,,1,25,,31368,74,,,1,67,,31369,74,,,1,30,,31370,74,,,1,70,,31371,74,,,1,30,,31372,74,,,1,64,,31373,74,,,1
9601,'2',900,,31375,74,,,1,59,,31376,74,,,1,142,,31377,74,,,1,99,,31378,74,,,1,59,,31379,74,,,1,96,,31380,74,,,1,99,,31381,74,,,1,99,,31382,74,,,1,99,,31383,74,,,1,99,,31384,74,,,1,88,,31385,74,,,1,90,,31386,74,,,1,97,,31387,74,,,1
9601,'3',1000,,31388,74,,,1,54,,31389,74,,,1,94,,31390,74,,,1,94,,31391,74,,,1,94,,31392,74,,,1,94,,31393,74,,,1,96,,31394,74,,,1,94,,31395,74,,,1,88,,31396,74,,,1,94,,31397,74,,,1,52,,31398,74,,,1,94,,31399,74,,,1
9601,'74',900,,31400,74,,,1,59,,31401,74,,,1,142,,31402,74,,,1,99,,31403,74,,,1,59,,31404,74,,,1,96,,31405,74,,,1,99,,31406,74,,,1,99,,31407,74,,,1,99,,31408,74,,,1,99,,31409,74,,,1,88,,31410,74,,,1,90,,31411,74,,,1,97,,31412,74,,,1
9601,'80',1000,,31413,74,,,1,54,,31414,74,,,1,94,,31415,74,,,1,94,,31416,74,,,1,94,,31417,74,,,1,94,,31418,74,,,1,96,,31419,74,,,1,94,,31420,74,,,1,88,,31421,74,,,1,94,,31422,74,,,1,52,,31423,74,,,1,94,,31424,74,,,1
10701,'1',529,,32420,21,,,1,24,,32419,21,,,1,67,,32418,21,,,1,24,,32417,21,,,1,64,,32416,21,,,1,18,,32415,21,,,1,20,,32414,21,,,1,12,,32413,21,,,1,61,,32412,21,,,1,16,,32411,21,,,1,16,,32410,21,,,1,50,,32409,21,,,1,44,,32398,21,,,1,80,,32405,21,,,1,82,,32404,21,,,1,42,,32403,21,,,1,82,,32402,21,,,1,87,,32401,21,,,1,82,,32400,21,,,1,28,,32408,21,,,1,14,,32399,21,,,1,63,,32397,21,,,1,19,,32396,21,,,1,18,,32395,21,,,1,58,,32394,21,,,1,22,,32393,21,,,1,18,,32392,21,,,1,18,,32391,21,,,1,62,,32390,21,,,1,18,,32389,21,,,1,18,,32388,21,,,1,55,,32387,21,,,1,17,,32386,21,,,1,18,,32434,21,,,1,66,,32433,21,,,1,18,,32421,21,,,1,78,,32435,21,,,1,41,,32432,21,,,1,76,,32431,21,,,1,78,,32430,21,,,1,32,,32429,21,,,1,74,,32428,21,,,1,34,,32427,21,,,1,74,,32426,21,,,1,34,,32425,21,,,1,74,,32424,21,,,1,34,,32423,21,,,1,74,,32422,21,,,1
10701,'2',704,,32463,21,,,1,39,,32464,21,,,1,77,,32465,21,,,1,37,,32466,21,,,1,77,,32467,21,,,1,77,,32468,21,,,1,37,,32469,21,,,1,77,,32470,21,,,1,77,,32471,21,,,1,37,,32472,21,,,1,76,,32440,21,,,1,37,,32441,21,,,1,76,,32443,21,,,1,77,,32444,21,,,1,37,,32445,21,,,1,77,,32446,21,,,1,35,,32447,21,,,1,77,,32448,21,,,1,77,,32449,21,,,1,37,,32450,21,,,1,77,,32451,21,,,1,37,,32452,21,,,1,77,,32453,21,,,1,77,,32454,21,,,1,37,,32455,21,,,1,77,,32442,21,,,1,77,,32456,21,,,1,37,,32457,21,,,1,77,,32458,21,,,1,37,,32459,21,,,1,76,,32439,21,,,1,75,,32460,21,,,1
10701,'3',743,,32485,21,,,1,77,,32486,21,,,1,34,,32487,21,,,1,77,,32488,21,,,1,78,,32489,21,,,1,37,,32490,21,,,1,77,,32484,21,,,1,77,,32491,21,,,1,37,,32492,21,,,1,77,,32493,21,,,1,37,,32494,21,,,1,76,,32495,21,,,1,75,,32496,21,,,1,37,,32497,21,,,1,77,,32498,21,,,1,37,,32500,21,,,1,77,,32501,21,,,1,77,,32499,21,,,1,37,,32481,21,,,1,77,,32502,21,,,1,37,,32503,21,,,1,77,,32504,21,,,1,77,,32505,21,,,1,37,,32473,21,,,1,77,,32474,21,,,1,77,,32475,21,,,1,37,,32476,21,,,1,77,,32477,21,,,1,36,,32478,21,,,1,77,,32479,21,,,1,77,,32480,21,,,1
10701,'74',704,,32530,21,,,1,39,,32531,21,,,1,77,,32532,21,,,1,37,,32533,21,,,1,77,,32534,21,,,1,77,,32535,21,,,1,37,,32536,21,,,1,77,,32537,21,,,1,77,,32538,21,,,1,37,,32539,21,,,1,76,,32507,21,,,1,37,,32508,21,,,1,76,,32510,21,,,1,77,,32511,21,,,1,37,,32512,21,,,1,77,,32513,21,,,1,35,,32514,21,,,1,77,,32515,21,,,1,77,,32516,21,,,1,37,,32517,21,,,1,77,,32518,21,,,1,37,,32519,21,,,1,77,,32520,21,,,1,77,,32521,21,,,1,37,,32522,21,,,1,77,,32509,21,,,1,77,,32523,21,,,1,37,,32524,21,,,1,77,,32525,21,,,1,37,,32526,21,,,1,76,,32506,21,,,1,75,,32527,21,,,1
10701,'80',743,,32552,21,,,1,77,,32553,21,,,1,34,,32554,21,,,1,77,,32555,21,,,1,78,,32556,21,,,1,37,,32557,21,,,1,77,,32551,21,,,1,77,,32558,21,,,1,37,,32559,21,,,1,77,,32560,21,,,1,37,,32561,21,,,1,76,,32562,21,,,1,75,,32563,21,,,1,37,,32564,21,,,1,77,,32565,21,,,1,37,,32567,21,,,1,77,,32568,21,,,1,77,,32566,21,,,1,37,,32548,21,,,1,77,,32569,21,,,1,37,,32570,21,,,1,77,,32571,21,,,1,77,,32572,21,,,1,37,,32540,21,,,1,77,,32541,21,,,1,77,,32542,21,,,1,37,,32543,21,,,1,77,,32544,21,,,1,36,,32545,21,,,1,77,,32546,21,,,1,77,,32547,21,,,1
