101,'1',443,,23682,7,,,1,78,,23683,7,,,1,31,,23684,7,,,1,85,,23690,7,,,1,78,,23692,7,,,1,30,,23685,7,,,1,56,,23691,7,,,1,45,,23689,7,,,1,72,,23688,7,,,1,32,,23687,7,,,1,70,,23686,7,,,1,109,,23681,7,,,1,113,,23680,7,,,1,113,,23679,7,,,1,76,,23693,7,,,1,77,,23678,7,,,1,23,,23670,7,,,1,75,,23671,7,,,1,34,,23672,7,,,1,74,,23677,7,,,1,34,,23676,7,,,1,74,,23675,7,,,1,34,,23674,7,,,1,72,,23673,7,,,1,82,,23666,7,,,1,99,,23669,7,,,1,104,,23668,7,,,1,100,,23667,7,,,1,89,,23665,7,,,1,55,,23664,7,,,1
101,'74',637,,23715,7,,,1,104,,23694,7,,,1,103,,23695,7,,,1,104,,23696,7,,,1,108,,23697,7,,,1,150,,23708,7,,,1,101,,23698,7,,,1,52,,23699,7,,,1,92,,23700,7,,,1,92,,23701,7,,,1,92,,23702,7,,,1,92,,23703,7,,,1,91,,23704,7,,,1,92,,23705,7,,,1,92,,23706,7,,,1,52,,23707,7,,,1,161,,23709,7,,,1,97,,23710,7,,,1,96,,23711,7,,,1,96,,23712,7,,,1,97,,23713,7,,,1
101,'80',827,,23730,7,,,1,112,,23729,7,,,1,113,,23716,7,,,1,152,,23717,7,,,1,112,,23718,7,,,1,112,,23719,7,,,1,112,,23720,7,,,1,112,,23721,7,,,1,152,,23722,7,,,1,111,,23723,7,,,1,98,,23728,7,,,1,99,,23724,7,,,1,99,,23725,7,,,1,98,,23726,7,,,1,99,,23727,7,,,1
101,'35296.2',637,,23744,7,,,1,104,,23732,7,,,1,103,,23733,7,,,1,104,,23734,7,,,1,108,,23735,7,,,1,150,,23742,7,,,1,101,,23736,7,,,1,52,,23737,7,,,1,92,,23738,7,,,1,92,,23739,7,,,1,92,,23740,7,,,1,92,,23741,7,,,1,91,,23745,7,,,1,92,,23746,7,,,1,92,,23747,7,,,1,52,,23748,7,,,1,161,,23749,7,,,1,97,,23750,7,,,1,96,,23751,7,,,1,96,,23752,7,,,1,97,,23753,7,,,1
101,'35296.3',827,,23757,7,,,1,112,,23756,7,,,1,113,,23754,7,,,1,152,,23755,7,,,1,112,,23759,7,,,1,112,,23760,7,,,1,112,,23761,7,,,1,112,,23762,7,,,1,152,,23763,7,,,1,111,,23764,7,,,1,98,,23769,7,,,1,99,,23765,7,,,1,99,,23766,7,,,1,98,,23767,7,,,1,99,,23768,7,,,1
101,'35298.2',637,,23808,7,,,1,75,,23804,7,,,1,17,,23805,7,,,1,18,,23806,7,,,1,57,,23807,7,,,1,17,,23770,7,,,1,17,,23771,7,,,1,17,,23772,7,,,1,58,,23773,7,,,1,17,,23774,7,,,1,17,,23775,7,,,1,57,,23776,7,,,1,17,,23777,7,,,1,17,,23778,7,,,1,17,,23779,7,,,1,58,,23780,7,,,1,17,,23781,7,,,1,17,,23782,7,,,1,57,,23783,7,,,1,17,,23784,7,,,1,16,,23785,7,,,1,17,,23786,7,,,1,57,,23787,7,,,1,17,,23788,7,,,1,17,,23789,7,,,1,57,,23790,7,,,1,17,,23791,7,,,1,17,,23792,7,,,1,17,,23793,7,,,1,57,,23794,7,,,1,17,,23795,7,,,1,17,,23796,7,,,1,57,,23797,7,,,1,17,,23798,7,,,1,17,,23799,7,,,1,17,,23800,7,,,1,57,,23801,7,,,1,17,,23802,7,,,1,17,,23803,7,,,1,57,,23810,7,,,1,16,,23811,7,,,1,17,,23812,7,,,1,17,,23813,7,,,1,60,,23814,7,,,1,92,,23815,7,,,1,52,,23816,7,,,1,161,,23817,7,,,1,97,,23818,7,,,1,96,,23819,7,,,1,96,,23820,7,,,1,97,,23821,7,,,1
101,'35298.3',708,,23822,7,,,1,17,,23823,7,,,1,17,,23824,7,,,1,17,,23825,7,,,1,57,,23826,7,,,1,17,,23827,7,,,1,17,,23828,7,,,1,57,,23829,7,,,1,17,,23830,7,,,1,17,,23831,7,,,1,17,,23832,7,,,1,58,,23833,7,,,1,17,,23834,7,,,1,17,,23835,7,,,1,57,,23836,7,,,1,17,,23837,7,,,1,17,,23838,7,,,1,17,,23839,7,,,1,57,,23840,7,,,1,17,,23841,7,,,1,17,,23842,7,,,1,57,,23843,7,,,1,17,,23844,7,,,1,17,,23845,7,,,1,17,,23846,7,,,1,57,,23847,7,,,1,17,,23848,7,,,1,17,,23849,7,,,1,57,,23850,7,,,1,17,,23851,7,,,1,17,,23852,7,,,1,17,,23853,7,,,1,57,,23854,7,,,1,17,,23855,7,,,1,17,,23856,7,,,1,57,,23857,7,,,1,17,,23858,7,,,1,17,,23859,7,,,1,17,,23860,7,,,1,57,,23861,7,,,1,17,,23862,7,,,1,17,,23863,7,,,1,56,,23864,7,,,1,17,,23865,7,,,1,94,,23866,7,,,1,99,,23867,7,,,1,99,,23868,7,,,1,98,,23869,7,,,1,99,,23870,7,,,1
52201,'1',919,,34051,21,,,1,119,,34045,21,,,1,119,,34046,21,,,1,159,,34047,21,,,1,119,,34048,21,,,1,119,,34049,21,,,1,159,,34050,21,,,1
60301,'1',543,,35160,3,,,1,60,,35161,3,,,1,16,,35162,3,,,1,18,,35163,3,,,1,18,,35164,3,,,1,59,,35165,3,,,1,18,,35166,3,,,1,18,,35167,3,,,1,61,,35168,3,,,1,18,,35169,3,,,1,18,,35170,3,,,1,55,,35171,3,,,1,19,,35172,3,,,1,22,,35173,3,,,1,62,,35174,3,,,1,22,,35175,3,,,1,21,,35176,3,,,1,62,,35177,3,,,1,22,,35178,3,,,1,22,,35179,3,,,1,62,,35180,3,,,1,22,,35181,3,,,1,62,,35182,3,,,1,22,,35183,3,,,1,22,,35184,3,,,1,62,,35185,3,,,1,22,,35186,3,,,1,22,,35187,3,,,1,56,,35188,3,,,1,16,,35189,3,,,1,16,,35190,3,,,1,16,,35191,3,,,1,56,,35192,3,,,1,16,,35193,3,,,1,16,,35194,3,,,1,16,,35195,3,,,1,56,,35196,3,,,1,16,,35197,3,,,1,16,,35198,3,,,1,56,,35199,3,,,1,16,,35200,3,,,1,16,,35201,3,,,1,16,,35202,3,,,1,56,,35203,3,,,1,26,,35204,3,,,1,70,,35205,3,,,1,30,,35206,3,,,1,70,,35207,3,,,1,30,,35208,3,,,1,70,,35209,3,,,1,34,,35210,3,,,1,82,,35211,3,,,1,40,,35212,3,,,1
60301,'74',550,,35215,3,,,1,79,,35216,3,,,1,81,,35217,3,,,1,40,,35218,3,,,1,80,,35219,3,,,1,81,,35220,3,,,1,40,,35221,3,,,1,80,,35222,3,,,1,85,,35223,3,,,1,38,,35224,3,,,1,78,,35225,3,,,1,77,,35226,3,,,1,38,,35227,3,,,1,78,,35228,3,,,1,78,,35229,3,,,1,38,,35230,3,,,1,78,,35231,3,,,1,37,,35232,3,,,1,78,,35233,3,,,1,78,,35234,3,,,1,38,,35235,3,,,1,78,,35236,3,,,1,91,,35237,3,,,1,40,,35238,3,,,1,80,,35239,3,,,1,80,,35240,3,,,1,99,,35241,3,,,1,92,,35242,3,,,1,92,,35243,3,,,1
60301,'80',803,,35247,3,,,1,37,,35248,3,,,1,76,,35249,3,,,1,88,,35250,3,,,1,40,,35251,3,,,1,82,,35252,3,,,1,82,,35253,3,,,1,42,,35254,3,,,1,83,,35255,3,,,1,82,,35256,3,,,1,42,,35257,3,,,1,81,,35258,3,,,1,80,,35259,3,,,1,36,,35260,3,,,1,76,,35261,3,,,1,76,,35262,3,,,1,36,,35263,3,,,1,76,,35264,3,,,1,36,,35265,3,,,1,76,,35266,3,,,1,76,,35267,3,,,1,40,,35268,3,,,1,106,,35269,3,,,1,106,,35270,3,,,1,146,,35271,3,,,1
60301,'35296.2',550,,35274,3,,,1,79,,35275,3,,,1,81,,35276,3,,,1,40,,35277,3,,,1,80,,35278,3,,,1,81,,35279,3,,,1,40,,35280,3,,,1,80,,35281,3,,,1,85,,35282,3,,,1,38,,35283,3,,,1,78,,35284,3,,,1,77,,35285,3,,,1,38,,35286,3,,,1,78,,35287,3,,,1,78,,35288,3,,,1,38,,35289,3,,,1,78,,35290,3,,,1,37,,35291,3,,,1,78,,35292,3,,,1,78,,35293,3,,,1,38,,35294,3,,,1,78,,35295,3,,,1,91,,35296,3,,,1,40,,35297,3,,,1,80,,35298,3,,,1,80,,35299,3,,,1,99,,35300,3,,,1,92,,35301,3,,,1,92,,35302,3,,,1
60301,'35296.3',803,,35306,3,,,1,37,,35307,3,,,1,76,,35308,3,,,1,88,,35309,3,,,1,40,,35310,3,,,1,82,,35311,3,,,1,82,,35312,3,,,1,42,,35313,3,,,1,83,,35314,3,,,1,82,,35315,3,,,1,42,,35316,3,,,1,81,,35317,3,,,1,80,,35318,3,,,1,36,,35319,3,,,1,76,,35320,3,,,1,76,,35321,3,,,1,36,,35322,3,,,1,76,,35323,3,,,1,36,,35324,3,,,1,76,,35325,3,,,1,76,,35326,3,,,1,40,,35327,3,,,1,106,,35328,3,,,1,106,,35329,3,,,1,146,,35330,3,,,1
60301,'35297.2',517,,35438,3,,,1,22,,35439,3,,,1,62,,35440,3,,,1,21,,35441,3,,,1,22,,35442,3,,,1,63,,35331,3,,,1,7,,35332,3,,,1,7,,35333,3,,,1,7,,35334,3,,,1,7,,35335,3,,,1,7,,35336,3,,,1,7,,35337,3,,,1,7,,35338,3,,,1,47,,35339,3,,,1,7,,35340,3,,,1,7,,35341,3,,,1,7,,35342,3,,,1,7,,35343,3,,,1,7,,35344,3,,,1,7,,35345,3,,,1,7,,35346,3,,,1,7,,35347,3,,,1,47,,35348,3,,,1,8,,35349,3,,,1,7,,35350,3,,,1,7,,35351,3,,,1,7,,35352,3,,,1,7,,35353,3,,,1,7,,35354,3,,,1,7,,35355,3,,,1,47,,35356,3,,,1,7,,35357,3,,,1,7,,35358,3,,,1,7,,35359,3,,,1,7,,35360,3,,,1,8,,35361,3,,,1,7,,35362,3,,,1,7,,35363,3,,,1,47,,35364,3,,,1,7,,35365,3,,,1,7,,35366,3,,,1,7,,35367,3,,,1,7,,35368,3,,,1,7,,35369,3,,,1,7,,35370,3,,,1,7,,35371,3,,,1,7,,35372,3,,,1,47,,35373,3,,,1,7,,35374,3,,,1,7,,35375,3,,,1,7,,35376,3,,,1,7,,35377,3,,,1,7,,35378,3,,,1,6,,35379,3,,,1,7,,35380,3,,,1,7,,35381,3,,,1,47,,35382,3,,,1,7,,35383,3,,,1,7,,35384,3,,,1,7,,35385,3,,,1,7,,35386,3,,,1,7,,35387,3,,,1,7,,35388,3,,,1,7,,35389,3,,,1,47,,35390,3,,,1,7,,35391,3,,,1,7,,35392,3,,,1,7,,35393,3,,,1,7,,35394,3,,,1,7,,35395,3,,,1,7,,35396,3,,,1,7,,35397,3,,,1,7,,35398,3,,,1,47,,35399,3,,,1,7,,35400,3,,,1,7,,35401,3,,,1,7,,35402,3,,,1,7,,35403,3,,,1,7,,35404,3,,,1,7,,35405,3,,,1,7,,35406,3,,,1,47,,35407,3,,,1,7,,35408,3,,,1,7,,35409,3,,,1,7,,35410,3,,,1,7,,35411,3,,,1,7,,35412,3,,,1,7,,35413,3,,,1,7,,35414,3,,,1,6,,35415,3,,,1,47,,35416,3,,,1,7,,35417,3,,,1,7,,35418,3,,,1,7,,35419,3,,,1,7,,35420,3,,,1,9,,35421,3,,,1,7,,35422,3,,,1,7,,35423,3,,,1,47,,35424,3,,,1,7,,35425,3,,,1,5,,35426,3,,,1,7,,35427,3,,,1,7,,35428,3,,,1,7,,35429,3,,,1,7,,35430,3,,,1,7,,35431,3,,,1,7,,35432,3,,,1,47,,35433,3,,,1,7,,35434,3,,,1,7,,35435,3,,,1,7,,35436,3,,,1,7,,35437,3,,,1,22,,35443,3,,,1,62,,35444,3,,,1,22,,35445,3,,,1,22,,35446,3,,,1,62,,35447,3,,,1,22,,35448,3,,,1,62,,35449,3,,,1,22,,35450,3,,,1,22,,35451,3,,,1,61,,35452,3,,,1,22,,35453,3,,,1,22,,35454,3,,,1,62,,35455,3,,,1,22,,35456,3,,,1,22,,35457,3,,,1,62,,35458,3,,,1
60301,'35297.3',706,,35459,3,,,1,7,,35460,3,,,1,7,,35461,3,,,1,7,,35462,3,,,1,7,,35463,3,,,1,7,,35464,3,,,1,7,,35465,3,,,1,7,,35466,3,,,1,47,,35467,3,,,1,7,,35468,3,,,1,7,,35469,3,,,1,7,,35470,3,,,1,7,,35471,3,,,1,8,,35472,3,,,1,7,,35473,3,,,1,7,,35474,3,,,1,7,,35475,3,,,1,47,,35476,3,,,1,7,,35477,3,,,1,7,,35478,3,,,1,7,,35479,3,,,1,7,,35480,3,,,1,7,,35481,3,,,1,9,,35482,3,,,1,7,,35483,3,,,1,47,,35484,3,,,1,7,,35485,3,,,1,7,,35486,3,,,1,7,,35487,3,,,1,7,,35488,3,,,1,5,,35489,3,,,1,7,,35490,3,,,1,7,,35491,3,,,1,7,,35492,3,,,1,47,,35493,3,,,1,7,,35494,3,,,1,7,,35495,3,,,1,7,,35496,3,,,1,7,,35497,3,,,1,7,,35498,3,,,1,7,,35499,3,,,1,7,,35500,3,,,1,47,,35501,3,,,1,7,,35502,3,,,1,7,,35503,3,,,1,7,,35504,3,,,1,7,,35505,3,,,1,7,,35506,3,,,1,7,,35507,3,,,1,7,,35508,3,,,1,7,,35509,3,,,1,47,,35510,3,,,1,7,,35511,3,,,1,7,,35512,3,,,1,8,,35513,3,,,1,7,,35514,3,,,1,7,,35515,3,,,1,7,,35516,3,,,1,7,,35517,3,,,1,47,,35518,3,,,1,7,,35519,3,,,1,7,,35520,3,,,1,7,,35521,3,,,1,7,,35522,3,,,1,7,,35523,3,,,1,7,,35524,3,,,1,7,,35525,3,,,1,7,,35526,3,,,1,47,,35527,3,,,1,7,,35528,3,,,1,7,,35529,3,,,1,6,,35530,3,,,1,7,,35531,3,,,1,7,,35532,3,,,1,7,,35533,3,,,1,7,,35534,3,,,1,7,,35535,3,,,1,47,,35536,3,,,1,7,,35537,3,,,1,7,,35538,3,,,1,7,,35539,3,,,1,7,,35540,3,,,1,7,,35541,3,,,1,7,,35542,3,,,1,7,,35543,3,,,1,47,,35544,3,,,1,7,,35545,3,,,1,7,,35546,3,,,1,7,,35547,3,,,1,7,,35548,3,,,1,7,,35549,3,,,1,7,,35550,3,,,1,7,,35551,3,,,1,7,,35552,3,,,1,47,,35553,3,,,1,7,,35554,3,,,1,7,,35555,3,,,1,7,,35556,3,,,1,7,,35557,3,,,1,7,,35558,3,,,1,7,,35559,3,,,1,7,,35560,3,,,1,47,,35561,3,,,1,7,,35562,3,,,1,7,,35563,3,,,1,7,,35564,3,,,1,7,,35565,3,,,1,7,,35566,3,,,1,22,,35567,3,,,1,62,,35568,3,,,1,22,,35569,3,,,1,62,,35570,3,,,1,21,,35571,3,,,1,22,,35572,3,,,1,62,,35573,3,,,1,22,,35574,3,,,1,22,,35575,3,,,1,62,,35576,3,,,1,22,,35577,3,,,1,22,,35578,3,,,1,62,,35579,3,,,1,22,,35580,3,,,1,62,,35581,3,,,1
6030101,'1',553,,37625,3,,,1,57,,37626,3,,,1,18,,37627,3,,,1,18,,37628,3,,,1,58,,37629,3,,,1,19,,37630,3,,,1,18,,37631,3,,,1,61,,37632,3,,,1,18,,37633,3,,,1,18,,37634,3,,,1,15,,37635,3,,,1,58,,37636,3,,,1,21,,37637,3,,,1,22,,37638,3,,,1,62,,37639,3,,,1,21,,37640,3,,,1,22,,37641,3,,,1,62,,37642,3,,,1,22,,37643,3,,,1,62,,37644,3,,,1,22,,37645,3,,,1,22,,37646,3,,,1,62,,37647,3,,,1,22,,37648,3,,,1,22,,37649,3,,,1,62,,37650,3,,,1,22,,37651,3,,,1,19,,37652,3,,,1,56,,37653,3,,,1,16,,37654,3,,,1,16,,37655,3,,,1,56,,37656,3,,,1,16,,37657,3,,,1,16,,37658,3,,,1,16,,37659,3,,,1,56,,37660,3,,,1,16,,37661,3,,,1,16,,37662,3,,,1,16,,37663,3,,,1,56,,37664,3,,,1,16,,37665,3,,,1,16,,37666,3,,,1,16,,37667,3,,,1,59,,37668,3,,,1,30,,37669,3,,,1,70,,37670,3,,,1,30,,37671,3,,,1,70,,37672,3,,,1,30,,37673,3,,,1,70,,37674,3,,,1,40,,37675,3,,,1,81,,37676,3,,,1,81,,37677,3,,,1
6030101,'74',609,,37678,3,,,1,40,,37679,3,,,1,81,,37680,3,,,1,80,,37681,3,,,1,40,,37682,3,,,1,81,,37683,3,,,1,80,,37684,3,,,1,46,,37698,3,,,1,78,,37697,3,,,1,78,,37685,3,,,1,37,,37686,3,,,1,78,,37687,3,,,1,78,,37688,3,,,1,38,,37689,3,,,1,78,,37690,3,,,1,78,,37691,3,,,1,38,,37692,3,,,1,77,,37693,3,,,1,40,,37694,3,,,1,76,,37695,3,,,1,78,,37696,3,,,1,50,,37702,3,,,1,80,,37701,3,,,1,80,,37699,3,,,1,40,,37700,3,,,1,94,,37706,3,,,1,91,,37703,3,,,1,92,,37704,3,,,1,92,,37705,3,,,1
6030101,'80',745,,37710,3,,,1,76,,37711,3,,,1,37,,37712,3,,,1,83,,37721,3,,,1,84,,37713,3,,,1,80,,37714,3,,,1,42,,37715,3,,,1,82,,37716,3,,,1,82,,37717,3,,,1,43,,37718,3,,,1,82,,37719,3,,,1,82,,37720,3,,,1,82,,37731,3,,,1,36,,37722,3,,,1,76,,37723,3,,,1,36,,37724,3,,,1,75,,37725,3,,,1,77,,37726,3,,,1,36,,37727,3,,,1,75,,37728,3,,,1,37,,37729,3,,,1,75,,37730,3,,,1,96,,37732,3,,,1,106,,37733,3,,,1,106,,37734,3,,,1,106,,37738,3,,,1
6030101,'35296.2',609,,37739,3,,,1,40,,37740,3,,,1,81,,37741,3,,,1,80,,37742,3,,,1,40,,37743,3,,,1,81,,37744,3,,,1,80,,37745,3,,,1,46,,37759,3,,,1,78,,37758,3,,,1,78,,37746,3,,,1,37,,37747,3,,,1,78,,37748,3,,,1,78,,37749,3,,,1,38,,37750,3,,,1,78,,37751,3,,,1,78,,37752,3,,,1,38,,37753,3,,,1,77,,37754,3,,,1,40,,37755,3,,,1,76,,37756,3,,,1,78,,37757,3,,,1,50,,37763,3,,,1,80,,37762,3,,,1,80,,37760,3,,,1,40,,37761,3,,,1,94,,37767,3,,,1,91,,37764,3,,,1,92,,37765,3,,,1,92,,37766,3,,,1
6030101,'35296.3',745,,37771,3,,,1,76,,37772,3,,,1,37,,37773,3,,,1,83,,37782,3,,,1,84,,37774,3,,,1,80,,37775,3,,,1,42,,37776,3,,,1,82,,37777,3,,,1,82,,37778,3,,,1,43,,37779,3,,,1,82,,37780,3,,,1,82,,37781,3,,,1,82,,37792,3,,,1,36,,37783,3,,,1,76,,37784,3,,,1,36,,37785,3,,,1,75,,37786,3,,,1,77,,37787,3,,,1,36,,37788,3,,,1,75,,37789,3,,,1,37,,37790,3,,,1,75,,37791,3,,,1,96,,37793,3,,,1,106,,37794,3,,,1,106,,37795,3,,,1,106,,37799,3,,,1
