9901,'1',418,,18903,30,,,1,41,,18904,30,,,1,80,,18905,30,,,1,82,,18906,30,,,1,80,,18907,30,,,1,35,,18908,30,,,1,70,,18909,30,,,1,43,,18910,30,,,1,74,,18911,30,,,1,35,,18912,30,,,1,94,,18913,30,,,1,98,,18914,30,,,1,94,,18915,30,,,1,94,,18916,30,,,1,100,,18917,30,,,1,66,,18918,30,,,1,30,,18919,30,,,1,70,,18920,30,,,1,30,,18921,30,,,1,70,,18922,30,,,1,30,,18923,30,,,1,70,,18924,30,,,1,28,,18925,30,,,1,70,,18926,30,,,1,26,,18927,30,,,1,30,,18928,30,,,1,70,,18929,30,,,1,25,,18930,30,,,1,71,,18931,30,,,1,85,,18932,30,,,1
9901,'2',540,,18933,30,,,1,77,,18934,30,,,1,37,,18935,30,,,1,77,,18936,30,,,1,87,,18937,30,,,1,92,,18938,30,,,1,48,,18939,30,,,1,87,,18940,30,,,1,102,,18941,30,,,1,97,,18942,30,,,1,95,,18943,30,,,1,95,,18944,30,,,1,95,,18945,30,,,1,95,,18946,30,,,1,92,,18947,30,,,1,94,,18948,30,,,1,95,,18949,30,,,1,51,,18950,30,,,1,85,,18951,30,,,1,85,,18952,30,,,1
9901,'3',544,,18953,30,,,1,81,,18954,30,,,1,78,,18955,30,,,1,38,,18956,30,,,1,78,,18957,30,,,1,93,,18958,30,,,1,89,,18959,30,,,1,49,,18960,30,,,1,89,,18961,30,,,1,93,,18962,30,,,1,89,,18963,30,,,1,89,,18964,30,,,1,49,,18965,30,,,1,89,,18966,30,,,1,89,,18967,30,,,1,89,,18968,30,,,1,85,,18969,30,,,1,89,,18970,30,,,1,49,,18971,30,,,1,86,,18972,30,,,1,89,,18973,30,,,1,79,,18974,30,,,1
9901,'80',544,,18975,30,,,1,81,,18976,30,,,1,78,,18977,30,,,1,38,,18978,30,,,1,78,,18979,30,,,1,93,,18980,30,,,1,89,,18981,30,,,1,49,,18982,30,,,1,89,,18983,30,,,1,93,,18984,30,,,1,89,,18985,30,,,1,89,,18986,30,,,1,49,,18987,30,,,1,89,,18988,30,,,1,89,,18989,30,,,1,89,,18990,30,,,1,85,,18991,30,,,1,89,,18992,30,,,1,49,,18993,30,,,1,86,,18994,30,,,1,89,,18995,30,,,1,79,,18996,30,,,1
36001,'2',1000,,20526,11,,,1,28,,20527,11,,,1,28,,20528,11,,,1,68,,20529,11,,,1,26,,20530,11,,,1,68,,20531,11,,,1,30,,20532,11,,,1,68,,20533,11,,,1,28,,20534,11,,,1,67,,20535,11,,,1,28,,20536,11,,,1,68,,20537,11,,,1,28,,20538,11,,,1,68,,20539,11,,,1,28,,20540,11,,,1,70,,20554,11,,,1,29,,20553,11,,,1,27,,20541,11,,,1,71,,20542,11,,,1,76,,20543,11,,,1,30,,20544,11,,,1,67,,20545,11,,,1,30,,20546,11,,,1,71,,20547,11,,,1,29,,20548,11,,,1,27,,20549,11,,,1,70,,20550,11,,,1,30,,20551,11,,,1,70,,20552,11,,,1
36001,'80',956,,20555,11,,,1,68,,20556,11,,,1,28,,20557,11,,,1,66,,20558,11,,,1,28,,20559,11,,,1,69,,20560,11,,,1,28,,20561,11,,,1,68,,20562,11,,,1,29,,20563,11,,,1,68,,20564,11,,,1,26,,20565,11,,,1,71,,20566,11,,,1,28,,20567,11,,,1,68,,20568,11,,,1,28,,20569,11,,,1,28,,20570,11,,,1,68,,20571,11,,,1,29,,20572,11,,,1,68,,20573,11,,,1,28,,20574,11,,,1,71,,20575,11,,,1,23,,20576,11,,,1,67,,20577,11,,,1,28,,20578,11,,,1,66,,20582,11,,,1,28,,20579,11,,,1,26,,20580,11,,,1,68,,20581,11,,,1
36001,'24603.3',956,,20583,11,,,1,68,,20584,11,,,1,28,,20585,11,,,1,66,,20586,11,,,1,28,,20587,11,,,1,69,,20588,11,,,1,28,,20589,11,,,1,68,,20590,11,,,1,29,,20591,11,,,1,68,,20592,11,,,1,26,,20593,11,,,1,71,,20594,11,,,1,28,,20595,11,,,1,68,,20596,11,,,1,28,,20597,11,,,1,28,,20598,11,,,1,68,,20599,11,,,1,29,,20600,11,,,1,68,,20601,11,,,1,28,,20602,11,,,1,71,,20603,11,,,1,23,,20604,11,,,1,67,,20605,11,,,1,28,,20606,11,,,1,66,,20610,11,,,1,28,,20607,11,,,1,26,,20608,11,,,1,68,,20609,11,,,1
36001,'24604.3',2248,,20611,11,,,1,66,,20612,11,,,1,26,,20613,11,,,1
989901,'1',2244,,22691,85,,,1,69,,22692,85,,,1,38,,22693,85,,,1,74,,22694,85,,,1,75,,22695,85,,,1,30,,22696,85,,,1,75,,22697,85,,,1,35,,22698,85,,,1
989901,'2',2252,,22699,85,,,1,87,,22700,85,,,1,81,,22701,85,,,1,91,,22704,85,,,1,45,,22702,85,,,1,86,,22703,85,,,1
989901,'3',2300,,22705,85,,,1,47,,22706,85,,,1,83,,22707,85,,,1,85,,22708,85,,,1,39,,22709,85,,,1,83,,22710,85,,,1
989901,'80',2300,,22711,85,,,1,47,,22712,85,,,1,83,,22713,85,,,1,85,,22714,85,,,1,39,,22715,85,,,1,83,,22716,85,,,1
