9600,'1',609,,6908,9,,,1,42,,6907,9,,,1,71,,6906,9,,,1,37,,6905,9,,,1,67,,6904,9,,,1,80,,6901,9,,,1,34,,6902,9,,,1,70,,6903,9,,,1,32,,6916,9,,,1,70,,6915,9,,,1,39,,6909,9,,,1,79,,6910,9,,,1,79,,6911,9,,,1,41,,6912,9,,,1,65,,6913,9,,,1,85,,6914,9,,,1,43,,6922,9,,,1,67,,6921,9,,,1,28,,6920,9,,,1,68,,6917,9,,,1,27,,6918,9,,,1,24,,6919,9,,,1,67,,6925,9,,,1,25,,6926,9,,,1,54,,6936,9,,,1,14,,6924,9,,,1,25,,6923,9,,,1,75,,6933,9,,,1,30,,6932,9,,,1,55,,6935,9,,,1,15,,6927,9,,,1,30,,6928,9,,,1,70,,6929,9,,,1,30,,6930,9,,,1,70,,6931,9,,,1,17,,6934,9,,,1
9600,'2',934,,6937,9,,,1,99,,6938,9,,,1,99,,6939,9,,,1,99,,6940,9,,,1,99,,6941,9,,,1,99,,6942,9,,,1,99,,6943,9,,,1,99,,6944,9,,,1,96,,6945,9,,,1,97,,6946,9,,,1,87,,6947,9,,,1,48,,6948,9,,,1,97,,6949,9,,,1
9600,'3',1028,,6950,9,,,1,94,,6951,9,,,1,94,,6952,9,,,1,94,,6953,9,,,1,94,,6954,9,,,1,54,,6955,9,,,1,94,,6956,9,,,1,94,,6957,9,,,1,93,,6958,9,,,1,94,,6959,9,,,1,94,,6960,9,,,1,94,,6961,9,,,1
9600,'80',1028,,6962,9,,,1,94,,6963,9,,,1,94,,6964,9,,,1,94,,6965,9,,,1,94,,6966,9,,,1,54,,6967,9,,,1,94,,6968,9,,,1,94,,6969,9,,,1,93,,6970,9,,,1,94,,6971,9,,,1,94,,6972,9,,,1,94,,6973,9,,,1
9600,'81',1028,,6974,9,,,1,94,,6975,9,,,1,94,,6976,9,,,1,94,,6977,9,,,1,94,,6978,9,,,1,54,,6979,9,,,1,94,,6980,9,,,1,94,,6981,9,,,1,93,,6982,9,,,1,94,,6983,9,,,1,94,,6984,9,,,1,94,,6985,9,,,1
10700,'1',450,,7861,9,,,1,64,,7860,9,,,1,24,,7859,9,,,1,64,,7858,9,,,1,19,,7857,9,,,1,16,,7856,9,,,1,21,,7855,9,,,1,51,,7854,9,,,1,16,,7853,9,,,1,19,,7852,9,,,1,56,,7851,9,,,1,12,,7850,9,,,1,16,,7849,9,,,1,16,,7848,9,,,1,15,,7847,9,,,1,83,,7846,9,,,1,82,,7845,9,,,1,82,,7844,9,,,1,42,,7843,9,,,1,84,,7842,9,,,1,82,,7841,9,,,1,42,,7840,9,,,1,60,,7839,9,,,1,18,,7838,9,,,1,18,,7889,9,,,1,59,,7888,9,,,1,19,,7887,9,,,1,18,,7886,9,,,1,58,,7885,9,,,1,22,,7884,9,,,1,16,,7883,9,,,1,58,,7882,9,,,1,18,,7881,9,,,1,20,,7880,9,,,1,16,,7879,9,,,1,58,,7878,9,,,1,14,,7877,9,,,1,18,,7876,9,,,1,79,,7875,9,,,1,81,,7874,9,,,1,38,,7873,9,,,1,80,,7872,9,,,1,34,,7871,9,,,1,74,,7870,9,,,1,74,,7869,9,,,1,34,,7868,9,,,1,74,,7867,9,,,1,34,,7866,9,,,1,74,,7865,9,,,1,34,,7864,9,,,1,72,,7863,9,,,1,74,,7862,9,,,1
10700,'2',625,,7892,9,,,1,78,,7891,9,,,1,37,,7890,9,,,1,77,,7893,9,,,1,37,,7894,9,,,1,77,,7895,9,,,1,77,,7896,9,,,1,37,,7897,9,,,1,77,,7898,9,,,1,37,,7899,9,,,1,76,,7900,9,,,1,77,,7901,9,,,1,37,,7902,9,,,1,77,,7903,9,,,1,77,,7904,9,,,1,37,,7905,9,,,1,77,,7906,9,,,1,37,,7907,9,,,1,77,,7908,9,,,1,77,,7909,9,,,1,37,,7910,9,,,1,77,,7911,9,,,1,37,,7912,9,,,1,77,,7913,9,,,1,77,,7914,9,,,1,37,,7915,9,,,1,77,,7916,9,,,1,77,,7917,9,,,1,37,,7918,9,,,1,77,,7919,9,,,1,37,,7920,9,,,1,76,,7921,9,,,1,77,,7923,9,,,1,37,,7922,9,,,1
10700,'3',816,,7937,9,,,1,37,,7938,9,,,1,77,,7939,9,,,1,77,,7940,9,,,1,37,,7941,9,,,1,77,,7942,9,,,1,37,,7943,9,,,1,77,,7944,9,,,1,77,,7945,9,,,1,37,,7946,9,,,1,76,,7947,9,,,1,77,,7948,9,,,1,37,,7952,9,,,1,77,,7951,9,,,1,37,,7953,9,,,1,77,,7954,9,,,1,77,,7955,9,,,1,37,,7956,9,,,1,77,,7924,9,,,1,37,,7925,9,,,1,77,,7926,9,,,1,77,,7949,9,,,1,37,,7927,9,,,1,77,,7928,9,,,1,77,,7929,9,,,1,37,,7930,9,,,1,77,,7931,9,,,1,37,,7932,9,,,1,77,,7933,9,,,1,77,,7950,9,,,1,37,,7934,9,,,1
10700,'80',816,,7970,9,,,1,37,,7971,9,,,1,77,,7972,9,,,1,77,,7973,9,,,1,37,,7974,9,,,1,77,,7975,9,,,1,37,,7976,9,,,1,77,,7977,9,,,1,77,,7978,9,,,1,37,,7979,9,,,1,76,,7980,9,,,1,77,,7981,9,,,1,37,,7985,9,,,1,77,,7984,9,,,1,37,,7986,9,,,1,77,,7987,9,,,1,77,,7988,9,,,1,37,,7989,9,,,1,77,,7957,9,,,1,37,,7958,9,,,1,77,,7959,9,,,1,77,,7982,9,,,1,37,,7960,9,,,1,77,,7961,9,,,1,77,,7962,9,,,1,37,,7963,9,,,1,77,,7964,9,,,1,37,,7965,9,,,1,77,,7966,9,,,1,77,,7983,9,,,1,37,,7967,9,,,1
10700,'81',816,,7995,9,,,1,37,,7996,9,,,1,77,,7997,9,,,1,77,,7998,9,,,1,37,,7999,9,,,1,77,,8000,9,,,1,37,,8001,9,,,1,77,,8002,9,,,1,77,,8003,9,,,1,37,,8004,9,,,1,76,,8005,9,,,1,77,,8006,9,,,1,37,,8009,9,,,1,77,,8008,9,,,1,37,,8010,9,,,1,77,,8011,9,,,1,77,,8012,9,,,1,37,,8013,9,,,1,77,,7990,9,,,1,37,,7991,9,,,1,77,,7992,9,,,1,77,,8007,9,,,1,37,,8014,9,,,1,77,,8015,9,,,1,77,,8016,9,,,1,37,,8017,9,,,1,77,,8018,9,,,1,37,,8019,9,,,1,77,,8020,9,,,1,77,,8022,9,,,1,37,,8021,9,,,1
1070200,'1',512,,11676,9,,,1,12,,11675,9,,,1,12,,11674,9,,,1,12,,11673,9,,,1,52,,11672,9,,,1,12,,11671,9,,,1,12,,11670,9,,,1,16,,11669,9,,,1,8,,11668,9,,,1,53,,11667,9,,,1,13,,11666,9,,,1,12,,11665,9,,,1,12,,11664,9,,,1,12,,11663,9,,,1,52,,11662,9,,,1,11,,11661,9,,,1,12,,11660,9,,,1,12,,11659,9,,,1,67,,11688,9,,,1,25,,11687,9,,,1,26,,11686,9,,,1,65,,11685,9,,,1,26,,11684,9,,,1,66,,11683,9,,,1,26,,11682,9,,,1,66,,11681,9,,,1,30,,11680,9,,,1,22,,11679,9,,,1,66,,11678,9,,,1,26,,11677,9,,,1,70,,11689,9,,,1,16,,11690,9,,,1,16,,11691,9,,,1,56,,11692,9,,,1,16,,11693,9,,,1,16,,11694,9,,,1,16,,11695,9,,,1,56,,11696,9,,,1,20,,11697,9,,,1,19,,11698,9,,,1,59,,11699,9,,,1,19,,11700,9,,,1,19,,11701,9,,,1,59,,11702,9,,,1,27,,11703,9,,,1,22,,11704,9,,,1
