100,'1',358,,23457,21,,,1,78,,23456,21,,,1,71,,23455,21,,,1,42,,23483,36,,,1,78,,23482,36,,,1,78,,23480,36,,,1,38,,23481,36,,,1,74,,23479,36,,,1,35,,23478,36,,,1,75,,23477,36,,,1,110,,23476,36,,,1,113,,23475,36,,,1,152,,23474,36,,,1,116,,23473,36,,,1,87,,23484,36,,,1,42,,23472,36,,,1,71,,23471,36,,,1,37,,23470,36,,,1,71,,23469,36,,,1,74,,23468,36,,,1,34,,23467,36,,,1,66,,23466,36,,,1,25,,23465,36,,,1,98,,23464,36,,,1,102,,23463,36,,,1,100,,23462,36,,,1,91,,23461,36,,,1,95,,23460,36,,,1,89,,23459,36,,,1,55,,23458,36,,,1
100,'74',559,,23507,21,,,1,96,,23485,36,,,1,103,,23486,36,,,1,147,,23487,36,,,1,103,,23488,36,,,1,110,,23489,36,,,1,95,,23490,36,,,1,87,,23491,36,,,1,103,,23492,36,,,1,52,,23493,36,,,1,92,,23494,36,,,1,92,,23495,36,,,1,86,,23496,36,,,1,92,,23497,36,,,1,91,,23498,36,,,1,42,,23499,36,,,1,92,,23500,36,,,1,90,,23501,36,,,1,97,,23502,36,,,1,97,,23503,36,,,1,94,,23504,36,,,1,93,,23505,36,,,1,97,,23506,36,,,1
100,'80',749,,23523,21,,,1,91,,23508,36,,,1,118,,23509,36,,,1,155,,23510,36,,,1,115,,23511,36,,,1,115,,23512,36,,,1,112,,23513,36,,,1,147,,23514,36,,,1,112,,23515,36,,,1,110,,23516,36,,,1,109,,23517,36,,,1,96,,23518,36,,,1,99,,23519,36,,,1,99,,23520,36,,,1,94,,23521,36,,,1,99,,23522,36,,,1
100,'35296.2',559,,23546,21,,,1,96,,23524,36,,,1,103,,23525,36,,,1,147,,23526,36,,,1,103,,23527,36,,,1,110,,23528,36,,,1,95,,23529,36,,,1,87,,23530,36,,,1,103,,23531,36,,,1,52,,23532,36,,,1,92,,23533,36,,,1,92,,23534,36,,,1,86,,23535,36,,,1,92,,23536,36,,,1,91,,23537,36,,,1,42,,23538,36,,,1,92,,23539,36,,,1,90,,23540,36,,,1,97,,23541,36,,,1,97,,23542,36,,,1,94,,23543,36,,,1,93,,23544,36,,,1,97,,23545,36,,,1
100,'35296.3',749,,23562,21,,,1,91,,23547,36,,,1,118,,23548,36,,,1,155,,23549,36,,,1,115,,23550,36,,,1,115,,23551,36,,,1,112,,23552,36,,,1,147,,23553,36,,,1,112,,23554,36,,,1,110,,23555,36,,,1,109,,23556,36,,,1,96,,23557,36,,,1,99,,23558,36,,,1,99,,23559,36,,,1,94,,23560,36,,,1,99,,23561,36,,,1
100,'35298.2',559,,23615,21,,,1,96,,23614,36,,,1,77,,23563,36,,,1,17,,23564,36,,,1,61,,23565,36,,,1,17,,23566,36,,,1,17,,23567,36,,,1,57,,23568,36,,,1,17,,23569,36,,,1,17,,23570,36,,,1,17,,23571,36,,,1,57,,23572,36,,,1,17,,23573,36,,,1,24,,23574,36,,,1,57,,23575,36,,,1,17,,23576,36,,,1,17,,23577,36,,,1,60,,23578,36,,,1,17,,23579,36,,,1,17,,23580,36,,,1,17,,23581,36,,,1,63,,23582,36,,,1,17,,23583,36,,,1,17,,23584,36,,,1,57,,23585,36,,,1,17,,23586,36,,,1,17,,23587,36,,,1,17,,23588,36,,,1,57,,23589,36,,,1,17,,23590,36,,,1,17,,23591,36,,,1,57,,23592,36,,,1,17,,23593,36,,,1,17,,23594,36,,,1,11,,23595,36,,,1,57,,23596,36,,,1,17,,23597,36,,,1,17,,23598,36,,,1,17,,23599,36,,,1,57,,23600,36,,,1,17,,23601,36,,,1,16,,23602,36,,,1,57,,23603,36,,,1,17,,23604,36,,,1,17,,23605,36,,,1,11,,23606,36,,,1,92,,23607,36,,,1,90,,23608,36,,,1,97,,23609,36,,,1,97,,23610,36,,,1,94,,23611,36,,,1,93,,23612,36,,,1,97,,23613,36,,,1
100,'35298.3',730,,23616,36,,,1,17,,23617,36,,,1,57,,23618,36,,,1,17,,23619,36,,,1,17,,23620,36,,,1,17,,23621,36,,,1,57,,23622,36,,,1,23,,23623,36,,,1,17,,23624,36,,,1,57,,23625,36,,,1,17,,23626,36,,,1,20,,23627,36,,,1,57,,23628,36,,,1,17,,23629,36,,,1,17,,23630,36,,,1,20,,23631,36,,,1,57,,23632,36,,,1,17,,23633,36,,,1,17,,23634,36,,,1,57,,23635,36,,,1,20,,23636,36,,,1,17,,23637,36,,,1,17,,23638,36,,,1,57,,23639,36,,,1,17,,23640,36,,,1,17,,23641,36,,,1,57,,23642,36,,,1,17,,23643,36,,,1,17,,23644,36,,,1,12,,23645,36,,,1,57,,23646,36,,,1,17,,23647,36,,,1,17,,23648,36,,,1,57,,23649,36,,,1,17,,23650,36,,,1,17,,23651,36,,,1,17,,23652,36,,,1,57,,23653,36,,,1,15,,23654,36,,,1,17,,23655,36,,,1,17,,23656,36,,,1,57,,23657,36,,,1,14,,23658,36,,,1,100,,23659,36,,,1,99,,23660,36,,,1,99,,23661,36,,,1,94,,23662,36,,,1,99,,23663,36,,,1
52200,'1',941,,34039,22,,,1,159,,34040,22,,,1,120,,34041,22,,,1,119,,34042,22,,,1,119,,34043,22,,,1,159,,34044,22,,,1
60300,'1',516,,34741,19,,,1,20,,34742,19,,,1,21,,34743,19,,,1,62,,34744,19,,,1,23,,34745,19,,,1,58,,34746,19,,,1,24,,34747,19,,,1,18,,34748,19,,,1,58,,34749,19,,,1,21,,34750,19,,,1,18,,34751,19,,,1,18,,34752,19,,,1,58,,34753,19,,,1,18,,34754,19,,,1,19,,34755,19,,,1,62,,34756,19,,,1,22,,34757,19,,,1,22,,34758,19,,,1,64,,34759,19,,,1,22,,34760,19,,,1,62,,34761,19,,,1,22,,34762,19,,,1,22,,34763,19,,,1,62,,34764,19,,,1,23,,34765,19,,,1,22,,34766,19,,,1,62,,34767,19,,,1,22,,34768,19,,,1,62,,34769,19,,,1,22,,34770,19,,,1,16,,34771,19,,,1,16,,34772,19,,,1,56,,34773,19,,,1,16,,34774,19,,,1,16,,34775,19,,,1,56,,34776,19,,,1,16,,34777,19,,,1,16,,34778,19,,,1,17,,34779,19,,,1,56,,34780,19,,,1,14,,34781,19,,,1,16,,34782,19,,,1,11,,34783,19,,,1,56,,34784,19,,,1,16,,34785,19,,,1,13,,34786,19,,,1,70,,34787,19,,,1,30,,34788,19,,,1,70,,34789,19,,,1,28,,34790,19,,,1,26,,34791,19,,,1,70,,34792,19,,,1,81,,34793,19,,,1,38,,34794,19,,,1,82,,34795,19,,,1,87,,34796,19,,,1
60300,'74',547,,34797,19,,,1,82,,34798,19,,,1,80,,34799,19,,,1,41,,34800,19,,,1,80,,34801,19,,,1,85,,34802,19,,,1,85,,34803,19,,,1,42,,34804,19,,,1,77,,34805,19,,,1,38,,34806,19,,,1,83,,34807,19,,,1,74,,34808,19,,,1,38,,34809,19,,,1,78,,34810,19,,,1,78,,34811,19,,,1,39,,34812,19,,,1,78,,34813,19,,,1,78,,34814,19,,,1,34,,34815,19,,,1,81,,34816,19,,,1,35,,34817,19,,,1,78,,34818,19,,,1,77,,34819,19,,,1,40,,34820,19,,,1,79,,34821,19,,,1,76,,34822,19,,,1,45,,34823,19,,,1,89,,34824,19,,,1,92,,34825,19,,,1
60300,'80',731,,34826,19,,,1,76,,34827,19,,,1,39,,34828,19,,,1,78,,34829,19,,,1,82,,34830,19,,,1,45,,34831,19,,,1,85,,34832,19,,,1,82,,34833,19,,,1,82,,34834,19,,,1,42,,34835,19,,,1,82,,34836,19,,,1,84,,34837,19,,,1,39,,34838,19,,,1,76,,34839,19,,,1,36,,34840,19,,,1,76,,34841,19,,,1,74,,34842,19,,,1,35,,34843,19,,,1,72,,34844,19,,,1,36,,34845,19,,,1,74,,34846,19,,,1,76,,34847,19,,,1,51,,34848,19,,,1,105,,34849,19,,,1,142,,34850,19,,,1,106,,34851,19,,,1
60300,'35296.2',547,,34852,19,,,1,82,,34853,19,,,1,80,,34854,19,,,1,41,,34855,19,,,1,80,,34856,19,,,1,85,,34857,19,,,1,85,,34858,19,,,1,42,,34859,19,,,1,77,,34860,19,,,1,38,,34861,19,,,1,83,,34862,19,,,1,74,,34863,19,,,1,38,,34864,19,,,1,78,,34865,19,,,1,78,,34866,19,,,1,39,,34867,19,,,1,78,,34868,19,,,1,78,,34869,19,,,1,34,,34870,19,,,1,81,,34871,19,,,1,35,,34872,19,,,1,78,,34873,19,,,1,77,,34874,19,,,1,40,,34875,19,,,1,79,,34876,19,,,1,76,,34877,19,,,1,45,,34878,19,,,1,89,,34879,19,,,1,92,,34880,19,,,1
60300,'35296.3',731,,34881,19,,,1,76,,34882,19,,,1,39,,34883,19,,,1,78,,34884,19,,,1,82,,34885,19,,,1,45,,34886,19,,,1,85,,34887,19,,,1,82,,34888,19,,,1,82,,34889,19,,,1,42,,34890,19,,,1,82,,34891,19,,,1,84,,34892,19,,,1,39,,34893,19,,,1,76,,34894,19,,,1,36,,34895,19,,,1,76,,34896,19,,,1,74,,34897,19,,,1,35,,34898,19,,,1,72,,34899,19,,,1,36,,34900,19,,,1,74,,34901,19,,,1,76,,34902,19,,,1,51,,34903,19,,,1,105,,34904,19,,,1,142,,34905,19,,,1,106,,34906,19,,,1
60300,'35297.2',537,,34998,19,,,1,22,,34999,19,,,1,62,,35000,19,,,1,24,,35001,19,,,1,62,,35002,19,,,1,23,,34907,19,,,1,7,,34908,19,,,1,7,,34909,19,,,1,7,,34910,19,,,1,7,,34911,19,,,1,47,,34912,19,,,1,7,,34913,19,,,1,7,,34914,19,,,1,7,,34915,19,,,1,7,,34916,19,,,1,7,,34917,19,,,1,12,,34918,19,,,1,7,,34919,19,,,1,47,,34920,19,,,1,7,,34921,19,,,1,7,,34922,19,,,1,7,,34923,19,,,1,7,,34924,19,,,1,12,,34925,19,,,1,7,,34926,19,,,1,47,,34927,19,,,1,7,,34928,19,,,1,7,,34929,19,,,1,7,,34930,19,,,1,9,,34931,19,,,1,7,,34932,19,,,1,7,,34933,19,,,1,7,,34934,19,,,1,7,,34935,19,,,1,47,,34936,19,,,1,5,,34937,19,,,1,7,,34938,19,,,1,7,,34939,19,,,1,7,,34940,19,,,1,7,,34941,19,,,1,7,,34942,19,,,1,7,,34943,19,,,1,7,,34944,19,,,1,47,,34945,19,,,1,12,,34946,19,,,1,7,,34947,19,,,1,7,,34948,19,,,1,7,,34949,19,,,1,7,,34950,19,,,1,7,,34951,19,,,1,47,,34952,19,,,1,7,,34953,19,,,1,7,,34954,19,,,1,3,,34955,19,,,1,7,,34956,19,,,1,7,,34957,19,,,1,7,,34958,19,,,1,7,,34959,19,,,1,7,,34960,19,,,1,7,,34961,19,,,1,47,,34962,19,,,1,7,,34963,19,,,1,7,,34964,19,,,1,7,,34965,19,,,1,7,,34966,19,,,1,7,,34967,19,,,1,7,,34968,19,,,1,7,,34969,19,,,1,47,,34970,19,,,1,7,,34971,19,,,1,13,,34972,19,,,1,7,,34973,19,,,1,7,,34974,19,,,1,7,,34975,19,,,1,2,,34976,19,,,1,7,,34977,19,,,1,7,,34978,19,,,1,47,,34979,19,,,1,7,,34980,19,,,1,7,,34981,19,,,1,7,,34982,19,,,1,7,,34983,19,,,1,7,,34984,19,,,1,7,,34985,19,,,1,7,,34986,19,,,1,47,,34987,19,,,1,7,,34988,19,,,1,7,,34989,19,,,1,7,,34990,19,,,1,3,,34991,19,,,1,7,,34992,19,,,1,7,,34993,19,,,1,7,,34994,19,,,1,7,,34995,19,,,1,47,,34996,19,,,1,10,,34997,19,,,1,7,,35003,19,,,1,7,,35004,19,,,1,7,,35005,19,,,1,7,,35006,19,,,1,4,,35007,19,,,1,7,,35008,19,,,1,7,,35009,19,,,1,47,,35010,19,,,1,7,,35011,19,,,1,7,,35012,19,,,1,7,,35013,19,,,1,7,,35014,19,,,1,6,,35015,19,,,1,7,,35016,19,,,1,7,,35017,19,,,1,7,,35018,19,,,1,62,,35019,19,,,1,22,,35020,19,,,1,62,,35021,19,,,1,21,,35022,19,,,1,22,,35023,19,,,1,58,,35024,19,,,1,22,,35025,19,,,1,21,,35026,19,,,1,62,,35027,19,,,1,19,,35028,19,,,1,22,,35029,19,,,1,62,,35030,19,,,1,22,,35031,19,,,1,22,,35032,19,,,1
60300,'35297.3',728,,35033,19,,,1,7,,35034,19,,,1,7,,35035,19,,,1,7,,35036,19,,,1,7,,35037,19,,,1,47,,35038,19,,,1,7,,35039,19,,,1,10,,35040,19,,,1,7,,35041,19,,,1,7,,35042,19,,,1,7,,35043,19,,,1,7,,35044,19,,,1,7,,35045,19,,,1,49,,35046,19,,,1,7,,35047,19,,,1,7,,35048,19,,,1,7,,35049,19,,,1,7,,35050,19,,,1,7,,35051,19,,,1,7,,35052,19,,,1,7,,35053,19,,,1,47,,35054,19,,,1,7,,35055,19,,,1,10,,35056,19,,,1,7,,35057,19,,,1,7,,35058,19,,,1,7,,35059,19,,,1,7,,35060,19,,,1,7,,35061,19,,,1,7,,35062,19,,,1,50,,35063,19,,,1,7,,35064,19,,,1,7,,35065,19,,,1,7,,35066,19,,,1,7,,35067,19,,,1,7,,35068,19,,,1,7,,35069,19,,,1,7,,35070,19,,,1,47,,35071,19,,,1,7,,35072,19,,,1,7,,35073,19,,,1,7,,35074,19,,,1,7,,35075,19,,,1,7,,35076,19,,,1,7,,35077,19,,,1,7,,35078,19,,,1,47,,35079,19,,,1,7,,35080,19,,,1,7,,35081,19,,,1,7,,35082,19,,,1,7,,35083,19,,,1,7,,35084,19,,,1,7,,35085,19,,,1,7,,35086,19,,,1,7,,35087,19,,,1,47,,35088,19,,,1,7,,35089,19,,,1,7,,35090,19,,,1,7,,35091,19,,,1,7,,35092,19,,,1,9,,35093,19,,,1,7,,35094,19,,,1,7,,35095,19,,,1,47,,35096,19,,,1,7,,35097,19,,,1,7,,35098,19,,,1,7,,35099,19,,,1,7,,35100,19,,,1,7,,35101,19,,,1,7,,35102,19,,,1,7,,35103,19,,,1,7,,35104,19,,,1,47,,35105,19,,,1,7,,35106,19,,,1,7,,35107,19,,,1,7,,35108,19,,,1,7,,35109,19,,,1,7,,35110,19,,,1,7,,35111,19,,,1,7,,35112,19,,,1,47,,35113,19,,,1,7,,35114,19,,,1,7,,35115,19,,,1,7,,35116,19,,,1,7,,35117,19,,,1,7,,35118,19,,,1,5,,35119,19,,,1,7,,35120,19,,,1,7,,35121,19,,,1,47,,35122,19,,,1,7,,35123,19,,,1,7,,35124,19,,,1,7,,35125,19,,,1,6,,35126,19,,,1,7,,35127,19,,,1,7,,35128,19,,,1,7,,35129,19,,,1,7,,35130,19,,,1,47,,35131,19,,,1,3,,35132,19,,,1,7,,35133,19,,,1,7,,35134,19,,,1,7,,35135,19,,,1,7,,35136,19,,,1,7,,35137,19,,,1,7,,35138,19,,,1,7,,35139,19,,,1,47,,35140,19,,,1,20,,35141,19,,,1,22,,35142,19,,,1,62,,35143,19,,,1,22,,35144,19,,,1,22,,35145,19,,,1,62,,35146,19,,,1,21,,35147,19,,,1,22,,35148,19,,,1,62,,35149,19,,,1,22,,35150,19,,,1,18,,35151,19,,,1,62,,35152,19,,,1,22,,35153,19,,,1,62,,35154,19,,,1
6030100,'1',532,,37453,19,,,1,20,,37454,19,,,1,63,,37455,19,,,1,24,,37456,19,,,1,18,,37457,19,,,1,58,,37458,19,,,1,23,,37459,19,,,1,18,,37460,19,,,1,62,,37461,19,,,1,18,,37462,19,,,1,18,,37463,19,,,1,58,,37464,19,,,1,18,,37465,19,,,1,16,,37466,19,,,1,62,,37467,19,,,1,22,,37468,19,,,1,22,,37469,19,,,1,62,,37470,19,,,1,22,,37471,19,,,1,22,,37472,19,,,1,62,,37473,19,,,1,22,,37474,19,,,1,62,,37475,19,,,1,24,,37476,19,,,1,22,,37477,19,,,1,62,,37478,19,,,1,22,,37479,19,,,1,22,,37480,19,,,1,63,,37481,19,,,1,16,,37482,19,,,1,16,,37483,19,,,1,56,,37484,19,,,1,16,,37485,19,,,1,16,,37486,19,,,1,16,,37487,19,,,1,56,,37488,19,,,1,16,,37489,19,,,1,16,,37490,19,,,1,59,,37491,19,,,1,16,,37492,19,,,1,16,,37493,19,,,1,16,,37494,19,,,1,9,,37495,19,,,1,56,,37496,19,,,1,14,,37497,19,,,1,23,,37498,19,,,1,70,,37499,19,,,1,30,,37500,19,,,1,70,,37501,19,,,1,26,,37502,19,,,1,70,,37503,19,,,1,36,,37504,19,,,1,80,,37505,19,,,1,78,,37506,19,,,1,42,,37507,19,,,1
6030100,'74',530,,37508,19,,,1,80,,37509,19,,,1,45,,37510,19,,,1,83,,37511,19,,,1,80,,37512,19,,,1,40,,37513,19,,,1,82,,37514,19,,,1,80,,37515,19,,,1,85,,37516,19,,,1,39,,37517,19,,,1,78,,37518,19,,,1,78,,37519,19,,,1,35,,37520,19,,,1,78,,37521,19,,,1,41,,37522,19,,,1,78,,37523,19,,,1,78,,37524,19,,,1,38,,37525,19,,,1,78,,37526,19,,,1,79,,37527,19,,,1,38,,37528,19,,,1,79,,37529,19,,,1,32,,37530,19,,,1,79,,37531,19,,,1,80,,37532,19,,,1,40,,37533,19,,,1,78,,37534,19,,,1,91,,37535,19,,,1,86,,37536,19,,,1,92,,37537,19,,,1
6030100,'80',718,,37538,19,,,1,36,,37539,19,,,1,78,,37540,19,,,1,77,,37541,19,,,1,39,,37542,19,,,1,88,,37543,19,,,1,82,,37544,19,,,1,82,,37545,19,,,1,45,,37546,19,,,1,83,,37547,19,,,1,79,,37548,19,,,1,44,,37549,19,,,1,82,,37550,19,,,1,76,,37551,19,,,1,36,,37552,19,,,1,76,,37553,19,,,1,35,,37554,19,,,1,75,,37555,19,,,1,76,,37556,19,,,1,33,,37557,19,,,1,76,,37558,19,,,1,36,,37559,19,,,1,73,,37560,19,,,1,105,,37561,19,,,1,103,,37562,19,,,1,103,,37563,19,,,1
6030100,'35296.2',530,,37564,11,,,1,80,,37565,11,,,1,45,,37566,11,,,1,83,,37567,11,,,1,80,,37568,11,,,1,40,,37569,11,,,1,82,,37570,11,,,1,80,,37571,11,,,1,85,,37572,11,,,1,39,,37573,11,,,1,78,,37574,11,,,1,78,,37575,11,,,1,35,,37576,11,,,1,78,,37577,11,,,1,41,,37578,11,,,1,78,,37579,11,,,1,78,,37580,11,,,1,38,,37581,11,,,1,78,,37582,11,,,1,79,,37583,11,,,1,38,,37584,11,,,1,79,,37585,11,,,1,32,,37586,11,,,1,79,,37587,11,,,1,80,,37588,11,,,1,40,,37589,11,,,1,78,,37590,11,,,1,91,,37591,11,,,1,86,,37592,11,,,1,92,,37593,11,,,1
6030100,'35296.3',718,,37594,19,,,1,36,,37595,19,,,1,78,,37596,19,,,1,77,,37597,19,,,1,39,,37598,19,,,1,88,,37599,19,,,1,82,,37600,19,,,1,82,,37601,19,,,1,45,,37602,19,,,1,83,,37603,19,,,1,79,,37604,19,,,1,44,,37605,19,,,1,82,,37606,19,,,1,76,,37607,19,,,1,36,,37608,19,,,1,76,,37609,19,,,1,35,,37610,19,,,1,75,,37611,19,,,1,76,,37612,19,,,1,33,,37613,19,,,1,76,,37614,19,,,1,36,,37615,19,,,1,73,,37616,19,,,1,105,,37617,19,,,1,103,,37618,19,,,1,103,,37619,19,,,1
