300,'1',531,,418,2,0,21 22 23 3 24,1,72,,419,2,0,21 22 23 3 24,1,32,,420,2,0,21 22 23 3 24,1,72,,421,2,0,21 22 23 3 24,1,32,,422,2,0,21 22 23 3 24,1,72,,423,2,0,21 22 23 3 24,1,32,,424,2,0,21 22 23 3 24,1,72,,425,2,0,21 22 23 3 24,1,32,,426,2,0,21 22 23 3 24,1,86,,427,2,0,21 22 23 3 24,1,86,,428,2,0,21 22 23 3 24,1,86,,429,2,0,21 22 23 3 24,1,46,,430,2,0,21 22 23 3 24,1,86,,431,2,0,21 22 23 3 24,1,86,,432,2,0,21 22 23 3 24,1,32,,433,2,0,21 22 23 3 24,1,72,,434,2,0,21 22 23 3 24,1,32,,435,2,0,21 22 23 3 24,1,72,,436,2,0,21 22 23 3 24,1,72,,437,2,0,21 22 23 3 24,1,32,,438,2,0,21 22 23 3 24,1,72,,439,2,0,21 22 23 3 24,1,32,,440,2,0,21 22 23 3 24,1,72,,441,2,0,21 22 23 3 24,1,32,,444,2,0,21 22 23 3 24,1,83,,445,2,0,21 22 23 3 24,1,83,,446,2,0,21 22 23 3 24,1
300,'2',855,,451,2,0,21 22 23 3 24,1,145,,453,2,0,21 22 23 3 24,1,105,,454,2,0,21 22 23 3 24,1,105,,455,2,0,21 22 23 3 24,1,105,,456,2,0,21 22 23 3 24,1,105,,457,2,0,21 22 23 3 24,1,105,,458,2,0,21 22 23 3 24,1,105,,459,2,0,21 22 23 3 24,1,106,,460,2,0,21 22 23 3 24,1,106,,461,2,0,21 22 23 3 24,1,102,,462,2,0,21 22 23 3 24,1,102,,463,2,0,21 22 23 3 24,1,102,,450,2,0,21 22 23 3 24,1
300,'3',1014,,477,2,0,21 22 23 3 24,1,102,,476,2,0,21 22 23 3 24,1,102,,475,2,0,21 22 23 3 24,1,102,,474,2,0,21 22 23 3 24,1,102,,473,2,0,21 22 23 3 24,1,102,,472,2,0,21 22 23 3 24,1,102,,471,2,0,21 22 23 3 24,1,102,,470,2,0,21 22 23 3 24,1,102,,469,2,0,21 22 23 3 24,1,101,,468,2,0,21 22 23 3 24,1,99,,467,2,0,21 22 23 3 24,1,98,,466,2,0,21 22 23 3 24,1
300,'80',1014,,491,2,0,21 22 23 3 24,1,102,,490,2,0,21 22 23 3 24,1,102,,489,2,0,21 22 23 3 24,1,102,,488,2,0,21 22 23 3 24,1,102,,487,2,0,21 22 23 3 24,1,102,,486,2,0,21 22 23 3 24,1,102,,485,2,0,21 22 23 3 24,1,102,,484,2,0,21 22 23 3 24,1,102,,483,2,0,21 22 23 3 24,1,101,,482,2,0,21 22 23 3 24,1,99,,481,2,0,21 22 23 3 24,1,98,,480,2,0,21 22 23 3 24,1
300,'81',1014,,505,2,0,21 22 23 3 24,1,102,,504,2,0,21 22 23 3 24,1,102,,503,2,0,21 22 23 3 24,1,102,,502,2,0,21 22 23 3 24,1,102,,501,2,0,21 22 23 3 24,1,102,,500,2,0,21 22 23 3 24,1,102,,499,2,0,21 22 23 3 24,1,102,,498,2,0,21 22 23 3 24,1,102,,497,2,0,21 22 23 3 24,1,101,,496,2,0,21 22 23 3 24,1,99,,495,2,0,21 22 23 3 24,1,98,,494,2,0,21 22 23 3 24,1
9600,'1',559,,6908,2,,,1,82,,6907,2,,,1,71,,6906,2,,,1,37,,6905,2,,,1,67,,6904,2,,,1,41,,6901,2,,,1,74,,6902,2,,,1,70,,6903,2,,,1,32,,6916,2,,,1,69,,6915,2,,,1,39,,6909,2,,,1,79,,6910,2,,,1,39,,6911,2,,,1,79,,6912,2,,,1,65,,6913,2,,,1,46,,6914,2,,,1,83,,6922,2,,,1,27,,6921,2,,,1,67,,6920,2,,,1,27,,6917,2,,,1,67,,6918,2,,,1,27,,6919,2,,,1,67,,6925,2,,,1,26,,6926,2,,,1,14,,6936,2,,,1,55,,6924,2,,,1,25,,6923,2,,,1,76,,6933,2,,,1,30,,6932,2,,,1,15,,6935,2,,,1,55,,6927,2,,,1,30,,6928,2,,,1,70,,6929,2,,,1,30,,6930,2,,,1,70,,6931,2,,,1,17,,6934,2,,,1
9600,'2',926,,6937,2,,,1,99,,6938,2,,,1,99,,6939,2,,,1,99,,6940,2,,,1,99,,6941,2,,,1,99,,6942,2,,,1,99,,6943,2,,,1,99,,6944,2,,,1,96,,6945,2,,,1,97,,6946,2,,,1,47,,6947,2,,,1,89,,6948,2,,,1,97,,6949,2,,,1
9600,'3',1020,,6950,2,,,1,94,,6951,2,,,1,94,,6952,2,,,1,94,,6953,2,,,1,54,,6954,2,,,1,94,,6955,2,,,1,94,,6956,2,,,1,94,,6957,2,,,1,94,,6958,2,,,1,94,,6959,2,,,1,94,,6960,2,,,1,94,,6961,2,,,1
9600,'80',1020,,6962,2,,,1,94,,6963,2,,,1,94,,6964,2,,,1,94,,6965,2,,,1,54,,6966,2,,,1,94,,6967,2,,,1,94,,6968,2,,,1,94,,6969,2,,,1,94,,6970,2,,,1,94,,6971,2,,,1,94,,6972,2,,,1,94,,6973,2,,,1
9600,'81',1020,,6974,2,,,1,94,,6975,2,,,1,94,,6976,2,,,1,94,,6977,2,,,1,54,,6978,2,,,1,94,,6979,2,,,1,94,,6980,2,,,1,94,,6981,2,,,1,94,,6982,2,,,1,94,,6983,2,,,1,94,,6984,2,,,1,94,,6985,2,,,1
10700,'1',441,,7861,2,,,1,64,,7860,2,,,1,24,,7859,2,,,1,24,,7858,2,,,1,56,,7857,2,,,1,16,,7856,2,,,1,21,,7855,2,,,1,11,,7854,2,,,1,54,,7853,2,,,1,19,,7852,2,,,1,16,,7851,2,,,1,12,,7850,2,,,1,59,,7849,2,,,1,16,,7848,2,,,1,15,,7847,2,,,1,83,,7846,2,,,1,82,,7845,2,,,1,42,,7844,2,,,1,82,,7843,2,,,1,82,,7842,2,,,1,82,,7841,2,,,1,42,,7840,2,,,1,59,,7839,2,,,1,18,,7838,2,,,1,18,,7889,2,,,1,19,,7888,2,,,1,57,,7887,2,,,1,18,,7886,2,,,1,18,,7885,2,,,1,60,,7884,2,,,1,16,,7883,2,,,1,18,,7882,2,,,1,58,,7881,2,,,1,20,,7880,2,,,1,16,,7879,2,,,1,18,,7878,2,,,1,58,,7877,2,,,1,18,,7876,2,,,1,80,,7875,2,,,1,41,,7874,2,,,1,81,,7873,2,,,1,81,,7872,2,,,1,34,,7871,2,,,1,74,,7870,2,,,1,34,,7869,2,,,1,74,,7868,2,,,1,74,,7867,2,,,1,34,,7866,2,,,1,74,,7865,2,,,1,34,,7864,2,,,1,74,,7863,2,,,1,34,,7862,2,,,1
10700,'2',616,,7892,2,,,1,37,,7891,2,,,1,77,,7890,2,,,1,77,,7893,2,,,1,37,,7894,2,,,1,77,,7895,2,,,1,37,,7896,2,,,1,77,,7897,2,,,1,77,,7898,2,,,1,37,,7899,2,,,1,77,,7900,2,,,1,77,,7901,2,,,1,37,,7902,2,,,1,77,,7903,2,,,1,37,,7904,2,,,1,77,,7905,2,,,1,77,,7906,2,,,1,37,,7907,2,,,1,77,,7908,2,,,1,37,,7909,2,,,1,77,,7910,2,,,1,77,,7911,2,,,1,37,,7912,2,,,1,77,,7913,2,,,1,77,,7914,2,,,1,37,,7915,2,,,1,77,,7916,2,,,1,37,,7917,2,,,1,77,,7918,2,,,1,77,,7919,2,,,1,37,,7920,2,,,1,77,,7921,2,,,1,77,,7923,2,,,1,37,,7922,2,,,1
10700,'3',807,,7937,2,,,1,37,,7938,2,,,1,77,,7939,2,,,1,37,,7940,2,,,1,77,,7941,2,,,1,77,,7942,2,,,1,37,,7943,2,,,1,77,,7944,2,,,1,77,,7945,2,,,1,37,,7946,2,,,1,77,,7947,2,,,1,37,,7948,2,,,1,77,,7952,2,,,1,77,,7951,2,,,1,37,,7953,2,,,1,77,,7954,2,,,1,37,,7955,2,,,1,77,,7956,2,,,1,77,,7924,2,,,1,37,,7925,2,,,1,77,,7926,2,,,1,77,,7949,2,,,1,37,,7927,2,,,1,77,,7928,2,,,1,37,,7929,2,,,1,77,,7930,2,,,1,77,,7931,2,,,1,37,,7932,2,,,1,77,,7933,2,,,1,77,,7950,2,,,1,37,,7934,2,,,1
10700,'80',807,,7970,2,,,1,37,,7971,2,,,1,77,,7972,2,,,1,37,,7973,2,,,1,77,,7974,2,,,1,77,,7975,2,,,1,37,,7976,2,,,1,77,,7977,2,,,1,77,,7978,2,,,1,37,,7979,2,,,1,77,,7980,2,,,1,37,,7981,2,,,1,77,,7985,2,,,1,77,,7984,2,,,1,37,,7986,2,,,1,77,,7987,2,,,1,37,,7988,2,,,1,77,,7989,2,,,1,77,,7957,2,,,1,37,,7958,2,,,1,77,,7959,2,,,1,77,,7982,2,,,1,37,,7960,2,,,1,77,,7961,2,,,1,37,,7962,2,,,1,77,,7963,2,,,1,77,,7964,2,,,1,37,,7965,2,,,1,77,,7966,2,,,1,77,,7983,2,,,1,37,,7967,2,,,1
10700,'81',807,,7995,2,,,1,37,,7996,2,,,1,77,,7997,2,,,1,37,,7998,2,,,1,77,,7999,2,,,1,77,,8000,2,,,1,37,,8001,2,,,1,77,,8002,2,,,1,77,,8003,2,,,1,37,,8004,2,,,1,77,,8005,2,,,1,37,,8006,2,,,1,77,,8009,2,,,1,77,,8008,2,,,1,37,,8010,2,,,1,77,,8011,2,,,1,37,,8012,2,,,1,77,,8013,2,,,1,77,,7990,2,,,1,37,,7991,2,,,1,77,,7992,2,,,1,77,,8007,2,,,1,37,,8014,2,,,1,77,,8015,2,,,1,37,,8016,2,,,1,77,,8017,2,,,1,77,,8018,2,,,1,37,,8019,2,,,1,77,,8020,2,,,1,77,,8022,2,,,1,37,,8021,2,,,1
1070200,'1',501,,11676,2,,,1,12,,11675,2,,,1,12,,11674,2,,,1,12,,11673,2,,,1,12,,11672,2,,,1,52,,11671,2,,,1,12,,11670,2,,,1,16,,11669,2,,,1,8,,11668,2,,,1,13,,11667,2,,,1,51,,11666,2,,,1,12,,11665,2,,,1,12,,11664,2,,,1,12,,11663,2,,,1,12,,11662,2,,,1,52,,11661,2,,,1,12,,11660,2,,,1,12,,11659,2,,,1,27,,11688,2,,,1,65,,11687,2,,,1,26,,11686,2,,,1,66,,11685,2,,,1,26,,11684,2,,,1,66,,11683,2,,,1,26,,11682,2,,,1,26,,11681,2,,,1,70,,11680,2,,,1,22,,11679,2,,,1,66,,11678,2,,,1,26,,11677,2,,,1,66,,11689,2,,,1,16,,11690,2,,,1,16,,11691,2,,,1,16,,11692,2,,,1,56,,11693,2,,,1,16,,11694,2,,,1,16,,11695,2,,,1,16,,11696,2,,,1,58,,11697,2,,,1,19,,11698,2,,,1,19,,11699,2,,,1,58,,11700,2,,,1,19,,11701,2,,,1,19,,11702,2,,,1,72,,11703,2,,,1,22,,11704,2,,,1
