100,'1',418,,23457,42,,,1,38,,23456,42,,,1,71,,23455,42,,,1,82,,23483,57,,,1,38,,23482,57,,,1,84,,23480,57,,,1,79,,23481,57,,,1,32,,23479,57,,,1,75,,23478,57,,,1,35,,23477,57,,,1,106,,23476,57,,,1,153,,23475,57,,,1,112,,23474,57,,,1,116,,23473,57,,,1,87,,23484,57,,,1,85,,23472,57,,,1,31,,23471,57,,,1,77,,23470,57,,,1,31,,23469,57,,,1,74,,23468,57,,,1,34,,23467,57,,,1,64,,23466,57,,,1,23,,23465,57,,,1,97,,23464,57,,,1,102,,23463,57,,,1,100,,23462,57,,,1,91,,23461,57,,,1,95,,23460,57,,,1,89,,23459,57,,,1,95,,23458,57,,,1
100,'74',617,,23507,42,,,1,96,,23485,57,,,1,103,,23486,57,,,1,107,,23487,57,,,1,103,,23488,57,,,1,112,,23489,57,,,1,95,,23490,57,,,1,87,,23491,57,,,1,103,,23492,57,,,1,92,,23493,57,,,1,92,,23494,57,,,1,52,,23495,57,,,1,86,,23496,57,,,1,92,,23497,57,,,1,91,,23498,57,,,1,81,,23499,57,,,1,92,,23500,57,,,1,50,,23501,57,,,1,97,,23502,57,,,1,97,,23503,57,,,1,94,,23504,57,,,1,92,,23505,57,,,1,96,,23506,57,,,1
100,'80',807,,23523,42,,,1,51,,23508,57,,,1,159,,23509,57,,,1,115,,23510,57,,,1,115,,23511,57,,,1,155,,23512,57,,,1,112,,23513,57,,,1,107,,23514,57,,,1,112,,23515,57,,,1,110,,23516,57,,,1,108,,23517,57,,,1,95,,23518,57,,,1,99,,23519,57,,,1,99,,23520,57,,,1,94,,23521,57,,,1,99,,23522,57,,,1
100,'35296.2',617,,23546,42,,,1,96,,23524,57,,,1,103,,23525,57,,,1,107,,23526,57,,,1,103,,23527,57,,,1,112,,23528,57,,,1,95,,23529,57,,,1,87,,23530,57,,,1,103,,23531,57,,,1,92,,23532,57,,,1,92,,23533,57,,,1,52,,23534,57,,,1,86,,23535,57,,,1,92,,23536,57,,,1,91,,23537,57,,,1,81,,23538,57,,,1,92,,23539,57,,,1,50,,23540,57,,,1,97,,23541,57,,,1,97,,23542,57,,,1,94,,23543,57,,,1,92,,23544,57,,,1,96,,23545,57,,,1
100,'35296.3',807,,23562,42,,,1,51,,23547,57,,,1,159,,23548,57,,,1,115,,23549,57,,,1,115,,23550,57,,,1,155,,23551,57,,,1,112,,23552,57,,,1,107,,23553,57,,,1,112,,23554,57,,,1,110,,23555,57,,,1,108,,23556,57,,,1,95,,23557,57,,,1,99,,23558,57,,,1,99,,23559,57,,,1,94,,23560,57,,,1,99,,23561,57,,,1
100,'35298.2',617,,23615,42,,,1,96,,23614,57,,,1,37,,23563,57,,,1,57,,23564,57,,,1,21,,23565,57,,,1,17,,23566,57,,,1,57,,23567,57,,,1,17,,23568,57,,,1,17,,23569,57,,,1,17,,23570,57,,,1,57,,23571,57,,,1,17,,23572,57,,,1,17,,23573,57,,,1,66,,23574,57,,,1,17,,23575,57,,,1,17,,23576,57,,,1,57,,23577,57,,,1,20,,23578,57,,,1,17,,23579,57,,,1,17,,23580,57,,,1,57,,23581,57,,,1,23,,23582,57,,,1,17,,23583,57,,,1,57,,23584,57,,,1,17,,23585,57,,,1,17,,23586,57,,,1,57,,23587,57,,,1,17,,23588,57,,,1,17,,23589,57,,,1,17,,23590,57,,,1,57,,23591,57,,,1,17,,23592,57,,,1,17,,23593,57,,,1,17,,23594,57,,,1,51,,23595,57,,,1,17,,23596,57,,,1,17,,23597,57,,,1,57,,23598,57,,,1,17,,23599,57,,,1,17,,23600,57,,,1,17,,23601,57,,,1,56,,23602,57,,,1,17,,23603,57,,,1,17,,23604,57,,,1,17,,23605,57,,,1,50,,23606,57,,,1,92,,23607,57,,,1,50,,23608,57,,,1,97,,23609,57,,,1,97,,23610,57,,,1,94,,23611,57,,,1,92,,23612,57,,,1,96,,23613,57,,,1
100,'35298.3',748,,23616,57,,,1,57,,23617,57,,,1,17,,23618,57,,,1,17,,23619,57,,,1,17,,23620,57,,,1,57,,23621,57,,,1,17,,23622,57,,,1,24,,23623,57,,,1,57,,23624,57,,,1,17,,23625,57,,,1,17,,23626,57,,,1,60,,23627,57,,,1,17,,23628,57,,,1,17,,23629,57,,,1,17,,23630,57,,,1,60,,23631,57,,,1,17,,23632,57,,,1,17,,23633,57,,,1,57,,23634,57,,,1,17,,23635,57,,,1,20,,23636,57,,,1,57,,23637,57,,,1,17,,23638,57,,,1,17,,23639,57,,,1,17,,23640,57,,,1,57,,23641,57,,,1,17,,23642,57,,,1,17,,23643,57,,,1,57,,23644,57,,,1,12,,23645,57,,,1,17,,23646,57,,,1,17,,23647,57,,,1,57,,23648,57,,,1,17,,23649,57,,,1,17,,23650,57,,,1,17,,23651,57,,,1,57,,23652,57,,,1,17,,23653,57,,,1,15,,23654,57,,,1,57,,23655,57,,,1,17,,23656,57,,,1,17,,23657,57,,,1,13,,23658,57,,,1,99,,23659,57,,,1,99,,23660,57,,,1,99,,23661,57,,,1,94,,23662,57,,,1,99,,23663,57,,,1
201,'2',802,,24035,8,,,1,40,,24036,8,,,1,81,,24037,8,,,1,80,,24038,8,,,1,40,,24039,8,,,1,81,,24040,8,,,1,80,,24041,8,,,1,40,,24042,8,,,1,80,,24043,8,,,1,80,,24044,8,,,1,39,,24045,8,,,1,80,,24046,8,,,1,80,,24047,8,,,1,40,,24048,8,,,1,80,,24049,8,,,1,80,,24050,8,,,1,40,,24051,8,,,1,80,,24052,8,,,1,80,,24053,8,,,1,40,,24054,8,,,1,80,,24055,8,,,1,33,,24056,8,,,1,73,,24057,8,,,1,73,,24058,8,,,1,32,,24059,8,,,1,73,,24060,8,,,1
201,'3',853,,24071,8,,,1,152,,24061,8,,,1,117,,24062,8,,,1,117,,24063,8,,,1,117,,24064,8,,,1,158,,24065,8,,,1,117,,24066,8,,,1,117,,24067,8,,,1,157,,24068,8,,,1,113,,24069,8,,,1,115,,24070,8,,,1,105,,24072,8,,,1,108,,24073,8,,,1
201,'74',802,,24074,8,,,1,40,,24075,8,,,1,81,,24076,8,,,1,80,,24077,8,,,1,40,,24078,8,,,1,81,,24079,8,,,1,80,,24080,8,,,1,40,,24081,8,,,1,80,,24082,8,,,1,80,,24083,8,,,1,39,,24084,8,,,1,80,,24085,8,,,1,80,,24086,8,,,1,40,,24087,8,,,1,80,,24088,8,,,1,80,,24089,8,,,1,40,,24090,8,,,1,80,,24091,8,,,1,80,,24092,8,,,1,40,,24093,8,,,1,80,,24094,8,,,1,33,,24095,8,,,1,73,,24096,8,,,1,73,,24097,8,,,1,32,,24098,8,,,1,73,,24099,8,,,1
201,'80',853,,24110,8,,,1,152,,24100,8,,,1,117,,24101,8,,,1,117,,24102,8,,,1,117,,24103,8,,,1,158,,24104,8,,,1,117,,24105,8,,,1,117,,24106,8,,,1,157,,24107,8,,,1,113,,24108,8,,,1,115,,24109,8,,,1,105,,24111,8,,,1,108,,24112,8,,,1
1400,'1',546,,26392,56,,,1,67,,26391,56,,,1,29,,26390,56,,,1,73,,26388,56,,,1,30,,26389,56,,,1,72,,26414,56,,,1,22,,26413,56,,,1,77,,26412,56,,,1,28,,26411,53,,,1,74,,26410,53,,,1,34,,26404,53,,,1,75,,26394,53,,,1,74,,26409,53,,,1,33,,26408,53,,,1,73,,26407,53,,,1,33,,26406,53,,,1,73,,26405,53,,,1,38,,26403,56,,,1,72,,26402,56,,,1,36,,26401,56,,,1,71,,26400,56,,,1,77,,26399,56,,,1,32,,26398,56,,,1,75,,26397,56,,,1,35,,26396,56,,,1,66,,26395,56,,,1,27,,26393,53,,,1,76,,26415,53,,,1,41,,26416,53,,,1
30500,'1',601,,33001,4,,,1,25,,33000,4,,,1,25,,32999,4,,,1,67,,32996,4,,,1,23,,32998,4,,,1,65,,32997,4,,,1
30501,'1',1628,,33008,5,,,1,25,,33007,5,,,1,68,,33006,5,,,1,26,,33005,5,,,1,61,,33004,5,,,1,25,,33003,5,,,1,25,,33002,5,,,1
