1601,'1',519,,2587,8,,,1,22,,2588,8,,,1,62,,2589,8,,,1,20,,2590,8,,,1,6,,2555,48,,,1,26,,2554,48,,,1,62,,2546,48,,,1,22,,2547,48,,,1,70,,2548,48,,,1,22,,2549,48,,,1,22,,2550,48,,,1,62,,2551,48,,,1,9,,2552,48,,,1,26,,2553,48,,,1,61,,2566,48,,,1,24,,2565,48,,,1,68,,2556,48,,,1,32,,2557,48,,,1,71,,2558,48,,,1,29,,2559,48,,,1,71,,2560,48,,,1,31,,2561,48,,,1,69,,2562,48,,,1,23,,2591,8,,,1,13,,2563,48,,,1,70,,2564,48,,,1,21,,2583,48,,,1,23,,2582,48,,,1,63,,2567,48,,,1,17,,2568,48,,,1,69,,2569,48,,,1,24,,2570,48,,,1,23,,2571,48,,,1,63,,2572,48,,,1,20,,2573,48,,,1,23,,2574,48,,,1,57,,2575,48,,,1,23,,2576,48,,,1,63,,2577,48,,,1,23,,2578,48,,,1,23,,2579,48,,,1,63,,2580,48,,,1,19,,2581,48,,,1,28,,2586,48,,,1,74,,2584,48,,,1,70,,2585,48,,,1,34,,2592,48,,,1
1601,'2',627,,2597,8,,,1,78,,2598,8,,,1,30,,2596,48,,,1,80,,2593,48,,,1,38,,2594,48,,,1,79,,2595,48,,,1,78,,2599,48,,,1,38,,2600,48,,,1,78,,2601,48,,,1,79,,2602,48,,,1,38,,2603,48,,,1,78,,2604,48,,,1,83,,2613,48,,,1,42,,2605,48,,,1,81,,2606,48,,,1,81,,2607,48,,,1,39,,2608,48,,,1,81,,2609,48,,,1,81,,2610,48,,,1,41,,2611,48,,,1,77,,2612,48,,,1,81,,2620,48,,,1,32,,2614,48,,,1,76,,2615,48,,,1,38,,2616,48,,,1,71,,2617,48,,,1,76,,2618,48,,,1,33,,2619,48,,,1
1601,'3',816,,2621,48,,,1,95,,2622,48,,,1,96,,2623,48,,,1,95,,2624,48,,,1,55,,2625,48,,,1,95,,2626,48,,,1,99,,2627,48,,,1,95,,2628,48,,,1,98,,2629,48,,,1,98,,2630,48,,,1,98,,2631,48,,,1,92,,2632,48,,,1,90,,2633,48,,,1,92,,2634,48,,,1,92,,2635,48,,,1,49,,2636,48,,,1
1601,'80',816,,2637,48,,,1,95,,2638,48,,,1,96,,2639,48,,,1,95,,2640,48,,,1,55,,2641,48,,,1,95,,2642,48,,,1,99,,2643,48,,,1,95,,2644,48,,,1,98,,2645,48,,,1,98,,2646,48,,,1,98,,2647,48,,,1,92,,2648,48,,,1,90,,2649,48,,,1,92,,2650,48,,,1,92,,2651,48,,,1,49,,2652,48,,,1
1601,'81',816,,2653,48,,,1,95,,2654,48,,,1,96,,2655,48,,,1,95,,2656,48,,,1,55,,2657,48,,,1,95,,2658,48,,,1,99,,2659,48,,,1,95,,2660,48,,,1,98,,2661,48,,,1,98,,2662,48,,,1,98,,2663,48,,,1,92,,2664,48,,,1,90,,2665,48,,,1,92,,2666,48,,,1,92,,2667,48,,,1,49,,2668,48,,,1
8501,'1',514,,5559,8,,,1,16,,5558,8,,,1,16,,5557,8,,,1,56,,5556,8,,,1,16,,5555,8,,,1,16,,5554,8,,,1,16,,5553,8,,,1,56,,5545,8,,,1,16,,5546,8,,,1,16,,5547,8,,,1,16,,5548,8,,,1,56,,5549,8,,,1,16,,5550,8,,,1,16,,5551,8,,,1,15,,5552,8,,,1,66,,5569,8,,,1,25,,5568,8,,,1,64,,5567,8,,,1,25,,5560,8,,,1,65,,5561,8,,,1,25,,5562,8,,,1,25,,5563,8,,,1,64,,5564,8,,,1,25,,5565,8,,,1,65,,5566,8,,,1,25,,5570,8,,,1,25,,5571,8,,,1,61,,5572,8,,,1,16,,5599,8,,,1,16,,5600,8,,,1,56,,5589,8,,,1,15,,5588,8,,,1,16,,5587,8,,,1,20,,5586,8,,,1,57,,5585,8,,,1,16,,5573,8,,,1,19,,5574,8,,,1,53,,5575,8,,,1,19,,5576,8,,,1,16,,5577,8,,,1,11,,5578,8,,,1,59,,5579,8,,,1,13,,5580,8,,,1,16,,5581,8,,,1,16,,5582,8,,,1,58,,5583,8,,,1,19,,5584,8,,,1,72,,5592,8,,,1,29,,5591,8,,,1,25,,5590,8,,,1,62,,5596,8,,,1,29,,5595,8,,,1,71,,5593,8,,,1,32,,5594,8,,,1
8501,'2',636,,5629,8,,,1,70,,5630,8,,,1,30,,5631,8,,,1,71,,5632,8,,,1,30,,5633,8,,,1,70,,5634,8,,,1,30,,5635,8,,,1,70,,5636,8,,,1,30,,5637,8,,,1,70,,5601,8,,,1,23,,5602,8,,,1,24,,5603,8,,,1,63,,5604,8,,,1,23,,5605,8,,,1,63,,5606,8,,,1,23,,5607,8,,,1,23,,5608,8,,,1,63,,5609,8,,,1,23,,5610,8,,,1,23,,5611,8,,,1,63,,5612,8,,,1,23,,5613,8,,,1,63,,5614,8,,,1,22,,5615,8,,,1,21,,5616,8,,,1,62,,5617,8,,,1,23,,5618,8,,,1,21,,5619,8,,,1,61,,5620,8,,,1,18,,5621,8,,,1,21,,5622,8,,,1,61,,5623,8,,,1,21,,5624,8,,,1,21,,5625,8,,,1,61,,5626,8,,,1,21,,5627,8,,,1,61,,5628,8,,,1,30,,5638,8,,,1,70,,5639,8,,,1,30,,5640,8,,,1
8501,'3',829,,5643,8,,,1,81,,5644,8,,,1,40,,5645,8,,,1,80,,5646,8,,,1,83,,5647,8,,,1,43,,5648,8,,,1,83,,5649,8,,,1,83,,5650,8,,,1,83,,5651,8,,,1,43,,5652,8,,,1,83,,5653,8,,,1,80,,5654,8,,,1,42,,5655,8,,,1,84,,5656,8,,,1,76,,5657,8,,,1,41,,5658,8,,,1,83,,5659,8,,,1,79,,5641,8,,,1,41,,5642,8,,,1
8501,'80',829,,5662,8,,,1,81,,5663,8,,,1,40,,5664,8,,,1,80,,5665,8,,,1,83,,5666,8,,,1,43,,5667,8,,,1,83,,5668,8,,,1,83,,5669,8,,,1,83,,5670,8,,,1,43,,5671,8,,,1,83,,5672,8,,,1,80,,5673,8,,,1,42,,5674,8,,,1,84,,5675,8,,,1,76,,5676,8,,,1,41,,5677,8,,,1,83,,5678,8,,,1,79,,5660,8,,,1,41,,5661,8,,,1
8501,'81',829,,5681,8,,,1,81,,5682,8,,,1,40,,5683,8,,,1,80,,5684,8,,,1,83,,5685,8,,,1,43,,5686,8,,,1,83,,5687,8,,,1,83,,5688,8,,,1,83,,5689,8,,,1,43,,5690,8,,,1,83,,5691,8,,,1,80,,5692,8,,,1,42,,5693,8,,,1,84,,5694,8,,,1,76,,5695,8,,,1,41,,5696,8,,,1,83,,5697,8,,,1,79,,5679,8,,,1,41,,5680,8,,,1
