9600,'1',624,,6908,27,,,1,83,,6907,27,,,1,31,,6906,27,,,1,77,,6905,27,,,1,27,,6904,27,,,1,79,,6901,27,,,1,34,,6902,27,,,1,70,,6903,27,,,1,32,,6916,27,,,1,70,,6915,27,,,1,79,,6909,27,,,1,39,,6910,27,,,1,79,,6911,27,,,1,83,,6912,27,,,1,25,,6913,27,,,1,86,,6914,27,,,1,83,,6922,27,,,1,27,,6921,27,,,1,30,,6920,27,,,1,67,,6917,27,,,1,27,,6918,27,,,1,62,,6919,27,,,1,27,,6925,27,,,1,64,,6926,27,,,1,13,,6936,27,,,1,12,,6924,27,,,1,25,,6923,27,,,1,74,,6933,27,,,1,30,,6932,27,,,1,55,,6935,27,,,1,14,,6927,27,,,1,30,,6928,27,,,1,70,,6929,27,,,1,30,,6930,27,,,1,70,,6931,27,,,1,17,,6934,27,,,1
9600,'2',949,,6937,27,,,1,99,,6938,27,,,1,99,,6939,27,,,1,99,,6940,27,,,1,99,,6941,27,,,1,99,,6942,27,,,1,98,,6943,27,,,1,99,,6944,27,,,1,95,,6945,27,,,1,97,,6946,27,,,1,87,,6947,27,,,1,86,,6948,27,,,1,97,,6949,27,,,1
9600,'3',1042,,6950,27,,,1,94,,6951,27,,,1,94,,6952,27,,,1,94,,6953,27,,,1,94,,6954,27,,,1,94,,6955,27,,,1,94,,6956,27,,,1,94,,6957,27,,,1,52,,6958,27,,,1,94,,6959,27,,,1,94,,6960,27,,,1,92,,6961,27,,,1
9600,'80',1042,,6962,27,,,1,94,,6963,27,,,1,94,,6964,27,,,1,94,,6965,27,,,1,94,,6966,27,,,1,94,,6967,27,,,1,94,,6968,27,,,1,94,,6969,27,,,1,52,,6970,27,,,1,94,,6971,27,,,1,94,,6972,27,,,1,92,,6973,27,,,1
9600,'81',1042,,6974,27,,,1,94,,6975,27,,,1,94,,6976,27,,,1,94,,6977,27,,,1,94,,6978,27,,,1,94,,6979,27,,,1,94,,6980,27,,,1,94,,6981,27,,,1,52,,6982,27,,,1,94,,6983,27,,,1,94,,6984,27,,,1,92,,6985,27,,,1
10700,'1',503,,7861,27,,,1,24,,7860,27,,,1,24,,7859,27,,,1,64,,7858,27,,,1,21,,7857,27,,,1,16,,7856,27,,,1,61,,7855,27,,,1,11,,7854,27,,,1,16,,7853,27,,,1,19,,7852,27,,,1,56,,7851,27,,,1,12,,7850,27,,,1,15,,7849,27,,,1,16,,7848,27,,,1,55,,7847,27,,,1,42,,7846,27,,,1,82,,7845,27,,,1,82,,7844,27,,,1,82,,7843,27,,,1,46,,7842,27,,,1,80,,7841,27,,,1,28,,7837,6,,,1,54,,7840,27,,,1,22,,7839,27,,,1,18,,7838,27,,,1,58,,7889,27,,,1,19,,7888,27,,,1,21,,7887,27,,,1,58,,7886,27,,,1,18,,7885,27,,,1,24,,7884,27,,,1,56,,7883,27,,,1,18,,7882,27,,,1,16,,7881,27,,,1,20,,7880,27,,,1,56,,7879,27,,,1,18,,7878,27,,,1,12,,7877,27,,,1,58,,7876,27,,,1,37,,7875,27,,,1,81,,7874,27,,,1,38,,7873,27,,,1,80,,7872,27,,,1,74,,7871,27,,,1,33,,7870,27,,,1,74,,7869,27,,,1,34,,7868,27,,,1,74,,7867,27,,,1,74,,7866,27,,,1,34,,7865,27,,,1,74,,7864,27,,,1,30,,7863,27,,,1,74,,7862,27,,,1
10700,'2',637,,7892,27,,,1,78,,7891,27,,,1,37,,7890,27,,,1,77,,7893,27,,,1,77,,7894,27,,,1,37,,7895,27,,,1,77,,7896,27,,,1,37,,7897,27,,,1,77,,7898,27,,,1,77,,7899,27,,,1,36,,7900,27,,,1,77,,7901,27,,,1,77,,7902,27,,,1,37,,7903,27,,,1,77,,7904,27,,,1,37,,7905,27,,,1,75,,7906,27,,,1,77,,7907,27,,,1,37,,7908,27,,,1,77,,7909,27,,,1,37,,7910,27,,,1,77,,7911,27,,,1,77,,7912,27,,,1,37,,7913,27,,,1,77,,7914,27,,,1,77,,7915,27,,,1,37,,7916,27,,,1,77,,7917,27,,,1,37,,7918,27,,,1,77,,7919,27,,,1,77,,7920,27,,,1,36,,7921,27,,,1,77,,7923,27,,,1,37,,7922,27,,,1
10700,'3',721,,7935,6,,,1,37,,7936,6,,,1,68,,7937,27,,,1,77,,7938,27,,,1,38,,7939,27,,,1,77,,7940,27,,,1,37,,7941,27,,,1,77,,7942,27,,,1,77,,7943,27,,,1,37,,7944,27,,,1,77,,7945,27,,,1,77,,7946,27,,,1,35,,7947,27,,,1,77,,7948,27,,,1,37,,7952,27,,,1,77,,7951,27,,,1,77,,7953,27,,,1,37,,7954,27,,,1,77,,7955,27,,,1,37,,7956,27,,,1,77,,7924,27,,,1,77,,7925,27,,,1,37,,7926,27,,,1,77,,7949,27,,,1,37,,7927,27,,,1,77,,7928,27,,,1,77,,7929,27,,,1,37,,7930,27,,,1,77,,7931,27,,,1,77,,7932,27,,,1,37,,7933,27,,,1,77,,7950,27,,,1,37,,7934,27,,,1
10700,'80',721,,7968,6,,,1,37,,7969,6,,,1,68,,7970,27,,,1,77,,7971,27,,,1,38,,7972,27,,,1,77,,7973,27,,,1,37,,7974,27,,,1,77,,7975,27,,,1,77,,7976,27,,,1,37,,7977,27,,,1,77,,7978,27,,,1,77,,7979,27,,,1,35,,7980,27,,,1,77,,7981,27,,,1,37,,7985,27,,,1,77,,7984,27,,,1,77,,7986,27,,,1,37,,7987,27,,,1,77,,7988,27,,,1,37,,7989,27,,,1,77,,7957,27,,,1,77,,7958,27,,,1,37,,7959,27,,,1,77,,7982,27,,,1,37,,7960,27,,,1,77,,7961,27,,,1,77,,7962,27,,,1,37,,7963,27,,,1,77,,7964,27,,,1,77,,7965,27,,,1,37,,7966,27,,,1,77,,7983,27,,,1,37,,7967,27,,,1
10700,'81',721,,7993,6,,,1,37,,7994,6,,,1,68,,7995,27,,,1,77,,7996,27,,,1,38,,7997,27,,,1,77,,7998,27,,,1,37,,7999,27,,,1,77,,8000,27,,,1,77,,8001,27,,,1,37,,8002,27,,,1,77,,8003,27,,,1,77,,8004,27,,,1,35,,8005,27,,,1,77,,8006,27,,,1,37,,8009,27,,,1,77,,8008,27,,,1,77,,8010,27,,,1,37,,8011,27,,,1,77,,8012,27,,,1,37,,8013,27,,,1,77,,7990,27,,,1,77,,7991,27,,,1,37,,7992,27,,,1,77,,8007,27,,,1,37,,8014,27,,,1,77,,8015,27,,,1,77,,8016,27,,,1,37,,8017,27,,,1,77,,8018,27,,,1,77,,8019,27,,,1,37,,8020,27,,,1,77,,8022,27,,,1,37,,8021,27,,,1
46200,'24610.1',729,,9296,6,,,1
