9601,'1',450,,31339,19,,,1,68,,31340,19,,,1,29,,31341,19,,,1,70,,31342,19,,,1,36,,31343,19,,,1,73,,31344,19,,,1,78,,31345,19,,,1,33,,31346,19,,,1,74,,31347,19,,,1,32,,31348,19,,,1,79,,31349,19,,,1,80,,31350,19,,,1,43,,31351,19,,,1,75,,31352,19,,,1,32,,31353,19,,,1,86,,31354,19,,,1,80,,31355,19,,,1,17,,31374,19,,,1,22,,31356,19,,,1,67,,31357,19,,,1,27,,31358,19,,,1,67,,31359,19,,,1,27,,31360,19,,,1,67,,31361,19,,,1,27,,31362,19,,,1,64,,31363,19,,,1,25,,31364,19,,,1,25,,31365,19,,,1,65,,31366,19,,,1,24,,31367,19,,,1,65,,31368,19,,,1,29,,31369,19,,,1,70,,31370,19,,,1,30,,31371,19,,,1,70,,31372,19,,,1,24,,31373,19,,,1
9601,'2',815,,31375,19,,,1,99,,31376,19,,,1,100,,31377,19,,,1,99,,31378,19,,,1,99,,31379,19,,,1,99,,31380,19,,,1,99,,31381,19,,,1,99,,31382,19,,,1,99,,31383,19,,,1,99,,31384,19,,,1,50,,31385,19,,,1,92,,31386,19,,,1,97,,31387,19,,,1
9601,'3',915,,31388,19,,,1,94,,31389,19,,,1,94,,31390,19,,,1,54,,31391,19,,,1,94,,31392,19,,,1,94,,31393,19,,,1,94,,31394,19,,,1,94,,31395,19,,,1,93,,31396,19,,,1,94,,31397,19,,,1,94,,31398,19,,,1,94,,31399,19,,,1
9601,'74',815,,31400,19,,,1,99,,31401,19,,,1,100,,31402,19,,,1,99,,31403,19,,,1,99,,31404,19,,,1,99,,31405,19,,,1,99,,31406,19,,,1,99,,31407,19,,,1,99,,31408,19,,,1,99,,31409,19,,,1,50,,31410,19,,,1,92,,31411,19,,,1,97,,31412,19,,,1
9601,'80',915,,31413,19,,,1,94,,31414,19,,,1,94,,31415,19,,,1,54,,31416,19,,,1,94,,31417,19,,,1,94,,31418,19,,,1,94,,31419,19,,,1,94,,31420,19,,,1,93,,31421,19,,,1,94,,31422,19,,,1,94,,31423,19,,,1,94,,31424,19,,,1
9801,'1',527,,31521,28,,,1,75,,31520,28,,,1,36,,31519,28,,,1,75,,31518,28,,,1,35,,31517,28,,,1,75,,31516,28,,,1,35,,31515,28,,,1,75,,31514,28,,,1,75,,31525,28,,,1,100,,31524,28,,,1,98,,31523,28,,,1,98,,31522,28,,,1,101,,31537,28,,,1,40,,31536,28,,,1,80,,31535,28,,,1,80,,31534,28,,,1,40,,31533,28,,,1,80,,31532,28,,,1,80,,31531,28,,,1,38,,31530,28,,,1,78,,31529,28,,,1,91,,31528,28,,,1,88,,31527,28,,,1,48,,31526,28,,,1
9801,'2',534,,31556,28,,,1,86,,31555,28,,,1,86,,31554,28,,,1,46,,31553,28,,,1,88,,31552,28,,,1,96,,31551,28,,,1,94,,31550,28,,,1,97,,31549,28,,,1,94,,31548,28,,,1,100,,31547,28,,,1,98,,31546,28,,,1,98,,31545,28,,,1,96,,31544,28,,,1,98,,31543,28,,,1,98,,31542,28,,,1,96,,31541,28,,,1,46,,31540,28,,,1,89,,31539,28,,,1,87,,31538,28,,,1
9801,'3',717,,31573,28,,,1,88,,31574,28,,,1,48,,31572,28,,,1,88,,31571,28,,,1,88,,31570,28,,,1,96,,31569,28,,,1,93,,31568,28,,,1,93,,31567,28,,,1,95,,31566,28,,,1,53,,31565,28,,,1,93,,31564,28,,,1,93,,31563,28,,,1,93,,31562,28,,,1,90,,31561,28,,,1,87,,31560,28,,,1,87,,31559,28,,,1,47,,31558,28,,,1,88,,31557,28,,,1
9801,'74',534,,31593,28,,,1,86,,31592,28,,,1,86,,31591,28,,,1,46,,31590,28,,,1,88,,31589,28,,,1,96,,31588,28,,,1,94,,31587,28,,,1,97,,31586,28,,,1,94,,31585,28,,,1,100,,31584,28,,,1,98,,31583,28,,,1,98,,31582,28,,,1,96,,31581,28,,,1,98,,31580,28,,,1,98,,31579,28,,,1,96,,31578,28,,,1,46,,31577,28,,,1,89,,31576,28,,,1,87,,31575,28,,,1
9801,'80',717,,31610,28,,,1,88,,31611,28,,,1,48,,31609,28,,,1,88,,31608,28,,,1,88,,31607,28,,,1,96,,31606,28,,,1,93,,31605,28,,,1,93,,31604,28,,,1,95,,31603,28,,,1,53,,31602,28,,,1,93,,31601,28,,,1,93,,31600,28,,,1,93,,31599,28,,,1,90,,31598,28,,,1,87,,31597,28,,,1,87,,31596,28,,,1,47,,31595,28,,,1,88,,31594,28,,,1
989901,'1',2207,,36877,28,,,1,32,,36878,28,,,1,78,,36879,28,,,1,36,,36880,28,,,1,75,,36881,28,,,1,31,,36882,28,,,1,75,,36883,28,,,1,75,,36884,28,,,1
989901,'2',2213,,36885,28,,,1,92,,36886,28,,,1,43,,36887,28,,,1,91,,36890,28,,,1,85,,36888,28,,,1,86,,36889,28,,,1
989901,'3',2225,,36891,28,,,1,89,,36892,28,,,1,43,,36893,28,,,1,89,,36894,28,,,1,79,,36895,28,,,1,83,,36896,28,,,1
989901,'74',2213,,36897,28,,,1,92,,36898,28,,,1,43,,36899,28,,,1,91,,36902,28,,,1,85,,36900,28,,,1,86,,36901,28,,,1
989901,'80',2225,,36903,28,,,1,89,,36904,28,,,1,43,,36905,28,,,1,89,,36906,28,,,1,79,,36907,28,,,1,83,,36908,28,,,1
