1600,'1',537,,26443,4,,,1,22,,26444,4,,,1,63,,26445,4,,,1,22,,26446,4,,,1,62,,26447,4,,,1,22,,26448,4,,,1,18,,26449,4,,,1,66,,26450,4,,,1,22,,26451,4,,,1,22,,26452,4,,,1,71,,26453,4,,,1,31,,26454,4,,,1,75,,26455,4,,,1,67,,26456,4,,,1,31,,26457,4,,,1,71,,26458,4,,,1,31,,26459,4,,,1,71,,26460,4,,,1,31,,26461,4,,,1,75,,26462,4,,,1,20,,26463,4,,,1,23,,26464,4,,,1,63,,26465,4,,,1,23,,26466,4,,,1,63,,26467,4,,,1,24,,26468,4,,,1,23,,26469,4,,,1,63,,26470,4,,,1,23,,26471,4,,,1,23,,26472,4,,,1,63,,26473,4,,,1,20,,26474,4,,,1,63,,26475,4,,,1,23,,26476,4,,,1,23,,26477,4,,,1,63,,26478,4,,,1,23,,26479,4,,,1,74,,26480,4,,,1,34,,26481,4,,,1,74,,26482,4,,,1,34,,26483,4,,,1,74,,26484,4,,,1,74,,26488,4,,,1
1600,'2',646,,26489,4,,,1,78,,26490,4,,,1,78,,26491,4,,,1,38,,26492,4,,,1,78,,26493,4,,,1,38,,26494,4,,,1,78,,26495,4,,,1,78,,26496,4,,,1,38,,26497,4,,,1,78,,26498,4,,,1,81,,26499,4,,,1,41,,26500,4,,,1,82,,26501,4,,,1,81,,26502,4,,,1,42,,26503,4,,,1,81,,26504,4,,,1,81,,26505,4,,,1,41,,26506,4,,,1,81,,26507,4,,,1,75,,26508,4,,,1,36,,26509,4,,,1,79,,26510,4,,,1,73,,26511,4,,,1,35,,26512,4,,,1,77,,26513,4,,,1,35,,26515,4,,,1,76,,26516,4,,,1
1600,'3',839,,26517,4,,,1,96,,26518,4,,,1,95,,26519,4,,,1,95,,26520,4,,,1,95,,26521,4,,,1,99,,26526,4,,,1,98,,26522,4,,,1,98,,26523,4,,,1,98,,26524,4,,,1,94,,26525,4,,,1,95,,26531,4,,,1,52,,26527,4,,,1,91,,26528,4,,,1,92,,26529,4,,,1,92,,26530,4,,,1
1600,'74',646,,26534,4,,,1,78,,26535,4,,,1,78,,26536,4,,,1,38,,26537,4,,,1,78,,26538,4,,,1,38,,26539,4,,,1,78,,26540,4,,,1,78,,26541,4,,,1,38,,26542,4,,,1,78,,26543,4,,,1,81,,26544,4,,,1,41,,26545,4,,,1,82,,26546,4,,,1,81,,26547,4,,,1,42,,26548,4,,,1,81,,26549,4,,,1,81,,26550,4,,,1,41,,26551,4,,,1,81,,26552,4,,,1,75,,26553,4,,,1,36,,26554,4,,,1,79,,26555,4,,,1,73,,26556,4,,,1,35,,26558,4,,,1,77,,26559,4,,,1,35,,26560,4,,,1,76,,26561,4,,,1
1600,'80',839,,26562,4,,,1,96,,26563,4,,,1,95,,26564,4,,,1,95,,26565,4,,,1,95,,26566,4,,,1,99,,26571,4,,,1,98,,26567,4,,,1,98,,26568,4,,,1,98,,26569,4,,,1,94,,26570,4,,,1,95,,26576,4,,,1,52,,26572,4,,,1,91,,26573,4,,,1,92,,26574,4,,,1,92,,26575,4,,,1
8500,'1',632,,29617,48,,,1,16,,29618,48,,,1,56,,29619,48,,,1,16,,29620,48,,,1,16,,29621,48,,,1,19,,29622,48,,,1,56,,29623,48,,,1,16,,29624,48,,,1,16,,29625,48,,,1,16,,29626,48,,,1,56,,29627,48,,,1,11,,29628,47,,,1,16,,29629,47,,,1,65,,29630,47,,,1,25,,29631,47,,,1,18,,29632,47,,,1,65,,29633,47,,,1,25,,29634,47,,,1,65,,29635,47,,,1,25,,29636,47,,,1,27,,29637,47,,,1,65,,29638,47,,,1,26,,29639,47,,,1,65,,29640,47,,,1,20,,29641,47,,,1,17,,29668,33,,,1,58,,29642,33,,,1,20,,29643,33,,,1,16,,29644,33,,,1,57,,29645,33,,,1,16,,29646,33,,,1,23,,29647,34,,,1,13,,29648,34,,,1,56,,29649,34,,,1,16,,29650,34,,,1,19,,29651,34,,,1,56,,29652,34,,,1,16,,29653,34,,,1,16,,29654,34,,,1,9,,29655,34,,,1,16,,29656,34,,,1,56,,29657,34,,,1,16,,29658,34,,,1,16,,29659,34,,,1,13,,29660,33,,,1,65,,29661,33,,,1,27,,29662,33,,,1,65,,29663,33,,,1,32,,29664,33,,,1,72,,29665,33,,,1,32,,29666,33,,,1,72,,29667,33,,,1
8500,'2',707,,29697,47,,,1,31,,29698,47,,,1,70,,29699,47,,,1,28,,29700,47,,,1,74,,29701,47,,,1,30,,29702,47,,,1,70,,29703,47,,,1,34,,29704,47,,,1,70,,29705,47,,,1,31,,29669,47,,,1,62,,29670,47,,,1,25,,29671,47,,,1,23,,29672,47,,,1,63,,29673,47,,,1,23,,29674,47,,,1,63,,29675,47,,,1,23,,29676,47,,,1,23,,29677,47,,,1,63,,29678,47,,,1,23,,29679,47,,,1,23,,29680,47,,,1,63,,29681,47,,,1,23,,29682,47,,,1,63,,29683,47,,,1,21,,29684,47,,,1,21,,29685,47,,,1,57,,29686,47,,,1,21,,29687,47,,,1,21,,29688,47,,,1,61,,29689,47,,,1,21,,29690,47,,,1,21,,29691,47,,,1,59,,29692,47,,,1,21,,29693,47,,,1,21,,29694,47,,,1,61,,29695,47,,,1,21,,29696,47,,,1,70,,29706,47,,,1,30,,29707,47,,,1,70,,29708,47,,,1
8500,'3',842,,29726,19,,,1,80,,29727,19,,,1,79,,29709,47,,,1,40,,29710,47,,,1,81,,29711,47,,,1,80,,29712,47,,,1,51,,29713,47,,,1,83,,29714,47,,,1,83,,29715,47,,,1,83,,29716,47,,,1,42,,29717,47,,,1,83,,29718,47,,,1,84,,29719,47,,,1,34,,29720,47,,,1,81,,29721,47,,,1,85,,29722,47,,,1,37,,29723,47,,,1,81,,29724,47,,,1,81,,29725,47,,,1
8500,'74',707,,29756,47,,,1,31,,29757,47,,,1,70,,29758,47,,,1,28,,29759,47,,,1,74,,29760,47,,,1,30,,29761,47,,,1,70,,29762,47,,,1,34,,29763,47,,,1,70,,29764,47,,,1,31,,29728,47,,,1,62,,29729,47,,,1,25,,29730,47,,,1,23,,29731,47,,,1,63,,29732,47,,,1,23,,29733,47,,,1,63,,29734,47,,,1,23,,29735,47,,,1,23,,29736,47,,,1,63,,29737,47,,,1,23,,29738,47,,,1,23,,29739,47,,,1,63,,29740,47,,,1,23,,29741,47,,,1,63,,29742,47,,,1,21,,29743,47,,,1,21,,29744,47,,,1,57,,29745,47,,,1,21,,29746,47,,,1,21,,29747,47,,,1,61,,29748,47,,,1,21,,29749,47,,,1,21,,29750,47,,,1,59,,29751,47,,,1,21,,29752,47,,,1,21,,29753,47,,,1,61,,29754,47,,,1,21,,29755,47,,,1,70,,29765,47,,,1,30,,29766,47,,,1,70,,29767,47,,,1
8500,'80',842,,29785,19,,,1,80,,29786,19,,,1,79,,29768,47,,,1,40,,29769,47,,,1,81,,29770,47,,,1,80,,29771,47,,,1,51,,29772,47,,,1,83,,29773,47,,,1,83,,29774,47,,,1,83,,29775,47,,,1,42,,29776,47,,,1,83,,29777,47,,,1,84,,29778,47,,,1,34,,29779,47,,,1,81,,29780,47,,,1,85,,29781,47,,,1,37,,29782,47,,,1,81,,29783,47,,,1,81,,29784,47,,,1
