9901,'1',401,,31722,2,,,1,41,,31723,2,,,1,80,,31724,2,,,1,80,,31725,2,,,1,35,,31726,2,,,1,75,,31727,2,,,1,27,,31728,2,,,1,83,,31729,2,,,1,35,,31730,2,,,1,75,,31731,2,,,1,94,,31732,2,,,1,95,,31733,2,,,1,94,,31734,2,,,1,94,,31735,2,,,1,100,,31736,2,,,1,24,,31737,2,,,1,70,,31738,2,,,1,30,,31739,2,,,1,70,,31740,2,,,1,30,,31741,2,,,1,70,,31742,2,,,1,30,,31743,2,,,1,70,,31744,2,,,1,30,,31745,2,,,1,69,,31746,2,,,1,30,,31747,2,,,1,70,,31748,2,,,1,25,,31749,2,,,1,75,,31750,2,,,1,45,,31751,2,,,1
9901,'2',522,,31752,2,,,1,37,,31753,2,,,1,77,,31754,2,,,1,77,,31755,2,,,1,87,,31756,2,,,1,47,,31757,2,,,1,87,,31758,2,,,1,87,,31759,2,,,1,97,,31760,2,,,1,95,,31761,2,,,1,95,,31762,2,,,1,95,,31763,2,,,1,55,,31764,2,,,1,95,,31765,2,,,1,94,,31766,2,,,1,95,,31767,2,,,1,95,,31768,2,,,1,94,,31769,2,,,1,85,,31770,2,,,1,85,,31771,2,,,1
9901,'3',527,,31772,2,,,1,78,,31773,2,,,1,38,,31774,2,,,1,78,,31775,2,,,1,38,,31776,2,,,1,89,,31777,2,,,1,89,,31778,2,,,1,89,,31779,2,,,1,89,,31780,2,,,1,90,,31781,2,,,1,49,,31782,2,,,1,89,,31783,2,,,1,89,,31784,2,,,1,89,,31785,2,,,1,89,,31786,2,,,1,49,,31787,2,,,1,88,,31788,2,,,1,89,,31789,2,,,1,89,,31790,2,,,1,89,,31791,2,,,1,89,,31792,2,,,1,39,,31793,2,,,1
9901,'74',522,,31794,2,,,1,37,,31795,2,,,1,77,,31796,2,,,1,77,,31797,2,,,1,87,,31798,2,,,1,47,,31799,2,,,1,87,,31800,2,,,1,87,,31801,2,,,1,97,,31802,2,,,1,95,,31803,2,,,1,95,,31804,2,,,1,95,,31805,2,,,1,55,,31806,2,,,1,95,,31807,2,,,1,94,,31808,2,,,1,95,,31809,2,,,1,95,,31810,2,,,1,94,,31811,2,,,1,85,,31812,2,,,1,85,,31813,2,,,1
9901,'80',527,,31814,2,,,1,78,,31815,2,,,1,38,,31816,2,,,1,78,,31817,2,,,1,38,,31818,2,,,1,89,,31819,2,,,1,89,,31820,2,,,1,89,,31821,2,,,1,89,,31822,2,,,1,90,,31823,2,,,1,49,,31824,2,,,1,89,,31825,2,,,1,89,,31826,2,,,1,89,,31827,2,,,1,89,,31828,2,,,1,49,,31829,2,,,1,88,,31830,2,,,1,89,,31831,2,,,1,89,,31832,2,,,1,89,,31833,2,,,1,89,,31834,2,,,1,39,,31835,2,,,1
989901,'1',2226,,36877,57,,,1,31,,36878,57,,,1,78,,36879,57,,,1,75,,36880,57,,,1,35,,36881,57,,,1,71,,36882,57,,,1,35,,36883,57,,,1,75,,36884,57,,,1
989901,'2',2232,,36885,57,,,1,91,,36886,57,,,1,82,,36887,57,,,1,51,,36890,57,,,1,85,,36888,57,,,1,86,,36889,57,,,1
989901,'3',2244,,36891,57,,,1,87,,36892,57,,,1,83,,36893,57,,,1,89,,36894,57,,,1,39,,36895,57,,,1,83,,36896,57,,,1
989901,'74',2232,,36897,57,,,1,91,,36898,57,,,1,82,,36899,57,,,1,51,,36902,57,,,1,85,,36900,57,,,1,86,,36901,57,,,1
989901,'80',2244,,36903,57,,,1,87,,36904,57,,,1,83,,36905,57,,,1,89,,36906,57,,,1,39,,36907,57,,,1,83,,36908,57,,,1
