1600,'1',538,,2421,6,,,1,62,,2422,6,,,1,23,,2423,6,,,1,22,,2424,6,,,1,62,,2425,6,,,1,22,,2426,6,,,1,18,,2427,6,,,1,66,,2428,6,,,1,22,,2429,6,,,1,22,,2430,6,,,1,71,,2431,6,,,1,31,,2432,6,,,1,75,,2433,6,,,1,67,,2434,6,,,1,31,,2435,6,,,1,71,,2436,6,,,1,31,,2437,6,,,1,71,,2438,6,,,1,31,,2439,6,,,1,75,,2440,6,,,1,20,,2441,6,,,1,23,,2442,6,,,1,63,,2443,6,,,1,23,,2444,6,,,1,63,,2445,6,,,1,24,,2446,6,,,1,23,,2447,6,,,1,63,,2448,6,,,1,23,,2449,6,,,1,23,,2450,6,,,1,63,,2451,6,,,1,20,,2452,6,,,1,63,,2453,6,,,1,23,,2454,6,,,1,23,,2455,6,,,1,63,,2456,6,,,1,23,,2457,6,,,1,74,,2458,6,,,1,34,,2459,6,,,1,74,,2460,6,,,1,34,,2461,6,,,1,74,,2462,6,,,1,74,,2466,6,,,1
1600,'2',647,,2467,6,,,1,78,,2468,6,,,1,78,,2469,6,,,1,38,,2470,6,,,1,78,,2471,6,,,1,38,,2472,6,,,1,78,,2473,6,,,1,78,,2474,6,,,1,38,,2475,6,,,1,78,,2476,6,,,1,81,,2477,6,,,1,41,,2478,6,,,1,82,,2479,6,,,1,81,,2480,6,,,1,42,,2481,6,,,1,81,,2482,6,,,1,81,,2483,6,,,1,41,,2484,6,,,1,81,,2485,6,,,1,75,,2486,6,,,1,36,,2487,6,,,1,79,,2488,6,,,1,73,,2489,6,,,1,35,,2490,6,,,1,77,,2491,6,,,1,35,,2492,6,,,1,76,,2493,6,,,1
1600,'3',840,,2495,6,,,1,96,,2496,6,,,1,95,,2497,6,,,1,95,,2498,6,,,1,95,,2499,6,,,1,99,,2504,6,,,1,98,,2500,6,,,1,98,,2501,6,,,1,98,,2502,6,,,1,94,,2503,6,,,1,95,,2509,6,,,1,52,,2505,6,,,1,91,,2506,6,,,1,92,,2507,6,,,1,92,,2508,6,,,1
1600,'80',840,,2512,6,,,1,96,,2513,6,,,1,95,,2514,6,,,1,95,,2515,6,,,1,95,,2516,6,,,1,99,,2521,6,,,1,98,,2517,6,,,1,98,,2518,6,,,1,98,,2519,6,,,1,94,,2520,6,,,1,95,,2526,6,,,1,52,,2522,6,,,1,91,,2523,6,,,1,92,,2524,6,,,1,92,,2525,6,,,1
1600,'81',840,,2529,6,,,1,96,,2532,6,,,1,95,,2533,6,,,1,95,,2534,6,,,1,95,,2535,6,,,1,99,,2540,6,,,1,98,,2536,6,,,1,98,,2537,6,,,1,98,,2538,6,,,1,94,,2539,6,,,1,95,,2545,6,,,1,52,,2541,6,,,1,91,,2542,6,,,1,92,,2543,6,,,1,92,,2544,6,,,1
8500,'1',634,,5396,50,,,1,16,,5397,50,,,1,56,,5398,50,,,1,16,,5399,50,,,1,16,,5400,50,,,1,19,,5401,50,,,1,56,,5402,50,,,1,16,,5403,50,,,1,16,,5404,50,,,1,56,,5405,50,,,1,16,,5406,50,,,1,11,,5407,49,,,1,16,,5408,49,,,1,65,,5409,49,,,1,25,,5410,49,,,1,18,,5411,49,,,1,65,,5412,49,,,1,25,,5413,49,,,1,65,,5414,49,,,1,25,,5415,49,,,1,27,,5416,49,,,1,65,,5417,49,,,1,26,,5418,49,,,1,65,,5419,49,,,1,20,,5420,49,,,1,17,,5447,35,,,1,58,,5421,35,,,1,20,,5422,35,,,1,16,,5423,35,,,1,57,,5424,35,,,1,16,,5425,35,,,1,23,,5426,36,,,1,13,,5427,36,,,1,56,,5428,36,,,1,16,,5429,36,,,1,19,,5430,36,,,1,56,,5431,36,,,1,16,,5432,36,,,1,16,,5433,36,,,1,9,,5434,36,,,1,16,,5435,36,,,1,56,,5436,36,,,1,16,,5437,36,,,1,16,,5438,36,,,1,53,,5439,35,,,1,25,,5440,35,,,1,27,,5441,35,,,1,65,,5442,35,,,1,32,,5443,35,,,1,72,,5444,35,,,1,32,,5445,35,,,1,72,,5446,35,,,1
8500,'2',709,,5476,49,,,1,31,,5477,49,,,1,70,,5478,49,,,1,28,,5479,49,,,1,74,,5480,49,,,1,30,,5481,49,,,1,70,,5482,49,,,1,34,,5483,49,,,1,70,,5484,49,,,1,31,,5448,49,,,1,62,,5449,49,,,1,25,,5450,49,,,1,23,,5451,49,,,1,63,,5452,49,,,1,23,,5453,49,,,1,63,,5454,49,,,1,23,,5455,49,,,1,23,,5456,49,,,1,63,,5457,49,,,1,23,,5458,49,,,1,63,,5459,49,,,1,23,,5460,49,,,1,23,,5461,49,,,1,63,,5462,49,,,1,21,,5463,49,,,1,21,,5464,49,,,1,57,,5465,49,,,1,21,,5466,49,,,1,21,,5467,49,,,1,61,,5468,49,,,1,21,,5469,49,,,1,21,,5470,49,,,1,59,,5471,49,,,1,21,,5472,49,,,1,21,,5473,49,,,1,61,,5474,49,,,1,21,,5475,49,,,1,70,,5485,49,,,1,30,,5486,49,,,1,70,,5487,49,,,1
8500,'3',844,,5505,21,,,1,80,,5506,21,,,1,79,,5488,49,,,1,40,,5489,49,,,1,81,,5490,49,,,1,80,,5491,49,,,1,51,,5492,49,,,1,83,,5493,49,,,1,83,,5494,49,,,1,83,,5495,49,,,1,42,,5496,49,,,1,83,,5497,49,,,1,84,,5498,49,,,1,34,,5499,49,,,1,81,,5500,49,,,1,85,,5501,49,,,1,37,,5502,49,,,1,81,,5503,49,,,1,81,,5504,49,,,1
8500,'80',844,,5524,21,,,1,80,,5525,21,,,1,79,,5507,49,,,1,40,,5508,49,,,1,81,,5509,49,,,1,80,,5510,49,,,1,51,,5511,49,,,1,83,,5512,49,,,1,83,,5513,49,,,1,83,,5514,49,,,1,42,,5515,49,,,1,83,,5516,49,,,1,84,,5517,49,,,1,34,,5518,49,,,1,81,,5519,49,,,1,85,,5520,49,,,1,37,,5521,49,,,1,81,,5522,49,,,1,81,,5523,49,,,1
8500,'81',844,,5543,21,,,1,80,,5544,21,,,1,79,,5526,49,,,1,40,,5527,49,,,1,81,,5528,49,,,1,80,,5529,49,,,1,51,,5530,49,,,1,83,,5531,49,,,1,83,,5532,49,,,1,83,,5533,49,,,1,42,,5534,49,,,1,83,,5535,49,,,1,84,,5536,49,,,1,34,,5537,49,,,1,81,,5538,49,,,1,85,,5539,49,,,1,37,,5540,49,,,1,81,,5541,49,,,1,81,,5542,49,,,1
