9901,'1',406,,7366,11,,,1,41,,7367,11,,,1,80,,7368,11,,,1,80,,7369,11,,,1,36,,7370,11,,,1,75,,7371,11,,,1,29,,7372,11,,,1,83,,7373,11,,,1,75,,7374,11,,,1,35,,7375,11,,,1,94,,7376,11,,,1,96,,7377,11,,,1,94,,7378,11,,,1,94,,7379,11,,,1,100,,7380,11,,,1,25,,7381,11,,,1,70,,7382,11,,,1,30,,7383,11,,,1,70,,7384,11,,,1,30,,7385,11,,,1,70,,7386,11,,,1,30,,7387,11,,,1,69,,7388,11,,,1,30,,7389,11,,,1,68,,7390,11,,,1,30,,7391,11,,,1,70,,7392,11,,,1,25,,7393,11,,,1,73,,7394,11,,,1,45,,7395,11,,,1
9901,'2',527,,7396,11,,,1,77,,7397,11,,,1,37,,7398,11,,,1,77,,7399,11,,,1,87,,7400,11,,,1,49,,7401,11,,,1,87,,7402,11,,,1,87,,7403,11,,,1,100,,7404,11,,,1,96,,7405,11,,,1,95,,7406,11,,,1,95,,7407,11,,,1,95,,7408,11,,,1,95,,7409,11,,,1,52,,7410,11,,,1,94,,7411,11,,,1,95,,7412,11,,,1,94,,7413,11,,,1,85,,7414,11,,,1,85,,7415,11,,,1
9901,'3',532,,7416,11,,,1,79,,7417,11,,,1,38,,7418,11,,,1,78,,7419,11,,,1,78,,7420,11,,,1,51,,7421,11,,,1,89,,7422,11,,,1,89,,7423,11,,,1,89,,7424,11,,,1,90,,7425,11,,,1,89,,7426,11,,,1,49,,7427,11,,,1,89,,7428,11,,,1,89,,7429,11,,,1,89,,7430,11,,,1,89,,7431,11,,,1,47,,7432,11,,,1,89,,7433,11,,,1,89,,7434,11,,,1,88,,7435,11,,,1,89,,7436,11,,,1,39,,7437,11,,,1
9901,'80',532,,7438,11,,,1,79,,7439,11,,,1,38,,7440,11,,,1,78,,7441,11,,,1,78,,7442,11,,,1,51,,7443,11,,,1,89,,7444,11,,,1,89,,7445,11,,,1,89,,7446,11,,,1,90,,7447,11,,,1,89,,7448,11,,,1,49,,7449,11,,,1,89,,7450,11,,,1,89,,7451,11,,,1,89,,7452,11,,,1,89,,7453,11,,,1,47,,7454,11,,,1,89,,7455,11,,,1,89,,7456,11,,,1,88,,7457,11,,,1,89,,7458,11,,,1,39,,7459,11,,,1
9901,'81',532,,7460,11,,,1,79,,7461,11,,,1,38,,7462,11,,,1,78,,7463,11,,,1,78,,7464,11,,,1,51,,7465,11,,,1,89,,7466,11,,,1,89,,7467,11,,,1,89,,7468,11,,,1,90,,7469,11,,,1,89,,7470,11,,,1,49,,7471,11,,,1,89,,7472,11,,,1,89,,7473,11,,,1,89,,7474,11,,,1,89,,7475,11,,,1,47,,7476,11,,,1,89,,7477,11,,,1,89,,7478,11,,,1,88,,7479,11,,,1,89,,7480,11,,,1,39,,7481,11,,,1
989901,'1',2230,,11627,66,,,1,71,,11628,66,,,1,38,,11629,66,,,1,75,,11630,66,,,1,35,,11631,66,,,1,71,,11632,66,,,1,35,,11633,66,,,1,75,,11634,66,,,1
989901,'2',2238,,11635,66,,,1,88,,11636,66,,,1,82,,11637,66,,,1,51,,11640,66,,,1,85,,11638,66,,,1,86,,11639,66,,,1
989901,'3',2248,,11641,66,,,1,87,,11642,66,,,1,83,,11643,66,,,1,88,,11644,66,,,1,39,,11645,66,,,1,83,,11646,66,,,1
989901,'80',2248,,11647,66,,,1,87,,11648,66,,,1,83,,11649,66,,,1,88,,11650,66,,,1,39,,11651,66,,,1,83,,11652,66,,,1
989901,'81',2248,,11653,66,,,1,87,,11654,66,,,1,83,,11655,66,,,1,88,,11656,66,,,1,39,,11657,66,,,1,83,,11658,66,,,1
