300,'1',504,,24137,66,0,21 22 23 3 24,1,31,,24138,66,0,21 22 23 3 24,1,87,,24113,66,0,21 22 23 3 24,1,32,,24114,66,0,21 22 23 3 24,1,75,,24115,66,0,21 22 23 3 24,1,79,,24116,66,0,21 22 23 3 24,1,32,,24117,66,0,21 22 23 3 24,1,77,,24118,66,0,21 22 23 3 24,1,25,,24119,66,0,21 22 23 3 24,1,72,,24120,66,0,21 22 23 3 24,1,24,,24121,66,0,21 22 23 3 24,1,89,,24122,66,0,21 22 23 3 24,1,86,,24123,66,0,21 22 23 3 24,1,46,,24124,66,0,21 22 23 3 24,1,86,,24125,66,0,21 22 23 3 24,1,86,,24126,66,0,21 22 23 3 24,1,93,,24127,66,0,21 22 23 3 24,1,76,,24128,66,0,21 22 23 3 24,1,32,,24129,66,0,21 22 23 3 24,1,72,,24130,66,0,21 22 23 3 24,1,32,,24131,66,0,21 22 23 3 24,1,72,,24132,66,0,21 22 23 3 24,1,32,,24133,66,0,21 22 23 3 24,1,65,,24134,66,0,21 22 23 3 24,1,32,,24135,66,0,21 22 23 3 24,1,67,,24136,66,0,21 22 23 3 24,1,32,,24139,66,0,21 22 23 3 24,1,83,,24140,66,0,21 22 23 3 24,1,81,,24141,66,0,21 22 23 3 24,1
300,'2',843,,24147,66,0,21 22 23 3 24,1,103,,24146,66,0,21 22 23 3 24,1,105,,24148,66,0,21 22 23 3 24,1,105,,24149,66,0,21 22 23 3 24,1,145,,24150,66,0,21 22 23 3 24,1,105,,24151,66,0,21 22 23 3 24,1,107,,24152,66,0,21 22 23 3 24,1,105,,24153,66,0,21 22 23 3 24,1,107,,24154,66,0,21 22 23 3 24,1,106,,24155,66,0,21 22 23 3 24,1,101,,24156,66,0,21 22 23 3 24,1,102,,24157,66,0,21 22 23 3 24,1,99,,24158,66,0,21 22 23 3 24,1,102,,24145,66,0,21 22 23 3 24,1
300,'3',1003,,24160,66,0,21 22 23 3 24,1,100,,24172,66,0,21 22 23 3 24,1,104,,24171,66,0,21 22 23 3 24,1,102,,24170,66,0,21 22 23 3 24,1,102,,24169,66,0,21 22 23 3 24,1,99,,24168,66,0,21 22 23 3 24,1,102,,24167,66,0,21 22 23 3 24,1,102,,24166,66,0,21 22 23 3 24,1,102,,24165,66,0,21 22 23 3 24,1,102,,24164,66,0,21 22 23 3 24,1,99,,24163,66,0,21 22 23 3 24,1,99,,24162,66,0,21 22 23 3 24,1,98,,24161,66,0,21 22 23 3 24,1
300,'74',843,,24176,66,0,21 22 23 3 24,1,103,,24175,66,0,21 22 23 3 24,1,105,,24177,66,0,21 22 23 3 24,1,105,,24178,66,0,21 22 23 3 24,1,145,,24179,66,0,21 22 23 3 24,1,105,,24180,66,0,21 22 23 3 24,1,107,,24181,66,0,21 22 23 3 24,1,105,,24182,66,0,21 22 23 3 24,1,107,,24183,66,0,21 22 23 3 24,1,106,,24184,66,0,21 22 23 3 24,1,101,,24185,66,0,21 22 23 3 24,1,102,,24186,66,0,21 22 23 3 24,1,99,,24187,66,0,21 22 23 3 24,1,102,,24174,66,0,21 22 23 3 24,1
300,'80',1003,,24189,66,0,21 22 23 3 24,1,100,,24201,66,0,21 22 23 3 24,1,104,,24200,66,0,21 22 23 3 24,1,102,,24199,66,0,21 22 23 3 24,1,102,,24198,66,0,21 22 23 3 24,1,99,,24197,66,0,21 22 23 3 24,1,102,,24196,66,0,21 22 23 3 24,1,102,,24195,66,0,21 22 23 3 24,1,102,,24194,66,0,21 22 23 3 24,1,102,,24193,66,0,21 22 23 3 24,1,99,,24192,66,0,21 22 23 3 24,1,99,,24191,66,0,21 22 23 3 24,1,98,,24190,66,0,21 22 23 3 24,1
9001,'1',557,,30670,26,,,1,51,,30669,26,,,1,11,,30668,26,,,1,11,,30667,26,,,1,11,,30666,26,,,1,11,,30665,26,,,1,51,,30664,26,,,1,12,,30662,26,,,1,14,,30663,26,,,1,10,,30682,26,,,1,11,,30681,26,,,1,59,,30680,26,,,1,13,,30679,26,,,1,13,,30678,26,,,1,13,,30671,26,,,1,53,,30672,26,,,1,13,,30673,26,,,1,13,,30674,26,,,1,10,,30675,26,,,1,9,,30676,26,,,1,13,,30677,26,,,1,79,,30690,26,,,1,72,,30683,26,,,1,32,,30684,26,,,1,72,,30685,26,,,1,32,,30686,26,,,1,72,,30687,26,,,1,32,,30688,26,,,1,79,,30689,26,,,1,25,,30691,26,,,1,54,,30692,26,,,1,14,,30693,26,,,1,14,,30694,26,,,1,17,,30695,26,,,1,54,,30696,26,,,1,12,,30697,26,,,1,17,,30698,26,,,1,6,,30719,14,,,1,8,,30699,26,,,1,54,,30700,26,,,1,14,,30701,26,,,1,13,,30702,26,,,1,14,,30703,26,,,1,11,,30704,26,,,1,54,,30705,26,,,1,14,,30706,26,,,1,14,,30707,26,,,1,14,,30708,26,,,1,54,,30709,26,,,1,11,,30710,26,,,1,27,,30717,26,,,1,82,,30716,26,,,1,80,,30711,26,,,1,42,,30712,26,,,1,82,,30713,26,,,1,82,,30714,26,,,1,40,,30715,26,,,1,82,,30718,26,,,1
9001,'2',610,,30720,9,,,1,40,,30721,26,,,1,81,,30722,26,,,1,81,,30723,26,,,1,47,,30736,26,,,1,73,,30728,26,,,1,72,,30729,26,,,1,32,,30730,26,,,1,72,,30731,26,,,1,32,,30732,26,,,1,72,,30733,26,,,1,34,,30734,26,,,1,72,,30735,26,,,1,32,,30737,26,,,1,72,,30738,26,,,1,32,,30739,26,,,1,72,,30740,26,,,1,32,,30741,26,,,1,73,,30742,26,,,1,72,,30743,26,,,1,32,,30744,26,,,1,72,,30745,26,,,1,32,,30746,26,,,1,69,,30747,26,,,1,32,,30748,26,,,1,72,,30749,26,,,1,95,,30750,26,,,1,41,,30751,26,,,1,81,,30724,26,,,1,81,,30725,26,,,1,41,,30726,26,,,1,81,,30727,26,,,1
9001,'3',820,,30752,9,,,1,38,,30753,26,,,1,82,,30754,26,,,1,84,,30755,26,,,1,82,,30756,26,,,1,42,,30757,26,,,1,85,,30758,26,,,1,85,,30759,26,,,1,85,,30760,26,,,1,45,,30761,26,,,1,85,,30762,26,,,1,85,,30763,26,,,1,85,,30764,26,,,1,45,,30765,26,,,1,82,,30766,26,,,1,84,,30767,26,,,1,38,,30768,26,,,1,84,,30769,26,,,1,79,,30770,26,,,1,39,,30771,26,,,1,79,,30772,26,,,1
9001,'74',610,,30773,9,,,1,40,,30774,26,,,1,81,,30775,26,,,1,81,,30776,26,,,1,47,,30789,26,,,1,73,,30781,26,,,1,72,,30782,26,,,1,32,,30783,26,,,1,72,,30784,26,,,1,32,,30785,26,,,1,72,,30786,26,,,1,34,,30787,26,,,1,72,,30788,26,,,1,32,,30790,26,,,1,72,,30791,26,,,1,32,,30792,26,,,1,72,,30793,26,,,1,32,,30794,26,,,1,73,,30795,26,,,1,72,,30796,26,,,1,32,,30797,26,,,1,72,,30798,26,,,1,32,,30799,26,,,1,69,,30800,26,,,1,32,,30801,26,,,1,72,,30802,26,,,1,95,,30803,26,,,1,41,,30804,26,,,1,81,,30777,26,,,1,81,,30778,26,,,1,41,,30779,26,,,1,81,,30780,26,,,1
9001,'80',820,,30805,9,,,1,38,,30806,26,,,1,82,,30807,26,,,1,84,,30808,26,,,1,82,,30809,26,,,1,42,,30810,26,,,1,85,,30811,26,,,1,85,,30812,26,,,1,85,,30813,26,,,1,45,,30814,26,,,1,85,,30815,26,,,1,85,,30816,26,,,1,85,,30817,26,,,1,45,,30818,26,,,1,82,,30819,26,,,1,84,,30820,26,,,1,38,,30821,26,,,1,84,,30822,26,,,1,79,,30823,26,,,1,39,,30824,26,,,1,79,,30825,26,,,1
900201,'1',523,,36796,21,,,1,19,,36797,21,,,1,59,,36798,21,,,1,19,,36799,21,,,1,17,,36784,7,,,1,19,,36785,7,,,1,62,,36795,7,,,1,26,,36794,7,,,1,63,,36793,7,,,1,21,,36786,7,,,1,23,,36787,7,,,1,62,,36788,7,,,1,23,,36789,7,,,1,23,,36790,7,,,1,63,,36791,7,,,1,23,,36792,7,,,1,571,,36800,35,,,1,23,,36801,35,,,1,63,,36802,35,,,1,23,,36803,35,,,1,23,,36804,35,,,1,61,,36805,35,,,1,23,,36806,35,,,1,19,,36807,35,,,1,63,,36811,35,,,1,17,,36808,35,,,1,19,,36809,35,,,1,59,,36810,35,,,1
