8601,'1',611,,30022,38,,,1,33,,30021,38,,,1,68,,30018,38,,,1,27,,30019,38,,,1,76,,30020,41,,,1,41,,30023,37,,,1,74,,30026,37,,,1,102,,30025,37,,,1,86,,30024,37,,,1,94,,30027,37,,,1,93,,30028,37,,,1,42,,30029,37,,,1,102,,30030,41,,,1,88,,30031,37,,,1,71,,30041,37,,,1,29,,30032,37,,,1,89,,30033,37,,,1,26,,30034,38,,,1,65,,30036,38,,,1,32,,30035,38,,,1,68,,30037,37,,,1,33,,30038,38,,,1,80,,30039,37,,,1,81,,30040,37,,,1
8601,'2',808,,30042,37,,,1,46,,30043,37,,,1,88,,30044,37,,,1,86,,30045,37,,,1,86,,30046,37,,,1,86,,30047,37,,,1,45,,30048,37,,,1,86,,30049,37,,,1,86,,30050,37,,,1,87,,30051,37,,,1,46,,30052,37,,,1,86,,30053,37,,,1,86,,30054,37,,,1,82,,30055,37,,,1,46,,30056,37,,,1,86,,30057,37,,,1
8601,'74',808,,30058,37,,,1,46,,30059,37,,,1,88,,30060,37,,,1,86,,30061,37,,,1,86,,30062,37,,,1,86,,30063,37,,,1,45,,30064,37,,,1,86,,30065,37,,,1,86,,30066,37,,,1,87,,30067,37,,,1,46,,30068,37,,,1,86,,30069,37,,,1,86,,30070,37,,,1,82,,30071,37,,,1,46,,30072,37,,,1,86,,30073,37,,,1
9901,'1',408,,31722,16,,,1,41,,31723,16,,,1,80,,31724,16,,,1,81,,31725,16,,,1,37,,31726,16,,,1,75,,31727,16,,,1,29,,31728,16,,,1,83,,31729,16,,,1,75,,31730,16,,,1,35,,31731,16,,,1,94,,31732,16,,,1,98,,31733,16,,,1,94,,31734,16,,,1,94,,31735,16,,,1,100,,31736,16,,,1,25,,31737,16,,,1,70,,31738,16,,,1,30,,31739,16,,,1,70,,31740,16,,,1,30,,31741,16,,,1,70,,31742,16,,,1,30,,31743,16,,,1,69,,31744,16,,,1,30,,31745,16,,,1,66,,31746,16,,,1,30,,31747,16,,,1,70,,31748,16,,,1,25,,31749,16,,,1,73,,31750,16,,,1,45,,31751,16,,,1
9901,'2',530,,31752,16,,,1,77,,31753,16,,,1,37,,31754,16,,,1,77,,31755,16,,,1,87,,31756,16,,,1,50,,31757,16,,,1,87,,31758,16,,,1,87,,31759,16,,,1,101,,31760,16,,,1,97,,31761,16,,,1,95,,31762,16,,,1,95,,31763,16,,,1,95,,31764,16,,,1,95,,31765,16,,,1,92,,31766,16,,,1,54,,31767,16,,,1,95,,31768,16,,,1,92,,31769,16,,,1,85,,31770,16,,,1,85,,31771,16,,,1
9901,'3',534,,31772,16,,,1,80,,31773,16,,,1,38,,31774,16,,,1,78,,31775,16,,,1,78,,31776,16,,,1,92,,31777,16,,,1,49,,31778,16,,,1,89,,31779,16,,,1,89,,31780,16,,,1,91,,31781,16,,,1,89,,31782,16,,,1,49,,31783,16,,,1,89,,31784,16,,,1,89,,31785,16,,,1,89,,31786,16,,,1,89,,31787,16,,,1,46,,31788,16,,,1,89,,31789,16,,,1,89,,31790,16,,,1,87,,31791,16,,,1,89,,31792,16,,,1,39,,31793,16,,,1
9901,'74',530,,31794,16,,,1,77,,31795,16,,,1,37,,31796,16,,,1,77,,31797,16,,,1,87,,31798,16,,,1,50,,31799,16,,,1,87,,31800,16,,,1,87,,31801,16,,,1,101,,31802,16,,,1,97,,31803,16,,,1,95,,31804,16,,,1,95,,31805,16,,,1,95,,31806,16,,,1,95,,31807,16,,,1,92,,31808,16,,,1,54,,31809,16,,,1,95,,31810,16,,,1,92,,31811,16,,,1,85,,31812,16,,,1,85,,31813,16,,,1
9901,'80',534,,31814,16,,,1,80,,31815,16,,,1,38,,31816,16,,,1,78,,31817,16,,,1,78,,31818,16,,,1,92,,31819,16,,,1,49,,31820,16,,,1,89,,31821,16,,,1,89,,31822,16,,,1,91,,31823,16,,,1,89,,31824,16,,,1,49,,31825,16,,,1,89,,31826,16,,,1,89,,31827,16,,,1,89,,31828,16,,,1,89,,31829,16,,,1,46,,31830,16,,,1,89,,31831,16,,,1,89,,31832,16,,,1,87,,31833,16,,,1,89,,31834,16,,,1,39,,31835,16,,,1
989901,'1',2233,,36877,71,,,1,70,,36878,71,,,1,38,,36879,71,,,1,75,,36880,71,,,1,35,,36881,71,,,1,71,,36882,71,,,1,35,,36883,71,,,1,75,,36884,71,,,1
989901,'2',2240,,36885,71,,,1,88,,36886,71,,,1,82,,36887,71,,,1,91,,36890,71,,,1,45,,36888,71,,,1,86,,36889,71,,,1
989901,'3',2250,,36891,71,,,1,87,,36892,71,,,1,83,,36893,71,,,1,88,,36894,71,,,1,39,,36895,71,,,1,83,,36896,71,,,1
989901,'74',2240,,36897,71,,,1,88,,36898,71,,,1,82,,36899,71,,,1,91,,36902,71,,,1,45,,36900,71,,,1,86,,36901,71,,,1
989901,'80',2250,,36903,71,,,1,87,,36904,71,,,1,83,,36905,71,,,1,88,,36906,71,,,1,39,,36907,71,,,1,83,,36908,71,,,1
