2400,'1',604,,3515,77,,,1,14,,3516,77,,,1,14,,3517,77,,,1,14,,3518,77,,,1,10,,3519,77,,,1,62,,3520,77,,,1,14,,3521,77,,,1,15,,3522,77,,,1,11,,3523,77,,,1,49,,3524,77,,,1,12,,3525,77,,,1,11,,3526,77,,,1,11,,3527,77,,,1,11,,3528,77,,,1,51,,3529,77,,,1,11,,3530,77,,,1,11,,3531,77,,,1,11,,3532,77,,,1,10,,3533,77,,,1,9,,3534,77,,,1,45,,3535,64,,,1,25,,3536,64,,,1,22,,3537,64,,,1,68,,3538,64,,,1,25,,3539,64,,,1,65,,3540,64,,,1,25,,3541,64,,,1,20,,3542,58,,,1,67,,3543,58,,,1,25,,3544,58,,,1,65,,3545,58,,,1,25,,3546,58,,,1,27,,3547,58,,,1,52,,3548,58,,,1,12,,3549,58,,,1,12,,3550,58,,,1,12,,3551,58,,,1,12,,3552,58,,,1,52,,3553,58,,,1,12,,3554,58,,,1,12,,3555,58,,,1,12,,3556,58,,,1,12,,3557,58,,,1,62,,3558,58,,,1,9,,3559,58,,,1,13,,3560,58,,,1,11,,3561,58,,,1,54,,3562,58,,,1,10,,3563,58,,,1,5,,3564,58,,,1,12,,3565,58,,,1,8,,3566,58,,,1,7,,3567,58,,,1,51,,3568,58,,,1,12,,3569,58,,,1,12,,3570,58,,,1,9,,3571,58,,,1,69,,3572,58,,,1,26,,3573,58,,,1,26,,3574,58,,,1,62,,3575,58,,,1,26,,3576,58,,,1,66,,3577,58,,,1,26,,3578,58,,,1,23,,3579,58,,,1,64,,3580,58,,,1,22,,3581,58,,,1,63,,3582,58,,,1,23,,3583,58,,,1
2400,'2',826,,3602,58,,,1,74,,3584,58,,,1,34,,3585,58,,,1,75,,3586,58,,,1,33,,3587,58,,,1,76,,3588,58,,,1,34,,3589,58,,,1,83,,3601,58,,,1,77,,3590,58,,,1,37,,3591,58,,,1,77,,3592,58,,,1,77,,3593,58,,,1,38,,3594,58,,,1,76,,3595,58,,,1,37,,3596,58,,,1,77,,3597,58,,,1,77,,3598,58,,,1,38,,3599,58,,,1,75,,3600,58,,,1,35,,3612,58,,,1,71,,3611,58,,,1,74,,3603,58,,,1,34,,3604,58,,,1,74,,3605,58,,,1,34,,3606,58,,,1,74,,3607,58,,,1,34,,3608,58,,,1,74,,3609,58,,,1,34,,3610,58,,,1
2400,'3',757,,3614,58,,,1,72,,3613,58,,,1,76,,3624,58,,,1,34,,3623,58,,,1,74,,3615,58,,,1,34,,3616,58,,,1,74,,3617,58,,,1,34,,3618,58,,,1,74,,3619,58,,,1,74,,3620,58,,,1,34,,3621,58,,,1,74,,3622,58,,,1,37,,3626,58,,,1,79,,3625,58,,,1,76,,3628,58,,,1,37,,3629,58,,,1,77,,3630,58,,,1,37,,3627,58,,,1,77,,3631,58,,,1,77,,3632,58,,,1,33,,3638,58,,,1,74,,3633,58,,,1,36,,3634,58,,,1,75,,3635,58,,,1,75,,3636,58,,,1,35,,3637,58,,,1
2400,'80',757,,3640,58,,,1,72,,3639,58,,,1,76,,3650,58,,,1,34,,3649,58,,,1,74,,3641,58,,,1,34,,3642,58,,,1,74,,3643,58,,,1,34,,3644,58,,,1,74,,3645,58,,,1,74,,3646,58,,,1,34,,3647,58,,,1,74,,3648,58,,,1,37,,3652,58,,,1,79,,3651,58,,,1,76,,3654,58,,,1,37,,3655,58,,,1,77,,3656,58,,,1,37,,3653,58,,,1,77,,3657,58,,,1,77,,3658,58,,,1,33,,3664,58,,,1,74,,3659,58,,,1,36,,3660,58,,,1,75,,3661,58,,,1,75,,3662,58,,,1,35,,3663,58,,,1
2400,'81',757,,3666,58,,,1,72,,3665,58,,,1,76,,3676,58,,,1,34,,3675,58,,,1,74,,3667,58,,,1,34,,3668,58,,,1,74,,3669,58,,,1,34,,3670,58,,,1,74,,3671,58,,,1,74,,3672,58,,,1,34,,3673,58,,,1,74,,3674,58,,,1,37,,3678,58,,,1,79,,3677,58,,,1,76,,3680,58,,,1,37,,3681,58,,,1,77,,3682,58,,,1,37,,3679,58,,,1,77,,3683,58,,,1,77,,3684,58,,,1,33,,3690,58,,,1,74,,3685,58,,,1,36,,3686,58,,,1,75,,3687,58,,,1,75,,3688,58,,,1,35,,3689,58,,,1
8001,'1',521,,5189,3,,,1,29,,5188,3,,,1,62,,5190,3,,,1,29,,5191,3,,,1,69,,5192,3,,,1,29,,5193,3,,,1,72,,5194,3,,,1,29,,5195,3,,,1,69,,5196,3,,,1,23,,5197,3,,,1,69,,5187,3,,,1,50,,5204,3,,,1,90,,5205,3,,,1,90,,5206,3,,,1,90,,5207,3,,,1,89,,5208,3,,,1,27,,5215,3,,,1,68,,5209,3,,,1,29,,5210,3,,,1,69,,5211,3,,,1,29,,5212,3,,,1,69,,5213,3,,,1,29,,5214,3,,,1,29,,5198,3,,,1,69,,5199,3,,,1,29,,5200,3,,,1,92,,5186,3,,,1,89,,5201,3,,,1,89,,5202,3,,,1,89,,5203,3,,,1,89,,5185,3,,,1
8001,'2',630,,5216,3,,,1,86,,5217,3,,,1,86,,5218,3,,,1,98,,5219,3,,,1,59,,5220,3,,,1,98,,5221,3,,,1,98,,5222,3,,,1,98,,5223,3,,,1,98,,5224,3,,,1,98,,5225,3,,,1,98,,5226,3,,,1,98,,5227,3,,,1,98,,5228,3,,,1,98,,5229,3,,,1,93,,5230,3,,,1,93,,5231,3,,,1
8001,'3',857,,5233,3,,,1,85,,5234,3,,,1,85,,5235,3,,,1,85,,5236,3,,,1,45,,5237,3,,,1,85,,5232,3,,,1,85,,5238,3,,,1,85,,5239,3,,,1,45,,5240,3,,,1,85,,5241,3,,,1,85,,5242,3,,,1,85,,5243,3,,,1,45,,5244,3,,,1,85,,5245,3,,,1,85,,5246,3,,,1,85,,5247,3,,,1,45,,5248,3,,,1
8001,'80',857,,5250,3,,,1,85,,5251,3,,,1,85,,5252,3,,,1,85,,5253,3,,,1,45,,5254,3,,,1,85,,5249,3,,,1,85,,5255,3,,,1,85,,5256,3,,,1,45,,5257,3,,,1,85,,5258,3,,,1,85,,5259,3,,,1,85,,5260,3,,,1,45,,5261,3,,,1,85,,5262,3,,,1,85,,5263,3,,,1,85,,5264,3,,,1,45,,5265,3,,,1
8001,'81',857,,5267,3,,,1,85,,5268,3,,,1,85,,5269,3,,,1,85,,5270,3,,,1,45,,5271,3,,,1,85,,5266,3,,,1,85,,5272,3,,,1,85,,5273,3,,,1,45,,5274,3,,,1,85,,5275,3,,,1,85,,5276,3,,,1,85,,5277,3,,,1,45,,5278,3,,,1,85,,5279,3,,,1,85,,5280,3,,,1,85,,5281,3,,,1,45,,5282,3,,,1
41800,'24612.1',727,,9237,6,,,1,1,,9238,6,,,1
41801,'24612.1',1525,,9239,30,,,1,1,,9240,30,,,1
45200,'24612.1',859,,9291,19,,,1
45201,'24612.1',1613,,9292,23,4,,1
