8100,'1',517,,29504,5,,,1,31,,29506,5,,,1,71,,29508,5,,,1,32,,29509,5,,,1,74,,29507,5,,,1,34,,29510,5,,,1,86,,29505,5,,,1
8101,'1',1507,,29518,5,,,1,40,,29517,5,,,1,81,,29516,5,,,1,79,,29515,5,,,1,39,,29514,5,,,1,77,,29513,5,,,1,36,,29512,5,,,1,79,,29511,5,,,1
9800,'1',605,,31445,5,,,1,35,,31444,5,,,1,72,,31443,5,,,1,35,,31442,5,,,1,75,,31441,5,,,1,35,,31440,5,,,1,98,,31436,5,,,1,98,,31433,5,,,1,94,,31438,5,,,1,98,,31437,5,,,1,80,,31425,5,,,1,76,,31435,5,,,1,40,,31434,5,,,1,80,,31432,5,,,1,80,,31431,5,,,1,40,,31430,5,,,1,87,,31429,5,,,1,80,,31428,5,,,1,95,,31427,5,,,1,51,,31426,5,,,1,91,,31439,5,,,1
9800,'2',606,,31463,5,,,1,46,,31462,5,,,1,84,,31461,5,,,1,94,,31460,5,,,1,91,,31459,5,,,1,89,,31458,5,,,1,94,,31457,5,,,1,98,,31456,5,,,1,98,,31455,5,,,1,56,,31454,5,,,1,98,,31453,5,,,1,98,,31452,5,,,1,101,,31451,5,,,1,103,,31450,5,,,1,89,,31449,5,,,1,93,,31448,5,,,1,89,,31447,5,,,1,85,,31446,5,,,1
9800,'3',751,,31479,5,,,1,88,,31478,5,,,1,88,,31477,5,,,1,90,,31476,5,,,1,93,,31475,5,,,1,48,,31474,5,,,1,93,,31473,5,,,1,93,,31472,5,,,1,93,,31471,5,,,1,93,,31470,5,,,1,93,,31469,5,,,1,99,,31468,5,,,1,88,,31467,5,,,1,92,,31466,5,,,1,47,,31465,5,,,1,88,,31464,5,,,1
9800,'74',606,,31497,5,,,1,46,,31496,5,,,1,84,,31495,5,,,1,94,,31494,5,,,1,91,,31493,5,,,1,89,,31492,5,,,1,94,,31491,5,,,1,98,,31490,5,,,1,98,,31489,5,,,1,56,,31488,5,,,1,98,,31487,5,,,1,98,,31486,5,,,1,101,,31485,5,,,1,103,,31484,5,,,1,89,,31483,5,,,1,93,,31482,5,,,1,89,,31481,5,,,1,85,,31480,5,,,1
9800,'80',751,,31513,5,,,1,88,,31512,5,,,1,88,,31511,5,,,1,90,,31510,5,,,1,93,,31509,5,,,1,48,,31508,5,,,1,93,,31507,5,,,1,93,,31506,5,,,1,93,,31505,5,,,1,93,,31504,5,,,1,93,,31503,5,,,1,99,,31502,5,,,1,88,,31501,5,,,1,92,,31500,5,,,1,47,,31499,5,,,1,88,,31498,5,,,1
989900,'1',2111,,36830,48,,,1,34,,36831,48,,,1,78,,36832,48,,,1,78,,36833,48,,,1,35,,36834,48,,,1,72,,36835,48,,,1,35,,36836,48,,,1,75,,36837,48,,,1,36,,36838,48,0,5 6,1,75,,36839,48,0,5 6,1,79,,36840,48,0,5 6,1
989900,'2',2115,,36841,48,,,1,94,,36842,48,,,1,47,,36843,48,,,1,92,,36844,48,,,1,86,,36845,48,,,1,86,,36846,48,,,1,84,,36847,48,0,5 6,1,46,,36848,48,0,5 6,1,86,,36849,48,0,5 6,1
989900,'3',2132,,36850,48,,,1,90,,36851,48,,,1,85,,36852,48,,,1,50,,36853,48,,,1,80,,36854,48,,,1,83,,36855,48,,,1,39,,36856,48,0,5 6,1,83,,36857,48,0,5 6,1,83,,36858,48,0,5 6,1
989900,'74',2115,,36859,48,,,1,94,,36860,48,,,1,47,,36861,48,,,1,92,,36862,48,,,1,86,,36863,48,,,1,86,,36864,48,,,1,84,,36865,48,0,5 6,1,46,,36866,48,0,5 6,1,86,,36867,48,0,5 6,1
989900,'80',2132,,36868,48,,,1,90,,36869,48,,,1,85,,36870,48,,,1,50,,36871,48,,,1,80,,36872,48,,,1,83,,36873,48,,,1,39,,36874,48,0,5 6,1,83,,36875,48,0,5 6,1,83,,36876,48,0,5 6,1
