9601,'1',535,,6986,77,,,1,72,,6987,77,,,1,29,,6988,77,,,1,70,,6989,77,,,1,42,,6990,77,,,1,76,,6991,77,,,1,78,,6992,77,,,1,27,,6993,77,,,1,72,,6994,77,,,1,31,,6995,77,,,1,79,,6996,77,,,1,38,,6997,73,,,1,83,,6998,73,,,1,75,,6999,73,,,1,32,,7000,73,,,1,86,,7001,73,,,1,82,,7002,73,,,1,22,,7021,73,,,1,17,,7003,73,,,1,72,,7004,73,,,1,27,,7005,73,,,1,71,,7006,77,,,1,27,,7007,77,,,1,64,,7008,77,,,1,22,,7009,77,,,1,17,,7010,77,,,1,65,,7011,77,,,1,25,,7012,77,,,1,65,,7013,77,,,1,21,,7014,73,,,1,25,,7015,73,,,1,67,,7016,73,,,1,30,,7017,73,,,1,70,,7018,73,,,1,30,,7019,73,,,1,64,,7020,73,,,1
9601,'2',900,,7022,73,,,1,59,,7023,73,,,1,142,,7024,73,,,1,99,,7025,73,,,1,59,,7026,73,,,1,96,,7027,73,,,1,99,,7028,73,,,1,99,,7029,73,,,1,99,,7030,73,,,1,99,,7031,73,,,1,88,,7032,73,,,1,89,,7033,73,,,1,97,,7034,73,,,1
9601,'3',1000,,7035,73,,,1,54,,7036,73,,,1,94,,7037,73,,,1,94,,7038,73,,,1,94,,7039,73,,,1,94,,7040,73,,,1,96,,7041,73,,,1,94,,7042,73,,,1,87,,7043,73,,,1,94,,7044,73,,,1,52,,7045,73,,,1,94,,7046,73,,,1
9601,'80',1000,,7047,73,,,1,54,,7048,73,,,1,94,,7049,73,,,1,94,,7050,73,,,1,94,,7051,73,,,1,94,,7052,73,,,1,96,,7053,73,,,1,94,,7054,73,,,1,87,,7055,73,,,1,94,,7056,73,,,1,52,,7057,73,,,1,94,,7058,73,,,1
9601,'81',1000,,7059,73,,,1,54,,7060,73,,,1,94,,7061,73,,,1,94,,7062,73,,,1,94,,7063,73,,,1,94,,7064,73,,,1,96,,7065,73,,,1,94,,7066,73,,,1,87,,7067,73,,,1,94,,7068,73,,,1,52,,7069,73,,,1,94,,7070,73,,,1
10701,'1',528,,8063,20,,,1,24,,8062,20,,,1,68,,8061,20,,,1,24,,8060,20,,,1,64,,8059,20,,,1,18,,8058,20,,,1,20,,8057,20,,,1,12,,8056,20,,,1,61,,8055,20,,,1,16,,8054,20,,,1,16,,8053,20,,,1,50,,8052,20,,,1,43,,8039,20,,,1,80,,8047,20,,,1,82,,8045,20,,,1,42,,8044,20,,,1,82,,8043,20,,,1,87,,8042,20,,,1,42,,8041,20,,,1,68,,8051,20,,,1,14,,8040,20,,,1,63,,8038,20,,,1,19,,8037,20,,,1,18,,8036,20,,,1,18,,8035,20,,,1,62,,8034,20,,,1,18,,8033,20,,,1,18,,8032,20,,,1,63,,8031,20,,,1,18,,8030,20,,,1,18,,8029,20,,,1,55,,8028,20,,,1,17,,8027,20,,,1,18,,8026,20,,,1,66,,8025,20,,,1,18,,8023,20,,,1,78,,8046,20,,,1,41,,8024,20,,,1,75,,8073,20,,,1,78,,8072,20,,,1,32,,8071,20,,,1,74,,8070,20,,,1,34,,8069,20,,,1,74,,8068,20,,,1,34,,8067,20,,,1,74,,8066,20,,,1,34,,8065,20,,,1,74,,8064,20,,,1
10701,'2',703,,8100,20,,,1,39,,8101,20,,,1,77,,8102,20,,,1,37,,8103,20,,,1,77,,8104,20,,,1,77,,8105,20,,,1,37,,8106,20,,,1,77,,8107,20,,,1,77,,8108,20,,,1,37,,8109,20,,,1,76,,8077,20,,,1,37,,8078,20,,,1,76,,8080,20,,,1,77,,8081,20,,,1,37,,8082,20,,,1,77,,8083,20,,,1,35,,8084,20,,,1,77,,8085,20,,,1,77,,8086,20,,,1,37,,8087,20,,,1,77,,8088,20,,,1,37,,8089,20,,,1,77,,8090,20,,,1,77,,8091,20,,,1,37,,8092,20,,,1,77,,8079,20,,,1,77,,8093,20,,,1,37,,8094,20,,,1,77,,8095,20,,,1,37,,8096,20,,,1,76,,8076,20,,,1,75,,8097,20,,,1
10701,'3',742,,8122,20,,,1,77,,8123,20,,,1,34,,8124,20,,,1,77,,8125,20,,,1,78,,8126,20,,,1,37,,8127,20,,,1,77,,8121,20,,,1,37,,8128,20,,,1,77,,8129,20,,,1,77,,8130,20,,,1,37,,8131,20,,,1,77,,8132,20,,,1,75,,8133,20,,,1,37,,8134,20,,,1,77,,8135,20,,,1,37,,8137,20,,,1,77,,8138,20,,,1,77,,8136,20,,,1,37,,8118,20,,,1,77,,8139,20,,,1,37,,8140,20,,,1,77,,8141,20,,,1,77,,8142,20,,,1,37,,8110,20,,,1,77,,8111,20,,,1,77,,8112,20,,,1,37,,8113,20,,,1,77,,8114,20,,,1,36,,8115,20,,,1,77,,8116,20,,,1,77,,8117,20,,,1
10701,'80',742,,8155,20,,,1,77,,8156,20,,,1,34,,8157,20,,,1,77,,8158,20,,,1,78,,8159,20,,,1,37,,8160,20,,,1,77,,8154,20,,,1,37,,8161,20,,,1,77,,8162,20,,,1,77,,8163,20,,,1,37,,8164,20,,,1,77,,8165,20,,,1,75,,8166,20,,,1,37,,8167,20,,,1,77,,8168,20,,,1,37,,8170,20,,,1,77,,8171,20,,,1,77,,8169,20,,,1,37,,8151,20,,,1,77,,8172,20,,,1,37,,8173,20,,,1,77,,8174,20,,,1,77,,8175,20,,,1,37,,8143,20,,,1,77,,8144,20,,,1,77,,8145,20,,,1,37,,8146,20,,,1,77,,8147,20,,,1,36,,8148,20,,,1,77,,8149,20,,,1,77,,8150,20,,,1
10701,'81',742,,8188,20,,,1,77,,8189,20,,,1,34,,8190,20,,,1,77,,8191,20,,,1,78,,8192,20,,,1,37,,8193,20,,,1,77,,8187,20,,,1,37,,8194,20,,,1,77,,8195,20,,,1,77,,8196,20,,,1,37,,8197,20,,,1,77,,8198,20,,,1,75,,8199,20,,,1,37,,8200,20,,,1,77,,8201,20,,,1,37,,8203,20,,,1,77,,8204,20,,,1,77,,8202,20,,,1,37,,8184,20,,,1,77,,8205,20,,,1,37,,8206,20,,,1,77,,8207,20,,,1,77,,8208,20,,,1,37,,8176,20,,,1,77,,8177,20,,,1,77,,8178,20,,,1,37,,8179,20,,,1,77,,8180,20,,,1,36,,8181,20,,,1,77,,8182,20,,,1,77,,8183,20,,,1
