9801,'1',540,,7165,47,,,1,75,,7164,47,,,1,38,,7163,47,,,1,75,,7162,47,,,1,76,,7161,47,,,1,35,,7160,47,,,1,75,,7159,47,,,1,35,,7158,47,,,1,75,,7171,47,,,1,101,,7170,47,,,1,98,,7169,47,,,1,98,,7168,47,,,1,101,,7167,47,,,1,80,,7166,47,,,1,40,,7181,47,,,1,80,,7180,47,,,1,80,,7179,47,,,1,40,,7178,47,,,1,80,,7177,47,,,1,37,,7176,47,,,1,78,,7175,47,,,1,91,,7174,47,,,1,86,,7173,47,,,1,88,,7172,47,,,1
9801,'2',547,,7200,47,,,1,86,,7199,47,,,1,86,,7198,47,,,1,86,,7197,47,,,1,48,,7196,47,,,1,97,,7195,47,,,1,94,,7194,47,,,1,98,,7193,47,,,1,94,,7192,47,,,1,102,,7191,47,,,1,98,,7190,47,,,1,98,,7189,47,,,1,95,,7188,47,,,1,98,,7187,47,,,1,98,,7186,47,,,1,94,,7185,47,,,1,85,,7184,47,,,1,49,,7183,47,,,1,87,,7182,47,,,1
9801,'3',730,,7217,47,,,1,88,,7218,47,,,1,90,,7216,47,,,1,48,,7215,47,,,1,88,,7214,47,,,1,96,,7213,47,,,1,93,,7212,47,,,1,93,,7211,47,,,1,95,,7210,47,,,1,93,,7209,47,,,1,93,,7208,47,,,1,93,,7207,47,,,1,53,,7206,47,,,1,90,,7205,47,,,1,85,,7204,47,,,1,86,,7203,47,,,1,87,,7202,47,,,1,48,,7201,47,,,1
9801,'80',730,,7235,47,,,1,88,,7236,47,,,1,90,,7234,47,,,1,48,,7233,47,,,1,88,,7232,47,,,1,96,,7231,47,,,1,93,,7230,47,,,1,93,,7229,47,,,1,95,,7228,47,,,1,93,,7227,47,,,1,93,,7226,47,,,1,93,,7225,47,,,1,53,,7224,47,,,1,90,,7223,47,,,1,85,,7222,47,,,1,86,,7221,47,,,1,87,,7220,47,,,1,48,,7219,47,,,1
9801,'81',730,,7253,47,,,1,88,,7254,47,,,1,90,,7252,47,,,1,48,,7251,47,,,1,88,,7250,47,,,1,96,,7249,47,,,1,93,,7248,47,,,1,93,,7247,47,,,1,95,,7246,47,,,1,93,,7245,47,,,1,93,,7244,47,,,1,93,,7243,47,,,1,53,,7242,47,,,1,90,,7241,47,,,1,85,,7240,47,,,1,86,,7239,47,,,1,87,,7238,47,,,1,48,,7237,47,,,1
989901,'1',2219,,11627,47,,,1,31,,11628,47,,,1,78,,11629,47,,,1,76,,11630,47,,,1,35,,11631,47,,,1,71,,11632,47,,,1,35,,11633,47,,,1,75,,11634,47,,,1
989901,'2',2225,,11635,47,,,1,91,,11636,47,,,1,43,,11637,47,,,1,91,,11640,47,,,1,85,,11638,47,,,1,86,,11639,47,,,1
989901,'3',2237,,11641,47,,,1,88,,11642,47,,,1,83,,11643,47,,,1,49,,11644,47,,,1,79,,11645,47,,,1,83,,11646,47,,,1
989901,'80',2237,,11647,47,,,1,88,,11648,47,,,1,83,,11649,47,,,1,49,,11650,47,,,1,79,,11651,47,,,1,83,,11652,47,,,1
989901,'81',2237,,11653,47,,,1,88,,11654,47,,,1,83,,11655,47,,,1,49,,11656,47,,,1,79,,11657,47,,,1,83,,11658,47,,,1
