8500,'1',540,,5396,2,,,1,16,,5397,2,,,1,56,,5398,2,,,1,16,,5399,2,,,1,16,,5400,2,,,1,56,,5401,2,,,1,16,,5402,2,,,1,16,,5403,2,,,1,16,,5404,2,,,1,56,,5405,2,,,1,16,,5406,2,,,1,16,,5407,2,,,1,16,,5408,2,,,1,65,,5409,2,,,1,25,,5410,2,,,1,65,,5411,2,,,1,25,,5412,2,,,1,25,,5413,2,,,1,65,,5414,2,,,1,25,,5415,2,,,1,65,,5416,2,,,1,25,,5417,2,,,1,65,,5418,2,,,1,25,,5419,2,,,1,20,,5420,2,,,1
8500,'2',630,,5476,2,,,1,70,,5477,2,,,1,30,,5478,2,,,1,28,,5479,2,,,1,70,,5480,2,,,1,30,,5481,2,,,1,70,,5482,2,,,1,72,,5483,2,,,1,30,,5484,2,,,1,71,,5448,2,,,1,22,,5449,2,,,1,23,,5450,2,,,1,63,,5451,2,,,1,23,,5452,2,,,1,23,,5453,2,,,1,63,,5454,2,,,1,23,,5455,2,,,1,63,,5456,2,,,1,23,,5457,2,,,1,23,,5458,2,,,1,63,,5459,2,,,1,23,,5460,2,,,1,23,,5461,2,,,1,63,,5462,2,,,1,21,,5463,2,,,1,65,,5464,2,,,1,17,,5465,2,,,1,21,,5466,2,,,1,61,,5467,2,,,1,21,,5468,2,,,1,21,,5469,2,,,1,61,,5470,2,,,1,21,,5471,2,,,1,21,,5472,2,,,1,61,,5473,2,,,1,21,,5474,2,,,1,21,,5475,2,,,1,70,,5485,2,,,1,30,,5486,2,,,1,70,,5487,2,,,1
8500,'3',919,,5488,2,,,1,40,,5489,2,,,1,80,,5490,2,,,1,80,,5491,2,,,1,91,,5492,2,,,1,43,,5493,2,,,1,83,,5494,2,,,1,83,,5495,2,,,1,82,,5496,2,,,1,43,,5497,2,,,1,83,,5498,2,,,1,74,,5499,2,,,1,41,,5500,2,,,1,85,,5501,2,,,1,77,,5502,2,,,1,41,,5503,2,,,1,81,,5504,2,,,1
8500,'80',919,,5507,2,,,1,40,,5508,2,,,1,80,,5509,2,,,1,80,,5510,2,,,1,91,,5511,2,,,1,43,,5512,2,,,1,83,,5513,2,,,1,83,,5514,2,,,1,82,,5515,2,,,1,43,,5516,2,,,1,83,,5517,2,,,1,74,,5518,2,,,1,41,,5519,2,,,1,85,,5520,2,,,1,77,,5521,2,,,1,41,,5522,2,,,1,81,,5523,2,,,1
8500,'81',919,,5526,2,,,1,40,,5527,2,,,1,80,,5528,2,,,1,80,,5529,2,,,1,91,,5530,2,,,1,43,,5531,2,,,1,83,,5532,2,,,1,83,,5533,2,,,1,82,,5534,2,,,1,43,,5535,2,,,1,83,,5536,2,,,1,74,,5537,2,,,1,41,,5538,2,,,1,85,,5539,2,,,1,77,,5540,2,,,1,41,,5541,2,,,1,81,,5542,2,,,1
8501,'1',1354,,5566,53,,,1,65,,5570,53,,,1,25,,5571,53,,,1,66,,5572,53,,,1,16,,5599,53,,,1,16,,5600,53,,,1,16,,5589,53,,,1,56,,5588,53,,,1,16,,5587,53,,,1,70,,5586,53,,,1,24,,5585,53,,,1,16,,5573,53,,,1,19,,5574,53,,,1,53,,5575,53,,,1,7,,5576,53,,,1,16,,5577,53,,,1,11,,5578,53,,,1,59,,5579,53,,,1,13,,5580,53,,,1,16,,5581,53,,,1,16,,5582,53,,,1,55,,5583,53,,,1,14,,5584,53,,,1,32,,5592,53,,,1,63,,5591,53,,,1,25,,5590,53,,,1,62,,5596,53,,,1,29,,5595,53,,,1,70,,5593,53,,,1,32,,5594,53,,,1
8501,'2',2245,,5639,53,,,1,70,,5640,53,,,1
8501,'3',2100,,5641,53,,,1,41,,5642,53,,,1
8501,'80',2100,,5660,53,,,1,41,,5661,53,,,1
8501,'81',2100,,5679,53,,,1,41,,5680,53,,,1
46100,'24612.1',729,,9294,18,,,1
