100,'1',352,,3,14,,,1,78,,2,14,,,1,71,,1,14,,,1,43,,29,29,,,1,78,,28,29,,,1,37,,26,29,,,1,78,,27,29,,,1,74,,25,29,,,1,35,,24,29,,,1,75,,23,29,,,1,109,,22,29,,,1,113,,21,29,,,1,112,,20,29,,,1,155,,19,29,,,1,47,,30,29,,,1,80,,18,29,,,1,71,,17,29,,,1,37,,16,29,,,1,71,,15,29,,,1,34,,14,29,,,1,74,,13,29,,,1,28,,12,29,,,1,66,,11,29,,,1,98,,10,29,,,1,103,,9,29,,,1,100,,8,29,,,1,93,,7,29,,,1,96,,6,29,,,1,49,,5,29,,,1,95,,4,29,,,1
100,'2',552,,53,14,,,1,97,,31,29,,,1,103,,32,29,,,1,107,,33,29,,,1,143,,34,29,,,1,109,,35,29,,,1,95,,36,29,,,1,47,,37,29,,,1,103,,38,29,,,1,92,,39,29,,,1,92,,40,29,,,1,92,,41,29,,,1,86,,42,29,,,1,92,,43,29,,,1,91,,44,29,,,1,44,,45,29,,,1,92,,46,29,,,1,91,,47,29,,,1,97,,48,29,,,1,97,,49,29,,,1,94,,50,29,,,1,93,,51,29,,,1,97,,52,29,,,1
100,'3',743,,69,14,,,1,92,,54,29,,,1,117,,55,29,,,1,155,,56,29,,,1,114,,57,29,,,1,115,,58,29,,,1,112,,59,29,,,1,107,,60,29,,,1,152,,61,29,,,1,111,,62,29,,,1,109,,63,29,,,1,97,,64,29,,,1,99,,65,29,,,1,99,,66,29,,,1,95,,67,29,,,1,99,,68,29,,,1
100,'80',743,,85,14,,,1,92,,70,29,,,1,117,,71,29,,,1,155,,72,29,,,1,114,,73,29,,,1,115,,74,29,,,1,112,,75,29,,,1,107,,76,29,,,1,152,,77,29,,,1,111,,78,29,,,1,109,,79,29,,,1,97,,80,29,,,1,99,,81,29,,,1,99,,82,29,,,1,95,,83,29,,,1,99,,84,29,,,1
100,'81',743,,101,14,,,1,92,,86,29,,,1,117,,87,29,,,1,155,,88,29,,,1,114,,89,29,,,1,115,,90,29,,,1,112,,91,29,,,1,107,,92,29,,,1,152,,93,29,,,1,111,,94,29,,,1,109,,95,29,,,1,97,,96,29,,,1,99,,97,29,,,1,99,,98,29,,,1,95,,99,29,,,1,99,,100,29,,,1
60300,'1',511,,9994,16,,,1,20,,9995,16,,,1,21,,9996,16,,,1,61,,9997,16,,,1,23,,9998,16,,,1,18,,9999,16,,,1,63,,10000,16,,,1,18,,10001,16,,,1,18,,10002,16,,,1,60,,10003,16,,,1,18,,10004,16,,,1,18,,10005,16,,,1,58,,10006,16,,,1,18,,10007,16,,,1,19,,10008,16,,,1,62,,10009,16,,,1,22,,10010,16,,,1,22,,10011,16,,,1,64,,10012,16,,,1,22,,10013,16,,,1,22,,10014,16,,,1,62,,10015,16,,,1,22,,10016,16,,,1,62,,10017,16,,,1,23,,10018,16,,,1,22,,10019,16,,,1,62,,10020,16,,,1,22,,10021,16,,,1,22,,10022,16,,,1,60,,10023,16,,,1,16,,10024,16,,,1,16,,10025,16,,,1,56,,10026,16,,,1,16,,10027,16,,,1,16,,10028,16,,,1,16,,10029,16,,,1,56,,10030,16,,,1,16,,10031,16,,,1,16,,10032,16,,,1,16,,10033,16,,,1,54,,10034,16,,,1,16,,10035,16,,,1,13,,10036,16,,,1,16,,10037,16,,,1,56,,10038,16,,,1,14,,10039,16,,,1,30,,10040,16,,,1,70,,10041,16,,,1,30,,10042,16,,,1,69,,10043,16,,,1,27,,10044,16,,,1,70,,10045,16,,,1,81,,10046,16,,,1,39,,10047,16,,,1,82,,10048,16,,,1,87,,10049,16,,,1
60300,'2',542,,10050,16,,,1,82,,10051,16,,,1,80,,10052,16,,,1,41,,10053,16,,,1,80,,10054,16,,,1,83,,10055,16,,,1,45,,10056,16,,,1,81,,10057,16,,,1,77,,10058,16,,,1,38,,10059,16,,,1,82,,10060,16,,,1,74,,10061,16,,,1,38,,10062,16,,,1,78,,10063,16,,,1,38,,10064,16,,,1,79,,10065,16,,,1,78,,10066,16,,,1,38,,10067,16,,,1,75,,10068,16,,,1,80,,10069,16,,,1,35,,10070,16,,,1,78,,10071,16,,,1,37,,10072,16,,,1,80,,10073,16,,,1,80,,10074,16,,,1,38,,10075,16,,,1,86,,10076,16,,,1,89,,10077,16,,,1,92,,10078,16,,,1
60300,'3',726,,10079,16,,,1,76,,10080,16,,,1,38,,10081,16,,,1,77,,10082,16,,,1,42,,10083,16,,,1,85,,10084,16,,,1,85,,10085,16,,,1,82,,10086,16,,,1,41,,10087,16,,,1,82,,10088,16,,,1,82,,10089,16,,,1,84,,10090,16,,,1,39,,10091,16,,,1,76,,10092,16,,,1,36,,10093,16,,,1,76,,10094,16,,,1,74,,10095,16,,,1,36,,10096,16,,,1,73,,10097,16,,,1,36,,10098,16,,,1,74,,10099,16,,,1,36,,10100,16,,,1,91,,10101,16,,,1,105,,10102,16,,,1,103,,10103,16,,,1,146,,10104,16,,,1
60300,'80',726,,10105,16,,,1,76,,10106,16,,,1,38,,10107,16,,,1,77,,10108,16,,,1,42,,10109,16,,,1,85,,10110,16,,,1,85,,10111,16,,,1,82,,10112,16,,,1,41,,10113,16,,,1,82,,10114,16,,,1,82,,10115,16,,,1,84,,10116,16,,,1,39,,10117,16,,,1,76,,10118,16,,,1,36,,10119,16,,,1,76,,10120,16,,,1,74,,10121,16,,,1,36,,10122,16,,,1,73,,10123,16,,,1,36,,10124,16,,,1,74,,10125,16,,,1,36,,10126,16,,,1,91,,10127,16,,,1,105,,10128,16,,,1,103,,10129,16,,,1,146,,10130,16,,,1
60300,'81',726,,10131,16,,,1,76,,10132,16,,,1,38,,10133,16,,,1,77,,10134,16,,,1,42,,10135,16,,,1,85,,10136,16,,,1,85,,10137,16,,,1,82,,10138,16,,,1,41,,10139,16,,,1,82,,10140,16,,,1,82,,10141,16,,,1,84,,10142,16,,,1,39,,10143,16,,,1,76,,10144,16,,,1,36,,10145,16,,,1,76,,10146,16,,,1,74,,10147,16,,,1,36,,10148,16,,,1,73,,10149,16,,,1,36,,10150,16,,,1,74,,10151,16,,,1,36,,10152,16,,,1,91,,10153,16,,,1,105,,10154,16,,,1,103,,10155,16,,,1,146,,10156,16,,,1
6030100,'1',528,,12194,16,,,1,20,,12195,16,,,1,62,,12196,16,,,1,24,,12197,16,,,1,18,,12198,16,,,1,58,,12199,16,,,1,21,,12200,16,,,1,18,,12201,16,,,1,62,,12202,16,,,1,18,,12203,16,,,1,18,,12204,16,,,1,58,,12205,16,,,1,18,,12206,16,,,1,16,,12207,16,,,1,62,,12208,16,,,1,22,,12209,16,,,1,22,,12210,16,,,1,62,,12211,16,,,1,22,,12212,16,,,1,22,,12213,16,,,1,62,,12214,16,,,1,22,,12215,16,,,1,22,,12216,16,,,1,64,,12217,16,,,1,22,,12218,16,,,1,62,,12219,16,,,1,22,,12220,16,,,1,22,,12221,16,,,1,62,,12222,16,,,1,16,,12223,16,,,1,16,,12224,16,,,1,16,,12225,16,,,1,56,,12226,16,,,1,16,,12227,16,,,1,16,,12228,16,,,1,56,,12229,16,,,1,16,,12230,16,,,1,16,,12231,16,,,1,18,,12232,16,,,1,56,,12233,16,,,1,16,,12234,16,,,1,16,,12235,16,,,1,10,,12236,16,,,1,56,,12237,16,,,1,15,,12238,16,,,1,23,,12239,16,,,1,70,,12240,16,,,1,30,,12241,16,,,1,70,,12242,16,,,1,27,,12243,16,,,1,70,,12244,16,,,1,36,,12245,16,,,1,81,,12246,16,,,1,79,,12247,16,,,1,42,,12248,16,,,1
6030100,'2',526,,12249,16,,,1,80,,12250,16,,,1,45,,12251,16,,,1,82,,12252,16,,,1,80,,12253,16,,,1,40,,12254,16,,,1,81,,12255,16,,,1,80,,12256,16,,,1,44,,12257,16,,,1,78,,12258,16,,,1,78,,12259,16,,,1,38,,12260,16,,,1,76,,12261,16,,,1,78,,12262,16,,,1,40,,12263,16,,,1,78,,12264,16,,,1,78,,12265,16,,,1,38,,12266,16,,,1,78,,12267,16,,,1,38,,12268,16,,,1,78,,12269,16,,,1,78,,12270,16,,,1,34,,12271,16,,,1,79,,12272,16,,,1,81,,12273,16,,,1,40,,12274,16,,,1,79,,12275,16,,,1,92,,12276,16,,,1,87,,12277,16,,,1,52,,12278,16,,,1
6030100,'3',714,,12279,16,,,1,36,,12280,16,,,1,77,,12281,16,,,1,76,,12282,16,,,1,39,,12283,16,,,1,88,,12284,16,,,1,82,,12285,16,,,1,42,,12286,16,,,1,84,,12287,16,,,1,83,,12288,16,,,1,79,,12289,16,,,1,44,,12290,16,,,1,82,,12291,16,,,1,76,,12292,16,,,1,36,,12293,16,,,1,76,,12294,16,,,1,35,,12295,16,,,1,76,,12296,16,,,1,76,,12297,16,,,1,33,,12298,16,,,1,76,,12299,16,,,1,36,,12300,16,,,1,74,,12301,16,,,1,105,,12302,16,,,1,103,,12303,16,,,1,104,,12304,16,,,1
6030100,'80',714,,12305,16,,,1,36,,12306,16,,,1,77,,12307,16,,,1,76,,12308,16,,,1,39,,12309,16,,,1,88,,12310,16,,,1,82,,12311,16,,,1,42,,12312,16,,,1,84,,12313,16,,,1,83,,12314,16,,,1,79,,12315,16,,,1,44,,12316,16,,,1,82,,12317,16,,,1,76,,12318,16,,,1,36,,12319,16,,,1,76,,12320,16,,,1,35,,12321,16,,,1,76,,12322,16,,,1,76,,12323,16,,,1,33,,12324,16,,,1,76,,12325,16,,,1,36,,12326,16,,,1,74,,12327,16,,,1,105,,12328,16,,,1,103,,12329,16,,,1,104,,12330,16,,,1
6030100,'81',714,,12331,16,,,1,36,,12332,16,,,1,77,,12333,16,,,1,76,,12334,16,,,1,39,,12335,16,,,1,88,,12336,16,,,1,82,,12337,16,,,1,42,,12338,16,,,1,84,,12339,16,,,1,83,,12340,16,,,1,79,,12341,16,,,1,44,,12342,16,,,1,82,,12343,16,,,1,76,,12344,16,,,1,36,,12345,16,,,1,76,,12346,16,,,1,35,,12347,16,,,1,76,,12348,16,,,1,76,,12349,16,,,1,33,,12350,16,,,1,76,,12351,16,,,1,36,,12352,16,,,1,74,,12353,16,,,1,105,,12354,16,,,1,103,,12355,16,,,1,104,,12356,16,,,1
