800,'1',527,,1703,,,1,16,,1704,,,1,16,,1756,,,1,50,,1702,,,1,15,,1717,,,1,16,,1705,,,1,16,,1706,,,1,59,,1707,,,1,16,,1708,,,1,16,,1709,,,1,60,,1710,,,1,16,,1711,,,1,16,,1712,,,1,16,,1713,,,1,56,,1714,,,1,16,,1715,,,1,16,,1716,,,1,16,,1728,,,1,68,,1718,,,1,28,,1719,,,1,68,,1720,,,1,28,,1721,,,1,68,,1722,,,1,28,,1723,,,1,68,,1724,,,1,28,,1725,,,1,68,,1726,,,1,24,,1757,,,1,4,,1727,,,1,16,,1751,,,1,56,,1746,,,1,22,,1747,,,1,16,,1748,,,1,56,,1749,,,1,19,,1729,,,1,11,,1750,,,1,16,,1730,,,1,56,,1731,,,1,20,,1732,,,1,16,,1733,,,1,16,,1734,,,1,56,,1735,,,1,16,,1736,,,1,16,,1737,,,1,11,,1738,,,1,56,,1739,,,1,13,,1740,,,1,16,,1741,,,1,16,,1742,,,1,56,,1743,,,1,16,,1744,,,1,22,,1745,,,1,65,,1752,,,1,25,,1753,,,1,65,,1754,,,1,25,,1755,,,1,25,,1758,,,1,65,,1759,,,1,25,,1760,,,1,65,,1761,,,1,25,,1762,,,1
800,'2',833,,1763,,,1,68,,1764,,,1,28,,1765,,,1,28,,1766,,,1,68,,1767,,,1,33,,1768,,,1,68,,1769,,,1,28,,1770,,,1,68,,1771,,,1,28,,1772,,,1,68,,1773,,,1,28,,1774,,,1,68,,1775,,,1,28,,1776,,,1,68,,1777,,,1,28,,1778,,,1,68,,1779,,,1,28,,1780,,,1,68,,1781,,,1,28,,1782,,,1,28,,1783,,,1,68,,1784,,,1,25,,1785,,,1,68,,1786,,,1,28,,1787,,,1,68,,1788,,,1,28,,1789,,,1,68,,1790,,,1,28,,1791,,,1,70,,1792,,,1,30,,1793,,,1,70,,1794,,,1,30,,1795,,,1,70,,1796,,,1,30,,1797,,,1
800,'3',827,,1798,,,1,97,,1799,,,1,27,,1800,,,1,67,,1801,,,1,25,,1802,,,1,67,,1803,,,1,27,,1804,,,1,67,,1805,,,1,27,,1806,,,1,27,,1807,,,1,67,,1808,,,1,30,,1809,,,1,67,,1810,,,1,25,,1811,,,1,67,,1812,,,1,27,,1813,,,1,67,,1814,,,1,27,,1815,,,1,67,,1816,,,1,27,,1817,,,1,27,,1818,,,1,65,,1819,,,1,27,,1820,,,1,67,,1821,,,1,94,,1822,,,1,113,,1823,,,1
800,'80',827,,1824,,,1,97,,1825,,,1,27,,1826,,,1,67,,1827,,,1,25,,1828,,,1,67,,1829,,,1,27,,1830,,,1,67,,1831,,,1,27,,1832,,,1,27,,1833,,,1,67,,1834,,,1,30,,1835,,,1,67,,1836,,,1,25,,1837,,,1,67,,1838,,,1,27,,1839,,,1,67,,1840,,,1,27,,1841,,,1,67,,1842,,,1,27,,1843,,,1,27,,1844,,,1,65,,1845,,,1,27,,1846,,,1,67,,1847,,,1,94,,1848,,,1,113,,1849,,,1
800,'81',827,,1850,,,1,97,,1851,,,1,27,,1852,,,1,67,,1853,,,1,25,,1854,,,1,67,,1855,,,1,27,,1856,,,1,67,,1857,,,1,27,,1858,,,1,27,,1859,,,1,67,,1860,,,1,30,,1861,,,1,67,,1862,,,1,25,,1863,,,1,67,,1864,,,1,27,,1865,,,1,67,,1866,,,1,27,,1867,,,1,67,,1868,,,1,27,,1869,,,1,27,,1870,,,1,65,,1871,,,1,27,,1872,,,1,67,,1873,,,1,94,,1874,,,1,113,,1875,,,1
801,'1',502,,1877,0,19 20,1,15,,1878,0,19 20,1,16,,1876,0,19 20,1,16,,1879,0,19 20,1,56,,1880,0,19 20,1,16,,1881,0,19 20,1,16,,1882,0,19 20,1,16,,1883,0,19 20,1,56,,1884,0,19 20,1,17,,1885,0,19 20,1,16,,1886,0,19 20,1,16,,1887,0,19 20,1,56,,1888,0,19 20,1,16,,1889,,,1,15,,1890,0,19 20,1,68,,1891,0,19 20,1,28,,1892,0,19 20,1,68,,1893,0,19 20,1,28,,1894,0,19 20,1,68,,1895,0,19 20,1,28,,1896,0,19 20,1,68,,1897,0,19 20,1,28,,1898,0,19 20,1,28,,1899,0,19 20,1,68,,1900,0,19 20,1,28,,1901,0,19 20,1,68,,1902,0,19 20,1,20,,1903,0,19 20,1,16,,1904,0,19 20,1,56,,1905,0,19 20,1,16,,1906,0,19 20,1,16,,1907,0,19 20,1,56,,1908,0,19 20,1,16,,1909,0,19 20,1,16,,1910,0,19 20,1,16,,1911,0,19 20,1,56,,1912,0,19 20,1,16,,1913,0,19 20,1,16,,1914,0,19 20,1,16,,1915,0,19 20,1,56,,1916,0,19 20,1,16,,1917,0,19 20,1,16,,1918,0,19 20,1,16,,1919,0,19 20,1,56,,1920,0,19 20,1,16,,1921,,,1,16,,1922,0,19 20,1,65,,1923,0,19 20,1,25,,1928,0,19 20,1,65,,1924,0,19 20,1,25,,1925,0,19 20,1,25,,1926,0,19 20,1,65,,1927,0,19 20,1,25,,1932,0,19 20,1,65,,1933,0,19 20,1,25,,1934,0,19 20,1,25,,1935,,,1
801,'2',724,,1937,0,19 20,1,28,,1936,0,19 20,1,54,,1969,0,19 20,1,33,,1938,0,19 20,1,68,,1939,0,19 20,1,28,,1940,0,19 20,1,68,,1941,0,19 20,1,28,,1942,0,19 20,1,73,,1943,0,19 20,1,28,,1944,0,19 20,1,68,,1945,0,19 20,1,28,,1946,0,19 20,1,28,,1947,0,19 20,1,68,,1948,0,19 20,1,28,,1949,0,19 20,1,68,,1950,0,19 20,1,28,,1951,0,19 20,1,68,,1952,0,19 20,1,28,,1953,0,19 20,1,68,,1954,0,19 20,1,28,,1955,0,19 20,1,68,,1956,0,19 20,1,28,,1957,0,19 20,1,68,,1958,0,19 20,1,28,,1959,0,19 20,1,68,,1960,0,19 20,1,28,,1961,0,19 20,1,28,,1962,0,19 20,1,68,,1963,0,19 20,1,28,,1964,0,19 20,1,68,,1965,0,19 20,1,28,,1966,0,19 20,1,68,,1967,0,19 20,1,29,,1968,0,19 20,1,70,,1970,0,19 20,1,30,,1971,0,19 20,1
801,'3',719,,1972,0,19 20,1,94,,1990,0,19 20,1,20,,1973,0,19 20,1,73,,1991,0,19 20,1,24,,1974,0,19 20,1,27,,1975,0,19 20,1,67,,1976,0,19 20,1,27,,1977,0,19 20,1,67,,1978,0,19 20,1,27,,1979,0,19 20,1,67,,1980,0,19 20,1,27,,1981,0,19 20,1,67,,1982,0,19 20,1,27,,1983,0,19 20,1,68,,1984,0,19 20,1,27,,1985,0,19 20,1,26,,1986,0,19 20,1,67,,1987,0,19 20,1,27,,1988,0,19 20,1,67,,1989,0,19 20,1,27,,1992,0,19 20,1,67,,1993,0,19 20,1,27,,1994,0,19 20,1,67,,1995,0,19 20,1,27,,1996,,,1,27,,1997,0,19 20,1,67,,1998,,,1,91,,1999,0,19 20,1,113,,2000,,,1
801,'80',719,,2001,0,19 20,1,94,,2028,0,19 20,1,20,,2002,0,19 20,1,73,,2029,0,19 20,1,24,,2003,0,19 20,1,27,,2004,0,19 20,1,67,,2005,0,19 20,1,27,,2006,0,19 20,1,67,,2007,0,19 20,1,27,,2008,0,19 20,1,67,,2009,0,19 20,1,27,,2010,0,19 20,1,67,,2011,0,19 20,1,27,,2012,0,19 20,1,68,,2013,0,19 20,1,27,,2014,0,19 20,1,26,,2015,0,19 20,1,67,,2016,0,19 20,1,27,,2017,0,19 20,1,67,,2018,0,19 20,1,27,,2019,0,19 20,1,67,,2020,0,19 20,1,27,,2021,0,19 20,1,67,,2022,0,19 20,1,27,,2023,,,1,27,,2024,0,19 20,1,67,,2025,,,1,91,,2026,0,19 20,1,113,,2027,,,1
801,'81',719,,2030,0,19 20,1,94,,2057,0,19 20,1,20,,2031,0,19 20,1,73,,2058,0,19 20,1,24,,2032,0,19 20,1,27,,2033,0,19 20,1,67,,2034,0,19 20,1,27,,2035,0,19 20,1,67,,2036,0,19 20,1,27,,2037,0,19 20,1,67,,2038,0,19 20,1,27,,2039,0,19 20,1,67,,2040,0,19 20,1,27,,2041,0,19 20,1,68,,2042,0,19 20,1,27,,2043,0,19 20,1,26,,2044,0,19 20,1,67,,2045,0,19 20,1,27,,2046,0,19 20,1,67,,2047,0,19 20,1,27,,2048,0,19 20,1,67,,2049,0,19 20,1,27,,2050,0,19 20,1,67,,2051,0,19 20,1,27,,2052,,,1,27,,2053,0,19 20,1,67,,2054,,,1,91,,2055,0,19 20,1,113,,2056,,,1
40201,'1',1501,,9207,,,1
