'147.0.1',32000,62700,4,'',1,1400,4,'',1,1400,4,'',1,5600,4,'',1,1400,4,'',1,1400,4,'',1,1400,4,'',1,5500,4,'',1,1400,4,'',1,1400,4,'',1,1500,4,'',1,5400,4,'',1,1400,4,'',1,1200,4,'',1,1200,4,'',1,1200,4,'',1,5200,4,'',1,1400,4,'',1,1200,4,'',1,1200,4,'',1,800,4,'',1,5200,4,'',1,1200,4,'',1,1200,4,'',1,1700,4,'',1,5900,4,'',1,1700,4,'',1,1700,4,'',1,1700,4,'',1,5700,4,'',1,1700,4,'',1,1700,4,'',1,5700,4,'',1,2100,4,'',1,1700,4,'',1,1700,4,'',1,5700,4,'',1,1700,4,'',1,2200,4,'',1,5700,4,'',1,1700,4,'',1,1700,4,'',1,5700,4,'',1,1500,4,'',1,1700,4,'',1,1700,4,'',1,5700,4,'',1,1700,4,'',1,1000,4,'',1,1700,4,'',1,5700,4,'',1,1700,4,'',1,1700,4,'',1,1500,4,'',1,5700,4,'',1,1100,4,'',1,1100,4,'',1,1100,4,'',1,5100,4,'',1,1100,4,'',1,1100,4,'',1,1100,4,'',1,1100,4,'',1,1100,4,'',1
'147.0.1',32001,63700,,'',1,1400,,'',1,5400,,'',1,1400,,'',1,1400,,'',1,1400,,'',1,5400,,'',1,1400,,'',1,1400,,'',1,1400,,'',1,1400,,'',1,5400,,'',1,1600,,'',1,1200,,'',1,1200,,'',1,5200,,'',1,1200,,'',1,1200,,'',1,1200,,'',1,1200,,'',1,5200,,'',1,1200,,'',1,1400,,'',1,1700,,'',1,5700,,'',1,1700,,'',1,1700,,'',1,1700,,'',1,5700,,'',1,1700,,'',1,1700,,'',1,5700,,'',1,1700,,'',1,1700,,'',1,1700,,'',1,5700,,'',1,1700,,'',1,1700,,'',1,5700,,'',1,1700,,'',1,1700,,'',1,1700,,'',1,5700,,'',1,1700,,'',1,1700,,'',1,5700,,'',1,1700,,'',1,1700,,'',1,1700,,'',1,5700,,'',1,1700,,'',1,1700,,'',1,1700,,'',1,5200,,'',1,1100,,'',1,1100,,'',1,1100,,'',1,1100,,'',1,5100,,'',1,1100,,'',1,1100,,'',1,1100,,'',1,1100,,'',1,5100,,'',1
'147.0.2',32000,90000,4,'',1,1100,4,'',1,1100,4,'',1,1100,4,'',1,1100,4,'',1,1100,4,'',1,5100,4,'',1,1100,4,'',1,1100,4,'',1,1100,4,'',1,1100,4,'',1,5100,4,'',1,1100,4,'',1,1100,4,'',1,1600,4,'',1,1600,4,'',1,5600,4,'',1,1600,4,'',1,1600,4,'',1,1600,4,'',1,5600,4,'',1,1600,4,'',1,1600,4,'',1,5600,4,'',1,1600,4,'',1,1600,4,'',1,1600,4,'',1,5600,4,'',1,1600,4,'',1,1600,4,'',1,1600,4,'',1,5600,4,'',1,1600,4,'',1,1600,4,'',1,1600,4,'',1,5600,4,'',1,1600,4,'',1,1600,4,'',1,5600,4,'',1,1600,4,'',1,1600,4,'',1,1600,4,'',1,5600,4,'',1,1600,4,'',1,1600,4,'',1,1600,4,'',1,5600,4,'',1,1600,4,'',1,1200,4,'',1,1200,4,'',1,5200,4,'',1,1000,4,'',1,1200,4,'',1,1200,4,'',1,1200,4,'',1,5200,4,'',1,1200,4,'',1,1200,4,'',1,1000,4,'',1,1200,4,'',1,1200,4,'',1
'147.0.2',32001,90600,,'',1,1100,,'',1,1100,,'',1,1100,,'',1,1100,,'',1,5100,,'',1,1100,,'',1,1100,,'',1,1100,,'',1,1100,,'',1,1100,,'',1,5100,,'',1,1100,,'',1,1000,,'',1,1600,,'',1,5600,,'',1,1600,,'',1,1600,,'',1,1600,,'',1,5600,,'',1,1600,,'',1,1600,,'',1,1600,,'',1,5600,,'',1,1600,,'',1,1600,,'',1,1600,,'',1,5600,,'',1,1600,,'',1,1600,,'',1,5600,,'',1,1600,,'',1,1600,,'',1,1600,,'',1,5600,,'',1,1600,,'',1,1600,,'',1,1600,,'',1,5600,,'',1,1600,,'',1,1600,,'',1,1600,,'',1,5600,,'',1,1600,,'',1,1600,,'',1,5600,,'',1,1000,,'',1,1200,,'',1,1200,,'',1,1200,,'',1,1200,,'',1,5200,,'',1,1200,,'',1,1200,,'',1,1200,,'',1,1200,,'',1,5200,,'',1,1200,,'',1,1200,,'',1,1200,,'',1,1200,,'',1,5200,,'',1
'147.0.80',32000,85900,4,'',1,5100,4,'',1,1100,4,'',1,1100,4,'',1,1100,4,'',1,1100,4,'',1,5100,4,'',1,1100,4,'',1,1100,4,'',1,1100,4,'',1,1100,4,'',1,5100,4,'',1,1100,4,'',1,1100,4,'',1,1700,4,'',1,1700,4,'',1,5700,4,'',1,1700,4,'',1,1700,4,'',1,5700,4,'',1,1700,4,'',1,1700,4,'',1,1700,4,'',1,5700,4,'',1,1700,4,'',1,1700,4,'',1,5700,4,'',1,1700,4,'',1,1700,4,'',1,1700,4,'',1,5700,4,'',1,1700,4,'',1,1700,4,'',1,5700,4,'',1,1700,4,'',1,1700,4,'',1,1700,4,'',1,5700,4,'',1,1700,4,'',1,1700,4,'',1,1500,4,'',1,5700,4,'',1,1100,4,'',1,1100,4,'',1,1100,4,'',1,5100,4,'',1,1100,4,'',1,1100,4,'',1,1100,4,'',1,1100,4,'',1,1100,4,'',1
'147.0.80',32001,90600,,'',1,1100,,'',1,1100,,'',1,1100,,'',1,1100,,'',1,5100,,'',1,1100,,'',1,1100,,'',1,1100,,'',1,1100,,'',1,1100,,'',1,5100,,'',1,1100,,'',1,1100,,'',1,1700,,'',1,5700,,'',1,1700,,'',1,1700,,'',1,1700,,'',1,5700,,'',1,1700,,'',1,1700,,'',1,5700,,'',1,1700,,'',1,1700,,'',1,1700,,'',1,5700,,'',1,1700,,'',1,1700,,'',1,5700,,'',1,1700,,'',1,1700,,'',1,1700,,'',1,5700,,'',1,1700,,'',1,1700,,'',1,5700,,'',1,1700,,'',1,1700,,'',1,1700,,'',1,5700,,'',1,1500,,'',1,1100,,'',1,1100,,'',1,1100,,'',1,5100,,'',1,1100,,'',1,1100,,'',1,1100,,'',1,1100,,'',1,5100,,'',1
'147.24603.3',32000,85900,4,'',1,5100,4,'',1,1100,4,'',1,1100,4,'',1,1100,4,'',1,1100,4,'',1,5100,4,'',1,1100,4,'',1,1100,4,'',1,1100,4,'',1,1100,4,'',1,5100,4,'',1,1100,4,'',1,1100,4,'',1,1700,4,'',1,1700,4,'',1,5700,4,'',1,1700,4,'',1,1700,4,'',1,5700,4,'',1,1700,4,'',1,1700,4,'',1,1700,4,'',1,5700,4,'',1,1700,4,'',1,1700,4,'',1,5700,4,'',1,1700,4,'',1,1700,4,'',1,1700,4,'',1,5700,4,'',1,1700,4,'',1,1700,4,'',1,5700,4,'',1,1700,4,'',1,1700,4,'',1,1700,4,'',1,5700,4,'',1,1700,4,'',1,1700,4,'',1,1500,4,'',1,5700,4,'',1,1100,4,'',1,1100,4,'',1,1100,4,'',1,5100,4,'',1,1100,4,'',1,1100,4,'',1,1100,4,'',1,1100,4,'',1,1100,4,'',1
'147.24603.3',32001,90600,,'',1,1100,,'',1,1100,,'',1,1100,,'',1,1100,,'',1,5100,,'',1,1100,,'',1,1100,,'',1,1100,,'',1,1100,,'',1,1100,,'',1,5100,,'',1,1100,,'',1,1100,,'',1,1700,,'',1,5700,,'',1,1700,,'',1,1700,,'',1,1700,,'',1,5700,,'',1,1700,,'',1,1700,,'',1,5700,,'',1,1700,,'',1,1700,,'',1,1700,,'',1,5700,,'',1,1700,,'',1,1700,,'',1,5700,,'',1,1700,,'',1,1700,,'',1,1700,,'',1,5700,,'',1,1700,,'',1,1700,,'',1,5700,,'',1,1700,,'',1,1700,,'',1,1700,,'',1,5700,,'',1,1500,,'',1,1100,,'',1,1100,,'',1,1100,,'',1,5100,,'',1,1100,,'',1,1100,,'',1,1100,,'',1,1100,,'',1,5100,,'',1
'147.24604.3',32000,210600,4,'',1,1100,4,'',1,900,4,'',1,1100,4,'',1,1100,4,'',1,1100,4,'',1,5100,4,'',1,1100,4,'',1,1100,4,'',1,1100,4,'',1,1100,4,'',1
'147.24604.3',32001,211300,,'',1,1100,,'',1,1100,,'',1,1100,,'',1,1100,,'',1,5100,,'',1,1100,,'',1,1100,,'',1,1100,,'',1,1100,,'',1,5100,,'',1
