9600,'1',715,,31260,90,,,1,88,,31259,90,,,1,31,,31258,90,,,1,77,,31257,90,,,1,27,,31256,90,,,1,73,,31253,90,,,1,34,,31254,90,,,1,70,,31255,90,,,1,32,,31268,90,,,1,69,,31267,86,,,1,39,,31261,86,,,1,79,,31262,86,,,1,79,,31263,86,,,1,87,,31264,86,,,1,25,,31265,86,,,1,90,,31266,90,,,1,43,,31274,90,,,1,67,,31273,90,,,1,32,,31272,90,,,1,61,,31269,90,,,1,27,,31270,90,,,1,61,,31271,90,,,1,27,,31277,90,,,1,19,,31278,90,,,1,51,,31288,90,,,1,11,,31276,90,,,1,25,,31275,90,,,1,70,,31285,86,,,1,30,,31284,86,,,1,15,,31287,86,,,1,52,,31279,86,,,1,30,,31280,86,,,1,68,,31281,86,,,1,28,,31282,86,,,1,70,,31283,86,,,1,17,,31286,86,,,1
9600,'2',1036,,31289,86,,,1,103,,31290,86,,,1,99,,31291,86,,,1,96,,31292,86,,,1,99,,31293,86,,,1,99,,31294,86,,,1,97,,31295,86,,,1,99,,31296,86,,,1,94,,31297,86,,,1,97,,31298,86,,,1,87,,31299,86,,,1,41,,31300,86,,,1,97,,31301,86,,,1
9600,'3',1127,,31302,86,,,1,94,,31303,86,,,1,94,,31304,86,,,1,94,,31305,86,,,1,94,,31306,86,,,1,54,,31307,86,,,1,94,,31308,86,,,1,94,,31309,86,,,1,91,,31310,86,,,1,94,,31311,86,,,1,94,,31312,86,,,1,89,,31313,86,,,1
9600,'74',1036,,31314,86,,,1,103,,31315,86,,,1,99,,31316,86,,,1,96,,31317,86,,,1,99,,31318,86,,,1,99,,31319,86,,,1,97,,31320,86,,,1,99,,31321,86,,,1,94,,31322,86,,,1,97,,31323,86,,,1,87,,31324,86,,,1,41,,31325,86,,,1,97,,31326,86,,,1
9600,'80',1127,,31327,86,,,1,94,,31328,86,,,1,94,,31329,86,,,1,94,,31330,86,,,1,94,,31331,86,,,1,54,,31332,86,,,1,94,,31333,86,,,1,94,,31334,86,,,1,91,,31335,86,,,1,94,,31336,86,,,1,94,,31337,86,,,1,89,,31338,86,,,1
9800,'1',631,,31445,42,,,1,75,,31444,42,,,1,34,,31443,42,,,1,75,,31442,42,,,1,35,,31441,42,,,1,75,,31440,42,,,1,98,,31436,42,,,1,98,,31433,42,,,1,96,,31438,42,,,1,98,,31437,42,,,1,40,,31425,42,,,1,79,,31435,42,,,1,80,,31434,42,,,1,40,,31432,42,,,1,80,,31431,42,,,1,80,,31430,42,,,1,44,,31429,42,,,1,80,,31428,42,,,1,92,,31427,42,,,1,91,,31426,42,,,1,88,,31439,42,,,1
9800,'2',629,,31463,42,,,1,86,,31462,42,,,1,85,,31461,42,,,1,54,,31460,42,,,1,93,,31459,42,,,1,92,,31458,42,,,1,94,,31457,42,,,1,98,,31456,42,,,1,98,,31455,42,,,1,97,,31454,42,,,1,98,,31453,42,,,1,98,,31452,42,,,1,99,,31451,42,,,1,100,,31450,42,,,1,89,,31449,42,,,1,92,,31448,42,,,1,49,,31447,42,,,1,85,,31446,42,,,1
9800,'3',813,,31479,42,,,1,88,,31478,42,,,1,48,,31477,42,,,1,93,,31476,42,,,1,93,,31475,42,,,1,90,,31474,42,,,1,93,,31473,42,,,1,93,,31472,42,,,1,93,,31471,42,,,1,53,,31470,42,,,1,93,,31469,42,,,1,96,,31468,42,,,1,88,,31467,42,,,1,90,,31466,42,,,1,87,,31465,42,,,1,48,,31464,42,,,1
9800,'74',629,,31497,42,,,1,86,,31496,42,,,1,85,,31495,42,,,1,54,,31494,42,,,1,93,,31493,42,,,1,92,,31492,42,,,1,94,,31491,42,,,1,98,,31490,42,,,1,98,,31489,42,,,1,97,,31488,42,,,1,98,,31487,42,,,1,98,,31486,42,,,1,99,,31485,42,,,1,100,,31484,42,,,1,89,,31483,42,,,1,92,,31482,42,,,1,49,,31481,42,,,1,85,,31480,42,,,1
9800,'80',813,,31513,42,,,1,88,,31512,42,,,1,48,,31511,42,,,1,93,,31510,42,,,1,93,,31509,42,,,1,90,,31508,42,,,1,93,,31507,42,,,1,93,,31506,42,,,1,93,,31505,42,,,1,53,,31504,42,,,1,93,,31503,42,,,1,96,,31502,42,,,1,88,,31501,42,,,1,90,,31500,42,,,1,87,,31499,42,,,1,48,,31498,42,,,1
989900,'1',2134,,36830,85,,,1,73,,36831,85,,,1,38,,36832,85,,,1,78,,36833,85,,,1,35,,36834,85,,,1,72,,36835,85,,,1,75,,36836,85,,,1,35,,36837,85,,,1,74,,36838,85,0,5 6,1,35,,36839,85,0,5 6,1,79,,36840,85,0,5 6,1
989900,'2',2139,,36841,85,,,1,94,,36842,85,,,1,85,,36843,85,,,1,91,,36844,85,,,1,46,,36845,85,,,1,86,,36846,85,,,1,82,,36847,85,0,5 6,1,86,,36848,85,0,5 6,1,46,,36849,85,0,5 6,1
989900,'3',2153,,36850,85,,,1,90,,36851,85,,,1,85,,36852,85,,,1,90,,36853,85,,,1,40,,36854,85,,,1,83,,36855,85,,,1,78,,36856,85,0,5 6,1,83,,36857,85,0,5 6,1,43,,36858,85,0,5 6,1
989900,'74',2139,,36859,85,,,1,94,,36860,85,,,1,85,,36861,85,,,1,91,,36862,85,,,1,46,,36863,85,,,1,86,,36864,85,,,1,82,,36865,85,0,5 6,1,86,,36866,85,0,5 6,1,46,,36867,85,0,5 6,1
989900,'80',2153,,36868,85,,,1,90,,36869,85,,,1,85,,36870,85,,,1,90,,36871,85,,,1,40,,36872,85,,,1,83,,36873,85,,,1,78,,36874,85,0,5 6,1,83,,36875,85,0,5 6,1,43,,36876,85,0,5 6,1
