100,'1',408,,23457,31,,,1,38,,23456,31,,,1,71,,23455,31,,,1,42,,23483,46,,,1,78,,23482,46,,,1,80,,23480,46,,,1,39,,23481,46,,,1,73,,23479,46,,,1,75,,23478,46,,,1,35,,23477,46,,,1,108,,23476,46,,,1,153,,23475,46,,,1,112,,23474,46,,,1,116,,23473,46,,,1,87,,23484,46,,,1,43,,23472,46,,,1,71,,23471,46,,,1,77,,23470,46,,,1,31,,23469,46,,,1,74,,23468,46,,,1,34,,23467,46,,,1,66,,23466,46,,,1,24,,23465,46,,,1,97,,23464,46,,,1,102,,23463,46,,,1,100,,23462,46,,,1,91,,23461,46,,,1,95,,23460,46,,,1,89,,23459,46,,,1,95,,23458,46,,,1
100,'74',608,,23507,31,,,1,96,,23485,46,,,1,103,,23486,46,,,1,107,,23487,46,,,1,103,,23488,46,,,1,111,,23489,46,,,1,95,,23490,46,,,1,87,,23491,46,,,1,103,,23492,46,,,1,92,,23493,46,,,1,52,,23494,46,,,1,92,,23495,46,,,1,86,,23496,46,,,1,92,,23497,46,,,1,91,,23498,46,,,1,41,,23499,46,,,1,92,,23500,46,,,1,90,,23501,46,,,1,97,,23502,46,,,1,97,,23503,46,,,1,94,,23504,46,,,1,93,,23505,46,,,1,96,,23506,46,,,1
100,'80',758,,23523,31,,,1,91,,23508,46,,,1,158,,23509,46,,,1,115,,23510,46,,,1,115,,23511,46,,,1,115,,23512,46,,,1,152,,23513,46,,,1,107,,23514,46,,,1,112,,23515,46,,,1,110,,23516,46,,,1,109,,23517,46,,,1,95,,23518,46,,,1,99,,23519,46,,,1,99,,23520,46,,,1,94,,23521,46,,,1,99,,23522,46,,,1
100,'35296.2',608,,23546,31,,,1,96,,23524,46,,,1,103,,23525,46,,,1,107,,23526,46,,,1,103,,23527,46,,,1,111,,23528,46,,,1,95,,23529,46,,,1,87,,23530,46,,,1,103,,23531,46,,,1,92,,23532,46,,,1,52,,23533,46,,,1,92,,23534,46,,,1,86,,23535,46,,,1,92,,23536,46,,,1,91,,23537,46,,,1,41,,23538,46,,,1,92,,23539,46,,,1,90,,23540,46,,,1,97,,23541,46,,,1,97,,23542,46,,,1,94,,23543,46,,,1,93,,23544,46,,,1,96,,23545,46,,,1
100,'35296.3',758,,23562,31,,,1,91,,23547,46,,,1,158,,23548,46,,,1,115,,23549,46,,,1,115,,23550,46,,,1,115,,23551,46,,,1,152,,23552,46,,,1,107,,23553,46,,,1,112,,23554,46,,,1,110,,23555,46,,,1,109,,23556,46,,,1,95,,23557,46,,,1,99,,23558,46,,,1,99,,23559,46,,,1,94,,23560,46,,,1,99,,23561,46,,,1
100,'35298.2',608,,23615,31,,,1,96,,23614,46,,,1,37,,23563,46,,,1,17,,23564,46,,,1,61,,23565,46,,,1,17,,23566,46,,,1,17,,23567,46,,,1,57,,23568,46,,,1,17,,23569,46,,,1,17,,23570,46,,,1,57,,23571,46,,,1,17,,23572,46,,,1,17,,23573,46,,,1,65,,23574,46,,,1,17,,23575,46,,,1,17,,23576,46,,,1,17,,23577,46,,,1,60,,23578,46,,,1,17,,23579,46,,,1,17,,23580,46,,,1,57,,23581,46,,,1,23,,23582,46,,,1,17,,23583,46,,,1,17,,23584,46,,,1,57,,23585,46,,,1,17,,23586,46,,,1,17,,23587,46,,,1,57,,23588,46,,,1,17,,23589,46,,,1,17,,23590,46,,,1,17,,23591,46,,,1,57,,23592,46,,,1,17,,23593,46,,,1,17,,23594,46,,,1,51,,23595,46,,,1,17,,23596,46,,,1,17,,23597,46,,,1,17,,23598,46,,,1,57,,23599,46,,,1,17,,23600,46,,,1,17,,23601,46,,,1,16,,23602,46,,,1,57,,23603,46,,,1,17,,23604,46,,,1,17,,23605,46,,,1,10,,23606,46,,,1,92,,23607,46,,,1,90,,23608,46,,,1,97,,23609,46,,,1,97,,23610,46,,,1,94,,23611,46,,,1,93,,23612,46,,,1,96,,23613,46,,,1
100,'35298.3',739,,23616,46,,,1,17,,23617,46,,,1,57,,23618,46,,,1,17,,23619,46,,,1,17,,23620,46,,,1,57,,23621,46,,,1,17,,23622,46,,,1,23,,23623,46,,,1,57,,23624,46,,,1,17,,23625,46,,,1,17,,23626,46,,,1,20,,23627,46,,,1,57,,23628,46,,,1,17,,23629,46,,,1,17,,23630,46,,,1,60,,23631,46,,,1,17,,23632,46,,,1,17,,23633,46,,,1,17,,23634,46,,,1,57,,23635,46,,,1,20,,23636,46,,,1,17,,23637,46,,,1,57,,23638,46,,,1,17,,23639,46,,,1,17,,23640,46,,,1,17,,23641,46,,,1,57,,23642,46,,,1,17,,23643,46,,,1,17,,23644,46,,,1,52,,23645,46,,,1,17,,23646,46,,,1,17,,23647,46,,,1,17,,23648,46,,,1,57,,23649,46,,,1,17,,23650,46,,,1,17,,23651,46,,,1,57,,23652,46,,,1,17,,23653,46,,,1,15,,23654,46,,,1,17,,23655,46,,,1,57,,23656,46,,,1,17,,23657,46,,,1,14,,23658,46,,,1,99,,23659,46,,,1,99,,23660,46,,,1,99,,23661,46,,,1,94,,23662,46,,,1,99,,23663,46,,,1
1601,'1',549,,26588,4,,,1,62,,26587,4,,,1,22,,26579,4,,,1,22,,26580,4,,,1,63,,26581,4,,,1,22,,26582,4,,,1,62,,26583,4,,,1,22,,26584,4,,,1,17,,26585,4,,,1,66,,26586,4,,,1,21,,26599,4,,,1,24,,26598,4,,,1,68,,26589,4,,,1,31,,26590,4,,,1,71,,26591,4,,,1,31,,26592,4,,,1,71,,26593,4,,,1,31,,26594,4,,,1,69,,26595,4,,,1,33,,26596,4,,,1,67,,26597,4,,,1,21,,26616,4,,,1,63,,26615,4,,,1,23,,26600,4,,,1,17,,26601,4,,,1,69,,26602,4,,,1,24,,26603,4,,,1,63,,26604,4,,,1,23,,26605,4,,,1,22,,26606,4,,,1,63,,26607,4,,,1,23,,26608,4,,,1,23,,26609,4,,,1,63,,26610,4,,,1,23,,26611,4,,,1,63,,26612,4,,,1,23,,26613,4,,,1,23,,26614,4,,,1,68,,26619,4,,,1,34,,26617,4,,,1,73,,26618,4,,,1,74,,26625,4,,,1
1601,'2',658,,26635,4,,,1,78,,26626,4,,,1,78,,26627,4,,,1,38,,26628,4,,,1,78,,26629,4,,,1,78,,26630,4,,,1,38,,26631,4,,,1,78,,26632,4,,,1,78,,26633,4,,,1,38,,26634,4,,,1,84,,26644,4,,,1,81,,26636,4,,,1,41,,26637,4,,,1,81,,26638,4,,,1,81,,26639,4,,,1,41,,26640,4,,,1,81,,26641,4,,,1,81,,26642,4,,,1,37,,26643,4,,,1,81,,26651,4,,,1,72,,26645,4,,,1,36,,26646,4,,,1,78,,26647,4,,,1,34,,26648,4,,,1,76,,26649,4,,,1,33,,26650,4,,,1
1601,'3',738,,26654,4,,,1,95,,26655,4,,,1,95,,26656,4,,,1,95,,26657,4,,,1,95,,26658,4,,,1,95,,26659,4,,,1,98,,26660,4,,,1,98,,26661,4,,,1,98,,26662,4,,,1,98,,26663,4,,,1,98,,26664,4,,,1,52,,26665,4,,,1,92,,26666,4,,,1,92,,26667,4,,,1,92,,26668,4,,,1,91,,26669,4,,,1
1601,'74',658,,26679,4,,,1,78,,26670,4,,,1,78,,26671,4,,,1,38,,26672,4,,,1,78,,26673,4,,,1,78,,26674,4,,,1,38,,26675,4,,,1,78,,26676,4,,,1,78,,26677,4,,,1,38,,26678,4,,,1,84,,26688,4,,,1,81,,26680,4,,,1,41,,26681,4,,,1,81,,26682,4,,,1,81,,26683,4,,,1,41,,26684,4,,,1,81,,26685,4,,,1,81,,26686,4,,,1,37,,26687,4,,,1,81,,26695,4,,,1,72,,26689,4,,,1,36,,26690,4,,,1,78,,26691,4,,,1,34,,26692,4,,,1,76,,26693,4,,,1,33,,26694,4,,,1
1601,'80',738,,26698,4,,,1,95,,26699,4,,,1,95,,26700,4,,,1,95,,26701,4,,,1,95,,26702,4,,,1,95,,26703,4,,,1,98,,26704,4,,,1,98,,26705,4,,,1,98,,26706,4,,,1,98,,26707,4,,,1,98,,26708,4,,,1,52,,26709,4,,,1,92,,26710,4,,,1,92,,26711,4,,,1,92,,26712,4,,,1,91,,26713,4,,,1
30301,'1',1627,,32980,6,,,1,31,,32977,6,,,1,60,,32978,6,,,1,10,,32979,6,,,1,17,,32981,6,,,1,10,,32976,6,,,1,53,,32982,6,,,1,12,,32983,6,,,1,15,,32975,6,,,1
