5201,'1',542,,28584,27,,,1,95,,28585,27,,,1,105,,28586,27,,,1,100,,28591,27,,,1,105,,28590,27,,,1,500,,28589,16,,,1,100,,28587,16,,,1,100,,28588,16,,,1,100,,28593,16,,,1,100,,28592,16,,,1
9801,'1',506,,31521,4,,,1,35,,31520,4,,,1,75,,31519,4,,,1,35,,31518,4,,,1,75,,31517,4,,,1,75,,31516,4,,,1,35,,31515,4,,,1,75,,31514,4,,,1,35,,31525,4,,,1,99,,31524,4,,,1,98,,31523,4,,,1,98,,31522,4,,,1,98,,31537,4,,,1,80,,31536,4,,,1,40,,31535,4,,,1,80,,31534,4,,,1,80,,31533,4,,,1,40,,31532,4,,,1,80,,31531,4,,,1,80,,31530,4,,,1,40,,31529,4,,,1,91,,31528,4,,,1,90,,31527,4,,,1,88,,31526,4,,,1
9801,'2',516,,31556,4,,,1,86,,31555,4,,,1,46,,31554,4,,,1,86,,31553,4,,,1,86,,31552,4,,,1,94,,31551,4,,,1,94,,31550,4,,,1,95,,31549,4,,,1,54,,31548,4,,,1,98,,31547,4,,,1,98,,31546,4,,,1,98,,31545,4,,,1,98,,31544,4,,,1,98,,31543,4,,,1,98,,31542,4,,,1,98,,31541,4,,,1,88,,31540,4,,,1,89,,31539,4,,,1,89,,31538,4,,,1
9801,'3',657,,31573,4,,,1,88,,31574,4,,,1,88,,31572,4,,,1,88,,31571,4,,,1,88,,31570,4,,,1,93,,31569,4,,,1,53,,31568,4,,,1,93,,31567,4,,,1,94,,31566,4,,,1,93,,31565,4,,,1,93,,31564,4,,,1,93,,31563,4,,,1,93,,31562,4,,,1,93,,31561,4,,,1,47,,31560,4,,,1,89,,31559,4,,,1,87,,31558,4,,,1,88,,31557,4,,,1
9801,'74',516,,31593,4,,,1,86,,31592,4,,,1,46,,31591,4,,,1,86,,31590,4,,,1,86,,31589,4,,,1,94,,31588,4,,,1,94,,31587,4,,,1,95,,31586,4,,,1,54,,31585,4,,,1,98,,31584,4,,,1,98,,31583,4,,,1,98,,31582,4,,,1,98,,31581,4,,,1,98,,31580,4,,,1,98,,31579,4,,,1,98,,31578,4,,,1,88,,31577,4,,,1,89,,31576,4,,,1,89,,31575,4,,,1
9801,'80',657,,31610,4,,,1,88,,31611,4,,,1,88,,31609,4,,,1,88,,31608,4,,,1,88,,31607,4,,,1,93,,31606,4,,,1,53,,31605,4,,,1,93,,31604,4,,,1,94,,31603,4,,,1,93,,31602,4,,,1,93,,31601,4,,,1,93,,31600,4,,,1,93,,31599,4,,,1,93,,31598,4,,,1,47,,31597,4,,,1,89,,31596,4,,,1,87,,31595,4,,,1,88,,31594,4,,,1
989901,'1',2151,,36877,4,,,1,72,,36878,4,,,1,78,,36879,4,,,1,38,,36880,4,,,1,75,,36881,4,,,1,32,,36882,4,,,1,75,,36883,4,,,1,35,,36884,4,,,1
989901,'2',2156,,36885,4,,,1,94,,36886,4,,,1,84,,36887,4,,,1,91,,36890,4,,,1,86,,36888,4,,,1,46,,36889,4,,,1
989901,'3',2210,,36891,4,,,1,90,,36892,4,,,1,43,,36893,4,,,1,90,,36894,4,,,1,79,,36895,4,,,1,43,,36896,4,,,1
989901,'74',2156,,36897,4,,,1,94,,36898,4,,,1,84,,36899,4,,,1,91,,36902,4,,,1,86,,36900,4,,,1,46,,36901,4,,,1
989901,'80',2210,,36903,4,,,1,90,,36904,4,,,1,43,,36905,4,,,1,90,,36906,4,,,1,79,,36907,4,,,1,43,,36908,4,,,1
