9600,'1',702,,18524,75,,,1,47,,18523,75,,,1,71,,18522,75,,,1,37,,18521,75,,,1,67,,18520,75,,,1,33,,18517,75,,,1,74,,18518,75,,,1,70,,18519,75,,,1,32,,18532,75,,,1,68,,18531,71,,,1,39,,18525,71,,,1,79,,18526,71,,,1,39,,18527,71,,,1,85,,18528,71,,,1,65,,18529,71,,,1,92,,18530,75,,,1,43,,18538,75,,,1,67,,18537,75,,,1,32,,18536,75,,,1,63,,18533,75,,,1,27,,18534,75,,,1,21,,18535,75,,,1,67,,18541,75,,,1,19,,18542,75,,,1,13,,18552,75,,,1,51,,18540,75,,,1,25,,18539,75,,,1,30,,18549,71,,,1,70,,18548,71,,,1,15,,18551,71,,,1,12,,18543,71,,,1,70,,18544,71,,,1,30,,18545,71,,,1,68,,18546,71,,,1,30,,18547,71,,,1,57,,18550,71,,,1
9600,'2',1023,,18553,71,,,1,101,,18554,71,,,1,99,,18555,71,,,1,96,,18556,71,,,1,99,,18557,71,,,1,99,,18558,71,,,1,99,,18559,71,,,1,99,,18560,71,,,1,94,,18561,71,,,1,97,,18562,71,,,1,47,,18563,71,,,1,83,,18564,71,,,1,97,,18565,71,,,1
9600,'3',1114,,18566,71,,,1,94,,18567,71,,,1,94,,18568,71,,,1,54,,18569,71,,,1,94,,18570,71,,,1,94,,18571,71,,,1,94,,18572,71,,,1,94,,18573,71,,,1,91,,18574,71,,,1,94,,18575,71,,,1,94,,18576,71,,,1,91,,18577,71,,,1
9600,'80',1114,,18578,71,,,1,94,,18579,71,,,1,94,,18580,71,,,1,54,,18581,71,,,1,94,,18582,71,,,1,94,,18583,71,,,1,94,,18584,71,,,1,94,,18585,71,,,1,91,,18586,71,,,1,94,,18587,71,,,1,94,,18588,71,,,1,91,,18589,71,,,1
9800,'1',620,,18683,27,,,1,35,,18682,27,,,1,73,,18681,27,,,1,75,,18680,27,,,1,35,,18679,27,,,1,75,,18678,27,,,1,98,,18674,27,,,1,98,,18671,27,,,1,95,,18676,27,,,1,98,,18675,27,,,1,40,,18663,27,,,1,78,,18673,27,,,1,80,,18672,27,,,1,40,,18670,27,,,1,80,,18669,27,,,1,80,,18668,27,,,1,45,,18667,27,,,1,80,,18666,27,,,1,94,,18665,27,,,1,91,,18664,27,,,1,49,,18677,27,,,1
9800,'2',619,,18701,27,,,1,86,,18700,27,,,1,44,,18699,27,,,1,94,,18698,27,,,1,93,,18697,27,,,1,90,,18696,27,,,1,94,,18695,27,,,1,98,,18694,27,,,1,98,,18693,27,,,1,96,,18692,27,,,1,98,,18691,27,,,1,98,,18690,27,,,1,100,,18689,27,,,1,102,,18688,27,,,1,49,,18687,27,,,1,93,,18686,27,,,1,89,,18685,27,,,1,85,,18684,27,,,1
9800,'3',804,,18717,27,,,1,48,,18716,27,,,1,88,,18715,27,,,1,91,,18714,27,,,1,93,,18713,27,,,1,90,,18712,27,,,1,93,,18711,27,,,1,93,,18710,27,,,1,53,,18709,27,,,1,93,,18708,27,,,1,93,,18707,27,,,1,97,,18706,27,,,1,88,,18705,27,,,1,91,,18704,27,,,1,87,,18703,27,,,1,48,,18702,27,,,1
9800,'80',804,,18733,27,,,1,48,,18732,27,,,1,88,,18731,27,,,1,91,,18730,27,,,1,93,,18729,27,,,1,90,,18728,27,,,1,93,,18727,27,,,1,93,,18726,27,,,1,53,,18725,27,,,1,93,,18724,27,,,1,93,,18723,27,,,1,97,,18722,27,,,1,88,,18721,27,,,1,91,,18720,27,,,1,87,,18719,27,,,1,48,,18718,27,,,1
42800,'24612.1',743,,20704,9,0,238 232 233 234,1
60100,'1',418,,20866,14,,,1,11,,20867,14,,,1,11,,20868,14,,,1,11,,20869,14,,,1,51,,20870,14,,,1,11,,20871,14,,,1,8,,20872,14,,,1,10,,20873,14,,,1,11,,20876,14,,,1,10,,20874,14,,,1,51,,20875,14,,,1,10,,20781,19,,,1,11,,20782,19,,,1,12,,20783,19,,,1,14,,20784,19,,,1,51,,20785,19,,,1,11,,20786,19,,,1,11,,20787,19,,,1,11,,20788,19,,,1,11,,20789,19,,,1,56,,20790,19,,,1,11,,20791,19,,,1,11,,20792,19,,,1,13,,20793,19,,,1,11,,20794,19,,,1,55,,20795,19,,,1,11,,20796,19,,,1,8,,20797,19,,,1,11,,20798,19,,,1,11,,20799,19,,,1,11,,20800,19,,,1,48,,20801,19,,,1,11,,20802,19,,,1,11,,20803,19,,,1,11,,20804,19,,,1,11,,20805,19,,,1,54,,20806,19,,,1,16,,20807,19,,,1,20,,20808,19,,,1,16,,20809,19,,,1,56,,20810,19,,,1,16,,20811,19,,,1,16,,20812,19,,,1,16,,20813,19,,,1,56,,20814,19,,,1,16,,20815,19,,,1,16,,20816,19,,,1,56,,20817,19,,,1,21,,20818,19,,,1,16,,20819,19,,,1,16,,20820,19,,,1,54,,20821,19,,,1,12,,20822,19,,,1,12,,20823,19,,,1,12,,20824,19,,,1,12,,20825,19,,,1,52,,20826,19,,,1,12,,20827,19,,,1,12,,20828,19,,,1,12,,20829,19,,,1,12,,20830,19,,,1,52,,20831,19,,,1,12,,20832,19,,,1,12,,20833,19,,,1,12,,20834,19,,,1,12,,20835,19,,,1,52,,20836,19,,,1,12,,20837,19,,,1,12,,20838,19,,,1,12,,20839,19,,,1,12,,20840,19,,,1,52,,20841,19,,,1,12,,20842,19,,,1,12,,20843,19,,,1,9,,20844,19,,,1,12,,20845,19,,,1,52,,20846,19,,,1,5,,20847,19,,,1,12,,20848,19,,,1,12,,20849,19,,,1,12,,20850,19,,,1,62,,20851,19,,,1,18,,20852,19,,,1,18,,20853,19,,,1,16,,20854,19,,,1,58,,20855,19,,,1,18,,20856,19,,,1,19,,20857,19,,,1,59,,20858,19,,,1,16,,20859,19,,,1,14,,20860,19,,,1,59,,20861,19,,,1,19,,20862,19,,,1,19,,20863,19,,,1,19,,20864,19,,,1,59,,20865,19,,,1
60100,'2',546,,20877,19,,,1,57,,20878,19,,,1,17,,20879,19,,,1,17,,20880,19,,,1,17,,20881,19,,,1,61,,20882,19,,,1,19,,20883,19,,,1,17,,20884,19,,,1,58,,20885,19,,,1,16,,20886,19,,,1,17,,20887,19,,,1,16,,20888,19,,,1,56,,20889,19,,,1,16,,20890,19,,,1,18,,20891,19,,,1,56,,20892,19,,,1,18,,20893,19,,,1,16,,20894,19,,,1,16,,20895,19,,,1,56,,20896,19,,,1,16,,20897,19,,,1,18,,20898,19,,,1,56,,20899,19,,,1,16,,20900,19,,,1,20,,20901,19,,,1,16,,20902,19,,,1,55,,20903,19,,,1,15,,20904,19,,,1,15,,20905,19,,,1,15,,20906,19,,,1,55,,20907,19,,,1,15,,20908,19,,,1,15,,20909,19,,,1,15,,20910,19,,,1,55,,20911,19,,,1,15,,20912,19,,,1,15,,20913,19,,,1,15,,20914,19,,,1,53,,20915,19,,,1,15,,20916,19,,,1,15,,20917,19,,,1,15,,20918,19,,,1,55,,20919,19,,,1,15,,20920,19,,,1,15,,20921,19,,,1,15,,20922,19,,,1,55,,20923,19,,,1,15,,20924,19,,,1,15,,20925,19,,,1,12,,20926,19,,,1,55,,20927,19,,,1,15,,20928,19,,,1,15,,20929,19,,,1,15,,20930,19,,,1,55,,20931,19,,,1,15,,20932,19,,,1,15,,20933,19,,,1,10,,20934,19,,,1,58,,20935,19,,,1,18,,20936,19,,,1,18,,20937,19,,,1,15,,20938,19,,,1,58,,20939,19,,,1,18,,20940,19,,,1,18,,20941,19,,,1,56,,20942,19,,,1,16,,20943,19,,,1,11,,20944,19,,,1,16,,20945,19,,,1,56,,20946,19,,,1,16,,20947,19,,,1,16,,20948,19,,,1,16,,20949,19,,,1,56,,20950,19,,,1,16,,20951,19,,,1
60100,'3',618,,20960,19,,,1,20,,20959,19,,,1,20,,20958,19,,,1,60,,20957,19,,,1,20,,20956,19,,,1,64,,20955,19,,,1,20,,20954,19,,,1,20,,20953,19,,,1,63,,20952,19,,,1,20,,20961,19,,,1,20,,20962,19,,,1,60,,20963,19,,,1,24,,20964,19,,,1,20,,20965,19,,,1,62,,20966,19,,,1,27,,20994,19,,,1,21,,20993,19,,,1,62,,20992,19,,,1,21,,20967,19,,,1,65,,20968,19,,,1,21,,20969,19,,,1,21,,20970,19,,,1,61,,20971,19,,,1,21,,20972,19,,,1,21,,20973,19,,,1,61,,20974,19,,,1,22,,20975,19,,,1,21,,20976,19,,,1,61,,20977,19,,,1,18,,20978,19,,,1,21,,20979,19,,,1,61,,20980,19,,,1,21,,20981,19,,,1,21,,20982,19,,,1,61,,20983,19,,,1,19,,20984,19,,,1,61,,20985,19,,,1,21,,20986,19,,,1,20,,20987,19,,,1,61,,20988,19,,,1,21,,20989,19,,,1,21,,20990,19,,,1,56,,20991,19,,,1,29,,21000,19,,,1,20,,20999,19,,,1,60,,20998,19,,,1,20,,20995,19,,,1,20,,20996,19,,,1,56,,20997,19,,,1,30,,21007,19,,,1,16,,21006,19,,,1,60,,21001,19,,,1,20,,21002,19,,,1,20,,21003,19,,,1,60,,21004,19,,,1,20,,21005,19,,,1
60100,'80',618,,21022,19,,,1,20,,21021,19,,,1,20,,21020,19,,,1,60,,21019,19,,,1,20,,21018,19,,,1,64,,21017,19,,,1,20,,21016,19,,,1,20,,21015,19,,,1,63,,21014,19,,,1,20,,21008,19,,,1,20,,21009,19,,,1,60,,21010,19,,,1,24,,21011,19,,,1,20,,21012,19,,,1,62,,21013,19,,,1,27,,21050,19,,,1,21,,21049,19,,,1,62,,21048,19,,,1,21,,21023,19,,,1,65,,21024,19,,,1,21,,21025,19,,,1,21,,21026,19,,,1,61,,21027,19,,,1,21,,21028,19,,,1,21,,21029,19,,,1,61,,21030,19,,,1,22,,21031,19,,,1,21,,21032,19,,,1,61,,21033,19,,,1,18,,21034,19,,,1,21,,21035,19,,,1,61,,21036,19,,,1,21,,21037,19,,,1,21,,21038,19,,,1,61,,21039,19,,,1,19,,21040,19,,,1,61,,21041,19,,,1,21,,21042,19,,,1,20,,21043,19,,,1,61,,21044,19,,,1,21,,21045,19,,,1,21,,21046,19,,,1,56,,21047,19,,,1,29,,21056,19,,,1,20,,21055,19,,,1,60,,21054,19,,,1,20,,21051,19,,,1,20,,21052,19,,,1,56,,21053,19,,,1,30,,21063,19,,,1,16,,21062,19,,,1,60,,21057,19,,,1,20,,21058,19,,,1,20,,21059,19,,,1,60,,21060,19,,,1,20,,21061,19,,,1
989900,'1',2124,,22653,70,,,1,34,,22654,70,,,1,78,,22655,70,,,1,78,,22656,70,,,1,35,,22657,70,,,1,71,,22658,70,,,1,35,,22659,70,,,1,75,,22660,70,,,1,76,,22661,70,0,5 6,1,35,,22662,70,0,5 6,1,79,,22663,70,0,5 6,1
989900,'2',2128,,22664,70,,,1,94,,22665,70,,,1,86,,22666,70,,,1,92,,22667,70,,,1,46,,22668,70,,,1,86,,22669,70,,,1,84,,22670,70,0,5 6,1,86,,22671,70,0,5 6,1,46,,22672,70,0,5 6,1
989900,'3',2144,,22673,70,,,1,90,,22674,70,,,1,85,,22675,70,,,1,90,,22676,70,,,1,40,,22677,70,,,1,83,,22678,70,,,1,79,,22679,70,0,5 6,1,43,,22680,70,0,5 6,1,83,,22681,70,0,5 6,1
989900,'80',2144,,22682,70,,,1,90,,22683,70,,,1,85,,22684,70,,,1,90,,22685,70,,,1,40,,22686,70,,,1,83,,22687,70,,,1,79,,22688,70,0,5 6,1,43,,22689,70,0,5 6,1,83,,22690,70,0,5 6,1
