700,'1',506,,1498,,,1,24,,1499,,,1,26,,1500,,,1,64,,1501,,,1,24,,1502,,,1,71,,1503,,,1,29,,1504,,,1,69,,1505,,,1,37,,1506,,,1,61,,1507,,,1,27,,1508,,,1,69,,1509,,,1,32,,1510,,,1,72,,1511,,,1,32,,1512,,,1,72,,1513,,,1,32,,1514,,,1,75,,1515,,,1,32,,1516,,,1,69,,1517,,,1,25,,1518,,,1,72,,1519,,,1,29,,1520,,,1,69,,1521,,,1,28,,1522,,,1,69,,1523,,,1,28,,1524,,,1,69,,1525,,,1,29,,1526,,,1,69,,1527,,,1,26,,1528,,,1,69,,1529,,,1,44,,1530,,,1,84,,1531,,,1,84,,1532,,,1,41,,1533,,,1,84,,1534,,,1
700,'2',819,,1535,,,1,88,,1536,,,1,48,,1537,,,1,88,,1538,,,1,88,,1539,,,1,88,,1540,,,1,88,,1541,,,1,48,,1542,,,1,88,,1543,,,1,88,,1544,,,1,88,,1545,,,1,88,,1546,,,1,48,,1547,,,1,88,,1548,,,1,88,,1549,,,1,87,,1550,,,1,82,,1553,,,1,42,,1551,,,1,82,,1552,,,1
700,'3',818,,1554,,,1,87,,1555,,,1,47,,1556,,,1,87,,1557,,,1,87,,1558,,,1,87,,1559,,,1,87,,1560,,,1,47,,1561,,,1,87,,1562,,,1,87,,1563,,,1,87,,1564,,,1,48,,1565,,,1,87,,1566,,,1,87,,1567,,,1,87,,1568,,,1,84,,1569,,,1
700,'80',818,,1570,,,1,87,,1571,,,1,47,,1572,,,1,87,,1573,,,1,87,,1574,,,1,87,,1575,,,1,87,,1576,,,1,47,,1577,,,1,87,,1578,,,1,87,,1579,,,1,87,,1580,,,1,48,,1581,,,1,87,,1582,,,1,87,,1583,,,1,87,,1584,,,1,84,,1585,,,1
700,'81',818,,1586,,,1,87,,1587,,,1,47,,1588,,,1,87,,1589,,,1,87,,1590,,,1,87,,1591,,,1,87,,1592,,,1,47,,1593,,,1,87,,1594,,,1,87,,1595,,,1,87,,1596,,,1,48,,1597,,,1,87,,1598,,,1,87,,1599,,,1,87,,1600,,,1,84,,1601,,,1
46001,'1',1441,,9293,,,1
60501,'1',443,,10623,4,,1,72,,10624,4,,1,32,,10614,4,,1,57,,10615,4,,1,12,,10616,4,,1,12,,10617,4,,1,16,,10618,4,,1,12,,10619,4,,1,52,,10620,4,,1,12,,10621,4,,1,12,,10622,4,,1,9,,10598,4,,1,12,,10599,4,,1,52,,10600,4,,1,15,,10601,4,,1,12,,10602,4,,1,12,,10603,4,,1,12,,10604,4,,1,52,,10605,4,,1,12,,10606,4,,1,8,,10607,4,,1,12,,10608,4,,1,12,,10609,4,,1,52,,10610,4,,1,12,,10611,4,,1,12,,10612,4,,1,12,,10613,4,,1,12,,10625,4,,1,56,,10660,4,,1,20,,10661,4,,1,20,,10662,4,,1,60,,10663,4,,1,22,,10664,4,,1,20,,10665,4,,1,60,,10666,4,,1,24,,10667,4,,1,25,,10668,4,,1,65,,10669,4,,1,13,,10675,4,,1,10,,10670,4,,1,58,,10671,4,,1,11,,10677,4,,1,16,,10672,4,,1,10,,10673,4,,1,14,,10674,4,,1,55,,10676,4,,1,11,,10626,4,,1,13,,10627,4,,1,13,,10628,4,,1,53,,10629,4,,1,13,,10630,4,,1,13,,10631,4,,1,13,,10632,4,,1,13,,10633,4,,1,53,,10634,4,,1,13,,10635,4,,1,13,,10636,4,,1,13,,10637,4,,1,8,,10638,4,,1,53,,10639,4,,1,13,,10640,4,,1,13,,10641,4,,1,11,,10642,4,,1,13,,10643,4,,1,45,,10644,4,,1,14,,10645,4,,1,14,,10646,4,,1,23,,10647,4,,1,63,,10648,4,,1,23,,10649,4,,1,63,,10650,4,,1,23,,10651,4,,1,23,,10652,4,,1,63,,10653,4,,1,20,,10654,4,,1,20,,10655,4,,1,64,,10656,4,,1,25,,10657,4,,1,68,,10658,4,,1,29,,10659,4,,1
60501,'2',520,,10732,4,,1,24,,10731,4,,1,64,,10730,4,,1,24,,10729,4,,1,17,,10678,4,,1,64,,10679,4,,1,27,,10680,4,,1,64,,10681,4,,1,24,,10682,4,,1,24,,10683,4,,1,56,,10733,4,,1,12,,10684,4,,1,24,,10685,4,,1,64,,10686,4,,1,30,,10687,4,,1,64,,10688,4,,1,22,,10689,4,,1,22,,10690,4,,1,64,,10691,4,,1,22,,10692,4,,1,22,,10693,4,,1,62,,10694,4,,1,22,,10695,4,,1,62,,10696,4,,1,22,,10697,4,,1,22,,10698,4,,1,62,,10699,4,,1,22,,10700,4,,1,22,,10701,4,,1,62,,10702,4,,1,22,,10703,4,,1,22,,10704,4,,1,62,,10705,4,,1,22,,10706,4,,1,62,,10707,4,,1,22,,10708,4,,1,22,,10709,4,,1,62,,10710,4,,1,22,,10711,4,,1,17,,10712,4,,1,62,,10713,4,,1,22,,10714,4,,1,22,,10715,4,,1,62,,10716,4,,1,15,,10728,4,,1,24,,10717,4,,1,64,,10718,4,,1,24,,10719,4,,1,62,,10720,4,,1,24,,10721,4,,1,24,,10722,4,,1,64,,10723,4,,1,20,,10724,4,,1,64,,10725,4,,1,24,,10726,4,,1,22,,10727,4,,1
60501,'3',656,,10784,4,,1,54,,10783,4,,1,23,,10782,4,,1,25,,10781,4,,1,63,,10780,4,,1,23,,10779,4,,1,63,,10778,4,,1,23,,10777,4,,1,21,,10776,4,,1,61,,10775,4,,1,22,,10774,4,,1,20,,10773,4,,1,61,,10772,4,,1,21,,10771,4,,1,21,,10770,4,,1,67,,10769,4,,1,21,,10768,4,,1,61,,10767,4,,1,21,,10766,4,,1,21,,10765,4,,1,61,,10764,4,,1,21,,10763,4,,1,21,,10762,4,,1,61,,10761,4,,1,21,,10760,4,,1,21,,10759,4,,1,61,,10758,4,,1,21,,10757,4,,1,21,,10756,4,,1,61,,10755,4,,1,21,,10754,4,,1,18,,10753,4,,1,61,,10752,4,,1,21,,10751,4,,1,61,,10750,4,,1,23,,10749,4,,1,23,,10748,4,,1,65,,10747,4,,1,21,,10746,4,,1,23,,10745,4,,1,63,,10744,4,,1,21,,10743,4,,1,63,,10742,4,,1,23,,10741,4,,1,23,,10740,4,,1,61,,10739,4,,1,23,,10738,4,,1,23,,10737,4,,1,63,,10736,4,,1,21,,10735,4,,1,20,,10734,4,,1
60501,'80',656,,10812,4,,1,54,,10811,4,,1,23,,10810,4,,1,25,,10809,4,,1,63,,10808,4,,1,23,,10807,4,,1,63,,10806,4,,1,23,,10805,4,,1,21,,10804,4,,1,61,,10803,4,,1,22,,10802,4,,1,20,,10801,4,,1,61,,10800,4,,1,21,,10799,4,,1,21,,10798,4,,1,67,,10797,4,,1,21,,10796,4,,1,61,,10795,4,,1,21,,10794,4,,1,21,,10793,4,,1,61,,10792,4,,1,21,,10791,4,,1,21,,10790,4,,1,61,,10789,4,,1,21,,10788,4,,1,21,,10787,4,,1,61,,10786,4,,1,21,,10785,4,,1,21,,10835,4,,1,61,,10834,4,,1,21,,10833,4,,1,18,,10832,4,,1,61,,10831,4,,1,21,,10830,4,,1,61,,10829,4,,1,23,,10828,4,,1,23,,10827,4,,1,65,,10826,4,,1,21,,10825,4,,1,23,,10824,4,,1,63,,10823,4,,1,21,,10822,4,,1,63,,10821,4,,1,23,,10820,4,,1,23,,10819,4,,1,61,,10818,4,,1,23,,10817,4,,1,23,,10816,4,,1,63,,10815,4,,1,21,,10814,4,,1,20,,10813,4,,1
60501,'81',656,,10886,4,,1,54,,10885,4,,1,23,,10884,4,,1,25,,10883,4,,1,63,,10882,4,,1,23,,10881,4,,1,63,,10880,4,,1,23,,10879,4,,1,21,,10878,4,,1,61,,10877,4,,1,22,,10876,4,,1,20,,10875,4,,1,61,,10874,4,,1,21,,10873,4,,1,21,,10872,4,,1,67,,10871,4,,1,21,,10870,4,,1,61,,10869,4,,1,21,,10868,4,,1,21,,10867,4,,1,61,,10866,4,,1,21,,10865,4,,1,21,,10864,4,,1,61,,10863,4,,1,21,,10862,4,,1,21,,10861,4,,1,61,,10860,4,,1,21,,10859,4,,1,21,,10858,4,,1,61,,10857,4,,1,21,,10856,4,,1,18,,10855,4,,1,61,,10854,4,,1,21,,10853,4,,1,61,,10852,4,,1,23,,10851,4,,1,23,,10850,4,,1,65,,10849,4,,1,21,,10848,4,,1,23,,10847,4,,1,63,,10846,4,,1,21,,10845,4,,1,63,,10844,4,,1,23,,10843,4,,1,23,,10842,4,,1,61,,10841,4,,1,23,,10840,4,,1,23,,10839,4,,1,63,,10838,4,,1,21,,10837,4,,1,20,,10836,4,,1
