9601,'1',537,,31339,82,,,1,73,,31340,82,,,1,29,,31341,82,,,1,70,,31342,82,,,1,42,,31343,82,,,1,77,,31344,82,,,1,78,,31345,82,,,1,26,,31346,82,,,1,72,,31347,82,,,1,31,,31348,82,,,1,79,,31349,82,,,1,38,,31350,78,,,1,83,,31351,78,,,1,75,,31352,78,,,1,32,,31353,78,,,1,86,,31354,78,,,1,82,,31355,78,,,1,23,,31374,78,,,1,16,,31356,78,,,1,73,,31357,78,,,1,27,,31358,78,,,1,71,,31359,82,,,1,27,,31360,82,,,1,63,,31361,82,,,1,21,,31362,82,,,1,17,,31363,82,,,1,65,,31364,82,,,1,25,,31365,82,,,1,65,,31366,82,,,1,21,,31367,78,,,1,25,,31368,78,,,1,67,,31369,78,,,1,30,,31370,78,,,1,70,,31371,78,,,1,30,,31372,78,,,1,64,,31373,78,,,1
9601,'2',902,,31375,78,,,1,99,,31376,78,,,1,102,,31377,78,,,1,99,,31378,78,,,1,99,,31379,78,,,1,56,,31380,78,,,1,99,,31381,78,,,1,99,,31382,78,,,1,99,,31383,78,,,1,99,,31384,78,,,1,88,,31385,78,,,1,89,,31386,78,,,1,97,,31387,78,,,1
9601,'3',1002,,31388,78,,,1,54,,31389,78,,,1,94,,31390,78,,,1,94,,31391,78,,,1,94,,31392,78,,,1,94,,31393,78,,,1,96,,31394,78,,,1,94,,31395,78,,,1,87,,31396,78,,,1,94,,31397,78,,,1,52,,31398,78,,,1,94,,31399,78,,,1
9601,'74',902,,31400,78,,,1,99,,31401,78,,,1,102,,31402,78,,,1,99,,31403,78,,,1,99,,31404,78,,,1,56,,31405,78,,,1,99,,31406,78,,,1,99,,31407,78,,,1,99,,31408,78,,,1,99,,31409,78,,,1,88,,31410,78,,,1,89,,31411,78,,,1,97,,31412,78,,,1
9601,'80',1002,,31413,78,,,1,54,,31414,78,,,1,94,,31415,78,,,1,94,,31416,78,,,1,94,,31417,78,,,1,94,,31418,78,,,1,96,,31419,78,,,1,94,,31420,78,,,1,87,,31421,78,,,1,94,,31422,78,,,1,52,,31423,78,,,1,94,,31424,78,,,1
10701,'1',531,,32420,25,,,1,24,,32419,25,,,1,68,,32418,25,,,1,24,,32417,25,,,1,64,,32416,25,,,1,18,,32415,25,,,1,20,,32414,25,,,1,52,,32413,25,,,1,21,,32412,25,,,1,16,,32411,25,,,1,16,,32410,25,,,1,50,,32409,25,,,1,43,,32398,25,,,1,80,,32405,25,,,1,82,,32404,25,,,1,42,,32403,25,,,1,82,,32402,25,,,1,87,,32401,25,,,1,82,,32400,25,,,1,28,,32408,25,,,1,14,,32399,25,,,1,63,,32397,25,,,1,20,,32396,25,,,1,18,,32395,25,,,1,58,,32394,25,,,1,22,,32393,25,,,1,18,,32392,25,,,1,58,,32391,25,,,1,22,,32390,25,,,1,18,,32389,25,,,1,18,,32388,25,,,1,55,,32387,25,,,1,17,,32386,25,,,1,18,,32434,25,,,1,66,,32433,25,,,1,18,,32421,25,,,1,78,,32435,25,,,1,41,,32432,25,,,1,75,,32431,25,,,1,78,,32430,25,,,1,32,,32429,25,,,1,74,,32428,25,,,1,34,,32427,25,,,1,74,,32426,25,,,1,34,,32425,25,,,1,74,,32424,25,,,1,74,,32423,25,,,1,34,,32422,25,,,1
10701,'2',706,,32463,25,,,1,39,,32464,25,,,1,77,,32465,25,,,1,37,,32466,25,,,1,77,,32467,25,,,1,77,,32468,25,,,1,37,,32469,25,,,1,77,,32470,25,,,1,77,,32471,25,,,1,37,,32472,25,,,1,76,,32440,25,,,1,37,,32441,25,,,1,76,,32443,25,,,1,77,,32444,25,,,1,37,,32445,25,,,1,77,,32446,25,,,1,35,,32447,25,,,1,77,,32448,25,,,1,77,,32449,25,,,1,37,,32450,25,,,1,77,,32451,25,,,1,77,,32452,25,,,1,37,,32453,25,,,1,77,,32454,25,,,1,37,,32455,25,,,1,77,,32442,25,,,1,77,,32456,25,,,1,37,,32457,25,,,1,77,,32458,25,,,1,37,,32459,25,,,1,76,,32439,25,,,1,75,,32460,25,,,1
10701,'3',745,,32485,25,,,1,77,,32486,25,,,1,34,,32487,25,,,1,77,,32488,25,,,1,78,,32489,25,,,1,37,,32490,25,,,1,77,,32484,25,,,1,77,,32491,25,,,1,37,,32492,25,,,1,77,,32493,25,,,1,37,,32494,25,,,1,76,,32495,25,,,1,75,,32496,25,,,1,37,,32497,25,,,1,77,,32498,25,,,1,37,,32500,25,,,1,77,,32501,25,,,1,77,,32499,25,,,1,37,,32481,25,,,1,77,,32502,25,,,1,77,,32503,25,,,1,37,,32504,25,,,1,77,,32505,25,,,1,37,,32473,25,,,1,77,,32474,25,,,1,77,,32475,25,,,1,37,,32476,25,,,1,77,,32477,25,,,1,36,,32478,25,,,1,77,,32479,25,,,1,77,,32480,25,,,1
10701,'74',706,,32530,25,,,1,39,,32531,25,,,1,77,,32532,25,,,1,37,,32533,25,,,1,77,,32534,25,,,1,77,,32535,25,,,1,37,,32536,25,,,1,77,,32537,25,,,1,77,,32538,25,,,1,37,,32539,25,,,1,76,,32507,25,,,1,37,,32508,25,,,1,76,,32510,25,,,1,77,,32511,25,,,1,37,,32512,25,,,1,77,,32513,25,,,1,35,,32514,25,,,1,77,,32515,25,,,1,77,,32516,25,,,1,37,,32517,25,,,1,77,,32518,25,,,1,77,,32519,25,,,1,37,,32520,25,,,1,77,,32521,25,,,1,37,,32522,25,,,1,77,,32509,25,,,1,77,,32523,25,,,1,37,,32524,25,,,1,77,,32525,25,,,1,37,,32526,25,,,1,76,,32506,25,,,1,75,,32527,25,,,1
10701,'80',745,,32552,25,,,1,77,,32553,25,,,1,34,,32554,25,,,1,77,,32555,25,,,1,78,,32556,25,,,1,37,,32557,25,,,1,77,,32551,25,,,1,77,,32558,25,,,1,37,,32559,25,,,1,77,,32560,25,,,1,37,,32561,25,,,1,76,,32562,25,,,1,75,,32563,25,,,1,37,,32564,25,,,1,77,,32565,25,,,1,37,,32567,25,,,1,77,,32568,25,,,1,77,,32566,25,,,1,37,,32548,25,,,1,77,,32569,25,,,1,77,,32570,25,,,1,37,,32571,25,,,1,77,,32572,25,,,1,37,,32540,25,,,1,77,,32541,25,,,1,77,,32542,25,,,1,37,,32543,25,,,1,77,,32544,25,,,1,36,,32545,25,,,1,77,,32546,25,,,1,77,,32547,25,,,1
