9600,'1',625,,6908,28,,,1,83,,6907,28,,,1,31,,6906,28,,,1,77,,6905,28,,,1,27,,6904,28,,,1,79,,6901,28,,,1,34,,6902,28,,,1,70,,6903,28,,,1,32,,6916,28,,,1,70,,6915,28,,,1,79,,6909,28,,,1,39,,6910,28,,,1,79,,6911,28,,,1,83,,6912,28,,,1,25,,6913,28,,,1,86,,6914,28,,,1,83,,6922,28,,,1,27,,6921,28,,,1,30,,6920,28,,,1,67,,6917,28,,,1,27,,6918,28,,,1,62,,6919,28,,,1,27,,6925,28,,,1,64,,6926,28,,,1,13,,6936,28,,,1,12,,6924,28,,,1,25,,6923,28,,,1,74,,6933,28,,,1,70,,6932,28,,,1,15,,6935,28,,,1,14,,6927,28,,,1,30,,6928,28,,,1,70,,6929,28,,,1,30,,6930,28,,,1,70,,6931,28,,,1,17,,6934,28,,,1
9600,'2',950,,6937,28,,,1,99,,6938,28,,,1,99,,6939,28,,,1,99,,6940,28,,,1,99,,6941,28,,,1,99,,6942,28,,,1,98,,6943,28,,,1,99,,6944,28,,,1,95,,6945,28,,,1,97,,6946,28,,,1,87,,6947,28,,,1,86,,6948,28,,,1,97,,6949,28,,,1
9600,'3',1043,,6950,28,,,1,94,,6951,28,,,1,94,,6952,28,,,1,94,,6953,28,,,1,94,,6954,28,,,1,94,,6955,28,,,1,94,,6956,28,,,1,94,,6957,28,,,1,52,,6958,28,,,1,94,,6959,28,,,1,94,,6960,28,,,1,92,,6961,28,,,1
9600,'80',1043,,6962,28,,,1,94,,6963,28,,,1,94,,6964,28,,,1,94,,6965,28,,,1,94,,6966,28,,,1,94,,6967,28,,,1,94,,6968,28,,,1,94,,6969,28,,,1,52,,6970,28,,,1,94,,6971,28,,,1,94,,6972,28,,,1,92,,6973,28,,,1
9600,'81',1043,,6974,28,,,1,94,,6975,28,,,1,94,,6976,28,,,1,94,,6977,28,,,1,94,,6978,28,,,1,94,,6979,28,,,1,94,,6980,28,,,1,94,,6981,28,,,1,52,,6982,28,,,1,94,,6983,28,,,1,94,,6984,28,,,1,92,,6985,28,,,1
10700,'1',503,,7861,28,,,1,24,,7860,28,,,1,24,,7859,28,,,1,64,,7858,28,,,1,22,,7857,28,,,1,16,,7856,28,,,1,61,,7855,28,,,1,11,,7854,28,,,1,16,,7853,28,,,1,59,,7852,28,,,1,16,,7851,28,,,1,12,,7850,28,,,1,15,,7849,28,,,1,16,,7848,28,,,1,55,,7847,28,,,1,41,,7846,28,,,1,82,,7845,28,,,1,82,,7844,28,,,1,82,,7843,28,,,1,47,,7842,28,,,1,80,,7841,28,,,1,28,,7837,7,,,1,54,,7840,28,,,1,22,,7839,28,,,1,18,,7838,28,,,1,58,,7889,28,,,1,19,,7888,28,,,1,20,,7887,28,,,1,58,,7886,28,,,1,18,,7885,28,,,1,25,,7884,28,,,1,56,,7883,28,,,1,18,,7882,28,,,1,15,,7881,28,,,1,20,,7880,28,,,1,56,,7879,28,,,1,18,,7878,28,,,1,13,,7877,28,,,1,58,,7876,28,,,1,37,,7875,28,,,1,81,,7874,28,,,1,38,,7873,28,,,1,79,,7872,28,,,1,74,,7871,28,,,1,34,,7870,28,,,1,74,,7869,28,,,1,34,,7868,28,,,1,74,,7867,28,,,1,74,,7866,28,,,1,34,,7865,28,,,1,74,,7864,28,,,1,30,,7863,28,,,1,74,,7862,28,,,1
10700,'2',638,,7892,28,,,1,78,,7891,28,,,1,37,,7890,28,,,1,77,,7893,28,,,1,77,,7894,28,,,1,37,,7895,28,,,1,77,,7896,28,,,1,37,,7897,28,,,1,77,,7898,28,,,1,77,,7899,28,,,1,36,,7900,28,,,1,77,,7901,28,,,1,77,,7902,28,,,1,37,,7903,28,,,1,77,,7904,28,,,1,37,,7905,28,,,1,75,,7906,28,,,1,77,,7907,28,,,1,37,,7908,28,,,1,77,,7909,28,,,1,37,,7910,28,,,1,77,,7911,28,,,1,77,,7912,28,,,1,37,,7913,28,,,1,77,,7914,28,,,1,77,,7915,28,,,1,37,,7916,28,,,1,77,,7917,28,,,1,37,,7918,28,,,1,77,,7919,28,,,1,77,,7920,28,,,1,36,,7921,28,,,1,77,,7923,28,,,1,37,,7922,28,,,1
10700,'3',722,,7935,7,,,1,37,,7936,7,,,1,68,,7937,28,,,1,77,,7938,28,,,1,37,,7939,28,,,1,77,,7940,28,,,1,37,,7941,28,,,1,77,,7942,28,,,1,77,,7943,28,,,1,37,,7944,28,,,1,77,,7945,28,,,1,77,,7946,28,,,1,36,,7947,28,,,1,77,,7948,28,,,1,37,,7952,28,,,1,77,,7951,28,,,1,77,,7953,28,,,1,37,,7954,28,,,1,77,,7955,28,,,1,37,,7956,28,,,1,77,,7924,28,,,1,77,,7925,28,,,1,37,,7926,28,,,1,77,,7949,28,,,1,77,,7927,28,,,1,37,,7928,28,,,1,77,,7929,28,,,1,37,,7930,28,,,1,77,,7931,28,,,1,77,,7932,28,,,1,37,,7933,28,,,1,77,,7950,28,,,1,37,,7934,28,,,1
10700,'80',722,,7968,7,,,1,37,,7969,7,,,1,68,,7970,28,,,1,77,,7971,28,,,1,37,,7972,28,,,1,77,,7973,28,,,1,37,,7974,28,,,1,77,,7975,28,,,1,77,,7976,28,,,1,37,,7977,28,,,1,77,,7978,28,,,1,77,,7979,28,,,1,36,,7980,28,,,1,77,,7981,28,,,1,37,,7985,28,,,1,77,,7984,28,,,1,77,,7986,28,,,1,37,,7987,28,,,1,77,,7988,28,,,1,37,,7989,28,,,1,77,,7957,28,,,1,77,,7958,28,,,1,37,,7959,28,,,1,77,,7982,28,,,1,77,,7960,28,,,1,37,,7961,28,,,1,77,,7962,28,,,1,37,,7963,28,,,1,77,,7964,28,,,1,77,,7965,28,,,1,37,,7966,28,,,1,77,,7983,28,,,1,37,,7967,28,,,1
10700,'81',722,,7993,7,,,1,37,,7994,7,,,1,68,,7995,28,,,1,77,,7996,28,,,1,37,,7997,28,,,1,77,,7998,28,,,1,37,,7999,28,,,1,77,,8000,28,,,1,77,,8001,28,,,1,37,,8002,28,,,1,77,,8003,28,,,1,77,,8004,28,,,1,36,,8005,28,,,1,77,,8006,28,,,1,37,,8009,28,,,1,77,,8008,28,,,1,77,,8010,28,,,1,37,,8011,28,,,1,77,,8012,28,,,1,37,,8013,28,,,1,77,,7990,28,,,1,77,,7991,28,,,1,37,,7992,28,,,1,77,,8007,28,,,1,77,,8014,28,,,1,37,,8015,28,,,1,77,,8016,28,,,1,37,,8017,28,,,1,77,,8018,28,,,1,77,,8019,28,,,1,37,,8020,28,,,1,77,,8022,28,,,1,37,,8021,28,,,1
