5000,'1',530,,4159,4,,,1,71,,4158,4,,,1,27,,4157,4,,,1,28,,4156,4,,,1,65,,4155,4,,,1,29,,4154,4,,,1,67,,4150,4,,,1,27,,4151,4,,,1,67,,4152,4,,,1,27,,4153,4,,,1,82,,4168,4,,,1,31,,4167,4,,,1,69,,4166,4,,,1,30,,4160,4,,,1,70,,4161,4,,,1,28,,4162,4,,,1,69,,4163,4,,,1,32,,4164,4,,,1,67,,4165,4,,,1,18,,4179,4,,,1,68,,4178,4,,,1,28,,4177,4,,,1,20,,4176,4,,,1,76,,4169,4,,,1,28,,4170,4,,,1,68,,4171,4,,,1,28,,4172,4,,,1,64,,4173,4,,,1,40,,4174,4,,,1,60,,4175,4,,,1,25,,4185,4,,,1,77,,4184,4,,,1,37,,4180,4,,,1,77,,4181,4,,,1,77,,4182,4,,,1,37,,4183,4,,,1
5000,'2',601,,4186,4,,,1,37,,4187,4,,,1,78,,4188,4,,,1,37,,4189,4,,,1,77,,4190,4,,,1,80,,4191,4,,,1,40,,4192,4,,,1,80,,4193,4,,,1,80,,4194,4,,,1,40,,4195,4,,,1,80,,4196,4,,,1,80,,4197,4,,,1,40,,4198,4,,,1,80,,4199,4,,,1,80,,4200,4,,,1,40,,4201,4,,,1,76,,4202,4,,,1,84,,4203,4,,,1,36,,4204,4,,,1,76,,4205,4,,,1,36,,4206,4,,,1,76,,4207,4,,,1,76,,4208,4,,,1,36,,4209,4,,,1,76,,4210,4,,,1,35,,4211,4,,,1,76,,4212,4,,,1
5000,'3',601,,4213,4,,,1,48,,4214,4,,,1,88,,4215,4,,,1,88,,4216,4,,,1,88,,4217,4,,,1,88,,4218,4,,,1,51,,4219,4,,,1,90,,4220,4,,,1,90,,4221,4,,,1,90,,4222,4,,,1,90,,4223,4,,,1,90,,4224,4,,,1,50,,4225,4,,,1,87,,4226,4,,,1,87,,4227,4,,,1,87,,4228,4,,,1,87,,4229,4,,,1,44,,4230,4,,,1,85,,4231,4,,,1,83,,4232,4,,,1,43,,4233,4,,,1,83,,4234,4,,,1
5000,'80',601,,4235,4,,,1,48,,4236,4,,,1,88,,4237,4,,,1,88,,4238,4,,,1,88,,4239,4,,,1,88,,4240,4,,,1,51,,4241,4,,,1,90,,4242,4,,,1,90,,4243,4,,,1,90,,4244,4,,,1,90,,4245,4,,,1,90,,4246,4,,,1,50,,4247,4,,,1,87,,4248,4,,,1,87,,4249,4,,,1,87,,4250,4,,,1,87,,4251,4,,,1,44,,4252,4,,,1,85,,4253,4,,,1,83,,4254,4,,,1,43,,4255,4,,,1,83,,4256,4,,,1
5000,'81',601,,4257,4,,,1,48,,4258,4,,,1,88,,4259,4,,,1,88,,4260,4,,,1,88,,4261,4,,,1,88,,4262,4,,,1,51,,4263,4,,,1,90,,4264,4,,,1,90,,4265,4,,,1,90,,4266,4,,,1,90,,4267,4,,,1,90,,4268,4,,,1,50,,4269,4,,,1,87,,4270,4,,,1,87,,4271,4,,,1,87,,4272,4,,,1,87,,4273,4,,,1,44,,4274,4,,,1,85,,4275,4,,,1,83,,4276,4,,,1,43,,4277,4,,,1,83,,4278,4,,,1
5500,'1',530,,4534,4,,,1,79,,4533,4,,,1,34,,4532,4,,,1,84,,4531,4,,,1,77,,4530,4,,,1,39,,4529,4,,,1,79,,4520,4,,,1,628,,4528,4,,,1,81,,4527,4,,,1,81,,4526,4,,,1,41,,4525,4,,,1,81,,4524,4,,,1,81,,4523,4,,,1,41,,4522,4,,,1,81,,4521,4,,,1
9801,'1',515,,7165,12,,,1,35,,7164,12,,,1,75,,7163,12,,,1,75,,7162,12,,,1,35,,7161,12,,,1,75,,7160,12,,,1,35,,7159,12,,,1,75,,7158,12,,,1,35,,7171,12,,,1,99,,7170,12,,,1,98,,7169,12,,,1,98,,7168,12,,,1,99,,7167,12,,,1,80,,7166,12,,,1,80,,7181,12,,,1,40,,7180,12,,,1,80,,7179,12,,,1,80,,7178,12,,,1,40,,7177,12,,,1,79,,7176,12,,,1,80,,7175,12,,,1,51,,7174,12,,,1,90,,7173,12,,,1,88,,7172,12,,,1
9801,'2',524,,7200,12,,,1,86,,7199,12,,,1,46,,7198,12,,,1,86,,7197,12,,,1,86,,7196,12,,,1,94,,7195,12,,,1,94,,7194,12,,,1,96,,7193,12,,,1,94,,7192,12,,,1,100,,7191,12,,,1,98,,7190,12,,,1,98,,7189,12,,,1,57,,7188,12,,,1,98,,7187,12,,,1,98,,7186,12,,,1,97,,7185,12,,,1,87,,7184,12,,,1,89,,7183,12,,,1,89,,7182,12,,,1
9801,'3',705,,7217,12,,,1,48,,7218,12,,,1,88,,7216,12,,,1,88,,7215,12,,,1,88,,7214,12,,,1,94,,7213,12,,,1,93,,7212,12,,,1,53,,7211,12,,,1,94,,7210,12,,,1,93,,7209,12,,,1,93,,7208,12,,,1,93,,7207,12,,,1,93,,7206,12,,,1,93,,7205,12,,,1,87,,7204,12,,,1,48,,7203,12,,,1,87,,7202,12,,,1,88,,7201,12,,,1
9801,'80',705,,7235,12,,,1,48,,7236,12,,,1,88,,7234,12,,,1,88,,7233,12,,,1,88,,7232,12,,,1,94,,7231,12,,,1,93,,7230,12,,,1,53,,7229,12,,,1,94,,7228,12,,,1,93,,7227,12,,,1,93,,7226,12,,,1,93,,7225,12,,,1,93,,7224,12,,,1,93,,7223,12,,,1,87,,7222,12,,,1,48,,7221,12,,,1,87,,7220,12,,,1,88,,7219,12,,,1
9801,'81',705,,7253,12,,,1,48,,7254,12,,,1,88,,7252,12,,,1,88,,7251,12,,,1,88,,7250,12,,,1,94,,7249,12,,,1,93,,7248,12,,,1,53,,7247,12,,,1,94,,7246,12,,,1,93,,7245,12,,,1,93,,7244,12,,,1,93,,7243,12,,,1,93,,7242,12,,,1,93,,7241,12,,,1,87,,7240,12,,,1,48,,7239,12,,,1,87,,7238,12,,,1,88,,7237,12,,,1
989901,'1',2157,,11627,12,,,1,72,,11628,12,,,1,78,,11629,12,,,1,37,,11630,12,,,1,75,,11631,12,,,1,32,,11632,12,,,1,75,,11633,12,,,1,75,,11634,12,,,1
989901,'2',2202,,11635,12,,,1,54,,11636,12,,,1,83,,11637,12,,,1,91,,11640,12,,,1,85,,11638,12,,,1,86,,11639,12,,,1
989901,'3',2215,,11641,12,,,1,90,,11642,12,,,1,43,,11643,12,,,1,90,,11644,12,,,1,79,,11645,12,,,1,83,,11646,12,,,1
989901,'80',2215,,11647,12,,,1,90,,11648,12,,,1,43,,11649,12,,,1,90,,11650,12,,,1,79,,11651,12,,,1,83,,11652,12,,,1
989901,'81',2215,,11653,12,,,1,90,,11654,12,,,1,43,,11655,12,,,1,90,,11656,12,,,1,79,,11657,12,,,1,83,,11658,12,,,1
