1600,'1',542,,26443,13,,,1,62,,26444,13,,,1,24,,26445,13,,,1,22,,26446,13,,,1,62,,26447,13,,,1,22,,26448,13,,,1,18,,26449,13,,,1,66,,26450,13,,,1,22,,26451,13,,,1,62,,26452,13,,,1,31,,26453,13,,,1,70,,26454,13,,,1,35,,26455,13,,,1,67,,26456,13,,,1,31,,26457,13,,,1,71,,26458,13,,,1,31,,26459,13,,,1,71,,26460,13,,,1,31,,26461,13,,,1,75,,26462,13,,,1,21,,26463,13,,,1,23,,26464,13,,,1,63,,26465,13,,,1,23,,26466,13,,,1,63,,26467,13,,,1,25,,26468,13,,,1,23,,26469,13,,,1,63,,26470,13,,,1,23,,26471,13,,,1,63,,26472,13,,,1,22,,26473,13,,,1,20,,26474,13,,,1,63,,26475,13,,,1,23,,26476,13,,,1,23,,26477,13,,,1,63,,26478,13,,,1,22,,26479,13,,,1,74,,26480,13,,,1,34,,26481,13,,,1,74,,26482,13,,,1,34,,26483,13,,,1,74,,26484,13,,,1,74,,26488,13,,,1
1600,'2',651,,26489,13,,,1,78,,26490,13,,,1,79,,26491,13,,,1,38,,26492,13,,,1,78,,26493,13,,,1,78,,26494,13,,,1,38,,26495,13,,,1,78,,26496,13,,,1,38,,26497,13,,,1,78,,26498,13,,,1,81,,26499,13,,,1,41,,26500,13,,,1,82,,26501,13,,,1,81,,26502,13,,,1,82,,26503,13,,,1,41,,26504,13,,,1,81,,26505,13,,,1,81,,26506,13,,,1,41,,26507,13,,,1,74,,26508,13,,,1,36,,26509,13,,,1,79,,26510,13,,,1,73,,26511,13,,,1,35,,26512,13,,,1,77,,26513,13,,,1,35,,26515,13,,,1,76,,26516,13,,,1
1600,'3',844,,26517,13,,,1,96,,26518,13,,,1,95,,26519,13,,,1,95,,26520,13,,,1,95,,26521,13,,,1,99,,26526,13,,,1,98,,26522,13,,,1,98,,26523,13,,,1,98,,26524,13,,,1,94,,26525,13,,,1,95,,26531,13,,,1,52,,26527,13,,,1,91,,26528,13,,,1,92,,26529,13,,,1,92,,26530,13,,,1
1600,'74',651,,26534,13,,,1,78,,26535,13,,,1,79,,26536,13,,,1,38,,26537,13,,,1,78,,26538,13,,,1,78,,26539,13,,,1,38,,26540,13,,,1,78,,26541,13,,,1,38,,26542,13,,,1,78,,26543,13,,,1,81,,26544,13,,,1,41,,26545,13,,,1,82,,26546,13,,,1,81,,26547,13,,,1,82,,26548,13,,,1,41,,26549,13,,,1,81,,26550,13,,,1,81,,26551,13,,,1,41,,26552,13,,,1,74,,26553,13,,,1,36,,26554,13,,,1,79,,26555,13,,,1,73,,26556,13,,,1,35,,26558,13,,,1,77,,26559,13,,,1,35,,26560,13,,,1,76,,26561,13,,,1
1600,'80',844,,26562,13,,,1,96,,26563,13,,,1,95,,26564,13,,,1,95,,26565,13,,,1,95,,26566,13,,,1,99,,26571,13,,,1,98,,26567,13,,,1,98,,26568,13,,,1,98,,26569,13,,,1,94,,26570,13,,,1,95,,26576,13,,,1,52,,26572,13,,,1,91,,26573,13,,,1,92,,26574,13,,,1,92,,26575,13,,,1
8500,'1',638,,29617,57,,,1,16,,29618,57,,,1,56,,29619,57,,,1,16,,29620,57,,,1,16,,29621,57,,,1,60,,29622,57,,,1,16,,29623,57,,,1,16,,29624,57,,,1,16,,29625,57,,,1,56,,29626,57,,,1,16,,29627,57,,,1,10,,29628,56,,,1,16,,29629,56,,,1,65,,29630,56,,,1,25,,29631,56,,,1,18,,29632,56,,,1,65,,29633,56,,,1,25,,29634,56,,,1,65,,29635,56,,,1,25,,29636,56,,,1,67,,29637,56,,,1,25,,29638,56,,,1,27,,29639,56,,,1,65,,29640,56,,,1,20,,29641,56,,,1,16,,29668,42,,,1,58,,29642,42,,,1,20,,29643,42,,,1,16,,29644,42,,,1,57,,29645,42,,,1,16,,29646,42,,,1,24,,29647,43,,,1,53,,29648,43,,,1,16,,29649,43,,,1,16,,29650,43,,,1,19,,29651,43,,,1,56,,29652,43,,,1,16,,29653,43,,,1,16,,29654,43,,,1,10,,29655,43,,,1,56,,29656,43,,,1,16,,29657,43,,,1,16,,29658,43,,,1,16,,29659,43,,,1,52,,29660,42,,,1,25,,29661,42,,,1,26,,29662,42,,,1,65,,29663,42,,,1,32,,29664,42,,,1,72,,29665,42,,,1,32,,29666,42,,,1,72,,29667,42,,,1
8500,'2',713,,29697,56,,,1,31,,29698,56,,,1,70,,29699,56,,,1,28,,29700,56,,,1,74,,29701,56,,,1,30,,29702,56,,,1,70,,29703,56,,,1,34,,29704,56,,,1,70,,29705,56,,,1,31,,29669,56,,,1,62,,29670,56,,,1,25,,29671,56,,,1,63,,29672,56,,,1,23,,29673,56,,,1,23,,29674,56,,,1,63,,29675,56,,,1,23,,29676,56,,,1,23,,29677,56,,,1,63,,29678,56,,,1,23,,29679,56,,,1,63,,29680,56,,,1,23,,29681,56,,,1,23,,29682,56,,,1,63,,29683,56,,,1,21,,29684,56,,,1,21,,29685,56,,,1,57,,29686,56,,,1,21,,29687,56,,,1,21,,29688,56,,,1,61,,29689,56,,,1,21,,29690,56,,,1,21,,29691,56,,,1,59,,29692,56,,,1,21,,29693,56,,,1,21,,29694,56,,,1,61,,29695,56,,,1,21,,29696,56,,,1,70,,29706,56,,,1,30,,29707,56,,,1,70,,29708,56,,,1
8500,'3',848,,29726,28,,,1,80,,29727,28,,,1,79,,29709,56,,,1,40,,29710,56,,,1,81,,29711,56,,,1,80,,29712,56,,,1,51,,29713,56,,,1,83,,29714,56,,,1,83,,29715,56,,,1,83,,29716,56,,,1,42,,29717,56,,,1,83,,29718,56,,,1,84,,29719,56,,,1,34,,29720,56,,,1,81,,29721,56,,,1,85,,29722,56,,,1,37,,29723,56,,,1,81,,29724,56,,,1,81,,29725,56,,,1
8500,'74',713,,29756,56,,,1,31,,29757,56,,,1,70,,29758,56,,,1,28,,29759,56,,,1,74,,29760,56,,,1,30,,29761,56,,,1,70,,29762,56,,,1,34,,29763,56,,,1,70,,29764,56,,,1,31,,29728,56,,,1,62,,29729,56,,,1,25,,29730,56,,,1,63,,29731,56,,,1,23,,29732,56,,,1,23,,29733,56,,,1,63,,29734,56,,,1,23,,29735,56,,,1,23,,29736,56,,,1,63,,29737,56,,,1,23,,29738,56,,,1,63,,29739,56,,,1,23,,29740,56,,,1,23,,29741,56,,,1,63,,29742,56,,,1,21,,29743,56,,,1,21,,29744,56,,,1,57,,29745,56,,,1,21,,29746,56,,,1,21,,29747,56,,,1,61,,29748,56,,,1,21,,29749,56,,,1,21,,29750,56,,,1,59,,29751,56,,,1,21,,29752,56,,,1,21,,29753,56,,,1,61,,29754,56,,,1,21,,29755,56,,,1,70,,29765,56,,,1,30,,29766,56,,,1,70,,29767,56,,,1
8500,'80',848,,29785,28,,,1,80,,29786,28,,,1,79,,29768,56,,,1,40,,29769,56,,,1,81,,29770,56,,,1,80,,29771,56,,,1,51,,29772,56,,,1,83,,29773,56,,,1,83,,29774,56,,,1,83,,29775,56,,,1,42,,29776,56,,,1,83,,29777,56,,,1,84,,29778,56,,,1,34,,29779,56,,,1,81,,29780,56,,,1,85,,29781,56,,,1,37,,29782,56,,,1,81,,29783,56,,,1,81,,29784,56,,,1
