100,'1',352,,23457,13,,,1,78,,23456,13,,,1,71,,23455,13,,,1,42,,23483,28,,,1,78,,23482,28,,,1,36,,23480,28,,,1,78,,23481,28,,,1,74,,23479,28,,,1,35,,23478,28,,,1,75,,23477,28,,,1,109,,23476,28,,,1,113,,23475,28,,,1,112,,23474,28,,,1,155,,23473,28,,,1,47,,23484,28,,,1,80,,23472,28,,,1,71,,23471,28,,,1,37,,23470,28,,,1,71,,23469,28,,,1,34,,23468,28,,,1,74,,23467,28,,,1,28,,23466,28,,,1,66,,23465,28,,,1,98,,23464,28,,,1,103,,23463,28,,,1,100,,23462,28,,,1,93,,23461,28,,,1,97,,23460,28,,,1,49,,23459,28,,,1,95,,23458,28,,,1
100,'74',551,,23507,13,,,1,96,,23485,28,,,1,103,,23486,28,,,1,107,,23487,28,,,1,143,,23488,28,,,1,109,,23489,28,,,1,95,,23490,28,,,1,47,,23491,28,,,1,102,,23492,28,,,1,92,,23493,28,,,1,92,,23494,28,,,1,92,,23495,28,,,1,87,,23496,28,,,1,92,,23497,28,,,1,51,,23498,28,,,1,84,,23499,28,,,1,92,,23500,28,,,1,91,,23501,28,,,1,97,,23502,28,,,1,97,,23503,28,,,1,94,,23504,28,,,1,94,,23505,28,,,1,97,,23506,28,,,1
100,'80',742,,23523,13,,,1,91,,23508,28,,,1,117,,23509,28,,,1,155,,23510,28,,,1,114,,23511,28,,,1,115,,23512,28,,,1,112,,23513,28,,,1,107,,23514,28,,,1,152,,23515,28,,,1,111,,23516,28,,,1,109,,23517,28,,,1,97,,23518,28,,,1,99,,23519,28,,,1,99,,23520,28,,,1,96,,23521,28,,,1,99,,23522,28,,,1
100,'35296.2',551,,23546,13,,,1,96,,23524,28,,,1,103,,23525,28,,,1,107,,23526,28,,,1,143,,23527,28,,,1,109,,23528,28,,,1,95,,23529,28,,,1,47,,23530,28,,,1,102,,23531,28,,,1,92,,23532,28,,,1,92,,23533,28,,,1,92,,23534,28,,,1,87,,23535,28,,,1,92,,23536,28,,,1,51,,23537,28,,,1,84,,23538,28,,,1,92,,23539,28,,,1,91,,23540,28,,,1,97,,23541,28,,,1,97,,23542,28,,,1,94,,23543,28,,,1,94,,23544,28,,,1,97,,23545,28,,,1
100,'35296.3',742,,23562,13,,,1,91,,23547,28,,,1,117,,23548,28,,,1,155,,23549,28,,,1,114,,23550,28,,,1,115,,23551,28,,,1,112,,23552,28,,,1,107,,23553,28,,,1,152,,23554,28,,,1,111,,23555,28,,,1,109,,23556,28,,,1,97,,23557,28,,,1,99,,23558,28,,,1,99,,23559,28,,,1,96,,23560,28,,,1,99,,23561,28,,,1
100,'35298.2',551,,23615,13,,,1,96,,23614,28,,,1,77,,23563,28,,,1,17,,23564,28,,,1,61,,23565,28,,,1,17,,23566,28,,,1,17,,23567,28,,,1,17,,23568,28,,,1,57,,23569,28,,,1,17,,23570,28,,,1,17,,23571,28,,,1,57,,23572,28,,,1,17,,23573,28,,,1,23,,23574,28,,,1,17,,23575,28,,,1,57,,23576,28,,,1,17,,23577,28,,,1,20,,23578,28,,,1,57,,23579,28,,,1,17,,23580,28,,,1,17,,23581,28,,,1,62,,23582,28,,,1,17,,23583,28,,,1,17,,23584,28,,,1,17,,23585,28,,,1,57,,23586,28,,,1,17,,23587,28,,,1,17,,23588,28,,,1,57,,23589,28,,,1,17,,23590,28,,,1,17,,23591,28,,,1,17,,23592,28,,,1,57,,23593,28,,,1,17,,23594,28,,,1,12,,23595,28,,,1,17,,23596,28,,,1,57,,23597,28,,,1,17,,23598,28,,,1,17,,23599,28,,,1,57,,23600,28,,,1,17,,23601,28,,,1,16,,23602,28,,,1,17,,23603,28,,,1,57,,23604,28,,,1,17,,23605,28,,,1,13,,23606,28,,,1,92,,23607,28,,,1,91,,23608,28,,,1,97,,23609,28,,,1,97,,23610,28,,,1,94,,23611,28,,,1,94,,23612,28,,,1,97,,23613,28,,,1
100,'35298.3',723,,23616,28,,,1,17,,23617,28,,,1,17,,23618,28,,,1,57,,23619,28,,,1,17,,23620,28,,,1,17,,23621,28,,,1,57,,23622,28,,,1,22,,23623,28,,,1,17,,23624,28,,,1,57,,23625,28,,,1,17,,23626,28,,,1,20,,23627,28,,,1,17,,23628,28,,,1,57,,23629,28,,,1,17,,23630,28,,,1,19,,23631,28,,,1,57,,23632,28,,,1,17,,23633,28,,,1,17,,23634,28,,,1,17,,23635,28,,,1,60,,23636,28,,,1,17,,23637,28,,,1,17,,23638,28,,,1,57,,23639,28,,,1,17,,23640,28,,,1,17,,23641,28,,,1,17,,23642,28,,,1,57,,23643,28,,,1,17,,23644,28,,,1,12,,23645,28,,,1,57,,23646,28,,,1,17,,23647,28,,,1,17,,23648,28,,,1,17,,23649,28,,,1,57,,23650,28,,,1,17,,23651,28,,,1,17,,23652,28,,,1,57,,23653,28,,,1,16,,23654,28,,,1,17,,23655,28,,,1,17,,23656,28,,,1,57,,23657,28,,,1,14,,23658,28,,,1,101,,23659,28,,,1,99,,23660,28,,,1,99,,23661,28,,,1,96,,23662,28,,,1,99,,23663,28,,,1
60300,'1',510,,34741,15,,,1,20,,34742,15,,,1,21,,34743,15,,,1,61,,34744,15,,,1,23,,34745,15,,,1,18,,34746,15,,,1,63,,34747,15,,,1,18,,34748,15,,,1,18,,34749,15,,,1,60,,34750,15,,,1,18,,34751,15,,,1,18,,34752,15,,,1,58,,34753,15,,,1,18,,34754,15,,,1,19,,34755,15,,,1,62,,34756,15,,,1,22,,34757,15,,,1,22,,34758,15,,,1,63,,34759,15,,,1,22,,34760,15,,,1,22,,34761,15,,,1,62,,34762,15,,,1,22,,34763,15,,,1,62,,34764,15,,,1,23,,34765,15,,,1,22,,34766,15,,,1,62,,34767,15,,,1,22,,34768,15,,,1,22,,34769,15,,,1,60,,34770,15,,,1,16,,34771,15,,,1,16,,34772,15,,,1,56,,34773,15,,,1,16,,34774,15,,,1,16,,34775,15,,,1,16,,34776,15,,,1,56,,34777,15,,,1,16,,34778,15,,,1,16,,34779,15,,,1,16,,34780,15,,,1,54,,34781,15,,,1,16,,34782,15,,,1,13,,34783,15,,,1,16,,34784,15,,,1,56,,34785,15,,,1,15,,34786,15,,,1,30,,34787,15,,,1,70,,34788,15,,,1,30,,34789,15,,,1,69,,34790,15,,,1,27,,34791,15,,,1,70,,34792,15,,,1,81,,34793,15,,,1,39,,34794,15,,,1,82,,34795,15,,,1,87,,34796,15,,,1
60300,'74',541,,34797,15,,,1,82,,34798,15,,,1,80,,34799,15,,,1,41,,34800,15,,,1,80,,34801,15,,,1,83,,34802,15,,,1,45,,34803,15,,,1,81,,34804,15,,,1,77,,34805,15,,,1,38,,34806,15,,,1,81,,34807,15,,,1,74,,34808,15,,,1,38,,34809,15,,,1,78,,34810,15,,,1,38,,34811,15,,,1,79,,34812,15,,,1,78,,34813,15,,,1,38,,34814,15,,,1,76,,34815,15,,,1,80,,34816,15,,,1,35,,34817,15,,,1,78,,34818,15,,,1,37,,34819,15,,,1,80,,34820,15,,,1,80,,34821,15,,,1,38,,34822,15,,,1,86,,34823,15,,,1,89,,34824,15,,,1,92,,34825,15,,,1
60300,'80',725,,34826,15,,,1,76,,34827,15,,,1,38,,34828,15,,,1,77,,34829,15,,,1,42,,34830,15,,,1,85,,34831,15,,,1,84,,34832,15,,,1,82,,34833,15,,,1,42,,34834,15,,,1,82,,34835,15,,,1,82,,34836,15,,,1,43,,34837,15,,,1,79,,34838,15,,,1,76,,34839,15,,,1,36,,34840,15,,,1,76,,34841,15,,,1,75,,34842,15,,,1,36,,34843,15,,,1,73,,34844,15,,,1,36,,34845,15,,,1,74,,34846,15,,,1,36,,34847,15,,,1,91,,34848,15,,,1,105,,34849,15,,,1,103,,34850,15,,,1,146,,34851,15,,,1
60300,'35296.2',541,,34852,15,,,1,82,,34853,15,,,1,80,,34854,15,,,1,41,,34855,15,,,1,80,,34856,15,,,1,83,,34857,15,,,1,45,,34858,15,,,1,81,,34859,15,,,1,77,,34860,15,,,1,38,,34861,15,,,1,81,,34862,15,,,1,74,,34863,15,,,1,38,,34864,15,,,1,78,,34865,15,,,1,38,,34866,15,,,1,79,,34867,15,,,1,78,,34868,15,,,1,38,,34869,15,,,1,76,,34870,15,,,1,80,,34871,15,,,1,35,,34872,15,,,1,78,,34873,15,,,1,37,,34874,15,,,1,80,,34875,15,,,1,80,,34876,15,,,1,38,,34877,15,,,1,86,,34878,15,,,1,89,,34879,15,,,1,92,,34880,15,,,1
60300,'35296.3',725,,34881,15,,,1,76,,34882,15,,,1,38,,34883,15,,,1,77,,34884,15,,,1,42,,34885,15,,,1,85,,34886,15,,,1,84,,34887,15,,,1,82,,34888,15,,,1,42,,34889,15,,,1,82,,34890,15,,,1,82,,34891,15,,,1,43,,34892,15,,,1,79,,34893,15,,,1,76,,34894,15,,,1,36,,34895,15,,,1,76,,34896,15,,,1,75,,34897,15,,,1,36,,34898,15,,,1,73,,34899,15,,,1,36,,34900,15,,,1,74,,34901,15,,,1,36,,34902,15,,,1,91,,34903,15,,,1,105,,34904,15,,,1,103,,34905,15,,,1,146,,34906,15,,,1
60300,'35297.2',531,,34998,15,,,1,22,,34999,15,,,1,62,,35000,15,,,1,24,,35001,15,,,1,62,,35002,15,,,1,23,,34907,15,,,1,7,,34908,15,,,1,7,,34909,15,,,1,7,,34910,15,,,1,7,,34911,15,,,1,7,,34912,15,,,1,47,,34913,15,,,1,7,,34914,15,,,1,7,,34915,15,,,1,7,,34916,15,,,1,7,,34917,15,,,1,10,,34918,15,,,1,7,,34919,15,,,1,7,,34920,15,,,1,47,,34921,15,,,1,7,,34922,15,,,1,7,,34923,15,,,1,7,,34924,15,,,1,12,,34925,15,,,1,7,,34926,15,,,1,7,,34927,15,,,1,7,,34928,15,,,1,47,,34929,15,,,1,7,,34930,15,,,1,8,,34931,15,,,1,7,,34932,15,,,1,7,,34933,15,,,1,7,,34934,15,,,1,7,,34935,15,,,1,7,,34936,15,,,1,45,,34937,15,,,1,7,,34938,15,,,1,7,,34939,15,,,1,7,,34940,15,,,1,7,,34941,15,,,1,7,,34942,15,,,1,7,,34943,15,,,1,7,,34944,15,,,1,7,,34945,15,,,1,50,,34946,15,,,1,7,,34947,15,,,1,7,,34948,15,,,1,7,,34949,15,,,1,7,,34950,15,,,1,7,,34951,15,,,1,7,,34952,15,,,1,7,,34953,15,,,1,47,,34954,15,,,1,3,,34955,15,,,1,7,,34956,15,,,1,7,,34957,15,,,1,7,,34958,15,,,1,7,,34959,15,,,1,7,,34960,15,,,1,7,,34961,15,,,1,7,,34962,15,,,1,47,,34963,15,,,1,7,,34964,15,,,1,7,,34965,15,,,1,7,,34966,15,,,1,7,,34967,15,,,1,7,,34968,15,,,1,7,,34969,15,,,1,7,,34970,15,,,1,7,,34971,15,,,1,52,,34972,15,,,1,7,,34973,15,,,1,7,,34974,15,,,1,7,,34975,15,,,1,3,,34976,15,,,1,7,,34977,15,,,1,7,,34978,15,,,1,7,,34979,15,,,1,47,,34980,15,,,1,7,,34981,15,,,1,7,,34982,15,,,1,7,,34983,15,,,1,7,,34984,15,,,1,7,,34985,15,,,1,7,,34986,15,,,1,7,,34987,15,,,1,7,,34988,15,,,1,47,,34989,15,,,1,7,,34990,15,,,1,5,,34991,15,,,1,7,,34992,15,,,1,7,,34993,15,,,1,7,,34994,15,,,1,7,,34995,15,,,1,7,,34996,15,,,1,49,,34997,15,,,1,7,,35003,15,,,1,7,,35004,15,,,1,7,,35005,15,,,1,7,,35006,15,,,1,4,,35007,15,,,1,7,,35008,15,,,1,7,,35009,15,,,1,7,,35010,15,,,1,47,,35011,15,,,1,7,,35012,15,,,1,7,,35013,15,,,1,7,,35014,15,,,1,6,,35015,15,,,1,7,,35016,15,,,1,7,,35017,15,,,1,7,,35018,15,,,1,62,,35019,15,,,1,22,,35020,15,,,1,22,,35021,15,,,1,62,,35022,15,,,1,22,,35023,15,,,1,20,,35024,15,,,1,62,,35025,15,,,1,22,,35026,15,,,1,62,,35027,15,,,1,19,,35028,15,,,1,22,,35029,15,,,1,62,,35030,15,,,1,22,,35031,15,,,1,22,,35032,15,,,1
60300,'35297.3',722,,35033,15,,,1,7,,35034,15,,,1,7,,35035,15,,,1,7,,35036,15,,,1,7,,35037,15,,,1,7,,35038,15,,,1,47,,35039,15,,,1,9,,35040,15,,,1,7,,35041,15,,,1,7,,35042,15,,,1,7,,35043,15,,,1,7,,35044,15,,,1,7,,35045,15,,,1,8,,35046,15,,,1,47,,35047,15,,,1,7,,35048,15,,,1,7,,35049,15,,,1,7,,35050,15,,,1,7,,35051,15,,,1,7,,35052,15,,,1,7,,35053,15,,,1,7,,35054,15,,,1,7,,35055,15,,,1,50,,35056,15,,,1,7,,35057,15,,,1,7,,35058,15,,,1,7,,35059,15,,,1,7,,35060,15,,,1,7,,35061,15,,,1,7,,35062,15,,,1,49,,35063,15,,,1,7,,35064,15,,,1,7,,35065,15,,,1,7,,35066,15,,,1,7,,35067,15,,,1,7,,35068,15,,,1,7,,35069,15,,,1,7,,35070,15,,,1,7,,35071,15,,,1,47,,35072,15,,,1,7,,35073,15,,,1,7,,35074,15,,,1,7,,35075,15,,,1,7,,35076,15,,,1,7,,35077,15,,,1,7,,35078,15,,,1,7,,35079,15,,,1,7,,35080,15,,,1,47,,35081,15,,,1,7,,35082,15,,,1,7,,35083,15,,,1,7,,35084,15,,,1,7,,35085,15,,,1,7,,35086,15,,,1,7,,35087,15,,,1,7,,35088,15,,,1,47,,35089,15,,,1,7,,35090,15,,,1,7,,35091,15,,,1,7,,35092,15,,,1,8,,35093,15,,,1,7,,35094,15,,,1,7,,35095,15,,,1,7,,35096,15,,,1,7,,35097,15,,,1,47,,35098,15,,,1,7,,35099,15,,,1,7,,35100,15,,,1,7,,35101,15,,,1,7,,35102,15,,,1,7,,35103,15,,,1,7,,35104,15,,,1,7,,35105,15,,,1,47,,35106,15,,,1,7,,35107,15,,,1,7,,35108,15,,,1,7,,35109,15,,,1,7,,35110,15,,,1,7,,35111,15,,,1,7,,35112,15,,,1,7,,35113,15,,,1,7,,35114,15,,,1,47,,35115,15,,,1,7,,35116,15,,,1,7,,35117,15,,,1,7,,35118,15,,,1,6,,35119,15,,,1,7,,35120,15,,,1,7,,35121,15,,,1,7,,35122,15,,,1,47,,35123,15,,,1,7,,35124,15,,,1,7,,35125,15,,,1,7,,35126,15,,,1,7,,35127,15,,,1,7,,35128,15,,,1,7,,35129,15,,,1,7,,35130,15,,,1,7,,35131,15,,,1,44,,35132,15,,,1,7,,35133,15,,,1,7,,35134,15,,,1,7,,35135,15,,,1,7,,35136,15,,,1,7,,35137,15,,,1,7,,35138,15,,,1,7,,35139,15,,,1,7,,35140,15,,,1,60,,35141,15,,,1,22,,35142,15,,,1,62,,35143,15,,,1,22,,35144,15,,,1,22,,35145,15,,,1,62,,35146,15,,,1,21,,35147,15,,,1,22,,35148,15,,,1,62,,35149,15,,,1,22,,35150,15,,,1,19,,35151,15,,,1,62,,35152,15,,,1,22,,35153,15,,,1,22,,35154,15,,,1
