100,'1',417,,3,40,,,1,38,,2,40,,,1,71,,1,40,,,1,83,,29,55,,,1,38,,28,55,,,1,83,,26,55,,,1,79,,27,55,,,1,32,,25,55,,,1,75,,24,55,,,1,35,,23,55,,,1,107,,22,55,,,1,153,,21,55,,,1,112,,20,55,,,1,116,,19,55,,,1,87,,30,55,,,1,84,,18,55,,,1,31,,17,55,,,1,77,,16,55,,,1,31,,15,55,,,1,74,,14,55,,,1,34,,13,55,,,1,65,,12,55,,,1,23,,11,55,,,1,97,,10,55,,,1,102,,9,55,,,1,100,,8,55,,,1,91,,7,55,,,1,95,,6,55,,,1,89,,5,55,,,1,95,,4,55,,,1
100,'2',615,,53,40,,,1,97,,31,55,,,1,103,,32,55,,,1,107,,33,55,,,1,103,,34,55,,,1,112,,35,55,,,1,95,,36,55,,,1,87,,37,55,,,1,103,,38,55,,,1,92,,39,55,,,1,92,,40,55,,,1,52,,41,55,,,1,86,,42,55,,,1,92,,43,55,,,1,91,,44,55,,,1,81,,45,55,,,1,92,,46,55,,,1,50,,47,55,,,1,97,,48,55,,,1,97,,49,55,,,1,94,,50,55,,,1,92,,51,55,,,1,96,,52,55,,,1
100,'3',805,,69,40,,,1,52,,54,55,,,1,159,,55,55,,,1,115,,56,55,,,1,115,,57,55,,,1,155,,58,55,,,1,112,,59,55,,,1,107,,60,55,,,1,112,,61,55,,,1,110,,62,55,,,1,108,,63,55,,,1,95,,64,55,,,1,99,,65,55,,,1,99,,66,55,,,1,94,,67,55,,,1,99,,68,55,,,1
100,'80',805,,85,40,,,1,52,,70,55,,,1,159,,71,55,,,1,115,,72,55,,,1,115,,73,55,,,1,155,,74,55,,,1,112,,75,55,,,1,107,,76,55,,,1,112,,77,55,,,1,110,,78,55,,,1,108,,79,55,,,1,95,,80,55,,,1,99,,81,55,,,1,99,,82,55,,,1,94,,83,55,,,1,99,,84,55,,,1
100,'81',805,,101,40,,,1,52,,86,55,,,1,159,,87,55,,,1,115,,88,55,,,1,115,,89,55,,,1,155,,90,55,,,1,112,,91,55,,,1,107,,92,55,,,1,112,,93,55,,,1,110,,94,55,,,1,108,,95,55,,,1,95,,96,55,,,1,99,,97,55,,,1,99,,98,55,,,1,94,,99,55,,,1,99,,100,55,,,1
201,'2',801,,353,7,0,212 213 209 6,1,40,,354,7,0,212 213 209 6,1,81,,355,7,0,212 213 209 6,1,80,,356,7,0,212 213 209 6,1,40,,357,7,0,212 213 209 6,1,81,,358,7,0,212 213 209 6,1,80,,359,7,0,212 213 209 6,1,40,,360,7,0,212 213 209 6,1,80,,361,7,0,212 213 209 6,1,80,,362,7,0,212 213 209 6,1,39,,363,7,0,212 213 209 6,1,80,,364,7,0,212 213 209 6,1,80,,365,7,0,212 213 209 6,1,40,,366,7,0,212 213 209 6,1,80,,367,7,0,212 213 209 6,1,80,,368,7,0,212 213 209 6,1,40,,369,7,0,212 213 209 6,1,80,,370,7,0,212 213 209 6,1,80,,371,7,0,212 213 209 6,1,40,,372,7,0,212 213 209 6,1,80,,373,7,0,212 213 209 6,1,33,,374,7,0,212 213 209 6,1,73,,375,7,0,212 213 209 6,1,73,,376,7,0,212 213 209 6,1,32,,377,7,0,212 213 209 6,1,73,,378,7,0,212 213 209 6,1
201,'3',852,,389,7,0,212 213 209 6,1,152,,379,7,0,212 213 209 6,1,117,,380,7,0,212 213 209 6,1,118,,381,7,0,212 213 209 6,1,117,,382,7,0,212 213 209 6,1,157,,383,7,0,212 213 209 6,1,117,,384,7,0,212 213 209 6,1,117,,385,7,0,212 213 209 6,1,157,,386,7,0,212 213 209 6,1,113,,387,7,0,212 213 209 6,1,115,,388,7,0,212 213 209 6,1,105,,390,7,0,212 213 209 6,1,108,,391,7,0,212 213 209 6,1
201,'80',852,,402,7,0,212 213 209 6,1,152,,392,7,0,212 213 209 6,1,117,,393,7,0,212 213 209 6,1,118,,394,7,0,212 213 209 6,1,117,,395,7,0,212 213 209 6,1,157,,396,7,0,212 213 209 6,1,117,,397,7,0,212 213 209 6,1,117,,398,7,0,212 213 209 6,1,157,,399,7,0,212 213 209 6,1,113,,400,7,0,212 213 209 6,1,115,,401,7,0,212 213 209 6,1,105,,403,7,0,212 213 209 6,1,108,,404,7,0,212 213 209 6,1
201,'81',852,,415,7,0,212 213 209 6,1,152,,405,7,0,212 213 209 6,1,117,,406,7,0,212 213 209 6,1,118,,407,7,0,212 213 209 6,1,117,,408,7,0,212 213 209 6,1,157,,409,7,0,212 213 209 6,1,117,,410,7,0,212 213 209 6,1,117,,411,7,0,212 213 209 6,1,157,,412,7,0,212 213 209 6,1,113,,413,7,0,212 213 209 6,1,115,,414,7,0,212 213 209 6,1,105,,416,7,0,212 213 209 6,1,108,,417,7,0,212 213 209 6,1
1400,'1',545,,2372,55,,,1,67,,2371,55,,,1,29,,2370,55,,,1,73,,2366,55,,,1,30,,2369,55,,,1,72,,2368,55,,,1,22,,2367,55,,,1,77,,2392,55,,,1,28,,2391,52,,,1,74,,2390,52,,,1,34,,2384,52,,,1,75,,2374,52,,,1,74,,2389,52,,,1,33,,2388,52,,,1,73,,2387,52,,,1,33,,2386,52,,,1,73,,2385,52,,,1,38,,2383,55,,,1,72,,2382,55,,,1,36,,2381,55,,,1,71,,2380,55,,,1,77,,2379,55,,,1,32,,2378,55,,,1,75,,2377,55,,,1,35,,2376,55,,,1,66,,2375,55,,,1,27,,2373,52,,,1,76,,2393,52,,,1,41,,2394,52,,,1
30500,'1',600,,8621,3,,,1,25,,8620,3,,,1,25,,8619,3,,,1,67,,8616,3,,,1,23,,8618,3,,,1,65,,8617,3,,,1
30501,'1',1627,,8628,4,,,1,25,,8627,4,,,1,68,,8626,4,,,1,26,,8625,4,,,1,61,,8624,4,,,1,25,,8623,4,,,1,25,,8622,4,,,1
