9601,'1',458,,31339,27,,,1,68,,31340,27,,,1,29,,31341,27,,,1,70,,31342,27,,,1,76,,31343,27,,,1,35,,31344,27,,,1,78,,31345,27,,,1,31,,31346,27,,,1,74,,31347,27,,,1,32,,31348,27,,,1,79,,31349,27,,,1,80,,31350,27,,,1,43,,31351,27,,,1,75,,31352,27,,,1,72,,31353,27,,,1,46,,31354,27,,,1,81,,31355,27,,,1,18,,31374,27,,,1,61,,31356,27,,,1,28,,31357,27,,,1,67,,31358,27,,,1,27,,31359,27,,,1,27,,31360,27,,,1,67,,31361,27,,,1,25,,31362,27,,,1,63,,31363,27,,,1,25,,31364,27,,,1,65,,31365,27,,,1,25,,31366,27,,,1,25,,31367,27,,,1,65,,31368,27,,,1,28,,31369,27,,,1,70,,31370,27,,,1,30,,31371,27,,,1,70,,31372,27,,,1,24,,31373,27,,,1
9601,'2',823,,31375,27,,,1,99,,31376,27,,,1,100,,31377,27,,,1,99,,31378,27,,,1,99,,31379,27,,,1,99,,31380,27,,,1,99,,31381,27,,,1,99,,31382,27,,,1,99,,31383,27,,,1,99,,31384,27,,,1,90,,31385,27,,,1,51,,31386,27,,,1,97,,31387,27,,,1
9601,'3',923,,31388,27,,,1,94,,31389,27,,,1,94,,31390,27,,,1,94,,31391,27,,,1,54,,31392,27,,,1,94,,31393,27,,,1,95,,31394,27,,,1,94,,31395,27,,,1,92,,31396,27,,,1,94,,31397,27,,,1,93,,31398,27,,,1,94,,31399,27,,,1
9601,'74',823,,31400,27,,,1,99,,31401,27,,,1,100,,31402,27,,,1,99,,31403,27,,,1,99,,31404,27,,,1,99,,31405,27,,,1,99,,31406,27,,,1,99,,31407,27,,,1,99,,31408,27,,,1,99,,31409,27,,,1,90,,31410,27,,,1,51,,31411,27,,,1,97,,31412,27,,,1
9601,'80',923,,31413,27,,,1,94,,31414,27,,,1,94,,31415,27,,,1,94,,31416,27,,,1,54,,31417,27,,,1,94,,31418,27,,,1,95,,31419,27,,,1,94,,31420,27,,,1,92,,31421,27,,,1,94,,31422,27,,,1,93,,31423,27,,,1,94,,31424,27,,,1
9801,'1',534,,31521,36,,,1,75,,31520,36,,,1,36,,31519,36,,,1,75,,31518,36,,,1,36,,31517,36,,,1,75,,31516,36,,,1,75,,31515,36,,,1,35,,31514,36,,,1,75,,31525,36,,,1,100,,31524,36,,,1,98,,31523,36,,,1,98,,31522,36,,,1,101,,31537,36,,,1,40,,31536,36,,,1,80,,31535,36,,,1,80,,31534,36,,,1,40,,31533,36,,,1,80,,31532,36,,,1,80,,31531,36,,,1,38,,31530,36,,,1,78,,31529,36,,,1,91,,31528,36,,,1,87,,31527,36,,,1,48,,31526,36,,,1
9801,'2',541,,31556,36,,,1,86,,31555,36,,,1,86,,31554,36,,,1,46,,31553,36,,,1,88,,31552,36,,,1,96,,31551,36,,,1,94,,31550,36,,,1,97,,31549,36,,,1,94,,31548,36,,,1,101,,31547,36,,,1,98,,31546,36,,,1,98,,31545,36,,,1,96,,31544,36,,,1,98,,31543,36,,,1,98,,31542,36,,,1,95,,31541,36,,,1,46,,31540,36,,,1,89,,31539,36,,,1,87,,31538,36,,,1
9801,'3',724,,31573,36,,,1,88,,31574,36,,,1,88,,31572,36,,,1,48,,31571,36,,,1,88,,31570,36,,,1,96,,31569,36,,,1,93,,31568,36,,,1,93,,31567,36,,,1,95,,31566,36,,,1,93,,31565,36,,,1,53,,31564,36,,,1,93,,31563,36,,,1,93,,31562,36,,,1,90,,31561,36,,,1,87,,31560,36,,,1,86,,31559,36,,,1,47,,31558,36,,,1,88,,31557,36,,,1
9801,'74',541,,31593,36,,,1,86,,31592,36,,,1,86,,31591,36,,,1,46,,31590,36,,,1,88,,31589,36,,,1,96,,31588,36,,,1,94,,31587,36,,,1,97,,31586,36,,,1,94,,31585,36,,,1,101,,31584,36,,,1,98,,31583,36,,,1,98,,31582,36,,,1,96,,31581,36,,,1,98,,31580,36,,,1,98,,31579,36,,,1,95,,31578,36,,,1,46,,31577,36,,,1,89,,31576,36,,,1,87,,31575,36,,,1
9801,'80',724,,31610,36,,,1,88,,31611,36,,,1,88,,31609,36,,,1,48,,31608,36,,,1,88,,31607,36,,,1,96,,31606,36,,,1,93,,31605,36,,,1,93,,31604,36,,,1,95,,31603,36,,,1,93,,31602,36,,,1,53,,31601,36,,,1,93,,31600,36,,,1,93,,31599,36,,,1,90,,31598,36,,,1,87,,31597,36,,,1,86,,31596,36,,,1,47,,31595,36,,,1,88,,31594,36,,,1
60101,'1',500,,34498,10,,,1,11,,34497,10,,,1,11,,34496,10,,,1,11,,34495,10,,,1,11,,34494,10,,,1,11,,34493,10,,,1,50,,34492,10,,,1,10,,34491,10,,,1,11,,34490,10,,,1,12,,34489,10,,,1,10,,34488,10,,,1,11,,34487,10,,,1,50,,34411,10,,,1,10,,34412,10,,,1,11,,34413,10,,,1,11,,34414,10,,,1,11,,34415,10,,,1,53,,34416,10,,,1,11,,34417,10,,,1,11,,34418,10,,,1,11,,34419,10,,,1,12,,34420,10,,,1,9,,34421,10,,,1,51,,34422,10,,,1,11,,34423,10,,,1,11,,34424,10,,,1,11,,34425,10,,,1,12,,34426,10,,,1,51,,34427,10,,,1,10,,34428,10,,,1,11,,34429,10,,,1,11,,34445,10,,,1,16,,34444,10,,,1,56,,34443,10,,,1,16,,34442,10,,,1,16,,34441,10,,,1,16,,34440,10,,,1,56,,34430,10,,,1,16,,34431,10,,,1,16,,34432,10,,,1,56,,34433,10,,,1,16,,34434,10,,,1,16,,34435,10,,,1,16,,34436,10,,,1,56,,34437,10,,,1,17,,34438,10,,,1,16,,34439,10,,,1,14,,34472,10,,,1,52,,34471,10,,,1,14,,34470,10,,,1,12,,34469,10,,,1,12,,34468,10,,,1,12,,34467,10,,,1,52,,34446,10,,,1,12,,34447,10,,,1,12,,34448,10,,,1,12,,34449,10,,,1,12,,34450,10,,,1,52,,34451,10,,,1,12,,34452,10,,,1,12,,34453,10,,,1,12,,34454,10,,,1,11,,34455,10,,,1,52,,34456,10,,,1,11,,34457,10,,,1,12,,34458,10,,,1,12,,34459,10,,,1,12,,34460,10,,,1,52,,34461,10,,,1,12,,34462,10,,,1,12,,34463,10,,,1,10,,34464,10,,,1,12,,34465,10,,,1,52,,34466,10,,,1,25,,34480,10,,,1,16,,34479,10,,,1,58,,34478,10,,,1,18,,34477,10,,,1,17,,34476,10,,,1,18,,34473,10,,,1,58,,34474,10,,,1,18,,34475,10,,,1,15,,34486,10,,,1,56,,34485,10,,,1,19,,34484,10,,,1,19,,34481,10,,,1,16,,34482,10,,,1,56,,34483,10,,,1
60101,'2',622,,34567,10,,,1,17,,34499,10,,,1,17,,34500,10,,,1,58,,34501,10,,,1,17,,34502,10,,,1,15,,34520,10,,,1,56,,34519,10,,,1,17,,34518,10,,,1,16,,34517,10,,,1,16,,34516,10,,,1,55,,34503,10,,,1,19,,34504,10,,,1,16,,34505,10,,,1,16,,34506,10,,,1,56,,34507,10,,,1,16,,34508,10,,,1,16,,34509,10,,,1,57,,34510,10,,,1,16,,34511,10,,,1,16,,34512,10,,,1,16,,34513,10,,,1,56,,34514,10,,,1,15,,34515,10,,,1,14,,34552,10,,,1,15,,34551,10,,,1,55,,34550,10,,,1,15,,34549,10,,,1,15,,34548,10,,,1,15,,34547,10,,,1,55,,34521,10,,,1,15,,34522,10,,,1,15,,34523,10,,,1,15,,34524,10,,,1,55,,34525,10,,,1,15,,34526,10,,,1,15,,34527,10,,,1,15,,34528,10,,,1,55,,34529,10,,,1,15,,34530,10,,,1,15,,34531,10,,,1,15,,34532,10,,,1,55,,34533,10,,,1,15,,34534,10,,,1,15,,34535,10,,,1,15,,34536,10,,,1,55,,34537,10,,,1,15,,34538,10,,,1,15,,34539,10,,,1,14,,34540,10,,,1,55,,34541,10,,,1,15,,34542,10,,,1,15,,34543,10,,,1,15,,34544,10,,,1,54,,34545,10,,,1,15,,34546,10,,,1,20,,34558,10,,,1,18,,34557,10,,,1,58,,34556,10,,,1,18,,34555,10,,,1,16,,34553,10,,,1,58,,34554,10,,,1,20,,34566,10,,,1,16,,34565,10,,,1,16,,34564,10,,,1,54,,34563,10,,,1,16,,34562,10,,,1,16,,34559,10,,,1,56,,34560,10,,,1,14,,34561,10,,,1
60101,'3',710,,34568,10,,,1,22,,34569,10,,,1,20,,34570,10,,,1,60,,34571,10,,,1,20,,34572,10,,,1,20,,34573,10,,,1,60,,34574,10,,,1,21,,34575,10,,,1,21,,34576,10,,,1,60,,34577,10,,,1,21,,34578,10,,,1,21,,34579,10,,,1,61,,34580,10,,,1,21,,34581,10,,,1,62,,34582,10,,,1,20,,34583,10,,,1,22,,34584,10,,,1,61,,34585,10,,,1,21,,34586,10,,,1,22,,34587,10,,,1,61,,34588,10,,,1,21,,34589,10,,,1,21,,34590,10,,,1,61,,34591,10,,,1,21,,34592,10,,,1,21,,34593,10,,,1,60,,34594,10,,,1,21,,34595,10,,,1,21,,34596,10,,,1,61,,34597,10,,,1,21,,34598,10,,,1,21,,34599,10,,,1,59,,34600,10,,,1,21,,34601,10,,,1,21,,34602,10,,,1,61,,34603,10,,,1,21,,34604,10,,,1,61,,34605,10,,,1,21,,34606,10,,,1,18,,34607,10,,,1,60,,34608,10,,,1,20,,34609,10,,,1,20,,34610,10,,,1,19,,34611,10,,,1,60,,34612,10,,,1,18,,34613,10,,,1,20,,34614,10,,,1,60,,34615,10,,,1,20,,34616,10,,,1,20,,34617,10,,,1,60,,34618,10,,,1,20,,34619,10,,,1
60101,'74',622,,34648,10,,,1,17,,34620,10,,,1,17,,34621,10,,,1,58,,34622,10,,,1,17,,34623,10,,,1,15,,34641,10,,,1,56,,34640,10,,,1,17,,34639,10,,,1,16,,34638,10,,,1,16,,34637,10,,,1,55,,34624,10,,,1,19,,34625,10,,,1,16,,34626,10,,,1,16,,34627,10,,,1,56,,34628,10,,,1,16,,34629,10,,,1,16,,34630,10,,,1,57,,34631,10,,,1,16,,34632,10,,,1,16,,34633,10,,,1,16,,34634,10,,,1,56,,34635,10,,,1,15,,34636,10,,,1,14,,34647,10,,,1,15,,34646,10,,,1,55,,34645,10,,,1,15,,34644,10,,,1,15,,34643,10,,,1,15,,34642,10,,,1,55,,34649,10,,,1,15,,34650,10,,,1,15,,34651,10,,,1,15,,34652,10,,,1,55,,34653,10,,,1,15,,34654,10,,,1,15,,34655,10,,,1,15,,34656,10,,,1,55,,34657,10,,,1,15,,34658,10,,,1,15,,34659,10,,,1,15,,34660,10,,,1,55,,34661,10,,,1,15,,34662,10,,,1,15,,34663,10,,,1,15,,34664,10,,,1,55,,34665,10,,,1,15,,34666,10,,,1,15,,34667,10,,,1,14,,34668,10,,,1,55,,34669,10,,,1,15,,34670,10,,,1,15,,34671,10,,,1,15,,34672,10,,,1,54,,34673,10,,,1,15,,34674,10,,,1,20,,34680,10,,,1,18,,34679,10,,,1,58,,34678,10,,,1,18,,34677,10,,,1,16,,34675,10,,,1,58,,34676,10,,,1,20,,34688,10,,,1,16,,34687,10,,,1,16,,34686,10,,,1,54,,34685,10,,,1,16,,34684,10,,,1,16,,34681,10,,,1,56,,34682,10,,,1,14,,34683,10,,,1
60101,'80',710,,34689,10,,,1,22,,34690,10,,,1,20,,34691,10,,,1,60,,34692,10,,,1,20,,34693,10,,,1,20,,34694,10,,,1,60,,34695,10,,,1,21,,34696,10,,,1,21,,34697,10,,,1,60,,34698,10,,,1,21,,34699,10,,,1,21,,34700,10,,,1,61,,34701,10,,,1,21,,34702,10,,,1,62,,34703,10,,,1,20,,34704,10,,,1,22,,34705,10,,,1,61,,34706,10,,,1,21,,34707,10,,,1,22,,34708,10,,,1,61,,34709,10,,,1,21,,34710,10,,,1,21,,34711,10,,,1,61,,34712,10,,,1,21,,34713,10,,,1,21,,34714,10,,,1,60,,34715,10,,,1,21,,34716,10,,,1,21,,34717,10,,,1,61,,34718,10,,,1,21,,34719,10,,,1,21,,34720,10,,,1,59,,34721,10,,,1,21,,34722,10,,,1,21,,34723,10,,,1,61,,34724,10,,,1,21,,34725,10,,,1,61,,34726,10,,,1,21,,34727,10,,,1,18,,34728,10,,,1,60,,34729,10,,,1,20,,34730,10,,,1,20,,34731,10,,,1,19,,34732,10,,,1,60,,34733,10,,,1,18,,34734,10,,,1,20,,34735,10,,,1,60,,34736,10,,,1,20,,34737,10,,,1,20,,34738,10,,,1,60,,34739,10,,,1,20,,34740,10,,,1
989901,'1',2214,,36877,36,,,1,31,,36878,36,,,1,78,,36879,36,,,1,36,,36880,36,,,1,75,,36881,36,,,1,71,,36882,36,,,1,35,,36883,36,,,1,75,,36884,36,,,1
989901,'2',2220,,36885,36,,,1,91,,36886,36,,,1,43,,36887,36,,,1,91,,36890,36,,,1,85,,36888,36,,,1,86,,36889,36,,,1
989901,'3',2232,,36891,36,,,1,88,,36892,36,,,1,83,,36893,36,,,1,49,,36894,36,,,1,79,,36895,36,,,1,83,,36896,36,,,1
989901,'74',2220,,36897,36,,,1,91,,36898,36,,,1,43,,36899,36,,,1,91,,36902,36,,,1,85,,36900,36,,,1,86,,36901,36,,,1
989901,'80',2232,,36903,36,,,1,88,,36904,36,,,1,83,,36905,36,,,1,49,,36906,36,,,1,79,,36907,36,,,1,83,,36908,36,,,1
