9901,'1',404,,31722,8,,,1,41,,31723,8,,,1,80,,31724,8,,,1,80,,31725,8,,,1,36,,31726,8,,,1,75,,31727,8,,,1,29,,31728,8,,,1,83,,31729,8,,,1,75,,31730,8,,,1,35,,31731,8,,,1,94,,31732,8,,,1,95,,31733,8,,,1,94,,31734,8,,,1,94,,31735,8,,,1,100,,31736,8,,,1,25,,31737,8,,,1,70,,31738,8,,,1,30,,31739,8,,,1,70,,31740,8,,,1,30,,31741,8,,,1,70,,31742,8,,,1,30,,31743,8,,,1,69,,31744,8,,,1,30,,31745,8,,,1,69,,31746,8,,,1,30,,31747,8,,,1,70,,31748,8,,,1,25,,31749,8,,,1,73,,31750,8,,,1,45,,31751,8,,,1
9901,'2',525,,31752,8,,,1,77,,31753,8,,,1,37,,31754,8,,,1,77,,31755,8,,,1,87,,31756,8,,,1,49,,31757,8,,,1,87,,31758,8,,,1,87,,31759,8,,,1,99,,31760,8,,,1,95,,31761,8,,,1,95,,31762,8,,,1,95,,31763,8,,,1,95,,31764,8,,,1,95,,31765,8,,,1,53,,31766,8,,,1,95,,31767,8,,,1,95,,31768,8,,,1,94,,31769,8,,,1,85,,31770,8,,,1,85,,31771,8,,,1
9901,'3',530,,31772,8,,,1,79,,31773,8,,,1,38,,31774,8,,,1,78,,31775,8,,,1,78,,31776,8,,,1,51,,31777,8,,,1,89,,31778,8,,,1,89,,31779,8,,,1,89,,31780,8,,,1,90,,31781,8,,,1,89,,31782,8,,,1,49,,31783,8,,,1,89,,31784,8,,,1,89,,31785,8,,,1,89,,31786,8,,,1,89,,31787,8,,,1,47,,31788,8,,,1,89,,31789,8,,,1,89,,31790,8,,,1,88,,31791,8,,,1,89,,31792,8,,,1,39,,31793,8,,,1
9901,'74',525,,31794,8,,,1,77,,31795,8,,,1,37,,31796,8,,,1,77,,31797,8,,,1,87,,31798,8,,,1,49,,31799,8,,,1,87,,31800,8,,,1,87,,31801,8,,,1,99,,31802,8,,,1,95,,31803,8,,,1,95,,31804,8,,,1,95,,31805,8,,,1,95,,31806,8,,,1,95,,31807,8,,,1,53,,31808,8,,,1,95,,31809,8,,,1,95,,31810,8,,,1,94,,31811,8,,,1,85,,31812,8,,,1,85,,31813,8,,,1
9901,'80',530,,31814,8,,,1,79,,31815,8,,,1,38,,31816,8,,,1,78,,31817,8,,,1,78,,31818,8,,,1,51,,31819,8,,,1,89,,31820,8,,,1,89,,31821,8,,,1,89,,31822,8,,,1,90,,31823,8,,,1,89,,31824,8,,,1,49,,31825,8,,,1,89,,31826,8,,,1,89,,31827,8,,,1,89,,31828,8,,,1,89,,31829,8,,,1,47,,31830,8,,,1,89,,31831,8,,,1,89,,31832,8,,,1,88,,31833,8,,,1,89,,31834,8,,,1,39,,31835,8,,,1
989901,'1',2229,,36877,63,,,1,71,,36878,63,,,1,38,,36879,63,,,1,75,,36880,63,,,1,35,,36881,63,,,1,71,,36882,63,,,1,35,,36883,63,,,1,75,,36884,63,,,1
989901,'2',2236,,36885,63,,,1,89,,36886,63,,,1,82,,36887,63,,,1,51,,36890,63,,,1,85,,36888,63,,,1,86,,36889,63,,,1
989901,'3',2247,,36891,63,,,1,87,,36892,63,,,1,83,,36893,63,,,1,88,,36894,63,,,1,39,,36895,63,,,1,83,,36896,63,,,1
989901,'74',2236,,36897,63,,,1,89,,36898,63,,,1,82,,36899,63,,,1,51,,36902,63,,,1,85,,36900,63,,,1,86,,36901,63,,,1
989901,'80',2247,,36903,63,,,1,87,,36904,63,,,1,83,,36905,63,,,1,88,,36906,63,,,1,39,,36907,63,,,1,83,,36908,63,,,1
