100,'1',420,,3,45,,,1,38,,2,45,,,1,71,,1,45,,,1,83,,29,60,,,1,38,,28,60,,,1,84,,26,60,,,1,79,,27,60,,,1,32,,25,60,,,1,75,,24,60,,,1,35,,23,60,,,1,146,,22,60,,,1,113,,21,60,,,1,112,,20,60,,,1,116,,19,60,,,1,87,,30,60,,,1,85,,18,60,,,1,31,,17,60,,,1,77,,16,60,,,1,31,,15,60,,,1,74,,14,60,,,1,74,,13,60,,,1,24,,12,60,,,1,23,,11,60,,,1,97,,10,60,,,1,102,,9,60,,,1,100,,8,60,,,1,91,,7,60,,,1,95,,6,60,,,1,89,,5,60,,,1,95,,4,60,,,1
100,'2',618,,53,45,,,1,97,,31,60,,,1,103,,32,60,,,1,107,,33,60,,,1,103,,34,60,,,1,112,,35,60,,,1,96,,36,60,,,1,87,,37,60,,,1,103,,38,60,,,1,92,,39,60,,,1,92,,40,60,,,1,92,,41,60,,,1,46,,42,60,,,1,92,,43,60,,,1,91,,44,60,,,1,80,,45,60,,,1,92,,46,60,,,1,50,,47,60,,,1,97,,48,60,,,1,97,,49,60,,,1,94,,50,60,,,1,92,,51,60,,,1,96,,52,60,,,1
100,'3',808,,69,45,,,1,92,,54,60,,,1,119,,55,60,,,1,115,,56,60,,,1,115,,57,60,,,1,155,,58,60,,,1,112,,59,60,,,1,107,,60,60,,,1,112,,61,60,,,1,110,,62,60,,,1,108,,63,60,,,1,95,,64,60,,,1,99,,65,60,,,1,99,,66,60,,,1,94,,67,60,,,1,99,,68,60,,,1
100,'80',808,,85,45,,,1,92,,70,60,,,1,119,,71,60,,,1,115,,72,60,,,1,115,,73,60,,,1,155,,74,60,,,1,112,,75,60,,,1,107,,76,60,,,1,112,,77,60,,,1,110,,78,60,,,1,108,,79,60,,,1,95,,80,60,,,1,99,,81,60,,,1,99,,82,60,,,1,94,,83,60,,,1,99,,84,60,,,1
100,'81',808,,101,45,,,1,92,,86,60,,,1,119,,87,60,,,1,115,,88,60,,,1,115,,89,60,,,1,155,,90,60,,,1,112,,91,60,,,1,107,,92,60,,,1,112,,93,60,,,1,110,,94,60,,,1,108,,95,60,,,1,95,,96,60,,,1,99,,97,60,,,1,99,,98,60,,,1,94,,99,60,,,1,99,,100,60,,,1
900,'1',539,,2059,4,,,1,69,,2060,4,,,1,37,,2061,4,,,1,73,,2062,4,,,1,33,,2063,4,,,1,73,,2064,4,,,1,33,,2065,4,,,1,73,,2066,4,,,1,84,,2067,4,,,1,44,,2068,4,,,1,84,,2069,4,,,1,84,,2070,4,,,1,84,,2071,4,,,1,44,,2072,4,,,1,82,,2073,4,,,1,74,,2074,4,,,1,34,,2075,4,,,1,82,,2076,4,,,1,82,,2077,4,,,1,34,,2078,4,,,1,78,,2079,4,,,1,38,,2080,4,,,1,78,,2081,4,,,1,78,,2082,4,,,1
900,'2',654,,2101,4,,,1,87,,2100,4,,,1,87,,2083,4,,,1,87,,2084,4,,,1,87,,2085,4,,,1,47,,2086,4,,,1,87,,2087,4,,,1,87,,2088,4,,,1,87,,2089,4,,,1,47,,2090,4,,,1,87,,2091,4,,,1,87,,2092,4,,,1,87,,2093,4,,,1,87,,2094,4,,,1,47,,2095,4,,,1,87,,2096,4,,,1,87,,2097,4,,,1,87,,2098,4,,,1,87,,2099,4,,,1
900,'3',756,,2102,4,,,1,87,,2103,4,,,1,87,,2104,4,,,1,87,,2105,4,,,1,87,,2106,4,,,1,47,,2107,4,,,1,87,,2108,4,,,1,87,,2109,4,,,1,87,,2110,4,,,1,47,,2111,4,,,1,87,,2112,4,,,1,87,,2113,4,,,1,87,,2114,4,,,1,87,,2115,4,,,1,47,,2116,4,,,1,87,,2117,4,,,1,87,,2118,4,,,1
900,'80',756,,2119,4,,,1,87,,2120,4,,,1,87,,2121,4,,,1,87,,2122,4,,,1,87,,2123,4,,,1,47,,2124,4,,,1,87,,2125,4,,,1,87,,2126,4,,,1,87,,2127,4,,,1,47,,2128,4,,,1,87,,2129,4,,,1,87,,2130,4,,,1,87,,2131,4,,,1,87,,2132,4,,,1,47,,2133,4,,,1,87,,2134,4,,,1,87,,2135,4,,,1
900,'81',756,,2136,4,,,1,87,,2137,4,,,1,87,,2138,4,,,1,87,,2139,4,,,1,87,,2140,4,,,1,47,,2141,4,,,1,87,,2142,4,,,1,87,,2143,4,,,1,87,,2144,4,,,1,47,,2145,4,,,1,87,,2146,4,,,1,87,,2147,4,,,1,87,,2148,4,,,1,87,,2149,4,,,1,47,,2150,4,,,1,87,,2151,4,,,1,87,,2152,4,,,1
1400,'1',548,,2372,59,,,1,67,,2371,59,,,1,29,,2370,59,,,1,73,,2366,59,,,1,30,,2369,59,,,1,72,,2368,59,,,1,22,,2367,59,,,1,77,,2392,59,,,1,28,,2391,56,,,1,74,,2390,56,,,1,34,,2384,56,,,1,75,,2374,56,,,1,74,,2389,56,,,1,33,,2388,56,,,1,73,,2387,56,,,1,33,,2386,56,,,1,73,,2385,56,,,1,38,,2383,59,,,1,72,,2382,59,,,1,76,,2381,59,,,1,31,,2380,59,,,1,77,,2379,59,,,1,32,,2378,59,,,1,75,,2377,59,,,1,35,,2376,59,,,1,66,,2375,59,,,1,27,,2373,56,,,1,76,,2393,56,,,1,81,,2394,56,,,1
40100,'24611.1',745,,9203,35,,,1
41100,'24612.1',744,,9217,35,,,1
41600,'24612.1',740,,9231,17,,,1
