9601,'1',453,,31339,23,,,1,68,,31340,23,,,1,29,,31341,23,,,1,70,,31342,23,,,1,36,,31343,23,,,1,74,,31344,23,,,1,78,,31345,23,,,1,32,,31346,23,,,1,74,,31347,23,,,1,32,,31348,23,,,1,79,,31349,23,,,1,80,,31350,23,,,1,43,,31351,23,,,1,75,,31352,23,,,1,32,,31353,23,,,1,86,,31354,23,,,1,80,,31355,23,,,1,18,,31374,23,,,1,61,,31356,23,,,1,28,,31357,23,,,1,27,,31358,23,,,1,67,,31359,23,,,1,27,,31360,23,,,1,67,,31361,23,,,1,26,,31362,23,,,1,64,,31363,23,,,1,25,,31364,23,,,1,25,,31365,23,,,1,65,,31366,23,,,1,24,,31367,23,,,1,65,,31368,23,,,1,29,,31369,23,,,1,70,,31370,23,,,1,30,,31371,23,,,1,70,,31372,23,,,1,24,,31373,23,,,1
9601,'2',818,,31375,23,,,1,99,,31376,23,,,1,100,,31377,23,,,1,99,,31378,23,,,1,99,,31379,23,,,1,99,,31380,23,,,1,99,,31381,23,,,1,99,,31382,23,,,1,99,,31383,23,,,1,99,,31384,23,,,1,90,,31385,23,,,1,52,,31386,23,,,1,97,,31387,23,,,1
9601,'3',918,,31388,23,,,1,94,,31389,23,,,1,94,,31390,23,,,1,94,,31391,23,,,1,54,,31392,23,,,1,94,,31393,23,,,1,94,,31394,23,,,1,94,,31395,23,,,1,93,,31396,23,,,1,94,,31397,23,,,1,94,,31398,23,,,1,94,,31399,23,,,1
9601,'74',818,,31400,23,,,1,99,,31401,23,,,1,100,,31402,23,,,1,99,,31403,23,,,1,99,,31404,23,,,1,99,,31405,23,,,1,99,,31406,23,,,1,99,,31407,23,,,1,99,,31408,23,,,1,99,,31409,23,,,1,90,,31410,23,,,1,52,,31411,23,,,1,97,,31412,23,,,1
9601,'80',918,,31413,23,,,1,94,,31414,23,,,1,94,,31415,23,,,1,94,,31416,23,,,1,54,,31417,23,,,1,94,,31418,23,,,1,94,,31419,23,,,1,94,,31420,23,,,1,93,,31421,23,,,1,94,,31422,23,,,1,94,,31423,23,,,1,94,,31424,23,,,1
9801,'1',531,,31521,32,,,1,75,,31520,32,,,1,36,,31519,32,,,1,75,,31518,32,,,1,36,,31517,32,,,1,75,,31516,32,,,1,75,,31515,32,,,1,35,,31514,32,,,1,75,,31525,32,,,1,100,,31524,32,,,1,98,,31523,32,,,1,98,,31522,32,,,1,101,,31537,32,,,1,40,,31536,32,,,1,80,,31535,32,,,1,80,,31534,32,,,1,40,,31533,32,,,1,80,,31532,32,,,1,80,,31531,32,,,1,38,,31530,32,,,1,78,,31529,32,,,1,91,,31528,32,,,1,87,,31527,32,,,1,48,,31526,32,,,1
9801,'2',538,,31556,32,,,1,86,,31555,32,,,1,86,,31554,32,,,1,46,,31553,32,,,1,88,,31552,32,,,1,96,,31551,32,,,1,94,,31550,32,,,1,97,,31549,32,,,1,94,,31548,32,,,1,101,,31547,32,,,1,98,,31546,32,,,1,98,,31545,32,,,1,96,,31544,32,,,1,98,,31543,32,,,1,98,,31542,32,,,1,95,,31541,32,,,1,46,,31540,32,,,1,89,,31539,32,,,1,87,,31538,32,,,1
9801,'3',721,,31573,32,,,1,88,,31574,32,,,1,48,,31572,32,,,1,88,,31571,32,,,1,88,,31570,32,,,1,96,,31569,32,,,1,93,,31568,32,,,1,93,,31567,32,,,1,95,,31566,32,,,1,93,,31565,32,,,1,53,,31564,32,,,1,93,,31563,32,,,1,93,,31562,32,,,1,90,,31561,32,,,1,87,,31560,32,,,1,86,,31559,32,,,1,47,,31558,32,,,1,88,,31557,32,,,1
9801,'74',538,,31593,32,,,1,86,,31592,32,,,1,86,,31591,32,,,1,46,,31590,32,,,1,88,,31589,32,,,1,96,,31588,32,,,1,94,,31587,32,,,1,97,,31586,32,,,1,94,,31585,32,,,1,101,,31584,32,,,1,98,,31583,32,,,1,98,,31582,32,,,1,96,,31581,32,,,1,98,,31580,32,,,1,98,,31579,32,,,1,95,,31578,32,,,1,46,,31577,32,,,1,89,,31576,32,,,1,87,,31575,32,,,1
9801,'80',721,,31610,32,,,1,88,,31611,32,,,1,48,,31609,32,,,1,88,,31608,32,,,1,88,,31607,32,,,1,96,,31606,32,,,1,93,,31605,32,,,1,93,,31604,32,,,1,95,,31603,32,,,1,93,,31602,32,,,1,53,,31601,32,,,1,93,,31600,32,,,1,93,,31599,32,,,1,90,,31598,32,,,1,87,,31597,32,,,1,86,,31596,32,,,1,47,,31595,32,,,1,88,,31594,32,,,1
60101,'1',456,,34498,9,,,1,51,,34497,9,,,1,11,,34496,9,,,1,11,,34495,9,,,1,11,,34494,9,,,1,11,,34493,9,,,1,50,,34492,9,,,1,10,,34491,9,,,1,11,,34490,9,,,1,12,,34489,9,,,1,10,,34488,9,,,1,11,,34487,9,,,1,49,,34411,9,,,1,10,,34412,9,,,1,11,,34413,9,,,1,11,,34414,9,,,1,11,,34415,9,,,1,53,,34416,9,,,1,11,,34417,9,,,1,11,,34418,9,,,1,11,,34419,9,,,1,12,,34420,9,,,1,9,,34421,9,,,1,51,,34422,9,,,1,11,,34423,9,,,1,11,,34424,9,,,1,11,,34425,9,,,1,12,,34426,9,,,1,51,,34427,9,,,1,10,,34428,9,,,1,11,,34429,9,,,1,11,,34445,9,,,1,16,,34444,9,,,1,56,,34443,9,,,1,16,,34442,9,,,1,16,,34441,9,,,1,16,,34440,9,,,1,56,,34430,9,,,1,16,,34431,9,,,1,16,,34432,9,,,1,16,,34433,9,,,1,56,,34434,9,,,1,16,,34435,9,,,1,16,,34436,9,,,1,56,,34437,9,,,1,17,,34438,9,,,1,16,,34439,9,,,1,14,,34472,9,,,1,52,,34471,9,,,1,13,,34470,9,,,1,12,,34469,9,,,1,12,,34468,9,,,1,12,,34467,9,,,1,52,,34446,9,,,1,12,,34447,9,,,1,12,,34448,9,,,1,12,,34449,9,,,1,12,,34450,9,,,1,52,,34451,9,,,1,12,,34452,9,,,1,12,,34453,9,,,1,12,,34454,9,,,1,11,,34455,9,,,1,53,,34456,9,,,1,11,,34457,9,,,1,12,,34458,9,,,1,12,,34459,9,,,1,12,,34460,9,,,1,52,,34461,9,,,1,12,,34462,9,,,1,12,,34463,9,,,1,10,,34464,9,,,1,12,,34465,9,,,1,12,,34466,9,,,1,65,,34480,9,,,1,17,,34479,9,,,1,18,,34478,9,,,1,58,,34477,9,,,1,17,,34476,9,,,1,18,,34473,9,,,1,58,,34474,9,,,1,18,,34475,9,,,1,15,,34486,9,,,1,16,,34485,9,,,1,59,,34484,9,,,1,19,,34481,9,,,1,16,,34482,9,,,1,56,,34483,9,,,1
60101,'2',618,,34567,9,,,1,17,,34499,9,,,1,17,,34500,9,,,1,58,,34501,9,,,1,17,,34502,9,,,1,15,,34520,9,,,1,16,,34519,9,,,1,57,,34518,9,,,1,16,,34517,9,,,1,16,,34516,9,,,1,55,,34503,9,,,1,18,,34504,9,,,1,16,,34505,9,,,1,16,,34506,9,,,1,56,,34507,9,,,1,16,,34508,9,,,1,16,,34509,9,,,1,17,,34510,9,,,1,56,,34511,9,,,1,16,,34512,9,,,1,16,,34513,9,,,1,56,,34514,9,,,1,15,,34515,9,,,1,14,,34552,9,,,1,15,,34551,9,,,1,55,,34550,9,,,1,15,,34549,9,,,1,15,,34548,9,,,1,15,,34547,9,,,1,55,,34521,9,,,1,15,,34522,9,,,1,15,,34523,9,,,1,15,,34524,9,,,1,55,,34525,9,,,1,15,,34526,9,,,1,15,,34527,9,,,1,15,,34528,9,,,1,55,,34529,9,,,1,15,,34530,9,,,1,15,,34531,9,,,1,15,,34532,9,,,1,55,,34533,9,,,1,15,,34534,9,,,1,15,,34535,9,,,1,15,,34536,9,,,1,55,,34537,9,,,1,15,,34538,9,,,1,15,,34539,9,,,1,14,,34540,9,,,1,15,,34541,9,,,1,55,,34542,9,,,1,15,,34543,9,,,1,15,,34544,9,,,1,15,,34545,9,,,1,55,,34546,9,,,1,20,,34558,9,,,1,18,,34557,9,,,1,58,,34556,9,,,1,18,,34555,9,,,1,16,,34553,9,,,1,58,,34554,9,,,1,20,,34566,9,,,1,16,,34565,9,,,1,16,,34564,9,,,1,54,,34563,9,,,1,16,,34562,9,,,1,16,,34559,9,,,1,16,,34560,9,,,1,54,,34561,9,,,1
60101,'3',706,,34568,9,,,1,22,,34569,9,,,1,20,,34570,9,,,1,60,,34571,9,,,1,20,,34572,9,,,1,20,,34573,9,,,1,60,,34574,9,,,1,21,,34575,9,,,1,21,,34576,9,,,1,60,,34577,9,,,1,21,,34578,9,,,1,21,,34579,9,,,1,61,,34580,9,,,1,21,,34581,9,,,1,22,,34582,9,,,1,60,,34583,9,,,1,21,,34584,9,,,1,21,,34585,9,,,1,61,,34586,9,,,1,22,,34587,9,,,1,61,,34588,9,,,1,21,,34589,9,,,1,21,,34590,9,,,1,61,,34591,9,,,1,21,,34592,9,,,1,21,,34593,9,,,1,60,,34594,9,,,1,21,,34595,9,,,1,21,,34596,9,,,1,61,,34597,9,,,1,21,,34598,9,,,1,21,,34599,9,,,1,60,,34600,9,,,1,21,,34601,9,,,1,21,,34602,9,,,1,61,,34603,9,,,1,21,,34604,9,,,1,21,,34605,9,,,1,61,,34606,9,,,1,18,,34607,9,,,1,20,,34608,9,,,1,60,,34609,9,,,1,20,,34610,9,,,1,19,,34611,9,,,1,60,,34612,9,,,1,18,,34613,9,,,1,20,,34614,9,,,1,60,,34615,9,,,1,20,,34616,9,,,1,20,,34617,9,,,1,60,,34618,9,,,1,20,,34619,9,,,1
60101,'74',618,,34648,9,,,1,17,,34620,9,,,1,17,,34621,9,,,1,58,,34622,9,,,1,17,,34623,9,,,1,15,,34641,9,,,1,16,,34640,9,,,1,57,,34639,9,,,1,16,,34638,9,,,1,16,,34637,9,,,1,55,,34624,9,,,1,18,,34625,9,,,1,16,,34626,9,,,1,16,,34627,9,,,1,56,,34628,9,,,1,16,,34629,9,,,1,16,,34630,9,,,1,17,,34631,9,,,1,56,,34632,9,,,1,16,,34633,9,,,1,16,,34634,9,,,1,56,,34635,9,,,1,15,,34636,9,,,1,14,,34647,9,,,1,15,,34646,9,,,1,55,,34645,9,,,1,15,,34644,9,,,1,15,,34643,9,,,1,15,,34642,9,,,1,55,,34649,9,,,1,15,,34650,9,,,1,15,,34651,9,,,1,15,,34652,9,,,1,55,,34653,9,,,1,15,,34654,9,,,1,15,,34655,9,,,1,15,,34656,9,,,1,55,,34657,9,,,1,15,,34658,9,,,1,15,,34659,9,,,1,15,,34660,9,,,1,55,,34661,9,,,1,15,,34662,9,,,1,15,,34663,9,,,1,15,,34664,9,,,1,55,,34665,9,,,1,15,,34666,9,,,1,15,,34667,9,,,1,14,,34668,9,,,1,15,,34669,9,,,1,55,,34670,9,,,1,15,,34671,9,,,1,15,,34672,9,,,1,15,,34673,9,,,1,55,,34674,9,,,1,20,,34680,9,,,1,18,,34679,9,,,1,58,,34678,9,,,1,18,,34677,9,,,1,16,,34675,9,,,1,58,,34676,9,,,1,20,,34688,9,,,1,16,,34687,9,,,1,16,,34686,9,,,1,54,,34685,9,,,1,16,,34684,9,,,1,16,,34681,9,,,1,16,,34682,9,,,1,54,,34683,9,,,1
60101,'80',706,,34689,9,,,1,22,,34690,9,,,1,20,,34691,9,,,1,60,,34692,9,,,1,20,,34693,9,,,1,20,,34694,9,,,1,60,,34695,9,,,1,21,,34696,9,,,1,21,,34697,9,,,1,60,,34698,9,,,1,21,,34699,9,,,1,21,,34700,9,,,1,61,,34701,9,,,1,21,,34702,9,,,1,22,,34703,9,,,1,60,,34704,9,,,1,21,,34705,9,,,1,21,,34706,9,,,1,61,,34707,9,,,1,22,,34708,9,,,1,61,,34709,9,,,1,21,,34710,9,,,1,21,,34711,9,,,1,61,,34712,9,,,1,21,,34713,9,,,1,21,,34714,9,,,1,60,,34715,9,,,1,21,,34716,9,,,1,21,,34717,9,,,1,61,,34718,9,,,1,21,,34719,9,,,1,21,,34720,9,,,1,60,,34721,9,,,1,21,,34722,9,,,1,21,,34723,9,,,1,61,,34724,9,,,1,21,,34725,9,,,1,21,,34726,9,,,1,61,,34727,9,,,1,18,,34728,9,,,1,20,,34729,9,,,1,60,,34730,9,,,1,20,,34731,9,,,1,19,,34732,9,,,1,60,,34733,9,,,1,18,,34734,9,,,1,20,,34735,9,,,1,60,,34736,9,,,1,20,,34737,9,,,1,20,,34738,9,,,1,60,,34739,9,,,1,20,,34740,9,,,1
989901,'1',2211,,36877,32,,,1,31,,36878,32,,,1,78,,36879,32,,,1,36,,36880,32,,,1,75,,36881,32,,,1,71,,36882,32,,,1,35,,36883,32,,,1,75,,36884,32,,,1
989901,'2',2217,,36885,32,,,1,91,,36886,32,,,1,43,,36887,32,,,1,91,,36890,32,,,1,85,,36888,32,,,1,86,,36889,32,,,1
989901,'3',2229,,36891,32,,,1,88,,36892,32,,,1,83,,36893,32,,,1,49,,36894,32,,,1,79,,36895,32,,,1,83,,36896,32,,,1
989901,'74',2217,,36897,32,,,1,91,,36898,32,,,1,43,,36899,32,,,1,91,,36902,32,,,1,85,,36900,32,,,1,86,,36901,32,,,1
989901,'80',2229,,36903,32,,,1,88,,36904,32,,,1,83,,36905,32,,,1,49,,36906,32,,,1,79,,36907,32,,,1,83,,36908,32,,,1
