9800,'1',612,,18683,13,,,1,35,,18682,13,,,1,73,,18681,13,,,1,35,,18680,13,,,1,75,,18679,13,,,1,75,,18678,13,,,1,98,,18674,13,,,1,98,,18671,13,,,1,54,,18676,13,,,1,98,,18675,13,,,1,80,,18663,13,,,1,77,,18673,13,,,1,40,,18672,13,,,1,80,,18670,13,,,1,80,,18669,13,,,1,40,,18668,13,,,1,86,,18667,13,,,1,80,,18666,13,,,1,95,,18665,13,,,1,91,,18664,13,,,1,50,,18677,13,,,1
9800,'2',612,,18701,13,,,1,46,,18700,13,,,1,84,,18699,13,,,1,94,,18698,13,,,1,92,,18697,13,,,1,90,,18696,13,,,1,94,,18695,13,,,1,98,,18694,13,,,1,98,,18693,13,,,1,96,,18692,13,,,1,98,,18691,13,,,1,98,,18690,13,,,1,101,,18689,13,,,1,102,,18688,13,,,1,49,,18687,13,,,1,93,,18686,13,,,1,89,,18685,13,,,1,85,,18684,13,,,1
9800,'3',757,,18717,13,,,1,88,,18716,13,,,1,88,,18715,13,,,1,91,,18714,13,,,1,93,,18713,13,,,1,89,,18712,13,,,1,53,,18711,13,,,1,93,,18710,13,,,1,93,,18709,13,,,1,93,,18708,13,,,1,93,,18707,13,,,1,98,,18706,13,,,1,88,,18705,13,,,1,91,,18704,13,,,1,47,,18703,13,,,1,88,,18702,13,,,1
9800,'80',757,,18733,13,,,1,88,,18732,13,,,1,88,,18731,13,,,1,91,,18730,13,,,1,93,,18729,13,,,1,89,,18728,13,,,1,53,,18727,13,,,1,93,,18726,13,,,1,93,,18725,13,,,1,93,,18724,13,,,1,93,,18723,13,,,1,98,,18722,13,,,1,88,,18721,13,,,1,91,,18720,13,,,1,47,,18719,13,,,1,88,,18718,13,,,1
42900,'24611.1',722,,20707,8,,,1
42901,'24611.1',1501,,20708,38,,,1
43300,'24611.1',742,,20715,16,,,1
910200,'1',1601,,22635,35,,,1,43,,22643,35,,,1,85,,22639,35,,,1,85,,22640,35,,,1,43,,22641,35,,,1
989900,'1',2117,,22653,56,,,1,34,,22654,56,,,1,78,,22655,56,,,1,78,,22656,56,,,1,35,,22657,56,,,1,71,,22658,56,,,1,35,,22659,56,,,1,75,,22660,56,,,1,36,,22661,56,0,5 6,1,75,,22662,56,0,5 6,1,79,,22663,56,0,5 6,1
989900,'2',2121,,22664,56,,,1,94,,22665,56,,,1,86,,22666,56,,,1,52,,22667,56,,,1,86,,22668,56,,,1,86,,22669,56,,,1,84,,22670,56,0,5 6,1,46,,22671,56,0,5 6,1,86,,22672,56,0,5 6,1
989900,'3',2137,,22673,56,,,1,90,,22674,56,,,1,85,,22675,56,,,1,90,,22676,56,,,1,40,,22677,56,,,1,83,,22678,56,,,1,79,,22679,56,0,5 6,1,43,,22680,56,0,5 6,1,83,,22681,56,0,5 6,1
989900,'80',2137,,22682,56,,,1,90,,22683,56,,,1,85,,22684,56,,,1,90,,22685,56,,,1,40,,22686,56,,,1,83,,22687,56,,,1,79,,22688,56,0,5 6,1,43,,22689,56,0,5 6,1,83,,22690,56,0,5 6,1
