9600,'1',626,,6908,31,,,1,83,,6907,31,,,1,31,,6906,31,,,1,77,,6905,31,,,1,27,,6904,31,,,1,79,,6901,31,,,1,34,,6902,31,,,1,70,,6903,31,,,1,32,,6916,31,,,1,69,,6915,31,,,1,79,,6909,31,,,1,39,,6910,31,,,1,79,,6911,31,,,1,83,,6912,31,,,1,25,,6913,31,,,1,87,,6914,31,,,1,83,,6922,31,,,1,27,,6921,31,,,1,70,,6920,31,,,1,27,,6917,31,,,1,27,,6918,31,,,1,62,,6919,31,,,1,27,,6925,31,,,1,64,,6926,31,,,1,13,,6936,31,,,1,12,,6924,31,,,1,25,,6923,31,,,1,73,,6933,31,,,1,70,,6932,31,,,1,15,,6935,31,,,1,14,,6927,31,,,1,30,,6928,31,,,1,70,,6929,31,,,1,30,,6930,31,,,1,70,,6931,31,,,1,17,,6934,31,,,1
9600,'2',951,,6937,31,,,1,99,,6938,31,,,1,99,,6939,31,,,1,98,,6940,31,,,1,99,,6941,31,,,1,99,,6942,31,,,1,98,,6943,31,,,1,99,,6944,31,,,1,95,,6945,31,,,1,97,,6946,31,,,1,87,,6947,31,,,1,86,,6948,31,,,1,97,,6949,31,,,1
9600,'3',1043,,6950,31,,,1,94,,6951,31,,,1,94,,6952,31,,,1,94,,6953,31,,,1,94,,6954,31,,,1,94,,6955,31,,,1,94,,6956,31,,,1,94,,6957,31,,,1,52,,6958,31,,,1,94,,6959,31,,,1,94,,6960,31,,,1,92,,6961,31,,,1
9600,'80',1043,,6962,31,,,1,94,,6963,31,,,1,94,,6964,31,,,1,94,,6965,31,,,1,94,,6966,31,,,1,94,,6967,31,,,1,94,,6968,31,,,1,94,,6969,31,,,1,52,,6970,31,,,1,94,,6971,31,,,1,94,,6972,31,,,1,92,,6973,31,,,1
9600,'81',1043,,6974,31,,,1,94,,6975,31,,,1,94,,6976,31,,,1,94,,6977,31,,,1,94,,6978,31,,,1,94,,6979,31,,,1,94,,6980,31,,,1,94,,6981,31,,,1,52,,6982,31,,,1,94,,6983,31,,,1,94,,6984,31,,,1,92,,6985,31,,,1
10700,'1',505,,7861,31,,,1,24,,7860,31,,,1,24,,7859,31,,,1,64,,7858,31,,,1,21,,7857,31,,,1,16,,7856,31,,,1,61,,7855,31,,,1,11,,7854,31,,,1,17,,7853,31,,,1,59,,7852,31,,,1,16,,7851,31,,,1,12,,7850,31,,,1,14,,7849,31,,,1,56,,7848,31,,,1,15,,7847,31,,,1,42,,7846,31,,,1,82,,7845,31,,,1,82,,7844,31,,,1,82,,7843,31,,,1,46,,7842,31,,,1,81,,7841,31,,,1,28,,7837,10,,,1,54,,7840,31,,,1,22,,7839,31,,,1,18,,7838,31,,,1,58,,7889,31,,,1,19,,7888,31,,,1,20,,7887,31,,,1,58,,7886,31,,,1,18,,7885,31,,,1,25,,7884,31,,,1,56,,7883,31,,,1,18,,7882,31,,,1,15,,7881,31,,,1,20,,7880,31,,,1,56,,7879,31,,,1,18,,7878,31,,,1,12,,7877,31,,,1,58,,7876,31,,,1,38,,7875,31,,,1,81,,7874,31,,,1,37,,7873,31,,,1,80,,7872,31,,,1,74,,7871,31,,,1,33,,7870,31,,,1,74,,7869,31,,,1,34,,7868,31,,,1,74,,7867,31,,,1,74,,7866,31,,,1,34,,7865,31,,,1,74,,7864,31,,,1,30,,7863,31,,,1,74,,7862,31,,,1
10700,'2',639,,7892,31,,,1,78,,7891,31,,,1,37,,7890,31,,,1,77,,7893,31,,,1,77,,7894,31,,,1,37,,7895,31,,,1,77,,7896,31,,,1,37,,7897,31,,,1,77,,7898,31,,,1,77,,7899,31,,,1,36,,7900,31,,,1,77,,7901,31,,,1,77,,7902,31,,,1,37,,7903,31,,,1,77,,7904,31,,,1,37,,7905,31,,,1,75,,7906,31,,,1,77,,7907,31,,,1,37,,7908,31,,,1,77,,7909,31,,,1,37,,7910,31,,,1,77,,7911,31,,,1,77,,7912,31,,,1,37,,7913,31,,,1,77,,7914,31,,,1,77,,7915,31,,,1,37,,7916,31,,,1,77,,7917,31,,,1,37,,7918,31,,,1,77,,7919,31,,,1,77,,7920,31,,,1,36,,7921,31,,,1,77,,7923,31,,,1,37,,7922,31,,,1
10700,'3',723,,7935,10,,,1,77,,7936,10,,,1,28,,7937,31,,,1,77,,7938,31,,,1,38,,7939,31,,,1,77,,7940,31,,,1,37,,7941,31,,,1,77,,7942,31,,,1,77,,7943,31,,,1,37,,7944,31,,,1,77,,7945,31,,,1,77,,7946,31,,,1,35,,7947,31,,,1,77,,7948,31,,,1,37,,7952,31,,,1,77,,7951,31,,,1,77,,7953,31,,,1,37,,7954,31,,,1,77,,7955,31,,,1,37,,7956,31,,,1,77,,7924,31,,,1,77,,7925,31,,,1,37,,7926,31,,,1,77,,7949,31,,,1,77,,7927,31,,,1,37,,7928,31,,,1,77,,7929,31,,,1,37,,7930,31,,,1,77,,7931,31,,,1,77,,7932,31,,,1,37,,7933,31,,,1,77,,7950,31,,,1,37,,7934,31,,,1
10700,'80',723,,7968,10,,,1,77,,7969,10,,,1,28,,7970,31,,,1,77,,7971,31,,,1,38,,7972,31,,,1,77,,7973,31,,,1,37,,7974,31,,,1,77,,7975,31,,,1,77,,7976,31,,,1,37,,7977,31,,,1,77,,7978,31,,,1,77,,7979,31,,,1,35,,7980,31,,,1,77,,7981,31,,,1,37,,7985,31,,,1,77,,7984,31,,,1,77,,7986,31,,,1,37,,7987,31,,,1,77,,7988,31,,,1,37,,7989,31,,,1,77,,7957,31,,,1,77,,7958,31,,,1,37,,7959,31,,,1,77,,7982,31,,,1,77,,7960,31,,,1,37,,7961,31,,,1,77,,7962,31,,,1,37,,7963,31,,,1,77,,7964,31,,,1,77,,7965,31,,,1,37,,7966,31,,,1,77,,7983,31,,,1,37,,7967,31,,,1
10700,'81',723,,7993,10,,,1,77,,7994,10,,,1,28,,7995,31,,,1,77,,7996,31,,,1,38,,7997,31,,,1,77,,7998,31,,,1,37,,7999,31,,,1,77,,8000,31,,,1,77,,8001,31,,,1,37,,8002,31,,,1,77,,8003,31,,,1,77,,8004,31,,,1,35,,8005,31,,,1,77,,8006,31,,,1,37,,8009,31,,,1,77,,8008,31,,,1,77,,8010,31,,,1,37,,8011,31,,,1,77,,8012,31,,,1,37,,8013,31,,,1,77,,7990,31,,,1,77,,7991,31,,,1,37,,7992,31,,,1,77,,8007,31,,,1,77,,8014,31,,,1,37,,8015,31,,,1,77,,8016,31,,,1,37,,8017,31,,,1,77,,8018,31,,,1,77,,8019,31,,,1,37,,8020,31,,,1,77,,8022,31,,,1,37,,8021,31,,,1
