1601,'1',524,,26620,16,,,1,22,,26621,16,,,1,62,,26622,16,,,1,21,,26623,16,,,1,5,,26588,57,,,1,67,,26587,57,,,1,22,,26579,57,,,1,22,,26580,57,,,1,69,,26581,57,,,1,22,,26582,57,,,1,22,,26583,57,,,1,62,,26584,57,,,1,9,,26585,57,,,1,26,,26586,57,,,1,61,,26599,57,,,1,24,,26598,57,,,1,68,,26589,57,,,1,32,,26590,57,,,1,71,,26591,57,,,1,29,,26592,57,,,1,71,,26593,57,,,1,31,,26594,57,,,1,69,,26595,57,,,1,25,,26624,16,,,1,13,,26596,57,,,1,70,,26597,57,,,1,21,,26616,57,,,1,63,,26615,57,,,1,23,,26600,57,,,1,17,,26601,57,,,1,69,,26602,57,,,1,24,,26603,57,,,1,23,,26604,57,,,1,63,,26605,57,,,1,21,,26606,57,,,1,63,,26607,57,,,1,14,,26608,57,,,1,23,,26609,57,,,1,63,,26610,57,,,1,23,,26611,57,,,1,23,,26612,57,,,1,63,,26613,57,,,1,19,,26614,57,,,1,68,,26619,57,,,1,34,,26617,57,,,1,70,,26618,57,,,1,34,,26625,57,,,1
1601,'2',632,,26652,16,,,1,78,,26653,16,,,1,30,,26635,57,,,1,80,,26626,57,,,1,38,,26627,57,,,1,80,,26628,57,,,1,78,,26629,57,,,1,38,,26630,57,,,1,78,,26631,57,,,1,80,,26632,57,,,1,38,,26633,57,,,1,78,,26634,57,,,1,83,,26644,57,,,1,42,,26636,57,,,1,81,,26637,57,,,1,81,,26638,57,,,1,39,,26639,57,,,1,81,,26640,57,,,1,81,,26641,57,,,1,41,,26642,57,,,1,77,,26643,57,,,1,79,,26651,57,,,1,32,,26645,57,,,1,76,,26646,57,,,1,38,,26647,57,,,1,71,,26648,57,,,1,76,,26649,57,,,1,33,,26650,57,,,1
1601,'3',821,,26654,57,,,1,95,,26655,57,,,1,97,,26656,57,,,1,95,,26657,57,,,1,95,,26658,57,,,1,55,,26659,57,,,1,100,,26660,57,,,1,95,,26661,57,,,1,98,,26662,57,,,1,98,,26663,57,,,1,97,,26664,57,,,1,92,,26665,57,,,1,89,,26666,57,,,1,92,,26667,57,,,1,92,,26668,57,,,1,89,,26669,57,,,1
1601,'74',632,,26696,16,,,1,78,,26697,16,,,1,30,,26679,57,,,1,80,,26670,57,,,1,38,,26671,57,,,1,80,,26672,57,,,1,78,,26673,57,,,1,38,,26674,57,,,1,78,,26675,57,,,1,80,,26676,57,,,1,38,,26677,57,,,1,78,,26678,57,,,1,83,,26688,57,,,1,42,,26680,57,,,1,81,,26681,57,,,1,81,,26682,57,,,1,39,,26683,57,,,1,81,,26684,57,,,1,81,,26685,57,,,1,41,,26686,57,,,1,77,,26687,57,,,1,79,,26695,57,,,1,32,,26689,57,,,1,76,,26690,57,,,1,38,,26691,57,,,1,71,,26692,57,,,1,76,,26693,57,,,1,33,,26694,57,,,1
1601,'80',821,,26698,57,,,1,95,,26699,57,,,1,97,,26700,57,,,1,95,,26701,57,,,1,95,,26702,57,,,1,55,,26703,57,,,1,100,,26704,57,,,1,95,,26705,57,,,1,98,,26706,57,,,1,98,,26707,57,,,1,97,,26708,57,,,1,92,,26709,57,,,1,89,,26710,57,,,1,92,,26711,57,,,1,92,,26712,57,,,1,89,,26713,57,,,1
8501,'1',449,,29840,4,,,1,56,,29839,4,,,1,15,,29801,16,,,1,16,,29800,16,,,1,16,,29799,16,,,1,56,,29798,16,,,1,16,,29797,16,,,1,16,,29796,16,,,1,16,,29795,16,,,1,56,,29787,16,,,1,16,,29788,16,,,1,16,,29789,16,,,1,56,,29790,16,,,1,16,,29791,16,,,1,16,,29792,16,,,1,16,,29793,16,,,1,55,,29794,16,,,1,26,,29811,16,,,1,25,,29810,16,,,1,64,,29809,16,,,1,25,,29802,16,,,1,65,,29803,16,,,1,25,,29804,16,,,1,25,,29805,16,,,1,65,,29806,16,,,1,25,,29807,16,,,1,65,,29808,16,,,1,25,,29812,16,,,1,65,,29813,16,,,1,22,,29814,16,,,1,16,,29841,16,,,1,16,,29842,16,,,1,56,,29831,16,,,1,14,,29830,16,,,1,16,,29829,16,,,1,62,,29828,16,,,1,17,,29827,16,,,1,16,,29815,16,,,1,19,,29816,16,,,1,53,,29817,16,,,1,18,,29818,16,,,1,16,,29819,16,,,1,11,,29820,16,,,1,59,,29821,16,,,1,13,,29822,16,,,1,16,,29823,16,,,1,16,,29824,16,,,1,57,,29825,16,,,1,20,,29826,16,,,1,72,,29834,16,,,1,28,,29833,16,,,1,65,,29832,16,,,1,22,,29838,16,,,1,29,,29837,16,,,1,71,,29835,16,,,1,32,,29836,16,,,1
8501,'2',642,,29858,16,,,1,70,,29859,16,,,1,30,,29860,16,,,1,72,,29861,16,,,1,30,,29862,16,,,1,70,,29863,16,,,1,30,,29864,16,,,1,70,,29865,16,,,1,30,,29866,16,,,1,70,,29843,16,,,1,23,,29844,16,,,1,65,,29845,16,,,1,23,,29846,16,,,1,23,,29847,16,,,1,63,,29848,16,,,1,23,,29849,16,,,1,23,,29850,16,,,1,63,,29851,16,,,1,23,,29852,16,,,1,63,,29853,16,,,1,23,,29854,16,,,1,23,,29855,16,,,1,63,,29856,16,,,1,21,,29857,16,,,1,21,,29867,16,,,1,62,,29868,16,,,1,23,,29869,16,,,1,61,,29870,16,,,1,21,,29871,16,,,1,18,,29872,16,,,1,61,,29873,16,,,1,21,,29874,16,,,1,21,,29875,16,,,1,61,,29876,16,,,1,21,,29877,16,,,1,21,,29878,16,,,1,61,,29879,16,,,1,30,,29880,16,,,1,70,,29881,16,,,1,30,,29882,16,,,1
8501,'3',835,,29885,16,,,1,82,,29886,16,,,1,40,,29887,16,,,1,80,,29888,16,,,1,83,,29889,16,,,1,83,,29890,16,,,1,43,,29891,16,,,1,83,,29892,16,,,1,83,,29893,16,,,1,43,,29894,16,,,1,83,,29895,16,,,1,80,,29896,16,,,1,82,,29897,16,,,1,44,,29898,16,,,1,76,,29899,16,,,1,81,,29900,16,,,1,43,,29901,16,,,1,79,,29883,16,,,1,81,,29884,16,,,1
8501,'74',642,,29902,16,,,1,70,,29903,16,,,1,30,,29904,16,,,1,72,,29905,16,,,1,30,,29906,16,,,1,70,,29907,16,,,1,30,,29908,16,,,1,70,,29909,16,,,1,30,,29910,16,,,1,70,,29911,16,,,1,23,,29912,16,,,1,65,,29913,16,,,1,23,,29914,16,,,1,23,,29915,16,,,1,63,,29916,16,,,1,23,,29917,16,,,1,23,,29918,16,,,1,63,,29919,16,,,1,23,,29920,16,,,1,63,,29921,16,,,1,23,,29922,16,,,1,23,,29923,16,,,1,63,,29924,16,,,1,21,,29925,16,,,1,21,,29926,16,,,1,62,,29927,16,,,1,23,,29928,16,,,1,61,,29929,16,,,1,21,,29930,16,,,1,18,,29931,16,,,1,61,,29932,16,,,1,21,,29933,16,,,1,21,,29934,16,,,1,61,,29935,16,,,1,21,,29936,16,,,1,21,,29937,16,,,1,61,,29938,16,,,1,30,,29939,16,,,1,70,,29940,16,,,1,30,,29941,16,,,1
8501,'80',835,,29942,16,,,1,82,,29943,16,,,1,40,,29944,16,,,1,80,,29945,16,,,1,83,,29946,16,,,1,83,,29947,16,,,1,43,,29948,16,,,1,83,,29949,16,,,1,83,,29950,16,,,1,43,,29951,16,,,1,83,,29952,16,,,1,80,,29953,16,,,1,82,,29954,16,,,1,44,,29955,16,,,1,76,,29958,16,,,1,81,,29959,16,,,1,43,,29960,16,,,1,79,,29956,16,,,1,81,,29957,16,,,1
