8000,'1',543,,5106,2,,,1,69,,5107,2,,,1,29,,5108,2,,,1,69,,5109,2,,,1,29,,5110,2,,,1,69,,5111,2,,,1,29,,5112,2,,,1,69,,5113,2,,,1,29,,5115,2,,,1,90,,5114,2,,,1,90,,5088,2,,,1,90,,5116,2,,,1,50,,5093,2,,,1,88,,5094,2,,,1,64,,5118,2,,,1,28,,5095,2,,,1,69,,5096,2,,,1,29,,5097,2,,,1,69,,5098,2,,,1,29,,5099,2,,,1,69,,5100,2,,,1,29,,5101,2,,,1,29,,5102,2,,,1,69,,5103,2,,,1,29,,5104,2,,,1,69,,5117,2,,,1,89,,5089,2,,,1,89,,5090,2,,,1,49,,5091,2,,,1,89,,5092,2,,,1,89,,5105,2,,,1
8000,'2',656,,5119,2,,,1,84,,5120,2,,,1,95,,5121,2,,,1,98,,5122,2,,,1,98,,5123,2,,,1,98,,5124,2,,,1,96,,5125,2,,,1,98,,5126,2,,,1,98,,5127,2,,,1,98,,5128,2,,,1,98,,5129,2,,,1,97,,5130,2,,,1,98,,5131,2,,,1,96,,5132,2,,,1,93,,5133,2,,,1
8000,'3',918,,5147,2,,,1,85,,5148,2,,,1,45,,5146,2,,,1,85,,5149,2,,,1,85,,5150,2,,,1,85,,5134,2,,,1,45,,5135,2,,,1,85,,5136,2,,,1,85,,5137,2,,,1,85,,5138,2,,,1,45,,5139,2,,,1,85,,5140,2,,,1,85,,5141,2,,,1,85,,5142,2,,,1,45,,5143,2,,,1,85,,5144,2,,,1,85,,5145,2,,,1
8000,'80',918,,5164,2,,,1,85,,5165,2,,,1,45,,5163,2,,,1,85,,5166,2,,,1,85,,5167,2,,,1,85,,5151,2,,,1,45,,5152,2,,,1,85,,5153,2,,,1,85,,5154,2,,,1,85,,5155,2,,,1,45,,5156,2,,,1,85,,5157,2,,,1,85,,5158,2,,,1,85,,5159,2,,,1,45,,5160,2,,,1,85,,5161,2,,,1,85,,5162,2,,,1
8000,'81',918,,5181,2,,,1,85,,5182,2,,,1,45,,5180,2,,,1,85,,5183,2,,,1,85,,5184,2,,,1,85,,5168,2,,,1,45,,5169,2,,,1,85,,5170,2,,,1,85,,5171,2,,,1,85,,5172,2,,,1,45,,5173,2,,,1,85,,5174,2,,,1,85,,5175,2,,,1,85,,5176,2,,,1,45,,5177,2,,,1,85,,5178,2,,,1,85,,5179,2,,,1
8301,'1',1432,,5383,13,,,1,168,,5368,12,,,1
8801,'1',528,,6043,2,,,1
44001,'24611.1',1423,,9273,1,,,1
44300,'24612.1',737,,9275,13,,,1
45001,'24611.1',1423,,9290,2,,,1
