7700,'1',418,,28964,26,,,1,15,,28965,26,,,1,15,,28966,26,,,1,55,,28967,26,,,1,15,,28968,26,,,1,9,,28926,39,,,1,17,,28925,39,,,1,13,,28924,39,,,1,60,,28923,39,,,1,15,,28921,39,,,1,21,,28922,39,,,1,53,,28941,39,,,1,16,,28940,39,,,1,16,,28939,39,,,1,65,,28938,39,,,1,16,,28937,39,,,1,16,,28936,39,,,1,16,,28927,39,,,1,53,,28928,39,,,1,16,,28929,39,,,1,16,,28930,39,,,1,16,,28931,39,,,1,53,,28932,39,,,1,12,,28933,39,,,1,16,,28934,39,,,1,71,,28935,39,,,1,34,,28949,39,,,1,70,,28948,39,,,1,30,,28947,39,,,1,70,,28942,39,,,1,33,,28943,39,,,1,61,,28969,26,,,1,9,,28944,39,,,1,28,,28970,26,,,1,2,,28945,39,,,1,75,,28946,39,,,1,20,,28971,26,,,1,3,,28963,39,,,1,19,,28962,39,,,1,66,,28961,39,,,1,24,,28960,39,,,1,59,,28959,39,,,1,19,,28950,39,,,1,19,,28951,39,,,1,59,,28952,39,,,1,14,,28953,39,,,1,13,,28954,39,,,1,19,,28955,39,,,1,50,,28956,39,,,1,19,,28957,39,,,1,15,,28958,39,,,1,14,,28972,39,,,1,59,,28973,39,,,1,19,,28974,39,,,1,19,,28975,39,,,1,69,,28978,39,,,1,27,,28977,39,,,1,67,,28976,39,,,1,40,,28987,39,,,1,73,,28986,39,,,1,28,,28985,39,,,1,73,,28979,39,,,1,33,,28980,39,,,1,73,,28981,39,,,1,73,,28982,39,,,1,33,,28983,39,,,1,73,,28984,39,,,1
7700,'2',457,,28988,26,,,1,70,,28989,39,,,1,75,,28990,39,,,1,35,,28991,39,,,1,76,,28992,39,,,1,35,,28993,39,,,1,75,,28994,39,,,1,36,,28995,39,,,1,75,,28996,39,,,1,75,,28997,39,,,1,49,,28998,39,,,1,81,,28999,39,,,1,81,,29000,39,,,1,87,,29001,39,,,1,41,,29002,39,,,1,81,,29003,39,,,1,77,,29005,39,,,1,33,,29006,39,,,1,73,,29007,39,,,1,30,,29008,39,,,1,73,,29009,39,,,1,33,,29010,39,,,1,70,,29011,39,,,1,34,,29012,39,,,1,70,,29013,39,,,1,28,,29014,39,,,1,70,,29015,39,,,1,30,,29016,39,,,1,64,,29017,39,,,1,30,,29018,39,,,1,73,,29019,39,,,1,30,,29020,39,,,1,70,,29021,39,,,1,26,,29022,39,,,1,70,,29023,39,,,1,23,,29004,39,,,1,69,,29024,39,,,1,33,,29025,39,,,1,73,,29026,39,,,1,33,,29027,39,,,1,73,,29028,39,,,1
7700,'74',457,,29053,26,,,1,70,,29054,39,,,1,75,,29055,39,,,1,35,,29056,39,,,1,76,,29057,39,,,1,35,,29058,39,,,1,75,,29059,39,,,1,36,,29060,39,,,1,75,,29061,39,,,1,75,,29062,39,,,1,49,,29063,39,,,1,81,,29064,39,,,1,81,,29065,39,,,1,87,,29066,39,,,1,41,,29067,39,,,1,81,,29068,39,,,1,77,,29070,39,,,1,33,,29071,39,,,1,73,,29072,39,,,1,30,,29073,39,,,1,73,,29074,39,,,1,33,,29075,39,,,1,70,,29076,39,,,1,34,,29077,39,,,1,70,,29078,39,,,1,28,,29079,39,,,1,70,,29080,39,,,1,30,,29081,39,,,1,64,,29082,39,,,1,30,,29083,39,,,1,73,,29084,39,,,1,30,,29085,39,,,1,70,,29086,39,,,1,26,,29087,39,,,1,70,,29088,39,,,1,23,,29069,39,,,1,69,,29089,39,,,1,33,,29090,39,,,1,73,,29091,39,,,1,33,,29092,39,,,1,73,,29093,39,,,1
9901,'1',422,,31722,36,,,1,81,,31723,36,,,1,40,,31724,36,,,1,82,,31725,36,,,1,82,,31726,36,,,1,35,,31727,36,,,1,71,,31728,36,,,1,43,,31729,36,,,1,72,,31730,36,,,1,75,,31731,36,,,1,54,,31732,36,,,1,99,,31733,36,,,1,94,,31734,36,,,1,94,,31735,36,,,1,100,,31736,36,,,1,67,,31737,36,,,1,30,,31738,36,,,1,70,,31739,36,,,1,30,,31740,36,,,1,70,,31741,36,,,1,30,,31742,36,,,1,70,,31743,36,,,1,26,,31744,36,,,1,70,,31745,36,,,1,26,,31746,36,,,1,70,,31747,36,,,1,30,,31748,36,,,1,25,,31749,36,,,1,70,,31750,36,,,1,85,,31751,36,,,1
9901,'2',544,,31752,36,,,1,77,,31753,36,,,1,37,,31754,36,,,1,77,,31755,36,,,1,87,,31756,36,,,1,92,,31757,36,,,1,89,,31758,36,,,1,47,,31759,36,,,1,103,,31760,36,,,1,97,,31761,36,,,1,95,,31762,36,,,1,95,,31763,36,,,1,95,,31764,36,,,1,95,,31765,36,,,1,92,,31766,36,,,1,93,,31767,36,,,1,95,,31768,36,,,1,91,,31769,36,,,1,45,,31770,36,,,1,85,,31771,36,,,1
9901,'3',548,,31772,36,,,1,81,,31773,36,,,1,78,,31774,36,,,1,38,,31775,36,,,1,78,,31776,36,,,1,93,,31777,36,,,1,89,,31778,36,,,1,49,,31779,36,,,1,89,,31780,36,,,1,94,,31781,36,,,1,89,,31782,36,,,1,89,,31783,36,,,1,89,,31784,36,,,1,49,,31785,36,,,1,89,,31786,36,,,1,89,,31787,36,,,1,84,,31788,36,,,1,89,,31789,36,,,1,49,,31790,36,,,1,86,,31791,36,,,1,89,,31792,36,,,1,79,,31793,36,,,1
9901,'74',544,,31794,36,,,1,77,,31795,36,,,1,37,,31796,36,,,1,77,,31797,36,,,1,87,,31798,36,,,1,92,,31799,36,,,1,89,,31800,36,,,1,47,,31801,36,,,1,103,,31802,36,,,1,97,,31803,36,,,1,95,,31804,36,,,1,95,,31805,36,,,1,95,,31806,36,,,1,95,,31807,36,,,1,92,,31808,36,,,1,93,,31809,36,,,1,95,,31810,36,,,1,91,,31811,36,,,1,45,,31812,36,,,1,85,,31813,36,,,1
9901,'80',548,,31814,36,,,1,81,,31815,36,,,1,78,,31816,36,,,1,38,,31817,36,,,1,78,,31818,36,,,1,93,,31819,36,,,1,89,,31820,36,,,1,49,,31821,36,,,1,89,,31822,36,,,1,94,,31823,36,,,1,89,,31824,36,,,1,89,,31825,36,,,1,89,,31826,36,,,1,49,,31827,36,,,1,89,,31828,36,,,1,89,,31829,36,,,1,84,,31830,36,,,1,89,,31831,36,,,1,49,,31832,36,,,1,86,,31833,36,,,1,89,,31834,36,,,1,79,,31835,36,,,1
36001,'1',1008,,33821,17,,,1,29,,33822,17,,,1,70,,33823,17,,,1,26,,33824,17,,,1,25,,33837,17,,,1,84,,33836,17,,,1,84,,33825,17,,,1,84,,33826,17,,,1,44,,33827,17,,,1,87,,33828,17,,,1,84,,33829,17,,,1,88,,33830,17,,,1,42,,33831,17,,,1,81,,33832,17,,,1,85,,33833,17,,,1,84,,33834,17,,,1,42,,33835,17,,,1,84,,33843,17,,,1,26,,33842,17,,,1,66,,33838,17,,,1,26,,33839,17,,,1,66,,33840,17,,,1,26,,33841,17,,,1
36001,'2',1006,,33844,17,,,1,23,,33845,17,,,1,23,,33846,17,,,1,63,,33847,17,,,1,23,,33848,17,,,1,62,,33849,17,,,1,23,,33850,17,,,1,24,,33851,17,,,1,63,,33852,17,,,1,23,,33853,17,,,1,23,,33854,17,,,1,63,,33855,17,,,1,23,,33856,17,,,1,63,,33857,17,,,1,23,,33858,17,,,1,22,,33859,17,,,1,63,,33860,17,,,1,23,,33861,17,,,1,66,,33862,17,,,1,23,,33863,17,,,1,20,,33864,17,,,1,64,,33865,17,,,1,23,,33866,17,,,1,68,,33879,17,,,1,24,,33878,17,,,1,20,,33867,17,,,1,64,,33868,17,,,1,24,,33869,17,,,1,26,,33870,17,,,1,62,,33871,17,,,1,22,,33872,17,,,1,64,,33873,17,,,1,24,,33874,17,,,1,24,,33875,17,,,1,64,,33876,17,,,1,24,,33877,17,,,1
36001,'3',1000,,33880,17,,,1,22,,33881,17,,,1,22,,33882,17,,,1,62,,33883,17,,,1,19,,33884,17,,,1,22,,33885,17,,,1,64,,33886,17,,,1,22,,33887,17,,,1,22,,33888,17,,,1,62,,33889,17,,,1,23,,33890,17,,,1,62,,33891,17,,,1,22,,33892,17,,,1,20,,33893,17,,,1,65,,33894,17,,,1,22,,33895,17,,,1,22,,33896,17,,,1,62,,33897,17,,,1,23,,33898,17,,,1,62,,33899,17,,,1,22,,33900,17,,,1,22,,33901,17,,,1,62,,33902,17,,,1,22,,33903,17,,,1,22,,33904,17,,,1,67,,33905,17,,,1,21,,33917,17,,,1,17,,33916,17,,,1,63,,33906,17,,,1,23,,33907,17,,,1,63,,33908,17,,,1,23,,33909,17,,,1,23,,33910,17,,,1,61,,33911,17,,,1,23,,33912,17,,,1,23,,33913,17,,,1,63,,33914,17,,,1,23,,33915,17,,,1
36001,'74',1006,,33918,17,,,1,23,,33919,17,,,1,23,,33920,17,,,1,63,,33921,17,,,1,23,,33922,17,,,1,62,,33923,17,,,1,23,,33924,17,,,1,24,,33925,17,,,1,63,,33926,17,,,1,23,,33927,17,,,1,23,,33928,17,,,1,63,,33929,17,,,1,23,,33930,17,,,1,63,,33931,17,,,1,23,,33932,17,,,1,22,,33933,17,,,1,63,,33934,17,,,1,23,,33935,17,,,1,66,,33936,17,,,1,23,,33937,17,,,1,20,,33938,17,,,1,64,,33939,17,,,1,23,,33940,17,,,1,68,,33942,17,,,1,24,,33941,17,,,1,20,,33943,17,,,1,64,,33944,17,,,1,24,,33945,17,,,1,26,,33946,17,,,1,62,,33947,17,,,1,22,,33948,17,,,1,64,,33949,17,,,1,24,,33950,17,,,1,24,,33951,17,,,1,64,,33952,17,,,1,24,,33953,17,,,1,64,,33954,17,,,1
36001,'80',1000,,33955,17,,,1,22,,33956,17,,,1,22,,33957,17,,,1,62,,33958,17,,,1,19,,33959,17,,,1,22,,33960,17,,,1,64,,33961,17,,,1,22,,33962,17,,,1,22,,33963,17,,,1,62,,33964,17,,,1,23,,33965,17,,,1,62,,33966,17,,,1,22,,33967,17,,,1,20,,33968,17,,,1,65,,33969,17,,,1,22,,33970,17,,,1,22,,33971,17,,,1,62,,33972,17,,,1,23,,33973,17,,,1,62,,33974,17,,,1,22,,33975,17,,,1,22,,33976,17,,,1,62,,33977,17,,,1,22,,33978,17,,,1,22,,33979,17,,,1,67,,33980,17,,,1,21,,33992,17,,,1,17,,33991,17,,,1,63,,33981,17,,,1,23,,33982,17,,,1,63,,33983,17,,,1,23,,33984,17,,,1,23,,33985,17,,,1,61,,33986,17,,,1,23,,33987,17,,,1,23,,33988,17,,,1,63,,33989,17,,,1,23,,33990,17,,,1
989901,'1',2248,,36877,91,,,1,69,,36878,91,,,1,38,,36879,91,,,1,74,,36880,91,,,1,75,,36881,91,,,1,29,,36882,91,,,1,75,,36883,91,,,1,35,,36884,91,,,1
989901,'2',2256,,36885,91,,,1,87,,36886,91,,,1,81,,36887,91,,,1,91,,36890,91,,,1,85,,36888,91,,,1,46,,36889,91,,,1
989901,'3',2304,,36891,91,,,1,47,,36892,91,,,1,83,,36893,91,,,1,85,,36894,91,,,1,39,,36895,91,,,1,83,,36896,91,,,1
989901,'74',2256,,36897,91,,,1,87,,36898,91,,,1,81,,36899,91,,,1,91,,36902,91,,,1,85,,36900,91,,,1,46,,36901,91,,,1
989901,'80',2304,,36903,91,,,1,47,,36904,91,,,1,83,,36905,91,,,1,85,,36906,91,,,1,39,,36907,91,,,1,83,,36908,91,,,1
