9901,'1',416,,31722,26,,,1,41,,31723,26,,,1,80,,31724,26,,,1,82,,31725,26,,,1,39,,31726,26,,,1,75,,31727,26,,,1,70,,31728,26,,,1,43,,31729,26,,,1,74,,31730,26,,,1,35,,31731,26,,,1,94,,31732,26,,,1,98,,31733,26,,,1,94,,31734,26,,,1,94,,31735,26,,,1,100,,31736,26,,,1,66,,31737,26,,,1,30,,31738,26,,,1,70,,31739,26,,,1,30,,31740,26,,,1,70,,31741,26,,,1,30,,31742,26,,,1,70,,31743,26,,,1,28,,31744,26,,,1,30,,31745,26,,,1,66,,31746,26,,,1,30,,31747,26,,,1,70,,31748,26,,,1,25,,31749,26,,,1,71,,31750,26,,,1,85,,31751,26,,,1
9901,'2',538,,31752,26,,,1,77,,31753,26,,,1,37,,31754,26,,,1,77,,31755,26,,,1,87,,31756,26,,,1,91,,31757,26,,,1,48,,31758,26,,,1,87,,31759,26,,,1,102,,31760,26,,,1,97,,31761,26,,,1,95,,31762,26,,,1,95,,31763,26,,,1,95,,31764,26,,,1,95,,31765,26,,,1,92,,31766,26,,,1,94,,31767,26,,,1,95,,31768,26,,,1,51,,31769,26,,,1,85,,31770,26,,,1,85,,31771,26,,,1
9901,'3',542,,31772,26,,,1,81,,31773,26,,,1,78,,31774,26,,,1,38,,31775,26,,,1,78,,31776,26,,,1,92,,31777,26,,,1,49,,31778,26,,,1,89,,31779,26,,,1,89,,31780,26,,,1,93,,31781,26,,,1,89,,31782,26,,,1,89,,31783,26,,,1,49,,31784,26,,,1,89,,31785,26,,,1,89,,31786,26,,,1,89,,31787,26,,,1,85,,31788,26,,,1,49,,31789,26,,,1,89,,31790,26,,,1,86,,31791,26,,,1,89,,31792,26,,,1,79,,31793,26,,,1
9901,'74',538,,31794,26,,,1,77,,31795,26,,,1,37,,31796,26,,,1,77,,31797,26,,,1,87,,31798,26,,,1,91,,31799,26,,,1,48,,31800,26,,,1,87,,31801,26,,,1,102,,31802,26,,,1,97,,31803,26,,,1,95,,31804,26,,,1,95,,31805,26,,,1,95,,31806,26,,,1,95,,31807,26,,,1,92,,31808,26,,,1,94,,31809,26,,,1,95,,31810,26,,,1,51,,31811,26,,,1,85,,31812,26,,,1,85,,31813,26,,,1
9901,'80',542,,31814,26,,,1,81,,31815,26,,,1,78,,31816,26,,,1,38,,31817,26,,,1,78,,31818,26,,,1,92,,31819,26,,,1,49,,31820,26,,,1,89,,31821,26,,,1,89,,31822,26,,,1,93,,31823,26,,,1,89,,31824,26,,,1,89,,31825,26,,,1,49,,31826,26,,,1,89,,31827,26,,,1,89,,31828,26,,,1,89,,31829,26,,,1,85,,31830,26,,,1,49,,31831,26,,,1,89,,31832,26,,,1,86,,31833,26,,,1,89,,31834,26,,,1,79,,31835,26,,,1
36001,'1',1000,,33821,7,,,1,29,,33822,7,,,1,29,,33823,7,,,1,67,,33824,7,,,1,25,,33837,7,,,1,83,,33836,7,,,1,84,,33825,7,,,1,84,,33826,7,,,1,44,,33827,7,,,1,87,,33828,7,,,1,84,,33829,7,,,1,87,,33830,7,,,1,43,,33831,7,,,1,81,,33832,7,,,1,85,,33833,7,,,1,45,,33834,7,,,1,82,,33835,7,,,1,84,,33843,7,,,1,26,,33842,7,,,1,66,,33838,7,,,1,26,,33839,7,,,1,66,,33840,7,,,1,26,,33841,7,,,1
36001,'2',958,,33844,7,,,1,63,,33845,7,,,1,23,,33846,7,,,1,63,,33847,7,,,1,23,,33848,7,,,1,21,,33849,7,,,1,63,,33850,7,,,1,25,,33851,7,,,1,63,,33852,7,,,1,23,,33853,7,,,1,23,,33854,7,,,1,62,,33855,7,,,1,23,,33856,7,,,1,23,,33857,7,,,1,63,,33858,7,,,1,22,,33859,7,,,1,63,,33860,7,,,1,23,,33861,7,,,1,26,,33862,7,,,1,63,,33863,7,,,1,20,,33864,7,,,1,64,,33865,7,,,1,23,,33866,7,,,1,28,,33879,7,,,1,64,,33878,7,,,1,21,,33867,7,,,1,64,,33868,7,,,1,24,,33869,7,,,1,25,,33870,7,,,1,63,,33871,7,,,1,21,,33872,7,,,1,24,,33873,7,,,1,64,,33874,7,,,1,24,,33875,7,,,1,64,,33876,7,,,1,24,,33877,7,,,1
36001,'3',952,,33880,7,,,1,62,,33881,7,,,1,22,,33882,7,,,1,22,,33883,7,,,1,60,,33884,7,,,1,22,,33885,7,,,1,63,,33886,7,,,1,22,,33887,7,,,1,22,,33888,7,,,1,62,,33889,7,,,1,23,,33890,7,,,1,22,,33891,7,,,1,62,,33892,7,,,1,20,,33893,7,,,1,65,,33894,7,,,1,22,,33895,7,,,1,22,,33896,7,,,1,62,,33897,7,,,1,22,,33898,7,,,1,22,,33899,7,,,1,62,,33900,7,,,1,22,,33901,7,,,1,23,,33902,7,,,1,62,,33903,7,,,1,22,,33904,7,,,1,67,,33905,7,,,1,21,,33917,7,,,1,18,,33916,7,,,1,62,,33906,7,,,1,23,,33907,7,,,1,23,,33908,7,,,1,63,,33909,7,,,1,23,,33910,7,,,1,62,,33911,7,,,1,23,,33912,7,,,1,23,,33913,7,,,1,63,,33914,7,,,1,23,,33915,7,,,1
36001,'74',958,,33918,7,,,1,63,,33919,7,,,1,23,,33920,7,,,1,63,,33921,7,,,1,23,,33922,7,,,1,21,,33923,7,,,1,63,,33924,7,,,1,25,,33925,7,,,1,63,,33926,7,,,1,23,,33927,7,,,1,23,,33928,7,,,1,62,,33929,7,,,1,23,,33930,7,,,1,23,,33931,7,,,1,63,,33932,7,,,1,22,,33933,7,,,1,63,,33934,7,,,1,23,,33935,7,,,1,26,,33936,7,,,1,63,,33937,7,,,1,20,,33938,7,,,1,64,,33939,7,,,1,23,,33940,7,,,1,28,,33942,7,,,1,64,,33941,7,,,1,21,,33943,7,,,1,64,,33944,7,,,1,24,,33945,7,,,1,25,,33946,7,,,1,63,,33947,7,,,1,21,,33948,7,,,1,24,,33949,7,,,1,64,,33950,7,,,1,24,,33951,7,,,1,64,,33952,7,,,1,24,,33953,7,,,1,24,,33954,7,,,1
36001,'80',952,,33955,7,,,1,62,,33956,7,,,1,22,,33957,7,,,1,22,,33958,7,,,1,60,,33959,7,,,1,22,,33960,7,,,1,63,,33961,7,,,1,22,,33962,7,,,1,22,,33963,7,,,1,62,,33964,7,,,1,23,,33965,7,,,1,22,,33966,7,,,1,62,,33967,7,,,1,20,,33968,7,,,1,65,,33969,7,,,1,22,,33970,7,,,1,22,,33971,7,,,1,62,,33972,7,,,1,22,,33973,7,,,1,22,,33974,7,,,1,62,,33975,7,,,1,22,,33976,7,,,1,23,,33977,7,,,1,62,,33978,7,,,1,22,,33979,7,,,1,67,,33980,7,,,1,21,,33992,7,,,1,18,,33991,7,,,1,62,,33981,7,,,1,23,,33982,7,,,1,23,,33983,7,,,1,63,,33984,7,,,1,23,,33985,7,,,1,62,,33986,7,,,1,23,,33987,7,,,1,23,,33988,7,,,1,63,,33989,7,,,1,23,,33990,7,,,1
989901,'1',2241,,36877,81,,,1,70,,36878,81,,,1,38,,36879,81,,,1,75,,36880,81,,,1,35,,36881,81,,,1,70,,36882,81,,,1,75,,36883,81,,,1,35,,36884,81,,,1
989901,'2',2249,,36885,81,,,1,88,,36886,81,,,1,81,,36887,81,,,1,91,,36890,81,,,1,45,,36888,81,,,1,86,,36889,81,,,1
989901,'3',2258,,36891,81,,,1,87,,36892,81,,,1,83,,36893,81,,,1,86,,36894,81,,,1,39,,36895,81,,,1,83,,36896,81,,,1
989901,'74',2249,,36897,81,,,1,88,,36898,81,,,1,81,,36899,81,,,1,91,,36902,81,,,1,45,,36900,81,,,1,86,,36901,81,,,1
989901,'80',2258,,36903,81,,,1,87,,36904,81,,,1,83,,36905,81,,,1,86,,36906,81,,,1,39,,36907,81,,,1,83,,36908,81,,,1
