9900,'1',451,,7255,16,,,1,81,,7256,16,,,1,80,,7257,16,,,1,41,,7258,16,,,1,92,,7259,16,,,1,75,,7260,16,,,1,38,,7261,16,,,1,72,,7262,16,,,1,75,,7263,16,,,1,35,,7264,16,,,1,97,,7265,16,,,1,94,,7266,16,,,1,94,,7267,16,,,1,94,,7268,16,,,1,30,,7280,16,,,1,71,,7279,16,,,1,29,,7269,16,,,1,70,,7270,16,,,1,30,,7271,16,,,1,70,,7272,16,,,1,30,,7273,16,,,1,69,,7274,16,,,1,30,,7275,16,,,1,67,,7276,16,,,1,30,,7277,16,,,1,69,,7278,16,,,1
9900,'2',609,,7283,16,,,1,38,,7284,16,,,1,78,,7298,16,,,1,89,,7297,16,,,1,87,,7285,16,,,1,47,,7286,16,,,1,87,,7287,16,,,1,88,,7288,16,,,1,104,,7289,16,,,1,95,,7290,16,,,1,95,,7291,16,,,1,95,,7292,16,,,1,95,,7293,16,,,1,95,,7294,16,,,1,55,,7295,16,,,1,95,,7296,16,,,1,87,,7300,16,,,1,90,,7299,16,,,1
9900,'3',617,,7303,16,,,1,38,,7304,16,,,1,78,,7305,16,,,1,78,,7306,16,,,1,91,,7323,16,,,1,49,,7307,16,,,1,89,,7308,16,,,1,89,,7309,16,,,1,90,,7310,16,,,1,89,,7311,16,,,1,49,,7312,16,,,1,89,,7313,16,,,1,89,,7314,16,,,1,89,,7315,16,,,1,89,,7316,16,,,1,88,,7317,16,,,1,49,,7318,16,,,1,89,,7319,16,,,1,86,,7320,16,,,1
9900,'80',617,,7324,16,,,1,38,,7325,16,,,1,78,,7326,16,,,1,78,,7327,16,,,1,91,,7344,16,,,1,49,,7328,16,,,1,89,,7329,16,,,1,89,,7330,16,,,1,90,,7331,16,,,1,89,,7332,16,,,1,49,,7333,16,,,1,89,,7334,16,,,1,89,,7335,16,,,1,89,,7336,16,,,1,89,,7337,16,,,1,88,,7338,16,,,1,49,,7339,16,,,1,89,,7340,16,,,1,86,,7341,16,,,1
9900,'81',617,,7345,16,,,1,38,,7346,16,,,1,78,,7347,16,,,1,78,,7348,16,,,1,91,,7365,16,,,1,49,,7349,16,,,1,89,,7350,16,,,1,89,,7351,16,,,1,90,,7352,16,,,1,89,,7353,16,,,1,49,,7354,16,,,1,89,,7355,16,,,1,89,,7356,16,,,1,89,,7357,16,,,1,89,,7358,16,,,1,88,,7359,16,,,1,49,,7360,16,,,1,89,,7361,16,,,1,86,,7362,16,,,1
36000,'2',843,,9030,16,,,1,76,,9031,16,,,1,36,,9032,16,,,1,76,,9033,16,,,1,76,,9034,16,,,1,29,,9035,16,,,1,68,,9036,16,,,1,28,,9037,16,,,1,68,,9038,16,,,1,28,,9039,16,,,1,27,,9040,16,,,1,68,,9041,16,,,1,30,,9042,16,,,1,69,,9043,16,,,1,28,,9044,16,,,1,64,,9045,16,,,1,28,,9046,16,,,1,68,,9047,16,,,1,41,,9048,16,,,1,78,,9049,16,,,1,79,,9050,16,,,1,39,,9051,16,,,1,67,,9052,16,,,1,31,,9053,16,,,1,69,,9054,16,,,1
36000,'80',941,,9055,16,,,1,74,,9056,16,,,1,36,,9057,16,,,1,68,,9058,16,,,1,27,,9059,16,,,1,68,,9060,16,,,1,28,,9061,16,,,1,68,,9062,16,,,1,28,,9063,16,,,1,68,,9064,16,,,1,29,,9065,16,,,1,68,,9066,16,,,1,28,,9067,16,,,1,27,,9068,16,,,1,68,,9069,16,,,1,28,,9070,16,,,1,68,,9071,16,,,1,28,,9072,16,,,1,68,,9073,16,,,1,28,,9074,16,,,1,68,,9075,16,,,1
36000,'32681.3',941,,9076,16,,,1,74,,9077,16,,,1,36,,9078,16,,,1,68,,9079,16,,,1,27,,9080,16,,,1,68,,9081,16,,,1,28,,9082,16,,,1,68,,9083,16,,,1,28,,9084,16,,,1,68,,9085,16,,,1,29,,9086,16,,,1,68,,9087,16,,,1,28,,9088,16,,,1,27,,9089,16,,,1,68,,9090,16,,,1,28,,9091,16,,,1,68,,9092,16,,,1,28,,9093,16,,,1,68,,9094,16,,,1,28,,9095,16,,,1,68,,9096,16,,,1
989900,'1',2048,,11580,16,0,198 199,1,76,,11581,16,0,198 199,1,78,,11582,16,0,198 199,1,38,,11583,16,0,198 199,1,75,,11584,16,0,198 199,1,34,,11585,16,0,198 199,1,75,,11586,16,0,198 199,1,35,,11587,16,0,198 199,1,75,,11588,16,0,5 6,1,75,,11589,16,0,5 6,1,41,,11590,16,0,5 6,1
989900,'2',2050,,11591,16,0,198 199,1,94,,11592,16,0,198 199,1,91,,11593,16,0,198 199,1,94,,11594,16,0,198 199,1,86,,11595,16,0,198 199,1,86,,11596,16,0,198 199,1,45,,11597,16,0,5 6,1,86,,11598,16,0,5 6,1,86,,11599,16,0,5 6,1
989900,'3',2107,,11600,16,0,198 199,1,50,,11601,16,0,198 199,1,90,,11602,16,0,198 199,1,90,,11603,16,0,198 199,1,82,,11604,16,0,198 199,1,83,,11605,16,0,198 199,1,40,,11606,16,0,5 6,1,83,,11607,16,0,5 6,1,83,,11608,16,0,5 6,1
989900,'80',2107,,11609,16,0,198 199,1,50,,11610,16,0,198 199,1,90,,11611,16,0,198 199,1,90,,11612,16,0,198 199,1,82,,11613,16,0,198 199,1,83,,11614,16,0,198 199,1,40,,11615,16,0,5 6,1,83,,11616,16,0,5 6,1,83,,11617,16,0,5 6,1
989900,'81',2107,,11618,16,0,198 199,1,50,,11619,16,0,198 199,1,90,,11620,16,0,198 199,1,90,,11621,16,0,198 199,1,82,,11622,16,0,198 199,1,83,,11623,16,0,198 199,1,40,,11624,16,0,5 6,1,83,,11625,16,0,5 6,1,83,,11626,16,0,5 6,1
