101,'1',450,,23682,17,,,1,78,,23683,17,,,1,31,,23684,17,,,1,87,,23690,17,,,1,79,,23692,17,,,1,31,,23685,17,,,1,56,,23691,17,,,1,45,,23689,17,,,1,71,,23688,17,,,1,72,,23687,17,,,1,30,,23686,17,,,1,109,,23681,17,,,1,113,,23680,17,,,1,153,,23679,17,,,1,36,,23693,17,,,1,77,,23678,17,,,1,23,,23670,17,,,1,75,,23671,17,,,1,34,,23672,17,,,1,74,,23677,17,,,1,34,,23676,17,,,1,76,,23675,17,,,1,73,,23674,17,,,1,30,,23673,17,,,1,82,,23666,17,,,1,99,,23669,17,,,1,102,,23668,17,,,1,99,,23667,17,,,1,89,,23665,17,,,1,95,,23664,17,,,1
101,'74',644,,23715,17,,,1,104,,23694,17,,,1,103,,23695,17,,,1,107,,23696,17,,,1,149,,23697,17,,,1,110,,23708,17,,,1,101,,23698,17,,,1,92,,23699,17,,,1,92,,23700,17,,,1,52,,23701,17,,,1,93,,23702,17,,,1,92,,23703,17,,,1,88,,23704,17,,,1,92,,23705,17,,,1,92,,23706,17,,,1,90,,23707,17,,,1,121,,23709,17,,,1,97,,23710,17,,,1,95,,23711,17,,,1,95,,23712,17,,,1,97,,23713,17,,,1
101,'80',834,,23730,17,,,1,114,,23729,17,,,1,154,,23716,17,,,1,112,,23717,17,,,1,113,,23718,17,,,1,112,,23719,17,,,1,112,,23720,17,,,1,152,,23721,17,,,1,111,,23722,17,,,1,109,,23723,17,,,1,97,,23728,17,,,1,99,,23724,17,,,1,99,,23725,17,,,1,97,,23726,17,,,1,99,,23727,17,,,1
101,'35296.2',644,,23744,17,,,1,104,,23732,17,,,1,103,,23733,17,,,1,107,,23734,17,,,1,149,,23735,17,,,1,110,,23742,17,,,1,101,,23736,17,,,1,92,,23737,17,,,1,92,,23738,17,,,1,52,,23739,17,,,1,93,,23740,17,,,1,92,,23741,17,,,1,88,,23745,17,,,1,92,,23746,17,,,1,92,,23747,17,,,1,90,,23748,17,,,1,121,,23749,17,,,1,97,,23750,17,,,1,95,,23751,17,,,1,95,,23752,17,,,1,97,,23753,17,,,1
101,'35296.3',834,,23757,17,,,1,114,,23756,17,,,1,154,,23754,17,,,1,112,,23755,17,,,1,113,,23759,17,,,1,112,,23760,17,,,1,112,,23761,17,,,1,152,,23762,17,,,1,111,,23763,17,,,1,109,,23764,17,,,1,97,,23769,17,,,1,99,,23765,17,,,1,99,,23766,17,,,1,97,,23767,17,,,1,99,,23768,17,,,1
101,'35298.2',644,,23808,17,,,1,75,,23804,17,,,1,17,,23805,17,,,1,18,,23806,17,,,1,57,,23807,17,,,1,17,,23770,17,,,1,17,,23771,17,,,1,57,,23772,17,,,1,21,,23773,17,,,1,17,,23774,17,,,1,17,,23775,17,,,1,57,,23776,17,,,1,18,,23777,17,,,1,17,,23778,17,,,1,57,,23779,17,,,1,18,,23780,17,,,1,17,,23781,17,,,1,17,,23782,17,,,1,57,,23783,17,,,1,17,,23784,17,,,1,16,,23785,17,,,1,57,,23786,17,,,1,17,,23787,17,,,1,17,,23788,17,,,1,17,,23789,17,,,1,57,,23790,17,,,1,17,,23791,17,,,1,17,,23792,17,,,1,57,,23793,17,,,1,17,,23794,17,,,1,17,,23795,17,,,1,17,,23796,17,,,1,57,,23797,17,,,1,18,,23798,17,,,1,17,,23799,17,,,1,57,,23800,17,,,1,17,,23801,17,,,1,17,,23802,17,,,1,17,,23803,17,,,1,57,,23810,17,,,1,13,,23811,17,,,1,17,,23812,17,,,1,17,,23813,17,,,1,60,,23814,17,,,1,92,,23815,17,,,1,90,,23816,17,,,1,121,,23817,17,,,1,97,,23818,17,,,1,95,,23819,17,,,1,95,,23820,17,,,1,97,,23821,17,,,1
101,'35298.3',715,,23822,17,,,1,17,,23823,17,,,1,17,,23824,17,,,1,57,,23825,17,,,1,17,,23826,17,,,1,17,,23827,17,,,1,17,,23828,17,,,1,59,,23829,17,,,1,17,,23830,17,,,1,17,,23831,17,,,1,57,,23832,17,,,1,19,,23833,17,,,1,17,,23834,17,,,1,57,,23835,17,,,1,17,,23836,17,,,1,17,,23837,17,,,1,17,,23838,17,,,1,57,,23839,17,,,1,17,,23840,17,,,1,17,,23841,17,,,1,58,,23842,17,,,1,17,,23843,17,,,1,17,,23844,17,,,1,17,,23845,17,,,1,57,,23846,17,,,1,17,,23847,17,,,1,17,,23848,17,,,1,17,,23849,17,,,1,57,,23850,17,,,1,17,,23851,17,,,1,17,,23852,17,,,1,57,,23853,17,,,1,17,,23854,17,,,1,17,,23855,17,,,1,17,,23856,17,,,1,57,,23857,17,,,1,17,,23858,17,,,1,17,,23859,17,,,1,56,,23860,17,,,1,17,,23861,17,,,1,17,,23862,17,,,1,17,,23863,17,,,1,54,,23864,17,,,1,17,,23865,17,,,1,93,,23866,17,,,1,99,,23867,17,,,1,99,,23868,17,,,1,97,,23869,17,,,1,99,,23870,17,,,1
52200,'1',903,,34039,9,,,1,119,,34040,9,,,1,120,,34041,9,,,1,159,,34042,9,,,1,119,,34043,9,,,1,120,,34044,9,,,1
52201,'1',949,,34051,35,,,1,160,,34045,35,,,1,119,,34046,35,,,1,119,,34047,35,,,1,159,,34048,35,,,1,116,,34049,35,,,1,119,,34050,35,,,1
60301,'1',551,,35160,8,,,1,60,,35161,8,,,1,16,,35162,8,,,1,18,,35163,8,,,1,58,,35164,8,,,1,20,,35165,8,,,1,18,,35166,8,,,1,18,,35167,8,,,1,63,,35168,8,,,1,18,,35169,8,,,1,18,,35170,8,,,1,53,,35171,8,,,1,19,,35172,8,,,1,22,,35173,8,,,1,62,,35174,8,,,1,22,,35175,8,,,1,22,,35176,8,,,1,62,,35177,8,,,1,22,,35178,8,,,1,62,,35179,8,,,1,22,,35180,8,,,1,22,,35181,8,,,1,62,,35182,8,,,1,22,,35183,8,,,1,22,,35184,8,,,1,62,,35185,8,,,1,22,,35186,8,,,1,63,,35187,8,,,1,16,,35188,8,,,1,16,,35189,8,,,1,16,,35190,8,,,1,56,,35191,8,,,1,16,,35192,8,,,1,16,,35193,8,,,1,16,,35194,8,,,1,56,,35195,8,,,1,16,,35196,8,,,1,16,,35197,8,,,1,16,,35198,8,,,1,56,,35199,8,,,1,14,,35200,8,,,1,16,,35201,8,,,1,16,,35202,8,,,1,56,,35203,8,,,1,26,,35204,8,,,1,69,,35205,8,,,1,30,,35206,8,,,1,70,,35207,8,,,1,30,,35208,8,,,1,70,,35209,8,,,1,34,,35210,8,,,1,82,,35211,8,,,1,78,,35212,8,,,1
60301,'74',558,,35215,8,,,1,79,,35216,8,,,1,81,,35217,8,,,1,40,,35218,8,,,1,81,,35219,8,,,1,83,,35220,8,,,1,80,,35221,8,,,1,39,,35222,8,,,1,86,,35223,8,,,1,77,,35224,8,,,1,38,,35225,8,,,1,79,,35226,8,,,1,38,,35227,8,,,1,77,,35228,8,,,1,80,,35229,8,,,1,37,,35230,8,,,1,78,,35231,8,,,1,75,,35232,8,,,1,38,,35233,8,,,1,77,,35234,8,,,1,38,,35235,8,,,1,78,,35236,8,,,1,91,,35237,8,,,1,79,,35238,8,,,1,39,,35239,8,,,1,80,,35240,8,,,1,98,,35241,8,,,1,92,,35242,8,,,1,92,,35243,8,,,1
60301,'80',811,,35247,8,,,1,39,,35248,8,,,1,76,,35249,8,,,1,88,,35250,8,,,1,40,,35251,8,,,1,82,,35252,8,,,1,82,,35253,8,,,1,84,,35254,8,,,1,42,,35255,8,,,1,81,,35256,8,,,1,82,,35257,8,,,1,41,,35258,8,,,1,80,,35259,8,,,1,76,,35260,8,,,1,37,,35261,8,,,1,76,,35262,8,,,1,34,,35263,8,,,1,76,,35264,8,,,1,75,,35265,8,,,1,36,,35266,8,,,1,76,,35267,8,,,1,40,,35268,8,,,1,105,,35269,8,,,1,145,,35270,8,,,1,106,,35271,8,,,1
60301,'35296.2',558,,35274,8,,,1,79,,35275,8,,,1,81,,35276,8,,,1,40,,35277,8,,,1,81,,35278,8,,,1,83,,35279,8,,,1,80,,35280,8,,,1,39,,35281,8,,,1,86,,35282,8,,,1,77,,35283,8,,,1,38,,35284,8,,,1,79,,35285,8,,,1,38,,35286,8,,,1,77,,35287,8,,,1,80,,35288,8,,,1,37,,35289,8,,,1,78,,35290,8,,,1,75,,35291,8,,,1,38,,35292,8,,,1,77,,35293,8,,,1,38,,35294,8,,,1,78,,35295,8,,,1,91,,35296,8,,,1,79,,35297,8,,,1,39,,35298,8,,,1,80,,35299,8,,,1,98,,35300,8,,,1,92,,35301,8,,,1,92,,35302,8,,,1
60301,'35296.3',811,,35306,8,,,1,39,,35307,8,,,1,76,,35308,8,,,1,88,,35309,8,,,1,40,,35310,8,,,1,82,,35311,8,,,1,82,,35312,8,,,1,84,,35313,8,,,1,42,,35314,8,,,1,81,,35315,8,,,1,82,,35316,8,,,1,41,,35317,8,,,1,80,,35318,8,,,1,76,,35319,8,,,1,37,,35320,8,,,1,76,,35321,8,,,1,34,,35322,8,,,1,76,,35323,8,,,1,75,,35324,8,,,1,36,,35325,8,,,1,76,,35326,8,,,1,40,,35327,8,,,1,105,,35328,8,,,1,145,,35329,8,,,1,106,,35330,8,,,1
60301,'35297.2',525,,35438,8,,,1,22,,35439,8,,,1,62,,35440,8,,,1,21,,35441,8,,,1,22,,35442,8,,,1,63,,35331,8,,,1,7,,35332,8,,,1,7,,35333,8,,,1,7,,35334,8,,,1,7,,35335,8,,,1,7,,35336,8,,,1,7,,35337,8,,,1,47,,35338,8,,,1,7,,35339,8,,,1,7,,35340,8,,,1,7,,35341,8,,,1,8,,35342,8,,,1,7,,35343,8,,,1,7,,35344,8,,,1,7,,35345,8,,,1,47,,35346,8,,,1,7,,35347,8,,,1,7,,35348,8,,,1,10,,35349,8,,,1,7,,35350,8,,,1,7,,35351,8,,,1,7,,35352,8,,,1,7,,35353,8,,,1,47,,35354,8,,,1,6,,35355,8,,,1,7,,35356,8,,,1,7,,35357,8,,,1,7,,35358,8,,,1,7,,35359,8,,,1,7,,35360,8,,,1,9,,35361,8,,,1,7,,35362,8,,,1,47,,35363,8,,,1,7,,35364,8,,,1,7,,35365,8,,,1,7,,35366,8,,,1,7,,35367,8,,,1,7,,35368,8,,,1,7,,35369,8,,,1,6,,35370,8,,,1,7,,35371,8,,,1,47,,35372,8,,,1,7,,35373,8,,,1,7,,35374,8,,,1,7,,35375,8,,,1,7,,35376,8,,,1,7,,35377,8,,,1,7,,35378,8,,,1,8,,35379,8,,,1,47,,35380,8,,,1,7,,35381,8,,,1,7,,35382,8,,,1,7,,35383,8,,,1,7,,35384,8,,,1,7,,35385,8,,,1,7,,35386,8,,,1,7,,35387,8,,,1,7,,35388,8,,,1,47,,35389,8,,,1,7,,35390,8,,,1,6,,35391,8,,,1,7,,35392,8,,,1,7,,35393,8,,,1,7,,35394,8,,,1,7,,35395,8,,,1,9,,35396,8,,,1,47,,35397,8,,,1,7,,35398,8,,,1,7,,35399,8,,,1,6,,35400,8,,,1,7,,35401,8,,,1,7,,35402,8,,,1,7,,35403,8,,,1,7,,35404,8,,,1,7,,35405,8,,,1,47,,35406,8,,,1,7,,35407,8,,,1,7,,35408,8,,,1,7,,35409,8,,,1,7,,35410,8,,,1,7,,35411,8,,,1,7,,35412,8,,,1,7,,35413,8,,,1,47,,35414,8,,,1,4,,35415,8,,,1,7,,35416,8,,,1,7,,35417,8,,,1,7,,35418,8,,,1,7,,35419,8,,,1,7,,35420,8,,,1,12,,35421,8,,,1,7,,35422,8,,,1,47,,35423,8,,,1,7,,35424,8,,,1,7,,35425,8,,,1,1,,35426,8,,,1,7,,35427,8,,,1,7,,35428,8,,,1,7,,35429,8,,,1,7,,35430,8,,,1,7,,35431,8,,,1,47,,35432,8,,,1,7,,35433,8,,,1,7,,35434,8,,,1,7,,35435,8,,,1,7,,35436,8,,,1,7,,35437,8,,,1,62,,35443,8,,,1,22,,35444,8,,,1,22,,35445,8,,,1,61,,35446,8,,,1,22,,35447,8,,,1,21,,35448,8,,,1,62,,35449,8,,,1,22,,35450,8,,,1,22,,35451,8,,,1,60,,35452,8,,,1,22,,35453,8,,,1,22,,35454,8,,,1,62,,35455,8,,,1,22,,35456,8,,,1,62,,35457,8,,,1,22,,35458,8,,,1
60301,'35297.3',714,,35459,8,,,1,7,,35460,8,,,1,7,,35461,8,,,1,7,,35462,8,,,1,7,,35463,8,,,1,7,,35464,8,,,1,7,,35465,8,,,1,47,,35466,8,,,1,7,,35467,8,,,1,7,,35468,8,,,1,7,,35469,8,,,1,7,,35470,8,,,1,7,,35471,8,,,1,10,,35472,8,,,1,7,,35473,8,,,1,47,,35474,8,,,1,7,,35475,8,,,1,7,,35476,8,,,1,7,,35477,8,,,1,7,,35478,8,,,1,7,,35479,8,,,1,7,,35480,8,,,1,7,,35481,8,,,1,49,,35482,8,,,1,7,,35483,8,,,1,7,,35484,8,,,1,7,,35485,8,,,1,7,,35486,8,,,1,7,,35487,8,,,1,7,,35488,8,,,1,5,,35489,8,,,1,7,,35490,8,,,1,47,,35491,8,,,1,7,,35492,8,,,1,7,,35493,8,,,1,7,,35494,8,,,1,7,,35495,8,,,1,7,,35496,8,,,1,7,,35497,8,,,1,7,,35498,8,,,1,7,,35499,8,,,1,47,,35500,8,,,1,7,,35501,8,,,1,7,,35502,8,,,1,7,,35503,8,,,1,7,,35504,8,,,1,7,,35505,8,,,1,7,,35506,8,,,1,9,,35507,8,,,1,47,,35508,8,,,1,7,,35509,8,,,1,7,,35510,8,,,1,7,,35511,8,,,1,7,,35512,8,,,1,7,,35513,8,,,1,7,,35514,8,,,1,7,,35515,8,,,1,7,,35516,8,,,1,47,,35517,8,,,1,7,,35518,8,,,1,6,,35519,8,,,1,7,,35520,8,,,1,7,,35521,8,,,1,7,,35522,8,,,1,7,,35523,8,,,1,7,,35524,8,,,1,47,,35525,8,,,1,7,,35526,8,,,1,7,,35527,8,,,1,7,,35528,8,,,1,7,,35529,8,,,1,6,,35530,8,,,1,7,,35531,8,,,1,7,,35532,8,,,1,7,,35533,8,,,1,47,,35534,8,,,1,7,,35535,8,,,1,7,,35536,8,,,1,7,,35537,8,,,1,7,,35538,8,,,1,7,,35539,8,,,1,7,,35540,8,,,1,7,,35541,8,,,1,7,,35542,8,,,1,47,,35543,8,,,1,7,,35544,8,,,1,8,,35545,8,,,1,7,,35546,8,,,1,7,,35547,8,,,1,7,,35548,8,,,1,7,,35549,8,,,1,7,,35550,8,,,1,47,,35551,8,,,1,7,,35552,8,,,1,7,,35553,8,,,1,7,,35554,8,,,1,7,,35555,8,,,1,7,,35556,8,,,1,7,,35557,8,,,1,5,,35558,8,,,1,7,,35559,8,,,1,47,,35560,8,,,1,7,,35561,8,,,1,7,,35562,8,,,1,7,,35563,8,,,1,7,,35564,8,,,1,7,,35565,8,,,1,7,,35566,8,,,1,61,,35567,8,,,1,22,,35568,8,,,1,22,,35569,8,,,1,62,,35570,8,,,1,21,,35571,8,,,1,22,,35572,8,,,1,61,,35573,8,,,1,22,,35574,8,,,1,62,,35575,8,,,1,22,,35576,8,,,1,21,,35577,8,,,1,62,,35578,8,,,1,22,,35579,8,,,1,22,,35580,8,,,1,62,,35581,8,,,1
