9901,'1',407,,31722,13,,,1,41,,31723,13,,,1,80,,31724,13,,,1,80,,31725,13,,,1,37,,31726,13,,,1,75,,31727,13,,,1,29,,31728,13,,,1,83,,31729,13,,,1,75,,31730,13,,,1,35,,31731,13,,,1,94,,31732,13,,,1,97,,31733,13,,,1,94,,31734,13,,,1,94,,31735,13,,,1,100,,31736,13,,,1,25,,31737,13,,,1,70,,31738,13,,,1,30,,31739,13,,,1,70,,31740,13,,,1,30,,31741,13,,,1,70,,31742,13,,,1,30,,31743,13,,,1,69,,31744,13,,,1,30,,31745,13,,,1,67,,31746,13,,,1,30,,31747,13,,,1,70,,31748,13,,,1,25,,31749,13,,,1,73,,31750,13,,,1,45,,31751,13,,,1
9901,'2',528,,31752,13,,,1,77,,31753,13,,,1,37,,31754,13,,,1,77,,31755,13,,,1,87,,31756,13,,,1,50,,31757,13,,,1,87,,31758,13,,,1,87,,31759,13,,,1,101,,31760,13,,,1,96,,31761,13,,,1,95,,31762,13,,,1,95,,31763,13,,,1,95,,31764,13,,,1,95,,31765,13,,,1,52,,31766,13,,,1,94,,31767,13,,,1,95,,31768,13,,,1,93,,31769,13,,,1,85,,31770,13,,,1,85,,31771,13,,,1
9901,'3',533,,31772,13,,,1,79,,31773,13,,,1,38,,31774,13,,,1,78,,31775,13,,,1,78,,31776,13,,,1,52,,31777,13,,,1,89,,31778,13,,,1,89,,31779,13,,,1,89,,31780,13,,,1,91,,31781,13,,,1,89,,31782,13,,,1,49,,31783,13,,,1,89,,31784,13,,,1,89,,31785,13,,,1,89,,31786,13,,,1,89,,31787,13,,,1,46,,31788,13,,,1,89,,31789,13,,,1,89,,31790,13,,,1,87,,31791,13,,,1,89,,31792,13,,,1,39,,31793,13,,,1
9901,'74',528,,31794,13,,,1,77,,31795,13,,,1,37,,31796,13,,,1,77,,31797,13,,,1,87,,31798,13,,,1,50,,31799,13,,,1,87,,31800,13,,,1,87,,31801,13,,,1,101,,31802,13,,,1,96,,31803,13,,,1,95,,31804,13,,,1,95,,31805,13,,,1,95,,31806,13,,,1,95,,31807,13,,,1,52,,31808,13,,,1,94,,31809,13,,,1,95,,31810,13,,,1,93,,31811,13,,,1,85,,31812,13,,,1,85,,31813,13,,,1
9901,'80',533,,31814,13,,,1,79,,31815,13,,,1,38,,31816,13,,,1,78,,31817,13,,,1,78,,31818,13,,,1,52,,31819,13,,,1,89,,31820,13,,,1,89,,31821,13,,,1,89,,31822,13,,,1,91,,31823,13,,,1,89,,31824,13,,,1,49,,31825,13,,,1,89,,31826,13,,,1,89,,31827,13,,,1,89,,31828,13,,,1,89,,31829,13,,,1,46,,31830,13,,,1,89,,31831,13,,,1,89,,31832,13,,,1,87,,31833,13,,,1,89,,31834,13,,,1,39,,31835,13,,,1
989901,'1',2231,,36877,68,,,1,71,,36878,68,,,1,38,,36879,68,,,1,75,,36880,68,,,1,35,,36881,68,,,1,71,,36882,68,,,1,35,,36883,68,,,1,75,,36884,68,,,1
989901,'2',2239,,36885,68,,,1,88,,36886,68,,,1,82,,36887,68,,,1,91,,36890,68,,,1,45,,36888,68,,,1,86,,36889,68,,,1
989901,'3',2249,,36891,68,,,1,87,,36892,68,,,1,83,,36893,68,,,1,88,,36894,68,,,1,39,,36895,68,,,1,83,,36896,68,,,1
989901,'74',2239,,36897,68,,,1,88,,36898,68,,,1,82,,36899,68,,,1,91,,36902,68,,,1,45,,36900,68,,,1,86,,36901,68,,,1
989901,'80',2249,,36903,68,,,1,87,,36904,68,,,1,83,,36905,68,,,1,88,,36906,68,,,1,39,,36907,68,,,1,83,,36908,68,,,1
