901,'1',703,,2160,62,,,1,29,,2153,62,,,1,77,,2154,62,,,1,33,,2155,62,,,1,73,,2156,62,,,1,33,,2157,62,,,1,73,,2158,62,,,1,33,,2159,62,,,1,68,,2167,62,,,1,84,,2161,62,,,1,44,,2162,62,,,1,84,,2163,62,,,1,87,,2164,62,,,1,84,,2165,62,,,1,104,,2166,62,,,1,42,,2168,62,,,1,73,,2169,62,,,1,33,,2170,62,,,1,76,,2171,62,,,1,84,,2172,62,,,1,31,,2173,62,,,1,78,,2174,62,,,1,78,,2175,62,,,1,31,,2176,62,,,1
901,'2',809,,2177,62,,,1,47,,2178,62,,,1,87,,2179,62,,,1,87,,2180,62,,,1,87,,2181,62,,,1,87,,2182,62,,,1,47,,2183,62,,,1,87,,2184,62,,,1,87,,2185,62,,,1,87,,2186,62,,,1,47,,2187,62,,,1,87,,2188,62,,,1,87,,2189,62,,,1,87,,2190,62,,,1,87,,2191,62,,,1,47,,2192,62,,,1,87,,2193,62,,,1,87,,2194,62,,,1,87,,2195,62,,,1
901,'3',911,,2196,62,,,1,47,,2197,62,,,1,87,,2198,62,,,1,87,,2199,62,,,1,87,,2200,62,,,1,87,,2201,62,,,1,47,,2202,62,,,1,87,,2203,62,,,1,87,,2204,62,,,1,87,,2205,62,,,1,87,,2206,62,,,1,47,,2207,62,,,1,87,,2208,62,,,1,87,,2209,62,,,1,87,,2210,62,,,1,47,,2211,62,,,1
901,'80',911,,2212,62,,,1,47,,2213,62,,,1,87,,2214,62,,,1,87,,2215,62,,,1,87,,2216,62,,,1,87,,2217,62,,,1,47,,2218,62,,,1,87,,2219,62,,,1,87,,2220,62,,,1,87,,2221,62,,,1,87,,2222,62,,,1,47,,2223,62,,,1,87,,2224,62,,,1,87,,2225,62,,,1,87,,2226,62,,,1,47,,2227,62,,,1
901,'81',911,,2228,62,,,1,47,,2229,62,,,1,87,,2230,62,,,1,87,,2231,62,,,1,87,,2232,62,,,1,87,,2233,62,,,1,47,,2234,62,,,1,87,,2235,62,,,1,87,,2236,62,,,1,87,,2237,62,,,1,87,,2238,62,,,1,47,,2239,62,,,1,87,,2240,62,,,1,87,,2241,62,,,1,87,,2242,62,,,1,47,,2243,62,,,1
1400,'1',540,,2372,50,,,1,67,,2371,50,,,1,29,,2370,50,,,1,72,,2366,50,,,1,30,,2369,50,,,1,73,,2368,50,,,1,22,,2367,50,,,1,77,,2392,50,,,1,28,,2391,47,,,1,74,,2390,47,,,1,34,,2384,47,,,1,75,,2374,47,,,1,34,,2389,47,,,1,73,,2388,47,,,1,73,,2387,47,,,1,33,,2386,47,,,1,73,,2385,47,,,1,37,,2383,50,,,1,72,,2382,50,,,1,36,,2381,50,,,1,71,,2380,50,,,1,77,,2379,50,,,1,32,,2378,50,,,1,75,,2377,50,,,1,35,,2376,50,,,1,66,,2375,50,,,1,29,,2373,47,,,1,76,,2393,47,,,1,41,,2394,47,,,1
30500,'1',606,,8621,7,,,1,25,,8620,7,,,1,25,,8619,7,,,1,67,,8616,7,,,1,23,,8618,7,,,1,65,,8617,7,,,1
30501,'1',1632,,8628,8,,,1,25,,8627,8,,,1,68,,8626,8,,,1,26,,8625,8,,,1,61,,8624,8,,,1,25,,8623,8,,,1,65,,8622,8,,,1
40100,'24611.1',739,,9203,27,,,1
40101,'24611.1',1509,,9204,38,,,1
