4400,'1',729,,28285,14,0,138,1,79,,28286,14,0,138,1,46,,28287,14,0,138,1,85,,28288,14,0,138,1,485,,28289,14,0,138,1,87,,28290,14,0,138,1,89,,28291,14,0,138,1,49,,28292,14,0,138,1,87,,28293,14,0,138,1,86,,28294,14,0,138,1
9800,'1',648,,31445,57,4,,1,75,,31444,57,4,,1,35,,31443,57,4,,1,75,,31442,57,4,,1,75,,31441,57,4,,1,35,,31440,57,4,,1,98,,31436,57,4,,1,98,,31433,57,4,,1,98,,31438,57,4,,1,98,,31437,57,4,,1,80,,31425,57,4,,1,40,,31435,57,4,,1,80,,31434,57,4,,1,80,,31432,57,4,,1,40,,31431,57,4,,1,80,,31430,57,4,,1,80,,31429,57,4,,1,40,,31428,57,4,,1,91,,31427,57,4,,1,91,,31426,57,4,,1,88,,31439,57,4,,1
9800,'2',645,,31463,57,4,,1,86,,31462,57,4,,1,86,,31461,57,4,,1,94,,31460,57,4,,1,94,,31459,57,4,,1,54,,31458,57,4,,1,94,,31457,57,4,,1,98,,31456,57,4,,1,98,,31455,57,4,,1,98,,31454,57,4,,1,98,,31453,57,4,,1,98,,31452,57,4,,1,98,,31451,57,4,,1,98,,31450,57,4,,1,89,,31449,57,4,,1,89,,31448,57,4,,1,89,,31447,57,4,,1,45,,31446,57,4,,1
9800,'3',830,,31479,57,4,,1,88,,31478,57,4,,1,88,,31477,57,4,,1,53,,31476,57,4,,1,93,,31475,57,4,,1,93,,31474,57,4,,1,93,,31473,57,4,,1,93,,31472,57,4,,1,93,,31471,57,4,,1,93,,31470,57,4,,1,93,,31469,57,4,,1,93,,31468,57,4,,1,48,,31467,57,4,,1,89,,31466,57,4,,1,87,,31465,57,4,,1,88,,31464,57,4,,1
9800,'74',645,,31497,57,4,,1,86,,31496,57,4,,1,86,,31495,57,4,,1,94,,31494,57,4,,1,94,,31493,57,4,,1,54,,31492,57,4,,1,94,,31491,57,4,,1,98,,31490,57,4,,1,98,,31489,57,4,,1,98,,31488,57,4,,1,98,,31487,57,4,,1,98,,31486,57,4,,1,98,,31485,57,4,,1,98,,31484,57,4,,1,89,,31483,57,4,,1,89,,31482,57,4,,1,89,,31481,57,4,,1,45,,31480,57,4,,1
9800,'80',830,,31513,57,4,,1,88,,31512,57,4,,1,88,,31511,57,4,,1,53,,31510,57,4,,1,93,,31509,57,4,,1,93,,31508,57,4,,1,93,,31507,57,4,,1,93,,31506,57,4,,1,93,,31505,57,4,,1,93,,31504,57,4,,1,93,,31503,57,4,,1,93,,31502,57,4,,1,48,,31501,57,4,,1,89,,31500,57,4,,1,87,,31499,57,4,,1,88,,31498,57,4,,1
9801,'1',505,,31521,1,,,1,35,,31520,1,,,1,75,,31519,1,,,1,35,,31518,1,,,1,75,,31517,1,,,1,75,,31516,1,,,1,35,,31515,1,,,1,75,,31514,1,,,1,35,,31525,1,,,1,98,,31524,1,,,1,98,,31523,1,,,1,98,,31522,1,,,1,98,,31537,1,,,1,80,,31536,1,,,1,40,,31535,1,,,1,80,,31534,1,,,1,80,,31533,1,,,1,40,,31532,1,,,1,80,,31531,1,,,1,80,,31530,1,,,1,40,,31529,1,,,1,91,,31528,1,,,1,91,,31527,1,,,1,88,,31526,1,,,1
9801,'2',515,,31556,1,,,1,86,,31555,1,,,1,46,,31554,1,,,1,86,,31553,1,,,1,86,,31552,1,,,1,94,,31551,1,,,1,94,,31550,1,,,1,94,,31549,1,,,1,54,,31548,1,,,1,98,,31547,1,,,1,98,,31546,1,,,1,98,,31545,1,,,1,98,,31544,1,,,1,98,,31543,1,,,1,98,,31542,1,,,1,98,,31541,1,,,1,89,,31540,1,,,1,89,,31539,1,,,1,89,,31538,1,,,1
9801,'3',656,,31573,1,,,1,88,,31574,1,,,1,88,,31572,1,,,1,88,,31571,1,,,1,88,,31570,1,,,1,93,,31569,1,,,1,53,,31568,1,,,1,93,,31567,1,,,1,93,,31566,1,,,1,93,,31565,1,,,1,93,,31564,1,,,1,93,,31563,1,,,1,93,,31562,1,,,1,93,,31561,1,,,1,48,,31560,1,,,1,89,,31559,1,,,1,87,,31558,1,,,1,88,,31557,1,,,1
9801,'74',515,,31593,1,,,1,86,,31592,1,,,1,46,,31591,1,,,1,86,,31590,1,,,1,86,,31589,1,,,1,94,,31588,1,,,1,94,,31587,1,,,1,94,,31586,1,,,1,54,,31585,1,,,1,98,,31584,1,,,1,98,,31583,1,,,1,98,,31582,1,,,1,98,,31581,1,,,1,98,,31580,1,,,1,98,,31579,1,,,1,98,,31578,1,,,1,89,,31577,1,,,1,89,,31576,1,,,1,89,,31575,1,,,1
9801,'80',656,,31610,1,,,1,88,,31611,1,,,1,88,,31609,1,,,1,88,,31608,1,,,1,88,,31607,1,,,1,93,,31606,1,,,1,53,,31605,1,,,1,93,,31604,1,,,1,93,,31603,1,,,1,93,,31602,1,,,1,93,,31601,1,,,1,93,,31600,1,,,1,93,,31599,1,,,1,93,,31598,1,,,1,48,,31597,1,,,1,89,,31596,1,,,1,87,,31595,1,,,1,88,,31594,1,,,1
989900,'1',2147,,36830,100,4,,1,72,,36831,100,4,,1,38,,36832,100,4,,1,78,,36833,100,4,,1,75,,36834,100,4,,1,32,,36835,100,4,,1,75,,36836,100,4,,1,35,,36837,100,4,,1
989900,'2',2152,,36841,100,4,,1,94,,36842,100,4,,1,84,,36843,100,4,,1,91,,36844,100,4,,1,86,,36845,100,4,,1,46,,36846,100,4,,1
989900,'3',2206,,36850,100,4,,1,50,,36851,100,4,,1,83,,36852,100,4,,1,90,,36853,100,4,,1,79,,36854,100,4,,1,43,,36855,100,4,,1
989900,'74',2152,,36859,100,4,,1,94,,36860,100,4,,1,84,,36861,100,4,,1,91,,36862,100,4,,1,86,,36863,100,4,,1,46,,36864,100,4,,1
989900,'80',2206,,36868,100,4,,1,50,,36869,100,4,,1,83,,36870,100,4,,1,90,,36871,100,4,,1,79,,36872,100,4,,1,43,,36873,100,4,,1
989901,'1',2150,,36877,1,,,1,72,,36878,1,,,1,78,,36879,1,,,1,38,,36880,1,,,1,75,,36881,1,,,1,32,,36882,1,,,1,75,,36883,1,,,1,35,,36884,1,,,1
989901,'2',2155,,36885,1,,,1,94,,36886,1,,,1,84,,36887,1,,,1,91,,36890,1,,,1,86,,36888,1,,,1,46,,36889,1,,,1
989901,'3',2209,,36891,1,,,1,50,,36892,1,,,1,83,,36893,1,,,1,90,,36894,1,,,1,79,,36895,1,,,1,43,,36896,1,,,1
989901,'74',2155,,36897,1,,,1,94,,36898,1,,,1,84,,36899,1,,,1,91,,36902,1,,,1,86,,36900,1,,,1,46,,36901,1,,,1
989901,'80',2209,,36903,1,,,1,50,,36904,1,,,1,83,,36905,1,,,1,90,,36906,1,,,1,79,,36907,1,,,1,43,,36908,1,,,1
