8501,'1',508,,5559,3,,,1,16,,5558,3,,,1,16,,5557,3,,,1,16,,5556,3,,,1,56,,5555,3,,,1,16,,5554,3,,,1,16,,5553,3,,,1,56,,5545,3,,,1,16,,5546,3,,,1,16,,5547,3,,,1,16,,5548,3,,,1,56,,5549,3,,,1,16,,5550,3,,,1,16,,5551,3,,,1,15,,5552,3,,,1,66,,5569,3,,,1,25,,5568,3,,,1,65,,5567,3,,,1,25,,5560,3,,,1,25,,5561,3,,,1,65,,5562,3,,,1,25,,5563,3,,,1,64,,5564,3,,,1,25,,5565,3,,,1,65,,5566,3,,,1,25,,5570,3,,,1,25,,5571,3,,,1,61,,5572,3,,,1,16,,5599,3,,,1,16,,5600,3,,,1,56,,5589,3,,,1,15,,5588,3,,,1,16,,5587,3,,,1,20,,5586,3,,,1,56,,5585,3,,,1,16,,5573,3,,,1,19,,5574,3,,,1,13,,5575,3,,,1,60,,5576,3,,,1,16,,5577,3,,,1,11,,5578,3,,,1,59,,5579,3,,,1,13,,5580,3,,,1,16,,5581,3,,,1,16,,5582,3,,,1,57,,5583,3,,,1,20,,5584,3,,,1,32,,5592,3,,,1,69,,5591,3,,,1,25,,5590,3,,,1,62,,5596,3,,,1,29,,5595,3,,,1,71,,5593,3,,,1,32,,5594,3,,,1
8501,'2',631,,5629,3,,,1,70,,5630,3,,,1,30,,5631,3,,,1,71,,5632,3,,,1,30,,5633,3,,,1,70,,5634,3,,,1,30,,5635,3,,,1,70,,5636,3,,,1,30,,5637,3,,,1,70,,5601,3,,,1,23,,5602,3,,,1,23,,5603,3,,,1,63,,5604,3,,,1,23,,5605,3,,,1,23,,5606,3,,,1,63,,5607,3,,,1,23,,5608,3,,,1,63,,5609,3,,,1,23,,5610,3,,,1,23,,5611,3,,,1,63,,5612,3,,,1,23,,5613,3,,,1,63,,5614,3,,,1,23,,5615,3,,,1,21,,5616,3,,,1,62,,5617,3,,,1,23,,5618,3,,,1,21,,5619,3,,,1,61,,5620,3,,,1,18,,5621,3,,,1,21,,5622,3,,,1,61,,5623,3,,,1,21,,5624,3,,,1,21,,5625,3,,,1,61,,5626,3,,,1,21,,5627,3,,,1,21,,5628,3,,,1,70,,5638,3,,,1,30,,5639,3,,,1,70,,5640,3,,,1
8501,'3',824,,5643,3,,,1,80,,5644,3,,,1,40,,5645,3,,,1,80,,5646,3,,,1,83,,5647,3,,,1,43,,5648,3,,,1,83,,5649,3,,,1,83,,5650,3,,,1,43,,5651,3,,,1,83,,5652,3,,,1,83,,5653,3,,,1,81,,5654,3,,,1,42,,5655,3,,,1,84,,5656,3,,,1,76,,5657,3,,,1,41,,5658,3,,,1,83,,5659,3,,,1,79,,5641,3,,,1,41,,5642,3,,,1
8501,'80',824,,5662,3,,,1,80,,5663,3,,,1,40,,5664,3,,,1,80,,5665,3,,,1,83,,5666,3,,,1,43,,5667,3,,,1,83,,5668,3,,,1,83,,5669,3,,,1,43,,5670,3,,,1,83,,5671,3,,,1,83,,5672,3,,,1,81,,5673,3,,,1,42,,5674,3,,,1,84,,5675,3,,,1,76,,5676,3,,,1,41,,5677,3,,,1,83,,5678,3,,,1,79,,5660,3,,,1,41,,5661,3,,,1
8501,'81',824,,5681,3,,,1,80,,5682,3,,,1,40,,5683,3,,,1,80,,5684,3,,,1,83,,5685,3,,,1,43,,5686,3,,,1,83,,5687,3,,,1,83,,5688,3,,,1,43,,5689,3,,,1,83,,5690,3,,,1,83,,5691,3,,,1,81,,5692,3,,,1,42,,5693,3,,,1,84,,5694,3,,,1,76,,5695,3,,,1,41,,5696,3,,,1,83,,5697,3,,,1,79,,5679,3,,,1,41,,5680,3,,,1
9001,'1',546,,6348,12,,,1,11,,6347,12,,,1,51,,6346,12,,,1,11,,6345,12,,,1,11,,6344,12,,,1,11,,6343,12,,,1,11,,6342,12,,,1,51,,6340,12,,,1,13,,6341,12,,,1,10,,6360,12,,,1,11,,6359,12,,,1,15,,6358,12,,,1,53,,6357,12,,,1,13,,6356,12,,,1,13,,6349,12,,,1,13,,6350,12,,,1,13,,6351,12,,,1,53,,6352,12,,,1,13,,6353,12,,,1,10,,6354,12,,,1,13,,6355,12,,,1,79,,6368,12,,,1,32,,6361,12,,,1,72,,6362,12,,,1,72,,6363,12,,,1,32,,6364,12,,,1,72,,6365,12,,,1,32,,6366,12,,,1,73,,6367,12,,,1,25,,6369,12,,,1,17,,6370,12,,,1,54,,6371,12,,,1,14,,6372,12,,,1,15,,6373,12,,,1,14,,6374,12,,,1,52,,6375,12,,,1,16,,6376,12,,,1,14,,6377,12,,,1,14,,6378,12,,,1,14,,6379,12,,,1,53,,6380,12,,,1,14,,6381,12,,,1,14,,6382,12,,,1,14,,6383,12,,,1,54,,6384,12,,,1,14,,6385,12,,,1,14,,6386,12,,,1,14,,6387,12,,,1,53,,6388,12,,,1,28,,6395,12,,,1,82,,6394,12,,,1,42,,6389,12,,,1,82,,6390,12,,,1,82,,6391,12,,,1,82,,6392,12,,,1,41,,6393,12,,,1,82,,6396,12,,,1
9001,'2',639,,6398,12,,,1,81,,6399,12,,,1,81,,6400,12,,,1,46,,6406,12,,,1,73,,6401,12,,,1,32,,6402,12,,,1,72,,6403,12,,,1,32,,6404,12,,,1,72,,6405,12,,,1,72,,6411,12,,,1,32,,6412,12,,,1,72,,6413,12,,,1,32,,6414,12,,,1,72,,6415,12,,,1,32,,6416,12,,,1,72,,6417,12,,,1,32,,6418,12,,,1,72,,6419,12,,,1,32,,6420,12,,,1,72,,6421,12,,,1,32,,6422,12,,,1,72,,6423,12,,,1,32,,6424,12,,,1,72,,6425,12,,,1,72,,6426,12,,,1,55,,6427,12,,,1,81,,6428,12,,,1,81,,6407,12,,,1,41,,6408,12,,,1,81,,6409,12,,,1,81,,6410,12,,,1
9001,'3',846,,6430,12,,,1,82,,6431,12,,,1,84,,6432,12,,,1,42,,6433,12,,,1,82,,6434,12,,,1,84,,6435,12,,,1,85,,6436,12,,,1,45,,6437,12,,,1,85,,6438,12,,,1,85,,6439,12,,,1,85,,6440,12,,,1,45,,6441,12,,,1,85,,6442,12,,,1,83,,6443,12,,,1,84,,6444,12,,,1,39,,6445,12,,,1,84,,6446,12,,,1,79,,6447,12,,,1,39,,6448,12,,,1,79,,6449,12,,,1
9001,'80',846,,6451,12,,,1,82,,6452,12,,,1,84,,6453,12,,,1,42,,6454,12,,,1,82,,6455,12,,,1,84,,6456,12,,,1,85,,6457,12,,,1,45,,6458,12,,,1,85,,6459,12,,,1,85,,6460,12,,,1,85,,6461,12,,,1,45,,6462,12,,,1,85,,6463,12,,,1,83,,6464,12,,,1,84,,6465,12,,,1,39,,6466,12,,,1,84,,6467,12,,,1,79,,6468,12,,,1,39,,6469,12,,,1,79,,6470,12,,,1
9001,'81',846,,6472,12,,,1,82,,6473,12,,,1,84,,6474,12,,,1,42,,6475,12,,,1,82,,6476,12,,,1,84,,6477,12,,,1,85,,6478,12,,,1,45,,6479,12,,,1,85,,6480,12,,,1,85,,6481,12,,,1,85,,6482,12,,,1,45,,6483,12,,,1,85,,6484,12,,,1,83,,6485,12,,,1,84,,6486,12,,,1,39,,6487,12,,,1,84,,6488,12,,,1,79,,6489,12,,,1,39,,6490,12,,,1,79,,6491,12,,,1
900200,'1',613,,11509,42,0,204 205 206 207,1,19,,11510,42,0,204 205 206 207,1,19,,11511,42,0,204 205 206 207,1,59,,11512,42,0,204 205 206 207,1,20,,11513,42,0,204 205 206 207,1,26,,11514,42,0,204 205 206 207,1,67,,11515,42,0,204 205 206 207,1,23,,11516,42,0,204 205 206 207,1,59,,11517,42,0,204 205 206 207,1,23,,11518,42,0,204 205 206 207,1,26,,11519,42,0,204 205 206 207,1,61,,11520,42,0,204 205 206 207,1,18,,11521,42,0,204 205 206 207,1
900201,'1',1552,,11550,14,,,1,63,,11551,14,,,1,23,,11552,14,,,1,63,,11553,14,,,1,23,,11554,14,,,1,23,,11555,14,,,1,63,,11556,14,,,1,23,,11557,14,,,1,23,,11561,14,,,1,57,,11558,14,,,1,19,,11559,14,,,1,19,,11560,14,,,1
