300,'1',530,,418,1,0,21 22 23 3 24,1,72,,419,1,0,21 22 23 3 24,1,32,,420,1,0,21 22 23 3 24,1,72,,421,1,0,21 22 23 3 24,1,32,,422,1,0,21 22 23 3 24,1,72,,423,1,0,21 22 23 3 24,1,32,,424,1,0,21 22 23 3 24,1,72,,425,1,0,21 22 23 3 24,1,32,,426,1,0,21 22 23 3 24,1,86,,427,1,0,21 22 23 3 24,1,86,,428,1,0,21 22 23 3 24,1,86,,429,1,0,21 22 23 3 24,1,46,,430,1,0,21 22 23 3 24,1,86,,431,1,0,21 22 23 3 24,1,86,,432,1,0,21 22 23 3 24,1,32,,433,1,0,21 22 23 3 24,1,72,,434,1,0,21 22 23 3 24,1,32,,435,1,0,21 22 23 3 24,1,72,,436,1,0,21 22 23 3 24,1,72,,437,1,0,21 22 23 3 24,1,32,,438,1,0,21 22 23 3 24,1,72,,439,1,0,21 22 23 3 24,1,32,,440,1,0,21 22 23 3 24,1,72,,441,1,0,21 22 23 3 24,1,32,,444,1,0,21 22 23 3 24,1,83,,445,1,0,21 22 23 3 24,1,83,,446,1,0,21 22 23 3 24,1
300,'2',854,,451,1,0,21 22 23 3 24,1,105,,453,1,0,21 22 23 3 24,1,145,,454,1,0,21 22 23 3 24,1,105,,455,1,0,21 22 23 3 24,1,105,,456,1,0,21 22 23 3 24,1,105,,457,1,0,21 22 23 3 24,1,105,,458,1,0,21 22 23 3 24,1,105,,459,1,0,21 22 23 3 24,1,106,,460,1,0,21 22 23 3 24,1,106,,461,1,0,21 22 23 3 24,1,102,,462,1,0,21 22 23 3 24,1,102,,463,1,0,21 22 23 3 24,1,102,,450,1,0,21 22 23 3 24,1
300,'3',1013,,477,1,0,21 22 23 3 24,1,102,,476,1,0,21 22 23 3 24,1,102,,475,1,0,21 22 23 3 24,1,102,,474,1,0,21 22 23 3 24,1,102,,473,1,0,21 22 23 3 24,1,102,,472,1,0,21 22 23 3 24,1,102,,471,1,0,21 22 23 3 24,1,102,,470,1,0,21 22 23 3 24,1,102,,469,1,0,21 22 23 3 24,1,102,,468,1,0,21 22 23 3 24,1,99,,467,1,0,21 22 23 3 24,1,98,,466,1,0,21 22 23 3 24,1
300,'80',1013,,491,1,0,21 22 23 3 24,1,102,,490,1,0,21 22 23 3 24,1,102,,489,1,0,21 22 23 3 24,1,102,,488,1,0,21 22 23 3 24,1,102,,487,1,0,21 22 23 3 24,1,102,,486,1,0,21 22 23 3 24,1,102,,485,1,0,21 22 23 3 24,1,102,,484,1,0,21 22 23 3 24,1,102,,483,1,0,21 22 23 3 24,1,102,,482,1,0,21 22 23 3 24,1,99,,481,1,0,21 22 23 3 24,1,98,,480,1,0,21 22 23 3 24,1
300,'81',1013,,505,1,0,21 22 23 3 24,1,102,,504,1,0,21 22 23 3 24,1,102,,503,1,0,21 22 23 3 24,1,102,,502,1,0,21 22 23 3 24,1,102,,501,1,0,21 22 23 3 24,1,102,,500,1,0,21 22 23 3 24,1,102,,499,1,0,21 22 23 3 24,1,102,,498,1,0,21 22 23 3 24,1,102,,497,1,0,21 22 23 3 24,1,102,,496,1,0,21 22 23 3 24,1,99,,495,1,0,21 22 23 3 24,1,98,,494,1,0,21 22 23 3 24,1
301,'1',612,,507,72,4,,1,32,,508,72,4,,1,77,,509,72,4,,1,36,,510,72,4,,1,72,,511,72,4,,1,79,,512,72,4,,1,32,,513,72,4,,1,62,,514,72,4,,1,32,,506,72,4,,1,77,,530,72,4,,1,46,,515,72,4,,1,86,,516,72,4,,1,86,,517,72,4,,1,86,,518,72,4,,1,34,,531,19,4,,1,52,,519,72,4,,1,55,,520,72,4,,1,67,,521,72,4,,1,32,,522,72,4,,1,72,,523,72,4,,1,32,,524,72,4,,1,65,,525,72,4,,1,32,,526,72,4,,1,65,,527,72,4,,1,32,,528,72,4,,1,66,,529,72,4,,1,29,,535,72,4,,1,66,,532,72,4,,1,43,,533,72,4,,1
301,'2',848,,538,72,4,,1,103,,537,72,4,,1,107,,542,72,4,,1,145,,539,72,4,,1,105,,540,72,4,,1,105,,541,72,4,,1,105,,543,72,4,,1,106,,544,72,4,,1,106,,545,72,4,,1,106,,546,72,4,,1,102,,547,72,4,,1,102,,548,72,4,,1,102,,549,72,4,,1
301,'3',1006,,557,72,4,,1,104,,556,72,4,,1,102,,555,72,4,,1,102,,554,72,4,,1,102,,553,72,4,,1,102,,552,72,4,,1,102,,551,72,4,,1,102,,550,72,4,,1,102,,562,72,4,,1,102,,561,72,4,,1,99,,560,72,4,,1,98,,559,72,4,,1
301,'80',1006,,570,72,4,,1,104,,569,72,4,,1,102,,568,72,4,,1,102,,567,72,4,,1,102,,566,72,4,,1,102,,565,72,4,,1,102,,564,72,4,,1,102,,563,72,4,,1,102,,573,72,4,,1,102,,572,72,4,,1,99,,571,72,4,,1,98,,575,72,4,,1
301,'81',1006,,583,72,4,,1,104,,582,72,4,,1,102,,581,72,4,,1,102,,580,72,4,,1,102,,579,72,4,,1,102,,578,72,4,,1,102,,577,72,4,,1,102,,576,72,4,,1,102,,588,72,4,,1,102,,587,72,4,,1,99,,586,72,4,,1,98,,585,72,4,,1
