9801,'1',515,,31521,13,,,1,35,,31520,13,,,1,75,,31519,13,,,1,75,,31518,13,,,1,35,,31517,13,,,1,75,,31516,13,,,1,35,,31515,13,,,1,75,,31514,13,,,1,35,,31525,13,,,1,100,,31524,13,,,1,98,,31523,13,,,1,98,,31522,13,,,1,99,,31537,13,,,1,80,,31536,13,,,1,80,,31535,13,,,1,40,,31534,13,,,1,80,,31533,13,,,1,80,,31532,13,,,1,40,,31531,13,,,1,79,,31530,13,,,1,80,,31529,13,,,1,91,,31528,13,,,1,49,,31527,13,,,1,88,,31526,13,,,1
9801,'2',524,,31556,13,,,1,86,,31555,13,,,1,46,,31554,13,,,1,86,,31553,13,,,1,86,,31552,13,,,1,95,,31551,13,,,1,94,,31550,13,,,1,96,,31549,13,,,1,94,,31548,13,,,1,100,,31547,13,,,1,98,,31546,13,,,1,98,,31545,13,,,1,97,,31544,13,,,1,58,,31543,13,,,1,98,,31542,13,,,1,97,,31541,13,,,1,86,,31540,13,,,1,89,,31539,13,,,1,89,,31538,13,,,1
9801,'3',705,,31573,13,,,1,48,,31574,13,,,1,88,,31572,13,,,1,88,,31571,13,,,1,88,,31570,13,,,1,95,,31569,13,,,1,93,,31568,13,,,1,53,,31567,13,,,1,94,,31566,13,,,1,93,,31565,13,,,1,93,,31564,13,,,1,93,,31563,13,,,1,93,,31562,13,,,1,92,,31561,13,,,1,87,,31560,13,,,1,48,,31559,13,,,1,87,,31558,13,,,1,88,,31557,13,,,1
9801,'74',524,,31593,13,,,1,86,,31592,13,,,1,46,,31591,13,,,1,86,,31590,13,,,1,86,,31589,13,,,1,95,,31588,13,,,1,94,,31587,13,,,1,96,,31586,13,,,1,94,,31585,13,,,1,100,,31584,13,,,1,98,,31583,13,,,1,98,,31582,13,,,1,97,,31581,13,,,1,58,,31580,13,,,1,98,,31579,13,,,1,97,,31578,13,,,1,86,,31577,13,,,1,89,,31576,13,,,1,89,,31575,13,,,1
9801,'80',705,,31610,13,,,1,48,,31611,13,,,1,88,,31609,13,,,1,88,,31608,13,,,1,88,,31607,13,,,1,95,,31606,13,,,1,93,,31605,13,,,1,53,,31604,13,,,1,94,,31603,13,,,1,93,,31602,13,,,1,93,,31601,13,,,1,93,,31600,13,,,1,93,,31599,13,,,1,92,,31598,13,,,1,87,,31597,13,,,1,48,,31596,13,,,1,87,,31595,13,,,1,88,,31594,13,,,1
989901,'1',2157,,36877,13,,,1,72,,36878,13,,,1,78,,36879,13,,,1,37,,36880,13,,,1,75,,36881,13,,,1,32,,36882,13,,,1,75,,36883,13,,,1,75,,36884,13,,,1
989901,'2',2203,,36885,13,,,1,53,,36886,13,,,1,83,,36887,13,,,1,91,,36890,13,,,1,85,,36888,13,,,1,86,,36889,13,,,1
989901,'3',2215,,36891,13,,,1,90,,36892,13,,,1,43,,36893,13,,,1,90,,36894,13,,,1,79,,36895,13,,,1,83,,36896,13,,,1
989901,'74',2203,,36897,13,,,1,53,,36898,13,,,1,83,,36899,13,,,1,91,,36902,13,,,1,85,,36900,13,,,1,86,,36901,13,,,1
989901,'80',2215,,36903,13,,,1,90,,36904,13,,,1,43,,36905,13,,,1,90,,36906,13,,,1,79,,36907,13,,,1,83,,36908,13,,,1
