9601,'1',533,,31339,74,,,1,72,,31340,74,,,1,29,,31341,74,,,1,70,,31342,74,,,1,42,,31343,74,,,1,76,,31344,74,,,1,78,,31345,74,,,1,27,,31346,74,,,1,32,,31347,74,,,1,71,,31348,74,,,1,79,,31349,74,,,1,38,,31350,70,,,1,83,,31351,70,,,1,75,,31352,70,,,1,32,,31353,70,,,1,86,,31354,70,,,1,82,,31355,70,,,1,22,,31374,70,,,1,17,,31356,70,,,1,72,,31357,70,,,1,27,,31358,70,,,1,71,,31359,74,,,1,27,,31360,74,,,1,64,,31361,74,,,1,22,,31362,74,,,1,17,,31363,74,,,1,65,,31364,74,,,1,25,,31365,74,,,1,25,,31366,74,,,1,61,,31367,70,,,1,25,,31368,70,,,1,67,,31369,70,,,1,30,,31370,70,,,1,70,,31371,70,,,1,30,,31372,70,,,1,64,,31373,70,,,1
9601,'2',858,,31375,70,,,1,99,,31376,70,,,1,102,,31377,70,,,1,99,,31378,70,,,1,99,,31379,70,,,1,96,,31380,70,,,1,99,,31381,70,,,1,99,,31382,70,,,1,99,,31383,70,,,1,99,,31384,70,,,1,88,,31385,70,,,1,90,,31386,70,,,1,97,,31387,70,,,1
9601,'3',958,,31388,70,,,1,94,,31389,70,,,1,94,,31390,70,,,1,94,,31391,70,,,1,94,,31392,70,,,1,94,,31393,70,,,1,96,,31394,70,,,1,94,,31395,70,,,1,88,,31396,70,,,1,94,,31397,70,,,1,52,,31398,70,,,1,94,,31399,70,,,1
9601,'74',858,,31400,70,,,1,99,,31401,70,,,1,102,,31402,70,,,1,99,,31403,70,,,1,99,,31404,70,,,1,96,,31405,70,,,1,99,,31406,70,,,1,99,,31407,70,,,1,99,,31408,70,,,1,99,,31409,70,,,1,88,,31410,70,,,1,90,,31411,70,,,1,97,,31412,70,,,1
9601,'80',958,,31413,70,,,1,94,,31414,70,,,1,94,,31415,70,,,1,94,,31416,70,,,1,94,,31417,70,,,1,94,,31418,70,,,1,96,,31419,70,,,1,94,,31420,70,,,1,88,,31421,70,,,1,94,,31422,70,,,1,52,,31423,70,,,1,94,,31424,70,,,1
10701,'1',527,,32420,17,,,1,24,,32419,17,,,1,67,,32418,17,,,1,24,,32417,17,,,1,64,,32416,17,,,1,18,,32415,17,,,1,20,,32414,17,,,1,12,,32413,17,,,1,61,,32412,17,,,1,16,,32411,17,,,1,16,,32410,17,,,1,10,,32409,17,,,1,84,,32398,17,,,1,80,,32405,17,,,1,82,,32404,17,,,1,42,,32403,17,,,1,82,,32402,17,,,1,87,,32401,17,,,1,42,,32400,17,,,1,68,,32408,17,,,1,14,,32399,17,,,1,63,,32397,17,,,1,18,,32396,17,,,1,18,,32395,17,,,1,18,,32394,17,,,1,62,,32393,17,,,1,18,,32392,17,,,1,18,,32391,17,,,1,63,,32390,17,,,1,18,,32389,17,,,1,18,,32388,17,,,1,55,,32387,17,,,1,17,,32386,17,,,1,18,,32434,17,,,1,66,,32433,17,,,1,18,,32421,17,,,1,78,,32435,17,,,1,41,,32432,17,,,1,76,,32431,17,,,1,78,,32430,17,,,1,32,,32429,17,,,1,74,,32428,17,,,1,34,,32427,17,,,1,74,,32426,17,,,1,34,,32425,17,,,1,74,,32424,17,,,1,34,,32423,17,,,1,74,,32422,17,,,1
10701,'2',702,,32463,17,,,1,39,,32464,17,,,1,77,,32465,17,,,1,37,,32466,17,,,1,77,,32467,17,,,1,77,,32468,17,,,1,37,,32469,17,,,1,77,,32470,17,,,1,77,,32471,17,,,1,37,,32472,17,,,1,76,,32440,17,,,1,37,,32441,17,,,1,76,,32443,17,,,1,77,,32444,17,,,1,37,,32445,17,,,1,77,,32446,17,,,1,35,,32447,17,,,1,77,,32448,17,,,1,77,,32449,17,,,1,37,,32450,17,,,1,77,,32451,17,,,1,37,,32452,17,,,1,77,,32453,17,,,1,77,,32454,17,,,1,37,,32455,17,,,1,77,,32442,17,,,1,77,,32456,17,,,1,37,,32457,17,,,1,77,,32458,17,,,1,37,,32459,17,,,1,76,,32439,17,,,1,75,,32460,17,,,1
10701,'3',741,,32485,17,,,1,77,,32486,17,,,1,34,,32487,17,,,1,77,,32488,17,,,1,78,,32489,17,,,1,37,,32490,17,,,1,77,,32484,17,,,1,37,,32491,17,,,1,77,,32492,17,,,1,77,,32493,17,,,1,37,,32494,17,,,1,77,,32495,17,,,1,75,,32496,17,,,1,37,,32497,17,,,1,77,,32498,17,,,1,37,,32500,17,,,1,77,,32501,17,,,1,77,,32499,17,,,1,37,,32481,17,,,1,77,,32502,17,,,1,37,,32503,17,,,1,77,,32504,17,,,1,77,,32505,17,,,1,37,,32473,17,,,1,77,,32474,17,,,1,77,,32475,17,,,1,37,,32476,17,,,1,77,,32477,17,,,1,36,,32478,17,,,1,77,,32479,17,,,1,77,,32480,17,,,1
10701,'74',702,,32530,17,,,1,39,,32531,17,,,1,77,,32532,17,,,1,37,,32533,17,,,1,77,,32534,17,,,1,77,,32535,17,,,1,37,,32536,17,,,1,77,,32537,17,,,1,77,,32538,17,,,1,37,,32539,17,,,1,76,,32507,17,,,1,37,,32508,17,,,1,76,,32510,17,,,1,77,,32511,17,,,1,37,,32512,17,,,1,77,,32513,17,,,1,35,,32514,17,,,1,77,,32515,17,,,1,77,,32516,17,,,1,37,,32517,17,,,1,77,,32518,17,,,1,37,,32519,17,,,1,77,,32520,17,,,1,77,,32521,17,,,1,37,,32522,17,,,1,77,,32509,17,,,1,77,,32523,17,,,1,37,,32524,17,,,1,77,,32525,17,,,1,37,,32526,17,,,1,76,,32506,17,,,1,75,,32527,17,,,1
10701,'80',741,,32552,17,,,1,77,,32553,17,,,1,34,,32554,17,,,1,77,,32555,17,,,1,78,,32556,17,,,1,37,,32557,17,,,1,77,,32551,17,,,1,37,,32558,17,,,1,77,,32559,17,,,1,77,,32560,17,,,1,37,,32561,17,,,1,77,,32562,17,,,1,75,,32563,17,,,1,37,,32564,17,,,1,77,,32565,17,,,1,37,,32567,17,,,1,77,,32568,17,,,1,77,,32566,17,,,1,37,,32548,17,,,1,77,,32569,17,,,1,37,,32570,17,,,1,77,,32571,17,,,1,77,,32572,17,,,1,37,,32540,17,,,1,77,,32541,17,,,1,77,,32542,17,,,1,37,,32543,17,,,1,77,,32544,17,,,1,36,,32545,17,,,1,77,,32546,17,,,1,77,,32547,17,,,1
