300,'1',504,,442,47,0,21 22 23 3 24,1,31,,443,47,0,21 22 23 3 24,1,87,,418,65,0,21 22 23 3 24,1,32,,419,65,0,21 22 23 3 24,1,75,,420,65,0,21 22 23 3 24,1,78,,421,65,0,21 22 23 3 24,1,32,,422,65,0,21 22 23 3 24,1,77,,423,65,0,21 22 23 3 24,1,25,,424,65,0,21 22 23 3 24,1,72,,425,65,0,21 22 23 3 24,1,25,,426,65,0,21 22 23 3 24,1,89,,427,65,0,21 22 23 3 24,1,86,,428,65,0,21 22 23 3 24,1,46,,429,65,0,21 22 23 3 24,1,86,,430,65,0,21 22 23 3 24,1,86,,431,65,0,21 22 23 3 24,1,92,,432,65,0,21 22 23 3 24,1,36,,433,65,0,21 22 23 3 24,1,72,,434,65,0,21 22 23 3 24,1,72,,435,65,0,21 22 23 3 24,1,32,,436,65,0,21 22 23 3 24,1,72,,437,65,0,21 22 23 3 24,1,32,,438,65,0,21 22 23 3 24,1,66,,439,65,0,21 22 23 3 24,1,32,,440,65,0,21 22 23 3 24,1,67,,441,65,0,21 22 23 3 24,1,32,,444,65,0,21 22 23 3 24,1,83,,445,65,0,21 22 23 3 24,1,40,,446,65,0,21 22 23 3 24,1
300,'2',843,,452,30,0,21 22 23 3 24,1,102,,451,65,0,21 22 23 3 24,1,105,,453,65,0,21 22 23 3 24,1,105,,454,65,0,21 22 23 3 24,1,145,,455,65,0,21 22 23 3 24,1,105,,456,65,0,21 22 23 3 24,1,107,,457,65,0,21 22 23 3 24,1,105,,458,65,0,21 22 23 3 24,1,107,,459,65,0,21 22 23 3 24,1,106,,460,65,0,21 22 23 3 24,1,102,,461,65,0,21 22 23 3 24,1,102,,462,65,0,21 22 23 3 24,1,99,,463,65,0,21 22 23 3 24,1,102,,450,65,0,21 22 23 3 24,1
300,'3',1003,,465,30,0,21 22 23 3 24,1,100,,477,65,0,21 22 23 3 24,1,104,,476,65,0,21 22 23 3 24,1,102,,475,65,0,21 22 23 3 24,1,102,,474,65,0,21 22 23 3 24,1,99,,473,65,0,21 22 23 3 24,1,102,,472,65,0,21 22 23 3 24,1,102,,471,65,0,21 22 23 3 24,1,102,,470,65,0,21 22 23 3 24,1,102,,469,65,0,21 22 23 3 24,1,99,,468,65,0,21 22 23 3 24,1,99,,467,65,0,21 22 23 3 24,1,98,,466,65,0,21 22 23 3 24,1
300,'80',1003,,479,30,0,21 22 23 3 24,1,100,,491,65,0,21 22 23 3 24,1,104,,490,65,0,21 22 23 3 24,1,102,,489,65,0,21 22 23 3 24,1,102,,488,65,0,21 22 23 3 24,1,99,,487,65,0,21 22 23 3 24,1,102,,486,65,0,21 22 23 3 24,1,102,,485,65,0,21 22 23 3 24,1,102,,484,65,0,21 22 23 3 24,1,102,,483,65,0,21 22 23 3 24,1,99,,482,65,0,21 22 23 3 24,1,99,,481,65,0,21 22 23 3 24,1,98,,480,65,0,21 22 23 3 24,1
300,'81',1003,,493,30,0,21 22 23 3 24,1,100,,505,65,0,21 22 23 3 24,1,104,,504,65,0,21 22 23 3 24,1,102,,503,65,0,21 22 23 3 24,1,102,,502,65,0,21 22 23 3 24,1,99,,501,65,0,21 22 23 3 24,1,102,,500,65,0,21 22 23 3 24,1,102,,499,65,0,21 22 23 3 24,1,102,,498,65,0,21 22 23 3 24,1,102,,497,65,0,21 22 23 3 24,1,99,,496,65,0,21 22 23 3 24,1,99,,495,65,0,21 22 23 3 24,1,98,,494,65,0,21 22 23 3 24,1
9001,'1',556,,6348,25,,,1,51,,6347,25,,,1,11,,6346,25,,,1,11,,6345,25,,,1,11,,6344,25,,,1,11,,6343,25,,,1,51,,6342,25,,,1,12,,6340,25,,,1,15,,6341,25,,,1,10,,6360,25,,,1,11,,6359,25,,,1,58,,6358,25,,,1,13,,6357,25,,,1,13,,6356,25,,,1,13,,6349,25,,,1,53,,6350,25,,,1,13,,6351,25,,,1,13,,6352,25,,,1,11,,6353,25,,,1,9,,6354,25,,,1,13,,6355,25,,,1,79,,6368,25,,,1,72,,6361,25,,,1,32,,6362,25,,,1,72,,6363,25,,,1,32,,6364,25,,,1,72,,6365,25,,,1,32,,6366,25,,,1,78,,6367,25,,,1,25,,6369,25,,,1,54,,6370,25,,,1,14,,6371,25,,,1,14,,6372,25,,,1,17,,6373,25,,,1,54,,6374,25,,,1,12,,6375,25,,,1,17,,6376,25,,,1,14,,6377,25,,,1,54,,6378,25,,,1,14,,6379,25,,,1,13,,6380,25,,,1,14,,6381,25,,,1,11,,6382,25,,,1,54,,6383,25,,,1,14,,6384,25,,,1,14,,6385,25,,,1,14,,6386,25,,,1,54,,6387,25,,,1,11,,6388,25,,,1,27,,6395,25,,,1,82,,6394,25,,,1,80,,6389,25,,,1,42,,6390,25,,,1,82,,6391,25,,,1,82,,6392,25,,,1,41,,6393,25,,,1,82,,6396,25,,,1
9001,'2',609,,6397,8,,,1,40,,6398,25,,,1,81,,6399,25,,,1,81,,6400,25,,,1,47,,6406,25,,,1,73,,6401,25,,,1,72,,6402,25,,,1,32,,6403,25,,,1,73,,6404,25,,,1,32,,6405,25,,,1,72,,6411,25,,,1,34,,6412,25,,,1,72,,6413,25,,,1,32,,6414,25,,,1,72,,6415,25,,,1,32,,6416,25,,,1,72,,6417,25,,,1,32,,6418,25,,,1,72,,6419,25,,,1,72,,6420,25,,,1,32,,6421,25,,,1,72,,6422,25,,,1,32,,6423,25,,,1,69,,6424,25,,,1,32,,6425,25,,,1,72,,6426,25,,,1,95,,6427,25,,,1,41,,6428,25,,,1,81,,6407,25,,,1,81,,6408,25,,,1,41,,6409,25,,,1,81,,6410,25,,,1
9001,'3',819,,6429,8,,,1,38,,6430,25,,,1,82,,6431,25,,,1,84,,6432,25,,,1,82,,6433,25,,,1,42,,6434,25,,,1,85,,6435,25,,,1,85,,6436,25,,,1,85,,6437,25,,,1,45,,6438,25,,,1,85,,6439,25,,,1,85,,6440,25,,,1,85,,6441,25,,,1,45,,6442,25,,,1,82,,6443,25,,,1,84,,6444,25,,,1,38,,6445,25,,,1,84,,6446,25,,,1,79,,6447,25,,,1,39,,6448,25,,,1,79,,6449,25,,,1
9001,'80',819,,6450,8,,,1,38,,6451,25,,,1,82,,6452,25,,,1,84,,6453,25,,,1,82,,6454,25,,,1,42,,6455,25,,,1,85,,6456,25,,,1,85,,6457,25,,,1,85,,6458,25,,,1,45,,6459,25,,,1,85,,6460,25,,,1,85,,6461,25,,,1,85,,6462,25,,,1,45,,6463,25,,,1,82,,6464,25,,,1,84,,6465,25,,,1,38,,6466,25,,,1,84,,6467,25,,,1,79,,6468,25,,,1,39,,6469,25,,,1,79,,6470,25,,,1
9001,'81',819,,6471,8,,,1,38,,6472,25,,,1,82,,6473,25,,,1,84,,6474,25,,,1,82,,6475,25,,,1,42,,6476,25,,,1,85,,6477,25,,,1,85,,6478,25,,,1,85,,6479,25,,,1,45,,6480,25,,,1,85,,6481,25,,,1,85,,6482,25,,,1,85,,6483,25,,,1,45,,6484,25,,,1,82,,6485,25,,,1,84,,6486,25,,,1,38,,6487,25,,,1,84,,6488,25,,,1,79,,6489,25,,,1,39,,6490,25,,,1,79,,6491,25,,,1
900201,'1',522,,11546,20,,,1,19,,11547,20,,,1,59,,11548,20,,,1,19,,11549,20,,,1,17,,11534,6,,,1,19,,11535,6,,,1,63,,11545,6,,,1,25,,11544,6,,,1,63,,11543,6,,,1,21,,11536,6,,,1,23,,11537,6,,,1,63,,11538,6,,,1,23,,11539,6,,,1,23,,11540,6,,,1,63,,11541,6,,,1,23,,11542,6,,,1,570,,11550,34,,,1,23,,11551,34,,,1,63,,11552,34,,,1,23,,11553,34,,,1,23,,11554,34,,,1,61,,11555,34,,,1,23,,11556,34,,,1,19,,11557,34,,,1,63,,11561,34,,,1,17,,11558,34,,,1,19,,11559,34,,,1,59,,11560,34,,,1
