1600,'1',541,,26443,10,,,1,62,,26444,10,,,1,23,,26445,10,,,1,22,,26446,10,,,1,62,,26447,10,,,1,22,,26448,10,,,1,18,,26449,10,,,1,66,,26450,10,,,1,22,,26451,10,,,1,62,,26452,10,,,1,31,,26453,10,,,1,71,,26454,10,,,1,35,,26455,10,,,1,67,,26456,10,,,1,31,,26457,10,,,1,71,,26458,10,,,1,31,,26459,10,,,1,71,,26460,10,,,1,31,,26461,10,,,1,75,,26462,10,,,1,20,,26463,10,,,1,23,,26464,10,,,1,63,,26465,10,,,1,23,,26466,10,,,1,63,,26467,10,,,1,24,,26468,10,,,1,23,,26469,10,,,1,63,,26470,10,,,1,23,,26471,10,,,1,63,,26472,10,,,1,23,,26473,10,,,1,20,,26474,10,,,1,63,,26475,10,,,1,23,,26476,10,,,1,23,,26477,10,,,1,63,,26478,10,,,1,23,,26479,10,,,1,74,,26480,10,,,1,34,,26481,10,,,1,74,,26482,10,,,1,34,,26483,10,,,1,74,,26484,10,,,1,74,,26488,10,,,1
1600,'2',650,,26489,10,,,1,78,,26490,10,,,1,78,,26491,10,,,1,38,,26492,10,,,1,78,,26493,10,,,1,78,,26494,10,,,1,38,,26495,10,,,1,78,,26496,10,,,1,38,,26497,10,,,1,78,,26498,10,,,1,81,,26499,10,,,1,41,,26500,10,,,1,82,,26501,10,,,1,81,,26502,10,,,1,42,,26503,10,,,1,81,,26504,10,,,1,81,,26505,10,,,1,81,,26506,10,,,1,41,,26507,10,,,1,75,,26508,10,,,1,36,,26509,10,,,1,79,,26510,10,,,1,73,,26511,10,,,1,35,,26512,10,,,1,77,,26513,10,,,1,35,,26515,10,,,1,76,,26516,10,,,1
1600,'3',843,,26517,10,,,1,96,,26518,10,,,1,95,,26519,10,,,1,95,,26520,10,,,1,95,,26521,10,,,1,99,,26526,10,,,1,98,,26522,10,,,1,98,,26523,10,,,1,98,,26524,10,,,1,94,,26525,10,,,1,95,,26531,10,,,1,52,,26527,10,,,1,91,,26528,10,,,1,92,,26529,10,,,1,92,,26530,10,,,1
1600,'74',650,,26534,10,,,1,78,,26535,10,,,1,78,,26536,10,,,1,38,,26537,10,,,1,78,,26538,10,,,1,78,,26539,10,,,1,38,,26540,10,,,1,78,,26541,10,,,1,38,,26542,10,,,1,78,,26543,10,,,1,81,,26544,10,,,1,41,,26545,10,,,1,82,,26546,10,,,1,81,,26547,10,,,1,42,,26548,10,,,1,81,,26549,10,,,1,81,,26550,10,,,1,81,,26551,10,,,1,41,,26552,10,,,1,75,,26553,10,,,1,36,,26554,10,,,1,79,,26555,10,,,1,73,,26556,10,,,1,35,,26558,10,,,1,77,,26559,10,,,1,35,,26560,10,,,1,76,,26561,10,,,1
1600,'80',843,,26562,10,,,1,96,,26563,10,,,1,95,,26564,10,,,1,95,,26565,10,,,1,95,,26566,10,,,1,99,,26571,10,,,1,98,,26567,10,,,1,98,,26568,10,,,1,98,,26569,10,,,1,94,,26570,10,,,1,95,,26576,10,,,1,52,,26572,10,,,1,91,,26573,10,,,1,92,,26574,10,,,1,92,,26575,10,,,1
8500,'1',637,,29617,54,,,1,16,,29618,54,,,1,56,,29619,54,,,1,16,,29620,54,,,1,16,,29621,54,,,1,59,,29622,54,,,1,16,,29623,54,,,1,16,,29624,54,,,1,16,,29625,54,,,1,56,,29626,54,,,1,16,,29627,54,,,1,11,,29628,53,,,1,16,,29629,53,,,1,65,,29630,53,,,1,25,,29631,53,,,1,18,,29632,53,,,1,65,,29633,53,,,1,25,,29634,53,,,1,65,,29635,53,,,1,25,,29636,53,,,1,66,,29637,53,,,1,25,,29638,53,,,1,27,,29639,53,,,1,65,,29640,53,,,1,20,,29641,53,,,1,17,,29668,39,,,1,58,,29642,39,,,1,20,,29643,39,,,1,16,,29644,39,,,1,57,,29645,39,,,1,16,,29646,39,,,1,24,,29647,40,,,1,13,,29648,40,,,1,56,,29649,40,,,1,16,,29650,40,,,1,19,,29651,40,,,1,56,,29652,40,,,1,16,,29653,40,,,1,16,,29654,40,,,1,9,,29655,40,,,1,56,,29656,40,,,1,16,,29657,40,,,1,16,,29658,40,,,1,16,,29659,40,,,1,53,,29660,39,,,1,25,,29661,39,,,1,25,,29662,39,,,1,65,,29663,39,,,1,32,,29664,39,,,1,72,,29665,39,,,1,32,,29666,39,,,1,72,,29667,39,,,1
8500,'2',711,,29697,53,,,1,32,,29698,53,,,1,70,,29699,53,,,1,28,,29700,53,,,1,74,,29701,53,,,1,30,,29702,53,,,1,70,,29703,53,,,1,34,,29704,53,,,1,70,,29705,53,,,1,31,,29669,53,,,1,62,,29670,53,,,1,25,,29671,53,,,1,63,,29672,53,,,1,23,,29673,53,,,1,23,,29674,53,,,1,63,,29675,53,,,1,23,,29676,53,,,1,23,,29677,53,,,1,63,,29678,53,,,1,23,,29679,53,,,1,63,,29680,53,,,1,23,,29681,53,,,1,23,,29682,53,,,1,63,,29683,53,,,1,21,,29684,53,,,1,21,,29685,53,,,1,57,,29686,53,,,1,21,,29687,53,,,1,21,,29688,53,,,1,61,,29689,53,,,1,21,,29690,53,,,1,21,,29691,53,,,1,58,,29692,53,,,1,21,,29693,53,,,1,21,,29694,53,,,1,61,,29695,53,,,1,21,,29696,53,,,1,70,,29706,53,,,1,30,,29707,53,,,1,70,,29708,53,,,1
8500,'3',847,,29726,25,,,1,80,,29727,25,,,1,79,,29709,53,,,1,40,,29710,53,,,1,81,,29711,53,,,1,80,,29712,53,,,1,51,,29713,53,,,1,83,,29714,53,,,1,83,,29715,53,,,1,83,,29716,53,,,1,42,,29717,53,,,1,83,,29718,53,,,1,84,,29719,53,,,1,34,,29720,53,,,1,81,,29721,53,,,1,85,,29722,53,,,1,37,,29723,53,,,1,81,,29724,53,,,1,81,,29725,53,,,1
8500,'74',711,,29756,53,,,1,32,,29757,53,,,1,70,,29758,53,,,1,28,,29759,53,,,1,74,,29760,53,,,1,30,,29761,53,,,1,70,,29762,53,,,1,34,,29763,53,,,1,70,,29764,53,,,1,31,,29728,53,,,1,62,,29729,53,,,1,25,,29730,53,,,1,63,,29731,53,,,1,23,,29732,53,,,1,23,,29733,53,,,1,63,,29734,53,,,1,23,,29735,53,,,1,23,,29736,53,,,1,63,,29737,53,,,1,23,,29738,53,,,1,63,,29739,53,,,1,23,,29740,53,,,1,23,,29741,53,,,1,63,,29742,53,,,1,21,,29743,53,,,1,21,,29744,53,,,1,57,,29745,53,,,1,21,,29746,53,,,1,21,,29747,53,,,1,61,,29748,53,,,1,21,,29749,53,,,1,21,,29750,53,,,1,58,,29751,53,,,1,21,,29752,53,,,1,21,,29753,53,,,1,61,,29754,53,,,1,21,,29755,53,,,1,70,,29765,53,,,1,30,,29766,53,,,1,70,,29767,53,,,1
8500,'80',847,,29785,25,,,1,80,,29786,25,,,1,79,,29768,53,,,1,40,,29769,53,,,1,81,,29770,53,,,1,80,,29771,53,,,1,51,,29772,53,,,1,83,,29773,53,,,1,83,,29774,53,,,1,83,,29775,53,,,1,42,,29776,53,,,1,83,,29777,53,,,1,84,,29778,53,,,1,34,,29779,53,,,1,81,,29780,53,,,1,85,,29781,53,,,1,37,,29782,53,,,1,81,,29783,53,,,1,81,,29784,53,,,1
8601,'1',615,,30022,41,,,1,33,,30021,41,,,1,68,,30018,41,,,1,27,,30019,41,,,1,77,,30020,44,,,1,80,,30023,40,,,1,34,,30026,40,,,1,102,,30025,40,,,1,86,,30024,40,,,1,94,,30027,40,,,1,93,,30028,40,,,1,42,,30029,40,,,1,103,,30030,44,,,1,88,,30031,40,,,1,71,,30041,40,,,1,29,,30032,40,,,1,89,,30033,40,,,1,25,,30034,41,,,1,65,,30036,41,,,1,32,,30035,41,,,1,68,,30037,40,,,1,32,,30038,41,,,1,80,,30039,40,,,1,81,,30040,40,,,1
8601,'2',812,,30042,40,,,1,46,,30043,40,,,1,88,,30044,40,,,1,86,,30045,40,,,1,86,,30046,40,,,1,86,,30047,40,,,1,45,,30048,40,,,1,86,,30049,40,,,1,86,,30050,40,,,1,87,,30051,40,,,1,46,,30052,40,,,1,86,,30053,40,,,1,86,,30054,40,,,1,81,,30055,40,,,1,46,,30056,40,,,1,86,,30057,40,,,1
8601,'74',812,,30058,40,,,1,46,,30059,40,,,1,88,,30060,40,,,1,86,,30061,40,,,1,86,,30062,40,,,1,86,,30063,40,,,1,45,,30064,40,,,1,86,,30065,40,,,1,86,,30066,40,,,1,87,,30067,40,,,1,46,,30068,40,,,1,86,,30069,40,,,1,86,,30070,40,,,1,81,,30071,40,,,1,46,,30072,40,,,1,86,,30073,40,,,1
