9801,'1',510,,7165,7,,,1,35,,7164,7,,,1,75,,7163,7,,,1,35,,7162,7,,,1,75,,7161,7,,,1,75,,7160,7,,,1,35,,7159,7,,,1,75,,7158,7,,,1,35,,7171,7,,,1,98,,7170,7,,,1,98,,7169,7,,,1,98,,7168,7,,,1,99,,7167,7,,,1,80,,7166,7,,,1,80,,7181,7,,,1,40,,7180,7,,,1,80,,7179,7,,,1,80,,7178,7,,,1,40,,7177,7,,,1,79,,7176,7,,,1,80,,7175,7,,,1,51,,7174,7,,,1,91,,7173,7,,,1,88,,7172,7,,,1
9801,'2',519,,7200,7,,,1,86,,7199,7,,,1,46,,7198,7,,,1,86,,7197,7,,,1,86,,7196,7,,,1,94,,7195,7,,,1,94,,7194,7,,,1,95,,7193,7,,,1,94,,7192,7,,,1,100,,7191,7,,,1,58,,7190,7,,,1,98,,7189,7,,,1,97,,7188,7,,,1,98,,7187,7,,,1,98,,7186,7,,,1,97,,7185,7,,,1,88,,7184,7,,,1,89,,7183,7,,,1,89,,7182,7,,,1
9801,'3',700,,7217,7,,,1,48,,7218,7,,,1,88,,7216,7,,,1,88,,7215,7,,,1,88,,7214,7,,,1,94,,7213,7,,,1,53,,7212,7,,,1,93,,7211,7,,,1,93,,7210,7,,,1,93,,7209,7,,,1,93,,7208,7,,,1,93,,7207,7,,,1,93,,7206,7,,,1,93,,7205,7,,,1,48,,7204,7,,,1,88,,7203,7,,,1,87,,7202,7,,,1,88,,7201,7,,,1
9801,'80',700,,7235,7,,,1,48,,7236,7,,,1,88,,7234,7,,,1,88,,7233,7,,,1,88,,7232,7,,,1,94,,7231,7,,,1,53,,7230,7,,,1,93,,7229,7,,,1,93,,7228,7,,,1,93,,7227,7,,,1,93,,7226,7,,,1,93,,7225,7,,,1,93,,7224,7,,,1,93,,7223,7,,,1,48,,7222,7,,,1,88,,7221,7,,,1,87,,7220,7,,,1,88,,7219,7,,,1
9801,'81',700,,7253,7,,,1,48,,7254,7,,,1,88,,7252,7,,,1,88,,7251,7,,,1,88,,7250,7,,,1,94,,7249,7,,,1,53,,7248,7,,,1,93,,7247,7,,,1,93,,7246,7,,,1,93,,7245,7,,,1,93,,7244,7,,,1,93,,7243,7,,,1,93,,7242,7,,,1,93,,7241,7,,,1,48,,7240,7,,,1,88,,7239,7,,,1,87,,7238,7,,,1,88,,7237,7,,,1
989901,'1',2154,,11627,7,,,1,72,,11628,7,,,1,78,,11629,7,,,1,37,,11630,7,,,1,75,,11631,7,,,1,32,,11632,7,,,1,75,,11633,7,,,1,35,,11634,7,,,1
989901,'2',2159,,11635,7,,,1,94,,11636,7,,,1,83,,11637,7,,,1,91,,11640,7,,,1,85,,11638,7,,,1,46,,11639,7,,,1
989901,'3',2212,,11641,7,,,1,90,,11642,7,,,1,43,,11643,7,,,1,90,,11644,7,,,1,79,,11645,7,,,1,43,,11646,7,,,1
989901,'80',2212,,11647,7,,,1,90,,11648,7,,,1,43,,11649,7,,,1,90,,11650,7,,,1,79,,11651,7,,,1,43,,11652,7,,,1
989901,'81',2212,,11653,7,,,1,90,,11654,7,,,1,43,,11655,7,,,1,90,,11656,7,,,1,79,,11657,7,,,1,43,,11658,7,,,1
