8500,'1',541,,5396,3,,,1,16,,5397,3,,,1,56,,5398,3,,,1,16,,5399,3,,,1,16,,5400,3,,,1,56,,5401,3,,,1,16,,5402,3,,,1,16,,5403,3,,,1,16,,5404,3,,,1,56,,5405,3,,,1,16,,5406,3,,,1,16,,5407,3,,,1,16,,5408,3,,,1,65,,5409,3,,,1,25,,5410,3,,,1,65,,5411,3,,,1,25,,5412,3,,,1,25,,5413,3,,,1,65,,5414,3,,,1,25,,5415,3,,,1,65,,5416,3,,,1,25,,5417,3,,,1,65,,5418,3,,,1,25,,5419,3,,,1,20,,5420,3,,,1
8500,'2',630,,5476,3,,,1,70,,5477,3,,,1,30,,5478,3,,,1,28,,5479,3,,,1,71,,5480,3,,,1,30,,5481,3,,,1,70,,5482,3,,,1,72,,5483,3,,,1,30,,5484,3,,,1,71,,5448,3,,,1,22,,5449,3,,,1,23,,5450,3,,,1,63,,5451,3,,,1,23,,5452,3,,,1,23,,5453,3,,,1,63,,5454,3,,,1,23,,5455,3,,,1,63,,5456,3,,,1,23,,5457,3,,,1,23,,5458,3,,,1,63,,5459,3,,,1,23,,5460,3,,,1,63,,5461,3,,,1,23,,5462,3,,,1,21,,5463,3,,,1,65,,5464,3,,,1,17,,5465,3,,,1,21,,5466,3,,,1,61,,5467,3,,,1,21,,5468,3,,,1,21,,5469,3,,,1,61,,5470,3,,,1,21,,5471,3,,,1,21,,5472,3,,,1,61,,5473,3,,,1,21,,5474,3,,,1,21,,5475,3,,,1,70,,5485,3,,,1,30,,5486,3,,,1,70,,5487,3,,,1
8500,'3',920,,5488,3,,,1,80,,5489,3,,,1,40,,5490,3,,,1,80,,5491,3,,,1,91,,5492,3,,,1,43,,5493,3,,,1,83,,5494,3,,,1,83,,5495,3,,,1,82,,5496,3,,,1,43,,5497,3,,,1,82,,5498,3,,,1,74,,5499,3,,,1,41,,5500,3,,,1,85,,5501,3,,,1,77,,5502,3,,,1,41,,5503,3,,,1,81,,5504,3,,,1
8500,'80',920,,5507,3,,,1,80,,5508,3,,,1,40,,5509,3,,,1,80,,5510,3,,,1,91,,5511,3,,,1,43,,5512,3,,,1,83,,5513,3,,,1,83,,5514,3,,,1,82,,5515,3,,,1,43,,5516,3,,,1,82,,5517,3,,,1,74,,5518,3,,,1,41,,5519,3,,,1,85,,5520,3,,,1,77,,5521,3,,,1,41,,5522,3,,,1,81,,5523,3,,,1
8500,'81',920,,5526,3,,,1,80,,5527,3,,,1,40,,5528,3,,,1,80,,5529,3,,,1,91,,5530,3,,,1,43,,5531,3,,,1,83,,5532,3,,,1,83,,5533,3,,,1,82,,5534,3,,,1,43,,5535,3,,,1,82,,5536,3,,,1,74,,5537,3,,,1,41,,5538,3,,,1,85,,5539,3,,,1,77,,5540,3,,,1,41,,5541,3,,,1,81,,5542,3,,,1
8501,'1',1354,,5566,54,,,1,65,,5570,54,,,1,25,,5571,54,,,1,66,,5572,54,,,1,16,,5599,54,,,1,16,,5600,54,,,1,16,,5589,54,,,1,56,,5588,54,,,1,16,,5587,54,,,1,71,,5586,54,,,1,24,,5585,54,,,1,16,,5573,54,,,1,59,,5574,54,,,1,13,,5575,54,,,1,7,,5576,54,,,1,16,,5577,54,,,1,11,,5578,54,,,1,59,,5579,54,,,1,13,,5580,54,,,1,16,,5581,54,,,1,16,,5582,54,,,1,55,,5583,54,,,1,14,,5584,54,,,1,32,,5592,54,,,1,63,,5591,54,,,1,25,,5590,54,,,1,62,,5596,54,,,1,29,,5595,54,,,1,70,,5593,54,,,1,32,,5594,54,,,1
8501,'2',2245,,5639,54,,,1,70,,5640,54,,,1
8501,'3',2100,,5641,54,,,1,41,,5642,54,,,1
8501,'80',2100,,5660,54,,,1,41,,5661,54,,,1
8501,'81',2100,,5679,54,,,1,41,,5680,54,,,1
46100,'24612.1',730,,9294,19,,,1
