600,'1',421,,24934,7,,,1,30,,24935,7,,,1,62,,24936,7,,,1,22,,24937,7,,,1,22,,24938,7,,,1,62,,24939,7,,,1,22,,24940,7,,,1,68,,24941,7,,,1,23,,24942,7,,,1,71,,24943,7,,,1,26,,24944,7,,,1,27,,24945,7,,,1,67,,24946,7,,,1,36,,24947,7,,,1,76,,24948,7,,,1,76,,24949,7,,,1,36,,24950,7,,,1,76,,24951,7,,,1,36,,24952,7,,,1,76,,24953,7,,,1,67,,24954,7,,,1,26,,24955,7,,,1,28,,24956,7,,,1,68,,24957,7,,,1,27,,24958,7,,,1,67,,24959,7,,,1,27,,24960,7,,,1,67,,24961,7,,,1,27,,24962,7,,,1,66,,24963,7,,,1,27,,24964,7,,,1,27,,24965,7,,,1,67,,24966,7,,,1,74,,24967,7,,,1,34,,24968,7,,,1,74,,24969,7,,,1,34,,24970,7,,,1,103,,24971,7,,,1,103,,24972,7,,,1,103,,24973,7,,,1
600,'2',546,,24974,7,,,1,70,,24975,7,,,1,26,,24976,7,,,1,69,,24977,7,,,1,33,,24978,7,,,1,83,,24979,7,,,1,75,,24980,7,,,1,32,,24981,7,,,1,72,,24982,7,,,1,32,,24983,7,,,1,72,,24984,7,,,1,32,,24985,7,,,1,72,,24986,7,,,1,32,,24987,7,,,1,72,,24988,7,,,1,32,,24989,7,,,1,77,,24990,7,,,1,77,,24991,7,,,1,36,,24992,7,,,1,78,,24993,7,,,1,36,,24994,7,,,1,78,,24995,7,,,1,76,,24996,7,,,1,35,,24997,7,,,1,71,,24998,7,,,1,33,,24999,7,,,1,99,,25000,7,,,1,95,,25001,7,,,1,95,,25002,7,,,1,95,,25003,7,,,1
600,'3',601,,25004,7,,,1,27,,25005,7,,,1,29,,25006,7,,,1,73,,25007,7,,,1,29,,25008,7,,,1,83,,25009,7,,,1,75,,25010,7,,,1,32,,25011,7,,,1,72,,25012,7,,,1,32,,25013,7,,,1,72,,25014,7,,,1,32,,25015,7,,,1,72,,25016,7,,,1,72,,25017,7,,,1,32,,25018,7,,,1,72,,25019,7,,,1,39,,25020,7,,,1,75,,25021,7,,,1,37,,25022,7,,,1,77,,25023,7,,,1,77,,25024,7,,,1,37,,25025,7,,,1,74,,25026,7,,,1,37,,25027,7,,,1,71,,25028,7,,,1,100,,25029,7,,,1,97,,25030,7,,,1,98,,25031,7,,,1,98,,25032,7,,,1
600,'74',546,,25033,7,,,1,70,,25034,7,,,1,26,,25035,7,,,1,69,,25036,7,,,1,33,,25037,7,,,1,83,,25038,7,,,1,75,,25039,7,,,1,32,,25040,7,,,1,72,,25041,7,,,1,32,,25042,7,,,1,72,,25043,7,,,1,32,,25044,7,,,1,72,,25045,7,,,1,32,,25046,7,,,1,72,,25047,7,,,1,32,,25048,7,,,1,77,,25049,7,,,1,77,,25050,7,,,1,36,,25051,7,,,1,78,,25052,7,,,1,36,,25053,7,,,1,78,,25054,7,,,1,76,,25055,7,,,1,35,,25056,7,,,1,71,,25057,7,,,1,33,,25058,7,,,1,99,,25059,7,,,1,95,,25060,7,,,1,95,,25061,7,,,1,95,,25062,7,,,1
600,'80',601,,25063,7,,,1,27,,25064,7,,,1,29,,25065,7,,,1,73,,25066,7,,,1,29,,25067,7,,,1,83,,25068,7,,,1,75,,25069,7,,,1,32,,25070,7,,,1,72,,25071,7,,,1,32,,25072,7,,,1,72,,25073,7,,,1,32,,25074,7,,,1,72,,25075,7,,,1,72,,25076,7,,,1,32,,25077,7,,,1,72,,25078,7,,,1,39,,25079,7,,,1,75,,25080,7,,,1,37,,25081,7,,,1,77,,25082,7,,,1,77,,25083,7,,,1,37,,25084,7,,,1,74,,25085,7,,,1,37,,25086,7,,,1,71,,25087,7,,,1,100,,25088,7,,,1,97,,25089,7,,,1,98,,25090,7,,,1,98,,25091,7,,,1
601,'1',2208,,25124,18,4,,1,347,,25129,18,4,,1
601,'2',2011,,25153,18,4,,1,413,,25159,18,4,,1
601,'3',1959,,25183,18,4,,1,459,,25189,18,4,,1
601,'74',2011,,25213,18,4,,1,413,,25219,18,4,,1
601,'80',1959,,25243,18,4,,1,459,,25249,18,4,,1
36101,'1',601,,34011,7,,,1,24,,34012,7,,,1,32,,34013,7,,,1,62,,34014,7,,,1,26,,34015,7,,,1,66,,34016,7,,,1,26,,34017,7,,,1,20,,34018,7,,,1,65,,34019,7,,,1,581,,34020,7,,,1,25,,34021,7,,,1,25,,34022,7,,,1,67,,34023,7,,,1,24,,34024,7,,,1,69,,34025,7,,,1,23,,34026,7,,,1,65,,34027,7,,,1,23,,34028,7,,,1
