9901,'1',418,,7366,29,,,1,41,,7367,29,,,1,80,,7368,29,,,1,82,,7369,29,,,1,80,,7370,29,,,1,35,,7371,29,,,1,70,,7372,29,,,1,43,,7373,29,,,1,73,,7374,29,,,1,35,,7375,29,,,1,94,,7376,29,,,1,98,,7377,29,,,1,94,,7378,29,,,1,94,,7379,29,,,1,100,,7380,29,,,1,67,,7381,29,,,1,30,,7382,29,,,1,70,,7383,29,,,1,30,,7384,29,,,1,70,,7385,29,,,1,30,,7386,29,,,1,70,,7387,29,,,1,27,,7388,29,,,1,70,,7389,29,,,1,26,,7390,29,,,1,30,,7391,29,,,1,70,,7392,29,,,1,25,,7393,29,,,1,71,,7394,29,,,1,85,,7395,29,,,1
9901,'2',540,,7396,29,,,1,77,,7397,29,,,1,37,,7398,29,,,1,77,,7399,29,,,1,87,,7400,29,,,1,91,,7401,29,,,1,48,,7402,29,,,1,87,,7403,29,,,1,102,,7404,29,,,1,97,,7405,29,,,1,95,,7406,29,,,1,95,,7407,29,,,1,95,,7408,29,,,1,95,,7409,29,,,1,92,,7410,29,,,1,94,,7411,29,,,1,95,,7412,29,,,1,51,,7413,29,,,1,85,,7414,29,,,1,85,,7415,29,,,1
9901,'3',544,,7416,29,,,1,81,,7417,29,,,1,78,,7418,29,,,1,38,,7419,29,,,1,78,,7420,29,,,1,92,,7421,29,,,1,89,,7422,29,,,1,49,,7423,29,,,1,89,,7424,29,,,1,93,,7425,29,,,1,89,,7426,29,,,1,89,,7427,29,,,1,49,,7428,29,,,1,89,,7429,29,,,1,89,,7430,29,,,1,89,,7431,29,,,1,85,,7432,29,,,1,49,,7433,29,,,1,89,,7434,29,,,1,86,,7435,29,,,1,89,,7436,29,,,1,79,,7437,29,,,1
9901,'80',544,,7438,29,,,1,81,,7439,29,,,1,78,,7440,29,,,1,38,,7441,29,,,1,78,,7442,29,,,1,92,,7443,29,,,1,89,,7444,29,,,1,49,,7445,29,,,1,89,,7446,29,,,1,93,,7447,29,,,1,89,,7448,29,,,1,89,,7449,29,,,1,49,,7450,29,,,1,89,,7451,29,,,1,89,,7452,29,,,1,89,,7453,29,,,1,85,,7454,29,,,1,49,,7455,29,,,1,89,,7456,29,,,1,86,,7457,29,,,1,89,,7458,29,,,1,79,,7459,29,,,1
9901,'81',544,,7460,29,,,1,81,,7461,29,,,1,78,,7462,29,,,1,38,,7463,29,,,1,78,,7464,29,,,1,92,,7465,29,,,1,89,,7466,29,,,1,49,,7467,29,,,1,89,,7468,29,,,1,93,,7469,29,,,1,89,,7470,29,,,1,89,,7471,29,,,1,49,,7472,29,,,1,89,,7473,29,,,1,89,,7474,29,,,1,89,,7475,29,,,1,85,,7476,29,,,1,49,,7477,29,,,1,89,,7478,29,,,1,86,,7479,29,,,1,89,,7480,29,,,1,79,,7481,29,,,1
36001,'2',956,,9097,10,,,1,76,,9098,10,,,1,76,,9099,10,,,1,31,,9100,10,,,1,78,,9113,10,,,1,33,,9101,10,,,1,68,,9102,10,,,1,28,,9103,10,,,1,67,,9104,10,,,1,28,,9105,10,,,1,69,,9106,10,,,1,27,,9107,10,,,1,68,,9108,10,,,1,31,,9109,10,,,1,68,,9110,10,,,1,28,,9111,10,,,1,25,,9112,10,,,1,69,,9117,10,,,1,85,,9114,10,,,1,36,,9115,10,,,1,79,,9116,10,,,1,79,,9121,10,,,1,29,,9118,10,,,1,67,,9119,10,,,1,29,,9120,10,,,1
36001,'80',1052,,9122,10,,,1,72,,9123,10,,,1,34,,9124,10,,,1,70,,9125,10,,,1,28,,9126,10,,,1,68,,9127,10,,,1,29,,9128,10,,,1,68,,9129,10,,,1,26,,9130,10,,,1,71,,9131,10,,,1,28,,9132,10,,,1,68,,9133,10,,,1,29,,9134,10,,,1,68,,9135,10,,,1,28,,9136,10,,,1,68,,9137,10,,,1,28,,9138,10,,,1,73,,9139,10,,,1,28,,9140,10,,,1,23,,9141,10,,,1,67,,9142,10,,,1
36001,'32681.3',1052,,9143,10,,,1,72,,9144,10,,,1,34,,9145,10,,,1,70,,9146,10,,,1,28,,9147,10,,,1,68,,9148,10,,,1,29,,9149,10,,,1,68,,9150,10,,,1,26,,9151,10,,,1,71,,9152,10,,,1,28,,9153,10,,,1,68,,9154,10,,,1,29,,9155,10,,,1,68,,9156,10,,,1,28,,9157,10,,,1,68,,9158,10,,,1,28,,9159,10,,,1,73,,9160,10,,,1,28,,9161,10,,,1,23,,9162,10,,,1,67,,9163,10,,,1
989901,'1',2243,,11627,84,,,1,70,,11628,84,,,1,38,,11629,84,,,1,74,,11630,84,,,1,75,,11631,84,,,1,30,,11632,84,,,1,75,,11633,84,,,1,35,,11634,84,,,1
989901,'2',2251,,11635,84,,,1,88,,11636,84,,,1,81,,11637,84,,,1,91,,11640,84,,,1,45,,11638,84,,,1,86,,11639,84,,,1
989901,'3',2300,,11641,84,,,1,47,,11642,84,,,1,83,,11643,84,,,1,85,,11644,84,,,1,39,,11645,84,,,1,83,,11646,84,,,1
989901,'80',2300,,11647,84,,,1,47,,11648,84,,,1,83,,11649,84,,,1,85,,11650,84,,,1,39,,11651,84,,,1,83,,11652,84,,,1
989901,'81',2300,,11653,84,,,1,47,,11654,84,,,1,83,,11655,84,,,1,85,,11656,84,,,1,39,,11657,84,,,1,83,,11658,84,,,1
