9601,'1',541,,6986,87,,,1,74,,6987,87,,,1,29,,6988,87,,,1,70,,6989,87,,,1,42,,6990,87,,,1,76,,6991,87,,,1,78,,6992,87,,,1,27,,6993,87,,,1,71,,6994,87,,,1,31,,6995,87,,,1,79,,6996,87,,,1,38,,6997,83,,,1,83,,6998,83,,,1,75,,6999,83,,,1,32,,7000,83,,,1,86,,7001,83,,,1,83,,7002,83,,,1,23,,7021,83,,,1,16,,7003,83,,,1,73,,7004,83,,,1,27,,7005,83,,,1,71,,7006,87,,,1,27,,7007,87,,,1,62,,7008,87,,,1,21,,7009,87,,,1,16,,7010,87,,,1,65,,7011,87,,,1,25,,7012,87,,,1,65,,7013,87,,,1,21,,7014,83,,,1,25,,7015,83,,,1,67,,7016,83,,,1,30,,7017,83,,,1,70,,7018,83,,,1,30,,7019,83,,,1,64,,7020,83,,,1
9601,'2',905,,7022,83,,,1,99,,7023,83,,,1,102,,7024,83,,,1,99,,7025,83,,,1,99,,7026,83,,,1,96,,7027,83,,,1,59,,7028,83,,,1,99,,7029,83,,,1,99,,7030,83,,,1,99,,7031,83,,,1,88,,7032,83,,,1,89,,7033,83,,,1,97,,7034,83,,,1
9601,'3',1005,,7035,83,,,1,54,,7036,83,,,1,94,,7037,83,,,1,94,,7038,83,,,1,94,,7039,83,,,1,94,,7040,83,,,1,96,,7041,83,,,1,94,,7042,83,,,1,87,,7043,83,,,1,94,,7044,83,,,1,52,,7045,83,,,1,94,,7046,83,,,1
9601,'80',1005,,7047,83,,,1,54,,7048,83,,,1,94,,7049,83,,,1,94,,7050,83,,,1,94,,7051,83,,,1,94,,7052,83,,,1,96,,7053,83,,,1,94,,7054,83,,,1,87,,7055,83,,,1,94,,7056,83,,,1,52,,7057,83,,,1,94,,7058,83,,,1
9601,'81',1005,,7059,83,,,1,54,,7060,83,,,1,94,,7061,83,,,1,94,,7062,83,,,1,94,,7063,83,,,1,94,,7064,83,,,1,96,,7065,83,,,1,94,,7066,83,,,1,87,,7067,83,,,1,94,,7068,83,,,1,52,,7069,83,,,1,94,,7070,83,,,1
10701,'1',535,,8063,30,,,1,24,,8062,30,,,1,70,,8061,30,,,1,24,,8060,30,,,1,64,,8059,30,,,1,19,,8058,30,,,1,20,,8057,30,,,1,52,,8056,30,,,1,20,,8055,30,,,1,16,,8054,30,,,1,56,,8053,30,,,1,10,,8052,30,,,1,42,,8039,30,,,1,80,,8047,30,,,1,82,,8045,30,,,1,42,,8044,30,,,1,82,,8043,30,,,1,88,,8042,30,,,1,82,,8041,30,,,1,28,,8051,30,,,1,14,,8040,30,,,1,63,,8038,30,,,1,22,,8037,30,,,1,18,,8036,30,,,1,58,,8035,30,,,1,22,,8034,30,,,1,18,,8033,30,,,1,58,,8032,30,,,1,21,,8031,30,,,1,18,,8030,30,,,1,58,,8029,30,,,1,15,,8028,30,,,1,15,,8027,30,,,1,18,,8026,30,,,1,66,,8025,30,,,1,18,,8023,30,,,1,78,,8046,30,,,1,41,,8024,30,,,1,74,,8073,30,,,1,78,,8072,30,,,1,32,,8071,30,,,1,74,,8070,30,,,1,34,,8069,30,,,1,74,,8068,30,,,1,34,,8067,30,,,1,74,,8066,30,,,1,74,,8065,30,,,1,34,,8064,30,,,1
10701,'2',710,,8100,30,,,1,39,,8101,30,,,1,77,,8102,30,,,1,77,,8103,30,,,1,37,,8104,30,,,1,77,,8105,30,,,1,37,,8106,30,,,1,77,,8107,30,,,1,77,,8108,30,,,1,37,,8109,30,,,1,76,,8077,30,,,1,37,,8078,30,,,1,76,,8080,30,,,1,77,,8081,30,,,1,37,,8082,30,,,1,77,,8083,30,,,1,75,,8084,30,,,1,37,,8085,30,,,1,77,,8086,30,,,1,37,,8087,30,,,1,77,,8088,30,,,1,77,,8089,30,,,1,37,,8090,30,,,1,77,,8091,30,,,1,37,,8092,30,,,1,77,,8079,30,,,1,77,,8093,30,,,1,37,,8094,30,,,1,77,,8095,30,,,1,77,,8096,30,,,1,35,,8076,30,,,1,75,,8097,30,,,1
10701,'3',749,,8122,30,,,1,77,,8123,30,,,1,74,,8124,30,,,1,37,,8125,30,,,1,78,,8126,30,,,1,37,,8127,30,,,1,77,,8121,30,,,1,77,,8128,30,,,1,37,,8129,30,,,1,77,,8130,30,,,1,37,,8131,30,,,1,76,,8132,30,,,1,75,,8133,30,,,1,37,,8134,30,,,1,77,,8135,30,,,1,37,,8137,30,,,1,77,,8138,30,,,1,77,,8136,30,,,1,37,,8118,30,,,1,77,,8139,30,,,1,77,,8140,30,,,1,37,,8141,30,,,1,77,,8142,30,,,1,37,,8110,30,,,1,77,,8111,30,,,1,77,,8112,30,,,1,37,,8113,30,,,1,77,,8114,30,,,1,36,,8115,30,,,1,77,,8116,30,,,1,77,,8117,30,,,1
10701,'80',749,,8155,30,,,1,77,,8156,30,,,1,74,,8157,30,,,1,37,,8158,30,,,1,78,,8159,30,,,1,37,,8160,30,,,1,77,,8154,30,,,1,77,,8161,30,,,1,37,,8162,30,,,1,77,,8163,30,,,1,37,,8164,30,,,1,76,,8165,30,,,1,75,,8166,30,,,1,37,,8167,30,,,1,77,,8168,30,,,1,37,,8170,30,,,1,77,,8171,30,,,1,77,,8169,30,,,1,37,,8151,30,,,1,77,,8172,30,,,1,77,,8173,30,,,1,37,,8174,30,,,1,77,,8175,30,,,1,37,,8143,30,,,1,77,,8144,30,,,1,77,,8145,30,,,1,37,,8146,30,,,1,77,,8147,30,,,1,36,,8148,30,,,1,77,,8149,30,,,1,77,,8150,30,,,1
10701,'81',749,,8188,30,,,1,77,,8189,30,,,1,74,,8190,30,,,1,37,,8191,30,,,1,78,,8192,30,,,1,37,,8193,30,,,1,77,,8187,30,,,1,77,,8194,30,,,1,37,,8195,30,,,1,77,,8196,30,,,1,37,,8197,30,,,1,76,,8198,30,,,1,75,,8199,30,,,1,37,,8200,30,,,1,77,,8201,30,,,1,37,,8203,30,,,1,77,,8204,30,,,1,77,,8202,30,,,1,37,,8184,30,,,1,77,,8205,30,,,1,77,,8206,30,,,1,37,,8207,30,,,1,77,,8208,30,,,1,37,,8176,30,,,1,77,,8177,30,,,1,77,,8178,30,,,1,37,,8179,30,,,1,77,,8180,30,,,1,36,,8181,30,,,1,77,,8182,30,,,1,77,,8183,30,,,1
1070201,'1',554,,11731,23,,,1,52,,11730,23,,,1,12,,11729,23,,,1,12,,11728,23,,,1,12,,11727,23,,,1,12,,11726,23,,,1,52,,11725,23,,,1,20,,11724,23,,,1,12,,11723,23,,,1,12,,11722,23,,,1,52,,11721,23,,,1,12,,11720,23,,,1,10,,11719,23,,,1,12,,11718,23,,,1,12,,11717,23,,,1,73,,11705,23,,,1,26,,11714,23,,,1,66,,11716,23,,,1,23,,11715,23,,,1,66,,11713,23,,,1,26,,11712,23,,,1,26,,11711,23,,,1,67,,11710,23,,,1,26,,11709,23,,,1,66,,11708,23,,,1,27,,11707,23,,,1,66,,11706,23,,,1,24,,11747,23,,,1,16,,11746,23,,,1,56,,11732,23,,,1,18,,11733,23,,,1,16,,11734,23,,,1,16,,11735,23,,,1,56,,11736,23,,,1,19,,11737,23,,,1,16,,11738,23,,,1,16,,11739,23,,,1,63,,11740,23,,,1,18,,11741,23,,,1,19,,11742,23,,,1,59,,11743,23,,,1,14,,11744,23,,,1,78,,11745,23,,,1
