8500,'1',548,,29617,12,,,1,56,,29618,12,,,1,16,,29619,12,,,1,16,,29620,12,,,1,16,,29621,12,,,1,56,,29622,12,,,1,16,,29623,12,,,1,16,,29624,12,,,1,16,,29625,12,,,1,56,,29626,12,,,1,16,,29627,12,,,1,16,,29628,12,,,1,56,,29629,12,,,1,25,,29630,12,,,1,25,,29631,12,,,1,63,,29632,12,,,1,25,,29633,12,,,1,65,,29634,12,,,1,25,,29635,12,,,1,25,,29636,12,,,1,65,,29637,12,,,1,25,,29638,12,,,1,65,,29639,12,,,1,25,,29640,12,,,1,20,,29641,12,,,1
8500,'2',636,,29697,12,,,1,70,,29698,12,,,1,30,,29699,12,,,1,68,,29700,12,,,1,30,,29701,12,,,1,70,,29702,12,,,1,30,,29703,12,,,1,73,,29704,12,,,1,30,,29705,12,,,1,71,,29669,12,,,1,22,,29670,12,,,1,23,,29671,12,,,1,63,,29672,12,,,1,23,,29673,12,,,1,63,,29674,12,,,1,23,,29675,12,,,1,23,,29676,12,,,1,63,,29677,12,,,1,23,,29678,12,,,1,23,,29679,12,,,1,63,,29680,12,,,1,23,,29681,12,,,1,63,,29682,12,,,1,23,,29683,12,,,1,21,,29684,12,,,1,64,,29685,12,,,1,17,,29686,12,,,1,21,,29687,12,,,1,61,,29688,12,,,1,21,,29689,12,,,1,21,,29690,12,,,1,61,,29691,12,,,1,21,,29692,12,,,1,21,,29693,12,,,1,61,,29694,12,,,1,21,,29695,12,,,1,61,,29696,12,,,1,30,,29706,12,,,1,70,,29707,12,,,1,30,,29708,12,,,1
8500,'3',925,,29709,12,,,1,80,,29710,12,,,1,40,,29711,12,,,1,80,,29712,12,,,1,91,,29713,12,,,1,43,,29714,12,,,1,83,,29715,12,,,1,83,,29716,12,,,1,82,,29717,12,,,1,43,,29718,12,,,1,83,,29719,12,,,1,74,,29720,12,,,1,41,,29721,12,,,1,85,,29722,12,,,1,77,,29723,12,,,1,41,,29724,12,,,1,81,,29725,12,,,1
8500,'74',636,,29756,12,,,1,70,,29757,12,,,1,30,,29758,12,,,1,68,,29759,12,,,1,30,,29760,12,,,1,70,,29761,12,,,1,30,,29762,12,,,1,73,,29763,12,,,1,30,,29764,12,,,1,71,,29728,12,,,1,22,,29729,12,,,1,23,,29730,12,,,1,63,,29731,12,,,1,23,,29732,12,,,1,63,,29733,12,,,1,23,,29734,12,,,1,23,,29735,12,,,1,63,,29736,12,,,1,23,,29737,12,,,1,23,,29738,12,,,1,63,,29739,12,,,1,23,,29740,12,,,1,63,,29741,12,,,1,23,,29742,12,,,1,21,,29743,12,,,1,64,,29744,12,,,1,17,,29745,12,,,1,21,,29746,12,,,1,61,,29747,12,,,1,21,,29748,12,,,1,21,,29749,12,,,1,61,,29750,12,,,1,21,,29751,12,,,1,21,,29752,12,,,1,61,,29753,12,,,1,21,,29754,12,,,1,61,,29755,12,,,1,30,,29765,12,,,1,70,,29766,12,,,1,30,,29767,12,,,1
8500,'80',925,,29768,12,,,1,80,,29769,12,,,1,40,,29770,12,,,1,80,,29771,12,,,1,91,,29772,12,,,1,43,,29773,12,,,1,83,,29774,12,,,1,83,,29775,12,,,1,82,,29776,12,,,1,43,,29777,12,,,1,83,,29778,12,,,1,74,,29779,12,,,1,41,,29780,12,,,1,85,,29781,12,,,1,77,,29782,12,,,1,41,,29783,12,,,1,81,,29784,12,,,1
8501,'1',1400,,29808,63,,,1,25,,29812,63,,,1,25,,29813,63,,,1,66,,29814,63,,,1,16,,29841,63,,,1,16,,29842,63,,,1,56,,29831,63,,,1,16,,29830,63,,,1,16,,29829,63,,,1,72,,29828,63,,,1,25,,29827,63,,,1,16,,29815,63,,,1,59,,29816,63,,,1,13,,29817,63,,,1,5,,29818,63,,,1,16,,29819,63,,,1,11,,29820,63,,,1,59,,29821,63,,,1,13,,29822,63,,,1,16,,29823,63,,,1,16,,29824,63,,,1,57,,29825,63,,,1,12,,29826,63,,,1,32,,29834,63,,,1,63,,29833,63,,,1,25,,29832,63,,,1,62,,29838,63,,,1,29,,29837,63,,,1,71,,29835,63,,,1,32,,29836,63,,,1
8501,'2',2250,,29881,63,,,1,70,,29882,63,,,1
8501,'3',2106,,29883,63,,,1,41,,29884,63,,,1
8501,'74',2250,,29940,63,,,1,70,,29941,63,,,1
8501,'80',2106,,29956,63,,,1,41,,29957,63,,,1
