9600,'1',623,,6908,26,,,1,83,,6907,26,,,1,31,,6906,26,,,1,77,,6905,26,,,1,27,,6904,26,,,1,79,,6901,26,,,1,34,,6902,26,,,1,70,,6903,26,,,1,32,,6916,26,,,1,70,,6915,26,,,1,79,,6909,26,,,1,39,,6910,26,,,1,79,,6911,26,,,1,83,,6912,26,,,1,25,,6913,26,,,1,86,,6914,26,,,1,83,,6922,26,,,1,27,,6921,26,,,1,30,,6920,26,,,1,67,,6917,26,,,1,27,,6918,26,,,1,62,,6919,26,,,1,27,,6925,26,,,1,64,,6926,26,,,1,13,,6936,26,,,1,12,,6924,26,,,1,25,,6923,26,,,1,74,,6933,26,,,1,30,,6932,26,,,1,55,,6935,26,,,1,14,,6927,26,,,1,30,,6928,26,,,1,70,,6929,26,,,1,30,,6930,26,,,1,70,,6931,26,,,1,17,,6934,26,,,1
9600,'2',948,,6937,26,,,1,99,,6938,26,,,1,99,,6939,26,,,1,99,,6940,26,,,1,99,,6941,26,,,1,99,,6942,26,,,1,98,,6943,26,,,1,99,,6944,26,,,1,95,,6945,26,,,1,97,,6946,26,,,1,87,,6947,26,,,1,86,,6948,26,,,1,97,,6949,26,,,1
9600,'3',1041,,6950,26,,,1,94,,6951,26,,,1,94,,6952,26,,,1,94,,6953,26,,,1,94,,6954,26,,,1,94,,6955,26,,,1,94,,6956,26,,,1,54,,6957,26,,,1,92,,6958,26,,,1,94,,6959,26,,,1,94,,6960,26,,,1,92,,6961,26,,,1
9600,'80',1041,,6962,26,,,1,94,,6963,26,,,1,94,,6964,26,,,1,94,,6965,26,,,1,94,,6966,26,,,1,94,,6967,26,,,1,94,,6968,26,,,1,54,,6969,26,,,1,92,,6970,26,,,1,94,,6971,26,,,1,94,,6972,26,,,1,92,,6973,26,,,1
9600,'81',1041,,6974,26,,,1,94,,6975,26,,,1,94,,6976,26,,,1,94,,6977,26,,,1,94,,6978,26,,,1,94,,6979,26,,,1,94,,6980,26,,,1,54,,6981,26,,,1,92,,6982,26,,,1,94,,6983,26,,,1,94,,6984,26,,,1,92,,6985,26,,,1
10700,'1',502,,7861,26,,,1,24,,7860,26,,,1,24,,7859,26,,,1,64,,7858,26,,,1,21,,7857,26,,,1,16,,7856,26,,,1,61,,7855,26,,,1,11,,7854,26,,,1,17,,7853,26,,,1,19,,7852,26,,,1,56,,7851,26,,,1,12,,7850,26,,,1,14,,7849,26,,,1,16,,7848,26,,,1,55,,7847,26,,,1,42,,7846,26,,,1,82,,7845,26,,,1,82,,7844,26,,,1,82,,7843,26,,,1,46,,7842,26,,,1,81,,7841,26,,,1,28,,7837,5,,,1,54,,7840,26,,,1,21,,7839,26,,,1,18,,7838,26,,,1,58,,7889,26,,,1,19,,7888,26,,,1,21,,7887,26,,,1,58,,7886,26,,,1,18,,7885,26,,,1,24,,7884,26,,,1,56,,7883,26,,,1,18,,7882,26,,,1,16,,7881,26,,,1,20,,7880,26,,,1,56,,7879,26,,,1,18,,7878,26,,,1,12,,7877,26,,,1,58,,7876,26,,,1,38,,7875,26,,,1,81,,7874,26,,,1,37,,7873,26,,,1,80,,7872,26,,,1,74,,7871,26,,,1,34,,7870,26,,,1,74,,7869,26,,,1,34,,7868,26,,,1,74,,7867,26,,,1,74,,7866,26,,,1,34,,7865,26,,,1,74,,7864,26,,,1,29,,7863,26,,,1,74,,7862,26,,,1
10700,'2',636,,7892,26,,,1,79,,7891,26,,,1,37,,7890,26,,,1,77,,7893,26,,,1,77,,7894,26,,,1,37,,7895,26,,,1,77,,7896,26,,,1,37,,7897,26,,,1,77,,7898,26,,,1,77,,7899,26,,,1,36,,7900,26,,,1,77,,7901,26,,,1,77,,7902,26,,,1,37,,7903,26,,,1,77,,7904,26,,,1,37,,7905,26,,,1,75,,7906,26,,,1,77,,7907,26,,,1,37,,7908,26,,,1,77,,7909,26,,,1,37,,7910,26,,,1,77,,7911,26,,,1,77,,7912,26,,,1,37,,7913,26,,,1,77,,7914,26,,,1,77,,7915,26,,,1,37,,7916,26,,,1,77,,7917,26,,,1,37,,7918,26,,,1,77,,7919,26,,,1,77,,7920,26,,,1,35,,7921,26,,,1,77,,7923,26,,,1,37,,7922,26,,,1
10700,'3',721,,7935,5,,,1,37,,7936,5,,,1,68,,7937,26,,,1,77,,7938,26,,,1,37,,7939,26,,,1,77,,7940,26,,,1,37,,7941,26,,,1,77,,7942,26,,,1,77,,7943,26,,,1,37,,7944,26,,,1,77,,7945,26,,,1,37,,7946,26,,,1,76,,7947,26,,,1,77,,7948,26,,,1,37,,7952,26,,,1,77,,7951,26,,,1,77,,7953,26,,,1,37,,7954,26,,,1,77,,7955,26,,,1,37,,7956,26,,,1,77,,7924,26,,,1,77,,7925,26,,,1,37,,7926,26,,,1,77,,7949,26,,,1,37,,7927,26,,,1,77,,7928,26,,,1,77,,7929,26,,,1,37,,7930,26,,,1,77,,7931,26,,,1,77,,7932,26,,,1,37,,7933,26,,,1,77,,7950,26,,,1,37,,7934,26,,,1
10700,'80',721,,7968,5,,,1,37,,7969,5,,,1,68,,7970,26,,,1,77,,7971,26,,,1,37,,7972,26,,,1,77,,7973,26,,,1,37,,7974,26,,,1,77,,7975,26,,,1,77,,7976,26,,,1,37,,7977,26,,,1,77,,7978,26,,,1,37,,7979,26,,,1,76,,7980,26,,,1,77,,7981,26,,,1,37,,7985,26,,,1,77,,7984,26,,,1,77,,7986,26,,,1,37,,7987,26,,,1,77,,7988,26,,,1,37,,7989,26,,,1,77,,7957,26,,,1,77,,7958,26,,,1,37,,7959,26,,,1,77,,7982,26,,,1,37,,7960,26,,,1,77,,7961,26,,,1,77,,7962,26,,,1,37,,7963,26,,,1,77,,7964,26,,,1,77,,7965,26,,,1,37,,7966,26,,,1,77,,7983,26,,,1,37,,7967,26,,,1
10700,'81',721,,7993,5,,,1,37,,7994,5,,,1,68,,7995,26,,,1,77,,7996,26,,,1,37,,7997,26,,,1,77,,7998,26,,,1,37,,7999,26,,,1,77,,8000,26,,,1,77,,8001,26,,,1,37,,8002,26,,,1,77,,8003,26,,,1,37,,8004,26,,,1,76,,8005,26,,,1,77,,8006,26,,,1,37,,8009,26,,,1,77,,8008,26,,,1,77,,8010,26,,,1,37,,8011,26,,,1,77,,8012,26,,,1,37,,8013,26,,,1,77,,7990,26,,,1,77,,7991,26,,,1,37,,7992,26,,,1,77,,8007,26,,,1,37,,8014,26,,,1,77,,8015,26,,,1,77,,8016,26,,,1,37,,8017,26,,,1,77,,8018,26,,,1,77,,8019,26,,,1,37,,8020,26,,,1,77,,8022,26,,,1,37,,8021,26,,,1
46200,'24610.1',728,,9296,5,,,1
