1601,'1',526,,26620,18,,,1,22,,26621,18,,,1,62,,26622,18,,,1,21,,26623,18,,,1,5,,26588,59,,,1,67,,26587,59,,,1,22,,26579,59,,,1,22,,26580,59,,,1,69,,26581,59,,,1,22,,26582,59,,,1,62,,26583,59,,,1,22,,26584,59,,,1,9,,26585,59,,,1,26,,26586,59,,,1,61,,26599,59,,,1,24,,26598,59,,,1,68,,26589,59,,,1,32,,26590,59,,,1,71,,26591,59,,,1,29,,26592,59,,,1,71,,26593,59,,,1,31,,26594,59,,,1,69,,26595,59,,,1,25,,26624,18,,,1,12,,26596,59,,,1,71,,26597,59,,,1,21,,26616,59,,,1,63,,26615,59,,,1,23,,26600,59,,,1,17,,26601,59,,,1,69,,26602,59,,,1,24,,26603,59,,,1,63,,26604,59,,,1,23,,26605,59,,,1,20,,26606,59,,,1,63,,26607,59,,,1,15,,26608,59,,,1,23,,26609,59,,,1,63,,26610,59,,,1,23,,26611,59,,,1,23,,26612,59,,,1,63,,26613,59,,,1,19,,26614,59,,,1,68,,26619,59,,,1,34,,26617,59,,,1,70,,26618,59,,,1,34,,26625,59,,,1
1601,'2',634,,26652,18,,,1,78,,26653,18,,,1,30,,26635,59,,,1,80,,26626,59,,,1,78,,26627,59,,,1,39,,26628,59,,,1,78,,26629,59,,,1,38,,26630,59,,,1,78,,26631,59,,,1,80,,26632,59,,,1,38,,26633,59,,,1,78,,26634,59,,,1,83,,26644,59,,,1,43,,26636,59,,,1,81,,26637,59,,,1,81,,26638,59,,,1,38,,26639,59,,,1,81,,26640,59,,,1,81,,26641,59,,,1,41,,26642,59,,,1,77,,26643,59,,,1,80,,26651,59,,,1,32,,26645,59,,,1,76,,26646,59,,,1,78,,26647,59,,,1,31,,26648,59,,,1,76,,26649,59,,,1,33,,26650,59,,,1
1601,'3',823,,26654,59,,,1,95,,26655,59,,,1,97,,26656,59,,,1,95,,26657,59,,,1,95,,26658,59,,,1,95,,26659,59,,,1,59,,26660,59,,,1,95,,26661,59,,,1,98,,26662,59,,,1,98,,26663,59,,,1,97,,26664,59,,,1,92,,26665,59,,,1,90,,26666,59,,,1,92,,26667,59,,,1,92,,26668,59,,,1,89,,26669,59,,,1
1601,'74',634,,26696,18,,,1,78,,26697,18,,,1,30,,26679,59,,,1,80,,26670,59,,,1,78,,26671,59,,,1,39,,26672,59,,,1,78,,26673,59,,,1,38,,26674,59,,,1,78,,26675,59,,,1,80,,26676,59,,,1,38,,26677,59,,,1,78,,26678,59,,,1,83,,26688,59,,,1,43,,26680,59,,,1,81,,26681,59,,,1,81,,26682,59,,,1,38,,26683,59,,,1,81,,26684,59,,,1,81,,26685,59,,,1,41,,26686,59,,,1,77,,26687,59,,,1,80,,26695,59,,,1,32,,26689,59,,,1,76,,26690,59,,,1,78,,26691,59,,,1,31,,26692,59,,,1,76,,26693,59,,,1,33,,26694,59,,,1
1601,'80',823,,26698,59,,,1,95,,26699,59,,,1,97,,26700,59,,,1,95,,26701,59,,,1,95,,26702,59,,,1,95,,26703,59,,,1,59,,26704,59,,,1,95,,26705,59,,,1,98,,26706,59,,,1,98,,26707,59,,,1,97,,26708,59,,,1,92,,26709,59,,,1,90,,26710,59,,,1,92,,26711,59,,,1,92,,26712,59,,,1,89,,26713,59,,,1
8501,'1',451,,29840,6,,,1,56,,29839,6,,,1,15,,29801,18,,,1,16,,29800,18,,,1,16,,29799,18,,,1,56,,29798,18,,,1,16,,29797,18,,,1,16,,29796,18,,,1,16,,29795,18,,,1,56,,29787,18,,,1,16,,29788,18,,,1,16,,29789,18,,,1,56,,29790,18,,,1,16,,29791,18,,,1,16,,29792,18,,,1,16,,29793,18,,,1,55,,29794,18,,,1,26,,29811,18,,,1,25,,29810,18,,,1,64,,29809,18,,,1,25,,29802,18,,,1,65,,29803,18,,,1,25,,29804,18,,,1,65,,29805,18,,,1,25,,29806,18,,,1,25,,29807,18,,,1,65,,29808,18,,,1,25,,29812,18,,,1,65,,29813,18,,,1,22,,29814,18,,,1,16,,29841,18,,,1,16,,29842,18,,,1,56,,29831,18,,,1,14,,29830,18,,,1,16,,29829,18,,,1,63,,29828,18,,,1,17,,29827,18,,,1,16,,29815,18,,,1,59,,29816,18,,,1,13,,29817,18,,,1,18,,29818,18,,,1,16,,29819,18,,,1,11,,29820,18,,,1,59,,29821,18,,,1,13,,29822,18,,,1,16,,29823,18,,,1,56,,29824,18,,,1,16,,29825,18,,,1,20,,29826,18,,,1,72,,29834,18,,,1,28,,29833,18,,,1,65,,29832,18,,,1,22,,29838,18,,,1,29,,29837,18,,,1,71,,29835,18,,,1,32,,29836,18,,,1
8501,'2',644,,29858,18,,,1,70,,29859,18,,,1,30,,29860,18,,,1,71,,29861,18,,,1,30,,29862,18,,,1,70,,29863,18,,,1,30,,29864,18,,,1,70,,29865,18,,,1,30,,29866,18,,,1,70,,29843,18,,,1,23,,29844,18,,,1,65,,29845,18,,,1,23,,29846,18,,,1,23,,29847,18,,,1,63,,29848,18,,,1,23,,29849,18,,,1,23,,29850,18,,,1,63,,29851,18,,,1,23,,29852,18,,,1,63,,29853,18,,,1,23,,29854,18,,,1,23,,29855,18,,,1,63,,29856,18,,,1,21,,29857,18,,,1,21,,29867,18,,,1,62,,29868,18,,,1,23,,29869,18,,,1,61,,29870,18,,,1,21,,29871,18,,,1,18,,29872,18,,,1,61,,29873,18,,,1,21,,29874,18,,,1,21,,29875,18,,,1,61,,29876,18,,,1,21,,29877,18,,,1,21,,29878,18,,,1,61,,29879,18,,,1,30,,29880,18,,,1,70,,29881,18,,,1,30,,29882,18,,,1
8501,'3',837,,29885,18,,,1,81,,29886,18,,,1,40,,29887,18,,,1,80,,29888,18,,,1,83,,29889,18,,,1,83,,29890,18,,,1,43,,29891,18,,,1,83,,29892,18,,,1,83,,29893,18,,,1,43,,29894,18,,,1,83,,29895,18,,,1,80,,29896,18,,,1,82,,29897,18,,,1,44,,29898,18,,,1,76,,29899,18,,,1,81,,29900,18,,,1,43,,29901,18,,,1,79,,29883,18,,,1,81,,29884,18,,,1
8501,'74',644,,29902,18,,,1,70,,29903,18,,,1,30,,29904,18,,,1,71,,29905,18,,,1,30,,29906,18,,,1,70,,29907,18,,,1,30,,29908,18,,,1,70,,29909,18,,,1,30,,29910,18,,,1,70,,29911,18,,,1,23,,29912,18,,,1,65,,29913,18,,,1,23,,29914,18,,,1,23,,29915,18,,,1,63,,29916,18,,,1,23,,29917,18,,,1,23,,29918,18,,,1,63,,29919,18,,,1,23,,29920,18,,,1,63,,29921,18,,,1,23,,29922,18,,,1,23,,29923,18,,,1,63,,29924,18,,,1,21,,29925,18,,,1,21,,29926,18,,,1,62,,29927,18,,,1,23,,29928,18,,,1,61,,29929,18,,,1,21,,29930,18,,,1,18,,29931,18,,,1,61,,29932,18,,,1,21,,29933,18,,,1,21,,29934,18,,,1,61,,29935,18,,,1,21,,29936,18,,,1,21,,29937,18,,,1,61,,29938,18,,,1,30,,29939,18,,,1,70,,29940,18,,,1,30,,29941,18,,,1
8501,'80',837,,29942,18,,,1,81,,29943,18,,,1,40,,29944,18,,,1,80,,29945,18,,,1,83,,29946,18,,,1,83,,29947,18,,,1,43,,29948,18,,,1,83,,29949,18,,,1,83,,29950,18,,,1,43,,29951,18,,,1,83,,29952,18,,,1,80,,29953,18,,,1,82,,29954,18,,,1,44,,29955,18,,,1,76,,29958,18,,,1,81,,29959,18,,,1,43,,29960,18,,,1,79,,29956,18,,,1,81,,29957,18,,,1
