9601,'1',531,,18590,71,,,1,72,,18591,71,,,1,29,,18592,71,,,1,70,,18593,71,,,1,42,,18594,71,,,1,76,,18595,71,,,1,38,,18596,71,,,1,67,,18597,71,,,1,32,,18598,71,,,1,71,,18599,71,,,1,79,,18600,71,,,1,38,,18601,67,,,1,83,,18602,67,,,1,75,,18603,67,,,1,32,,18604,67,,,1,86,,18605,67,,,1,82,,18606,67,,,1,21,,18625,67,,,1,18,,18607,67,,,1,71,,18608,67,,,1,27,,18609,67,,,1,71,,18610,71,,,1,27,,18611,71,,,1,65,,18612,71,,,1,22,,18613,71,,,1,17,,18614,71,,,1,65,,18615,71,,,1,25,,18616,71,,,1,25,,18617,71,,,1,61,,18618,67,,,1,25,,18619,67,,,1,67,,18620,67,,,1,30,,18621,67,,,1,70,,18622,67,,,1,30,,18623,67,,,1,64,,18624,67,,,1
9601,'2',856,,18626,67,,,1,99,,18627,67,,,1,102,,18628,67,,,1,99,,18629,67,,,1,99,,18630,67,,,1,96,,18631,67,,,1,99,,18632,67,,,1,99,,18633,67,,,1,99,,18634,67,,,1,99,,18635,67,,,1,88,,18636,67,,,1,90,,18637,67,,,1,97,,18638,67,,,1
9601,'3',956,,18639,67,,,1,94,,18640,67,,,1,94,,18641,67,,,1,94,,18642,67,,,1,94,,18643,67,,,1,94,,18644,67,,,1,96,,18645,67,,,1,94,,18646,67,,,1,88,,18647,67,,,1,54,,18648,67,,,1,92,,18649,67,,,1,94,,18650,67,,,1
9601,'80',956,,18651,67,,,1,94,,18652,67,,,1,94,,18653,67,,,1,94,,18654,67,,,1,94,,18655,67,,,1,94,,18656,67,,,1,96,,18657,67,,,1,94,,18658,67,,,1,88,,18659,67,,,1,54,,18660,67,,,1,92,,18661,67,,,1,94,,18662,67,,,1
10701,'1',525,,19485,14,,,1,24,,19484,14,,,1,67,,19483,14,,,1,24,,19482,14,,,1,64,,19481,14,,,1,17,,19480,14,,,1,20,,19479,14,,,1,12,,19478,14,,,1,61,,19477,14,,,1,16,,19476,14,,,1,16,,19475,14,,,1,10,,19474,14,,,1,85,,19462,14,,,1,80,,19469,14,,,1,82,,19468,14,,,1,42,,19467,14,,,1,82,,19466,14,,,1,87,,19465,14,,,1,42,,19464,14,,,1,68,,19473,14,,,1,14,,19463,14,,,1,63,,19461,14,,,1,18,,19460,14,,,1,18,,19459,14,,,1,18,,19458,14,,,1,62,,19457,14,,,1,18,,19456,14,,,1,18,,19455,14,,,1,63,,19454,14,,,1,18,,19453,14,,,1,18,,19452,14,,,1,55,,19451,14,,,1,17,,19450,14,,,1,18,,19449,14,,,1,66,,19498,14,,,1,18,,19486,14,,,1,78,,19499,14,,,1,41,,19497,14,,,1,76,,19496,14,,,1,38,,19495,14,,,1,72,,19494,14,,,1,74,,19493,14,,,1,34,,19492,14,,,1,74,,19491,14,,,1,34,,19490,14,,,1,74,,19489,14,,,1,34,,19488,14,,,1,74,,19487,14,,,1
10701,'2',700,,19526,14,,,1,39,,19527,14,,,1,77,,19528,14,,,1,37,,19529,14,,,1,77,,19530,14,,,1,77,,19531,14,,,1,37,,19532,14,,,1,77,,19533,14,,,1,37,,19534,14,,,1,77,,19535,14,,,1,76,,19503,14,,,1,37,,19504,14,,,1,76,,19506,14,,,1,77,,19507,14,,,1,37,,19508,14,,,1,77,,19509,14,,,1,35,,19510,14,,,1,77,,19511,14,,,1,77,,19512,14,,,1,37,,19513,14,,,1,77,,19514,14,,,1,37,,19515,14,,,1,77,,19516,14,,,1,77,,19517,14,,,1,37,,19518,14,,,1,77,,19505,14,,,1,77,,19519,14,,,1,37,,19520,14,,,1,77,,19521,14,,,1,37,,19522,14,,,1,76,,19502,14,,,1,75,,19523,14,,,1
10701,'3',739,,19548,14,,,1,77,,19549,14,,,1,34,,19550,14,,,1,77,,19551,14,,,1,78,,19552,14,,,1,37,,19553,14,,,1,77,,19547,14,,,1,37,,19554,14,,,1,77,,19555,14,,,1,77,,19556,14,,,1,37,,19557,14,,,1,77,,19558,14,,,1,35,,19559,14,,,1,77,,19560,14,,,1,77,,19561,14,,,1,37,,19563,14,,,1,77,,19564,14,,,1,77,,19562,14,,,1,37,,19544,14,,,1,77,,19565,14,,,1,37,,19566,14,,,1,77,,19567,14,,,1,77,,19568,14,,,1,37,,19536,14,,,1,77,,19537,14,,,1,77,,19538,14,,,1,37,,19539,14,,,1,77,,19540,14,,,1,36,,19541,14,,,1,77,,19542,14,,,1,77,,19543,14,,,1
10701,'80',739,,19569,14,,,1,77,,19570,14,,,1,34,,19571,14,,,1,77,,19572,14,,,1,78,,19585,14,,,1,37,,19586,14,,,1,77,,19584,14,,,1,37,,19587,14,,,1,77,,19588,14,,,1,77,,19589,14,,,1,37,,19590,14,,,1,77,,19591,14,,,1,35,,19592,14,,,1,77,,19593,14,,,1,77,,19594,14,,,1,37,,19596,14,,,1,77,,19597,14,,,1,77,,19595,14,,,1,37,,19581,14,,,1,77,,19598,14,,,1,37,,19599,14,,,1,77,,19600,14,,,1,77,,19601,14,,,1,37,,19573,14,,,1,77,,19574,14,,,1,77,,19575,14,,,1,37,,19576,14,,,1,77,,19577,14,,,1,36,,19578,14,,,1,77,,19579,14,,,1,77,,19580,14,,,1
46201,'24610.1',1605,,20747,33,,,1,5,,20748,33,,,1
46500,'24611.1',750,,20753,2,,,1
