5200,'1',704,,4410,4,,,1,100,,4413,4,,,1,104,,4412,6,,,1,500,,4418,6,,,1,100,,4417,6,,,1,100,,4416,6,,,1,100,,4415,6,,,1,100,,4414,6,,,1
9800,'1',643,,7091,54,,,1,75,,7090,54,,,1,35,,7089,54,,,1,75,,7088,54,,,1,75,,7087,54,,,1,35,,7086,54,,,1,98,,7082,54,,,1,98,,7079,54,,,1,98,,7084,54,,,1,98,,7083,54,,,1,80,,7071,54,,,1,39,,7081,54,,,1,80,,7080,54,,,1,80,,7078,54,,,1,40,,7077,54,,,1,80,,7076,54,,,1,81,,7075,54,,,1,40,,7074,54,,,1,92,,7073,54,,,1,91,,7072,54,,,1,88,,7085,54,,,1
9800,'2',641,,7109,54,,,1,86,,7108,54,,,1,86,,7107,54,,,1,94,,7106,54,,,1,93,,7105,54,,,1,54,,7104,54,,,1,94,,7103,54,,,1,98,,7102,54,,,1,98,,7101,54,,,1,97,,7100,54,,,1,98,,7099,54,,,1,98,,7098,54,,,1,99,,7097,54,,,1,98,,7096,54,,,1,89,,7095,54,,,1,90,,7094,54,,,1,89,,7093,54,,,1,45,,7092,54,,,1
9800,'3',826,,7125,54,,,1,88,,7124,54,,,1,88,,7123,54,,,1,53,,7122,54,,,1,93,,7121,54,,,1,92,,7120,54,,,1,93,,7119,54,,,1,93,,7118,54,,,1,93,,7117,54,,,1,93,,7116,54,,,1,93,,7115,54,,,1,54,,7114,54,,,1,88,,7113,54,,,1,89,,7112,54,,,1,87,,7111,54,,,1,88,,7110,54,,,1
9800,'80',826,,7141,54,,,1,88,,7140,54,,,1,88,,7139,54,,,1,53,,7138,54,,,1,93,,7137,54,,,1,92,,7136,54,,,1,93,,7135,54,,,1,93,,7134,54,,,1,93,,7133,54,,,1,93,,7132,54,,,1,93,,7131,54,,,1,54,,7130,54,,,1,88,,7129,54,,,1,89,,7128,54,,,1,87,,7127,54,,,1,88,,7126,54,,,1
9800,'81',826,,7157,54,,,1,88,,7156,54,,,1,88,,7155,54,,,1,53,,7154,54,,,1,93,,7153,54,,,1,92,,7152,54,,,1,93,,7151,54,,,1,93,,7150,54,,,1,93,,7149,54,,,1,93,,7148,54,,,1,93,,7147,54,,,1,54,,7146,54,,,1,88,,7145,54,,,1,89,,7144,54,,,1,87,,7143,54,,,1,88,,7142,54,,,1
989900,'1',2144,,11580,97,0,198 199,1,72,,11581,97,0,198 199,1,38,,11582,97,0,198 199,1,78,,11583,97,0,198 199,1,75,,11584,97,0,198 199,1,32,,11585,97,0,198 199,1,75,,11586,97,0,198 199,1,35,,11587,97,0,198 199,1
989900,'2',2149,,11591,97,0,198 199,1,94,,11592,97,0,198 199,1,84,,11593,97,0,198 199,1,91,,11594,97,0,198 199,1,86,,11595,97,0,198 199,1,46,,11596,97,0,198 199,1
989900,'3',2203,,11600,97,0,198 199,1,50,,11601,97,0,198 199,1,83,,11602,97,0,198 199,1,90,,11603,97,0,198 199,1,79,,11604,97,0,198 199,1,43,,11605,97,0,198 199,1
989900,'80',2203,,11609,97,0,198 199,1,50,,11610,97,0,198 199,1,83,,11611,97,0,198 199,1,90,,11612,97,0,198 199,1,79,,11613,97,0,198 199,1,43,,11614,97,0,198 199,1
989900,'81',2203,,11618,97,0,198 199,1,50,,11619,97,0,198 199,1,83,,11620,97,0,198 199,1,90,,11621,97,0,198 199,1,79,,11622,97,0,198 199,1,43,,11623,97,0,198 199,1
