9601,'1',528,,6986,67,,,1,31,,6987,67,,,1,69,,6988,67,,,1,30,,6989,67,,,1,82,,6990,67,,,1,76,,6991,67,,,1,38,,6992,67,,,1,67,,6993,67,,,1,33,,6994,67,,,1,71,,6995,67,,,1,79,,6996,67,,,1,37,,6997,63,,,1,83,,6998,63,,,1,35,,6999,63,,,1,72,,7000,63,,,1,86,,7001,63,,,1,42,,7002,63,,,1,61,,7021,63,,,1,18,,7003,63,,,1,71,,7004,63,,,1,27,,7005,63,,,1,71,,7006,67,,,1,27,,7007,67,,,1,66,,7008,67,,,1,23,,7009,67,,,1,17,,7010,67,,,1,65,,7011,67,,,1,25,,7012,67,,,1,25,,7013,67,,,1,61,,7014,63,,,1,25,,7015,63,,,1,67,,7016,63,,,1,30,,7017,63,,,1,70,,7018,63,,,1,30,,7019,63,,,1,64,,7020,63,,,1
9601,'2',854,,7022,63,,,1,99,,7023,63,,,1,101,,7024,63,,,1,99,,7025,63,,,1,99,,7026,63,,,1,97,,7027,63,,,1,99,,7028,63,,,1,99,,7029,63,,,1,99,,7030,63,,,1,99,,7031,63,,,1,88,,7032,63,,,1,90,,7033,63,,,1,97,,7034,63,,,1
9601,'3',953,,7035,63,,,1,94,,7036,63,,,1,94,,7037,63,,,1,94,,7038,63,,,1,94,,7039,63,,,1,94,,7040,63,,,1,96,,7041,63,,,1,94,,7042,63,,,1,89,,7043,63,,,1,54,,7044,63,,,1,92,,7045,63,,,1,94,,7046,63,,,1
9601,'80',953,,7047,63,,,1,94,,7048,63,,,1,94,,7049,63,,,1,94,,7050,63,,,1,94,,7051,63,,,1,94,,7052,63,,,1,96,,7053,63,,,1,94,,7054,63,,,1,89,,7055,63,,,1,54,,7056,63,,,1,92,,7057,63,,,1,94,,7058,63,,,1
9601,'81',953,,7059,63,,,1,94,,7060,63,,,1,94,,7061,63,,,1,94,,7062,63,,,1,94,,7063,63,,,1,94,,7064,63,,,1,96,,7065,63,,,1,94,,7066,63,,,1,89,,7067,63,,,1,54,,7068,63,,,1,92,,7069,63,,,1,94,,7070,63,,,1
10701,'1',522,,8063,10,0,226 217 6,1,24,,8062,10,0,226 217 6,1,66,,8061,10,0,226 217 6,1,24,,8060,10,0,226 217 6,1,64,,8059,10,0,226 217 6,1,17,,8058,10,0,226 217 6,1,20,,8057,10,0,226 217 6,1,12,,8056,10,0,226 217 6,1,61,,8055,10,0,226 217 6,1,16,,8054,10,0,226 217 6,1,16,,8053,10,0,226 217 6,1,10,,8052,10,0,226 217 6,1,85,,8039,10,0,226 217 6,1,80,,8047,10,0,226 217 6,1,42,,8045,10,0,226 217 6,1,82,,8044,10,0,226 217 6,1,82,,8043,10,0,226 217 6,1,87,,8042,10,0,226 217 6,1,42,,8041,10,0,226 217 6,1,68,,8051,10,0,226 217 6,1,14,,8040,10,0,226 217 6,1,23,,8038,10,0,226 217 6,1,58,,8037,10,0,226 217 6,1,18,,8036,10,0,226 217 6,1,18,,8035,10,0,226 217 6,1,62,,8034,10,0,226 217 6,1,18,,8033,10,0,226 217 6,1,18,,8032,10,0,226 217 6,1,63,,8031,10,0,226 217 6,1,18,,8030,10,0,226 217 6,1,18,,8029,10,0,226 217 6,1,55,,8028,10,0,226 217 6,1,18,,8027,10,0,226 217 6,1,18,,8026,10,0,226 217 6,1,66,,8025,10,0,226 217 6,1,18,,8023,10,0,226 217 6,1,78,,8046,10,0,226 217 6,1,41,,8024,10,0,226 217 6,1,76,,8073,10,0,226 217 6,1,38,,8072,10,0,226 217 6,1,73,,8071,10,0,226 217 6,1,74,,8070,10,0,226 217 6,1,34,,8069,10,0,226 217 6,1,74,,8068,10,0,226 217 6,1,34,,8067,10,0,226 217 6,1,74,,8066,10,0,226 217 6,1,34,,8065,10,0,226 217 6,1,74,,8064,10,0,226 217 6,1
10701,'2',657,,8100,10,0,226 217 6,1,79,,8101,10,0,226 217 6,1,77,,8102,10,0,226 217 6,1,37,,8103,10,0,226 217 6,1,77,,8104,10,0,226 217 6,1,77,,8105,10,0,226 217 6,1,37,,8106,10,0,226 217 6,1,77,,8107,10,0,226 217 6,1,37,,8108,10,0,226 217 6,1,77,,8109,10,0,226 217 6,1,76,,8077,10,0,226 217 6,1,37,,8078,10,0,226 217 6,1,76,,8080,10,0,226 217 6,1,37,,8081,10,0,226 217 6,1,77,,8082,10,0,226 217 6,1,77,,8083,10,0,226 217 6,1,35,,8084,10,0,226 217 6,1,77,,8085,10,0,226 217 6,1,77,,8086,10,0,226 217 6,1,37,,8087,10,0,226 217 6,1,77,,8088,10,0,226 217 6,1,37,,8089,10,0,226 217 6,1,77,,8090,10,0,226 217 6,1,77,,8091,10,0,226 217 6,1,37,,8092,10,0,226 217 6,1,77,,8079,10,0,226 217 6,1,37,,8093,10,0,226 217 6,1,77,,8094,10,0,226 217 6,1,77,,8095,10,0,226 217 6,1,37,,8096,10,0,226 217 6,1,76,,8076,10,0,226 217 6,1,35,,8097,10,0,226 217 6,1
10701,'3',736,,8122,10,0,226 217 6,1,77,,8123,10,0,226 217 6,1,34,,8124,10,0,226 217 6,1,77,,8125,10,0,226 217 6,1,78,,8126,10,0,226 217 6,1,37,,8127,10,0,226 217 6,1,77,,8121,10,0,226 217 6,1,37,,8128,10,0,226 217 6,1,77,,8129,10,0,226 217 6,1,77,,8130,10,0,226 217 6,1,37,,8131,10,0,226 217 6,1,77,,8132,10,0,226 217 6,1,35,,8133,10,0,226 217 6,1,77,,8134,10,0,226 217 6,1,77,,8135,10,0,226 217 6,1,37,,8137,10,0,226 217 6,1,77,,8138,10,0,226 217 6,1,77,,8136,10,0,226 217 6,1,37,,8118,10,0,226 217 6,1,77,,8139,10,0,226 217 6,1,37,,8140,10,0,226 217 6,1,77,,8141,10,0,226 217 6,1,77,,8142,10,0,226 217 6,1,37,,8110,10,0,226 217 6,1,77,,8111,10,0,226 217 6,1,37,,8112,10,0,226 217 6,1,77,,8113,10,0,226 217 6,1,77,,8114,10,0,226 217 6,1,36,,8115,10,0,226 217 6,1,77,,8116,10,0,226 217 6,1,77,,8117,10,0,226 217 6,1
10701,'80',736,,8155,10,0,226 217 6,1,77,,8156,10,0,226 217 6,1,34,,8157,10,0,226 217 6,1,77,,8158,10,0,226 217 6,1,78,,8159,10,0,226 217 6,1,37,,8160,10,0,226 217 6,1,77,,8154,10,0,226 217 6,1,37,,8161,10,0,226 217 6,1,77,,8162,10,0,226 217 6,1,77,,8163,10,0,226 217 6,1,37,,8164,10,0,226 217 6,1,77,,8165,10,0,226 217 6,1,35,,8166,10,0,226 217 6,1,77,,8167,10,0,226 217 6,1,77,,8168,10,0,226 217 6,1,37,,8170,10,0,226 217 6,1,77,,8171,10,0,226 217 6,1,77,,8169,10,0,226 217 6,1,37,,8151,10,0,226 217 6,1,77,,8172,10,0,226 217 6,1,37,,8173,10,0,226 217 6,1,77,,8174,10,0,226 217 6,1,77,,8175,10,0,226 217 6,1,37,,8143,10,0,226 217 6,1,77,,8144,10,0,226 217 6,1,37,,8145,10,0,226 217 6,1,77,,8146,10,0,226 217 6,1,77,,8147,10,0,226 217 6,1,36,,8148,10,0,226 217 6,1,77,,8149,10,0,226 217 6,1,77,,8150,10,0,226 217 6,1
10701,'81',736,,8188,10,0,226 217 6,1,77,,8189,10,0,226 217 6,1,34,,8190,10,0,226 217 6,1,77,,8191,10,0,226 217 6,1,78,,8192,10,0,226 217 6,1,37,,8193,10,0,226 217 6,1,77,,8187,10,0,226 217 6,1,37,,8194,10,0,226 217 6,1,77,,8195,10,0,226 217 6,1,77,,8196,10,0,226 217 6,1,37,,8197,10,0,226 217 6,1,77,,8198,10,0,226 217 6,1,35,,8199,10,0,226 217 6,1,77,,8200,10,0,226 217 6,1,77,,8201,10,0,226 217 6,1,37,,8203,10,0,226 217 6,1,77,,8204,10,0,226 217 6,1,77,,8202,10,0,226 217 6,1,37,,8184,10,0,226 217 6,1,77,,8205,10,0,226 217 6,1,37,,8206,10,0,226 217 6,1,77,,8207,10,0,226 217 6,1,77,,8208,10,0,226 217 6,1,37,,8176,10,0,226 217 6,1,77,,8177,10,0,226 217 6,1,37,,8178,10,0,226 217 6,1,77,,8179,10,0,226 217 6,1,77,,8180,10,0,226 217 6,1,36,,8181,10,0,226 217 6,1,77,,8182,10,0,226 217 6,1,77,,8183,10,0,226 217 6,1
