201,'1',527,,24021,29,4,,1,21,,24022,29,4,,1,61,,24023,29,4,,1,21,,24024,29,4,,1,3,,23991,80,4,,1,21,,23992,80,4,,1,65,,23993,80,4,,1,24,,23994,80,4,,1,61,,23995,80,4,,1,29,,23996,88,4,,1,21,,23997,80,4,,1,61,,23998,80,4,,1,21,,23999,80,4,,1,13,,24000,80,4,,1,71,,24001,80,4,,1,35,,24002,80,4,,1,75,,24003,80,4,,1,75,,24004,80,4,,1,35,,24005,80,4,,1,75,,24006,80,4,,1,35,,24007,80,4,,1,75,,24008,80,4,,1,83,,24009,80,4,,1,23,,24010,80,4,,1,23,,24011,80,4,,1,63,,24012,80,4,,1,21,,24013,80,4,,1,67,,24014,80,4,,1,25,,24015,80,4,,1,23,,24016,80,4,,1,63,,24017,80,4,,1,17,,24018,80,4,,1,23,,24019,80,4,,1,60,,24020,80,4,,1,23,,24025,80,4,,1,17,,24026,80,4,,1,80,,24027,80,4,,1,80,,24028,80,4,,1,35,,24029,80,4,,1,80,,24030,80,4,,1,80,,24031,80,4,,1,36,,24032,80,4,,1
201,'2',858,,24035,96,4,,1,80,,24036,96,4,,1,85,,24037,96,4,,1,80,,24038,96,4,,1,40,,24039,96,4,,1,81,,24040,96,4,,1,80,,24041,96,4,,1,40,,24042,96,4,,1,80,,24043,96,4,,1,80,,24044,96,4,,1,37,,24045,96,4,,1,80,,24046,96,4,,1,80,,24047,96,4,,1,40,,24048,96,4,,1,80,,24049,96,4,,1,80,,24050,96,4,,1,36,,24051,96,4,,1,80,,24052,96,4,,1,40,,24053,96,4,,1,80,,24054,96,4,,1,74,,24055,96,4,,1,33,,24056,96,4,,1,73,,24057,96,4,,1,33,,24058,96,4,,1,69,,24059,96,4,,1,33,,24060,96,4,,1
201,'3',950,,24071,96,4,,1,152,,24061,96,4,,1,117,,24062,96,4,,1,120,,24063,96,4,,1,117,,24064,96,4,,1,155,,24065,96,4,,1,117,,24066,96,4,,1,117,,24067,96,4,,1,157,,24068,96,4,,1,113,,24069,96,4,,1,109,,24070,96,4,,1,105,,24072,96,4,,1,108,,24073,96,4,,1
201,'74',858,,24074,96,4,,1,80,,24075,96,4,,1,85,,24076,96,4,,1,80,,24077,96,4,,1,40,,24078,96,4,,1,81,,24079,96,4,,1,80,,24080,96,4,,1,40,,24081,96,4,,1,80,,24082,96,4,,1,80,,24083,96,4,,1,37,,24084,96,4,,1,80,,24085,96,4,,1,80,,24086,96,4,,1,40,,24087,96,4,,1,80,,24088,96,4,,1,80,,24089,96,4,,1,36,,24090,96,4,,1,80,,24091,96,4,,1,40,,24092,96,4,,1,80,,24093,96,4,,1,74,,24094,96,4,,1,33,,24095,96,4,,1,73,,24096,96,4,,1,33,,24097,96,4,,1,69,,24098,96,4,,1,33,,24099,96,4,,1
201,'80',950,,24110,96,4,,1,152,,24100,96,4,,1,117,,24101,96,4,,1,120,,24102,96,4,,1,117,,24103,96,4,,1,155,,24104,96,4,,1,117,,24105,96,4,,1,117,,24106,96,4,,1,157,,24107,96,4,,1,113,,24108,96,4,,1,109,,24109,96,4,,1,105,,24111,96,4,,1,108,,24112,96,4,,1
500,'1',530,,24761,33,4,,1,22,,24777,33,4,,1,62,,24776,33,4,,1,22,,24775,33,4,,1,22,,24774,33,4,,1,64,,24773,33,4,,1,22,,24772,33,4,,1,66,,24771,33,4,,1,20,,24770,33,4,,1,22,,24769,33,4,,1,62,,24768,33,4,,1,22,,24766,33,4,,1,72,,24765,20,4,,1,32,,24767,20,4,,1,72,,24764,20,4,,1,32,,24763,20,4,,1,72,,24762,20,4,,1,32,,24760,20,4,,1,72,,24741,20,4,,1,32,,24759,20,4,,1,72,,24758,20,4,,1,32,,24757,20,4,,1,65,,24756,20,4,,1,23,,24755,20,4,,1,61,,24754,20,4,,1,23,,24753,20,4,,1,23,,24752,20,4,,1,62,,24751,20,4,,1,23,,24750,20,4,,1,23,,24749,20,4,,1,63,,24748,20,4,,1,21,,24747,20,4,,1,63,,24746,20,4,,1,23,,24745,20,4,,1,28,,24743,20,4,,1,68,,24742,20,4,,1,28,,24744,20,4,,1,68,,24740,20,4,,1,27,,24739,20,4,,1,68,,24738,20,4,,1,23,,24737,20,4,,1
500,'2',704,,24793,20,4,,1,28,,24795,20,4,,1,68,,24796,20,4,,1,28,,24797,20,4,,1,28,,24798,20,4,,1,68,,24799,20,4,,1,28,,24800,20,4,,1,68,,24801,20,4,,1,28,,24802,20,4,,1,68,,24803,20,4,,1,30,,24804,20,4,,1,68,,24805,20,4,,1,28,,24806,20,4,,1,68,,24778,20,4,,1,30,,24779,20,4,,1,70,,24780,20,4,,1,29,,24781,20,4,,1,69,,24782,20,4,,1,29,,24783,20,4,,1,69,,24784,20,4,,1,29,,24785,20,4,,1,69,,24786,20,4,,1,29,,24787,20,4,,1,67,,24788,20,4,,1,26,,24789,20,4,,1,26,,24790,20,4,,1,67,,24791,20,4,,1,25,,24792,20,4,,1,65,,24794,20,4,,1
500,'74',704,,24822,20,4,,1,28,,24824,20,4,,1,68,,24825,20,4,,1,28,,24826,20,4,,1,28,,24827,20,4,,1,68,,24828,20,4,,1,28,,24829,20,4,,1,68,,24830,20,4,,1,28,,24831,20,4,,1,68,,24832,20,4,,1,30,,24833,20,4,,1,68,,24834,20,4,,1,28,,24835,20,4,,1,68,,24807,20,4,,1,30,,24808,20,4,,1,70,,24809,20,4,,1,29,,24810,20,4,,1,69,,24811,20,4,,1,29,,24812,20,4,,1,69,,24813,20,4,,1,29,,24814,20,4,,1,69,,24815,20,4,,1,29,,24816,20,4,,1,67,,24817,20,4,,1,26,,24818,20,4,,1,26,,24819,20,4,,1,67,,24820,20,4,,1,25,,24821,20,4,,1,65,,24823,20,4,,1
2301,'1',603,,27579,50,4,,1,106,,27578,50,4,,1,113,,27577,50,4,,1,106,,27576,50,4,,1,617,,27575,50,4,,1,76,,27574,50,4,,1,90,,27573,50,4,,1,90,,27572,50,4,,1,47,,27571,50,4,,1,86,,27570,50,4,,1
7700,'1',421,,28964,32,4,,1,15,,28965,32,4,,1,15,,28966,32,4,,1,55,,28967,32,4,,1,15,,28968,32,4,,1,9,,28926,45,4,,1,17,,28925,45,4,,1,53,,28924,45,4,,1,21,,28923,45,4,,1,15,,28921,45,4,,1,21,,28922,45,4,,1,53,,28941,45,4,,1,16,,28940,45,4,,1,16,,28939,45,4,,1,66,,28938,45,4,,1,16,,28937,45,4,,1,16,,28936,45,4,,1,16,,28927,45,4,,1,53,,28928,45,4,,1,16,,28929,45,4,,1,16,,28930,45,4,,1,16,,28931,45,4,,1,53,,28932,45,4,,1,12,,28933,45,4,,1,16,,28934,45,4,,1,71,,28935,45,4,,1,34,,28949,45,4,,1,70,,28948,45,4,,1,30,,28947,45,4,,1,70,,28942,45,4,,1,33,,28943,45,4,,1,61,,28969,32,4,,1,9,,28944,45,4,,1,29,,28970,32,4,,1,1,,28945,45,4,,1,76,,28946,45,4,,1,20,,28971,32,4,,1,3,,28963,45,4,,1,59,,28962,45,4,,1,26,,28961,45,4,,1,24,,28960,45,4,,1,59,,28959,45,4,,1,19,,28950,45,4,,1,19,,28951,45,4,,1,59,,28952,45,4,,1,13,,28953,45,4,,1,13,,28954,45,4,,1,19,,28955,45,4,,1,50,,28956,45,4,,1,19,,28957,45,4,,1,15,,28958,45,4,,1,14,,28972,45,4,,1,59,,28973,45,4,,1,19,,28974,45,4,,1,19,,28975,45,4,,1,69,,28978,45,4,,1,27,,28977,45,4,,1,67,,28976,45,4,,1,39,,28987,45,4,,1,73,,28986,45,4,,1,27,,28985,45,4,,1,73,,28979,45,4,,1,33,,28980,45,4,,1,73,,28981,45,4,,1,73,,28982,45,4,,1,33,,28983,45,4,,1,73,,28984,45,4,,1
7700,'2',501,,28988,32,4,,1,30,,28989,45,4,,1,75,,28990,45,4,,1,35,,28991,45,4,,1,76,,28992,45,4,,1,35,,28993,45,4,,1,75,,28994,45,4,,1,77,,28995,45,4,,1,35,,28996,45,4,,1,75,,28997,45,4,,1,89,,28998,45,4,,1,41,,28999,45,4,,1,81,,29000,45,4,,1,88,,29001,45,4,,1,41,,29002,45,4,,1,81,,29003,45,4,,1,76,,29005,45,4,,1,33,,29006,45,4,,1,73,,29007,45,4,,1,30,,29008,45,4,,1,73,,29009,45,4,,1,33,,29010,45,4,,1,70,,29011,45,4,,1,34,,29012,45,4,,1,70,,29013,45,4,,1,28,,29014,45,4,,1,70,,29015,45,4,,1,30,,29016,45,4,,1,64,,29017,45,4,,1,30,,29018,45,4,,1,73,,29019,45,4,,1,30,,29020,45,4,,1,70,,29021,45,4,,1,25,,29022,45,4,,1,70,,29023,45,4,,1,23,,29004,45,4,,1,70,,29024,45,4,,1,33,,29025,45,4,,1,73,,29026,45,4,,1,33,,29027,45,4,,1,73,,29028,45,4,,1
7700,'3',846,,29029,46,4,,1,92,,29030,46,4,,1,92,,29031,46,4,,1,97,,29032,46,4,,1,97,,29033,46,4,,1,89,,29034,46,4,,1,92,,29035,46,4,,1,95,,29036,46,4,,1,52,,29037,46,4,,1,88,,29038,46,4,,1,92,,29039,46,4,,1,97,,29040,46,4,,1,89,,29041,46,4,,1,90,,29042,46,4,,1,51,,29043,46,4,,1,83,,29044,46,4,,1,87,,29045,46,4,,1,88,,29046,46,4,,1,86,,29047,46,4,,1,47,,29048,46,4,,1,80,,29049,46,4,,1,80,,29050,46,4,,1,36,,29051,46,4,,1,80,,29052,46,4,,1
7700,'74',501,,29053,32,4,,1,30,,29054,45,4,,1,75,,29055,45,4,,1,35,,29056,45,4,,1,76,,29057,45,4,,1,35,,29058,45,4,,1,75,,29059,45,4,,1,77,,29060,45,4,,1,35,,29061,45,4,,1,75,,29062,45,4,,1,89,,29063,45,4,,1,41,,29064,45,4,,1,81,,29065,45,4,,1,88,,29066,45,4,,1,41,,29067,45,4,,1,81,,29068,45,4,,1,76,,29070,45,4,,1,33,,29071,45,4,,1,73,,29072,45,4,,1,30,,29073,45,4,,1,73,,29074,45,4,,1,33,,29075,45,4,,1,70,,29076,45,4,,1,34,,29077,45,4,,1,70,,29078,45,4,,1,28,,29079,45,4,,1,70,,29080,45,4,,1,30,,29081,45,4,,1,64,,29082,45,4,,1,30,,29083,45,4,,1,73,,29084,45,4,,1,30,,29085,45,4,,1,70,,29086,45,4,,1,25,,29087,45,4,,1,70,,29088,45,4,,1,23,,29069,45,4,,1,70,,29089,45,4,,1,33,,29090,45,4,,1,73,,29091,45,4,,1,33,,29092,45,4,,1,73,,29093,45,4,,1
7700,'80',846,,29094,46,4,,1,92,,29095,46,4,,1,92,,29096,46,4,,1,97,,29097,46,4,,1,97,,29098,46,4,,1,89,,29099,46,4,,1,92,,29100,46,4,,1,95,,29101,46,4,,1,52,,29102,46,4,,1,88,,29103,46,4,,1,92,,29104,46,4,,1,97,,29105,46,4,,1,89,,29106,46,4,,1,90,,29107,46,4,,1,51,,29108,46,4,,1,83,,29109,46,4,,1,87,,29110,46,4,,1,88,,29111,46,4,,1,86,,29112,46,4,,1,47,,29113,46,4,,1,80,,29114,46,4,,1,80,,29115,46,4,,1,36,,29116,46,4,,1,80,,29117,46,4,,1
8801,'1',531,,30341,15,4,,1,69,,30342,38,4,,1,28,,30343,57,4,,1,27,,30312,57,4,,1,55,,30311,57,4,,1,22,,30310,57,4,,1,15,,30307,57,4,,1,58,,30308,57,4,,1,22,,30309,57,4,,1,14,,30326,57,4,,1,64,,30325,57,4,,1,9,,30324,57,4,,1,14,,30313,57,4,,1,14,,30314,57,4,,1,10,,30315,57,4,,1,54,,30316,57,4,,1,10,,30317,57,4,,1,14,,30318,57,4,,1,14,,30319,57,4,,1,14,,30320,57,4,,1,54,,30321,57,4,,1,20,,30322,57,4,,1,14,,30323,57,4,,1,62,,30331,57,4,,1,30,,30330,57,4,,1,70,,30327,57,4,,1,30,,30328,57,4,,1,70,,30329,57,4,,1,38,,30340,57,4,,1,70,,30339,57,4,,1,20,,30338,57,4,,1,18,,30337,57,4,,1,52,,30336,57,4,,1,15,,30332,57,4,,1,15,,30333,57,4,,1,13,,30334,57,4,,1,55,,30335,57,4,,1,15,,30344,57,4,,1,15,,30345,57,4,,1,15,,30346,57,4,,1,55,,30347,57,4,,1,10,,30348,57,4,,1,15,,30349,57,4,,1,15,,30350,57,4,,1,15,,30351,57,4,,1,48,,30352,57,4,,1,19,,30359,57,4,,1,14,,30358,57,4,,1,14,,30357,57,4,,1,54,,30356,57,4,,1,14,,30353,57,4,,1,14,,30354,57,4,,1,11,,30355,57,4,,1,60,,30364,57,4,,1,41,,30363,57,4,,1,75,,30360,57,4,,1,81,,30361,57,4,,1,38,,30362,57,4,,1
8801,'2',634,,30365,57,4,,1,69,,30366,57,4,,1,29,,30367,57,4,,1,69,,30368,57,4,,1,40,,30369,57,4,,1,74,,30370,57,4,,1,38,,30371,57,4,,1,74,,30372,57,4,,1,74,,30373,57,4,,1,29,,30374,57,4,,1,29,,30375,57,4,,1,72,,30376,57,4,,1,69,,30377,57,4,,1,29,,30378,57,4,,1,29,,30379,57,4,,1,69,,30380,57,4,,1,29,,30381,57,4,,1,69,,30382,57,4,,1,29,,30383,57,4,,1,69,,30384,57,4,,1,29,,30385,57,4,,1,69,,30386,57,4,,1,29,,30387,57,4,,1,69,,30388,57,4,,1,24,,30389,57,4,,1,69,,30390,57,4,,1,29,,30391,57,4,,1,62,,30392,57,4,,1,29,,30393,57,4,,1,23,,30394,57,4,,1,66,,30395,57,4,,1,22,,30396,57,4,,1,66,,30397,57,4,,1,26,,30398,57,4,,1,66,,30399,57,4,,1,26,,30400,57,4,,1,26,,30401,57,4,,1
8801,'3',830,,30402,57,4,,1,71,,30403,57,4,,1,34,,30404,57,4,,1,71,,30405,57,4,,1,35,,30406,57,4,,1,75,,30407,57,4,,1,40,,30408,57,4,,1,78,,30409,57,4,,1,69,,30410,57,4,,1,29,,30411,57,4,,1,69,,30412,57,4,,1,29,,30413,57,4,,1,29,,30414,57,4,,1,69,,30415,57,4,,1,29,,30416,57,4,,1,69,,30417,57,4,,1,29,,30418,57,4,,1,69,,30419,57,4,,1,26,,30420,57,4,,1,69,,30421,57,4,,1,22,,30422,57,4,,1,65,,30423,57,4,,1,25,,30424,57,4,,1,25,,30425,57,4,,1,65,,30426,57,4,,1,25,,30427,57,4,,1,59,,30428,57,4,,1,25,,30429,57,4,,1
8801,'74',634,,30430,57,4,,1,69,,30431,57,4,,1,29,,30432,57,4,,1,69,,30433,57,4,,1,40,,30434,57,4,,1,74,,30435,57,4,,1,38,,30436,57,4,,1,74,,30437,57,4,,1,74,,30438,57,4,,1,29,,30439,57,4,,1,29,,30440,57,4,,1,72,,30441,57,4,,1,69,,30442,57,4,,1,29,,30443,57,4,,1,29,,30444,57,4,,1,69,,30445,57,4,,1,29,,30446,57,4,,1,69,,30447,57,4,,1,29,,30448,57,4,,1,69,,30449,57,4,,1,29,,30450,57,4,,1,69,,30451,57,4,,1,29,,30452,57,4,,1,69,,30453,57,4,,1,24,,30454,57,4,,1,69,,30455,57,4,,1,29,,30456,57,4,,1,62,,30457,57,4,,1,29,,30458,57,4,,1,23,,30459,57,4,,1,66,,30460,57,4,,1,22,,30461,57,4,,1,66,,30462,57,4,,1,26,,30463,57,4,,1,66,,30464,57,4,,1,26,,30465,57,4,,1,26,,30466,57,4,,1
8801,'80',830,,30467,57,4,,1,71,,30468,57,4,,1,34,,30469,57,4,,1,71,,30470,57,4,,1,35,,30471,57,4,,1,75,,30472,57,4,,1,40,,30473,57,4,,1,78,,30474,57,4,,1,69,,30475,57,4,,1,29,,30476,57,4,,1,69,,30477,57,4,,1,29,,30478,57,4,,1,29,,30479,57,4,,1,69,,30480,57,4,,1,29,,30481,57,4,,1,69,,30482,57,4,,1,29,,30483,57,4,,1,69,,30484,57,4,,1,26,,30485,57,4,,1,69,,30486,57,4,,1,22,,30487,57,4,,1,65,,30488,57,4,,1,25,,30489,57,4,,1,25,,30490,57,4,,1,65,,30491,57,4,,1,25,,30492,57,4,,1,59,,30493,57,4,,1,25,,30494,57,4,,1
9101,'1',551,,31116,47,4,,1,51,,31115,47,4,,1,11,,31114,47,4,,1,11,,31113,47,4,,1,13,,31112,47,4,,1,11,,31111,47,4,,1,11,,31110,47,4,,1,53,,31046,47,4,,1,11,,31047,47,4,,1,13,,31048,47,4,,1,16,,31063,47,4,,1,52,,31062,47,4,,1,22,,31061,47,4,,1,12,,31060,47,4,,1,12,,31049,47,4,,1,52,,31050,47,4,,1,12,,31051,47,4,,1,9,,31052,47,4,,1,12,,31053,47,4,,1,4,,31054,47,4,,1,12,,31055,47,4,,1,52,,31056,47,4,,1,12,,31057,47,4,,1,12,,31058,47,4,,1,12,,31059,47,4,,1,13,,31071,47,4,,1,65,,31070,47,4,,1,29,,31064,47,4,,1,65,,31065,47,4,,1,25,,31066,47,4,,1,65,,31067,47,4,,1,25,,31068,47,4,,1,24,,31069,47,4,,1,62,,31083,47,4,,1,13,,31082,47,4,,1,18,,31081,47,4,,1,13,,31080,47,4,,1,53,,31072,47,4,,1,13,,31073,47,4,,1,11,,31074,47,4,,1,13,,31075,47,4,,1,13,,31076,47,4,,1,53,,31077,47,4,,1,13,,31078,47,4,,1,13,,31079,47,4,,1,20,,31096,47,4,,1,54,,31095,47,4,,1,14,,31094,47,4,,1,14,,31093,47,4,,1,14,,31092,47,4,,1,54,,31084,47,4,,1,14,,31085,47,4,,1,7,,31086,47,4,,1,14,,31087,47,4,,1,14,,31088,47,4,,1,52,,31089,47,4,,1,14,,31090,47,4,,1,12,,31091,47,4,,1,67,,31109,47,4,,1,22,,31108,47,4,,1,23,,31097,47,4,,1,63,,31098,47,4,,1,23,,31099,47,4,,1,23,,31100,47,4,,1,61,,31101,47,4,,1,23,,31102,47,4,,1,19,,31103,47,4,,1,63,,31104,47,4,,1,23,,31105,47,4,,1,63,,31106,47,4,,1,23,,31107,47,4,,1
9101,'2',759,,31117,47,4,,1,62,,31118,47,4,,1,26,,31119,47,4,,1,62,,31120,47,4,,1,22,,31121,47,4,,1,22,,31122,47,4,,1,62,,31123,47,4,,1,25,,31124,47,4,,1,67,,31144,47,4,,1,25,,31125,47,4,,1,24,,31126,47,4,,1,65,,31127,47,4,,1,25,,31128,47,4,,1,65,,31129,47,4,,1,29,,31130,47,4,,1,65,,31131,47,4,,1,25,,31132,47,4,,1,25,,31133,47,4,,1,65,,31134,47,4,,1,20,,31135,47,4,,1,65,,31136,47,4,,1,25,,31137,47,4,,1,25,,31138,47,4,,1,65,,31139,47,4,,1,25,,31140,47,4,,1,65,,31141,47,4,,1,25,,31142,47,4,,1,65,,31143,47,4,,1,25,,31145,47,4,,1,23,,31146,47,4,,1,65,,31147,47,4,,1,25,,31148,47,4,,1,88,,31149,47,4,,1,29,,31150,47,4,,1,69,,31151,47,4,,1,22,,31152,47,4,,1,69,,31153,47,4,,1,29,,31154,47,4,,1,63,,31155,47,4,,1
9101,'3',755,,31156,47,4,,1,163,,31157,47,4,,1,91,,31158,47,4,,1,37,,31159,47,4,,1,75,,31160,47,4,,1,32,,31161,47,4,,1,72,,31162,47,4,,1,31,,31163,47,4,,1,72,,31164,47,4,,1,72,,31165,47,4,,1,32,,31166,47,4,,1,71,,31167,47,4,,1,32,,31168,47,4,,1,69,,31169,47,4,,1,32,,31170,47,4,,1,72,,31171,47,4,,1,32,,31172,47,4,,1,72,,31173,47,4,,1,32,,31174,47,4,,1,70,,31175,47,4,,1,96,,31180,47,4,,1,42,,31176,47,4,,1,82,,31177,47,4,,1,81,,31178,47,4,,1,42,,31179,47,4,,1,75,,31184,47,4,,1,76,,31181,47,4,,1,36,,31182,47,4,,1,68,,31183,47,4,,1
9101,'74',759,,31185,47,4,,1,62,,31186,47,4,,1,26,,31187,47,4,,1,62,,31188,47,4,,1,22,,31189,47,4,,1,22,,31190,47,4,,1,62,,31191,47,4,,1,25,,31192,47,4,,1,67,,31212,47,4,,1,25,,31193,47,4,,1,24,,31194,47,4,,1,65,,31195,47,4,,1,25,,31196,47,4,,1,65,,31197,47,4,,1,29,,31198,47,4,,1,65,,31199,47,4,,1,25,,31200,47,4,,1,25,,31201,47,4,,1,65,,31202,47,4,,1,20,,31203,47,4,,1,65,,31204,47,4,,1,25,,31205,47,4,,1,25,,31206,47,4,,1,65,,31207,47,4,,1,25,,31208,47,4,,1,65,,31209,47,4,,1,25,,31210,47,4,,1,65,,31211,47,4,,1,25,,31213,47,4,,1,23,,31214,47,4,,1,65,,31215,47,4,,1,25,,31216,47,4,,1,88,,31217,47,4,,1,29,,31218,47,4,,1,69,,31219,47,4,,1,22,,31220,47,4,,1,69,,31221,47,4,,1,29,,31222,47,4,,1,63,,31223,47,4,,1
9101,'80',755,,31224,47,4,,1,163,,31225,47,4,,1,91,,31226,47,4,,1,37,,31227,47,4,,1,75,,31228,47,4,,1,32,,31229,47,4,,1,72,,31230,47,4,,1,31,,31231,47,4,,1,72,,31232,47,4,,1,72,,31233,47,4,,1,32,,31234,47,4,,1,71,,31235,47,4,,1,32,,31236,47,4,,1,69,,31237,47,4,,1,32,,31238,47,4,,1,72,,31239,47,4,,1,32,,31240,47,4,,1,72,,31241,47,4,,1,32,,31242,47,4,,1,70,,31243,47,4,,1,96,,31248,47,4,,1,42,,31244,47,4,,1,82,,31245,47,4,,1,81,,31246,47,4,,1,42,,31247,47,4,,1,75,,31252,47,4,,1,76,,31249,47,4,,1,36,,31250,47,4,,1,68,,31251,47,4,,1
9901,'1',425,,31722,42,4,,1,81,,31723,42,4,,1,40,,31724,42,4,,1,83,,31725,42,4,,1,82,,31726,42,4,,1,35,,31727,42,4,,1,73,,31728,42,4,,1,83,,31729,42,4,,1,31,,31730,42,4,,1,75,,31731,42,4,,1,94,,31732,42,4,,1,99,,31733,42,4,,1,54,,31734,42,4,,1,94,,31735,42,4,,1,100,,31736,42,4,,1,68,,31737,42,4,,1,30,,31738,42,4,,1,70,,31739,42,4,,1,30,,31740,42,4,,1,70,,31741,42,4,,1,30,,31742,42,4,,1,70,,31743,42,4,,1,25,,31744,42,4,,1,70,,31745,42,4,,1,25,,31746,42,4,,1,70,,31747,42,4,,1,30,,31748,42,4,,1,65,,31749,42,4,,1,30,,31750,42,4,,1,85,,31751,42,4,,1
9901,'2',548,,31752,42,4,,1,77,,31753,42,4,,1,77,,31754,42,4,,1,37,,31755,42,4,,1,87,,31756,42,4,,1,92,,31757,42,4,,1,89,,31758,42,4,,1,47,,31759,42,4,,1,104,,31760,42,4,,1,97,,31761,42,4,,1,95,,31762,42,4,,1,95,,31763,42,4,,1,95,,31764,42,4,,1,95,,31765,42,4,,1,92,,31766,42,4,,1,93,,31767,42,4,,1,95,,31768,42,4,,1,90,,31769,42,4,,1,45,,31770,42,4,,1,85,,31771,42,4,,1
9901,'3',552,,31772,42,4,,1,81,,31773,42,4,,1,78,,31774,42,4,,1,38,,31775,42,4,,1,78,,31776,42,4,,1,93,,31777,42,4,,1,89,,31778,42,4,,1,49,,31779,42,4,,1,89,,31780,42,4,,1,94,,31781,42,4,,1,89,,31782,42,4,,1,89,,31783,42,4,,1,89,,31784,42,4,,1,49,,31785,42,4,,1,89,,31786,42,4,,1,89,,31787,42,4,,1,84,,31788,42,4,,1,89,,31789,42,4,,1,49,,31790,42,4,,1,85,,31791,42,4,,1,89,,31792,42,4,,1,79,,31793,42,4,,1
9901,'74',548,,31794,42,4,,1,77,,31795,42,4,,1,77,,31796,42,4,,1,37,,31797,42,4,,1,87,,31798,42,4,,1,92,,31799,42,4,,1,89,,31800,42,4,,1,47,,31801,42,4,,1,104,,31802,42,4,,1,97,,31803,42,4,,1,95,,31804,42,4,,1,95,,31805,42,4,,1,95,,31806,42,4,,1,95,,31807,42,4,,1,92,,31808,42,4,,1,93,,31809,42,4,,1,95,,31810,42,4,,1,90,,31811,42,4,,1,45,,31812,42,4,,1,85,,31813,42,4,,1
9901,'80',552,,31814,42,4,,1,81,,31815,42,4,,1,78,,31816,42,4,,1,38,,31817,42,4,,1,78,,31818,42,4,,1,93,,31819,42,4,,1,89,,31820,42,4,,1,49,,31821,42,4,,1,89,,31822,42,4,,1,94,,31823,42,4,,1,89,,31824,42,4,,1,89,,31825,42,4,,1,89,,31826,42,4,,1,49,,31827,42,4,,1,89,,31828,42,4,,1,89,,31829,42,4,,1,84,,31830,42,4,,1,89,,31831,42,4,,1,49,,31832,42,4,,1,85,,31833,42,4,,1,89,,31834,42,4,,1,79,,31835,42,4,,1
36001,'1',1012,,33821,23,4,,1,29,,33822,23,4,,1,71,,33823,23,4,,1,26,,33824,23,4,,1,65,,33837,23,4,,1,44,,33836,23,4,,1,84,,33825,23,4,,1,84,,33826,23,4,,1,44,,33827,23,4,,1,88,,33828,23,4,,1,84,,33829,23,4,,1,88,,33830,23,4,,1,82,,33831,23,4,,1,40,,33832,23,4,,1,85,,33833,23,4,,1,84,,33834,23,4,,1,41,,33835,23,4,,1,84,,33843,23,4,,1,66,,33842,23,4,,1,26,,33838,23,4,,1,26,,33839,23,4,,1,66,,33840,23,4,,1,26,,33841,23,4,,1
36001,'2',1011,,33844,23,4,,1,23,,33845,23,4,,1,23,,33846,23,4,,1,63,,33847,23,4,,1,23,,33848,23,4,,1,62,,33849,23,4,,1,23,,33850,23,4,,1,24,,33851,23,4,,1,63,,33852,23,4,,1,23,,33853,23,4,,1,63,,33854,23,4,,1,23,,33855,23,4,,1,23,,33856,23,4,,1,63,,33857,23,4,,1,23,,33858,23,4,,1,22,,33859,23,4,,1,63,,33860,23,4,,1,23,,33861,23,4,,1,66,,33862,23,4,,1,23,,33863,23,4,,1,20,,33864,23,4,,1,64,,33865,23,4,,1,23,,33866,23,4,,1,68,,33879,23,4,,1,24,,33878,23,4,,1,19,,33867,23,4,,1,64,,33868,23,4,,1,24,,33869,23,4,,1,67,,33870,23,4,,1,22,,33871,23,4,,1,22,,33872,23,4,,1,64,,33873,23,4,,1,24,,33874,23,4,,1,24,,33875,23,4,,1,64,,33876,23,4,,1,24,,33877,23,4,,1
36001,'3',1004,,33880,23,4,,1,22,,33881,23,4,,1,22,,33882,23,4,,1,62,,33883,23,4,,1,19,,33884,23,4,,1,22,,33885,23,4,,1,64,,33886,23,4,,1,22,,33887,23,4,,1,22,,33888,23,4,,1,62,,33889,23,4,,1,23,,33890,23,4,,1,62,,33891,23,4,,1,22,,33892,23,4,,1,20,,33893,23,4,,1,66,,33894,23,4,,1,22,,33895,23,4,,1,22,,33896,23,4,,1,62,,33897,23,4,,1,23,,33898,23,4,,1,62,,33899,23,4,,1,22,,33900,23,4,,1,22,,33901,23,4,,1,62,,33902,23,4,,1,22,,33903,23,4,,1,22,,33904,23,4,,1,67,,33905,23,4,,1,21,,33917,23,4,,1,16,,33916,23,4,,1,63,,33906,23,4,,1,23,,33907,23,4,,1,63,,33908,23,4,,1,23,,33909,23,4,,1,23,,33910,23,4,,1,61,,33911,23,4,,1,23,,33912,23,4,,1,63,,33913,23,4,,1,23,,33914,23,4,,1,23,,33915,23,4,,1
36001,'74',1011,,33918,23,4,,1,23,,33919,23,4,,1,23,,33920,23,4,,1,63,,33921,23,4,,1,23,,33922,23,4,,1,62,,33923,23,4,,1,23,,33924,23,4,,1,24,,33925,23,4,,1,63,,33926,23,4,,1,23,,33927,23,4,,1,63,,33928,23,4,,1,23,,33929,23,4,,1,23,,33930,23,4,,1,63,,33931,23,4,,1,23,,33932,23,4,,1,22,,33933,23,4,,1,63,,33934,23,4,,1,23,,33935,23,4,,1,66,,33936,23,4,,1,23,,33937,23,4,,1,20,,33938,23,4,,1,64,,33939,23,4,,1,23,,33940,23,4,,1,68,,33942,23,4,,1,24,,33941,23,4,,1,19,,33943,23,4,,1,64,,33944,23,4,,1,24,,33945,23,4,,1,67,,33946,23,4,,1,22,,33947,23,4,,1,22,,33948,23,4,,1,64,,33949,23,4,,1,24,,33950,23,4,,1,24,,33951,23,4,,1,64,,33952,23,4,,1,24,,33953,23,4,,1,64,,33954,23,4,,1
36001,'80',1004,,33955,23,4,,1,22,,33956,23,4,,1,22,,33957,23,4,,1,62,,33958,23,4,,1,19,,33959,23,4,,1,22,,33960,23,4,,1,64,,33961,23,4,,1,22,,33962,23,4,,1,22,,33963,23,4,,1,62,,33964,23,4,,1,23,,33965,23,4,,1,62,,33966,23,4,,1,22,,33967,23,4,,1,20,,33968,23,4,,1,66,,33969,23,4,,1,22,,33970,23,4,,1,22,,33971,23,4,,1,62,,33972,23,4,,1,23,,33973,23,4,,1,62,,33974,23,4,,1,22,,33975,23,4,,1,22,,33976,23,4,,1,62,,33977,23,4,,1,22,,33978,23,4,,1,22,,33979,23,4,,1,67,,33980,23,4,,1,21,,33992,23,4,,1,16,,33991,23,4,,1,63,,33981,23,4,,1,23,,33982,23,4,,1,63,,33983,23,4,,1,23,,33984,23,4,,1,23,,33985,23,4,,1,61,,33986,23,4,,1,23,,33987,23,4,,1,63,,33988,23,4,,1,23,,33989,23,4,,1,23,,33990,23,4,,1
989901,'1',2252,,36877,97,4,,1,68,,36878,97,4,,1,38,,36879,97,4,,1,74,,36880,97,4,,1,75,,36881,97,4,,1,29,,36882,97,4,,1,75,,36883,97,4,,1,35,,36884,97,4,,1
989901,'2',2300,,36885,97,4,,1,46,,36886,97,4,,1,81,,36887,97,4,,1,91,,36890,97,4,,1,85,,36888,97,4,,1,46,,36889,97,4,,1
989901,'3',2307,,36891,97,4,,1,47,,36892,97,4,,1,83,,36893,97,4,,1,85,,36894,97,4,,1,79,,36895,97,4,,1,43,,36896,97,4,,1
989901,'74',2300,,36897,97,4,,1,46,,36898,97,4,,1,81,,36899,97,4,,1,91,,36902,97,4,,1,85,,36900,97,4,,1,46,,36901,97,4,,1
989901,'80',2307,,36903,97,4,,1,47,,36904,97,4,,1,83,,36905,97,4,,1,85,,36906,97,4,,1,79,,36907,97,4,,1,43,,36908,97,4,,1
