1600,'1',536,,2421,2,,,1,22,,2422,2,,,1,62,,2423,2,,,1,22,,2424,2,,,1,62,,2425,2,,,1,22,,2426,2,,,1,18,,2427,2,,,1,66,,2428,2,,,1,22,,2429,2,,,1,22,,2430,2,,,1,71,,2431,2,,,1,31,,2432,2,,,1,75,,2433,2,,,1,27,,2434,2,,,1,71,,2435,2,,,1,71,,2436,2,,,1,31,,2437,2,,,1,71,,2438,2,,,1,31,,2439,2,,,1,75,,2440,2,,,1,20,,2441,2,,,1,23,,2442,2,,,1,63,,2443,2,,,1,23,,2444,2,,,1,63,,2445,2,,,1,24,,2446,2,,,1,23,,2447,2,,,1,63,,2448,2,,,1,23,,2449,2,,,1,23,,2450,2,,,1,63,,2451,2,,,1,21,,2452,2,,,1,63,,2453,2,,,1,23,,2454,2,,,1,23,,2455,2,,,1,63,,2456,2,,,1,23,,2457,2,,,1,74,,2458,2,,,1,34,,2459,2,,,1,74,,2460,2,,,1,34,,2461,2,,,1,74,,2462,2,,,1,34,,2466,2,,,1
1600,'2',645,,2467,2,,,1,78,,2468,2,,,1,78,,2469,2,,,1,38,,2470,2,,,1,78,,2471,2,,,1,38,,2472,2,,,1,78,,2473,2,,,1,78,,2474,2,,,1,38,,2475,2,,,1,78,,2476,2,,,1,81,,2477,2,,,1,41,,2478,2,,,1,81,,2479,2,,,1,81,,2480,2,,,1,42,,2481,2,,,1,81,,2482,2,,,1,81,,2483,2,,,1,41,,2484,2,,,1,81,,2485,2,,,1,75,,2486,2,,,1,36,,2487,2,,,1,79,,2488,2,,,1,73,,2489,2,,,1,36,,2490,2,,,1,77,,2491,2,,,1,35,,2492,2,,,1,76,,2493,2,,,1
1600,'3',838,,2495,2,,,1,96,,2496,2,,,1,95,,2497,2,,,1,95,,2498,2,,,1,95,,2499,2,,,1,99,,2504,2,,,1,98,,2500,2,,,1,98,,2501,2,,,1,98,,2502,2,,,1,93,,2503,2,,,1,96,,2509,2,,,1,52,,2505,2,,,1,91,,2506,2,,,1,92,,2507,2,,,1,92,,2508,2,,,1
1600,'80',838,,2512,2,,,1,96,,2513,2,,,1,95,,2514,2,,,1,95,,2515,2,,,1,95,,2516,2,,,1,99,,2521,2,,,1,98,,2517,2,,,1,98,,2518,2,,,1,98,,2519,2,,,1,93,,2520,2,,,1,96,,2526,2,,,1,52,,2522,2,,,1,91,,2523,2,,,1,92,,2524,2,,,1,92,,2525,2,,,1
1600,'81',838,,2529,2,,,1,96,,2532,2,,,1,95,,2533,2,,,1,95,,2534,2,,,1,95,,2535,2,,,1,99,,2540,2,,,1,98,,2536,2,,,1,98,,2537,2,,,1,98,,2538,2,,,1,93,,2539,2,,,1,96,,2545,2,,,1,52,,2541,2,,,1,91,,2542,2,,,1,92,,2543,2,,,1,92,,2544,2,,,1
8500,'1',630,,5396,46,,,1,16,,5397,46,,,1,56,,5398,46,,,1,16,,5399,46,,,1,16,,5400,46,,,1,19,,5401,46,,,1,56,,5402,46,,,1,16,,5403,46,,,1,16,,5404,46,,,1,16,,5405,46,,,1,56,,5406,46,,,1,11,,5407,45,,,1,16,,5408,45,,,1,65,,5409,45,,,1,25,,5410,45,,,1,19,,5411,45,,,1,65,,5412,45,,,1,25,,5413,45,,,1,65,,5414,45,,,1,25,,5415,45,,,1,26,,5416,45,,,1,65,,5417,45,,,1,26,,5418,45,,,1,65,,5419,45,,,1,20,,5420,45,,,1,17,,5447,31,,,1,58,,5421,31,,,1,20,,5422,31,,,1,16,,5423,31,,,1,17,,5424,31,,,1,56,,5425,31,,,1,23,,5426,32,,,1,13,,5427,32,,,1,56,,5428,32,,,1,16,,5429,32,,,1,19,,5430,32,,,1,16,,5431,32,,,1,56,,5432,32,,,1,16,,5433,32,,,1,9,,5434,32,,,1,16,,5435,32,,,1,56,,5436,32,,,1,16,,5437,32,,,1,16,,5438,32,,,1,13,,5439,31,,,1,65,,5440,31,,,1,27,,5441,31,,,1,65,,5442,31,,,1,32,,5443,31,,,1,72,,5444,31,,,1,32,,5445,31,,,1,72,,5446,31,,,1
8500,'2',706,,5476,45,,,1,30,,5477,45,,,1,70,,5478,45,,,1,28,,5479,45,,,1,75,,5480,45,,,1,30,,5481,45,,,1,70,,5482,45,,,1,34,,5483,45,,,1,70,,5484,45,,,1,31,,5448,45,,,1,62,,5449,45,,,1,25,,5450,45,,,1,23,,5451,45,,,1,63,,5452,45,,,1,23,,5453,45,,,1,63,,5454,45,,,1,23,,5455,45,,,1,23,,5456,45,,,1,63,,5457,45,,,1,23,,5458,45,,,1,23,,5459,45,,,1,63,,5460,45,,,1,23,,5461,45,,,1,63,,5462,45,,,1,21,,5463,45,,,1,21,,5464,45,,,1,57,,5465,45,,,1,21,,5466,45,,,1,21,,5467,45,,,1,61,,5468,45,,,1,21,,5469,45,,,1,21,,5470,45,,,1,59,,5471,45,,,1,21,,5472,45,,,1,21,,5473,45,,,1,61,,5474,45,,,1,21,,5475,45,,,1,70,,5485,45,,,1,30,,5486,45,,,1,70,,5487,45,,,1
8500,'3',841,,5505,17,,,1,80,,5506,17,,,1,79,,5488,45,,,1,40,,5489,45,,,1,81,,5490,45,,,1,80,,5491,45,,,1,51,,5492,45,,,1,83,,5493,45,,,1,83,,5494,45,,,1,83,,5495,45,,,1,42,,5496,45,,,1,83,,5497,45,,,1,84,,5498,45,,,1,34,,5499,45,,,1,81,,5500,45,,,1,85,,5501,45,,,1,37,,5502,45,,,1,81,,5503,45,,,1,81,,5504,45,,,1
8500,'80',841,,5524,17,,,1,80,,5525,17,,,1,79,,5507,45,,,1,40,,5508,45,,,1,81,,5509,45,,,1,80,,5510,45,,,1,51,,5511,45,,,1,83,,5512,45,,,1,83,,5513,45,,,1,83,,5514,45,,,1,42,,5515,45,,,1,83,,5516,45,,,1,84,,5517,45,,,1,34,,5518,45,,,1,81,,5519,45,,,1,85,,5520,45,,,1,37,,5521,45,,,1,81,,5522,45,,,1,81,,5523,45,,,1
8500,'81',841,,5543,17,,,1,80,,5544,17,,,1,79,,5526,45,,,1,40,,5527,45,,,1,81,,5528,45,,,1,80,,5529,45,,,1,51,,5530,45,,,1,83,,5531,45,,,1,83,,5532,45,,,1,83,,5533,45,,,1,42,,5534,45,,,1,83,,5535,45,,,1,84,,5536,45,,,1,34,,5537,45,,,1,81,,5538,45,,,1,85,,5539,45,,,1,37,,5540,45,,,1,81,,5541,45,,,1,81,,5542,45,,,1
