5601,'1',636,,28761,46,,,1,106,,28760,46,,,1,106,,28759,46,,,1,107,,28758,46,,,1,500,,28757,46,,,1,150,,28756,46,,,1,110,,28755,46,,,1,107,,28754,46,,,1,107,,28753,46,,,1
9600,'1',719,,31260,95,,,1,88,,31259,95,,,1,31,,31258,95,,,1,77,,31257,95,,,1,27,,31256,95,,,1,73,,31253,95,,,1,34,,31254,95,,,1,70,,31255,95,,,1,32,,31268,95,,,1,69,,31267,91,,,1,39,,31261,91,,,1,79,,31262,91,,,1,79,,31263,91,,,1,88,,31264,91,,,1,25,,31265,91,,,1,90,,31266,95,,,1,83,,31274,95,,,1,27,,31273,95,,,1,72,,31272,95,,,1,20,,31269,95,,,1,27,,31270,95,,,1,61,,31271,95,,,1,27,,31277,95,,,1,19,,31278,95,,,1,51,,31288,95,,,1,11,,31276,95,,,1,25,,31275,95,,,1,70,,31285,91,,,1,30,,31284,91,,,1,15,,31287,91,,,1,51,,31279,91,,,1,30,,31280,91,,,1,68,,31281,91,,,1,28,,31282,91,,,1,70,,31283,91,,,1,17,,31286,91,,,1
9600,'2',1040,,31289,91,,,1,104,,31290,91,,,1,99,,31291,91,,,1,95,,31292,91,,,1,99,,31293,91,,,1,99,,31294,91,,,1,97,,31295,91,,,1,99,,31296,91,,,1,94,,31297,91,,,1,97,,31298,91,,,1,87,,31299,91,,,1,40,,31300,91,,,1,97,,31301,91,,,1
9600,'3',1131,,31302,91,,,1,94,,31303,91,,,1,94,,31304,91,,,1,94,,31305,91,,,1,94,,31306,91,,,1,94,,31307,91,,,1,54,,31308,91,,,1,94,,31309,91,,,1,91,,31310,91,,,1,94,,31311,91,,,1,94,,31312,91,,,1,88,,31313,91,,,1
9600,'74',1040,,31314,91,,,1,104,,31315,91,,,1,99,,31316,91,,,1,95,,31317,91,,,1,99,,31318,91,,,1,99,,31319,91,,,1,97,,31320,91,,,1,99,,31321,91,,,1,94,,31322,91,,,1,97,,31323,91,,,1,87,,31324,91,,,1,40,,31325,91,,,1,97,,31326,91,,,1
9600,'80',1131,,31327,91,,,1,94,,31328,91,,,1,94,,31329,91,,,1,94,,31330,91,,,1,94,,31331,91,,,1,94,,31332,91,,,1,54,,31333,91,,,1,94,,31334,91,,,1,91,,31335,91,,,1,94,,31336,91,,,1,94,,31337,91,,,1,88,,31338,91,,,1
9800,'1',634,,31445,47,,,1,75,,31444,47,,,1,35,,31443,47,,,1,75,,31442,47,,,1,35,,31441,47,,,1,75,,31440,47,,,1,98,,31436,47,,,1,98,,31433,47,,,1,96,,31438,47,,,1,98,,31437,47,,,1,40,,31425,47,,,1,79,,31435,47,,,1,80,,31434,47,,,1,40,,31432,47,,,1,80,,31431,47,,,1,80,,31430,47,,,1,83,,31429,47,,,1,40,,31428,47,,,1,92,,31427,47,,,1,91,,31426,47,,,1,88,,31439,47,,,1
9800,'2',633,,31463,47,,,1,86,,31462,47,,,1,85,,31461,47,,,1,54,,31460,47,,,1,93,,31459,47,,,1,92,,31458,47,,,1,94,,31457,47,,,1,98,,31456,47,,,1,98,,31455,47,,,1,97,,31454,47,,,1,98,,31453,47,,,1,98,,31452,47,,,1,99,,31451,47,,,1,100,,31450,47,,,1,89,,31449,47,,,1,91,,31448,47,,,1,49,,31447,47,,,1,85,,31446,47,,,1
9800,'3',817,,31479,47,,,1,88,,31478,47,,,1,48,,31477,47,,,1,93,,31476,47,,,1,93,,31475,47,,,1,91,,31474,47,,,1,93,,31473,47,,,1,93,,31472,47,,,1,93,,31471,47,,,1,93,,31470,47,,,1,53,,31469,47,,,1,95,,31468,47,,,1,88,,31467,47,,,1,90,,31466,47,,,1,87,,31465,47,,,1,88,,31464,47,,,1
9800,'74',633,,31497,47,,,1,86,,31496,47,,,1,85,,31495,47,,,1,54,,31494,47,,,1,93,,31493,47,,,1,92,,31492,47,,,1,94,,31491,47,,,1,98,,31490,47,,,1,98,,31489,47,,,1,97,,31488,47,,,1,98,,31487,47,,,1,98,,31486,47,,,1,99,,31485,47,,,1,100,,31484,47,,,1,89,,31483,47,,,1,91,,31482,47,,,1,49,,31481,47,,,1,85,,31480,47,,,1
9800,'80',817,,31513,47,,,1,88,,31512,47,,,1,48,,31511,47,,,1,93,,31510,47,,,1,93,,31509,47,,,1,91,,31508,47,,,1,93,,31507,47,,,1,93,,31506,47,,,1,93,,31505,47,,,1,93,,31504,47,,,1,53,,31503,47,,,1,95,,31502,47,,,1,88,,31501,47,,,1,90,,31500,47,,,1,87,,31499,47,,,1,88,,31498,47,,,1
989900,'1',2138,,36830,90,,,1,73,,36831,90,,,1,38,,36832,90,,,1,78,,36833,90,,,1,75,,36834,90,,,1,32,,36835,90,,,1,75,,36836,90,,,1,35,,36837,90,,,1,73,,36838,90,0,5 6,1,35,,36839,90,0,5 6,1,79,,36840,90,0,5 6,1
989900,'2',2143,,36841,90,,,1,94,,36842,90,,,1,85,,36843,90,,,1,91,,36844,90,,,1,46,,36845,90,,,1,86,,36846,90,,,1,80,,36847,90,0,5 6,1,86,,36848,90,0,5 6,1,46,,36849,90,0,5 6,1
989900,'3',2157,,36850,90,,,1,90,,36851,90,,,1,84,,36852,90,,,1,90,,36853,90,,,1,79,,36854,90,,,1,43,,36855,90,,,1,78,,36856,90,0,5 6,1,83,,36857,90,0,5 6,1,43,,36858,90,0,5 6,1
989900,'74',2143,,36859,90,,,1,94,,36860,90,,,1,85,,36861,90,,,1,91,,36862,90,,,1,46,,36863,90,,,1,86,,36864,90,,,1,80,,36865,90,0,5 6,1,86,,36866,90,0,5 6,1,46,,36867,90,0,5 6,1
989900,'80',2157,,36868,90,,,1,90,,36869,90,,,1,84,,36870,90,,,1,90,,36871,90,,,1,79,,36872,90,,,1,43,,36873,90,,,1,78,,36874,90,0,5 6,1,83,,36875,90,0,5 6,1,43,,36876,90,0,5 6,1
