9600,'1',703,,6908,76,,,1,47,,6907,76,,,1,71,,6906,76,,,1,37,,6905,76,,,1,67,,6904,76,,,1,33,,6901,76,,,1,74,,6902,76,,,1,70,,6903,76,,,1,32,,6916,76,,,1,68,,6915,72,,,1,39,,6909,72,,,1,79,,6910,72,,,1,39,,6911,72,,,1,85,,6912,72,,,1,65,,6913,72,,,1,92,,6914,76,,,1,43,,6922,76,,,1,67,,6921,76,,,1,32,,6920,76,,,1,63,,6917,76,,,1,27,,6918,76,,,1,21,,6919,76,,,1,67,,6925,76,,,1,19,,6926,76,,,1,13,,6936,76,,,1,51,,6924,76,,,1,25,,6923,76,,,1,30,,6933,72,,,1,70,,6932,72,,,1,15,,6935,72,,,1,12,,6927,72,,,1,70,,6928,72,,,1,30,,6929,72,,,1,68,,6930,72,,,1,30,,6931,72,,,1,57,,6934,72,,,1
9600,'2',1024,,6937,72,,,1,101,,6938,72,,,1,99,,6939,72,,,1,96,,6940,72,,,1,99,,6941,72,,,1,99,,6942,72,,,1,99,,6943,72,,,1,99,,6944,72,,,1,94,,6945,72,,,1,97,,6946,72,,,1,47,,6947,72,,,1,83,,6948,72,,,1,97,,6949,72,,,1
9600,'3',1115,,6950,72,,,1,94,,6951,72,,,1,94,,6952,72,,,1,54,,6953,72,,,1,94,,6954,72,,,1,94,,6955,72,,,1,94,,6956,72,,,1,94,,6957,72,,,1,91,,6958,72,,,1,94,,6959,72,,,1,94,,6960,72,,,1,91,,6961,72,,,1
9600,'80',1115,,6962,72,,,1,94,,6963,72,,,1,94,,6964,72,,,1,54,,6965,72,,,1,94,,6966,72,,,1,94,,6967,72,,,1,94,,6968,72,,,1,94,,6969,72,,,1,91,,6970,72,,,1,94,,6971,72,,,1,94,,6972,72,,,1,91,,6973,72,,,1
9600,'81',1115,,6974,72,,,1,94,,6975,72,,,1,94,,6976,72,,,1,54,,6977,72,,,1,94,,6978,72,,,1,94,,6979,72,,,1,94,,6980,72,,,1,94,,6981,72,,,1,91,,6982,72,,,1,94,,6983,72,,,1,94,,6984,72,,,1,91,,6985,72,,,1
9800,'1',620,,7091,28,,,1,35,,7090,28,,,1,73,,7089,28,,,1,75,,7088,28,,,1,35,,7087,28,,,1,75,,7086,28,,,1,98,,7082,28,,,1,98,,7079,28,,,1,95,,7084,28,,,1,98,,7083,28,,,1,40,,7071,28,,,1,78,,7081,28,,,1,80,,7080,28,,,1,40,,7078,28,,,1,80,,7077,28,,,1,80,,7076,28,,,1,45,,7075,28,,,1,80,,7074,28,,,1,94,,7073,28,,,1,91,,7072,28,,,1,49,,7085,28,,,1
9800,'2',619,,7109,28,,,1,86,,7108,28,,,1,44,,7107,28,,,1,94,,7106,28,,,1,93,,7105,28,,,1,90,,7104,28,,,1,94,,7103,28,,,1,98,,7102,28,,,1,98,,7101,28,,,1,96,,7100,28,,,1,98,,7099,28,,,1,98,,7098,28,,,1,100,,7097,28,,,1,102,,7096,28,,,1,49,,7095,28,,,1,93,,7094,28,,,1,89,,7093,28,,,1,85,,7092,28,,,1
9800,'3',804,,7125,28,,,1,48,,7124,28,,,1,88,,7123,28,,,1,91,,7122,28,,,1,93,,7121,28,,,1,90,,7120,28,,,1,93,,7119,28,,,1,93,,7118,28,,,1,53,,7117,28,,,1,93,,7116,28,,,1,93,,7115,28,,,1,97,,7114,28,,,1,88,,7113,28,,,1,91,,7112,28,,,1,87,,7111,28,,,1,48,,7110,28,,,1
9800,'80',804,,7141,28,,,1,48,,7140,28,,,1,88,,7139,28,,,1,91,,7138,28,,,1,93,,7137,28,,,1,90,,7136,28,,,1,93,,7135,28,,,1,93,,7134,28,,,1,53,,7133,28,,,1,93,,7132,28,,,1,93,,7131,28,,,1,97,,7130,28,,,1,88,,7129,28,,,1,91,,7128,28,,,1,87,,7127,28,,,1,48,,7126,28,,,1
9800,'81',804,,7157,28,,,1,48,,7156,28,,,1,88,,7155,28,,,1,91,,7154,28,,,1,93,,7153,28,,,1,90,,7152,28,,,1,93,,7151,28,,,1,93,,7150,28,,,1,53,,7149,28,,,1,93,,7148,28,,,1,93,,7147,28,,,1,97,,7146,28,,,1,88,,7145,28,,,1,91,,7144,28,,,1,87,,7143,28,,,1,48,,7142,28,,,1
42800,'24612.1',744,,9254,10,0,238 232 233 234,1
989900,'1',2124,,11580,71,,,1,34,,11581,71,,,1,78,,11582,71,,,1,78,,11583,71,,,1,35,,11584,71,,,1,71,,11585,71,,,1,35,,11586,71,,,1,75,,11587,71,,,1,76,,11588,71,0,5 6,1,35,,11589,71,0,5 6,1,79,,11590,71,0,5 6,1
989900,'2',2128,,11591,71,,,1,94,,11592,71,,,1,86,,11593,71,,,1,92,,11594,71,,,1,46,,11595,71,,,1,86,,11596,71,,,1,84,,11597,71,0,5 6,1,86,,11598,71,0,5 6,1,46,,11599,71,0,5 6,1
989900,'3',2144,,11600,71,,,1,90,,11601,71,,,1,85,,11602,71,,,1,90,,11603,71,,,1,40,,11604,71,,,1,83,,11605,71,,,1,79,,11606,71,0,5 6,1,43,,11607,71,0,5 6,1,83,,11608,71,0,5 6,1
989900,'80',2144,,11609,71,,,1,90,,11610,71,,,1,85,,11611,71,,,1,90,,11612,71,,,1,40,,11613,71,,,1,83,,11614,71,,,1,79,,11615,71,0,5 6,1,43,,11616,71,0,5 6,1,83,,11617,71,0,5 6,1
989900,'81',2144,,11618,71,,,1,90,,11619,71,,,1,85,,11620,71,,,1,90,,11621,71,,,1,40,,11622,71,,,1,83,,11623,71,,,1,79,,11624,71,0,5 6,1,43,,11625,71,0,5 6,1,83,,11626,71,0,5 6,1
