9600,'1',616,,6908,16,,,1,42,,6907,16,,,1,71,,6906,16,,,1,77,,6905,16,,,1,27,,6904,16,,,1,79,,6901,16,,,1,34,,6902,16,,,1,70,,6903,16,,,1,32,,6916,16,,,1,70,,6915,16,,,1,39,,6909,16,,,1,79,,6910,16,,,1,79,,6911,16,,,1,42,,6912,16,,,1,65,,6913,16,,,1,85,,6914,16,,,1,43,,6922,16,,,1,67,,6921,16,,,1,29,,6920,16,,,1,68,,6917,16,,,1,27,,6918,16,,,1,63,,6919,16,,,1,27,,6925,16,,,1,24,,6926,16,,,1,53,,6936,16,,,1,14,,6924,16,,,1,25,,6923,16,,,1,74,,6933,16,,,1,30,,6932,16,,,1,55,,6935,16,,,1,15,,6927,16,,,1,30,,6928,16,,,1,70,,6929,16,,,1,30,,6930,16,,,1,70,,6931,16,,,1,17,,6934,16,,,1
9600,'2',940,,6937,16,,,1,99,,6938,16,,,1,99,,6939,16,,,1,99,,6940,16,,,1,99,,6941,16,,,1,99,,6942,16,,,1,98,,6943,16,,,1,99,,6944,16,,,1,96,,6945,16,,,1,97,,6946,16,,,1,87,,6947,16,,,1,47,,6948,16,,,1,97,,6949,16,,,1
9600,'3',1033,,6950,16,,,1,94,,6951,16,,,1,94,,6952,16,,,1,94,,6953,16,,,1,94,,6954,16,,,1,94,,6955,16,,,1,54,,6956,16,,,1,94,,6957,16,,,1,93,,6958,16,,,1,94,,6959,16,,,1,94,,6960,16,,,1,93,,6961,16,,,1
9600,'80',1033,,6962,16,,,1,94,,6963,16,,,1,94,,6964,16,,,1,94,,6965,16,,,1,94,,6966,16,,,1,94,,6967,16,,,1,54,,6968,16,,,1,94,,6969,16,,,1,93,,6970,16,,,1,94,,6971,16,,,1,94,,6972,16,,,1,93,,6973,16,,,1
9600,'81',1033,,6974,16,,,1,94,,6975,16,,,1,94,,6976,16,,,1,94,,6977,16,,,1,94,,6978,16,,,1,94,,6979,16,,,1,54,,6980,16,,,1,94,,6981,16,,,1,93,,6982,16,,,1,94,,6983,16,,,1,94,,6984,16,,,1,93,,6985,16,,,1
10700,'1',455,,7861,16,,,1,64,,7860,16,,,1,24,,7859,16,,,1,64,,7858,16,,,1,20,,7857,16,,,1,16,,7856,16,,,1,61,,7855,16,,,1,11,,7854,16,,,1,16,,7853,16,,,1,19,,7852,16,,,1,56,,7851,16,,,1,12,,7850,16,,,1,16,,7849,16,,,1,16,,7848,16,,,1,55,,7847,16,,,1,42,,7846,16,,,1,82,,7845,16,,,1,82,,7844,16,,,1,42,,7843,16,,,1,85,,7842,16,,,1,81,,7841,16,,,1,82,,7840,16,,,1,21,,7839,16,,,1,18,,7838,16,,,1,18,,7889,16,,,1,59,,7888,16,,,1,19,,7887,16,,,1,18,,7886,16,,,1,58,,7885,16,,,1,23,,7884,16,,,1,16,,7883,16,,,1,58,,7882,16,,,1,17,,7881,16,,,1,20,,7880,16,,,1,56,,7879,16,,,1,18,,7878,16,,,1,14,,7877,16,,,1,18,,7876,16,,,1,78,,7875,16,,,1,81,,7874,16,,,1,38,,7873,16,,,1,80,,7872,16,,,1,74,,7871,16,,,1,34,,7870,16,,,1,74,,7869,16,,,1,34,,7868,16,,,1,74,,7867,16,,,1,34,,7866,16,,,1,74,,7865,16,,,1,74,,7864,16,,,1,31,,7863,16,,,1,74,,7862,16,,,1
10700,'2',630,,7892,16,,,1,78,,7891,16,,,1,37,,7890,16,,,1,77,,7893,16,,,1,37,,7894,16,,,1,77,,7895,16,,,1,77,,7896,16,,,1,37,,7897,16,,,1,77,,7898,16,,,1,77,,7899,16,,,1,36,,7900,16,,,1,77,,7901,16,,,1,37,,7902,16,,,1,77,,7903,16,,,1,77,,7904,16,,,1,37,,7905,16,,,1,76,,7906,16,,,1,37,,7907,16,,,1,77,,7908,16,,,1,77,,7909,16,,,1,37,,7910,16,,,1,77,,7911,16,,,1,77,,7912,16,,,1,37,,7913,16,,,1,77,,7914,16,,,1,37,,7915,16,,,1,77,,7916,16,,,1,77,,7917,16,,,1,37,,7918,16,,,1,77,,7919,16,,,1,37,,7920,16,,,1,76,,7921,16,,,1,77,,7923,16,,,1,37,,7922,16,,,1
10700,'3',820,,7937,16,,,1,37,,7938,16,,,1,77,,7939,16,,,1,77,,7940,16,,,1,37,,7941,16,,,1,77,,7942,16,,,1,77,,7943,16,,,1,37,,7944,16,,,1,77,,7945,16,,,1,37,,7946,16,,,1,76,,7947,16,,,1,77,,7948,16,,,1,37,,7952,16,,,1,77,,7951,16,,,1,37,,7953,16,,,1,77,,7954,16,,,1,77,,7955,16,,,1,37,,7956,16,,,1,77,,7924,16,,,1,77,,7925,16,,,1,37,,7926,16,,,1,77,,7949,16,,,1,37,,7927,16,,,1,77,,7928,16,,,1,77,,7929,16,,,1,37,,7930,16,,,1,77,,7931,16,,,1,37,,7932,16,,,1,77,,7933,16,,,1,77,,7950,16,,,1,37,,7934,16,,,1
10700,'80',820,,7970,16,,,1,37,,7971,16,,,1,77,,7972,16,,,1,77,,7973,16,,,1,37,,7974,16,,,1,77,,7975,16,,,1,77,,7976,16,,,1,37,,7977,16,,,1,77,,7978,16,,,1,37,,7979,16,,,1,76,,7980,16,,,1,77,,7981,16,,,1,37,,7985,16,,,1,77,,7984,16,,,1,37,,7986,16,,,1,77,,7987,16,,,1,77,,7988,16,,,1,37,,7989,16,,,1,77,,7957,16,,,1,77,,7958,16,,,1,37,,7959,16,,,1,77,,7982,16,,,1,37,,7960,16,,,1,77,,7961,16,,,1,77,,7962,16,,,1,37,,7963,16,,,1,77,,7964,16,,,1,37,,7965,16,,,1,77,,7966,16,,,1,77,,7983,16,,,1,37,,7967,16,,,1
10700,'81',820,,7995,16,,,1,37,,7996,16,,,1,77,,7997,16,,,1,77,,7998,16,,,1,37,,7999,16,,,1,77,,8000,16,,,1,77,,8001,16,,,1,37,,8002,16,,,1,77,,8003,16,,,1,37,,8004,16,,,1,76,,8005,16,,,1,77,,8006,16,,,1,37,,8009,16,,,1,77,,8008,16,,,1,37,,8010,16,,,1,77,,8011,16,,,1,77,,8012,16,,,1,37,,8013,16,,,1,77,,7990,16,,,1,77,,7991,16,,,1,37,,7992,16,,,1,77,,8007,16,,,1,37,,8014,16,,,1,77,,8015,16,,,1,77,,8016,16,,,1,37,,8017,16,,,1,77,,8018,16,,,1,37,,8019,16,,,1,77,,8020,16,,,1,77,,8022,16,,,1,37,,8021,16,,,1
