9800,'1',609,,31445,10,,,1,35,,31444,10,,,1,72,,31443,10,,,1,35,,31442,10,,,1,75,,31441,10,,,1,75,,31440,10,,,1,58,,31436,10,,,1,98,,31433,10,,,1,94,,31438,10,,,1,98,,31437,10,,,1,80,,31425,10,,,1,77,,31435,10,,,1,40,,31434,10,,,1,80,,31432,10,,,1,80,,31431,10,,,1,40,,31430,10,,,1,86,,31429,10,,,1,80,,31428,10,,,1,95,,31427,10,,,1,51,,31426,10,,,1,91,,31439,10,,,1
9800,'2',609,,31463,10,,,1,46,,31462,10,,,1,84,,31461,10,,,1,94,,31460,10,,,1,92,,31459,10,,,1,89,,31458,10,,,1,94,,31457,10,,,1,98,,31456,10,,,1,98,,31455,10,,,1,96,,31454,10,,,1,58,,31453,10,,,1,98,,31452,10,,,1,101,,31451,10,,,1,143,,31450,10,,,1,49,,31449,10,,,1,93,,31448,10,,,1,89,,31447,10,,,1,85,,31446,10,,,1
9800,'3',754,,31479,10,,,1,88,,31478,10,,,1,88,,31477,10,,,1,91,,31476,10,,,1,93,,31475,10,,,1,88,,31474,10,,,1,53,,31473,10,,,1,93,,31472,10,,,1,93,,31471,10,,,1,93,,31470,10,,,1,93,,31469,10,,,1,99,,31468,10,,,1,88,,31467,10,,,1,91,,31466,10,,,1,47,,31465,10,,,1,88,,31464,10,,,1
9800,'74',609,,31497,10,,,1,46,,31496,10,,,1,84,,31495,10,,,1,94,,31494,10,,,1,92,,31493,10,,,1,89,,31492,10,,,1,94,,31491,10,,,1,98,,31490,10,,,1,98,,31489,10,,,1,96,,31488,10,,,1,58,,31487,10,,,1,98,,31486,10,,,1,101,,31485,10,,,1,143,,31484,10,,,1,49,,31483,10,,,1,93,,31482,10,,,1,89,,31481,10,,,1,85,,31480,10,,,1
9800,'80',754,,31513,10,,,1,88,,31512,10,,,1,88,,31511,10,,,1,91,,31510,10,,,1,93,,31509,10,,,1,88,,31508,10,,,1,53,,31507,10,,,1,93,,31506,10,,,1,93,,31505,10,,,1,93,,31504,10,,,1,93,,31503,10,,,1,99,,31502,10,,,1,88,,31501,10,,,1,91,,31500,10,,,1,47,,31499,10,,,1,88,,31498,10,,,1
989900,'1',2114,,36830,53,,,1,34,,36831,53,,,1,78,,36832,53,,,1,78,,36833,53,,,1,35,,36834,53,,,1,71,,36835,53,,,1,35,,36836,53,,,1,75,,36837,53,,,1,36,,36838,53,0,5 6,1,75,,36839,53,0,5 6,1,80,,36840,53,0,5 6,1
989900,'2',2118,,36841,53,,,1,94,,36842,53,,,1,46,,36843,53,,,1,92,,36844,53,,,1,86,,36845,53,,,1,86,,36846,53,,,1,85,,36847,53,0,5 6,1,46,,36848,53,0,5 6,1,86,,36849,53,0,5 6,1
989900,'3',2134,,36850,53,,,1,90,,36851,53,,,1,85,,36852,53,,,1,50,,36853,53,,,1,80,,36854,53,,,1,83,,36855,53,,,1,80,,36856,53,0,5 6,1,43,,36857,53,0,5 6,1,83,,36858,53,0,5 6,1
989900,'74',2118,,36859,53,,,1,94,,36860,53,,,1,46,,36861,53,,,1,92,,36862,53,,,1,86,,36863,53,,,1,86,,36864,53,,,1,85,,36865,53,0,5 6,1,46,,36866,53,0,5 6,1,86,,36867,53,0,5 6,1
989900,'80',2134,,36868,53,,,1,90,,36869,53,,,1,85,,36870,53,,,1,50,,36871,53,,,1,80,,36872,53,,,1,83,,36873,53,,,1,80,,36874,53,0,5 6,1,43,,36875,53,0,5 6,1,83,,36876,53,0,5 6,1
