9601,'1',528,,6986,68,,,1,31,,6987,68,,,1,69,,6988,68,,,1,30,,6989,68,,,1,82,,6990,68,,,1,76,,6991,68,,,1,38,,6992,68,,,1,67,,6993,68,,,1,33,,6994,68,,,1,71,,6995,68,,,1,79,,6996,68,,,1,37,,6997,64,,,1,83,,6998,64,,,1,35,,6999,64,,,1,72,,7000,64,,,1,86,,7001,64,,,1,42,,7002,64,,,1,61,,7021,64,,,1,18,,7003,64,,,1,71,,7004,64,,,1,27,,7005,64,,,1,71,,7006,68,,,1,27,,7007,68,,,1,66,,7008,68,,,1,23,,7009,68,,,1,17,,7010,68,,,1,65,,7011,68,,,1,25,,7012,68,,,1,25,,7013,68,,,1,61,,7014,64,,,1,25,,7015,64,,,1,67,,7016,64,,,1,30,,7017,64,,,1,70,,7018,64,,,1,30,,7019,64,,,1,64,,7020,64,,,1
9601,'2',854,,7022,64,,,1,99,,7023,64,,,1,101,,7024,64,,,1,99,,7025,64,,,1,99,,7026,64,,,1,97,,7027,64,,,1,99,,7028,64,,,1,99,,7029,64,,,1,99,,7030,64,,,1,99,,7031,64,,,1,88,,7032,64,,,1,90,,7033,64,,,1,97,,7034,64,,,1
9601,'3',953,,7035,64,,,1,94,,7036,64,,,1,94,,7037,64,,,1,94,,7038,64,,,1,94,,7039,64,,,1,94,,7040,64,,,1,96,,7041,64,,,1,94,,7042,64,,,1,89,,7043,64,,,1,54,,7044,64,,,1,92,,7045,64,,,1,94,,7046,64,,,1
9601,'80',953,,7047,64,,,1,94,,7048,64,,,1,94,,7049,64,,,1,94,,7050,64,,,1,94,,7051,64,,,1,94,,7052,64,,,1,96,,7053,64,,,1,94,,7054,64,,,1,89,,7055,64,,,1,54,,7056,64,,,1,92,,7057,64,,,1,94,,7058,64,,,1
9601,'81',953,,7059,64,,,1,94,,7060,64,,,1,94,,7061,64,,,1,94,,7062,64,,,1,94,,7063,64,,,1,94,,7064,64,,,1,96,,7065,64,,,1,94,,7066,64,,,1,89,,7067,64,,,1,54,,7068,64,,,1,92,,7069,64,,,1,94,,7070,64,,,1
10701,'1',523,,8063,11,,,1,24,,8062,11,,,1,66,,8061,11,,,1,24,,8060,11,,,1,64,,8059,11,,,1,17,,8058,11,,,1,20,,8057,11,,,1,12,,8056,11,,,1,61,,8055,11,,,1,16,,8054,11,,,1,16,,8053,11,,,1,10,,8052,11,,,1,85,,8039,11,,,1,80,,8047,11,,,1,82,,8045,11,,,1,42,,8044,11,,,1,82,,8043,11,,,1,87,,8042,11,,,1,42,,8041,11,,,1,68,,8051,11,,,1,14,,8040,11,,,1,23,,8038,11,,,1,58,,8037,11,,,1,18,,8036,11,,,1,18,,8035,11,,,1,62,,8034,11,,,1,18,,8033,11,,,1,18,,8032,11,,,1,63,,8031,11,,,1,18,,8030,11,,,1,18,,8029,11,,,1,55,,8028,11,,,1,17,,8027,11,,,1,18,,8026,11,,,1,66,,8025,11,,,1,18,,8023,11,,,1,78,,8046,11,,,1,41,,8024,11,,,1,77,,8073,11,,,1,38,,8072,11,,,1,72,,8071,11,,,1,74,,8070,11,,,1,34,,8069,11,,,1,74,,8068,11,,,1,34,,8067,11,,,1,74,,8066,11,,,1,34,,8065,11,,,1,74,,8064,11,,,1
10701,'2',657,,8100,11,,,1,79,,8101,11,,,1,77,,8102,11,,,1,37,,8103,11,,,1,77,,8104,11,,,1,77,,8105,11,,,1,37,,8106,11,,,1,77,,8107,11,,,1,37,,8108,11,,,1,77,,8109,11,,,1,76,,8077,11,,,1,37,,8078,11,,,1,77,,8080,11,,,1,37,,8081,11,,,1,77,,8082,11,,,1,77,,8083,11,,,1,35,,8084,11,,,1,77,,8085,11,,,1,77,,8086,11,,,1,37,,8087,11,,,1,77,,8088,11,,,1,37,,8089,11,,,1,77,,8090,11,,,1,77,,8091,11,,,1,37,,8092,11,,,1,77,,8079,11,,,1,37,,8093,11,,,1,77,,8094,11,,,1,77,,8095,11,,,1,37,,8096,11,,,1,76,,8076,11,,,1,75,,8097,11,,,1
10701,'3',737,,8122,11,,,1,77,,8123,11,,,1,34,,8124,11,,,1,77,,8125,11,,,1,78,,8126,11,,,1,37,,8127,11,,,1,77,,8121,11,,,1,37,,8128,11,,,1,77,,8129,11,,,1,77,,8130,11,,,1,37,,8131,11,,,1,77,,8132,11,,,1,35,,8133,11,,,1,77,,8134,11,,,1,77,,8135,11,,,1,37,,8137,11,,,1,77,,8138,11,,,1,77,,8136,11,,,1,37,,8118,11,,,1,77,,8139,11,,,1,37,,8140,11,,,1,77,,8141,11,,,1,77,,8142,11,,,1,37,,8110,11,,,1,77,,8111,11,,,1,37,,8112,11,,,1,77,,8113,11,,,1,77,,8114,11,,,1,36,,8115,11,,,1,77,,8116,11,,,1,77,,8117,11,,,1
10701,'80',737,,8155,11,,,1,77,,8156,11,,,1,34,,8157,11,,,1,77,,8158,11,,,1,78,,8159,11,,,1,37,,8160,11,,,1,77,,8154,11,,,1,37,,8161,11,,,1,77,,8162,11,,,1,77,,8163,11,,,1,37,,8164,11,,,1,77,,8165,11,,,1,35,,8166,11,,,1,77,,8167,11,,,1,77,,8168,11,,,1,37,,8170,11,,,1,77,,8171,11,,,1,77,,8169,11,,,1,37,,8151,11,,,1,77,,8172,11,,,1,37,,8173,11,,,1,77,,8174,11,,,1,77,,8175,11,,,1,37,,8143,11,,,1,77,,8144,11,,,1,37,,8145,11,,,1,77,,8146,11,,,1,77,,8147,11,,,1,36,,8148,11,,,1,77,,8149,11,,,1,77,,8150,11,,,1
10701,'81',737,,8188,11,,,1,77,,8189,11,,,1,34,,8190,11,,,1,77,,8191,11,,,1,78,,8192,11,,,1,37,,8193,11,,,1,77,,8187,11,,,1,37,,8194,11,,,1,77,,8195,11,,,1,77,,8196,11,,,1,37,,8197,11,,,1,77,,8198,11,,,1,35,,8199,11,,,1,77,,8200,11,,,1,77,,8201,11,,,1,37,,8203,11,,,1,77,,8204,11,,,1,77,,8202,11,,,1,37,,8184,11,,,1,77,,8205,11,,,1,37,,8206,11,,,1,77,,8207,11,,,1,77,,8208,11,,,1,37,,8176,11,,,1,77,,8177,11,,,1,37,,8178,11,,,1,77,,8179,11,,,1,77,,8180,11,,,1,36,,8181,11,,,1,77,,8182,11,,,1,77,,8183,11,,,1
46201,'24610.1',1603,,9297,30,,,1,5,,9298,30,,,1
