101,'1',455,,23682,21,,,1,78,,23683,21,,,1,71,,23684,21,,,1,48,,23690,21,,,1,79,,23692,21,,,1,71,,23685,21,,,1,16,,23691,21,,,1,85,,23689,21,,,1,30,,23688,21,,,1,72,,23687,21,,,1,30,,23686,21,,,1,109,,23681,21,,,1,113,,23680,21,,,1,153,,23679,21,,,1,36,,23693,21,,,1,78,,23678,21,,,1,23,,23670,21,,,1,75,,23671,21,,,1,34,,23672,21,,,1,74,,23677,21,,,1,74,,23676,21,,,1,35,,23675,21,,,1,73,,23674,21,,,1,31,,23673,21,,,1,82,,23666,21,,,1,99,,23669,21,,,1,100,,23668,21,,,1,99,,23667,21,,,1,89,,23665,21,,,1,95,,23664,21,,,1
101,'74',649,,23715,21,,,1,105,,23694,21,,,1,103,,23695,21,,,1,146,,23696,21,,,1,110,,23697,21,,,1,109,,23708,21,,,1,102,,23698,21,,,1,92,,23699,21,,,1,92,,23700,21,,,1,92,,23701,21,,,1,52,,23702,21,,,1,92,,23703,21,,,1,89,,23704,21,,,1,92,,23705,21,,,1,92,,23706,21,,,1,89,,23707,21,,,1,121,,23709,21,,,1,96,,23710,21,,,1,94,,23711,21,,,1,95,,23712,21,,,1,97,,23713,21,,,1
101,'80',840,,23730,21,,,1,114,,23729,21,,,1,154,,23716,21,,,1,112,,23717,21,,,1,113,,23718,21,,,1,112,,23719,21,,,1,111,,23720,21,,,1,152,,23721,21,,,1,111,,23722,21,,,1,110,,23723,21,,,1,96,,23728,21,,,1,99,,23724,21,,,1,99,,23725,21,,,1,96,,23726,21,,,1,99,,23727,21,,,1
101,'35296.2',649,,23744,21,,,1,105,,23732,21,,,1,103,,23733,21,,,1,146,,23734,21,,,1,110,,23735,21,,,1,109,,23742,21,,,1,102,,23736,21,,,1,92,,23737,21,,,1,92,,23738,21,,,1,92,,23739,21,,,1,52,,23740,21,,,1,92,,23741,21,,,1,89,,23745,21,,,1,92,,23746,21,,,1,92,,23747,21,,,1,89,,23748,21,,,1,121,,23749,21,,,1,96,,23750,21,,,1,94,,23751,21,,,1,95,,23752,21,,,1,97,,23753,21,,,1
101,'35296.3',840,,23757,21,,,1,114,,23756,21,,,1,154,,23754,21,,,1,112,,23755,21,,,1,113,,23759,21,,,1,112,,23760,21,,,1,111,,23761,21,,,1,152,,23762,21,,,1,111,,23763,21,,,1,110,,23764,21,,,1,96,,23769,21,,,1,99,,23765,21,,,1,99,,23766,21,,,1,96,,23767,21,,,1,99,,23768,21,,,1
101,'35298.2',649,,23808,21,,,1,75,,23804,21,,,1,17,,23805,21,,,1,59,,23806,21,,,1,17,,23807,21,,,1,17,,23770,21,,,1,17,,23771,21,,,1,57,,23772,21,,,1,20,,23773,21,,,1,17,,23774,21,,,1,57,,23775,21,,,1,17,,23776,21,,,1,19,,23777,21,,,1,17,,23778,21,,,1,57,,23779,21,,,1,17,,23780,21,,,1,17,,23781,21,,,1,57,,23782,21,,,1,17,,23783,21,,,1,17,,23784,21,,,1,17,,23785,21,,,1,57,,23786,21,,,1,17,,23787,21,,,1,17,,23788,21,,,1,57,,23789,21,,,1,17,,23790,21,,,1,17,,23791,21,,,1,17,,23792,21,,,1,57,,23793,21,,,1,17,,23794,21,,,1,17,,23795,21,,,1,57,,23796,21,,,1,17,,23797,21,,,1,17,,23798,21,,,1,17,,23799,21,,,1,57,,23800,21,,,1,17,,23801,21,,,1,17,,23802,21,,,1,57,,23803,21,,,1,17,,23810,21,,,1,14,,23811,21,,,1,17,,23812,21,,,1,57,,23813,21,,,1,20,,23814,21,,,1,92,,23815,21,,,1,89,,23816,21,,,1,121,,23817,21,,,1,96,,23818,21,,,1,94,,23819,21,,,1,95,,23820,21,,,1,97,,23821,21,,,1
101,'35298.3',721,,23822,21,,,1,17,,23823,21,,,1,17,,23824,21,,,1,57,,23825,21,,,1,17,,23826,21,,,1,17,,23827,21,,,1,57,,23828,21,,,1,19,,23829,21,,,1,17,,23830,21,,,1,17,,23831,21,,,1,57,,23832,21,,,1,19,,23833,21,,,1,17,,23834,21,,,1,57,,23835,21,,,1,17,,23836,21,,,1,17,,23837,21,,,1,17,,23838,21,,,1,57,,23839,21,,,1,17,,23840,21,,,1,17,,23841,21,,,1,58,,23842,21,,,1,17,,23843,21,,,1,17,,23844,21,,,1,17,,23845,21,,,1,57,,23846,21,,,1,17,,23847,21,,,1,17,,23848,21,,,1,57,,23849,21,,,1,17,,23850,21,,,1,16,,23851,21,,,1,17,,23852,21,,,1,57,,23853,21,,,1,17,,23854,21,,,1,17,,23855,21,,,1,57,,23856,21,,,1,17,,23857,21,,,1,17,,23858,21,,,1,17,,23859,21,,,1,56,,23860,21,,,1,17,,23861,21,,,1,17,,23862,21,,,1,57,,23863,21,,,1,15,,23864,21,,,1,17,,23865,21,,,1,92,,23866,21,,,1,99,,23867,21,,,1,99,,23868,21,,,1,96,,23869,21,,,1,99,,23870,21,,,1
60301,'1',556,,35160,11,,,1,60,,35161,11,,,1,16,,35162,11,,,1,18,,35163,11,,,1,58,,35164,11,,,1,20,,35165,11,,,1,18,,35166,11,,,1,59,,35167,11,,,1,23,,35168,11,,,1,18,,35169,11,,,1,58,,35170,11,,,1,13,,35171,11,,,1,19,,35172,11,,,1,22,,35173,11,,,1,62,,35174,11,,,1,22,,35175,11,,,1,63,,35176,11,,,1,22,,35177,11,,,1,22,,35178,11,,,1,62,,35179,11,,,1,22,,35180,11,,,1,22,,35181,11,,,1,62,,35182,11,,,1,22,,35183,11,,,1,62,,35184,11,,,1,22,,35185,11,,,1,22,,35186,11,,,1,63,,35187,11,,,1,16,,35188,11,,,1,16,,35189,11,,,1,16,,35190,11,,,1,56,,35191,11,,,1,16,,35192,11,,,1,16,,35193,11,,,1,56,,35194,11,,,1,16,,35195,11,,,1,16,,35196,11,,,1,16,,35197,11,,,1,56,,35198,11,,,1,16,,35199,11,,,1,13,,35200,11,,,1,16,,35201,11,,,1,56,,35202,11,,,1,16,,35203,11,,,1,26,,35204,11,,,1,68,,35205,11,,,1,30,,35206,11,,,1,70,,35207,11,,,1,30,,35208,11,,,1,70,,35209,11,,,1,34,,35210,11,,,1,82,,35211,11,,,1,78,,35212,11,,,1
60301,'74',603,,35215,11,,,1,39,,35216,11,,,1,83,,35217,11,,,1,80,,35218,11,,,1,39,,35219,11,,,1,84,,35220,11,,,1,80,,35221,11,,,1,38,,35222,11,,,1,87,,35223,11,,,1,77,,35224,11,,,1,38,,35225,11,,,1,79,,35226,11,,,1,78,,35227,11,,,1,37,,35228,11,,,1,80,,35229,11,,,1,37,,35230,11,,,1,78,,35231,11,,,1,75,,35232,11,,,1,38,,35233,11,,,1,78,,35234,11,,,1,78,,35235,11,,,1,37,,35236,11,,,1,91,,35237,11,,,1,78,,35238,11,,,1,39,,35239,11,,,1,80,,35240,11,,,1,96,,35241,11,,,1,92,,35242,11,,,1,92,,35243,11,,,1
60301,'80',816,,35247,11,,,1,39,,35248,11,,,1,76,,35249,11,,,1,89,,35250,11,,,1,80,,35251,11,,,1,42,,35252,11,,,1,82,,35253,11,,,1,84,,35254,11,,,1,42,,35255,11,,,1,82,,35256,11,,,1,82,,35257,11,,,1,41,,35258,11,,,1,79,,35259,11,,,1,76,,35260,11,,,1,37,,35261,11,,,1,76,,35262,11,,,1,34,,35263,11,,,1,76,,35264,11,,,1,75,,35265,11,,,1,35,,35266,11,,,1,76,,35267,11,,,1,40,,35268,11,,,1,144,,35269,11,,,1,104,,35270,11,,,1,106,,35271,11,,,1
60301,'35296.2',603,,35274,11,,,1,39,,35275,11,,,1,83,,35276,11,,,1,80,,35277,11,,,1,39,,35278,11,,,1,84,,35279,11,,,1,80,,35280,11,,,1,38,,35281,11,,,1,87,,35282,11,,,1,77,,35283,11,,,1,38,,35284,11,,,1,79,,35285,11,,,1,78,,35286,11,,,1,37,,35287,11,,,1,80,,35288,11,,,1,37,,35289,11,,,1,78,,35290,11,,,1,75,,35291,11,,,1,38,,35292,11,,,1,78,,35293,11,,,1,78,,35294,11,,,1,37,,35295,11,,,1,91,,35296,11,,,1,78,,35297,11,,,1,39,,35298,11,,,1,80,,35299,11,,,1,96,,35300,11,,,1,92,,35301,11,,,1,92,,35302,11,,,1
60301,'35296.3',816,,35306,11,,,1,39,,35307,11,,,1,76,,35308,11,,,1,89,,35309,11,,,1,80,,35310,11,,,1,42,,35311,11,,,1,82,,35312,11,,,1,84,,35313,11,,,1,42,,35314,11,,,1,82,,35315,11,,,1,82,,35316,11,,,1,41,,35317,11,,,1,79,,35318,11,,,1,76,,35319,11,,,1,37,,35320,11,,,1,76,,35321,11,,,1,34,,35322,11,,,1,76,,35323,11,,,1,75,,35324,11,,,1,35,,35325,11,,,1,76,,35326,11,,,1,40,,35327,11,,,1,144,,35328,11,,,1,104,,35329,11,,,1,106,,35330,11,,,1
60301,'35297.2',530,,35438,11,,,1,22,,35439,11,,,1,62,,35440,11,,,1,21,,35441,11,,,1,22,,35442,11,,,1,65,,35331,11,,,1,7,,35332,11,,,1,7,,35333,11,,,1,7,,35334,11,,,1,7,,35335,11,,,1,7,,35336,11,,,1,47,,35337,11,,,1,7,,35338,11,,,1,7,,35339,11,,,1,7,,35340,11,,,1,7,,35341,11,,,1,6,,35342,11,,,1,7,,35343,11,,,1,7,,35344,11,,,1,7,,35345,11,,,1,47,,35346,11,,,1,7,,35347,11,,,1,7,,35348,11,,,1,11,,35349,11,,,1,7,,35350,11,,,1,7,,35351,11,,,1,7,,35352,11,,,1,7,,35353,11,,,1,47,,35354,11,,,1,5,,35355,11,,,1,7,,35356,11,,,1,7,,35357,11,,,1,7,,35358,11,,,1,7,,35359,11,,,1,7,,35360,11,,,1,10,,35361,11,,,1,47,,35362,11,,,1,7,,35363,11,,,1,7,,35364,11,,,1,7,,35365,11,,,1,7,,35366,11,,,1,7,,35367,11,,,1,7,,35368,11,,,1,7,,35369,11,,,1,6,,35370,11,,,1,47,,35371,11,,,1,7,,35372,11,,,1,7,,35373,11,,,1,7,,35374,11,,,1,7,,35375,11,,,1,7,,35376,11,,,1,7,,35377,11,,,1,7,,35378,11,,,1,48,,35379,11,,,1,7,,35380,11,,,1,7,,35381,11,,,1,7,,35382,11,,,1,7,,35383,11,,,1,7,,35384,11,,,1,7,,35385,11,,,1,7,,35386,11,,,1,7,,35387,11,,,1,47,,35388,11,,,1,7,,35389,11,,,1,7,,35390,11,,,1,6,,35391,11,,,1,7,,35392,11,,,1,7,,35393,11,,,1,7,,35394,11,,,1,7,,35395,11,,,1,49,,35396,11,,,1,7,,35397,11,,,1,7,,35398,11,,,1,7,,35399,11,,,1,6,,35400,11,,,1,7,,35401,11,,,1,7,,35402,11,,,1,7,,35403,11,,,1,7,,35404,11,,,1,47,,35405,11,,,1,7,,35406,11,,,1,7,,35407,11,,,1,7,,35408,11,,,1,7,,35409,11,,,1,7,,35410,11,,,1,7,,35411,11,,,1,7,,35412,11,,,1,47,,35413,11,,,1,7,,35414,11,,,1,4,,35415,11,,,1,7,,35416,11,,,1,7,,35417,11,,,1,7,,35418,11,,,1,7,,35419,11,,,1,7,,35420,11,,,1,12,,35421,11,,,1,47,,35422,11,,,1,7,,35423,11,,,1,7,,35424,11,,,1,7,,35425,11,,,1,2,,35426,11,,,1,7,,35427,11,,,1,7,,35428,11,,,1,7,,35429,11,,,1,7,,35430,11,,,1,47,,35431,11,,,1,7,,35432,11,,,1,7,,35433,11,,,1,6,,35434,11,,,1,7,,35435,11,,,1,7,,35436,11,,,1,7,,35437,11,,,1,62,,35443,11,,,1,22,,35444,11,,,1,22,,35445,11,,,1,60,,35446,11,,,1,22,,35447,11,,,1,21,,35448,11,,,1,62,,35449,11,,,1,22,,35450,11,,,1,22,,35451,11,,,1,58,,35452,11,,,1,22,,35453,11,,,1,62,,35454,11,,,1,22,,35455,11,,,1,22,,35456,11,,,1,62,,35457,11,,,1,22,,35458,11,,,1
60301,'35297.3',719,,35459,11,,,1,7,,35460,11,,,1,7,,35461,11,,,1,7,,35462,11,,,1,7,,35463,11,,,1,7,,35464,11,,,1,47,,35465,11,,,1,7,,35466,11,,,1,7,,35467,11,,,1,7,,35468,11,,,1,7,,35469,11,,,1,7,,35470,11,,,1,7,,35471,11,,,1,10,,35472,11,,,1,47,,35473,11,,,1,7,,35474,11,,,1,7,,35475,11,,,1,7,,35476,11,,,1,7,,35477,11,,,1,7,,35478,11,,,1,7,,35479,11,,,1,7,,35480,11,,,1,7,,35481,11,,,1,50,,35482,11,,,1,7,,35483,11,,,1,7,,35484,11,,,1,7,,35485,11,,,1,7,,35486,11,,,1,7,,35487,11,,,1,7,,35488,11,,,1,5,,35489,11,,,1,47,,35490,11,,,1,7,,35491,11,,,1,7,,35492,11,,,1,7,,35493,11,,,1,7,,35494,11,,,1,7,,35495,11,,,1,7,,35496,11,,,1,7,,35497,11,,,1,7,,35498,11,,,1,47,,35499,11,,,1,7,,35500,11,,,1,7,,35501,11,,,1,7,,35502,11,,,1,7,,35503,11,,,1,7,,35504,11,,,1,7,,35505,11,,,1,7,,35506,11,,,1,49,,35507,11,,,1,7,,35508,11,,,1,7,,35509,11,,,1,7,,35510,11,,,1,7,,35511,11,,,1,7,,35512,11,,,1,7,,35513,11,,,1,7,,35514,11,,,1,7,,35515,11,,,1,47,,35516,11,,,1,7,,35517,11,,,1,7,,35518,11,,,1,7,,35519,11,,,1,7,,35520,11,,,1,7,,35521,11,,,1,7,,35522,11,,,1,7,,35523,11,,,1,47,,35524,11,,,1,7,,35525,11,,,1,7,,35526,11,,,1,7,,35527,11,,,1,7,,35528,11,,,1,7,,35529,11,,,1,6,,35530,11,,,1,7,,35531,11,,,1,7,,35532,11,,,1,47,,35533,11,,,1,7,,35534,11,,,1,7,,35535,11,,,1,7,,35536,11,,,1,6,,35537,11,,,1,7,,35538,11,,,1,7,,35539,11,,,1,7,,35540,11,,,1,7,,35541,11,,,1,47,,35542,11,,,1,7,,35543,11,,,1,7,,35544,11,,,1,8,,35545,11,,,1,7,,35546,11,,,1,7,,35547,11,,,1,7,,35548,11,,,1,7,,35549,11,,,1,47,,35550,11,,,1,7,,35551,11,,,1,7,,35552,11,,,1,7,,35553,11,,,1,7,,35554,11,,,1,7,,35555,11,,,1,7,,35556,11,,,1,7,,35557,11,,,1,5,,35558,11,,,1,47,,35559,11,,,1,7,,35560,11,,,1,7,,35561,11,,,1,7,,35562,11,,,1,7,,35563,11,,,1,7,,35564,11,,,1,7,,35565,11,,,1,7,,35566,11,,,1,61,,35567,11,,,1,22,,35568,11,,,1,21,,35569,11,,,1,62,,35570,11,,,1,21,,35571,11,,,1,62,,35572,11,,,1,20,,35573,11,,,1,22,,35574,11,,,1,62,,35575,11,,,1,22,,35576,11,,,1,20,,35577,11,,,1,62,,35578,11,,,1,22,,35579,11,,,1,22,,35580,11,,,1,62,,35581,11,,,1
