900,'1',538,,26052,1,,,1,65,,26053,1,,,1,41,,26054,1,,,1,73,,26055,1,,,1,33,,26056,1,,,1,73,,26057,1,,,1,33,,26058,1,,,1,73,,26059,1,,,1,84,,26060,1,,,1,44,,26061,1,,,1,84,,26062,1,,,1,84,,26063,1,,,1,84,,26064,1,,,1,44,,26065,1,,,1,82,,26066,1,,,1,74,,26067,1,,,1,34,,26068,1,,,1,82,,26069,1,,,1,82,,26070,1,,,1,34,,26071,1,,,1,78,,26072,1,,,1,38,,26073,1,,,1,78,,26074,1,,,1,78,,26075,1,,,1
900,'2',653,,26096,1,,,1,79,,26097,1,,,1,79,,26076,1,,,1,39,,26077,1,,,1,79,,26078,1,,,1,79,,26079,1,,,1,39,,26080,1,,,1,79,,26081,1,,,1,79,,26082,1,,,1,39,,26083,1,,,1,84,,26084,1,,,1,81,,26085,1,,,1,41,,26086,1,,,1,81,,26087,1,,,1,81,,26088,1,,,1,41,,26089,1,,,1,85,,26090,1,,,1,82,,26091,1,,,1,80,,26092,1,,,1,42,,26093,1,,,1,82,,26094,1,,,1,82,,26095,1,,,1
900,'3',755,,26116,1,,,1,81,,26117,1,,,1,81,,26098,1,,,1,41,,26099,1,,,1,81,,26100,1,,,1,81,,26101,1,,,1,81,,26102,1,,,1,41,,26103,1,,,1,81,,26104,1,,,1,81,,26105,1,,,1,41,,26106,1,,,1,81,,26107,1,,,1,81,,26108,1,,,1,41,,26109,1,,,1,78,,26110,1,,,1,81,,26111,1,,,1,41,,26112,1,,,1,80,,26113,1,,,1,80,,26114,1,,,1,40,,26115,1,,,1
900,'74',653,,26138,1,,,1,79,,26139,1,,,1,79,,26118,1,,,1,39,,26119,1,,,1,79,,26120,1,,,1,79,,26121,1,,,1,39,,26122,1,,,1,79,,26123,1,,,1,79,,26124,1,,,1,39,,26125,1,,,1,84,,26126,1,,,1,81,,26127,1,,,1,41,,26128,1,,,1,81,,26129,1,,,1,81,,26130,1,,,1,41,,26131,1,,,1,85,,26132,1,,,1,82,,26133,1,,,1,80,,26134,1,,,1,42,,26135,1,,,1,82,,26136,1,,,1,82,,26137,1,,,1
900,'80',755,,26158,1,,,1,81,,26159,1,,,1,81,,26140,1,,,1,41,,26141,1,,,1,81,,26142,1,,,1,81,,26143,1,,,1,81,,26144,1,,,1,41,,26145,1,,,1,81,,26146,1,,,1,81,,26147,1,,,1,41,,26148,1,,,1,81,,26149,1,,,1,81,,26150,1,,,1,41,,26151,1,,,1,78,,26152,1,,,1,81,,26153,1,,,1,41,,26154,1,,,1,80,,26155,1,,,1,80,,26156,1,,,1,40,,26157,1,,,1
901,'1',710,,26167,71,4,,1,29,,26160,71,4,,1,77,,26161,71,4,,1,33,,26162,71,4,,1,73,,26163,71,4,,1,33,,26164,71,4,,1,73,,26165,71,4,,1,73,,26166,71,4,,1,28,,26174,71,4,,1,84,,26168,71,4,,1,44,,26169,71,4,,1,84,,26170,71,4,,1,87,,26171,71,4,,1,84,,26172,71,4,,1,105,,26173,71,4,,1,42,,26175,71,4,,1,73,,26176,71,4,,1,73,,26177,71,4,,1,36,,26178,71,4,,1,83,,26179,71,4,,1,31,,26180,71,4,,1,78,,26181,71,4,,1,78,,26182,71,4,,1,31,,26183,71,4,,1
901,'2',805,,26184,71,4,,1,39,,26185,71,4,,1,79,,26186,71,4,,1,79,,26187,71,4,,1,39,,26188,71,4,,1,79,,26189,71,4,,1,39,,26190,71,4,,1,79,,26191,71,4,,1,85,,26192,71,4,,1,81,,26193,71,4,,1,41,,26194,71,4,,1,81,,26195,71,4,,1,81,,26196,71,4,,1,41,,26197,71,4,,1,84,,26198,71,4,,1,82,,26199,71,4,,1,39,,26200,71,4,,1,82,,26201,71,4,,1,82,,26202,71,4,,1,42,,26203,71,4,,1,82,,26204,71,4,,1,82,,26205,71,4,,1
901,'3',910,,26206,71,4,,1,41,,26207,71,4,,1,81,,26208,71,4,,1,81,,26209,71,4,,1,41,,26210,71,4,,1,81,,26211,71,4,,1,81,,26212,71,4,,1,43,,26213,71,4,,1,81,,26214,71,4,,1,81,,26215,71,4,,1,81,,26216,71,4,,1,41,,26217,71,4,,1,78,,26218,71,4,,1,81,,26219,71,4,,1,41,,26220,71,4,,1,80,,26221,71,4,,1,78,,26222,71,4,,1,40,,26223,71,4,,1
901,'74',805,,26224,71,4,,1,39,,26225,71,4,,1,79,,26226,71,4,,1,79,,26227,71,4,,1,39,,26228,71,4,,1,79,,26229,71,4,,1,39,,26230,71,4,,1,79,,26231,71,4,,1,85,,26232,71,4,,1,81,,26233,71,4,,1,41,,26234,71,4,,1,81,,26235,71,4,,1,81,,26236,71,4,,1,41,,26237,71,4,,1,84,,26238,71,4,,1,82,,26239,71,4,,1,39,,26240,71,4,,1,82,,26241,71,4,,1,82,,26242,71,4,,1,42,,26243,71,4,,1,82,,26244,71,4,,1,82,,26245,71,4,,1
901,'80',910,,26246,71,4,,1,41,,26247,71,4,,1,81,,26248,71,4,,1,81,,26249,71,4,,1,41,,26250,71,4,,1,81,,26251,71,4,,1,81,,26252,71,4,,1,43,,26253,71,4,,1,81,,26254,71,4,,1,81,,26255,71,4,,1,81,,26256,71,4,,1,41,,26257,71,4,,1,78,,26258,71,4,,1,81,,26259,71,4,,1,41,,26260,71,4,,1,80,,26261,71,4,,1,78,,26262,71,4,,1,40,,26263,71,4,,1
1401,'1',614,,26432,15,,,1,30,,26431,15,,,1,69,,26430,15,,,1,31,,26429,15,,,1,71,,26428,15,,,1,30,,26427,15,,,1,71,,26426,15,,,1,28,,26425,15,,,1,72,,26424,15,,,1,33,,26423,15,,,1,73,,26422,15,,,1,33,,26421,15,,,1,73,,26420,15,,,1,73,,26419,15,,,1,33,,26418,15,,,1,73,,26417,15,,,1,36,,26435,15,,,1,77,,26436,15,,,1,38,,26442,15,,,1,80,,26441,15,,,1,71,,26440,15,,,1,31,,26439,15,,,1,72,,26438,15,,,1,29,,26437,15,,,1,73,,26433,15,,,1,31,,26434,15,,,1
