601,'152.0.1',515,,1340,0,133 26,1,22,,1341,0,133 26,1,22,,1342,0,133 26,1,60,,1343,0,133 26,1,27,,1344,0,133 26,1,59,,1345,0,133 26,1,31,,1346,0,133 26,1,67,,1347,0,133 26,1,28,,1348,0,133 26,1,27,,1349,0,133 26,1,77,,1350,0,133 26,1,76,,1357,0,133 26,1,36,,1351,0,133 26,1,76,,1352,0,133 26,1,36,,1353,0,133 26,1,76,,1354,0,133 26,1,76,,1355,0,133 26,1,93,,1356,0,133 26,1,26,,1369,0,133 26,1,27,,1358,0,133 26,1,67,,1359,0,133 26,1,25,,1360,0,133 26,1,67,,1361,0,133 26,1,27,,1362,0,133 26,1,67,,1363,0,133 26,1,27,,1364,0,133 26,1,69,,1365,0,133 26,1,27,,1366,0,133 26,1,67,,1367,0,133 26,1,37,,1368,0,133 26,1,74,,1374,0,133 26,1,35,,1370,0,133 26,1,74,,1371,0,133 26,1,29,,1372,,,1,74,,1373,0,133 26,1,103,,1375,0,133 26,1,103,,1376,0,133 26,1,107,,1377,,,1
601,'152.0.2',622,,1378,0,133 26,1,29,,1379,0,133 26,1,69,,1380,0,133 26,1,83,,1381,0,133 26,1,35,,1382,0,133 26,1,73,,1383,0,133 26,1,32,,1392,0,133 26,1,72,,1384,0,133 26,1,32,,1385,0,133 26,1,72,,1386,0,133 26,1,32,,1387,0,133 26,1,72,,1388,0,133 26,1,32,,1389,0,133 26,1,72,,1390,0,133 26,1,77,,1391,0,133 26,1,36,,1398,0,133 26,1,76,,1393,0,133 26,1,36,,1394,0,133 26,1,76,,1395,0,133 26,1,78,,1396,0,133 26,1,36,,1397,0,133 26,1,77,,1403,0,133 26,1,31,,1399,0,133 26,1,76,,1400,0,133 26,1,27,,1401,,,1,73,,1402,0,133 26,1,97,,1404,0,133 26,1,95,,1405,0,133 26,1,95,,1406,0,133 26,1,95,,1407,,,1
601,'152.0.3',608,,1433,0,133 26,1,29,,1408,0,133 26,1,69,,1409,0,133 26,1,29,,1410,0,133 26,1,83,,1411,0,133 26,1,35,,1412,0,133 26,1,73,,1413,0,133 26,1,32,,1414,0,133 26,1,72,,1415,0,133 26,1,72,,1416,0,133 26,1,32,,1417,0,133 26,1,72,,1418,0,133 26,1,32,,1419,0,133 26,1,72,,1420,0,133 26,1,32,,1421,0,133 26,1,78,,1422,0,133 26,1,35,,1423,0,133 26,1,75,,1424,0,133 26,1,77,,1425,0,133 26,1,37,,1426,0,133 26,1,77,,1427,0,133 26,1,36,,1428,0,133 26,1,77,,1429,0,133 26,1,71,,1430,0,133 26,1,36,,1431,,,1,67,,1432,0,133 26,1,100,,1434,0,133 26,1,98,,1435,0,133 26,1,98,,1436,0,133 26,1,98,,1437,,,1
601,'152.0.80',608,,1463,0,133 26,1,29,,1438,0,133 26,1,69,,1439,0,133 26,1,29,,1440,0,133 26,1,83,,1441,0,133 26,1,35,,1442,0,133 26,1,73,,1443,0,133 26,1,32,,1444,0,133 26,1,72,,1445,0,133 26,1,72,,1446,0,133 26,1,32,,1447,0,133 26,1,72,,1448,0,133 26,1,32,,1449,0,133 26,1,72,,1450,0,133 26,1,32,,1451,0,133 26,1,78,,1452,0,133 26,1,35,,1453,0,133 26,1,75,,1454,0,133 26,1,77,,1455,0,133 26,1,37,,1456,0,133 26,1,77,,1457,0,133 26,1,36,,1458,0,133 26,1,77,,1459,0,133 26,1,71,,1460,0,133 26,1,36,,1461,,,1,67,,1462,0,133 26,1,100,,1464,0,133 26,1,98,,1465,0,133 26,1,98,,1466,0,133 26,1,98,,1467,,,1
601,'152.0.81',608,,1493,0,133 26,1,29,,1468,0,133 26,1,69,,1469,0,133 26,1,29,,1470,0,133 26,1,83,,1471,0,133 26,1,35,,1472,0,133 26,1,73,,1473,0,133 26,1,32,,1474,0,133 26,1,72,,1475,0,133 26,1,72,,1476,0,133 26,1,32,,1477,0,133 26,1,72,,1478,0,133 26,1,32,,1479,0,133 26,1,72,,1480,0,133 26,1,32,,1481,0,133 26,1,78,,1482,0,133 26,1,35,,1483,0,133 26,1,75,,1484,0,133 26,1,77,,1485,0,133 26,1,37,,1486,0,133 26,1,77,,1487,0,133 26,1,36,,1488,0,133 26,1,77,,1489,0,133 26,1,71,,1490,0,133 26,1,36,,1491,,,1,67,,1492,0,133 26,1,100,,1494,0,133 26,1,98,,1495,0,133 26,1,98,,1496,0,133 26,1,98,,1497,,,1
16501,'152.0.1',508,,8391,,,1,15,,8390,,,1,15,,8389,,,1,15,,8388,,,1,55,,8387,,,1,15,,8386,,,1,15,,8384,,,1,15,,8385,,,1,60,,8404,,,1,14,,8403,,,1,14,,8402,,,1,15,,8392,,,1,54,,8393,,,1,14,,8394,,,1,13,,8395,,,1,14,,8396,,,1,54,,8397,,,1,13,,8398,,,1,14,,8399,,,1,14,,8400,,,1,54,,8401,,,1,12,,8411,,,1,32,,8410,,,1,73,,8405,,,1,32,,8406,,,1,72,,8407,,,1,32,,8408,,,1,72,,8409,,,1,77,,8413,,,1,27,,8412,,,1,18,,8437,,,1,58,,8438,,,1,15,,8439,,,1,14,,8440,,,1,14,,8441,,,1,54,,8442,,,1,17,,8443,,,1,17,,8414,,,1,16,,8415,,,1,56,,8416,,,1,16,,8417,,,1,16,,8418,,,1,15,,8419,,,1,56,,8428,,,1,13,,8427,,,1,14,,8426,,,1,15,,8425,,,1,50,,8420,,,1,13,,8421,,,1,13,,8422,,,1,12,,8423,,,1,13,,8424,,,1,60,,8433,,,1,26,,8432,,,1,66,,8429,,,1,28,,8430,,,1,67,,8431,,,1,25,,8436,,,1,77,,8434,,,1,39,,8435,,,1
16501,'152.0.2',648,,8444,,,1,78,,8445,,,1,79,,8446,,,1,38,,8447,,,1,63,,8456,,,1,25,,8457,,,1,25,,8458,,,1,65,,8459,,,1,25,,8460,,,1,65,,8461,,,1,26,,8462,,,1,73,,8463,,,1,28,,8464,,,1,68,,8465,,,1,37,,8466,,,1,71,,8467,,,1,31,,8468,,,1,71,,8469,,,1,31,,8470,,,1,71,,8471,,,1,31,,8472,,,1,71,,8473,,,1,31,,8474,,,1,71,,8475,,,1,80,,8476,,,1,41,,8453,,,1,78,,8448,,,1,37,,8449,,,1,78,,8450,,,1,78,,8451,,,1,38,,8452,,,1,76,,8455,,,1,72,,8454,,,1
16501,'152.0.3',829,,8477,,,1,77,,8478,,,1,37,,8479,,,1,77,,8480,,,1,37,,8481,,,1,77,,8482,,,1,77,,8483,,,1,37,,8484,,,1,77,,8485,,,1,77,,8486,,,1,37,,8487,,,1,77,,8488,,,1,86,,8489,,,1,41,,8490,,,1,81,,8491,,,1,81,,8492,,,1,40,,8493,,,1,81,,8494,,,1,81,,8495,,,1,39,,8496,,,1,76,,8497,,,1,34,,8498,,,1,74,,8499,,,1,76,,8500,,,1,34,,8501,,,1
16501,'152.0.80',829,,8502,,,1,77,,8503,,,1,37,,8504,,,1,77,,8505,,,1,37,,8506,,,1,77,,8507,,,1,77,,8508,,,1,37,,8509,,,1,77,,8510,,,1,77,,8511,,,1,37,,8512,,,1,77,,8513,,,1,86,,8514,,,1,41,,8515,,,1,81,,8516,,,1,81,,8517,,,1,40,,8518,,,1,81,,8519,,,1,81,,8520,,,1,39,,8521,,,1,76,,8522,,,1,34,,8523,,,1,74,,8524,,,1,76,,8525,,,1,34,,8526,,,1
16501,'152.0.81',829,,8527,,,1,77,,8528,,,1,37,,8529,,,1,77,,8530,,,1,37,,8531,,,1,77,,8532,,,1,77,,8533,,,1,37,,8534,,,1,77,,8535,,,1,77,,8536,,,1,37,,8537,,,1,77,,8538,,,1,86,,8539,,,1,41,,8540,,,1,81,,8541,,,1,81,,8542,,,1,40,,8543,,,1,81,,8544,,,1,81,,8545,,,1,39,,8546,,,1,76,,8547,,,1,34,,8548,,,1,74,,8549,,,1,76,,8550,,,1,34,,8551,,,1
46701,'152.24612.1',1507,,9307,,,1
