9900,'1',451,,31612,18,,,1,81,,31613,18,,,1,80,,31614,18,,,1,42,,31615,18,,,1,92,,31616,18,,,1,75,,31617,18,,,1,38,,31618,18,,,1,72,,31619,18,,,1,75,,31620,18,,,1,35,,31621,18,,,1,97,,31622,18,,,1,94,,31623,18,,,1,94,,31624,18,,,1,94,,31625,18,,,1,30,,31637,18,,,1,71,,31636,18,,,1,29,,31626,18,,,1,70,,31627,18,,,1,30,,31628,18,,,1,70,,31629,18,,,1,30,,31630,18,,,1,69,,31631,18,,,1,30,,31632,18,,,1,67,,31633,18,,,1,30,,31634,18,,,1,69,,31635,18,,,1
9900,'2',609,,31640,18,,,1,38,,31641,18,,,1,78,,31655,18,,,1,89,,31654,18,,,1,87,,31642,18,,,1,47,,31643,18,,,1,87,,31644,18,,,1,88,,31645,18,,,1,105,,31646,18,,,1,95,,31647,18,,,1,95,,31648,18,,,1,95,,31649,18,,,1,95,,31650,18,,,1,95,,31651,18,,,1,55,,31652,18,,,1,95,,31653,18,,,1,87,,31657,18,,,1,90,,31656,18,,,1
9900,'3',617,,31660,18,,,1,38,,31661,18,,,1,78,,31662,18,,,1,78,,31663,18,,,1,92,,31680,18,,,1,49,,31664,18,,,1,89,,31665,18,,,1,89,,31666,18,,,1,90,,31667,18,,,1,89,,31668,18,,,1,49,,31669,18,,,1,89,,31670,18,,,1,89,,31671,18,,,1,89,,31672,18,,,1,89,,31673,18,,,1,87,,31674,18,,,1,49,,31675,18,,,1,89,,31676,18,,,1,86,,31677,18,,,1
9900,'74',609,,31681,18,,,1,38,,31682,18,,,1,78,,31696,18,,,1,89,,31695,18,,,1,87,,31683,18,,,1,47,,31684,18,,,1,87,,31685,18,,,1,88,,31686,18,,,1,105,,31687,18,,,1,95,,31688,18,,,1,95,,31689,18,,,1,95,,31690,18,,,1,95,,31691,18,,,1,95,,31692,18,,,1,55,,31693,18,,,1,95,,31694,18,,,1,87,,31698,18,,,1,90,,31697,18,,,1
9900,'80',617,,31701,18,,,1,38,,31702,18,,,1,78,,31703,18,,,1,78,,31704,18,,,1,92,,31721,18,,,1,49,,31705,18,,,1,89,,31706,18,,,1,89,,31707,18,,,1,90,,31708,18,,,1,89,,31709,18,,,1,49,,31710,18,,,1,89,,31711,18,,,1,89,,31712,18,,,1,89,,31713,18,,,1,89,,31714,18,,,1,87,,31715,18,,,1,49,,31716,18,,,1,89,,31717,18,,,1,86,,31718,18,,,1
36000,'1',846,,33649,18,,,1,69,,33650,18,,,1,29,,33651,18,,,1,69,,33652,18,,,1,27,,33653,18,,,1,70,,33654,18,,,1,44,,33655,18,,,1,84,,33656,18,,,1,85,,33657,18,,,1,84,,33658,18,,,1,44,,33659,18,,,1,85,,33660,18,,,1,83,,33661,18,,,1,84,,33662,18,,,1,43,,33663,18,,,1,84,,33664,18,,,1,82,,33665,18,,,1,44,,33666,18,,,1,84,,33667,18,,,1,66,,33668,18,,,1,26,,33669,18,,,1,25,,33670,18,,,1,66,,33671,18,,,1
36000,'2',844,,33672,18,,,1,63,,33673,18,,,1,23,,33674,18,,,1,23,,33675,18,,,1,63,,33676,18,,,1,23,,33677,18,,,1,63,,33678,18,,,1,24,,33679,18,,,1,23,,33680,18,,,1,63,,33681,18,,,1,23,,33682,18,,,1,23,,33683,18,,,1,63,,33684,18,,,1,23,,33685,18,,,1,62,,33686,18,,,1,23,,33687,18,,,1,25,,33688,18,,,1,64,,33689,18,,,1,23,,33690,18,,,1,63,,33691,18,,,1,19,,33692,18,,,1,23,,33693,18,,,1,63,,33694,18,,,1,23,,33695,18,,,1,25,,33696,18,,,1,62,,33697,18,,,1,24,,33698,18,,,1,64,,33699,18,,,1,24,,33700,18,,,1,24,,33701,18,,,1,63,,33702,18,,,1,26,,33703,18,,,1,64,,33704,18,,,1,24,,33705,18,,,1,24,,33706,18,,,1,64,,33707,18,,,1
36000,'3',842,,33708,18,,,1,62,,33709,18,,,1,22,,33710,18,,,1,22,,33711,18,,,1,62,,33712,18,,,1,22,,33713,18,,,1,23,,33714,18,,,1,62,,33715,18,,,1,22,,33716,18,,,1,62,,33717,18,,,1,22,,33718,18,,,1,22,,33719,18,,,1,62,,33720,18,,,1,22,,33721,18,,,1,22,,33722,18,,,1,62,,33723,18,,,1,22,,33724,18,,,1,22,,33725,18,,,1,62,,33726,18,,,1,22,,33727,18,,,1,62,,33728,18,,,1,22,,33729,18,,,1,22,,33730,18,,,1,62,,33731,18,,,1,22,,33732,18,,,1,22,,33733,18,,,1,62,,33734,18,,,1,22,,33735,18,,,1,63,,33736,18,,,1,23,,33737,18,,,1,22,,33738,18,,,1,63,,33739,18,,,1,23,,33740,18,,,1,24,,33741,18,,,1,63,,33742,18,,,1,23,,33743,18,,,1,63,,33744,18,,,1,23,,33745,18,,,1
36000,'74',844,,33746,18,,,1,63,,33747,18,,,1,23,,33748,18,,,1,23,,33749,18,,,1,63,,33750,18,,,1,23,,33751,18,,,1,63,,33752,18,,,1,24,,33753,18,,,1,23,,33754,18,,,1,63,,33755,18,,,1,23,,33756,18,,,1,23,,33757,18,,,1,63,,33758,18,,,1,23,,33759,18,,,1,62,,33760,18,,,1,23,,33761,18,,,1,25,,33762,18,,,1,64,,33763,18,,,1,23,,33764,18,,,1,63,,33765,18,,,1,19,,33766,18,,,1,23,,33767,18,,,1,63,,33768,18,,,1,23,,33769,18,,,1,25,,33770,18,,,1,62,,33771,18,,,1,24,,33772,18,,,1,64,,33773,18,,,1,24,,33774,18,,,1,24,,33775,18,,,1,63,,33776,18,,,1,26,,33777,18,,,1,64,,33778,18,,,1,24,,33779,18,,,1,24,,33780,18,,,1,64,,33781,18,,,1,24,,33782,18,,,1
36000,'80',842,,33783,18,,,1,62,,33784,18,,,1,22,,33785,18,,,1,22,,33786,18,,,1,62,,33787,18,,,1,22,,33788,18,,,1,23,,33789,18,,,1,62,,33790,18,,,1,22,,33791,18,,,1,62,,33792,18,,,1,22,,33793,18,,,1,22,,33794,18,,,1,62,,33795,18,,,1,22,,33796,18,,,1,22,,33797,18,,,1,62,,33798,18,,,1,22,,33799,18,,,1,22,,33800,18,,,1,62,,33801,18,,,1,22,,33802,18,,,1,62,,33803,18,,,1,22,,33804,18,,,1,22,,33805,18,,,1,62,,33806,18,,,1,22,,33807,18,,,1,22,,33808,18,,,1,62,,33809,18,,,1,22,,33810,18,,,1,63,,33811,18,,,1,23,,33812,18,,,1,22,,33813,18,,,1,63,,33814,18,,,1,23,,33815,18,,,1,24,,33816,18,,,1,63,,33817,18,,,1,23,,33818,18,,,1,63,,33819,18,,,1,23,,33820,18,,,1
989900,'1',2048,,36830,18,,,1,76,,36831,18,,,1,78,,36832,18,,,1,38,,36833,18,,,1,75,,36834,18,,,1,34,,36835,18,,,1,75,,36836,18,,,1,35,,36837,18,,,1,75,,36838,18,0,5 6,1,75,,36839,18,0,5 6,1,41,,36840,18,0,5 6,1
989900,'2',2051,,36841,18,,,1,94,,36842,18,,,1,90,,36843,18,,,1,94,,36844,18,,,1,86,,36845,18,,,1,86,,36846,18,,,1,45,,36847,18,0,5 6,1,86,,36848,18,0,5 6,1,86,,36849,18,0,5 6,1
989900,'3',2108,,36850,18,,,1,50,,36851,18,,,1,89,,36852,18,,,1,90,,36853,18,,,1,82,,36854,18,,,1,83,,36855,18,,,1,41,,36856,18,0,5 6,1,83,,36857,18,0,5 6,1,83,,36858,18,0,5 6,1
989900,'74',2051,,36859,18,,,1,94,,36860,18,,,1,90,,36861,18,,,1,94,,36862,18,,,1,86,,36863,18,,,1,86,,36864,18,,,1,45,,36865,18,0,5 6,1,86,,36866,18,0,5 6,1,86,,36867,18,0,5 6,1
989900,'80',2108,,36868,18,,,1,50,,36869,18,,,1,89,,36870,18,,,1,90,,36871,18,,,1,82,,36872,18,,,1,83,,36873,18,,,1,41,,36874,18,0,5 6,1,83,,36875,18,0,5 6,1,83,,36876,18,0,5 6,1
