5000,'1',600,,28302,35,,,1,27,,28303,35,,,1,27,,28295,35,,,1,67,,28296,35,,,1,28,,28297,35,,,1,65,,28298,35,,,1,25,,28299,35,,,1,65,,28300,35,,,1,25,,28301,35,,,1,30,,28304,35,,,1,69,,28305,35,,,1,29,,28306,35,,,1,69,,28307,35,,,1,29,,28308,35,,,1,72,,28309,35,,,1,29,,28310,35,,,1,69,,28311,35,,,1,29,,28312,35,,,1,69,,28313,35,,,1,30,,28314,35,,,1,69,,28315,35,,,1,29,,28316,35,,,1,73,,28317,35,,,1,32,,28318,35,,,1,71,,28319,35,,,1,26,,28320,35,,,1,60,,28321,35,,,1,26,,28322,35,,,1,66,,28323,35,,,1,30,,28324,35,,,1,79,,28325,35,,,1,31,,28326,35,,,1,76,,28327,35,,,1,34,,28328,35,,,1,76,,28329,35,,,1,77,,28330,35,,,1
5000,'2',626,,28331,35,,,1,77,,28332,35,,,1,37,,28333,35,,,1,77,,28334,35,,,1,38,,28335,35,,,1,79,,28336,35,,,1,79,,28337,35,,,1,39,,28338,35,,,1,79,,28339,35,,,1,83,,28340,35,,,1,39,,28341,35,,,1,79,,28342,35,,,1,77,,28343,35,,,1,38,,28344,35,,,1,79,,28345,35,,,1,79,,28346,35,,,1,36,,28347,35,,,1,70,,28348,35,,,1,37,,28349,35,,,1,78,,28350,35,,,1,79,,28351,35,,,1,34,,28352,35,,,1,74,,28353,35,,,1,34,,28354,35,,,1,74,,28355,35,,,1,34,,28356,35,,,1,72,,28357,35,,,1,32,,28358,35,,,1
5000,'3',625,,28359,35,,,1,84,,28360,35,,,1,44,,28361,35,,,1,84,,28362,35,,,1,84,,28363,35,,,1,89,,28364,35,,,1,47,,28365,35,,,1,87,,28366,35,,,1,89,,28367,35,,,1,87,,28368,35,,,1,87,,28369,35,,,1,47,,28370,35,,,1,87,,28371,35,,,1,87,,28372,35,,,1,88,,28373,35,,,1,42,,28374,35,,,1,85,,28375,35,,,1,85,,28376,35,,,1,85,,28377,35,,,1,44,,28378,35,,,1,83,,28381,35,,,1,81,,28380,35,,,1,81,,28379,35,,,1
5000,'74',626,,28382,35,,,1,77,,28383,35,,,1,37,,28384,35,,,1,77,,28385,35,,,1,38,,28386,35,,,1,79,,28387,35,,,1,79,,28388,35,,,1,39,,28389,35,,,1,79,,28390,35,,,1,83,,28391,35,,,1,39,,28392,35,,,1,79,,28393,35,,,1,77,,28394,35,,,1,38,,28395,35,,,1,79,,28396,35,,,1,79,,28397,35,,,1,36,,28398,35,,,1,70,,28399,35,,,1,37,,28400,35,,,1,78,,28401,35,,,1,79,,28402,35,,,1,34,,28403,35,,,1,74,,28404,35,,,1,34,,28405,35,,,1,74,,28406,35,,,1,34,,28407,35,,,1,72,,28408,35,,,1,32,,28409,35,,,1
5000,'80',625,,28410,35,,,1,84,,28411,35,,,1,44,,28412,35,,,1,84,,28413,35,,,1,84,,28414,35,,,1,89,,28415,35,,,1,47,,28416,35,,,1,87,,28417,35,,,1,89,,28418,35,,,1,87,,28419,35,,,1,87,,28420,35,,,1,47,,28421,35,,,1,87,,28422,35,,,1,87,,28423,35,,,1,88,,28424,35,,,1,42,,28425,35,,,1,85,,28426,35,,,1,85,,28427,35,,,1,85,,28428,35,,,1,44,,28429,35,,,1,83,,28432,35,,,1,81,,28431,35,,,1,81,,28430,35,,,1
5001,'1',453,,28440,73,,,1,72,,28441,73,,,1,24,,28433,73,,,1,64,,28434,73,,,1,27,,28435,73,,,1,65,,28436,73,,,1,25,,28437,73,,,1,25,,28438,73,,,1,65,,28439,73,,,1,29,,28442,73,,,1,69,,28443,73,,,1,29,,28444,73,,,1,69,,28445,73,,,1,29,,28446,73,,,1,69,,28447,73,,,1,29,,28448,73,,,1,66,,28449,73,,,1,29,,28450,73,,,1,69,,28451,73,,,1,29,,28452,73,,,1,69,,28453,73,,,1,31,,28454,73,,,1,71,,28455,73,,,1,31,,28456,73,,,1,68,,28457,73,,,1,29,,28458,73,,,1,23,,28459,73,,,1,65,,28460,73,,,1,26,,28461,73,,,1,84,,28462,73,,,1,79,,28463,73,,,1,34,,28464,73,,,1,76,,28465,73,,,1,36,,28466,73,,,1,76,,28467,73,,,1,79,,28468,73,,,1,31,,28469,73,,,1,74,,28470,73,,,1
5001,'2',715,,28497,73,,,1,37,,28498,73,,,1,77,,28471,73,,,1,77,,28472,73,,,1,37,,28473,73,,,1,79,,28474,73,,,1,37,,28475,73,,,1,84,,28476,73,,,1,79,,28477,73,,,1,79,,28478,73,,,1,39,,28479,73,,,1,79,,28480,73,,,1,39,,28481,73,,,1,79,,28482,73,,,1,71,,28483,73,,,1,38,,28484,73,,,1,79,,28485,73,,,1,79,,28486,73,,,1,35,,28487,73,,,1,73,,28488,73,,,1,33,,28489,73,,,1,77,,28490,73,,,1,37,,28491,73,,,1,74,,28492,73,,,1,74,,28493,73,,,1,34,,28494,73,,,1,74,,28495,73,,,1,34,,28496,73,,,1
5001,'3',742,,28504,73,,,1,84,,28499,73,,,1,84,,28500,73,,,1,44,,28501,73,,,1,86,,28502,73,,,1,84,,28503,73,,,1,93,,28505,73,,,1,87,,28506,73,,,1,47,,28507,73,,,1,87,,28508,73,,,1,87,,28509,73,,,1,87,,28510,73,,,1,47,,28511,73,,,1,82,,28512,73,,,1,87,,28513,73,,,1,89,,28514,73,,,1,85,,28515,73,,,1,45,,28516,73,,,1,80,,28517,73,,,1,85,,28518,73,,,1,40,,28519,73,,,1,80,,28520,73,,,1
5001,'74',715,,28547,73,,,1,37,,28548,73,,,1,77,,28521,73,,,1,77,,28522,73,,,1,37,,28523,73,,,1,79,,28524,73,,,1,37,,28525,73,,,1,84,,28526,73,,,1,79,,28527,73,,,1,79,,28528,73,,,1,39,,28529,73,,,1,79,,28530,73,,,1,39,,28531,73,,,1,79,,28532,73,,,1,71,,28533,73,,,1,38,,28534,73,,,1,79,,28535,73,,,1,79,,28536,73,,,1,35,,28537,73,,,1,73,,28538,73,,,1,33,,28539,73,,,1,77,,28540,73,,,1,37,,28541,73,,,1,74,,28542,73,,,1,74,,28543,73,,,1,34,,28544,73,,,1,74,,28545,73,,,1,34,,28546,73,,,1
5001,'80',742,,28570,73,,,1,84,,28549,73,,,1,84,,28550,73,,,1,44,,28551,73,,,1,86,,28552,73,,,1,84,,28553,73,,,1,93,,28554,73,,,1,87,,28555,73,,,1,47,,28556,73,,,1,87,,28557,73,,,1,87,,28558,73,,,1,87,,28559,73,,,1,47,,28560,73,,,1,82,,28561,73,,,1,87,,28562,73,,,1,89,,28563,73,,,1,85,,28564,73,,,1,45,,28565,73,,,1,80,,28566,73,,,1,85,,28567,73,,,1,40,,28568,73,,,1,80,,28569,73,,,1
