8601,'1',612,,5743,39,,,1,33,,5742,39,,,1,68,,5739,39,,,1,27,,5740,39,,,1,77,,5741,42,,,1,40,,5744,38,,,1,74,,5747,38,,,1,102,,5746,38,,,1,86,,5745,38,,,1,94,,5748,38,,,1,93,,5749,38,,,1,42,,5750,38,,,1,103,,5751,42,,,1,88,,5752,38,,,1,71,,5762,38,,,1,29,,5753,38,,,1,89,,5754,38,,,1,25,,5755,39,,,1,65,,5757,39,,,1,32,,5756,39,,,1,68,,5758,38,,,1,33,,5759,39,,,1,80,,5760,38,,,1,81,,5761,38,,,1
8601,'2',809,,5763,38,,,1,46,,5764,38,,,1,88,,5765,38,,,1,86,,5766,38,,,1,86,,5767,38,,,1,86,,5768,38,,,1,45,,5769,38,,,1,86,,5770,38,,,1,86,,5771,38,,,1,87,,5772,38,,,1,46,,5773,38,,,1,86,,5774,38,,,1,86,,5775,38,,,1,82,,5776,38,,,1,46,,5777,38,,,1,86,,5778,38,,,1
9901,'1',409,,7366,17,,,1,41,,7367,17,,,1,80,,7368,17,,,1,81,,7369,17,,,1,37,,7370,17,,,1,75,,7371,17,,,1,29,,7372,17,,,1,83,,7373,17,,,1,75,,7374,17,,,1,35,,7375,17,,,1,94,,7376,17,,,1,98,,7377,17,,,1,94,,7378,17,,,1,94,,7379,17,,,1,100,,7380,17,,,1,25,,7381,17,,,1,70,,7382,17,,,1,30,,7383,17,,,1,70,,7384,17,,,1,30,,7385,17,,,1,70,,7386,17,,,1,30,,7387,17,,,1,69,,7388,17,,,1,30,,7389,17,,,1,66,,7390,17,,,1,30,,7391,17,,,1,70,,7392,17,,,1,25,,7393,17,,,1,73,,7394,17,,,1,45,,7395,17,,,1
9901,'2',531,,7396,17,,,1,77,,7397,17,,,1,37,,7398,17,,,1,77,,7399,17,,,1,87,,7400,17,,,1,50,,7401,17,,,1,87,,7402,17,,,1,87,,7403,17,,,1,101,,7404,17,,,1,98,,7405,17,,,1,95,,7406,17,,,1,95,,7407,17,,,1,95,,7408,17,,,1,95,,7409,17,,,1,91,,7410,17,,,1,54,,7411,17,,,1,95,,7412,17,,,1,92,,7413,17,,,1,85,,7414,17,,,1,85,,7415,17,,,1
9901,'3',535,,7416,17,,,1,80,,7417,17,,,1,38,,7418,17,,,1,78,,7419,17,,,1,78,,7420,17,,,1,92,,7421,17,,,1,49,,7422,17,,,1,89,,7423,17,,,1,89,,7424,17,,,1,91,,7425,17,,,1,89,,7426,17,,,1,49,,7427,17,,,1,89,,7428,17,,,1,89,,7429,17,,,1,89,,7430,17,,,1,89,,7431,17,,,1,46,,7432,17,,,1,89,,7433,17,,,1,89,,7434,17,,,1,87,,7435,17,,,1,89,,7436,17,,,1,39,,7437,17,,,1
9901,'80',535,,7438,17,,,1,80,,7439,17,,,1,38,,7440,17,,,1,78,,7441,17,,,1,78,,7442,17,,,1,92,,7443,17,,,1,49,,7444,17,,,1,89,,7445,17,,,1,89,,7446,17,,,1,91,,7447,17,,,1,89,,7448,17,,,1,49,,7449,17,,,1,89,,7450,17,,,1,89,,7451,17,,,1,89,,7452,17,,,1,89,,7453,17,,,1,46,,7454,17,,,1,89,,7455,17,,,1,89,,7456,17,,,1,87,,7457,17,,,1,89,,7458,17,,,1,39,,7459,17,,,1
9901,'81',535,,7460,17,,,1,80,,7461,17,,,1,38,,7462,17,,,1,78,,7463,17,,,1,78,,7464,17,,,1,92,,7465,17,,,1,49,,7466,17,,,1,89,,7467,17,,,1,89,,7468,17,,,1,91,,7469,17,,,1,89,,7470,17,,,1,49,,7471,17,,,1,89,,7472,17,,,1,89,,7473,17,,,1,89,,7474,17,,,1,89,,7475,17,,,1,46,,7476,17,,,1,89,,7477,17,,,1,89,,7478,17,,,1,87,,7479,17,,,1,89,,7480,17,,,1,39,,7481,17,,,1
989901,'1',2234,,11627,72,,,1,70,,11628,72,,,1,38,,11629,72,,,1,75,,11630,72,,,1,35,,11631,72,,,1,70,,11632,72,,,1,35,,11633,72,,,1,75,,11634,72,,,1
989901,'2',2241,,11635,72,,,1,88,,11636,72,,,1,82,,11637,72,,,1,91,,11640,72,,,1,45,,11638,72,,,1,86,,11639,72,,,1
989901,'3',2251,,11641,72,,,1,87,,11642,72,,,1,83,,11643,72,,,1,87,,11644,72,,,1,39,,11645,72,,,1,83,,11646,72,,,1
989901,'80',2251,,11647,72,,,1,87,,11648,72,,,1,83,,11649,72,,,1,87,,11650,72,,,1,39,,11651,72,,,1,83,,11652,72,,,1
989901,'81',2251,,11653,72,,,1,87,,11654,72,,,1,83,,11655,72,,,1,87,,11656,72,,,1,39,,11657,72,,,1,83,,11658,72,,,1
