8500,'1',547,,29617,11,,,1,56,,29618,11,,,1,16,,29619,11,,,1,16,,29620,11,,,1,16,,29621,11,,,1,56,,29622,11,,,1,16,,29623,11,,,1,16,,29624,11,,,1,16,,29625,11,,,1,56,,29626,11,,,1,16,,29627,11,,,1,16,,29628,11,,,1,16,,29629,11,,,1,65,,29630,11,,,1,25,,29631,11,,,1,64,,29632,11,,,1,25,,29633,11,,,1,65,,29634,11,,,1,25,,29635,11,,,1,25,,29636,11,,,1,65,,29637,11,,,1,25,,29638,11,,,1,65,,29639,11,,,1,25,,29640,11,,,1,20,,29641,11,,,1
8500,'2',635,,29697,11,,,1,70,,29698,11,,,1,30,,29699,11,,,1,68,,29700,11,,,1,31,,29701,11,,,1,70,,29702,11,,,1,30,,29703,11,,,1,72,,29704,11,,,1,30,,29705,11,,,1,71,,29669,11,,,1,22,,29670,11,,,1,23,,29671,11,,,1,63,,29672,11,,,1,23,,29673,11,,,1,63,,29674,11,,,1,23,,29675,11,,,1,23,,29676,11,,,1,63,,29677,11,,,1,23,,29678,11,,,1,23,,29679,11,,,1,63,,29680,11,,,1,23,,29681,11,,,1,63,,29682,11,,,1,23,,29683,11,,,1,21,,29684,11,,,1,65,,29685,11,,,1,17,,29686,11,,,1,21,,29687,11,,,1,61,,29688,11,,,1,21,,29689,11,,,1,21,,29690,11,,,1,61,,29691,11,,,1,21,,29692,11,,,1,21,,29693,11,,,1,61,,29694,11,,,1,21,,29695,11,,,1,61,,29696,11,,,1,30,,29706,11,,,1,70,,29707,11,,,1,30,,29708,11,,,1
8500,'3',925,,29709,11,,,1,80,,29710,11,,,1,40,,29711,11,,,1,80,,29712,11,,,1,91,,29713,11,,,1,43,,29714,11,,,1,83,,29715,11,,,1,83,,29716,11,,,1,82,,29717,11,,,1,43,,29718,11,,,1,82,,29719,11,,,1,74,,29720,11,,,1,41,,29721,11,,,1,85,,29722,11,,,1,77,,29723,11,,,1,41,,29724,11,,,1,81,,29725,11,,,1
8500,'74',635,,29756,11,,,1,70,,29757,11,,,1,30,,29758,11,,,1,68,,29759,11,,,1,31,,29760,11,,,1,70,,29761,11,,,1,30,,29762,11,,,1,72,,29763,11,,,1,30,,29764,11,,,1,71,,29728,11,,,1,22,,29729,11,,,1,23,,29730,11,,,1,63,,29731,11,,,1,23,,29732,11,,,1,63,,29733,11,,,1,23,,29734,11,,,1,23,,29735,11,,,1,63,,29736,11,,,1,23,,29737,11,,,1,23,,29738,11,,,1,63,,29739,11,,,1,23,,29740,11,,,1,63,,29741,11,,,1,23,,29742,11,,,1,21,,29743,11,,,1,65,,29744,11,,,1,17,,29745,11,,,1,21,,29746,11,,,1,61,,29747,11,,,1,21,,29748,11,,,1,21,,29749,11,,,1,61,,29750,11,,,1,21,,29751,11,,,1,21,,29752,11,,,1,61,,29753,11,,,1,21,,29754,11,,,1,61,,29755,11,,,1,30,,29765,11,,,1,70,,29766,11,,,1,30,,29767,11,,,1
8500,'80',925,,29768,11,,,1,80,,29769,11,,,1,40,,29770,11,,,1,80,,29771,11,,,1,91,,29772,11,,,1,43,,29773,11,,,1,83,,29774,11,,,1,83,,29775,11,,,1,82,,29776,11,,,1,43,,29777,11,,,1,82,,29778,11,,,1,74,,29779,11,,,1,41,,29780,11,,,1,85,,29781,11,,,1,77,,29782,11,,,1,41,,29783,11,,,1,81,,29784,11,,,1
8501,'1',1359,,29808,62,,,1,65,,29812,62,,,1,25,,29813,62,,,1,66,,29814,62,,,1,16,,29841,62,,,1,16,,29842,62,,,1,56,,29831,62,,,1,16,,29830,62,,,1,16,,29829,62,,,1,72,,29828,62,,,1,25,,29827,62,,,1,16,,29815,62,,,1,59,,29816,62,,,1,13,,29817,62,,,1,6,,29818,62,,,1,16,,29819,62,,,1,11,,29820,62,,,1,59,,29821,62,,,1,13,,29822,62,,,1,16,,29823,62,,,1,16,,29824,62,,,1,56,,29825,62,,,1,12,,29826,62,,,1,32,,29834,62,,,1,63,,29833,62,,,1,25,,29832,62,,,1,62,,29838,62,,,1,29,,29837,62,,,1,71,,29835,62,,,1,32,,29836,62,,,1
8501,'2',2249,,29881,62,,,1,70,,29882,62,,,1
8501,'3',2105,,29883,62,,,1,41,,29884,62,,,1
8501,'74',2249,,29940,62,,,1,70,,29941,62,,,1
8501,'80',2105,,29956,62,,,1,41,,29957,62,,,1
