2100,'1',511,,27537,1,0,146,1,22,,27538,1,0,146,1,12,,27537,45,4,,1,10,,27539,1,0,146,1,57,,27538,45,4,,1,5,,27540,1,0,146,1,17,,27539,45,4,,1,5,,27541,1,0,146,1,17,,27540,45,4,,1,48,,27542,1,0,146,1,14,,27541,45,4,,1,11,,27543,1,0,146,1,17,,27542,45,4,,1,6,,27544,1,0,146,1,59,,27543,45,4,,1,6,,27545,1,0,146,1,20,,27544,45,4,,1,5,,27546,1,0,146,1,60,,27545,45,4,,1,22,,27546,45,4,,1
2101,'1',1334,,27547,1,0,146,1,24,,27548,1,0,146,1,58,,27547,45,4,,1,8,,27549,1,0,146,1,16,,27548,45,4,,1,10,,27550,1,0,146,1,61,,27549,45,4,,1,5,,27551,1,0,146,1,21,,27550,45,4,,1,5,,27552,1,0,146,1,61,,27551,45,4,,1,5,,27553,1,0,146,1,21,,27552,45,4,,1,5,,27554,1,0,146,1,21,,27553,45,4,,1,45,,27555,1,0,146,1,21,,27554,45,4,,1,5,,27556,1,0,146,1,21,,27555,45,4,,1,5,,27557,1,0,146,1,58,,27556,45,4,,1,7,,27558,1,0,146,1,19,,27557,45,4,,1,6,,27559,1,0,146,1,59,,27558,45,4,,1,5,,27560,1,0,146,1,20,,27559,45,4,,1,19,,27560,45,4,,1
36000,'1',910,,33649,24,,,1,29,,33650,24,,,1,69,,33651,24,,,1,29,,33652,24,,,1,67,,33653,24,,,1,29,,33654,24,,,1,88,,33655,24,,,1,84,,33656,24,,,1,42,,33657,24,,,1,84,,33658,24,,,1,84,,33659,24,,,1,88,,33660,24,,,1,42,,33661,24,,,1,84,,33662,24,,,1,81,,33663,24,,,1,44,,33664,24,,,1,82,,33665,24,,,1,84,,33666,24,,,1,84,,33667,24,,,1,26,,33668,24,,,1,23,,33669,24,,,1,66,,33670,24,,,1,26,,33671,24,,,1
36000,'2',908,,33672,24,,,1,23,,33673,24,,,1,23,,33674,24,,,1,63,,33675,24,,,1,23,,33676,24,,,1,63,,33677,24,,,1,23,,33678,24,,,1,25,,33679,24,,,1,63,,33680,24,,,1,23,,33681,24,,,1,22,,33682,24,,,1,63,,33683,24,,,1,23,,33684,24,,,1,63,,33685,24,,,1,23,,33686,24,,,1,23,,33687,24,,,1,65,,33688,24,,,1,22,,33689,24,,,1,63,,33690,24,,,1,23,,33691,24,,,1,21,,33692,24,,,1,63,,33693,24,,,1,23,,33694,24,,,1,21,,33695,24,,,1,66,,33696,24,,,1,23,,33697,24,,,1,64,,33698,24,,,1,24,,33699,24,,,1,24,,33700,24,,,1,64,,33701,24,,,1,23,,33702,24,,,1,67,,33703,24,,,1,24,,33704,24,,,1,23,,33705,24,,,1,64,,33706,24,,,1,24,,33707,24,,,1
36000,'3',905,,33708,24,,,1,22,,33709,24,,,1,22,,33710,24,,,1,62,,33711,24,,,1,22,,33712,24,,,1,22,,33713,24,,,1,64,,33714,24,,,1,22,,33715,24,,,1,62,,33716,24,,,1,20,,33717,24,,,1,22,,33718,24,,,1,62,,33719,24,,,1,22,,33720,24,,,1,22,,33721,24,,,1,62,,33722,24,,,1,23,,33723,24,,,1,22,,33724,24,,,1,63,,33725,24,,,1,22,,33726,24,,,1,62,,33727,24,,,1,20,,33728,24,,,1,22,,33729,24,,,1,62,,33730,24,,,1,22,,33731,24,,,1,23,,33732,24,,,1,62,,33733,24,,,1,22,,33734,24,,,1,62,,33735,24,,,1,23,,33736,24,,,1,22,,33737,24,,,1,61,,33738,24,,,1,23,,33739,24,,,1,23,,33740,24,,,1,66,,33741,24,,,1,23,,33742,24,,,1,64,,33743,24,,,1,23,,33744,24,,,1,23,,33745,24,,,1
36000,'74',908,,33746,24,,,1,23,,33747,24,,,1,23,,33748,24,,,1,63,,33749,24,,,1,23,,33750,24,,,1,63,,33751,24,,,1,23,,33752,24,,,1,25,,33753,24,,,1,63,,33754,24,,,1,23,,33755,24,,,1,22,,33756,24,,,1,63,,33757,24,,,1,23,,33758,24,,,1,63,,33759,24,,,1,23,,33760,24,,,1,23,,33761,24,,,1,65,,33762,24,,,1,22,,33763,24,,,1,63,,33764,24,,,1,23,,33765,24,,,1,21,,33766,24,,,1,63,,33767,24,,,1,23,,33768,24,,,1,21,,33769,24,,,1,66,,33770,24,,,1,23,,33771,24,,,1,64,,33772,24,,,1,24,,33773,24,,,1,24,,33774,24,,,1,64,,33775,24,,,1,23,,33776,24,,,1,67,,33777,24,,,1,24,,33778,24,,,1,23,,33779,24,,,1,64,,33780,24,,,1,24,,33781,24,,,1,64,,33782,24,,,1
36000,'80',905,,33783,24,,,1,22,,33784,24,,,1,22,,33785,24,,,1,62,,33786,24,,,1,22,,33787,24,,,1,22,,33788,24,,,1,64,,33789,24,,,1,22,,33790,24,,,1,62,,33791,24,,,1,20,,33792,24,,,1,22,,33793,24,,,1,62,,33794,24,,,1,22,,33795,24,,,1,22,,33796,24,,,1,62,,33797,24,,,1,23,,33798,24,,,1,22,,33799,24,,,1,63,,33800,24,,,1,22,,33801,24,,,1,62,,33802,24,,,1,20,,33803,24,,,1,22,,33804,24,,,1,62,,33805,24,,,1,22,,33806,24,,,1,23,,33807,24,,,1,62,,33808,24,,,1,22,,33809,24,,,1,62,,33810,24,,,1,23,,33811,24,,,1,22,,33812,24,,,1,61,,33813,24,,,1,23,,33814,24,,,1,23,,33815,24,,,1,66,,33816,24,,,1,23,,33817,24,,,1,64,,33818,24,,,1,23,,33819,24,,,1,23,,33820,24,,,1
36001,'1',939,,33821,3,,,1,69,,33822,3,,,1,30,,33823,3,,,1,67,,33824,3,,,1,25,,33837,3,,,1,83,,33836,3,,,1,44,,33825,3,,,1,83,,33826,3,,,1,84,,33827,3,,,1,86,,33828,3,,,1,44,,33829,3,,,1,86,,33830,3,,,1,83,,33831,3,,,1,83,,33832,3,,,1,44,,33833,3,,,1,85,,33834,3,,,1,83,,33835,3,,,1,84,,33843,3,,,1,27,,33842,3,,,1,26,,33838,3,,,1,66,,33839,3,,,1,26,,33840,3,,,1,66,,33841,3,,,1
36001,'2',937,,33844,3,,,1,63,,33845,3,,,1,23,,33846,3,,,1,24,,33847,3,,,1,63,,33848,3,,,1,23,,33849,3,,,1,23,,33850,3,,,1,63,,33851,3,,,1,23,,33852,3,,,1,63,,33853,3,,,1,23,,33854,3,,,1,21,,33855,3,,,1,63,,33856,3,,,1,23,,33857,3,,,1,23,,33858,3,,,1,63,,33859,3,,,1,23,,33860,3,,,1,63,,33861,3,,,1,25,,33862,3,,,1,23,,33863,3,,,1,61,,33864,3,,,1,23,,33865,3,,,1,63,,33866,3,,,1,24,,33879,3,,,1,24,,33878,3,,,1,63,,33867,3,,,1,24,,33868,3,,,1,64,,33869,3,,,1,24,,33870,3,,,1,24,,33871,3,,,1,64,,33872,3,,,1,24,,33873,3,,,1,64,,33874,3,,,1,24,,33875,3,,,1,24,,33876,3,,,1,64,,33877,3,,,1
36001,'3',932,,33880,3,,,1,22,,33881,3,,,1,62,,33882,3,,,1,22,,33883,3,,,1,62,,33884,3,,,1,22,,33885,3,,,1,22,,33886,3,,,1,62,,33887,3,,,1,22,,33888,3,,,1,22,,33889,3,,,1,62,,33890,3,,,1,22,,33891,3,,,1,22,,33892,3,,,1,61,,33893,3,,,1,23,,33894,3,,,1,62,,33895,3,,,1,22,,33896,3,,,1,22,,33897,3,,,1,61,,33898,3,,,1,22,,33899,3,,,1,22,,33900,3,,,1,62,,33901,3,,,1,24,,33902,3,,,1,22,,33903,3,,,1,62,,33904,3,,,1,22,,33905,3,,,1,61,,33917,3,,,1,23,,33916,3,,,1,23,,33906,3,,,1,63,,33907,3,,,1,23,,33908,3,,,1,22,,33909,3,,,1,63,,33910,3,,,1,23,,33911,3,,,1,63,,33912,3,,,1,23,,33913,3,,,1,23,,33914,3,,,1,63,,33915,3,,,1
36001,'74',937,,33918,3,,,1,63,,33919,3,,,1,23,,33920,3,,,1,24,,33921,3,,,1,63,,33922,3,,,1,23,,33923,3,,,1,23,,33924,3,,,1,63,,33925,3,,,1,23,,33926,3,,,1,63,,33927,3,,,1,23,,33928,3,,,1,21,,33929,3,,,1,63,,33930,3,,,1,23,,33931,3,,,1,23,,33932,3,,,1,63,,33933,3,,,1,23,,33934,3,,,1,63,,33935,3,,,1,25,,33936,3,,,1,23,,33937,3,,,1,61,,33938,3,,,1,23,,33939,3,,,1,63,,33940,3,,,1,24,,33942,3,,,1,24,,33941,3,,,1,63,,33943,3,,,1,24,,33944,3,,,1,64,,33945,3,,,1,24,,33946,3,,,1,24,,33947,3,,,1,64,,33948,3,,,1,24,,33949,3,,,1,64,,33950,3,,,1,24,,33951,3,,,1,24,,33952,3,,,1,64,,33953,3,,,1,24,,33954,3,,,1
36001,'80',932,,33955,3,,,1,22,,33956,3,,,1,62,,33957,3,,,1,22,,33958,3,,,1,62,,33959,3,,,1,22,,33960,3,,,1,22,,33961,3,,,1,62,,33962,3,,,1,22,,33963,3,,,1,22,,33964,3,,,1,62,,33965,3,,,1,22,,33966,3,,,1,22,,33967,3,,,1,61,,33968,3,,,1,23,,33969,3,,,1,62,,33970,3,,,1,22,,33971,3,,,1,22,,33972,3,,,1,61,,33973,3,,,1,22,,33974,3,,,1,22,,33975,3,,,1,62,,33976,3,,,1,24,,33977,3,,,1,22,,33978,3,,,1,62,,33979,3,,,1,22,,33980,3,,,1,61,,33992,3,,,1,23,,33991,3,,,1,23,,33981,3,,,1,63,,33982,3,,,1,23,,33983,3,,,1,22,,33984,3,,,1,63,,33985,3,,,1,23,,33986,3,,,1,63,,33987,3,,,1,23,,33988,3,,,1,23,,33989,3,,,1,63,,33990,3,,,1
