201,'1',527,,339,28,4,,1,21,,340,28,4,,1,61,,341,28,4,,1,21,,342,28,4,,1,3,,309,79,4,,1,21,,310,79,4,,1,65,,311,79,4,,1,23,,312,79,4,,1,61,,313,79,4,,1,29,,314,87,4,,1,21,,315,79,4,,1,61,,316,79,4,,1,21,,317,79,4,,1,13,,318,79,4,,1,71,,319,79,4,,1,35,,320,79,4,,1,75,,321,79,4,,1,75,,322,79,4,,1,35,,323,79,4,,1,75,,324,79,4,,1,35,,325,79,4,,1,75,,326,79,4,,1,83,,327,79,4,,1,23,,328,79,4,,1,23,,329,79,4,,1,64,,330,79,4,,1,21,,331,79,4,,1,67,,332,79,4,,1,25,,333,79,4,,1,23,,334,79,4,,1,63,,335,79,4,,1,17,,336,79,4,,1,23,,337,79,4,,1,59,,338,79,4,,1,23,,343,79,4,,1,18,,344,79,4,,1,80,,345,79,4,,1,80,,346,79,4,,1,35,,347,79,4,,1,80,,348,79,4,,1,80,,349,79,4,,1,36,,350,79,4,,1
201,'2',858,,353,95,4,,1,80,,354,95,4,,1,84,,355,95,4,,1,80,,356,95,4,,1,40,,357,95,4,,1,81,,358,95,4,,1,80,,359,95,4,,1,40,,360,95,4,,1,80,,361,95,4,,1,80,,362,95,4,,1,37,,363,95,4,,1,80,,364,95,4,,1,80,,365,95,4,,1,40,,366,95,4,,1,80,,367,95,4,,1,80,,368,95,4,,1,36,,369,95,4,,1,80,,370,95,4,,1,40,,371,95,4,,1,80,,372,95,4,,1,75,,373,95,4,,1,33,,374,95,4,,1,73,,375,95,4,,1,33,,376,95,4,,1,69,,377,95,4,,1,33,,378,95,4,,1
201,'3',950,,389,95,4,,1,152,,379,95,4,,1,117,,380,95,4,,1,119,,381,95,4,,1,117,,382,95,4,,1,155,,383,95,4,,1,117,,384,95,4,,1,117,,385,95,4,,1,157,,386,95,4,,1,113,,387,95,4,,1,110,,388,95,4,,1,105,,390,95,4,,1,108,,391,95,4,,1
201,'80',950,,402,95,4,,1,152,,392,95,4,,1,117,,393,95,4,,1,119,,394,95,4,,1,117,,395,95,4,,1,155,,396,95,4,,1,117,,397,95,4,,1,117,,398,95,4,,1,157,,399,95,4,,1,113,,400,95,4,,1,110,,401,95,4,,1,105,,403,95,4,,1,108,,404,95,4,,1
201,'81',950,,415,95,4,,1,152,,405,95,4,,1,117,,406,95,4,,1,119,,407,95,4,,1,117,,408,95,4,,1,155,,409,95,4,,1,117,,410,95,4,,1,117,,411,95,4,,1,157,,412,95,4,,1,113,,413,95,4,,1,110,,414,95,4,,1,105,,416,95,4,,1,108,,417,95,4,,1
500,'1',530,,1067,32,4,,1,22,,1083,32,4,,1,62,,1082,32,4,,1,22,,1081,32,4,,1,22,,1080,32,4,,1,64,,1079,32,4,,1,22,,1078,32,4,,1,66,,1077,32,4,,1,20,,1076,32,4,,1,22,,1075,32,4,,1,62,,1074,32,4,,1,22,,1072,32,4,,1,72,,1071,19,4,,1,32,,1073,19,4,,1,72,,1070,19,4,,1,32,,1069,19,4,,1,72,,1068,19,4,,1,32,,1066,19,4,,1,72,,1047,19,4,,1,32,,1065,19,4,,1,72,,1064,19,4,,1,32,,1063,19,4,,1,65,,1062,19,4,,1,23,,1061,19,4,,1,61,,1060,19,4,,1,23,,1059,19,4,,1,23,,1058,19,4,,1,62,,1057,19,4,,1,23,,1056,19,4,,1,23,,1055,19,4,,1,63,,1054,19,4,,1,21,,1053,19,4,,1,63,,1052,19,4,,1,23,,1051,19,4,,1,28,,1049,19,4,,1,68,,1048,19,4,,1,28,,1050,19,4,,1,68,,1046,19,4,,1,27,,1045,19,4,,1,68,,1044,19,4,,1,23,,1043,19,4,,1
500,'2',704,,1099,19,4,,1,28,,1101,19,4,,1,68,,1102,19,4,,1,28,,1103,19,4,,1,28,,1104,19,4,,1,68,,1105,19,4,,1,28,,1106,19,4,,1,68,,1107,19,4,,1,28,,1108,19,4,,1,68,,1109,19,4,,1,30,,1110,19,4,,1,68,,1111,19,4,,1,28,,1112,19,4,,1,68,,1084,19,4,,1,30,,1085,19,4,,1,70,,1086,19,4,,1,29,,1087,19,4,,1,69,,1088,19,4,,1,29,,1089,19,4,,1,69,,1090,19,4,,1,29,,1091,19,4,,1,69,,1092,19,4,,1,29,,1093,19,4,,1,67,,1094,19,4,,1,26,,1095,19,4,,1,26,,1096,19,4,,1,67,,1097,19,4,,1,25,,1098,19,4,,1,65,,1100,19,4,,1
2301,'1',603,,3514,49,4,,1,106,,3513,49,4,,1,113,,3512,49,4,,1,106,,3511,49,4,,1,617,,3510,49,4,,1,76,,3509,49,4,,1,90,,3508,49,4,,1,90,,3507,49,4,,1,47,,3506,49,4,,1,86,,3505,49,4,,1
7700,'1',421,,4773,31,,,1,15,,4774,31,,,1,15,,4775,31,,,1,55,,4776,31,,,1,15,,4777,31,,,1,9,,4731,44,,,1,17,,4730,44,,,1,53,,4729,44,,,1,20,,4728,44,,,1,15,,4726,44,,,1,22,,4727,44,,,1,53,,4746,44,,,1,16,,4745,44,,,1,16,,4744,44,,,1,65,,4743,44,,,1,16,,4742,44,,,1,16,,4741,44,,,1,16,,4732,44,,,1,54,,4733,44,,,1,16,,4734,44,,,1,16,,4735,44,,,1,16,,4736,44,,,1,53,,4737,44,,,1,12,,4738,44,,,1,16,,4739,44,,,1,71,,4740,44,,,1,34,,4754,44,,,1,70,,4753,44,,,1,30,,4752,44,,,1,70,,4747,44,,,1,33,,4748,44,,,1,61,,4778,31,,,1,9,,4749,44,,,1,28,,4779,31,,,1,2,,4750,44,,,1,75,,4751,44,,,1,20,,4780,31,,,1,3,,4772,44,,,1,59,,4771,44,,,1,26,,4770,44,,,1,24,,4769,44,,,1,59,,4768,44,,,1,19,,4755,44,,,1,19,,4756,44,,,1,59,,4757,44,,,1,14,,4758,44,,,1,12,,4759,44,,,1,19,,4760,44,,,1,51,,4761,44,,,1,19,,4762,44,,,1,15,,4763,44,,,1,13,,4764,44,,,1,59,,4765,44,,,1,19,,4766,44,,,1,19,,4767,44,,,1,69,,4783,44,,,1,27,,4782,44,,,1,67,,4781,44,,,1,40,,4792,44,,,1,73,,4791,44,,,1,27,,4790,44,,,1,73,,4784,44,,,1,33,,4785,44,,,1,73,,4786,44,,,1,73,,4787,44,,,1,33,,4788,44,,,1,73,,4789,44,,,1
7700,'2',501,,4793,31,,,1,30,,4794,44,,,1,75,,4795,44,,,1,35,,4796,44,,,1,76,,4797,44,,,1,35,,4798,44,,,1,75,,4799,44,,,1,76,,4800,44,,,1,35,,4801,44,,,1,75,,4802,44,,,1,89,,4803,44,,,1,41,,4804,44,,,1,81,,4805,44,,,1,88,,4806,44,,,1,41,,4807,44,,,1,81,,4808,44,,,1,77,,4809,44,,,1,33,,4810,44,,,1,73,,4811,44,,,1,29,,4812,44,,,1,73,,4813,44,,,1,33,,4814,44,,,1,71,,4815,44,,,1,33,,4816,44,,,1,70,,4817,44,,,1,28,,4818,44,,,1,70,,4819,44,,,1,30,,4820,44,,,1,64,,4821,44,,,1,30,,4822,44,,,1,74,,4823,44,,,1,30,,4824,44,,,1,70,,4826,44,,,1,25,,4827,44,,,1,70,,4828,44,,,1,23,,4825,44,,,1,69,,4829,44,,,1,33,,4830,44,,,1,73,,4831,44,,,1,33,,4832,44,,,1,73,,4833,44,,,1
7700,'3',846,,4834,45,,,1,92,,4835,45,,,1,91,,4836,45,,,1,97,,4837,45,,,1,97,,4838,45,,,1,89,,4839,45,,,1,92,,4840,45,,,1,55,,4841,45,,,1,92,,4842,45,,,1,89,,4843,45,,,1,92,,4844,45,,,1,97,,4845,45,,,1,88,,4846,45,,,1,90,,4847,45,,,1,51,,4848,45,,,1,84,,4849,45,,,1,87,,4850,45,,,1,88,,4851,45,,,1,86,,4852,45,,,1,47,,4853,45,,,1,80,,4854,45,,,1,80,,4855,45,,,1,36,,4856,45,,,1,80,,4857,45,,,1
7700,'80',846,,4858,45,,,1,92,,4859,45,,,1,91,,4860,45,,,1,97,,4861,45,,,1,97,,4862,45,,,1,89,,4863,45,,,1,92,,4864,45,,,1,55,,4865,45,,,1,92,,4866,45,,,1,89,,4867,45,,,1,92,,4868,45,,,1,97,,4869,45,,,1,88,,4870,45,,,1,90,,4871,45,,,1,51,,4872,45,,,1,84,,4873,45,,,1,87,,4874,45,,,1,88,,4875,45,,,1,86,,4876,45,,,1,47,,4877,45,,,1,80,,4878,45,,,1,80,,4879,45,,,1,36,,4880,45,,,1,80,,4881,45,,,1
7700,'81',846,,4882,45,,,1,92,,4883,45,,,1,91,,4884,45,,,1,97,,4885,45,,,1,97,,4886,45,,,1,89,,4887,45,,,1,92,,4888,45,,,1,55,,4889,45,,,1,92,,4890,45,,,1,89,,4891,45,,,1,92,,4892,45,,,1,97,,4893,45,,,1,88,,4894,45,,,1,90,,4895,45,,,1,51,,4896,45,,,1,84,,4897,45,,,1,87,,4898,45,,,1,88,,4899,45,,,1,86,,4900,45,,,1,47,,4901,45,,,1,80,,4902,45,,,1,80,,4903,45,,,1,36,,4904,45,,,1,80,,4905,45,,,1
8801,'1',531,,6042,14,4,,1,69,,6043,37,4,,1,28,,6044,56,4,,1,27,,6010,56,4,,1,55,,6009,56,4,,1,22,,6008,56,4,,1,15,,6005,56,4,,1,58,,6006,56,4,,1,22,,6007,56,4,,1,14,,6024,56,4,,1,64,,6023,56,4,,1,9,,6022,56,4,,1,14,,6011,56,4,,1,14,,6012,56,4,,1,10,,6013,56,4,,1,54,,6014,56,4,,1,10,,6015,56,4,,1,14,,6016,56,4,,1,14,,6017,56,4,,1,14,,6018,56,4,,1,54,,6019,56,4,,1,20,,6020,56,4,,1,14,,6021,56,4,,1,62,,6029,56,4,,1,37,,6028,56,4,,1,77,,6025,56,4,,1,37,,6026,56,4,,1,84,,6027,56,4,,1,63,,6041,56,4,,1,10,,6040,56,4,,1,20,,6039,56,4,,1,18,,6038,56,4,,1,52,,6037,56,4,,1,15,,6030,56,4,,1,15,,6031,56,4,,1,13,,6032,56,4,,1,55,,6033,56,4,,1,15,,6034,56,4,,1,15,,6035,56,4,,1,15,,6036,56,4,,1,55,,6045,56,4,,1,10,,6046,56,4,,1,15,,6047,56,4,,1,15,,6048,56,4,,1,15,,6049,56,4,,1,48,,6050,56,4,,1,19,,6057,56,4,,1,14,,6056,56,4,,1,14,,6055,56,4,,1,54,,6054,56,4,,1,14,,6051,56,4,,1,14,,6052,56,4,,1,11,,6053,56,4,,1,60,,6062,56,4,,1,41,,6061,56,4,,1,75,,6058,56,4,,1,81,,6059,56,4,,1,38,,6060,56,4,,1
8801,'2',634,,6063,56,4,,1,69,,6064,56,4,,1,29,,6065,56,4,,1,69,,6066,56,4,,1,40,,6067,56,4,,1,74,,6068,56,4,,1,38,,6069,56,4,,1,74,,6070,56,4,,1,74,,6071,56,4,,1,29,,6072,56,4,,1,29,,6073,56,4,,1,72,,6074,56,4,,1,69,,6075,56,4,,1,29,,6076,56,4,,1,29,,6077,56,4,,1,69,,6078,56,4,,1,29,,6079,56,4,,1,69,,6080,56,4,,1,29,,6081,56,4,,1,69,,6082,56,4,,1,29,,6083,56,4,,1,69,,6084,56,4,,1,29,,6085,56,4,,1,69,,6086,56,4,,1,24,,6087,56,4,,1,69,,6088,56,4,,1,29,,6089,56,4,,1,62,,6090,56,4,,1,29,,6091,56,4,,1,23,,6092,56,4,,1,66,,6093,56,4,,1,22,,6094,56,4,,1,66,,6095,56,4,,1,26,,6096,56,4,,1,66,,6097,56,4,,1,26,,6098,56,4,,1,26,,6099,56,4,,1
8801,'3',830,,6100,56,4,,1,71,,6101,56,4,,1,34,,6102,56,4,,1,71,,6103,56,4,,1,35,,6104,56,4,,1,75,,6105,56,4,,1,40,,6106,56,4,,1,78,,6107,56,4,,1,69,,6108,56,4,,1,29,,6109,56,4,,1,69,,6110,56,4,,1,29,,6111,56,4,,1,29,,6112,56,4,,1,69,,6113,56,4,,1,29,,6114,56,4,,1,69,,6115,56,4,,1,29,,6116,56,4,,1,69,,6117,56,4,,1,26,,6118,56,4,,1,69,,6119,56,4,,1,22,,6120,56,4,,1,65,,6121,56,4,,1,25,,6122,56,4,,1,25,,6123,56,4,,1,65,,6124,56,4,,1,25,,6125,56,4,,1,59,,6126,56,4,,1,25,,6127,56,4,,1
8801,'80',830,,6128,56,4,,1,71,,6129,56,4,,1,34,,6130,56,4,,1,71,,6131,56,4,,1,35,,6132,56,4,,1,75,,6133,56,4,,1,40,,6134,56,4,,1,78,,6135,56,4,,1,69,,6136,56,4,,1,29,,6137,56,4,,1,69,,6138,56,4,,1,29,,6139,56,4,,1,29,,6140,56,4,,1,69,,6141,56,4,,1,29,,6142,56,4,,1,69,,6143,56,4,,1,29,,6144,56,4,,1,69,,6145,56,4,,1,26,,6146,56,4,,1,69,,6147,56,4,,1,22,,6148,56,4,,1,65,,6149,56,4,,1,25,,6150,56,4,,1,25,,6151,56,4,,1,65,,6152,56,4,,1,25,,6153,56,4,,1,59,,6154,56,4,,1,25,,6155,56,4,,1
8801,'81',830,,6156,56,4,,1,71,,6157,56,4,,1,34,,6158,56,4,,1,71,,6159,56,4,,1,35,,6160,56,4,,1,75,,6161,56,4,,1,40,,6162,56,4,,1,78,,6163,56,4,,1,69,,6164,56,4,,1,29,,6165,56,4,,1,69,,6166,56,4,,1,29,,6167,56,4,,1,29,,6168,56,4,,1,69,,6169,56,4,,1,29,,6170,56,4,,1,69,,6171,56,4,,1,29,,6172,56,4,,1,69,,6173,56,4,,1,26,,6174,56,4,,1,69,,6175,56,4,,1,22,,6176,56,4,,1,65,,6177,56,4,,1,25,,6178,56,4,,1,25,,6179,56,4,,1,65,,6180,56,4,,1,25,,6181,56,4,,1,59,,6182,56,4,,1,25,,6183,56,4,,1
9901,'1',425,,7366,41,4,,1,81,,7367,41,4,,1,40,,7368,41,4,,1,83,,7369,41,4,,1,82,,7370,41,4,,1,35,,7371,41,4,,1,73,,7372,41,4,,1,83,,7373,41,4,,1,31,,7374,41,4,,1,75,,7375,41,4,,1,94,,7376,41,4,,1,99,,7377,41,4,,1,54,,7378,41,4,,1,94,,7379,41,4,,1,100,,7380,41,4,,1,68,,7381,41,4,,1,30,,7382,41,4,,1,70,,7383,41,4,,1,30,,7384,41,4,,1,70,,7385,41,4,,1,30,,7386,41,4,,1,70,,7387,41,4,,1,25,,7388,41,4,,1,70,,7389,41,4,,1,25,,7390,41,4,,1,70,,7391,41,4,,1,30,,7392,41,4,,1,65,,7393,41,4,,1,30,,7394,41,4,,1,85,,7395,41,4,,1
9901,'2',548,,7396,41,4,,1,77,,7397,41,4,,1,77,,7398,41,4,,1,37,,7399,41,4,,1,87,,7400,41,4,,1,92,,7401,41,4,,1,89,,7402,41,4,,1,47,,7403,41,4,,1,104,,7404,41,4,,1,97,,7405,41,4,,1,95,,7406,41,4,,1,95,,7407,41,4,,1,95,,7408,41,4,,1,95,,7409,41,4,,1,92,,7410,41,4,,1,93,,7411,41,4,,1,95,,7412,41,4,,1,90,,7413,41,4,,1,45,,7414,41,4,,1,85,,7415,41,4,,1
9901,'3',552,,7416,41,4,,1,81,,7417,41,4,,1,78,,7418,41,4,,1,38,,7419,41,4,,1,78,,7420,41,4,,1,93,,7421,41,4,,1,89,,7422,41,4,,1,49,,7423,41,4,,1,89,,7424,41,4,,1,94,,7425,41,4,,1,89,,7426,41,4,,1,89,,7427,41,4,,1,89,,7428,41,4,,1,49,,7429,41,4,,1,89,,7430,41,4,,1,89,,7431,41,4,,1,84,,7432,41,4,,1,89,,7433,41,4,,1,49,,7434,41,4,,1,85,,7435,41,4,,1,89,,7436,41,4,,1,79,,7437,41,4,,1
9901,'80',552,,7438,41,4,,1,81,,7439,41,4,,1,78,,7440,41,4,,1,38,,7441,41,4,,1,78,,7442,41,4,,1,93,,7443,41,4,,1,89,,7444,41,4,,1,49,,7445,41,4,,1,89,,7446,41,4,,1,94,,7447,41,4,,1,89,,7448,41,4,,1,89,,7449,41,4,,1,89,,7450,41,4,,1,49,,7451,41,4,,1,89,,7452,41,4,,1,89,,7453,41,4,,1,84,,7454,41,4,,1,89,,7455,41,4,,1,49,,7456,41,4,,1,85,,7457,41,4,,1,89,,7458,41,4,,1,79,,7459,41,4,,1
9901,'81',552,,7460,41,4,,1,81,,7461,41,4,,1,78,,7462,41,4,,1,38,,7463,41,4,,1,78,,7464,41,4,,1,93,,7465,41,4,,1,89,,7466,41,4,,1,49,,7467,41,4,,1,89,,7468,41,4,,1,94,,7469,41,4,,1,89,,7470,41,4,,1,89,,7471,41,4,,1,89,,7472,41,4,,1,49,,7473,41,4,,1,89,,7474,41,4,,1,89,,7475,41,4,,1,84,,7476,41,4,,1,89,,7477,41,4,,1,49,,7478,41,4,,1,85,,7479,41,4,,1,89,,7480,41,4,,1,79,,7481,41,4,,1
36001,'2',1006,,9097,22,4,,1,36,,9098,22,4,,1,76,,9099,22,4,,1,31,,9100,22,4,,1,78,,9113,22,4,,1,73,,9101,22,4,,1,28,,9102,22,4,,1,28,,9103,22,4,,1,67,,9104,22,4,,1,28,,9105,22,4,,1,69,,9106,22,4,,1,28,,9107,22,4,,1,68,,9108,22,4,,1,30,,9109,22,4,,1,68,,9110,22,4,,1,28,,9111,22,4,,1,65,,9112,22,4,,1,29,,9117,22,4,,1,87,,9114,22,4,,1,34,,9115,22,4,,1,79,,9116,22,4,,1,79,,9121,22,4,,1,29,,9118,22,4,,1,67,,9119,22,4,,1,29,,9120,22,4,,1
36001,'80',1102,,9122,22,4,,1,31,,9123,22,4,,1,74,,9124,22,4,,1,31,,9125,22,4,,1,68,,9126,22,4,,1,28,,9127,22,4,,1,69,,9128,22,4,,1,28,,9129,22,4,,1,26,,9130,22,4,,1,71,,9131,22,4,,1,28,,9132,22,4,,1,68,,9133,22,4,,1,29,,9134,22,4,,1,68,,9135,22,4,,1,28,,9136,22,4,,1,68,,9137,22,4,,1,28,,9138,22,4,,1,73,,9139,22,4,,1,28,,9140,22,4,,1,62,,9141,22,4,,1,28,,9142,22,4,,1
36001,'32681.3',1102,,9143,22,4,,1,31,,9144,22,4,,1,74,,9145,22,4,,1,31,,9146,22,4,,1,68,,9147,22,4,,1,28,,9148,22,4,,1,69,,9149,22,4,,1,28,,9150,22,4,,1,26,,9151,22,4,,1,71,,9152,22,4,,1,28,,9153,22,4,,1,68,,9154,22,4,,1,29,,9155,22,4,,1,68,,9156,22,4,,1,28,,9157,22,4,,1,68,,9158,22,4,,1,28,,9159,22,4,,1,73,,9160,22,4,,1,28,,9161,22,4,,1,62,,9162,22,4,,1,28,,9163,22,4,,1
989901,'1',2252,,11627,96,4,,1,68,,11628,96,4,,1,38,,11629,96,4,,1,74,,11630,96,4,,1,75,,11631,96,4,,1,29,,11632,96,4,,1,75,,11633,96,4,,1,35,,11634,96,4,,1
989901,'2',2300,,11635,96,4,,1,46,,11636,96,4,,1,81,,11637,96,4,,1,91,,11640,96,4,,1,85,,11638,96,4,,1,46,,11639,96,4,,1
989901,'3',2307,,11641,96,4,,1,47,,11642,96,4,,1,83,,11643,96,4,,1,85,,11644,96,4,,1,79,,11645,96,4,,1,43,,11646,96,4,,1
989901,'80',2307,,11647,96,4,,1,47,,11648,96,4,,1,83,,11649,96,4,,1,85,,11650,96,4,,1,79,,11651,96,4,,1,43,,11652,96,4,,1
989901,'81',2307,,11653,96,4,,1,47,,11654,96,4,,1,83,,11655,96,4,,1,85,,11656,96,4,,1,79,,11657,96,4,,1,43,,11658,96,4,,1
