5700,'1',650,,28762,1,,,1,72,,28763,1,,,1,82,,28764,1,,,1,37,,28765,1,,,1,76,,28766,1,,,1,36,,28767,1,,,1,76,,28768,1,,,1,76,,28769,1,,,1,36,,28770,1,,,1,76,,28771,1,,,1,36,,28772,1,,,1,76,,28773,1,,,1,78,,28774,1,,,1,38,,28775,1,,,1,79,,28776,1,,,1,77,,28777,1,,,1,38,,28778,1,,,1,78,,28779,1,,,1,38,,28780,1,,,1,78,,28781,1,,,1,78,,28782,1,,,1,102,,28783,1,,,1,102,,28784,1,,,1,102,,28785,1,,,1
5700,'2',700,,28800,1,,,1,104,,28799,1,,,1,104,,28798,1,,,1,104,,28797,1,,,1,104,,28796,1,,,1,104,,28795,1,,,1,104,,28794,1,,,1,104,,28793,1,,,1,104,,28792,1,,,1,104,,28791,1,,,1,104,,28790,1,,,1,104,,28789,1,,,1,104,,28788,1,,,1,104,,28787,1,,,1,104,,28786,1,,,1
5700,'3',800,,28814,1,,,1,101,,28813,1,,,1,105,,28812,1,,,1,105,,28811,1,,,1,105,,28810,1,,,1,105,,28809,1,,,1,105,,28808,1,,,1,105,,28807,1,,,1,105,,28806,1,,,1,105,,28805,1,,,1,105,,28804,1,,,1,105,,28803,1,,,1,107,,28802,1,,,1,142,,28801,1,,,1
5700,'74',700,,28829,1,,,1,104,,28828,1,,,1,104,,28827,1,,,1,104,,28826,1,,,1,104,,28825,1,,,1,104,,28824,1,,,1,104,,28823,1,,,1,104,,28822,1,,,1,104,,28821,1,,,1,104,,28820,1,,,1,104,,28819,1,,,1,104,,28818,1,,,1,104,,28817,1,,,1,104,,28816,1,,,1,104,,28815,1,,,1
5700,'80',800,,28843,1,,,1,101,,28842,1,,,1,105,,28841,1,,,1,105,,28840,1,,,1,105,,28839,1,,,1,105,,28838,1,,,1,105,,28837,1,,,1,105,,28836,1,,,1,105,,28835,1,,,1,105,,28834,1,,,1,105,,28833,1,,,1,105,,28832,1,,,1,107,,28831,1,,,1,142,,28830,1,,,1
5701,'1',759,,28844,36,4,,1,77,,28845,36,4,,1,76,,28846,36,4,,1,34,,28847,36,4,,1,76,,28848,36,4,,1,36,,28849,36,4,,1,78,,28850,36,4,,1,76,,28851,36,4,,1,36,,28852,36,4,,1,76,,28853,36,4,,1,76,,28854,36,4,,1,36,,28855,36,4,,1,83,,28856,36,4,,1,37,,28857,36,4,,1,78,,28858,36,4,,1,78,,28859,36,4,,1,36,,28860,36,4,,1,78,,28861,36,4,,1,75,,28862,36,4,,1,35,,28863,36,4,,1,72,,28866,36,4,,1,102,,28864,36,4,,1,102,,28865,36,4,,1
5701,'2',753,,28880,36,4,,1,104,,28879,36,4,,1,146,,28878,36,4,,1,104,,28877,36,4,,1,104,,28876,36,4,,1,104,,28875,36,4,,1,104,,28874,36,4,,1,104,,28873,36,4,,1,105,,28872,36,4,,1,104,,28871,36,4,,1,104,,28870,36,4,,1,101,,28869,36,4,,1,103,,28868,36,4,,1,104,,28867,36,4,,1
5701,'3',849,,28893,36,4,,1,106,,28892,36,4,,1,145,,28891,36,4,,1,105,,28890,36,4,,1,105,,28889,36,4,,1,105,,28888,36,4,,1,106,,28887,36,4,,1,105,,28886,36,4,,1,105,,28885,36,4,,1,105,,28884,36,4,,1,102,,28883,36,4,,1,105,,28882,36,4,,1,107,,28881,36,4,,1
5701,'74',753,,28907,36,4,,1,104,,28906,36,4,,1,146,,28905,36,4,,1,104,,28904,36,4,,1,104,,28903,36,4,,1,104,,28902,36,4,,1,104,,28901,36,4,,1,104,,28900,36,4,,1,105,,28899,36,4,,1,104,,28898,36,4,,1,104,,28897,36,4,,1,101,,28896,36,4,,1,103,,28895,36,4,,1,104,,28894,36,4,,1
5701,'80',849,,28920,36,4,,1,106,,28919,36,4,,1,145,,28918,36,4,,1,105,,28917,36,4,,1,105,,28916,36,4,,1,105,,28915,36,4,,1,106,,28914,36,4,,1,105,,28913,36,4,,1,105,,28912,36,4,,1,105,,28911,36,4,,1,102,,28910,36,4,,1,105,,28909,36,4,,1,107,,28908,36,4,,1
