900,'1',617,,26052,56,,,1,31,,26053,56,,,1,81,,26054,56,,,1,73,,26055,56,,,1,33,,26056,56,,,1,73,,26057,56,,,1,33,,26058,56,,,1,73,,26059,56,,,1,44,,26060,56,,,1,84,,26061,56,,,1,84,,26062,56,,,1,84,,26063,56,,,1,40,,26064,56,,,1,84,,26065,56,,,1,82,,26066,56,,,1,86,,26067,56,,,1,34,,26068,56,,,1,77,,26069,56,,,1,42,,26070,56,,,1,74,,26071,56,,,1,74,,26072,56,,,1,38,,26073,56,,,1,78,,26074,56,,,1,38,,26075,56,,,1
900,'2',735,,26096,56,,,1,79,,26097,56,,,1,39,,26076,56,,,1,79,,26077,56,,,1,79,,26078,56,,,1,39,,26079,56,,,1,79,,26080,56,,,1,79,,26081,56,,,1,39,,26082,56,,,1,79,,26083,56,,,1,84,,26084,56,,,1,44,,26085,56,,,1,81,,26086,56,,,1,81,,26087,56,,,1,41,,26088,56,,,1,81,,26089,56,,,1,85,,26090,56,,,1,82,,26091,56,,,1,40,,26092,56,,,1,82,,26093,56,,,1,82,,26094,56,,,1,42,,26095,56,,,1
900,'3',838,,26116,56,,,1,81,,26117,56,,,1,81,,26098,56,,,1,41,,26099,56,,,1,81,,26100,56,,,1,81,,26101,56,,,1,41,,26102,56,,,1,81,,26103,56,,,1,81,,26104,56,,,1,42,,26105,56,,,1,81,,26106,56,,,1,81,,26107,56,,,1,41,,26108,56,,,1,81,,26109,56,,,1,78,,26110,56,,,1,40,,26111,56,,,1,81,,26112,56,,,1,80,,26113,56,,,1,38,,26114,56,,,1,80,,26115,56,,,1
900,'74',735,,26138,56,,,1,79,,26139,56,,,1,39,,26118,56,,,1,79,,26119,56,,,1,79,,26120,56,,,1,39,,26121,56,,,1,79,,26122,56,,,1,79,,26123,56,,,1,39,,26124,56,,,1,79,,26125,56,,,1,84,,26126,56,,,1,44,,26127,56,,,1,81,,26128,56,,,1,81,,26129,56,,,1,41,,26130,56,,,1,81,,26131,56,,,1,85,,26132,56,,,1,82,,26133,56,,,1,40,,26134,56,,,1,82,,26135,56,,,1,82,,26136,56,,,1,42,,26137,56,,,1
900,'80',838,,26158,56,,,1,81,,26159,56,,,1,81,,26140,56,,,1,41,,26141,56,,,1,81,,26142,56,,,1,81,,26143,56,,,1,41,,26144,56,,,1,81,,26145,56,,,1,81,,26146,56,,,1,42,,26147,56,,,1,81,,26148,56,,,1,81,,26149,56,,,1,41,,26150,56,,,1,81,,26151,56,,,1,78,,26152,56,,,1,40,,26153,56,,,1,81,,26154,56,,,1,80,,26155,56,,,1,38,,26156,56,,,1,80,,26157,56,,,1
901,'1',614,,26167,8,,,1,29,,26160,8,,,1,73,,26161,8,,,1,33,,26162,8,,,1,73,,26163,8,,,1,33,,26164,8,,,1,73,,26165,8,,,1,73,,26166,8,,,1,33,,26174,8,,,1,84,,26168,8,,,1,84,,26169,8,,,1,44,,26170,8,,,1,84,,26171,8,,,1,84,,26172,8,,,1,97,,26173,8,,,1,42,,26175,8,,,1,73,,26176,8,,,1,33,,26177,8,,,1,76,,26178,8,,,1,92,,26179,8,,,1,31,,26180,8,,,1,78,,26181,8,,,1,78,,26182,8,,,1,35,,26183,8,,,1
901,'2',714,,26184,8,,,1,39,,26185,8,,,1,79,,26186,8,,,1,79,,26187,8,,,1,39,,26188,8,,,1,79,,26189,8,,,1,79,,26190,8,,,1,39,,26191,8,,,1,82,,26192,8,,,1,81,,26193,8,,,1,41,,26194,8,,,1,81,,26195,8,,,1,81,,26196,8,,,1,41,,26197,8,,,1,83,,26198,8,,,1,82,,26199,8,,,1,81,,26200,8,,,1,42,,26201,8,,,1,82,,26202,8,,,1,82,,26203,8,,,1,42,,26204,8,,,1,82,,26205,8,,,1
901,'3',817,,26206,8,,,1,41,,26207,8,,,1,81,,26208,8,,,1,81,,26209,8,,,1,81,,26210,8,,,1,41,,26211,8,,,1,81,,26212,8,,,1,81,,26213,8,,,1,41,,26214,8,,,1,81,,26215,8,,,1,81,,26216,8,,,1,41,,26217,8,,,1,81,,26218,8,,,1,81,,26219,8,,,1,41,,26220,8,,,1,80,,26221,8,,,1,80,,26222,8,,,1,40,,26223,8,,,1
901,'74',714,,26224,8,,,1,39,,26225,8,,,1,79,,26226,8,,,1,79,,26227,8,,,1,39,,26228,8,,,1,79,,26229,8,,,1,79,,26230,8,,,1,39,,26231,8,,,1,82,,26232,8,,,1,81,,26233,8,,,1,41,,26234,8,,,1,81,,26235,8,,,1,81,,26236,8,,,1,41,,26237,8,,,1,83,,26238,8,,,1,82,,26239,8,,,1,81,,26240,8,,,1,42,,26241,8,,,1,82,,26242,8,,,1,82,,26243,8,,,1,42,,26244,8,,,1,82,,26245,8,,,1
901,'80',817,,26246,8,,,1,41,,26247,8,,,1,81,,26248,8,,,1,81,,26249,8,,,1,81,,26250,8,,,1,41,,26251,8,,,1,81,,26252,8,,,1,81,,26253,8,,,1,41,,26254,8,,,1,81,,26255,8,,,1,81,,26256,8,,,1,41,,26257,8,,,1,81,,26258,8,,,1,81,,26259,8,,,1,41,,26260,8,,,1,80,,26261,8,,,1,80,,26262,8,,,1,40,,26263,8,,,1
