60300,'1',456,,9994,3,,,1,60,,9995,3,,,1,20,,9996,3,,,1,20,,9997,3,,,1,60,,9998,3,,,1,18,,9999,3,,,1,19,,10000,3,,,1,58,,10001,3,,,1,18,,10002,3,,,1,19,,10003,3,,,1,58,,10004,3,,,1,18,,10005,3,,,1,18,,10006,3,,,1,58,,10007,3,,,1,19,,10008,3,,,1,22,,10009,3,,,1,62,,10010,3,,,1,22,,10011,3,,,1,22,,10012,3,,,1,62,,10013,3,,,1,22,,10014,3,,,1,22,,10015,3,,,1,62,,10016,3,,,1,22,,10017,3,,,1,22,,10018,3,,,1,62,,10019,3,,,1,22,,10020,3,,,1,62,,10021,3,,,1,22,,10022,3,,,1,19,,10023,3,,,1,56,,10024,3,,,1,16,,10025,3,,,1,16,,10026,3,,,1,16,,10027,3,,,1,56,,10028,3,,,1,16,,10029,3,,,1,16,,10030,3,,,1,16,,10031,3,,,1,56,,10032,3,,,1,16,,10033,3,,,1,16,,10034,3,,,1,16,,10035,3,,,1,55,,10036,3,,,1,16,,10037,3,,,1,16,,10038,3,,,1,55,,10039,3,,,1,30,,10040,3,,,1,70,,10041,3,,,1,30,,10042,3,,,1,70,,10043,3,,,1,30,,10044,3,,,1,70,,10045,3,,,1,42,,10046,3,,,1,82,,10047,3,,,1,82,,10048,3,,,1,47,,10049,3,,,1
60300,'2',526,,10050,3,,,1,80,,10051,3,,,1,40,,10052,3,,,1,80,,10053,3,,,1,80,,10054,3,,,1,41,,10055,3,,,1,80,,10056,3,,,1,81,,10057,3,,,1,39,,10058,3,,,1,78,,10059,3,,,1,78,,10060,3,,,1,36,,10061,3,,,1,78,,10062,3,,,1,38,,10063,3,,,1,79,,10064,3,,,1,78,,10065,3,,,1,38,,10066,3,,,1,78,,10067,3,,,1,77,,10068,3,,,1,39,,10069,3,,,1,77,,10070,3,,,1,38,,10071,3,,,1,79,,10072,3,,,1,80,,10073,3,,,1,40,,10074,3,,,1,79,,10075,3,,,1,86,,10076,3,,,1,92,,10077,3,,,1,92,,10078,3,,,1
60300,'3',709,,10079,3,,,1,36,,10080,3,,,1,76,,10081,3,,,1,36,,10082,3,,,1,82,,10083,3,,,1,83,,10084,3,,,1,82,,10085,3,,,1,42,,10086,3,,,1,82,,10087,3,,,1,82,,10088,3,,,1,42,,10089,3,,,1,83,,10090,3,,,1,79,,10091,3,,,1,35,,10092,3,,,1,76,,10093,3,,,1,76,,10094,3,,,1,36,,10095,3,,,1,76,,10096,3,,,1,36,,10097,3,,,1,76,,10098,3,,,1,75,,10099,3,,,1,36,,10100,3,,,1,91,,10101,3,,,1,106,,10102,3,,,1,106,,10103,3,,,1,106,,10104,3,,,1
60300,'80',709,,10105,3,,,1,36,,10106,3,,,1,76,,10107,3,,,1,36,,10108,3,,,1,82,,10109,3,,,1,83,,10110,3,,,1,82,,10111,3,,,1,42,,10112,3,,,1,82,,10113,3,,,1,82,,10114,3,,,1,42,,10115,3,,,1,83,,10116,3,,,1,79,,10117,3,,,1,35,,10118,3,,,1,76,,10119,3,,,1,76,,10120,3,,,1,36,,10121,3,,,1,76,,10122,3,,,1,36,,10123,3,,,1,76,,10124,3,,,1,75,,10125,3,,,1,36,,10126,3,,,1,91,,10127,3,,,1,106,,10128,3,,,1,106,,10129,3,,,1,106,,10130,3,,,1
60300,'81',709,,10131,3,,,1,36,,10132,3,,,1,76,,10133,3,,,1,36,,10134,3,,,1,82,,10135,3,,,1,83,,10136,3,,,1,82,,10137,3,,,1,42,,10138,3,,,1,82,,10139,3,,,1,82,,10140,3,,,1,42,,10141,3,,,1,83,,10142,3,,,1,79,,10143,3,,,1,35,,10144,3,,,1,76,,10145,3,,,1,76,,10146,3,,,1,36,,10147,3,,,1,76,,10148,3,,,1,36,,10149,3,,,1,76,,10150,3,,,1,75,,10151,3,,,1,36,,10152,3,,,1,91,,10153,3,,,1,106,,10154,3,,,1,106,,10155,3,,,1,106,,10156,3,,,1
6030100,'1',506,,12194,3,,,1,20,,12195,3,,,1,20,,12196,3,,,1,60,,12197,3,,,1,18,,12198,3,,,1,18,,12199,3,,,1,60,,12200,3,,,1,18,,12201,3,,,1,19,,12202,3,,,1,18,,12203,3,,,1,58,,12204,3,,,1,18,,12205,3,,,1,18,,12206,3,,,1,57,,12207,3,,,1,22,,12208,3,,,1,22,,12209,3,,,1,62,,12210,3,,,1,22,,12211,3,,,1,22,,12212,3,,,1,62,,12213,3,,,1,22,,12214,3,,,1,62,,12215,3,,,1,22,,12216,3,,,1,22,,12217,3,,,1,62,,12218,3,,,1,22,,12219,3,,,1,22,,12220,3,,,1,62,,12221,3,,,1,22,,12222,3,,,1,16,,12223,3,,,1,56,,12224,3,,,1,16,,12225,3,,,1,16,,12226,3,,,1,16,,12227,3,,,1,56,,12228,3,,,1,16,,12229,3,,,1,16,,12230,3,,,1,56,,12231,3,,,1,16,,12232,3,,,1,16,,12233,3,,,1,16,,12234,3,,,1,56,,12235,3,,,1,15,,12236,3,,,1,16,,12237,3,,,1,15,,12238,3,,,1,63,,12239,3,,,1,30,,12240,3,,,1,70,,12241,3,,,1,30,,12242,3,,,1,70,,12243,3,,,1,30,,12244,3,,,1,76,,12245,3,,,1,82,,12246,3,,,1,42,,12247,3,,,1,82,,12248,3,,,1
6030100,'2',506,,12249,3,,,1,40,,12250,3,,,1,80,,12251,3,,,1,80,,12252,3,,,1,40,,12253,3,,,1,81,,12254,3,,,1,80,,12255,3,,,1,40,,12256,3,,,1,81,,12257,3,,,1,78,,12258,3,,,1,38,,12259,3,,,1,78,,12260,3,,,1,36,,12261,3,,,1,78,,12262,3,,,1,79,,12263,3,,,1,38,,12264,3,,,1,78,,12265,3,,,1,78,,12266,3,,,1,38,,12267,3,,,1,77,,12268,3,,,1,79,,12269,3,,,1,37,,12270,3,,,1,79,,12271,3,,,1,39,,12272,3,,,1,80,,12273,3,,,1,80,,12274,3,,,1,39,,12275,3,,,1,92,,12276,3,,,1,92,,12277,3,,,1,92,,12278,3,,,1
6030100,'3',651,,12279,3,,,1,76,,12280,3,,,1,76,,12281,3,,,1,36,,12282,3,,,1,79,,12283,3,,,1,83,,12284,3,,,1,42,,12285,3,,,1,82,,12286,3,,,1,82,,12287,3,,,1,42,,12288,3,,,1,82,,12289,3,,,1,83,,12290,3,,,1,42,,12291,3,,,1,75,,12292,3,,,1,76,,12293,3,,,1,36,,12294,3,,,1,76,,12295,3,,,1,36,,12296,3,,,1,76,,12297,3,,,1,76,,12298,3,,,1,36,,12299,3,,,1,75,,12300,3,,,1,36,,12301,3,,,1,146,,12302,3,,,1,106,,12303,3,,,1,106,,12304,3,,,1
6030100,'80',651,,12305,3,,,1,76,,12306,3,,,1,76,,12307,3,,,1,36,,12308,3,,,1,79,,12309,3,,,1,83,,12310,3,,,1,42,,12311,3,,,1,82,,12312,3,,,1,82,,12313,3,,,1,42,,12314,3,,,1,82,,12315,3,,,1,83,,12316,3,,,1,42,,12317,3,,,1,75,,12318,3,,,1,76,,12319,3,,,1,36,,12320,3,,,1,76,,12321,3,,,1,36,,12322,3,,,1,76,,12323,3,,,1,76,,12324,3,,,1,36,,12325,3,,,1,75,,12326,3,,,1,36,,12327,3,,,1,146,,12328,3,,,1,106,,12329,3,,,1,106,,12330,3,,,1
6030100,'81',651,,12331,3,,,1,76,,12332,3,,,1,76,,12333,3,,,1,36,,12334,3,,,1,79,,12335,3,,,1,83,,12336,3,,,1,42,,12337,3,,,1,82,,12338,3,,,1,82,,12339,3,,,1,42,,12340,3,,,1,82,,12341,3,,,1,83,,12342,3,,,1,42,,12343,3,,,1,75,,12344,3,,,1,76,,12345,3,,,1,36,,12346,3,,,1,76,,12347,3,,,1,36,,12348,3,,,1,76,,12349,3,,,1,76,,12350,3,,,1,36,,12351,3,,,1,75,,12352,3,,,1,36,,12353,3,,,1,146,,12354,3,,,1,106,,12355,3,,,1,106,,12356,3,,,1
