101,'1',450,,23682,16,,,1,78,,23683,16,,,1,31,,23684,16,,,1,87,,23690,16,,,1,79,,23692,16,,,1,30,,23685,16,,,1,56,,23691,16,,,1,45,,23689,16,,,1,71,,23688,16,,,1,32,,23687,16,,,1,70,,23686,16,,,1,109,,23681,16,,,1,113,,23680,16,,,1,153,,23679,16,,,1,36,,23693,16,,,1,77,,23678,16,,,1,23,,23670,16,,,1,75,,23671,16,,,1,34,,23672,16,,,1,74,,23677,16,,,1,34,,23676,16,,,1,76,,23675,16,,,1,73,,23674,16,,,1,31,,23673,16,,,1,82,,23666,16,,,1,99,,23669,16,,,1,102,,23668,16,,,1,99,,23667,16,,,1,89,,23665,16,,,1,95,,23664,16,,,1
101,'74',644,,23715,16,,,1,104,,23694,16,,,1,103,,23695,16,,,1,106,,23696,16,,,1,149,,23697,16,,,1,110,,23708,16,,,1,101,,23698,16,,,1,92,,23699,16,,,1,92,,23700,16,,,1,52,,23701,16,,,1,93,,23702,16,,,1,92,,23703,16,,,1,89,,23704,16,,,1,92,,23705,16,,,1,92,,23706,16,,,1,90,,23707,16,,,1,121,,23709,16,,,1,97,,23710,16,,,1,95,,23711,16,,,1,95,,23712,16,,,1,97,,23713,16,,,1
101,'80',834,,23730,16,,,1,114,,23729,16,,,1,154,,23716,16,,,1,112,,23717,16,,,1,112,,23718,16,,,1,112,,23719,16,,,1,112,,23720,16,,,1,152,,23721,16,,,1,111,,23722,16,,,1,110,,23723,16,,,1,97,,23728,16,,,1,99,,23724,16,,,1,99,,23725,16,,,1,97,,23726,16,,,1,99,,23727,16,,,1
101,'35296.2',644,,23744,16,,,1,104,,23732,16,,,1,103,,23733,16,,,1,106,,23734,16,,,1,149,,23735,16,,,1,110,,23742,16,,,1,101,,23736,16,,,1,92,,23737,16,,,1,92,,23738,16,,,1,52,,23739,16,,,1,93,,23740,16,,,1,92,,23741,16,,,1,89,,23745,16,,,1,92,,23746,16,,,1,92,,23747,16,,,1,90,,23748,16,,,1,121,,23749,16,,,1,97,,23750,16,,,1,95,,23751,16,,,1,95,,23752,16,,,1,97,,23753,16,,,1
101,'35296.3',834,,23757,16,,,1,114,,23756,16,,,1,154,,23754,16,,,1,112,,23755,16,,,1,112,,23759,16,,,1,112,,23760,16,,,1,112,,23761,16,,,1,152,,23762,16,,,1,111,,23763,16,,,1,110,,23764,16,,,1,97,,23769,16,,,1,99,,23765,16,,,1,99,,23766,16,,,1,97,,23767,16,,,1,99,,23768,16,,,1
101,'35298.2',644,,23808,16,,,1,75,,23804,16,,,1,17,,23805,16,,,1,18,,23806,16,,,1,57,,23807,16,,,1,17,,23770,16,,,1,17,,23771,16,,,1,57,,23772,16,,,1,20,,23773,16,,,1,17,,23774,16,,,1,17,,23775,16,,,1,57,,23776,16,,,1,18,,23777,16,,,1,17,,23778,16,,,1,57,,23779,16,,,1,18,,23780,16,,,1,17,,23781,16,,,1,17,,23782,16,,,1,57,,23783,16,,,1,17,,23784,16,,,1,16,,23785,16,,,1,57,,23786,16,,,1,17,,23787,16,,,1,17,,23788,16,,,1,17,,23789,16,,,1,57,,23790,16,,,1,17,,23791,16,,,1,17,,23792,16,,,1,57,,23793,16,,,1,17,,23794,16,,,1,17,,23795,16,,,1,17,,23796,16,,,1,57,,23797,16,,,1,18,,23798,16,,,1,17,,23799,16,,,1,57,,23800,16,,,1,17,,23801,16,,,1,17,,23802,16,,,1,17,,23803,16,,,1,57,,23810,16,,,1,14,,23811,16,,,1,17,,23812,16,,,1,17,,23813,16,,,1,60,,23814,16,,,1,92,,23815,16,,,1,90,,23816,16,,,1,121,,23817,16,,,1,97,,23818,16,,,1,95,,23819,16,,,1,95,,23820,16,,,1,97,,23821,16,,,1
101,'35298.3',715,,23822,16,,,1,17,,23823,16,,,1,17,,23824,16,,,1,57,,23825,16,,,1,17,,23826,16,,,1,17,,23827,16,,,1,17,,23828,16,,,1,59,,23829,16,,,1,17,,23830,16,,,1,17,,23831,16,,,1,57,,23832,16,,,1,19,,23833,16,,,1,17,,23834,16,,,1,57,,23835,16,,,1,17,,23836,16,,,1,17,,23837,16,,,1,17,,23838,16,,,1,57,,23839,16,,,1,17,,23840,16,,,1,17,,23841,16,,,1,17,,23842,16,,,1,57,,23843,16,,,1,17,,23844,16,,,1,17,,23845,16,,,1,57,,23846,16,,,1,17,,23847,16,,,1,17,,23848,16,,,1,17,,23849,16,,,1,57,,23850,16,,,1,17,,23851,16,,,1,17,,23852,16,,,1,57,,23853,16,,,1,17,,23854,16,,,1,17,,23855,16,,,1,17,,23856,16,,,1,57,,23857,16,,,1,17,,23858,16,,,1,17,,23859,16,,,1,56,,23860,16,,,1,17,,23861,16,,,1,17,,23862,16,,,1,17,,23863,16,,,1,55,,23864,16,,,1,17,,23865,16,,,1,93,,23866,16,,,1,99,,23867,16,,,1,99,,23868,16,,,1,97,,23869,16,,,1,99,,23870,16,,,1
52200,'1',902,,34039,8,,,1,119,,34040,8,,,1,120,,34041,8,,,1,159,,34042,8,,,1,119,,34043,8,,,1,120,,34044,8,,,1
60301,'1',550,,35160,7,,,1,60,,35161,7,,,1,16,,35162,7,,,1,18,,35163,7,,,1,58,,35164,7,,,1,20,,35165,7,,,1,18,,35166,7,,,1,18,,35167,7,,,1,63,,35168,7,,,1,18,,35169,7,,,1,18,,35170,7,,,1,53,,35171,7,,,1,19,,35172,7,,,1,22,,35173,7,,,1,62,,35174,7,,,1,22,,35175,7,,,1,22,,35176,7,,,1,62,,35177,7,,,1,22,,35178,7,,,1,62,,35179,7,,,1,22,,35180,7,,,1,22,,35181,7,,,1,62,,35182,7,,,1,22,,35183,7,,,1,22,,35184,7,,,1,62,,35185,7,,,1,22,,35186,7,,,1,63,,35187,7,,,1,16,,35188,7,,,1,16,,35189,7,,,1,16,,35190,7,,,1,56,,35191,7,,,1,16,,35192,7,,,1,16,,35193,7,,,1,16,,35194,7,,,1,56,,35195,7,,,1,16,,35196,7,,,1,16,,35197,7,,,1,16,,35198,7,,,1,56,,35199,7,,,1,14,,35200,7,,,1,16,,35201,7,,,1,16,,35202,7,,,1,56,,35203,7,,,1,26,,35204,7,,,1,69,,35205,7,,,1,30,,35206,7,,,1,70,,35207,7,,,1,30,,35208,7,,,1,70,,35209,7,,,1,34,,35210,7,,,1,82,,35211,7,,,1,78,,35212,7,,,1
60301,'74',557,,35215,7,,,1,79,,35216,7,,,1,81,,35217,7,,,1,40,,35218,7,,,1,81,,35219,7,,,1,83,,35220,7,,,1,80,,35221,7,,,1,39,,35222,7,,,1,86,,35223,7,,,1,77,,35224,7,,,1,38,,35225,7,,,1,79,,35226,7,,,1,38,,35227,7,,,1,77,,35228,7,,,1,79,,35229,7,,,1,38,,35230,7,,,1,78,,35231,7,,,1,75,,35232,7,,,1,38,,35233,7,,,1,77,,35234,7,,,1,38,,35235,7,,,1,78,,35236,7,,,1,91,,35237,7,,,1,79,,35238,7,,,1,39,,35239,7,,,1,80,,35240,7,,,1,98,,35241,7,,,1,92,,35242,7,,,1,92,,35243,7,,,1
60301,'80',810,,35247,7,,,1,39,,35248,7,,,1,76,,35249,7,,,1,88,,35250,7,,,1,40,,35251,7,,,1,82,,35252,7,,,1,82,,35253,7,,,1,84,,35254,7,,,1,42,,35255,7,,,1,81,,35256,7,,,1,82,,35257,7,,,1,41,,35258,7,,,1,80,,35259,7,,,1,76,,35260,7,,,1,37,,35261,7,,,1,76,,35262,7,,,1,34,,35263,7,,,1,76,,35264,7,,,1,75,,35265,7,,,1,36,,35266,7,,,1,76,,35267,7,,,1,40,,35268,7,,,1,105,,35269,7,,,1,145,,35270,7,,,1,106,,35271,7,,,1
60301,'35296.2',557,,35274,7,,,1,79,,35275,7,,,1,81,,35276,7,,,1,40,,35277,7,,,1,81,,35278,7,,,1,83,,35279,7,,,1,80,,35280,7,,,1,39,,35281,7,,,1,86,,35282,7,,,1,77,,35283,7,,,1,38,,35284,7,,,1,79,,35285,7,,,1,38,,35286,7,,,1,77,,35287,7,,,1,79,,35288,7,,,1,38,,35289,7,,,1,78,,35290,7,,,1,75,,35291,7,,,1,38,,35292,7,,,1,77,,35293,7,,,1,38,,35294,7,,,1,78,,35295,7,,,1,91,,35296,7,,,1,79,,35297,7,,,1,39,,35298,7,,,1,80,,35299,7,,,1,98,,35300,7,,,1,92,,35301,7,,,1,92,,35302,7,,,1
60301,'35296.3',810,,35306,7,,,1,39,,35307,7,,,1,76,,35308,7,,,1,88,,35309,7,,,1,40,,35310,7,,,1,82,,35311,7,,,1,82,,35312,7,,,1,84,,35313,7,,,1,42,,35314,7,,,1,81,,35315,7,,,1,82,,35316,7,,,1,41,,35317,7,,,1,80,,35318,7,,,1,76,,35319,7,,,1,37,,35320,7,,,1,76,,35321,7,,,1,34,,35322,7,,,1,76,,35323,7,,,1,75,,35324,7,,,1,36,,35325,7,,,1,76,,35326,7,,,1,40,,35327,7,,,1,105,,35328,7,,,1,145,,35329,7,,,1,106,,35330,7,,,1
60301,'35297.2',524,,35438,7,,,1,22,,35439,7,,,1,62,,35440,7,,,1,21,,35441,7,,,1,22,,35442,7,,,1,63,,35331,7,,,1,7,,35332,7,,,1,7,,35333,7,,,1,7,,35334,7,,,1,7,,35335,7,,,1,7,,35336,7,,,1,7,,35337,7,,,1,47,,35338,7,,,1,7,,35339,7,,,1,7,,35340,7,,,1,7,,35341,7,,,1,8,,35342,7,,,1,7,,35343,7,,,1,7,,35344,7,,,1,7,,35345,7,,,1,47,,35346,7,,,1,7,,35347,7,,,1,7,,35348,7,,,1,10,,35349,7,,,1,7,,35350,7,,,1,7,,35351,7,,,1,7,,35352,7,,,1,7,,35353,7,,,1,7,,35354,7,,,1,46,,35355,7,,,1,7,,35356,7,,,1,7,,35357,7,,,1,7,,35358,7,,,1,7,,35359,7,,,1,7,,35360,7,,,1,9,,35361,7,,,1,7,,35362,7,,,1,47,,35363,7,,,1,7,,35364,7,,,1,7,,35365,7,,,1,7,,35366,7,,,1,7,,35367,7,,,1,7,,35368,7,,,1,7,,35369,7,,,1,6,,35370,7,,,1,7,,35371,7,,,1,47,,35372,7,,,1,7,,35373,7,,,1,7,,35374,7,,,1,7,,35375,7,,,1,7,,35376,7,,,1,7,,35377,7,,,1,7,,35378,7,,,1,8,,35379,7,,,1,47,,35380,7,,,1,7,,35381,7,,,1,7,,35382,7,,,1,7,,35383,7,,,1,7,,35384,7,,,1,7,,35385,7,,,1,7,,35386,7,,,1,7,,35387,7,,,1,7,,35388,7,,,1,47,,35389,7,,,1,7,,35390,7,,,1,6,,35391,7,,,1,7,,35392,7,,,1,7,,35393,7,,,1,7,,35394,7,,,1,7,,35395,7,,,1,8,,35396,7,,,1,47,,35397,7,,,1,7,,35398,7,,,1,7,,35399,7,,,1,7,,35400,7,,,1,7,,35401,7,,,1,7,,35402,7,,,1,7,,35403,7,,,1,7,,35404,7,,,1,7,,35405,7,,,1,47,,35406,7,,,1,7,,35407,7,,,1,7,,35408,7,,,1,7,,35409,7,,,1,7,,35410,7,,,1,7,,35411,7,,,1,7,,35412,7,,,1,7,,35413,7,,,1,47,,35414,7,,,1,4,,35415,7,,,1,7,,35416,7,,,1,7,,35417,7,,,1,7,,35418,7,,,1,7,,35419,7,,,1,7,,35420,7,,,1,11,,35421,7,,,1,7,,35422,7,,,1,47,,35423,7,,,1,7,,35424,7,,,1,7,,35425,7,,,1,2,,35426,7,,,1,7,,35427,7,,,1,7,,35428,7,,,1,7,,35429,7,,,1,7,,35430,7,,,1,7,,35431,7,,,1,47,,35432,7,,,1,7,,35433,7,,,1,7,,35434,7,,,1,7,,35435,7,,,1,7,,35436,7,,,1,7,,35437,7,,,1,22,,35443,7,,,1,62,,35444,7,,,1,22,,35445,7,,,1,61,,35446,7,,,1,22,,35447,7,,,1,21,,35448,7,,,1,62,,35449,7,,,1,22,,35450,7,,,1,22,,35451,7,,,1,60,,35452,7,,,1,22,,35453,7,,,1,22,,35454,7,,,1,62,,35455,7,,,1,22,,35456,7,,,1,62,,35457,7,,,1,22,,35458,7,,,1
60301,'35297.3',713,,35459,7,,,1,7,,35460,7,,,1,7,,35461,7,,,1,7,,35462,7,,,1,7,,35463,7,,,1,7,,35464,7,,,1,7,,35465,7,,,1,47,,35466,7,,,1,7,,35467,7,,,1,7,,35468,7,,,1,7,,35469,7,,,1,7,,35470,7,,,1,7,,35471,7,,,1,10,,35472,7,,,1,7,,35473,7,,,1,47,,35474,7,,,1,7,,35475,7,,,1,7,,35476,7,,,1,7,,35477,7,,,1,7,,35478,7,,,1,7,,35479,7,,,1,7,,35480,7,,,1,7,,35481,7,,,1,9,,35482,7,,,1,47,,35483,7,,,1,7,,35484,7,,,1,7,,35485,7,,,1,7,,35486,7,,,1,7,,35487,7,,,1,7,,35488,7,,,1,5,,35489,7,,,1,7,,35490,7,,,1,47,,35491,7,,,1,7,,35492,7,,,1,7,,35493,7,,,1,7,,35494,7,,,1,7,,35495,7,,,1,7,,35496,7,,,1,7,,35497,7,,,1,7,,35498,7,,,1,7,,35499,7,,,1,47,,35500,7,,,1,7,,35501,7,,,1,7,,35502,7,,,1,7,,35503,7,,,1,7,,35504,7,,,1,7,,35505,7,,,1,7,,35506,7,,,1,9,,35507,7,,,1,47,,35508,7,,,1,7,,35509,7,,,1,7,,35510,7,,,1,7,,35511,7,,,1,7,,35512,7,,,1,7,,35513,7,,,1,7,,35514,7,,,1,7,,35515,7,,,1,7,,35516,7,,,1,47,,35517,7,,,1,7,,35518,7,,,1,6,,35519,7,,,1,7,,35520,7,,,1,7,,35521,7,,,1,7,,35522,7,,,1,7,,35523,7,,,1,7,,35524,7,,,1,7,,35525,7,,,1,47,,35526,7,,,1,7,,35527,7,,,1,7,,35528,7,,,1,7,,35529,7,,,1,6,,35530,7,,,1,7,,35531,7,,,1,7,,35532,7,,,1,7,,35533,7,,,1,47,,35534,7,,,1,7,,35535,7,,,1,7,,35536,7,,,1,7,,35537,7,,,1,7,,35538,7,,,1,7,,35539,7,,,1,7,,35540,7,,,1,7,,35541,7,,,1,7,,35542,7,,,1,47,,35543,7,,,1,7,,35544,7,,,1,8,,35545,7,,,1,7,,35546,7,,,1,7,,35547,7,,,1,7,,35548,7,,,1,7,,35549,7,,,1,7,,35550,7,,,1,47,,35551,7,,,1,7,,35552,7,,,1,7,,35553,7,,,1,7,,35554,7,,,1,7,,35555,7,,,1,7,,35556,7,,,1,7,,35557,7,,,1,5,,35558,7,,,1,7,,35559,7,,,1,47,,35560,7,,,1,7,,35561,7,,,1,7,,35562,7,,,1,7,,35563,7,,,1,7,,35564,7,,,1,7,,35565,7,,,1,7,,35566,7,,,1,61,,35567,7,,,1,22,,35568,7,,,1,22,,35569,7,,,1,62,,35570,7,,,1,21,,35571,7,,,1,22,,35572,7,,,1,61,,35573,7,,,1,22,,35574,7,,,1,22,,35575,7,,,1,62,,35576,7,,,1,21,,35577,7,,,1,62,,35578,7,,,1,22,,35579,7,,,1,22,,35580,7,,,1,62,,35581,7,,,1
