7700,'1',417,,16671,25,,,1,15,,16672,25,,,1,15,,16673,25,,,1,55,,16674,25,,,1,15,,16675,25,,,1,9,,16632,38,,,1,17,,16631,38,,,1,13,,16630,38,,,1,60,,16629,38,,,1,15,,16627,38,,,1,21,,16628,38,,,1,53,,16647,38,,,1,16,,16646,38,,,1,16,,16645,38,,,1,64,,16644,38,,,1,16,,16643,38,,,1,16,,16642,38,,,1,16,,16633,38,,,1,54,,16634,38,,,1,16,,16635,38,,,1,16,,16636,38,,,1,16,,16637,38,,,1,53,,16638,38,,,1,12,,16639,38,,,1,16,,16640,38,,,1,71,,16641,38,,,1,33,,16655,38,,,1,70,,16654,38,,,1,30,,16653,38,,,1,70,,16648,38,,,1,33,,16649,38,,,1,61,,16676,25,,,1,9,,16650,38,,,1,28,,16677,25,,,1,2,,16651,38,,,1,75,,16652,38,,,1,20,,16678,25,,,1,3,,16670,38,,,1,19,,16669,38,,,1,66,,16668,38,,,1,24,,16667,38,,,1,59,,16666,38,,,1,19,,16656,38,,,1,19,,16657,38,,,1,59,,16658,38,,,1,14,,16659,38,,,1,13,,16660,38,,,1,19,,16661,38,,,1,11,,16662,38,,,1,59,,16663,38,,,1,15,,16664,38,,,1,14,,16665,38,,,1,59,,16679,38,,,1,19,,16680,38,,,1,19,,16681,38,,,1,69,,16684,38,,,1,27,,16683,38,,,1,67,,16682,38,,,1,40,,16693,38,,,1,73,,16692,38,,,1,28,,16691,38,,,1,73,,16685,38,,,1,33,,16686,38,,,1,73,,16687,38,,,1,73,,16688,38,,,1,33,,16689,38,,,1,73,,16690,38,,,1
7700,'2',456,,16694,25,,,1,70,,16695,38,,,1,75,,16696,38,,,1,35,,16697,38,,,1,76,,16698,38,,,1,35,,16699,38,,,1,75,,16700,38,,,1,36,,16701,38,,,1,75,,16702,38,,,1,75,,16703,38,,,1,48,,16704,38,,,1,81,,16705,38,,,1,81,,16706,38,,,1,87,,16707,38,,,1,41,,16708,38,,,1,81,,16709,38,,,1,77,,16710,38,,,1,33,,16711,38,,,1,73,,16712,38,,,1,30,,16713,38,,,1,73,,16714,38,,,1,33,,16715,38,,,1,71,,16716,38,,,1,34,,16717,38,,,1,70,,16719,38,,,1,27,,16720,38,,,1,70,,16721,38,,,1,30,,16722,38,,,1,65,,16723,38,,,1,30,,16724,38,,,1,73,,16725,38,,,1,30,,16726,38,,,1,70,,16727,38,,,1,26,,16728,38,,,1,70,,16729,38,,,1,23,,16718,38,,,1,69,,16730,38,,,1,33,,16731,38,,,1,73,,16732,38,,,1,33,,16733,38,,,1,73,,16734,38,,,1
9901,'1',421,,18903,35,,,1,81,,18904,35,,,1,40,,18905,35,,,1,82,,18906,35,,,1,82,,18907,35,,,1,35,,18908,35,,,1,71,,18909,35,,,1,43,,18910,35,,,1,72,,18911,35,,,1,75,,18912,35,,,1,54,,18913,35,,,1,98,,18914,35,,,1,94,,18915,35,,,1,94,,18916,35,,,1,100,,18917,35,,,1,68,,18918,35,,,1,30,,18919,35,,,1,70,,18920,35,,,1,30,,18921,35,,,1,70,,18922,35,,,1,30,,18923,35,,,1,70,,18924,35,,,1,26,,18925,35,,,1,70,,18926,35,,,1,26,,18927,35,,,1,70,,18928,35,,,1,30,,18929,35,,,1,25,,18930,35,,,1,70,,18931,35,,,1,85,,18932,35,,,1
9901,'2',543,,18933,35,,,1,77,,18934,35,,,1,37,,18935,35,,,1,77,,18936,35,,,1,87,,18937,35,,,1,92,,18938,35,,,1,89,,18939,35,,,1,47,,18940,35,,,1,102,,18941,35,,,1,97,,18942,35,,,1,95,,18943,35,,,1,95,,18944,35,,,1,95,,18945,35,,,1,95,,18946,35,,,1,92,,18947,35,,,1,94,,18948,35,,,1,95,,18949,35,,,1,91,,18950,35,,,1,45,,18951,35,,,1,85,,18952,35,,,1
9901,'3',547,,18953,35,,,1,81,,18954,35,,,1,78,,18955,35,,,1,38,,18956,35,,,1,78,,18957,35,,,1,93,,18958,35,,,1,89,,18959,35,,,1,49,,18960,35,,,1,89,,18961,35,,,1,94,,18962,35,,,1,89,,18963,35,,,1,89,,18964,35,,,1,89,,18965,35,,,1,49,,18966,35,,,1,89,,18967,35,,,1,89,,18968,35,,,1,84,,18969,35,,,1,89,,18970,35,,,1,49,,18971,35,,,1,86,,18972,35,,,1,89,,18973,35,,,1,79,,18974,35,,,1
9901,'80',547,,18975,35,,,1,81,,18976,35,,,1,78,,18977,35,,,1,38,,18978,35,,,1,78,,18979,35,,,1,93,,18980,35,,,1,89,,18981,35,,,1,49,,18982,35,,,1,89,,18983,35,,,1,94,,18984,35,,,1,89,,18985,35,,,1,89,,18986,35,,,1,89,,18987,35,,,1,49,,18988,35,,,1,89,,18989,35,,,1,89,,18990,35,,,1,84,,18991,35,,,1,89,,18992,35,,,1,49,,18993,35,,,1,86,,18994,35,,,1,89,,18995,35,,,1,79,,18996,35,,,1
36001,'2',1004,,20526,16,,,1,28,,20527,16,,,1,68,,20528,16,,,1,28,,20529,16,,,1,27,,20530,16,,,1,68,,20531,16,,,1,29,,20532,16,,,1,68,,20533,16,,,1,28,,20534,16,,,1,68,,20535,16,,,1,28,,20536,16,,,1,68,,20537,16,,,1,27,,20538,16,,,1,68,,20539,16,,,1,28,,20540,16,,,1,71,,20554,16,,,1,29,,20553,16,,,1,67,,20541,16,,,1,31,,20542,16,,,1,76,,20543,16,,,1,30,,20544,16,,,1,66,,20545,16,,,1,30,,20546,16,,,1,72,,20547,16,,,1,28,,20548,16,,,1,68,,20549,16,,,1,30,,20550,16,,,1,70,,20551,16,,,1,30,,20552,16,,,1
36001,'80',1000,,20555,16,,,1,28,,20556,16,,,1,28,,20557,16,,,1,65,,20558,16,,,1,28,,20559,16,,,1,70,,20560,16,,,1,28,,20561,16,,,1,68,,20562,16,,,1,29,,20563,16,,,1,68,,20564,16,,,1,26,,20565,16,,,1,71,,20566,16,,,1,28,,20567,16,,,1,68,,20568,16,,,1,29,,20569,16,,,1,68,,20570,16,,,1,28,,20571,16,,,1,28,,20572,16,,,1,68,,20573,16,,,1,28,,20574,16,,,1,71,,20575,16,,,1,22,,20576,16,,,1,68,,20577,16,,,1,28,,20578,16,,,1,66,,20582,16,,,1,28,,20579,16,,,1,66,,20580,16,,,1,28,,20581,16,,,1
36001,'24603.3',1000,,20583,16,,,1,28,,20584,16,,,1,28,,20585,16,,,1,65,,20586,16,,,1,28,,20587,16,,,1,70,,20588,16,,,1,28,,20589,16,,,1,68,,20590,16,,,1,29,,20591,16,,,1,68,,20592,16,,,1,26,,20593,16,,,1,71,,20594,16,,,1,28,,20595,16,,,1,68,,20596,16,,,1,29,,20597,16,,,1,68,,20598,16,,,1,28,,20599,16,,,1,28,,20600,16,,,1,68,,20601,16,,,1,28,,20602,16,,,1,71,,20603,16,,,1,22,,20604,16,,,1,68,,20605,16,,,1,28,,20606,16,,,1,66,,20610,16,,,1,28,,20607,16,,,1,66,,20608,16,,,1,28,,20609,16,,,1
36001,'24604.3',2252,,20611,16,,,1,66,,20612,16,,,1,26,,20613,16,,,1
989901,'1',2247,,22691,90,,,1,69,,22692,90,,,1,38,,22693,90,,,1,74,,22694,90,,,1,75,,22695,90,,,1,30,,22696,90,,,1,75,,22697,90,,,1,35,,22698,90,,,1
989901,'2',2255,,22699,90,,,1,87,,22700,90,,,1,81,,22701,90,,,1,91,,22704,90,,,1,45,,22702,90,,,1,86,,22703,90,,,1
989901,'3',2303,,22705,90,,,1,47,,22706,90,,,1,83,,22707,90,,,1,85,,22708,90,,,1,39,,22709,90,,,1,83,,22710,90,,,1
989901,'80',2303,,22711,90,,,1,47,,22712,90,,,1,83,,22713,90,,,1,85,,22714,90,,,1,39,,22715,90,,,1,83,,22716,90,,,1
