301,'1',609,,24203,70,,,1,32,,24204,70,,,1,77,,24205,70,,,1,36,,24206,70,,,1,72,,24207,70,,,1,79,,24208,70,,,1,32,,24209,70,,,1,22,,24210,70,,,1,72,,24202,70,,,1,77,,24226,70,,,1,46,,24211,70,,,1,86,,24212,70,,,1,86,,24213,70,,,1,86,,24214,70,,,1,34,,24227,17,,,1,12,,24215,70,,,1,94,,24216,70,,,1,67,,24217,70,,,1,32,,24218,70,,,1,72,,24219,70,,,1,32,,24220,70,,,1,66,,24221,70,,,1,32,,24222,70,,,1,66,,24223,70,,,1,32,,24224,70,,,1,66,,24225,70,,,1,29,,24231,70,,,1,66,,24228,70,,,1,43,,24229,70,,,1
301,'2',846,,24234,70,,,1,103,,24233,70,,,1,106,,24238,70,,,1,145,,24235,70,,,1,105,,24236,70,,,1,105,,24237,70,,,1,105,,24239,70,,,1,106,,24240,70,,,1,106,,24241,70,,,1,106,,24242,70,,,1,103,,24243,70,,,1,102,,24244,70,,,1,102,,24245,70,,,1
301,'3',1004,,24253,70,,,1,104,,24252,70,,,1,102,,24251,70,,,1,102,,24250,70,,,1,102,,24249,70,,,1,102,,24248,70,,,1,102,,24247,70,,,1,102,,24246,70,,,1,102,,24258,70,,,1,102,,24257,70,,,1,99,,24256,70,,,1,98,,24255,70,,,1
301,'74',846,,24261,70,,,1,103,,24260,70,,,1,106,,24265,70,,,1,145,,24262,70,,,1,105,,24263,70,,,1,105,,24264,70,,,1,105,,24266,70,,,1,106,,24267,70,,,1,106,,24268,70,,,1,106,,24269,70,,,1,103,,24270,70,,,1,102,,24271,70,,,1,102,,24272,70,,,1
301,'80',1004,,24276,70,,,1,104,,24275,70,,,1,102,,24274,70,,,1,102,,24273,70,,,1,102,,24280,70,,,1,102,,24279,70,,,1,102,,24278,70,,,1,102,,24277,70,,,1,102,,24285,70,,,1,102,,24284,70,,,1,99,,24283,70,,,1,98,,24282,70,,,1
9601,'1',547,,31339,92,,,1,74,,31340,92,,,1,29,,31341,92,,,1,70,,31342,92,,,1,82,,31343,92,,,1,37,,31344,92,,,1,78,,31345,92,,,1,26,,31346,92,,,1,71,,31347,92,,,1,31,,31348,92,,,1,79,,31349,92,,,1,78,,31350,88,,,1,43,,31351,88,,,1,75,,31352,88,,,1,32,,31353,88,,,1,86,,31354,88,,,1,83,,31355,88,,,1,25,,31374,88,,,1,54,,31356,88,,,1,35,,31357,88,,,1,67,,31358,88,,,1,31,,31359,92,,,1,67,,31360,92,,,1,20,,31361,92,,,1,21,,31362,92,,,1,16,,31363,92,,,1,65,,31364,92,,,1,25,,31365,92,,,1,65,,31366,92,,,1,21,,31367,88,,,1,25,,31368,88,,,1,66,,31369,88,,,1,30,,31370,88,,,1,70,,31371,88,,,1,30,,31372,88,,,1,64,,31373,88,,,1
9601,'2',910,,31375,88,,,1,99,,31376,88,,,1,103,,31377,88,,,1,99,,31378,88,,,1,99,,31379,88,,,1,96,,31380,88,,,1,99,,31381,88,,,1,99,,31382,88,,,1,99,,31383,88,,,1,99,,31384,88,,,1,47,,31385,88,,,1,89,,31386,88,,,1,97,,31387,88,,,1
9601,'3',1010,,31388,88,,,1,94,,31389,88,,,1,54,,31390,88,,,1,94,,31391,88,,,1,94,,31392,88,,,1,94,,31393,88,,,1,96,,31394,88,,,1,94,,31395,88,,,1,87,,31396,88,,,1,94,,31397,88,,,1,92,,31398,88,,,1,54,,31399,88,,,1
9601,'74',910,,31400,88,,,1,99,,31401,88,,,1,103,,31402,88,,,1,99,,31403,88,,,1,99,,31404,88,,,1,96,,31405,88,,,1,99,,31406,88,,,1,99,,31407,88,,,1,99,,31408,88,,,1,99,,31409,88,,,1,47,,31410,88,,,1,89,,31411,88,,,1,97,,31412,88,,,1
9601,'80',1010,,31413,88,,,1,94,,31414,88,,,1,54,,31415,88,,,1,94,,31416,88,,,1,94,,31417,88,,,1,94,,31418,88,,,1,96,,31419,88,,,1,94,,31420,88,,,1,87,,31421,88,,,1,94,,31422,88,,,1,92,,31423,88,,,1,54,,31424,88,,,1
10701,'1',542,,32420,35,,,1,64,,32419,35,,,1,31,,32418,35,,,1,64,,32417,35,,,1,24,,32416,35,,,1,21,,32415,35,,,1,60,,32414,35,,,1,12,,32413,35,,,1,19,,32412,35,,,1,16,,32411,35,,,1,56,,32410,35,,,1,10,,32409,35,,,1,40,,32398,35,,,1,80,,32405,35,,,1,82,,32404,35,,,1,82,,32403,35,,,1,42,,32402,35,,,1,89,,32401,35,,,1,82,,32400,35,,,1,28,,32408,35,,,1,14,,32399,35,,,1,63,,32397,35,,,1,24,,32396,35,,,1,58,,32395,35,,,1,18,,32394,35,,,1,22,,32393,35,,,1,58,,32392,35,,,1,18,,32391,35,,,1,20,,32390,35,,,1,18,,32389,35,,,1,58,,32388,35,,,1,15,,32387,35,,,1,12,,32386,35,,,1,58,,32434,35,,,1,26,,32433,35,,,1,18,,32421,35,,,1,78,,32435,35,,,1,81,,32432,35,,,1,34,,32431,35,,,1,78,,32430,35,,,1,31,,32429,35,,,1,74,,32428,35,,,1,34,,32427,35,,,1,74,,32426,35,,,1,74,,32425,35,,,1,34,,32424,35,,,1,74,,32423,35,,,1,34,,32422,35,,,1
10701,'2',716,,32463,35,,,1,39,,32464,35,,,1,77,,32465,35,,,1,77,,32466,35,,,1,37,,32467,35,,,1,77,,32468,35,,,1,77,,32469,35,,,1,37,,32470,35,,,1,77,,32471,35,,,1,37,,32472,35,,,1,76,,32440,35,,,1,77,,32441,35,,,1,35,,32443,35,,,1,77,,32444,35,,,1,37,,32445,35,,,1,77,,32446,35,,,1,75,,32447,35,,,1,37,,32448,35,,,1,77,,32449,35,,,1,37,,32450,35,,,1,77,,32451,35,,,1,77,,32452,35,,,1,37,,32453,35,,,1,77,,32454,35,,,1,77,,32455,35,,,1,37,,32442,35,,,1,77,,32456,35,,,1,37,,32457,35,,,1,77,,32458,35,,,1,77,,32459,35,,,1,35,,32439,35,,,1,75,,32460,35,,,1
10701,'3',754,,32485,35,,,1,77,,32486,35,,,1,74,,32487,35,,,1,37,,32488,35,,,1,78,,32489,35,,,1,37,,32490,35,,,1,77,,32484,35,,,1,77,,32491,35,,,1,37,,32492,35,,,1,77,,32493,35,,,1,77,,32494,35,,,1,36,,32495,35,,,1,75,,32496,35,,,1,37,,32497,35,,,1,77,,32498,35,,,1,77,,32500,35,,,1,37,,32501,35,,,1,77,,32499,35,,,1,37,,32481,35,,,1,77,,32502,35,,,1,77,,32503,35,,,1,37,,32504,35,,,1,77,,32505,35,,,1,77,,32473,35,,,1,37,,32474,35,,,1,77,,32475,35,,,1,37,,32476,35,,,1,77,,32477,35,,,1,76,,32478,35,,,1,37,,32479,35,,,1,77,,32480,35,,,1
10701,'74',716,,32530,35,,,1,39,,32531,35,,,1,77,,32532,35,,,1,77,,32533,35,,,1,37,,32534,35,,,1,77,,32535,35,,,1,77,,32536,35,,,1,37,,32537,35,,,1,77,,32538,35,,,1,37,,32539,35,,,1,76,,32507,35,,,1,77,,32508,35,,,1,35,,32510,35,,,1,77,,32511,35,,,1,37,,32512,35,,,1,77,,32513,35,,,1,75,,32514,35,,,1,37,,32515,35,,,1,77,,32516,35,,,1,37,,32517,35,,,1,77,,32518,35,,,1,77,,32519,35,,,1,37,,32520,35,,,1,77,,32521,35,,,1,77,,32522,35,,,1,37,,32509,35,,,1,77,,32523,35,,,1,37,,32524,35,,,1,77,,32525,35,,,1,77,,32526,35,,,1,35,,32506,35,,,1,75,,32527,35,,,1
10701,'80',754,,32552,35,,,1,77,,32553,35,,,1,74,,32554,35,,,1,37,,32555,35,,,1,78,,32556,35,,,1,37,,32557,35,,,1,77,,32551,35,,,1,77,,32558,35,,,1,37,,32559,35,,,1,77,,32560,35,,,1,77,,32561,35,,,1,36,,32562,35,,,1,75,,32563,35,,,1,37,,32564,35,,,1,77,,32565,35,,,1,77,,32567,35,,,1,37,,32568,35,,,1,77,,32566,35,,,1,37,,32548,35,,,1,77,,32569,35,,,1,77,,32570,35,,,1,37,,32571,35,,,1,77,,32572,35,,,1,77,,32540,35,,,1,37,,32541,35,,,1,77,,32542,35,,,1,37,,32543,35,,,1,77,,32544,35,,,1,76,,32545,35,,,1,37,,32546,35,,,1,77,,32547,35,,,1
1070201,'1',603,,36981,28,,,1,12,,36980,28,,,1,12,,36979,28,,,1,12,,36978,28,,,1,12,,36977,28,,,1,52,,36976,28,,,1,12,,36975,28,,,1,23,,36974,28,,,1,12,,36973,28,,,1,52,,36972,28,,,1,12,,36971,28,,,1,12,,36970,28,,,1,9,,36969,28,,,1,12,,36968,28,,,1,12,,36967,28,,,1,72,,36955,28,,,1,26,,36964,28,,,1,66,,36966,28,,,1,21,,36965,28,,,1,66,,36963,28,,,1,26,,36962,28,,,1,66,,36961,28,,,1,27,,36960,28,,,1,26,,36959,28,,,1,66,,36958,28,,,1,27,,36957,28,,,1,66,,36956,28,,,1,24,,36997,28,,,1,16,,36996,28,,,1,56,,36982,28,,,1,18,,36983,28,,,1,16,,36984,28,,,1,56,,36985,28,,,1,16,,36986,28,,,1,24,,36987,28,,,1,16,,36988,28,,,1,56,,36989,28,,,1,23,,36990,28,,,1,15,,36991,28,,,1,59,,36992,28,,,1,19,,36993,28,,,1,10,,36994,28,,,1,78,,36995,28,,,1
