8001,'1',536,,5189,25,,,1,69,,5188,25,,,1,24,,5190,25,,,1,29,,5191,25,,,1,69,,5192,25,,,1,29,,5193,25,,,1,72,,5194,25,,,1,29,,5195,25,,,1,68,,5196,25,,,1,23,,5197,25,,,1,69,,5187,25,,,1,90,,5204,25,,,1,50,,5205,25,,,1,90,,5206,25,,,1,90,,5207,25,,,1,91,,5208,25,,,1,27,,5215,25,,,1,68,,5209,25,,,1,29,,5210,25,,,1,69,,5211,25,,,1,29,,5212,25,,,1,69,,5213,25,,,1,29,,5214,25,,,1,69,,5198,25,,,1,29,,5199,25,,,1,69,,5200,25,,,1,90,,5186,25,,,1,49,,5201,25,,,1,88,,5202,25,,,1,89,,5203,25,,,1,89,,5185,25,,,1
8001,'2',644,,5216,25,,,1,87,,5217,25,,,1,86,,5218,25,,,1,99,,5219,25,,,1,100,,5220,25,,,1,98,,5221,25,,,1,98,,5222,25,,,1,99,,5223,25,,,1,98,,5224,25,,,1,98,,5225,25,,,1,98,,5226,25,,,1,99,,5227,25,,,1,98,,5228,25,,,1,98,,5229,25,,,1,51,,5230,25,,,1,93,,5231,25,,,1
8001,'3',912,,5233,25,,,1,45,,5234,25,,,1,85,,5235,25,,,1,85,,5236,25,,,1,85,,5237,25,,,1,45,,5232,25,,,1,85,,5238,25,,,1,85,,5239,25,,,1,85,,5240,25,,,1,45,,5241,25,,,1,85,,5242,25,,,1,85,,5243,25,,,1,85,,5244,25,,,1,45,,5245,25,,,1,85,,5246,25,,,1,85,,5247,25,,,1,85,,5248,25,,,1
8001,'80',912,,5250,25,,,1,45,,5251,25,,,1,85,,5252,25,,,1,85,,5253,25,,,1,85,,5254,25,,,1,45,,5249,25,,,1,85,,5255,25,,,1,85,,5256,25,,,1,85,,5257,25,,,1,45,,5258,25,,,1,85,,5259,25,,,1,85,,5260,25,,,1,85,,5261,25,,,1,45,,5262,25,,,1,85,,5263,25,,,1,85,,5264,25,,,1,85,,5265,25,,,1
8001,'81',912,,5267,25,,,1,45,,5268,25,,,1,85,,5269,25,,,1,85,,5270,25,,,1,85,,5271,25,,,1,45,,5266,25,,,1,85,,5272,25,,,1,85,,5273,25,,,1,85,,5274,25,,,1,45,,5275,25,,,1,85,,5276,25,,,1,85,,5277,25,,,1,85,,5278,25,,,1,45,,5279,25,,,1,85,,5280,25,,,1,85,,5281,25,,,1,85,,5282,25,,,1
8300,'1',737,,5339,43,0,7 6,1,72,,5340,43,,,1
8800,'1',536,,5869,12,,,1,15,,5870,12,,,1,57,,5871,12,,,1,8,,5813,41,,,1,15,,5814,41,,,1,19,,5815,41,,,1,55,,5816,41,,,1,19,,5817,41,,,1,15,,5818,41,,,1,14,,5819,41,,,1,58,,5820,41,,,1,7,,5872,41,,,1,7,,5821,41,,,1,14,,5822,41,,,1,14,,5823,41,,,1,54,,5824,41,,,1,14,,5825,41,,,1,14,,5826,41,,,1,11,,5827,41,,,1,54,,5828,41,,,1,14,,5829,41,,,1,14,,5830,41,,,1,14,,5831,41,,,1,14,,5832,41,,,1,54,,5833,41,,,1,37,,5834,41,,,1,77,,5835,41,,,1,80,,5836,41,,,1,37,,5837,41,,,1,87,,5838,41,,,1,8,,5839,41,,,1,15,,5840,41,,,1,55,,5841,41,,,1,18,,5842,41,,,1,15,,5843,41,,,1,20,,5844,41,,,1,55,,5845,41,,,1,15,,5846,41,,,1,15,,5847,41,,,1,57,,5848,41,,,1,13,,5849,41,,,1,15,,5850,41,,,1,15,,5851,41,,,1,13,,5852,41,,,1,55,,5853,41,,,1,10,,5854,41,,,1,15,,5855,41,,,1,12,,5856,41,,,1,54,,5857,41,,,1,11,,5858,41,,,1,14,,5859,41,,,1,12,,5860,41,,,1,14,,5861,41,,,1,54,,5862,41,,,1,14,,5863,41,,,1,14,,5864,41,,,1,81,,5865,41,,,1,35,,5866,41,,,1,81,,5867,41,,,1,81,,5868,41,,,1,29,,5873,41,,,1
8800,'2',525,,5908,12,,,1,29,,5909,12,,,1,69,,5910,12,,,1,29,,5911,12,,,1,67,,5874,41,,,1,29,,5875,41,,,1,81,,5881,41,,,1,74,,5880,41,,,1,34,,5876,41,,,1,72,,5877,41,,,1,37,,5878,41,,,1,74,,5879,41,,,1,82,,5897,41,,,1,29,,5882,41,,,1,69,,5883,41,,,1,29,,5884,41,,,1,29,,5885,41,,,1,69,,5886,41,,,1,29,,5887,41,,,1,69,,5888,41,,,1,28,,5889,41,,,1,69,,5890,41,,,1,29,,5891,41,,,1,69,,5892,41,,,1,29,,5893,41,,,1,69,,5894,41,,,1,29,,5895,41,,,1,69,,5896,41,,,1,21,,5907,41,,,1,66,,5906,41,,,1,24,,5905,41,,,1,24,,5898,41,,,1,67,,5899,41,,,1,24,,5900,41,,,1,66,,5901,41,,,1,26,,5902,41,,,1,23,,5903,41,,,1,66,,5904,41,,,1
8800,'3',721,,5940,23,,,1,31,,5941,23,,,1,70,,5942,23,,,1,28,,5914,41,,,1,71,,5912,41,,,1,31,,5913,41,,,1,79,,5919,41,,,1,75,,5918,41,,,1,35,,5915,41,,,1,75,,5916,41,,,1,38,,5917,41,,,1,75,,5930,41,,,1,29,,5920,41,,,1,71,,5921,41,,,1,29,,5922,41,,,1,69,,5923,41,,,1,29,,5924,41,,,1,70,,5925,41,,,1,29,,5926,41,,,1,69,,5927,41,,,1,26,,5928,41,,,1,67,,5929,41,,,1,25,,5939,41,,,1,66,,5938,41,,,1,23,,5937,41,,,1,25,,5931,41,,,1,65,,5932,41,,,1,24,,5933,41,,,1,65,,5934,41,,,1,25,,5935,41,,,1,20,,5936,41,,,1
8800,'80',721,,5943,23,,,1,31,,5944,23,,,1,70,,5945,23,,,1,28,,5948,41,,,1,71,,5946,41,,,1,31,,5947,41,,,1,79,,5953,41,,,1,75,,5952,41,,,1,35,,5949,41,,,1,75,,5950,41,,,1,38,,5951,41,,,1,75,,5964,41,,,1,29,,5954,41,,,1,71,,5955,41,,,1,29,,5956,41,,,1,69,,5957,41,,,1,29,,5958,41,,,1,70,,5959,41,,,1,29,,5960,41,,,1,69,,5961,41,,,1,26,,5962,41,,,1,67,,5963,41,,,1,25,,5973,41,,,1,66,,5972,41,,,1,23,,5971,41,,,1,25,,5965,41,,,1,65,,5966,41,,,1,24,,5967,41,,,1,65,,5968,41,,,1,25,,5969,41,,,1,20,,5970,41,,,1
8800,'81',721,,6002,23,,,1,31,,6003,23,,,1,70,,6004,23,,,1,28,,5976,41,,,1,71,,5974,41,,,1,31,,5975,41,,,1,79,,5981,41,,,1,75,,5980,41,,,1,35,,5977,41,,,1,75,,5978,41,,,1,38,,5979,41,,,1,75,,5992,41,,,1,29,,5982,41,,,1,71,,5983,41,,,1,29,,5984,41,,,1,69,,5985,41,,,1,29,,5986,41,,,1,70,,5987,41,,,1,29,,5988,41,,,1,69,,5989,41,,,1,26,,5990,41,,,1,67,,5991,41,,,1,25,,6001,41,,,1,66,,6000,41,,,1,23,,5999,41,,,1,25,,5993,41,,,1,65,,5994,41,,,1,24,,5995,41,,,1,65,,5996,41,,,1,25,,5997,41,,,1,20,,5998,41,,,1
44000,'24611.1',753,,9272,25,,,1
44301,'24612.1',1517,,9276,43,,,1
44600,'24611.1',748,,9280,17,,,1
