9600,'1',621,,6908,23,,,1,82,,6907,23,,,1,31,,6906,23,,,1,77,,6905,23,,,1,27,,6904,23,,,1,79,,6901,23,,,1,34,,6902,23,,,1,70,,6903,23,,,1,32,,6916,23,,,1,70,,6915,23,,,1,79,,6909,23,,,1,39,,6910,23,,,1,79,,6911,23,,,1,83,,6912,23,,,1,25,,6913,23,,,1,85,,6914,23,,,1,43,,6922,23,,,1,67,,6921,23,,,1,30,,6920,23,,,1,67,,6917,23,,,1,27,,6918,23,,,1,62,,6919,23,,,1,27,,6925,23,,,1,64,,6926,23,,,1,13,,6936,23,,,1,13,,6924,23,,,1,25,,6923,23,,,1,74,,6933,23,,,1,30,,6932,23,,,1,55,,6935,23,,,1,15,,6927,23,,,1,30,,6928,23,,,1,70,,6929,23,,,1,30,,6930,23,,,1,70,,6931,23,,,1,17,,6934,23,,,1
9600,'2',944,,6937,23,,,1,99,,6938,23,,,1,99,,6939,23,,,1,99,,6940,23,,,1,99,,6941,23,,,1,99,,6942,23,,,1,98,,6943,23,,,1,99,,6944,23,,,1,96,,6945,23,,,1,97,,6946,23,,,1,87,,6947,23,,,1,87,,6948,23,,,1,97,,6949,23,,,1
9600,'3',1037,,6950,23,,,1,94,,6951,23,,,1,94,,6952,23,,,1,94,,6953,23,,,1,94,,6954,23,,,1,94,,6955,23,,,1,94,,6956,23,,,1,54,,6957,23,,,1,93,,6958,23,,,1,94,,6959,23,,,1,94,,6960,23,,,1,93,,6961,23,,,1
9600,'80',1037,,6962,23,,,1,94,,6963,23,,,1,94,,6964,23,,,1,94,,6965,23,,,1,94,,6966,23,,,1,94,,6967,23,,,1,94,,6968,23,,,1,54,,6969,23,,,1,93,,6970,23,,,1,94,,6971,23,,,1,94,,6972,23,,,1,93,,6973,23,,,1
9600,'81',1037,,6974,23,,,1,94,,6975,23,,,1,94,,6976,23,,,1,94,,6977,23,,,1,94,,6978,23,,,1,94,,6979,23,,,1,94,,6980,23,,,1,54,,6981,23,,,1,93,,6982,23,,,1,94,,6983,23,,,1,94,,6984,23,,,1,93,,6985,23,,,1
10700,'1',459,,7861,23,,,1,64,,7860,23,,,1,24,,7859,23,,,1,64,,7858,23,,,1,21,,7857,23,,,1,16,,7856,23,,,1,61,,7855,23,,,1,11,,7854,23,,,1,16,,7853,23,,,1,19,,7852,23,,,1,56,,7851,23,,,1,12,,7850,23,,,1,15,,7849,23,,,1,16,,7848,23,,,1,55,,7847,23,,,1,42,,7846,23,,,1,82,,7845,23,,,1,82,,7844,23,,,1,42,,7843,23,,,1,85,,7842,23,,,1,81,,7841,23,,,1,28,,7837,2,,,1,54,,7840,23,,,1,21,,7839,23,,,1,18,,7838,23,,,1,58,,7889,23,,,1,19,,7888,23,,,1,21,,7887,23,,,1,58,,7886,23,,,1,18,,7885,23,,,1,24,,7884,23,,,1,16,,7883,23,,,1,58,,7882,23,,,1,16,,7881,23,,,1,20,,7880,23,,,1,56,,7879,23,,,1,18,,7878,23,,,1,12,,7877,23,,,1,18,,7876,23,,,1,78,,7875,23,,,1,81,,7874,23,,,1,38,,7873,23,,,1,80,,7872,23,,,1,74,,7871,23,,,1,34,,7870,23,,,1,74,,7869,23,,,1,34,,7868,23,,,1,74,,7867,23,,,1,34,,7866,23,,,1,74,,7865,23,,,1,74,,7864,23,,,1,30,,7863,23,,,1,74,,7862,23,,,1
10700,'2',634,,7892,23,,,1,78,,7891,23,,,1,37,,7890,23,,,1,77,,7893,23,,,1,77,,7894,23,,,1,37,,7895,23,,,1,77,,7896,23,,,1,37,,7897,23,,,1,77,,7898,23,,,1,77,,7899,23,,,1,36,,7900,23,,,1,77,,7901,23,,,1,37,,7902,23,,,1,77,,7903,23,,,1,77,,7904,23,,,1,37,,7905,23,,,1,75,,7906,23,,,1,77,,7907,23,,,1,37,,7908,23,,,1,77,,7909,23,,,1,37,,7910,23,,,1,77,,7911,23,,,1,77,,7912,23,,,1,37,,7913,23,,,1,77,,7914,23,,,1,37,,7915,23,,,1,77,,7916,23,,,1,77,,7917,23,,,1,37,,7918,23,,,1,77,,7919,23,,,1,77,,7920,23,,,1,36,,7921,23,,,1,77,,7923,23,,,1,37,,7922,23,,,1
10700,'3',718,,7935,2,,,1,37,,7936,2,,,1,68,,7937,23,,,1,77,,7938,23,,,1,37,,7939,23,,,1,77,,7940,23,,,1,37,,7941,23,,,1,77,,7942,23,,,1,77,,7943,23,,,1,37,,7944,23,,,1,77,,7945,23,,,1,37,,7946,23,,,1,76,,7947,23,,,1,77,,7948,23,,,1,37,,7952,23,,,1,77,,7951,23,,,1,77,,7953,23,,,1,37,,7954,23,,,1,77,,7955,23,,,1,37,,7956,23,,,1,77,,7924,23,,,1,77,,7925,23,,,1,37,,7926,23,,,1,77,,7949,23,,,1,37,,7927,23,,,1,77,,7928,23,,,1,77,,7929,23,,,1,37,,7930,23,,,1,77,,7931,23,,,1,77,,7932,23,,,1,37,,7933,23,,,1,77,,7950,23,,,1,37,,7934,23,,,1
10700,'80',718,,7968,2,,,1,37,,7969,2,,,1,68,,7970,23,,,1,77,,7971,23,,,1,37,,7972,23,,,1,77,,7973,23,,,1,37,,7974,23,,,1,77,,7975,23,,,1,77,,7976,23,,,1,37,,7977,23,,,1,77,,7978,23,,,1,37,,7979,23,,,1,76,,7980,23,,,1,77,,7981,23,,,1,37,,7985,23,,,1,77,,7984,23,,,1,77,,7986,23,,,1,37,,7987,23,,,1,77,,7988,23,,,1,37,,7989,23,,,1,77,,7957,23,,,1,77,,7958,23,,,1,37,,7959,23,,,1,77,,7982,23,,,1,37,,7960,23,,,1,77,,7961,23,,,1,77,,7962,23,,,1,37,,7963,23,,,1,77,,7964,23,,,1,77,,7965,23,,,1,37,,7966,23,,,1,77,,7983,23,,,1,37,,7967,23,,,1
10700,'81',718,,7993,2,,,1,37,,7994,2,,,1,68,,7995,23,,,1,77,,7996,23,,,1,37,,7997,23,,,1,77,,7998,23,,,1,37,,7999,23,,,1,77,,8000,23,,,1,77,,8001,23,,,1,37,,8002,23,,,1,77,,8003,23,,,1,37,,8004,23,,,1,76,,8005,23,,,1,77,,8006,23,,,1,37,,8009,23,,,1,77,,8008,23,,,1,77,,8010,23,,,1,37,,8011,23,,,1,77,,8012,23,,,1,37,,8013,23,,,1,77,,7990,23,,,1,77,,7991,23,,,1,37,,7992,23,,,1,77,,8007,23,,,1,37,,8014,23,,,1,77,,8015,23,,,1,77,,8016,23,,,1,37,,8017,23,,,1,77,,8018,23,,,1,77,,8019,23,,,1,37,,8020,23,,,1,77,,8022,23,,,1,37,,8021,23,,,1
46200,'24610.1',724,,9296,2,,,1
46501,'24611.1',1454,,9304,15,,,1
