300,'1',417,,24137,3,0,21 22 23 3 24,1,27,,24138,3,0,21 22 23 3 24,1,87,,24113,3,0,21 22 23 3 24,1,72,,24114,3,0,21 22 23 3 24,1,33,,24115,3,0,21 22 23 3 24,1,72,,24116,3,0,21 22 23 3 24,1,32,,24117,3,0,21 22 23 3 24,1,72,,24118,3,0,21 22 23 3 24,1,32,,24119,3,0,21 22 23 3 24,1,72,,24120,3,0,21 22 23 3 24,1,31,,24121,3,0,21 22 23 3 24,1,87,,24122,3,0,21 22 23 3 24,1,86,,24123,3,0,21 22 23 3 24,1,86,,24124,3,0,21 22 23 3 24,1,46,,24125,3,0,21 22 23 3 24,1,86,,24126,3,0,21 22 23 3 24,1,86,,24127,3,0,21 22 23 3 24,1,33,,24128,3,0,21 22 23 3 24,1,72,,24129,3,0,21 22 23 3 24,1,72,,24130,3,0,21 22 23 3 24,1,32,,24131,3,0,21 22 23 3 24,1,72,,24132,3,0,21 22 23 3 24,1,32,,24133,3,0,21 22 23 3 24,1,71,,24134,3,0,21 22 23 3 24,1,32,,24135,3,0,21 22 23 3 24,1,72,,24136,3,0,21 22 23 3 24,1,32,,24139,3,0,21 22 23 3 24,1,83,,24140,3,0,21 22 23 3 24,1,82,,24141,3,0,21 22 23 3 24,1
300,'2',752,,24147,3,0,21 22 23 3 24,1,103,,24146,3,0,21 22 23 3 24,1,145,,24148,3,0,21 22 23 3 24,1,105,,24149,3,0,21 22 23 3 24,1,105,,24150,3,0,21 22 23 3 24,1,105,,24151,3,0,21 22 23 3 24,1,106,,24152,3,0,21 22 23 3 24,1,105,,24153,3,0,21 22 23 3 24,1,105,,24154,3,0,21 22 23 3 24,1,106,,24155,3,0,21 22 23 3 24,1,105,,24156,3,0,21 22 23 3 24,1,102,,24157,3,0,21 22 23 3 24,1,102,,24158,3,0,21 22 23 3 24,1,102,,24145,3,0,21 22 23 3 24,1
300,'3',914,,24160,3,0,21 22 23 3 24,1,100,,24172,3,0,21 22 23 3 24,1,102,,24171,3,0,21 22 23 3 24,1,102,,24170,3,0,21 22 23 3 24,1,102,,24169,3,0,21 22 23 3 24,1,102,,24168,3,0,21 22 23 3 24,1,102,,24167,3,0,21 22 23 3 24,1,102,,24166,3,0,21 22 23 3 24,1,102,,24165,3,0,21 22 23 3 24,1,102,,24164,3,0,21 22 23 3 24,1,102,,24163,3,0,21 22 23 3 24,1,99,,24162,3,0,21 22 23 3 24,1,98,,24161,3,0,21 22 23 3 24,1
300,'74',752,,24176,3,0,21 22 23 3 24,1,103,,24175,3,0,21 22 23 3 24,1,145,,24177,3,0,21 22 23 3 24,1,105,,24178,3,0,21 22 23 3 24,1,105,,24179,3,0,21 22 23 3 24,1,105,,24180,3,0,21 22 23 3 24,1,106,,24181,3,0,21 22 23 3 24,1,105,,24182,3,0,21 22 23 3 24,1,105,,24183,3,0,21 22 23 3 24,1,106,,24184,3,0,21 22 23 3 24,1,105,,24185,3,0,21 22 23 3 24,1,102,,24186,3,0,21 22 23 3 24,1,102,,24187,3,0,21 22 23 3 24,1,102,,24174,3,0,21 22 23 3 24,1
300,'80',914,,24189,3,0,21 22 23 3 24,1,100,,24201,3,0,21 22 23 3 24,1,102,,24200,3,0,21 22 23 3 24,1,102,,24199,3,0,21 22 23 3 24,1,102,,24198,3,0,21 22 23 3 24,1,102,,24197,3,0,21 22 23 3 24,1,102,,24196,3,0,21 22 23 3 24,1,102,,24195,3,0,21 22 23 3 24,1,102,,24194,3,0,21 22 23 3 24,1,102,,24193,3,0,21 22 23 3 24,1,102,,24192,3,0,21 22 23 3 24,1,99,,24191,3,0,21 22 23 3 24,1,98,,24190,3,0,21 22 23 3 24,1
9600,'1',600,,31260,3,,,1,42,,31259,3,,,1,71,,31258,3,,,1,37,,31257,3,,,1,67,,31256,3,,,1,41,,31253,3,,,1,74,,31254,3,,,1,70,,31255,3,,,1,32,,31268,3,,,1,69,,31267,3,,,1,39,,31261,3,,,1,79,,31262,3,,,1,79,,31263,3,,,1,39,,31264,3,,,1,65,,31265,3,,,1,46,,31266,3,,,1,83,,31274,3,,,1,67,,31273,3,,,1,27,,31272,3,,,1,27,,31269,3,,,1,67,,31270,3,,,1,27,,31271,3,,,1,67,,31277,3,,,1,26,,31278,3,,,1,14,,31288,3,,,1,54,,31276,3,,,1,25,,31275,3,,,1,76,,31285,3,,,1,30,,31284,3,,,1,15,,31287,3,,,1,55,,31279,3,,,1,30,,31280,3,,,1,70,,31281,3,,,1,30,,31282,3,,,1,70,,31283,3,,,1,17,,31286,3,,,1
9600,'2',926,,31289,3,,,1,99,,31290,3,,,1,99,,31291,3,,,1,99,,31292,3,,,1,99,,31293,3,,,1,99,,31294,3,,,1,99,,31295,3,,,1,99,,31296,3,,,1,96,,31297,3,,,1,97,,31298,3,,,1,47,,31299,3,,,1,89,,31300,3,,,1,97,,31301,3,,,1
9600,'3',1020,,31302,3,,,1,94,,31303,3,,,1,94,,31304,3,,,1,94,,31305,3,,,1,54,,31306,3,,,1,94,,31307,3,,,1,94,,31308,3,,,1,94,,31309,3,,,1,94,,31310,3,,,1,94,,31311,3,,,1,94,,31312,3,,,1,94,,31313,3,,,1
9600,'74',926,,31314,3,,,1,99,,31315,3,,,1,99,,31316,3,,,1,99,,31317,3,,,1,99,,31318,3,,,1,99,,31319,3,,,1,99,,31320,3,,,1,99,,31321,3,,,1,96,,31322,3,,,1,97,,31323,3,,,1,47,,31324,3,,,1,89,,31325,3,,,1,97,,31326,3,,,1
9600,'80',1020,,31327,3,,,1,94,,31328,3,,,1,94,,31329,3,,,1,94,,31330,3,,,1,54,,31331,3,,,1,94,,31332,3,,,1,94,,31333,3,,,1,94,,31334,3,,,1,94,,31335,3,,,1,94,,31336,3,,,1,94,,31337,3,,,1,94,,31338,3,,,1
10700,'1',441,,32223,3,,,1,64,,32222,3,,,1,24,,32221,3,,,1,24,,32220,3,,,1,57,,32219,3,,,1,16,,32218,3,,,1,21,,32217,3,,,1,11,,32216,3,,,1,54,,32215,3,,,1,19,,32214,3,,,1,16,,32213,3,,,1,12,,32212,3,,,1,59,,32211,3,,,1,16,,32210,3,,,1,15,,32209,3,,,1,83,,32208,3,,,1,82,,32207,3,,,1,42,,32206,3,,,1,82,,32205,3,,,1,83,,32204,3,,,1,82,,32203,3,,,1,42,,32202,3,,,1,58,,32201,3,,,1,18,,32200,3,,,1,18,,32251,3,,,1,19,,32250,3,,,1,57,,32249,3,,,1,18,,32248,3,,,1,18,,32247,3,,,1,61,,32246,3,,,1,16,,32245,3,,,1,18,,32244,3,,,1,58,,32243,3,,,1,20,,32242,3,,,1,16,,32241,3,,,1,18,,32240,3,,,1,57,,32239,3,,,1,18,,32238,3,,,1,80,,32237,3,,,1,41,,32236,3,,,1,81,,32235,3,,,1,81,,32234,3,,,1,34,,32233,3,,,1,74,,32232,3,,,1,34,,32231,3,,,1,74,,32230,3,,,1,74,,32229,3,,,1,34,,32228,3,,,1,74,,32227,3,,,1,34,,32226,3,,,1,73,,32225,3,,,1,34,,32224,3,,,1
10700,'2',617,,32254,3,,,1,37,,32253,3,,,1,77,,32252,3,,,1,77,,32255,3,,,1,37,,32256,3,,,1,77,,32257,3,,,1,37,,32258,3,,,1,77,,32259,3,,,1,77,,32260,3,,,1,37,,32261,3,,,1,77,,32262,3,,,1,77,,32263,3,,,1,37,,32264,3,,,1,77,,32265,3,,,1,37,,32266,3,,,1,77,,32267,3,,,1,77,,32268,3,,,1,37,,32269,3,,,1,77,,32270,3,,,1,77,,32271,3,,,1,37,,32272,3,,,1,77,,32273,3,,,1,37,,32274,3,,,1,77,,32275,3,,,1,77,,32276,3,,,1,37,,32277,3,,,1,77,,32278,3,,,1,37,,32279,3,,,1,77,,32280,3,,,1,77,,32281,3,,,1,37,,32282,3,,,1,76,,32283,3,,,1,77,,32285,3,,,1,37,,32284,3,,,1
10700,'3',808,,32299,3,,,1,37,,32300,3,,,1,77,,32301,3,,,1,37,,32302,3,,,1,77,,32303,3,,,1,77,,32304,3,,,1,37,,32305,3,,,1,77,,32306,3,,,1,77,,32307,3,,,1,37,,32308,3,,,1,76,,32309,3,,,1,37,,32310,3,,,1,77,,32314,3,,,1,77,,32313,3,,,1,37,,32315,3,,,1,77,,32316,3,,,1,37,,32317,3,,,1,77,,32318,3,,,1,77,,32286,3,,,1,37,,32287,3,,,1,77,,32288,3,,,1,77,,32311,3,,,1,37,,32289,3,,,1,77,,32290,3,,,1,37,,32291,3,,,1,77,,32292,3,,,1,77,,32293,3,,,1,37,,32294,3,,,1,77,,32295,3,,,1,77,,32312,3,,,1,37,,32296,3,,,1
10700,'74',617,,32321,3,,,1,37,,32320,3,,,1,77,,32319,3,,,1,77,,32322,3,,,1,37,,32323,3,,,1,77,,32324,3,,,1,37,,32325,3,,,1,77,,32326,3,,,1,77,,32327,3,,,1,37,,32328,3,,,1,77,,32329,3,,,1,77,,32330,3,,,1,37,,32331,3,,,1,77,,32332,3,,,1,37,,32333,3,,,1,77,,32334,3,,,1,77,,32335,3,,,1,37,,32336,3,,,1,77,,32337,3,,,1,77,,32338,3,,,1,37,,32339,3,,,1,77,,32340,3,,,1,37,,32341,3,,,1,77,,32342,3,,,1,77,,32343,3,,,1,37,,32344,3,,,1,77,,32345,3,,,1,37,,32346,3,,,1,77,,32347,3,,,1,77,,32348,3,,,1,37,,32349,3,,,1,76,,32350,3,,,1,77,,32352,3,,,1,37,,32351,3,,,1
10700,'80',808,,32366,3,,,1,37,,32367,3,,,1,77,,32368,3,,,1,37,,32369,3,,,1,77,,32370,3,,,1,77,,32371,3,,,1,37,,32372,3,,,1,77,,32373,3,,,1,77,,32374,3,,,1,37,,32375,3,,,1,76,,32376,3,,,1,37,,32377,3,,,1,77,,32381,3,,,1,77,,32380,3,,,1,37,,32382,3,,,1,77,,32383,3,,,1,37,,32384,3,,,1,77,,32385,3,,,1,77,,32353,3,,,1,37,,32354,3,,,1,77,,32355,3,,,1,77,,32378,3,,,1,37,,32356,3,,,1,77,,32357,3,,,1,37,,32358,3,,,1,77,,32359,3,,,1,77,,32360,3,,,1,37,,32361,3,,,1,77,,32362,3,,,1,77,,32379,3,,,1,37,,32363,3,,,1
1070200,'1',502,,36926,3,,,1,12,,36925,3,,,1,12,,36924,3,,,1,12,,36923,3,,,1,12,,36922,3,,,1,52,,36921,3,,,1,12,,36920,3,,,1,16,,36919,3,,,1,8,,36918,3,,,1,13,,36917,3,,,1,52,,36916,3,,,1,12,,36915,3,,,1,12,,36914,3,,,1,12,,36913,3,,,1,12,,36912,3,,,1,51,,36911,3,,,1,12,,36910,3,,,1,12,,36909,3,,,1,27,,36938,3,,,1,65,,36937,3,,,1,26,,36936,3,,,1,66,,36935,3,,,1,26,,36934,3,,,1,66,,36933,3,,,1,26,,36932,3,,,1,26,,36931,3,,,1,70,,36930,3,,,1,22,,36929,3,,,1,66,,36928,3,,,1,26,,36927,3,,,1,66,,36939,3,,,1,16,,36940,3,,,1,16,,36941,3,,,1,16,,36942,3,,,1,56,,36943,3,,,1,16,,36944,3,,,1,16,,36945,3,,,1,16,,36946,3,,,1,59,,36947,3,,,1,19,,36948,3,,,1,19,,36949,3,,,1,58,,36950,3,,,1,19,,36951,3,,,1,19,,36952,3,,,1,71,,36953,3,,,1,22,,36954,3,,,1
