9901,'1',410,,7366,18,,,1,41,,7367,18,,,1,80,,7368,18,,,1,81,,7369,18,,,1,38,,7370,18,,,1,75,,7371,18,,,1,29,,7372,18,,,1,83,,7373,18,,,1,75,,7374,18,,,1,35,,7375,18,,,1,94,,7376,18,,,1,98,,7377,18,,,1,94,,7378,18,,,1,94,,7379,18,,,1,100,,7380,18,,,1,25,,7381,18,,,1,70,,7382,18,,,1,30,,7383,18,,,1,70,,7384,18,,,1,30,,7385,18,,,1,70,,7386,18,,,1,30,,7387,18,,,1,69,,7388,18,,,1,30,,7389,18,,,1,66,,7390,18,,,1,30,,7391,18,,,1,70,,7392,18,,,1,25,,7393,18,,,1,72,,7394,18,,,1,45,,7395,18,,,1
9901,'2',532,,7396,18,,,1,77,,7397,18,,,1,37,,7398,18,,,1,77,,7399,18,,,1,87,,7400,18,,,1,90,,7401,18,,,1,48,,7402,18,,,1,87,,7403,18,,,1,101,,7404,18,,,1,98,,7405,18,,,1,95,,7406,18,,,1,95,,7407,18,,,1,95,,7408,18,,,1,95,,7409,18,,,1,91,,7410,18,,,1,54,,7411,18,,,1,95,,7412,18,,,1,92,,7413,18,,,1,85,,7414,18,,,1,85,,7415,18,,,1
9901,'3',536,,7416,18,,,1,80,,7417,18,,,1,38,,7418,18,,,1,78,,7419,18,,,1,78,,7420,18,,,1,92,,7421,18,,,1,49,,7422,18,,,1,89,,7423,18,,,1,89,,7424,18,,,1,92,,7425,18,,,1,89,,7426,18,,,1,49,,7427,18,,,1,89,,7428,18,,,1,89,,7429,18,,,1,89,,7430,18,,,1,89,,7431,18,,,1,85,,7432,18,,,1,49,,7433,18,,,1,89,,7434,18,,,1,87,,7435,18,,,1,89,,7436,18,,,1,39,,7437,18,,,1
9901,'80',536,,7438,18,,,1,80,,7439,18,,,1,38,,7440,18,,,1,78,,7441,18,,,1,78,,7442,18,,,1,92,,7443,18,,,1,49,,7444,18,,,1,89,,7445,18,,,1,89,,7446,18,,,1,92,,7447,18,,,1,89,,7448,18,,,1,49,,7449,18,,,1,89,,7450,18,,,1,89,,7451,18,,,1,89,,7452,18,,,1,89,,7453,18,,,1,85,,7454,18,,,1,49,,7455,18,,,1,89,,7456,18,,,1,87,,7457,18,,,1,89,,7458,18,,,1,39,,7459,18,,,1
9901,'81',536,,7460,18,,,1,80,,7461,18,,,1,38,,7462,18,,,1,78,,7463,18,,,1,78,,7464,18,,,1,92,,7465,18,,,1,49,,7466,18,,,1,89,,7467,18,,,1,89,,7468,18,,,1,92,,7469,18,,,1,89,,7470,18,,,1,49,,7471,18,,,1,89,,7472,18,,,1,89,,7473,18,,,1,89,,7474,18,,,1,89,,7475,18,,,1,85,,7476,18,,,1,49,,7477,18,,,1,89,,7478,18,,,1,87,,7479,18,,,1,89,,7480,18,,,1,39,,7481,18,,,1
989901,'1',2235,,11627,73,,,1,70,,11628,73,,,1,38,,11629,73,,,1,75,,11630,73,,,1,35,,11631,73,,,1,70,,11632,73,,,1,35,,11633,73,,,1,75,,11634,73,,,1
989901,'2',2242,,11635,73,,,1,88,,11636,73,,,1,82,,11637,73,,,1,91,,11640,73,,,1,45,,11638,73,,,1,86,,11639,73,,,1
989901,'3',2252,,11641,73,,,1,87,,11642,73,,,1,83,,11643,73,,,1,87,,11644,73,,,1,39,,11645,73,,,1,83,,11646,73,,,1
989901,'80',2252,,11647,73,,,1,87,,11648,73,,,1,83,,11649,73,,,1,87,,11650,73,,,1,39,,11651,73,,,1,83,,11652,73,,,1
989901,'81',2252,,11653,73,,,1,87,,11654,73,,,1,83,,11655,73,,,1,87,,11656,73,,,1,39,,11657,73,,,1,83,,11658,73,,,1
