9600,'1',715,,31260,89,,,1,87,,31259,89,,,1,31,,31258,89,,,1,77,,31257,89,,,1,27,,31256,89,,,1,73,,31253,89,,,1,34,,31254,89,,,1,70,,31255,89,,,1,32,,31268,89,,,1,69,,31267,85,,,1,39,,31261,85,,,1,79,,31262,85,,,1,79,,31263,85,,,1,47,,31264,85,,,1,65,,31265,85,,,1,91,,31266,89,,,1,43,,31274,89,,,1,67,,31273,89,,,1,32,,31272,89,,,1,61,,31269,89,,,1,27,,31270,89,,,1,61,,31271,89,,,1,27,,31277,89,,,1,18,,31278,89,,,1,52,,31288,89,,,1,11,,31276,89,,,1,25,,31275,89,,,1,70,,31285,85,,,1,30,,31284,85,,,1,15,,31287,85,,,1,51,,31279,85,,,1,30,,31280,85,,,1,69,,31281,85,,,1,28,,31282,85,,,1,70,,31283,85,,,1,17,,31286,85,,,1
9600,'2',1036,,31289,85,,,1,103,,31290,85,,,1,99,,31291,85,,,1,95,,31292,85,,,1,99,,31293,85,,,1,99,,31294,85,,,1,98,,31295,85,,,1,99,,31296,85,,,1,93,,31297,85,,,1,97,,31298,85,,,1,87,,31299,85,,,1,41,,31300,85,,,1,97,,31301,85,,,1
9600,'3',1126,,31302,85,,,1,94,,31303,85,,,1,94,,31304,85,,,1,94,,31305,85,,,1,94,,31306,85,,,1,54,,31307,85,,,1,94,,31308,85,,,1,94,,31309,85,,,1,91,,31310,85,,,1,94,,31311,85,,,1,94,,31312,85,,,1,89,,31313,85,,,1
9600,'74',1036,,31314,85,,,1,103,,31315,85,,,1,99,,31316,85,,,1,95,,31317,85,,,1,99,,31318,85,,,1,99,,31319,85,,,1,98,,31320,85,,,1,99,,31321,85,,,1,93,,31322,85,,,1,97,,31323,85,,,1,87,,31324,85,,,1,41,,31325,85,,,1,97,,31326,85,,,1
9600,'80',1126,,31327,85,,,1,94,,31328,85,,,1,94,,31329,85,,,1,94,,31330,85,,,1,94,,31331,85,,,1,54,,31332,85,,,1,94,,31333,85,,,1,94,,31334,85,,,1,91,,31335,85,,,1,94,,31336,85,,,1,94,,31337,85,,,1,89,,31338,85,,,1
9800,'1',630,,31445,41,,,1,75,,31444,41,,,1,34,,31443,41,,,1,75,,31442,41,,,1,35,,31441,41,,,1,75,,31440,41,,,1,98,,31436,41,,,1,98,,31433,41,,,1,96,,31438,41,,,1,98,,31437,41,,,1,40,,31425,41,,,1,79,,31435,41,,,1,80,,31434,41,,,1,40,,31432,41,,,1,80,,31431,41,,,1,80,,31430,41,,,1,44,,31429,41,,,1,80,,31428,41,,,1,92,,31427,41,,,1,91,,31426,41,,,1,88,,31439,41,,,1
9800,'2',628,,31463,41,,,1,86,,31462,41,,,1,45,,31461,41,,,1,94,,31460,41,,,1,93,,31459,41,,,1,92,,31458,41,,,1,94,,31457,41,,,1,98,,31456,41,,,1,98,,31455,41,,,1,97,,31454,41,,,1,98,,31453,41,,,1,98,,31452,41,,,1,99,,31451,41,,,1,100,,31450,41,,,1,89,,31449,41,,,1,92,,31448,41,,,1,49,,31447,41,,,1,85,,31446,41,,,1
9800,'3',812,,31479,41,,,1,88,,31478,41,,,1,48,,31477,41,,,1,93,,31476,41,,,1,93,,31475,41,,,1,90,,31474,41,,,1,93,,31473,41,,,1,93,,31472,41,,,1,93,,31471,41,,,1,53,,31470,41,,,1,93,,31469,41,,,1,96,,31468,41,,,1,88,,31467,41,,,1,90,,31466,41,,,1,87,,31465,41,,,1,48,,31464,41,,,1
9800,'74',628,,31497,41,,,1,86,,31496,41,,,1,45,,31495,41,,,1,94,,31494,41,,,1,93,,31493,41,,,1,92,,31492,41,,,1,94,,31491,41,,,1,98,,31490,41,,,1,98,,31489,41,,,1,97,,31488,41,,,1,98,,31487,41,,,1,98,,31486,41,,,1,99,,31485,41,,,1,100,,31484,41,,,1,89,,31483,41,,,1,92,,31482,41,,,1,49,,31481,41,,,1,85,,31480,41,,,1
9800,'80',812,,31513,41,,,1,88,,31512,41,,,1,48,,31511,41,,,1,93,,31510,41,,,1,93,,31509,41,,,1,90,,31508,41,,,1,93,,31507,41,,,1,93,,31506,41,,,1,93,,31505,41,,,1,53,,31504,41,,,1,93,,31503,41,,,1,96,,31502,41,,,1,88,,31501,41,,,1,90,,31500,41,,,1,87,,31499,41,,,1,48,,31498,41,,,1
989900,'1',2133,,36830,84,,,1,73,,36831,84,,,1,38,,36832,84,,,1,78,,36833,84,,,1,35,,36834,84,,,1,72,,36835,84,,,1,75,,36836,84,,,1,35,,36837,84,,,1,74,,36838,84,0,5 6,1,35,,36839,84,0,5 6,1,79,,36840,84,0,5 6,1
989900,'2',2138,,36841,84,,,1,94,,36842,84,,,1,85,,36843,84,,,1,91,,36844,84,,,1,46,,36845,84,,,1,86,,36846,84,,,1,82,,36847,84,0,5 6,1,86,,36848,84,0,5 6,1,46,,36849,84,0,5 6,1
989900,'3',2152,,36850,84,,,1,90,,36851,84,,,1,85,,36852,84,,,1,90,,36853,84,,,1,40,,36854,84,,,1,83,,36855,84,,,1,78,,36856,84,0,5 6,1,83,,36857,84,0,5 6,1,43,,36858,84,0,5 6,1
989900,'74',2138,,36859,84,,,1,94,,36860,84,,,1,85,,36861,84,,,1,91,,36862,84,,,1,46,,36863,84,,,1,86,,36864,84,,,1,82,,36865,84,0,5 6,1,86,,36866,84,0,5 6,1,46,,36867,84,0,5 6,1
989900,'80',2152,,36868,84,,,1,90,,36869,84,,,1,85,,36870,84,,,1,90,,36871,84,,,1,40,,36872,84,,,1,83,,36873,84,,,1,78,,36874,84,0,5 6,1,83,,36875,84,0,5 6,1,43,,36876,84,0,5 6,1
