1601,'1',527,,26620,20,,,1,22,,26621,20,,,1,62,,26622,20,,,1,21,,26623,20,,,1,5,,26588,61,,,1,67,,26587,61,,,1,22,,26579,61,,,1,22,,26580,61,,,1,69,,26581,61,,,1,22,,26582,61,,,1,62,,26583,61,,,1,22,,26584,61,,,1,9,,26585,61,,,1,26,,26586,61,,,1,61,,26599,61,,,1,24,,26598,61,,,1,68,,26589,61,,,1,32,,26590,61,,,1,71,,26591,61,,,1,29,,26592,61,,,1,71,,26593,61,,,1,31,,26594,61,,,1,69,,26595,61,,,1,26,,26624,20,,,1,12,,26596,61,,,1,71,,26597,61,,,1,21,,26616,61,,,1,63,,26615,61,,,1,23,,26600,61,,,1,17,,26601,61,,,1,69,,26602,61,,,1,24,,26603,61,,,1,63,,26604,61,,,1,23,,26605,61,,,1,20,,26606,61,,,1,63,,26607,61,,,1,14,,26608,61,,,1,23,,26609,61,,,1,63,,26610,61,,,1,23,,26611,61,,,1,23,,26612,61,,,1,63,,26613,61,,,1,19,,26614,61,,,1,68,,26619,61,,,1,34,,26617,61,,,1,70,,26618,61,,,1,34,,26625,61,,,1
1601,'2',635,,26652,20,,,1,78,,26653,20,,,1,30,,26635,61,,,1,80,,26626,61,,,1,78,,26627,61,,,1,40,,26628,61,,,1,78,,26629,61,,,1,38,,26630,61,,,1,78,,26631,61,,,1,80,,26632,61,,,1,38,,26633,61,,,1,78,,26634,61,,,1,83,,26644,61,,,1,43,,26636,61,,,1,81,,26637,61,,,1,81,,26638,61,,,1,38,,26639,61,,,1,81,,26640,61,,,1,81,,26641,61,,,1,81,,26642,61,,,1,37,,26643,61,,,1,79,,26651,61,,,1,32,,26645,61,,,1,76,,26646,61,,,1,78,,26647,61,,,1,31,,26648,61,,,1,76,,26649,61,,,1,33,,26650,61,,,1
1601,'3',824,,26654,61,,,1,95,,26655,61,,,1,97,,26656,61,,,1,95,,26657,61,,,1,95,,26658,61,,,1,95,,26659,61,,,1,100,,26660,61,,,1,55,,26661,61,,,1,98,,26662,61,,,1,98,,26663,61,,,1,97,,26664,61,,,1,92,,26665,61,,,1,89,,26666,61,,,1,92,,26667,61,,,1,92,,26668,61,,,1,89,,26669,61,,,1
1601,'74',635,,26696,20,,,1,78,,26697,20,,,1,30,,26679,61,,,1,80,,26670,61,,,1,78,,26671,61,,,1,40,,26672,61,,,1,78,,26673,61,,,1,38,,26674,61,,,1,78,,26675,61,,,1,80,,26676,61,,,1,38,,26677,61,,,1,78,,26678,61,,,1,83,,26688,61,,,1,43,,26680,61,,,1,81,,26681,61,,,1,81,,26682,61,,,1,38,,26683,61,,,1,81,,26684,61,,,1,81,,26685,61,,,1,81,,26686,61,,,1,37,,26687,61,,,1,79,,26695,61,,,1,32,,26689,61,,,1,76,,26690,61,,,1,78,,26691,61,,,1,31,,26692,61,,,1,76,,26693,61,,,1,33,,26694,61,,,1
1601,'80',824,,26698,61,,,1,95,,26699,61,,,1,97,,26700,61,,,1,95,,26701,61,,,1,95,,26702,61,,,1,95,,26703,61,,,1,100,,26704,61,,,1,55,,26705,61,,,1,98,,26706,61,,,1,98,,26707,61,,,1,97,,26708,61,,,1,92,,26709,61,,,1,89,,26710,61,,,1,92,,26711,61,,,1,92,,26712,61,,,1,89,,26713,61,,,1
8501,'1',452,,29840,8,,,1,56,,29839,8,,,1,15,,29801,20,,,1,16,,29800,20,,,1,16,,29799,20,,,1,56,,29798,20,,,1,16,,29797,20,,,1,16,,29796,20,,,1,16,,29795,20,,,1,56,,29787,20,,,1,16,,29788,20,,,1,16,,29789,20,,,1,56,,29790,20,,,1,16,,29791,20,,,1,16,,29792,20,,,1,16,,29793,20,,,1,55,,29794,20,,,1,26,,29811,20,,,1,25,,29810,20,,,1,64,,29809,20,,,1,25,,29802,20,,,1,65,,29803,20,,,1,25,,29804,20,,,1,65,,29805,20,,,1,26,,29806,20,,,1,25,,29807,20,,,1,65,,29808,20,,,1,25,,29812,20,,,1,65,,29813,20,,,1,22,,29814,20,,,1,16,,29841,20,,,1,56,,29842,20,,,1,16,,29831,20,,,1,14,,29830,20,,,1,16,,29829,20,,,1,63,,29828,20,,,1,18,,29827,20,,,1,16,,29815,20,,,1,59,,29816,20,,,1,13,,29817,20,,,1,17,,29818,20,,,1,16,,29819,20,,,1,51,,29820,20,,,1,19,,29821,20,,,1,13,,29822,20,,,1,16,,29823,20,,,1,56,,29824,20,,,1,16,,29825,20,,,1,20,,29826,20,,,1,72,,29834,20,,,1,28,,29833,20,,,1,65,,29832,20,,,1,22,,29838,20,,,1,29,,29837,20,,,1,71,,29835,20,,,1,32,,29836,20,,,1
8501,'2',645,,29858,20,,,1,70,,29859,20,,,1,30,,29860,20,,,1,72,,29861,20,,,1,30,,29862,20,,,1,70,,29863,20,,,1,30,,29864,20,,,1,70,,29865,20,,,1,30,,29866,20,,,1,70,,29843,20,,,1,23,,29844,20,,,1,65,,29845,20,,,1,23,,29846,20,,,1,23,,29847,20,,,1,63,,29848,20,,,1,23,,29849,20,,,1,63,,29850,20,,,1,23,,29851,20,,,1,23,,29852,20,,,1,63,,29853,20,,,1,23,,29854,20,,,1,23,,29855,20,,,1,63,,29856,20,,,1,21,,29857,20,,,1,61,,29867,20,,,1,22,,29868,20,,,1,23,,29869,20,,,1,61,,29870,20,,,1,21,,29871,20,,,1,18,,29872,20,,,1,61,,29873,20,,,1,21,,29874,20,,,1,21,,29875,20,,,1,61,,29876,20,,,1,21,,29877,20,,,1,21,,29878,20,,,1,61,,29879,20,,,1,30,,29880,20,,,1,70,,29881,20,,,1,30,,29882,20,,,1
8501,'3',838,,29885,20,,,1,82,,29886,20,,,1,80,,29887,20,,,1,40,,29888,20,,,1,83,,29889,20,,,1,83,,29890,20,,,1,43,,29891,20,,,1,83,,29892,20,,,1,83,,29893,20,,,1,43,,29894,20,,,1,83,,29895,20,,,1,80,,29896,20,,,1,82,,29897,20,,,1,44,,29898,20,,,1,76,,29899,20,,,1,81,,29900,20,,,1,43,,29901,20,,,1,79,,29883,20,,,1,81,,29884,20,,,1
8501,'74',645,,29902,20,,,1,70,,29903,20,,,1,30,,29904,20,,,1,72,,29905,20,,,1,30,,29906,20,,,1,70,,29907,20,,,1,30,,29908,20,,,1,70,,29909,20,,,1,30,,29910,20,,,1,70,,29911,20,,,1,23,,29912,20,,,1,65,,29913,20,,,1,23,,29914,20,,,1,23,,29915,20,,,1,63,,29916,20,,,1,23,,29917,20,,,1,63,,29918,20,,,1,23,,29919,20,,,1,23,,29920,20,,,1,63,,29921,20,,,1,23,,29922,20,,,1,23,,29923,20,,,1,63,,29924,20,,,1,21,,29925,20,,,1,61,,29926,20,,,1,22,,29927,20,,,1,23,,29928,20,,,1,61,,29929,20,,,1,21,,29930,20,,,1,18,,29931,20,,,1,61,,29932,20,,,1,21,,29933,20,,,1,21,,29934,20,,,1,61,,29935,20,,,1,21,,29936,20,,,1,21,,29937,20,,,1,61,,29938,20,,,1,30,,29939,20,,,1,70,,29940,20,,,1,30,,29941,20,,,1
8501,'80',838,,29942,20,,,1,82,,29943,20,,,1,80,,29944,20,,,1,40,,29945,20,,,1,83,,29946,20,,,1,83,,29947,20,,,1,43,,29948,20,,,1,83,,29949,20,,,1,83,,29950,20,,,1,43,,29951,20,,,1,83,,29952,20,,,1,80,,29953,20,,,1,82,,29954,20,,,1,44,,29955,20,,,1,76,,29958,20,,,1,81,,29959,20,,,1,43,,29960,20,,,1,79,,29956,20,,,1,81,,29957,20,,,1
