9601,'1',545,,31339,91,,,1,74,,31340,91,,,1,29,,31341,91,,,1,70,,31342,91,,,1,82,,31343,91,,,1,37,,31344,91,,,1,78,,31345,91,,,1,26,,31346,91,,,1,71,,31347,91,,,1,31,,31348,91,,,1,79,,31349,91,,,1,78,,31350,87,,,1,43,,31351,87,,,1,75,,31352,87,,,1,32,,31353,87,,,1,86,,31354,87,,,1,83,,31355,87,,,1,24,,31374,87,,,1,15,,31356,87,,,1,74,,31357,87,,,1,27,,31358,87,,,1,71,,31359,91,,,1,27,,31360,91,,,1,61,,31361,91,,,1,21,,31362,91,,,1,16,,31363,91,,,1,65,,31364,91,,,1,25,,31365,91,,,1,65,,31366,91,,,1,21,,31367,87,,,1,25,,31368,87,,,1,66,,31369,87,,,1,30,,31370,87,,,1,70,,31371,87,,,1,30,,31372,87,,,1,64,,31373,87,,,1
9601,'2',908,,31375,87,,,1,99,,31376,87,,,1,103,,31377,87,,,1,99,,31378,87,,,1,99,,31379,87,,,1,96,,31380,87,,,1,99,,31381,87,,,1,99,,31382,87,,,1,99,,31383,87,,,1,99,,31384,87,,,1,47,,31385,87,,,1,90,,31386,87,,,1,97,,31387,87,,,1
9601,'3',1008,,31388,87,,,1,94,,31389,87,,,1,54,,31390,87,,,1,94,,31391,87,,,1,94,,31392,87,,,1,94,,31393,87,,,1,96,,31394,87,,,1,94,,31395,87,,,1,88,,31396,87,,,1,94,,31397,87,,,1,92,,31398,87,,,1,54,,31399,87,,,1
9601,'74',908,,31400,87,,,1,99,,31401,87,,,1,103,,31402,87,,,1,99,,31403,87,,,1,99,,31404,87,,,1,96,,31405,87,,,1,99,,31406,87,,,1,99,,31407,87,,,1,99,,31408,87,,,1,99,,31409,87,,,1,47,,31410,87,,,1,90,,31411,87,,,1,97,,31412,87,,,1
9601,'80',1008,,31413,87,,,1,94,,31414,87,,,1,54,,31415,87,,,1,94,,31416,87,,,1,94,,31417,87,,,1,94,,31418,87,,,1,96,,31419,87,,,1,94,,31420,87,,,1,88,,31421,87,,,1,94,,31422,87,,,1,92,,31423,87,,,1,54,,31424,87,,,1
10701,'1',540,,32420,34,,,1,64,,32419,34,,,1,30,,32418,34,,,1,24,,32417,34,,,1,64,,32416,34,,,1,21,,32415,34,,,1,60,,32414,34,,,1,12,,32413,34,,,1,19,,32412,34,,,1,16,,32411,34,,,1,56,,32410,34,,,1,10,,32409,34,,,1,41,,32398,34,,,1,80,,32405,34,,,1,82,,32404,34,,,1,82,,32403,34,,,1,42,,32402,34,,,1,88,,32401,34,,,1,82,,32400,34,,,1,28,,32408,34,,,1,14,,32399,34,,,1,63,,32397,34,,,1,24,,32396,34,,,1,58,,32395,34,,,1,18,,32394,34,,,1,22,,32393,34,,,1,18,,32392,34,,,1,58,,32391,34,,,1,20,,32390,34,,,1,18,,32389,34,,,1,58,,32388,34,,,1,15,,32387,34,,,1,13,,32386,34,,,1,18,,32434,34,,,1,66,,32433,34,,,1,18,,32421,34,,,1,78,,32435,34,,,1,81,,32432,34,,,1,34,,32431,34,,,1,78,,32430,34,,,1,31,,32429,34,,,1,74,,32428,34,,,1,34,,32427,34,,,1,74,,32426,34,,,1,74,,32425,34,,,1,34,,32424,34,,,1,74,,32423,34,,,1,34,,32422,34,,,1
10701,'2',714,,32463,34,,,1,39,,32464,34,,,1,77,,32465,34,,,1,77,,32466,34,,,1,37,,32467,34,,,1,77,,32468,34,,,1,37,,32469,34,,,1,77,,32470,34,,,1,77,,32471,34,,,1,37,,32472,34,,,1,76,,32440,34,,,1,77,,32441,34,,,1,35,,32443,34,,,1,77,,32444,34,,,1,37,,32445,34,,,1,77,,32446,34,,,1,75,,32447,34,,,1,37,,32448,34,,,1,77,,32449,34,,,1,37,,32450,34,,,1,77,,32451,34,,,1,77,,32452,34,,,1,37,,32453,34,,,1,77,,32454,34,,,1,37,,32455,34,,,1,77,,32442,34,,,1,77,,32456,34,,,1,37,,32457,34,,,1,77,,32458,34,,,1,77,,32459,34,,,1,35,,32439,34,,,1,75,,32460,34,,,1
10701,'3',752,,32485,34,,,1,77,,32486,34,,,1,74,,32487,34,,,1,37,,32488,34,,,1,78,,32489,34,,,1,37,,32490,34,,,1,77,,32484,34,,,1,77,,32491,34,,,1,37,,32492,34,,,1,77,,32493,34,,,1,77,,32494,34,,,1,36,,32495,34,,,1,75,,32496,34,,,1,37,,32497,34,,,1,77,,32498,34,,,1,77,,32500,34,,,1,37,,32501,34,,,1,77,,32499,34,,,1,37,,32481,34,,,1,77,,32502,34,,,1,77,,32503,34,,,1,37,,32504,34,,,1,77,,32505,34,,,1,37,,32473,34,,,1,77,,32474,34,,,1,77,,32475,34,,,1,37,,32476,34,,,1,77,,32477,34,,,1,76,,32478,34,,,1,37,,32479,34,,,1,77,,32480,34,,,1
10701,'74',714,,32530,34,,,1,39,,32531,34,,,1,77,,32532,34,,,1,77,,32533,34,,,1,37,,32534,34,,,1,77,,32535,34,,,1,37,,32536,34,,,1,77,,32537,34,,,1,77,,32538,34,,,1,37,,32539,34,,,1,76,,32507,34,,,1,77,,32508,34,,,1,35,,32510,34,,,1,77,,32511,34,,,1,37,,32512,34,,,1,77,,32513,34,,,1,75,,32514,34,,,1,37,,32515,34,,,1,77,,32516,34,,,1,37,,32517,34,,,1,77,,32518,34,,,1,77,,32519,34,,,1,37,,32520,34,,,1,77,,32521,34,,,1,37,,32522,34,,,1,77,,32509,34,,,1,77,,32523,34,,,1,37,,32524,34,,,1,77,,32525,34,,,1,77,,32526,34,,,1,35,,32506,34,,,1,75,,32527,34,,,1
10701,'80',752,,32552,34,,,1,77,,32553,34,,,1,74,,32554,34,,,1,37,,32555,34,,,1,78,,32556,34,,,1,37,,32557,34,,,1,77,,32551,34,,,1,77,,32558,34,,,1,37,,32559,34,,,1,77,,32560,34,,,1,77,,32561,34,,,1,36,,32562,34,,,1,75,,32563,34,,,1,37,,32564,34,,,1,77,,32565,34,,,1,77,,32567,34,,,1,37,,32568,34,,,1,77,,32566,34,,,1,37,,32548,34,,,1,77,,32569,34,,,1,77,,32570,34,,,1,37,,32571,34,,,1,77,,32572,34,,,1,37,,32540,34,,,1,77,,32541,34,,,1,77,,32542,34,,,1,37,,32543,34,,,1,77,,32544,34,,,1,76,,32545,34,,,1,37,,32546,34,,,1,77,,32547,34,,,1
1070201,'1',600,,36981,27,,,1,12,,36980,27,,,1,12,,36979,27,,,1,12,,36978,27,,,1,12,,36977,27,,,1,52,,36976,27,,,1,12,,36975,27,,,1,22,,36974,27,,,1,12,,36973,27,,,1,12,,36972,27,,,1,52,,36971,27,,,1,12,,36970,27,,,1,10,,36969,27,,,1,12,,36968,27,,,1,12,,36967,27,,,1,72,,36955,27,,,1,26,,36964,27,,,1,66,,36966,27,,,1,21,,36965,27,,,1,66,,36963,27,,,1,26,,36962,27,,,1,26,,36961,27,,,1,67,,36960,27,,,1,26,,36959,27,,,1,66,,36958,27,,,1,27,,36957,27,,,1,66,,36956,27,,,1,24,,36997,27,,,1,16,,36996,27,,,1,56,,36982,27,,,1,18,,36983,27,,,1,16,,36984,27,,,1,16,,36985,27,,,1,56,,36986,27,,,1,23,,36987,27,,,1,16,,36988,27,,,1,56,,36989,27,,,1,23,,36990,27,,,1,16,,36991,27,,,1,59,,36992,27,,,1,19,,36993,27,,,1,11,,36994,27,,,1,78,,36995,27,,,1
