60300,'1',506,,9994,11,,,1,20,,9995,11,,,1,21,,9996,11,,,1,61,,9997,11,,,1,22,,9998,11,,,1,18,,9999,11,,,1,61,,10000,11,,,1,18,,10001,11,,,1,18,,10002,11,,,1,60,,10003,11,,,1,18,,10004,11,,,1,18,,10005,11,,,1,18,,10006,11,,,1,58,,10007,11,,,1,19,,10008,11,,,1,22,,10009,11,,,1,62,,10010,11,,,1,22,,10011,11,,,1,62,,10012,11,,,1,22,,10013,11,,,1,22,,10014,11,,,1,62,,10015,11,,,1,22,,10016,11,,,1,22,,10017,11,,,1,63,,10018,11,,,1,22,,10019,11,,,1,62,,10020,11,,,1,22,,10021,11,,,1,22,,10022,11,,,1,58,,10023,11,,,1,16,,10024,11,,,1,16,,10025,11,,,1,16,,10026,11,,,1,56,,10027,11,,,1,16,,10028,11,,,1,16,,10029,11,,,1,16,,10030,11,,,1,56,,10031,11,,,1,16,,10032,11,,,1,16,,10033,11,,,1,16,,10034,11,,,1,56,,10035,11,,,1,14,,10036,11,,,1,16,,10037,11,,,1,56,,10038,11,,,1,15,,10039,11,,,1,30,,10040,11,,,1,70,,10041,11,,,1,30,,10042,11,,,1,70,,10043,11,,,1,27,,10044,11,,,1,70,,10045,11,,,1,42,,10046,11,,,1,80,,10047,11,,,1,82,,10048,11,,,1,87,,10049,11,,,1
60300,'2',536,,10050,11,,,1,82,,10051,11,,,1,40,,10052,11,,,1,82,,10053,11,,,1,80,,10054,11,,,1,80,,10055,11,,,1,42,,10056,11,,,1,82,,10057,11,,,1,79,,10058,11,,,1,38,,10059,11,,,1,78,,10060,11,,,1,36,,10061,11,,,1,78,,10062,11,,,1,78,,10063,11,,,1,39,,10064,11,,,1,78,,10065,11,,,1,78,,10066,11,,,1,38,,10067,11,,,1,77,,10068,11,,,1,79,,10069,11,,,1,37,,10070,11,,,1,78,,10071,11,,,1,38,,10072,11,,,1,80,,10073,11,,,1,80,,10074,11,,,1,37,,10075,11,,,1,87,,10076,11,,,1,89,,10077,11,,,1,92,,10078,11,,,1
60300,'3',721,,10079,11,,,1,36,,10080,11,,,1,76,,10081,11,,,1,76,,10082,11,,,1,42,,10083,11,,,1,85,,10084,11,,,1,83,,10085,11,,,1,82,,10086,11,,,1,43,,10087,11,,,1,82,,10088,11,,,1,82,,10089,11,,,1,43,,10090,11,,,1,79,,10091,11,,,1,76,,10092,11,,,1,36,,10093,11,,,1,76,,10094,11,,,1,35,,10095,11,,,1,76,,10096,11,,,1,73,,10097,11,,,1,36,,10098,11,,,1,75,,10099,11,,,1,36,,10100,11,,,1,91,,10101,11,,,1,105,,10102,11,,,1,104,,10103,11,,,1,106,,10104,11,,,1
60300,'80',721,,10105,11,,,1,36,,10106,11,,,1,76,,10107,11,,,1,76,,10108,11,,,1,42,,10109,11,,,1,85,,10110,11,,,1,83,,10111,11,,,1,82,,10112,11,,,1,43,,10113,11,,,1,82,,10114,11,,,1,82,,10115,11,,,1,43,,10116,11,,,1,79,,10117,11,,,1,76,,10118,11,,,1,36,,10119,11,,,1,76,,10120,11,,,1,35,,10121,11,,,1,76,,10122,11,,,1,73,,10123,11,,,1,36,,10124,11,,,1,75,,10125,11,,,1,36,,10126,11,,,1,91,,10127,11,,,1,105,,10128,11,,,1,104,,10129,11,,,1,106,,10130,11,,,1
60300,'81',721,,10131,11,,,1,36,,10132,11,,,1,76,,10133,11,,,1,76,,10134,11,,,1,42,,10135,11,,,1,85,,10136,11,,,1,83,,10137,11,,,1,82,,10138,11,,,1,43,,10139,11,,,1,82,,10140,11,,,1,82,,10141,11,,,1,43,,10142,11,,,1,79,,10143,11,,,1,76,,10144,11,,,1,36,,10145,11,,,1,76,,10146,11,,,1,35,,10147,11,,,1,76,,10148,11,,,1,73,,10149,11,,,1,36,,10150,11,,,1,75,,10151,11,,,1,36,,10152,11,,,1,91,,10153,11,,,1,105,,10154,11,,,1,104,,10155,11,,,1,106,,10156,11,,,1
6030100,'1',516,,12194,11,,,1,20,,12195,11,,,1,21,,12196,11,,,1,64,,12197,11,,,1,18,,12198,11,,,1,18,,12199,11,,,1,61,,12200,11,,,1,18,,12201,11,,,1,20,,12202,11,,,1,58,,12203,11,,,1,18,,12204,11,,,1,18,,12205,11,,,1,58,,12206,11,,,1,17,,12207,11,,,1,22,,12208,11,,,1,62,,12209,11,,,1,22,,12210,11,,,1,22,,12211,11,,,1,62,,12212,11,,,1,22,,12213,11,,,1,22,,12214,11,,,1,62,,12215,11,,,1,22,,12216,11,,,1,63,,12217,11,,,1,22,,12218,11,,,1,22,,12219,11,,,1,62,,12220,11,,,1,22,,12221,11,,,1,21,,12222,11,,,1,56,,12223,11,,,1,16,,12224,11,,,1,16,,12225,11,,,1,16,,12226,11,,,1,56,,12227,11,,,1,16,,12228,11,,,1,16,,12229,11,,,1,56,,12230,11,,,1,16,,12231,11,,,1,16,,12232,11,,,1,16,,12233,11,,,1,56,,12234,11,,,1,16,,12235,11,,,1,14,,12236,11,,,1,16,,12237,11,,,1,55,,12238,11,,,1,23,,12239,11,,,1,70,,12240,11,,,1,30,,12241,11,,,1,70,,12242,11,,,1,27,,12243,11,,,1,30,,12244,11,,,1,76,,12245,11,,,1,82,,12246,11,,,1,40,,12247,11,,,1,82,,12248,11,,,1
6030100,'2',516,,12249,11,,,1,40,,12250,11,,,1,82,,12251,11,,,1,82,,12252,11,,,1,80,,12253,11,,,1,40,,12254,11,,,1,82,,12255,11,,,1,80,,12256,11,,,1,42,,12257,11,,,1,78,,12258,11,,,1,78,,12259,11,,,1,38,,12260,11,,,1,76,,12261,11,,,1,38,,12262,11,,,1,79,,12263,11,,,1,79,,12264,11,,,1,37,,12265,11,,,1,78,,12266,11,,,1,78,,12267,11,,,1,37,,12268,11,,,1,79,,12269,11,,,1,37,,12270,11,,,1,78,,12271,11,,,1,79,,12272,11,,,1,40,,12273,11,,,1,80,,12274,11,,,1,77,,12275,11,,,1,93,,12276,11,,,1,49,,12277,11,,,1,92,,12278,11,,,1
6030100,'3',703,,12279,11,,,1,36,,12280,11,,,1,76,,12281,11,,,1,36,,12282,11,,,1,79,,12283,11,,,1,85,,12284,11,,,1,43,,12285,11,,,1,82,,12286,11,,,1,83,,12287,11,,,1,82,,12288,11,,,1,42,,12289,11,,,1,83,,12290,11,,,1,82,,12291,11,,,1,36,,12292,11,,,1,76,,12293,11,,,1,76,,12294,11,,,1,35,,12295,11,,,1,76,,12296,11,,,1,36,,12297,11,,,1,74,,12298,11,,,1,36,,12299,11,,,1,75,,12300,11,,,1,76,,12301,11,,,1,105,,12302,11,,,1,105,,12303,11,,,1,104,,12304,11,,,1
6030100,'80',703,,12305,11,,,1,36,,12306,11,,,1,76,,12307,11,,,1,36,,12308,11,,,1,79,,12309,11,,,1,85,,12310,11,,,1,43,,12311,11,,,1,82,,12312,11,,,1,83,,12313,11,,,1,82,,12314,11,,,1,42,,12315,11,,,1,83,,12316,11,,,1,82,,12317,11,,,1,36,,12318,11,,,1,76,,12319,11,,,1,76,,12320,11,,,1,35,,12321,11,,,1,76,,12322,11,,,1,36,,12323,11,,,1,74,,12324,11,,,1,36,,12325,11,,,1,75,,12326,11,,,1,76,,12327,11,,,1,105,,12328,11,,,1,105,,12329,11,,,1,104,,12330,11,,,1
6030100,'81',703,,12331,11,,,1,36,,12332,11,,,1,76,,12333,11,,,1,36,,12334,11,,,1,79,,12335,11,,,1,85,,12336,11,,,1,43,,12337,11,,,1,82,,12338,11,,,1,83,,12339,11,,,1,82,,12340,11,,,1,42,,12341,11,,,1,83,,12342,11,,,1,82,,12343,11,,,1,36,,12344,11,,,1,76,,12345,11,,,1,76,,12346,11,,,1,35,,12347,11,,,1,76,,12348,11,,,1,36,,12349,11,,,1,74,,12350,11,,,1,36,,12351,11,,,1,75,,12352,11,,,1,76,,12353,11,,,1,105,,12354,11,,,1,105,,12355,11,,,1,104,,12356,11,,,1
