1600,'1',546,,2421,16,,,1,62,,2422,16,,,1,24,,2423,16,,,1,22,,2424,16,,,1,62,,2425,16,,,1,22,,2426,16,,,1,18,,2427,16,,,1,66,,2428,16,,,1,22,,2429,16,,,1,62,,2430,16,,,1,31,,2431,16,,,1,70,,2432,16,,,1,35,,2433,16,,,1,67,,2434,16,,,1,31,,2435,16,,,1,71,,2436,16,,,1,31,,2437,16,,,1,71,,2438,16,,,1,31,,2439,16,,,1,75,,2440,16,,,1,21,,2441,16,,,1,63,,2442,16,,,1,23,,2443,16,,,1,23,,2444,16,,,1,63,,2445,16,,,1,25,,2446,16,,,1,63,,2447,16,,,1,23,,2448,16,,,1,23,,2449,16,,,1,63,,2450,16,,,1,22,,2451,16,,,1,20,,2452,16,,,1,63,,2453,16,,,1,23,,2454,16,,,1,63,,2455,16,,,1,23,,2456,16,,,1,21,,2457,16,,,1,74,,2458,16,,,1,34,,2459,16,,,1,74,,2460,16,,,1,74,,2461,16,,,1,34,,2462,16,,,1,74,,2466,16,,,1
1600,'2',654,,2467,16,,,1,78,,2468,16,,,1,80,,2469,16,,,1,38,,2470,16,,,1,78,,2471,16,,,1,78,,2472,16,,,1,38,,2473,16,,,1,78,,2474,16,,,1,78,,2475,16,,,1,38,,2476,16,,,1,81,,2477,16,,,1,81,,2478,16,,,1,42,,2479,16,,,1,81,,2480,16,,,1,82,,2481,16,,,1,41,,2482,16,,,1,81,,2483,16,,,1,81,,2484,16,,,1,41,,2485,16,,,1,74,,2486,16,,,1,36,,2487,16,,,1,79,,2488,16,,,1,73,,2489,16,,,1,35,,2490,16,,,1,77,,2491,16,,,1,35,,2492,16,,,1,76,,2493,16,,,1
1600,'3',848,,2495,16,,,1,96,,2496,16,,,1,95,,2497,16,,,1,95,,2498,16,,,1,95,,2499,16,,,1,99,,2504,16,,,1,98,,2500,16,,,1,98,,2501,16,,,1,98,,2502,16,,,1,94,,2503,16,,,1,94,,2509,16,,,1,92,,2505,16,,,1,51,,2506,16,,,1,92,,2507,16,,,1,92,,2508,16,,,1
1600,'80',848,,2512,16,,,1,96,,2513,16,,,1,95,,2514,16,,,1,95,,2515,16,,,1,95,,2516,16,,,1,99,,2521,16,,,1,98,,2517,16,,,1,98,,2518,16,,,1,98,,2519,16,,,1,94,,2520,16,,,1,94,,2526,16,,,1,92,,2522,16,,,1,51,,2523,16,,,1,92,,2524,16,,,1,92,,2525,16,,,1
1600,'81',848,,2529,16,,,1,96,,2532,16,,,1,95,,2533,16,,,1,95,,2534,16,,,1,95,,2535,16,,,1,99,,2540,16,,,1,98,,2536,16,,,1,98,,2537,16,,,1,98,,2538,16,,,1,94,,2539,16,,,1,94,,2545,16,,,1,92,,2541,16,,,1,51,,2542,16,,,1,92,,2543,16,,,1,92,,2544,16,,,1
8500,'1',642,,5396,60,,,1,16,,5397,60,,,1,56,,5398,60,,,1,16,,5399,60,,,1,16,,5400,60,,,1,60,,5401,60,,,1,16,,5402,60,,,1,16,,5403,60,,,1,16,,5404,60,,,1,56,,5405,60,,,1,16,,5406,60,,,1,10,,5407,59,,,1,16,,5408,59,,,1,65,,5409,59,,,1,25,,5410,59,,,1,58,,5411,59,,,1,25,,5412,59,,,1,25,,5413,59,,,1,65,,5414,59,,,1,25,,5415,59,,,1,66,,5416,59,,,1,25,,5417,59,,,1,27,,5418,59,,,1,65,,5419,59,,,1,20,,5420,59,,,1,57,,5447,45,,,1,18,,5421,45,,,1,20,,5422,45,,,1,16,,5423,45,,,1,57,,5424,45,,,1,16,,5425,45,,,1,24,,5426,46,,,1,53,,5427,46,,,1,16,,5428,46,,,1,16,,5429,46,,,1,19,,5430,46,,,1,56,,5431,46,,,1,16,,5432,46,,,1,16,,5433,46,,,1,10,,5434,46,,,1,56,,5435,46,,,1,16,,5436,46,,,1,16,,5437,46,,,1,16,,5438,46,,,1,52,,5439,45,,,1,25,,5440,45,,,1,25,,5441,45,,,1,65,,5442,45,,,1,32,,5443,45,,,1,72,,5444,45,,,1,72,,5445,45,,,1,32,,5446,45,,,1
8500,'2',716,,5476,59,,,1,32,,5477,59,,,1,70,,5478,59,,,1,28,,5479,59,,,1,74,,5480,59,,,1,30,,5481,59,,,1,70,,5482,59,,,1,34,,5483,59,,,1,70,,5484,59,,,1,31,,5448,59,,,1,62,,5449,59,,,1,25,,5450,59,,,1,63,,5451,59,,,1,23,,5452,59,,,1,23,,5453,59,,,1,63,,5454,59,,,1,23,,5455,59,,,1,63,,5456,59,,,1,23,,5457,59,,,1,23,,5458,59,,,1,63,,5459,59,,,1,23,,5460,59,,,1,23,,5461,59,,,1,63,,5462,59,,,1,21,,5463,59,,,1,61,,5464,59,,,1,17,,5465,59,,,1,21,,5466,59,,,1,21,,5467,59,,,1,61,,5468,59,,,1,21,,5469,59,,,1,61,,5470,59,,,1,18,,5471,59,,,1,21,,5472,59,,,1,61,,5473,59,,,1,21,,5474,59,,,1,21,,5475,59,,,1,70,,5485,59,,,1,30,,5486,59,,,1,70,,5487,59,,,1
8500,'3',852,,5505,31,,,1,80,,5506,31,,,1,79,,5488,59,,,1,40,,5489,59,,,1,81,,5490,59,,,1,80,,5491,59,,,1,91,,5492,59,,,1,43,,5493,59,,,1,83,,5494,59,,,1,83,,5495,59,,,1,42,,5496,59,,,1,83,,5497,59,,,1,84,,5498,59,,,1,34,,5499,59,,,1,81,,5500,59,,,1,85,,5501,59,,,1,37,,5502,59,,,1,81,,5503,59,,,1,81,,5504,59,,,1
8500,'80',852,,5524,31,,,1,80,,5525,31,,,1,79,,5507,59,,,1,40,,5508,59,,,1,81,,5509,59,,,1,80,,5510,59,,,1,91,,5511,59,,,1,43,,5512,59,,,1,83,,5513,59,,,1,83,,5514,59,,,1,42,,5515,59,,,1,83,,5516,59,,,1,84,,5517,59,,,1,34,,5518,59,,,1,81,,5519,59,,,1,85,,5520,59,,,1,37,,5521,59,,,1,81,,5522,59,,,1,81,,5523,59,,,1
8500,'81',852,,5543,31,,,1,80,,5544,31,,,1,79,,5526,59,,,1,40,,5527,59,,,1,81,,5528,59,,,1,80,,5529,59,,,1,91,,5530,59,,,1,43,,5531,59,,,1,83,,5532,59,,,1,83,,5533,59,,,1,42,,5534,59,,,1,83,,5535,59,,,1,84,,5536,59,,,1,34,,5537,59,,,1,81,,5538,59,,,1,85,,5539,59,,,1,37,,5540,59,,,1,81,,5541,59,,,1,81,,5542,59,,,1
44401,'24612.1',1506,,9278,19,,,1
