9901,'152.0.1',404,,7366,,,1,40,,7367,,,1,80,,7368,,,1,80,,7369,,,1,36,,7370,,,1,75,,7371,,,1,28,,7372,,,1,83,,7373,,,1,75,,7374,,,1,35,,7375,,,1,94,,7376,,,1,96,,7377,,,1,94,,7378,,,1,94,,7379,,,1,100,,7380,,,1,24,,7381,,,1,70,,7382,,,1,30,,7383,,,1,70,,7384,,,1,30,,7385,,,1,70,,7386,,,1,30,,7387,,,1,70,,7388,,,1,30,,7389,,,1,68,,7390,,,1,30,,7391,,,1,70,,7392,,,1,25,,7393,,,1,74,,7394,,,1,45,,7395,,,1
9901,'152.0.2',524,,7396,,,1,77,,7397,,,1,37,,7398,,,1,77,,7399,,,1,87,,7400,,,1,49,,7401,,,1,87,,7402,,,1,87,,7403,,,1,98,,7404,,,1,95,,7405,,,1,95,,7406,,,1,95,,7407,,,1,95,,7408,,,1,55,,7409,,,1,94,,7410,,,1,94,,7411,,,1,95,,7412,,,1,94,,7413,,,1,85,,7414,,,1,85,,7415,,,1
9901,'152.0.3',529,,7416,,,1,79,,7417,,,1,38,,7418,,,1,78,,7419,,,1,78,,7420,,,1,50,,7421,,,1,89,,7422,,,1,89,,7423,,,1,89,,7424,,,1,90,,7425,,,1,49,,7426,,,1,89,,7427,,,1,89,,7428,,,1,89,,7429,,,1,89,,7430,,,1,89,,7431,,,1,48,,7432,,,1,89,,7433,,,1,89,,7434,,,1,88,,7435,,,1,89,,7436,,,1,39,,7437,,,1
9901,'152.0.80',529,,7438,,,1,79,,7439,,,1,38,,7440,,,1,78,,7441,,,1,78,,7442,,,1,50,,7443,,,1,89,,7444,,,1,89,,7445,,,1,89,,7446,,,1,90,,7447,,,1,49,,7448,,,1,89,,7449,,,1,89,,7450,,,1,89,,7451,,,1,89,,7452,,,1,89,,7453,,,1,48,,7454,,,1,89,,7455,,,1,89,,7456,,,1,88,,7457,,,1,89,,7458,,,1,39,,7459,,,1
9901,'152.0.81',529,,7460,,,1,79,,7461,,,1,38,,7462,,,1,78,,7463,,,1,78,,7464,,,1,50,,7465,,,1,89,,7466,,,1,89,,7467,,,1,89,,7468,,,1,90,,7469,,,1,49,,7470,,,1,89,,7471,,,1,89,,7472,,,1,89,,7473,,,1,89,,7474,,,1,89,,7475,,,1,48,,7476,,,1,89,,7477,,,1,89,,7478,,,1,88,,7479,,,1,89,,7480,,,1,39,,7481,,,1
60101,'152.0.1',513,,9677,,,1,12,,9678,,,1,13,,9679,,,1,12,,9680,,,1,52,,9681,,,1,12,,9682,,,1,14,,9683,,,1,12,,9684,,,1,12,,9685,,,1,52,,9686,,,1,10,,9687,,,1,15,,9688,,,1,10,,9689,,,1,10,,9690,,,1,10,,9691,,,1,50,,9692,,,1,10,,9693,,,1,10,,9694,,,1,10,,9695,,,1,10,,9696,,,1,10,,9697,,,1,50,,9698,,,1,10,,9699,,,1,10,,9700,,,1,10,,9701,,,1,10,,9702,,,1,10,,9703,,,1,50,,9704,,,1,10,,9705,,,1,10,,9706,,,1,10,,9707,,,1,16,,9708,,,1,56,,9709,,,1,18,,9710,,,1,16,,9711,,,1,56,,9712,,,1,16,,9713,,,1,16,,9714,,,1,16,,9715,,,1,56,,9716,,,1,16,,9717,,,1,16,,9718,,,1,16,,9719,,,1,56,,9720,,,1,19,,9721,,,1,16,,9722,,,1,12,,9723,,,1,52,,9724,,,1,12,,9725,,,1,12,,9726,,,1,12,,9727,,,1,12,,9728,,,1,52,,9729,,,1,12,,9730,,,1,12,,9731,,,1,12,,9732,,,1,14,,9733,,,1,52,,9734,,,1,12,,9735,,,1,12,,9736,,,1,12,,9737,,,1,12,,9738,,,1,49,,9739,,,1,12,,9740,,,1,12,,9741,,,1,12,,9742,,,1,12,,9743,,,1,49,,9744,,,1,13,,9745,,,1,14,,9746,,,1,14,,9747,,,1,14,,9748,,,1,52,,9749,,,1,14,,9750,,,1,14,,9751,,,1,20,,9752,,,1,60,,9753,,,1,20,,9754,,,1,17,,9755,,,1,60,,9756,,,1,20,,9757,,,1,19,,9758,,,1,55,,9759,,,1,19,,9760,,,1,19,,9761,,,1,57,,9762,,,1,19,,9763,,,1
60101,'152.0.2',635,,9764,,,1,16,,9765,,,1,56,,9766,,,1,16,,9767,,,1,16,,9768,,,1,17,,9769,,,1,56,,9770,,,1,15,,9771,,,1,17,,9772,,,1,14,,9773,,,1,58,,9774,,,1,15,,9775,,,1,15,,9776,,,1,55,,9777,,,1,16,,9778,,,1,15,,9779,,,1,15,,9780,,,1,57,,9781,,,1,15,,9782,,,1,16,,9783,,,1,15,,9784,,,1,55,,9785,,,1,15,,9786,,,1,15,,9787,,,1,15,,9788,,,1,55,,9789,,,1,15,,9790,,,1,15,,9791,,,1,15,,9792,,,1,55,,9793,,,1,15,,9794,,,1,15,,9795,,,1,15,,9796,,,1,55,,9797,,,1,15,,9798,,,1,15,,9799,,,1,15,,9800,,,1,55,,9801,,,1,15,,9802,,,1,15,,9803,,,1,15,,9804,,,1,55,,9805,,,1,15,,9806,,,1,15,,9807,,,1,15,,9808,,,1,53,,9809,,,1,13,,9810,,,1,15,,9811,,,1,12,,9812,,,1,14,,9813,,,1,55,,9814,,,1,15,,9815,,,1,15,,9816,,,1,15,,9817,,,1,55,,9818,,,1,13,,9819,,,1,18,,9820,,,1,57,,9821,,,1,16,,9822,,,1,17,,9823,,,1,17,,9824,,,1,57,,9825,,,1,14,,9826,,,1,18,,9827,,,1,16,,9828,,,1,56,,9829,,,1,15,,9830,,,1,16,,9831,,,1,16,,9832,,,1,54,,9833,,,1,16,,9834,,,1
60101,'152.0.3',725,,9835,,,1,20,,9836,,,1,60,,9837,,,1,20,,9838,,,1,22,,9839,,,1,60,,9840,,,1,20,,9841,,,1,22,,9842,,,1,60,,9843,,,1,20,,9844,,,1,23,,9845,,,1,60,,9846,,,1,20,,9847,,,1,19,,9848,,,1,60,,9849,,,1,20,,9850,,,1,20,,9851,,,1,62,,9852,,,1,20,,9853,,,1,20,,9854,,,1,60,,9855,,,1,20,,9856,,,1,20,,9857,,,1,60,,9858,,,1,20,,9859,,,1,20,,9860,,,1,60,,9861,,,1,20,,9862,,,1,20,,9863,,,1,60,,9864,,,1,20,,9865,,,1,20,,9866,,,1,57,,9867,,,1,20,,9868,,,1,20,,9869,,,1,60,,9870,,,1,20,,9871,,,1,18,,9872,,,1,60,,9873,,,1,20,,9874,,,1,20,,9875,,,1,58,,9876,,,1,20,,9877,,,1,20,,9878,,,1,60,,9879,,,1,20,,9880,,,1,18,,9881,,,1,60,,9882,,,1,20,,9883,,,1,18,,9884,,,1,58,,9885,,,1,20,,9886,,,1,20,,9887,,,1
60101,'152.0.80',725,,9888,,,1,20,,9889,,,1,60,,9890,,,1,20,,9891,,,1,22,,9892,,,1,60,,9893,,,1,20,,9894,,,1,22,,9895,,,1,60,,9896,,,1,20,,9897,,,1,23,,9898,,,1,60,,9899,,,1,20,,9900,,,1,19,,9901,,,1,60,,9902,,,1,20,,9903,,,1,20,,9904,,,1,62,,9905,,,1,20,,9906,,,1,20,,9907,,,1,60,,9908,,,1,20,,9909,,,1,20,,9910,,,1,60,,9911,,,1,20,,9912,,,1,20,,9913,,,1,60,,9914,,,1,20,,9915,,,1,20,,9916,,,1,60,,9917,,,1,20,,9918,,,1,20,,9919,,,1,57,,9920,,,1,20,,9921,,,1,20,,9922,,,1,60,,9923,,,1,20,,9924,,,1,18,,9925,,,1,60,,9926,,,1,20,,9927,,,1,20,,9928,,,1,58,,9929,,,1,20,,9930,,,1,20,,9931,,,1,60,,9932,,,1,20,,9933,,,1,18,,9934,,,1,60,,9935,,,1,20,,9936,,,1,18,,9937,,,1,58,,9938,,,1,20,,9939,,,1,20,,9940,,,1
60101,'152.0.81',725,,9941,,,1,20,,9942,,,1,60,,9943,,,1,20,,9944,,,1,22,,9945,,,1,60,,9946,,,1,20,,9947,,,1,22,,9948,,,1,60,,9949,,,1,20,,9950,,,1,23,,9951,,,1,60,,9952,,,1,20,,9953,,,1,19,,9954,,,1,60,,9955,,,1,20,,9956,,,1,20,,9957,,,1,62,,9958,,,1,20,,9959,,,1,20,,9960,,,1,60,,9961,,,1,20,,9962,,,1,20,,9963,,,1,60,,9964,,,1,20,,9965,,,1,20,,9966,,,1,60,,9967,,,1,20,,9968,,,1,20,,9969,,,1,60,,9970,,,1,20,,9971,,,1,20,,9972,,,1,57,,9973,,,1,20,,9974,,,1,20,,9975,,,1,60,,9976,,,1,20,,9977,,,1,18,,9978,,,1,60,,9979,,,1,20,,9980,,,1,20,,9981,,,1,58,,9982,,,1,20,,9983,,,1,20,,9984,,,1,60,,9985,,,1,20,,9986,,,1,18,,9987,,,1,60,,9988,,,1,20,,9989,,,1,18,,9990,,,1,58,,9991,,,1,20,,9992,,,1,20,,9993,,,1
830101,'152.0.1',641,,11493,,,1,74,,11494,,,1,34,,11495,,,1,74,,11496,,,1,34,,11497,,,1,74,,11498,,,1,74,,11499,,,1,420,,11508,,,1,75,,11500,,,1,34,,11501,,,1,75,,11502,,,1,34,,11503,,,1,75,,11504,,,1,35,,11505,,,1,75,,11506,,,1,72,,11507,,,1
989901,'152.0.1',2228,,11627,,,1,31,,11628,,,1,78,,11629,,,1,75,,11630,,,1,35,,11631,,,1,71,,11632,,,1,35,,11633,,,1,75,,11634,,,1
989901,'152.0.2',2235,,11635,,,1,89,,11636,,,1,82,,11637,,,1,51,,11640,,,1,85,,11638,,,1,86,,11639,,,1
989901,'152.0.3',2246,,11641,,,1,87,,11642,,,1,83,,11643,,,1,88,,11644,,,1,39,,11645,,,1,83,,11646,,,1
989901,'152.0.80',2246,,11647,,,1,87,,11648,,,1,83,,11649,,,1,88,,11650,,,1,39,,11651,,,1,83,,11652,,,1
989901,'152.0.81',2246,,11653,,,1,87,,11654,,,1,83,,11655,,,1,88,,11656,,,1,39,,11657,,,1,83,,11658,,,1
6010201,'152.0.1',519,,11973,,,1,12,,11974,,,1,13,,11975,,,1,12,,11976,,,1,52,,11977,,,1,14,,11978,,,1,12,,11979,,,1,12,,11980,,,1,13,,11981,,,1,51,,11982,,,1,10,,11983,,,1,14,,11984,,,1,10,,11985,,,1,10,,11986,,,1,50,,11987,,,1,10,,11988,,,1,10,,11989,,,1,10,,11990,,,1,10,,11991,,,1,10,,11992,,,1,50,,11993,,,1,10,,11994,,,1,10,,11995,,,1,10,,11996,,,1,10,,11997,,,1,10,,11998,,,1,50,,11999,,,1,10,,12000,,,1,10,,12001,,,1,11,,12002,,,1,13,,12003,,,1,56,,12004,,,1,17,,12005,,,1,16,,12006,,,1,16,,12007,,,1,56,,12008,,,1,16,,12009,,,1,16,,12010,,,1,16,,12011,,,1,56,,12012,,,1,16,,12013,,,1,16,,12014,,,1,56,,12015,,,1,19,,12016,,,1,16,,12017,,,1,14,,12018,,,1,52,,12019,,,1,12,,12020,,,1,12,,12021,,,1,12,,12022,,,1,12,,12023,,,1,52,,12024,,,1,12,,12025,,,1,12,,12026,,,1,12,,12027,,,1,14,,12028,,,1,52,,12029,,,1,12,,12030,,,1,12,,12031,,,1,12,,12032,,,1,12,,12033,,,1,50,,12034,,,1,11,,12035,,,1,11,,12036,,,1,12,,12037,,,1,12,,12038,,,1,10,,12039,,,1,52,,12040,,,1,14,,12041,,,1,14,,12042,,,1
6010201,'152.0.2',852,,12043,,,1,55,,12044,,,1,18,,12045,,,1,15,,12046,,,1,15,,12047,,,1,56,,12048,,,1,15,,12049,,,1,15,,12050,,,1,15,,12051,,,1,56,,12052,,,1,15,,12053,,,1,15,,12054,,,1,15,,12055,,,1,55,,12056,,,1,15,,12057,,,1,15,,12058,,,1,15,,12059,,,1,55,,12060,,,1,15,,12061,,,1,15,,12062,,,1,15,,12063,,,1,55,,12064,,,1,15,,12065,,,1,15,,12066,,,1,15,,12067,,,1,55,,12068,,,1,15,,12069,,,1,15,,12070,,,1,15,,12071,,,1,55,,12072,,,1,15,,12073,,,1,15,,12074,,,1,15,,12075,,,1,55,,12076,,,1,15,,12077,,,1,15,,12078,,,1,15,,12079,,,1,52,,12080,,,1,15,,12081,,,1,15,,12082,,,1,10,,12083,,,1,55,,12084,,,1,14,,12085,,,1,15,,12086,,,1,15,,12087,,,1,55,,12088,,,1
6010201,'152.0.3',919,,12089,,,1,20,,12090,,,1,20,,12091,,,1,60,,12092,,,1,21,,12093,,,1,62,,12094,,,1,20,,12095,,,1,19,,12096,,,1,60,,12097,,,1,20,,12098,,,1,20,,12099,,,1,61,,12100,,,1,21,,12101,,,1,20,,12102,,,1,60,,12103,,,1,20,,12104,,,1,20,,12105,,,1,60,,12106,,,1,20,,12107,,,1,20,,12108,,,1,60,,12109,,,1,20,,12110,,,1,20,,12111,,,1,60,,12112,,,1,20,,12113,,,1,20,,12114,,,1,58,,12115,,,1,19,,12116,,,1,20,,12117,,,1,60,,12118,,,1,19,,12119,,,1,19,,12120,,,1,20,,12121,,,1,60,,12122,,,1,20,,12123,,,1
6010201,'152.0.80',919,,12124,,,1,20,,12125,,,1,20,,12126,,,1,60,,12127,,,1,21,,12128,,,1,62,,12129,,,1,20,,12130,,,1,19,,12131,,,1,60,,12132,,,1,20,,12133,,,1,20,,12134,,,1,61,,12135,,,1,21,,12136,,,1,20,,12137,,,1,60,,12138,,,1,20,,12139,,,1,20,,12140,,,1,60,,12141,,,1,20,,12142,,,1,20,,12143,,,1,60,,12144,,,1,20,,12145,,,1,20,,12146,,,1,60,,12147,,,1,20,,12148,,,1,20,,12149,,,1,58,,12150,,,1,19,,12151,,,1,20,,12152,,,1,60,,12153,,,1,19,,12154,,,1,19,,12155,,,1,20,,12156,,,1,60,,12157,,,1,20,,12158,,,1
6010201,'152.0.81',919,,12159,,,1,20,,12160,,,1,20,,12161,,,1,60,,12162,,,1,21,,12163,,,1,62,,12164,,,1,20,,12165,,,1,19,,12166,,,1,60,,12167,,,1,20,,12168,,,1,20,,12169,,,1,61,,12170,,,1,21,,12171,,,1,20,,12172,,,1,60,,12173,,,1,20,,12174,,,1,20,,12175,,,1,60,,12176,,,1,20,,12177,,,1,20,,12178,,,1,60,,12179,,,1,20,,12180,,,1,20,,12181,,,1,60,,12182,,,1,20,,12183,,,1,20,,12184,,,1,58,,12185,,,1,19,,12186,,,1,20,,12187,,,1,60,,12188,,,1,19,,12189,,,1,19,,12190,,,1,20,,12191,,,1,60,,12192,,,1,20,,12193,,,1
