8100,'1',518,,5283,8,,,1,31,,5285,8,,,1,71,,5287,8,,,1,32,,5288,8,,,1,74,,5286,8,,,1,74,,5289,8,,,1,46,,5284,8,,,1
9800,'1',607,,7091,8,,,1,35,,7090,8,,,1,72,,7089,8,,,1,35,,7088,8,,,1,75,,7087,8,,,1,35,,7086,8,,,1,98,,7082,8,,,1,98,,7079,8,,,1,94,,7084,8,,,1,98,,7083,8,,,1,80,,7071,8,,,1,76,,7081,8,,,1,40,,7080,8,,,1,80,,7078,8,,,1,80,,7077,8,,,1,40,,7076,8,,,1,87,,7075,8,,,1,80,,7074,8,,,1,95,,7073,8,,,1,51,,7072,8,,,1,91,,7085,8,,,1
9800,'2',607,,7109,8,,,1,46,,7108,8,,,1,84,,7107,8,,,1,94,,7106,8,,,1,92,,7105,8,,,1,89,,7104,8,,,1,94,,7103,8,,,1,98,,7102,8,,,1,98,,7101,8,,,1,56,,7100,8,,,1,98,,7099,8,,,1,98,,7098,8,,,1,101,,7097,8,,,1,103,,7096,8,,,1,89,,7095,8,,,1,93,,7094,8,,,1,89,,7093,8,,,1,85,,7092,8,,,1
9800,'3',752,,7125,8,,,1,88,,7124,8,,,1,88,,7123,8,,,1,91,,7122,8,,,1,93,,7121,8,,,1,88,,7120,8,,,1,53,,7119,8,,,1,93,,7118,8,,,1,93,,7117,8,,,1,93,,7116,8,,,1,93,,7115,8,,,1,99,,7114,8,,,1,88,,7113,8,,,1,91,,7112,8,,,1,47,,7111,8,,,1,88,,7110,8,,,1
9800,'80',752,,7141,8,,,1,88,,7140,8,,,1,88,,7139,8,,,1,91,,7138,8,,,1,93,,7137,8,,,1,88,,7136,8,,,1,53,,7135,8,,,1,93,,7134,8,,,1,93,,7133,8,,,1,93,,7132,8,,,1,93,,7131,8,,,1,99,,7130,8,,,1,88,,7129,8,,,1,91,,7128,8,,,1,47,,7127,8,,,1,88,,7126,8,,,1
9800,'81',752,,7157,8,,,1,88,,7156,8,,,1,88,,7155,8,,,1,91,,7154,8,,,1,93,,7153,8,,,1,88,,7152,8,,,1,53,,7151,8,,,1,93,,7150,8,,,1,93,,7149,8,,,1,93,,7148,8,,,1,93,,7147,8,,,1,99,,7146,8,,,1,88,,7145,8,,,1,91,,7144,8,,,1,47,,7143,8,,,1,88,,7142,8,,,1
989900,'1',2112,,11580,51,0,198 199,1,34,,11581,51,0,198 199,1,78,,11582,51,0,198 199,1,78,,11583,51,0,198 199,1,35,,11584,51,0,198 199,1,72,,11585,51,0,198 199,1,35,,11586,51,0,198 199,1,75,,11587,51,0,198 199,1,36,,11588,51,0,5 6,1,75,,11589,51,0,5 6,1,79,,11590,51,0,5 6,1
989900,'2',2116,,11591,51,0,198 199,1,94,,11592,51,0,198 199,1,47,,11593,51,0,198 199,1,92,,11594,51,0,198 199,1,86,,11595,51,0,198 199,1,86,,11596,51,0,198 199,1,84,,11597,51,0,5 6,1,46,,11598,51,0,5 6,1,86,,11599,51,0,5 6,1
989900,'3',2133,,11600,51,0,198 199,1,90,,11601,51,0,198 199,1,85,,11602,51,0,198 199,1,50,,11603,51,0,198 199,1,80,,11604,51,0,198 199,1,83,,11605,51,0,198 199,1,79,,11606,51,0,5 6,1,43,,11607,51,0,5 6,1,83,,11608,51,0,5 6,1
989900,'80',2133,,11609,51,0,198 199,1,90,,11610,51,0,198 199,1,85,,11611,51,0,198 199,1,50,,11612,51,0,198 199,1,80,,11613,51,0,198 199,1,83,,11614,51,0,198 199,1,79,,11615,51,0,5 6,1,43,,11616,51,0,5 6,1,83,,11617,51,0,5 6,1
989900,'81',2133,,11618,51,0,198 199,1,90,,11619,51,0,198 199,1,85,,11620,51,0,198 199,1,50,,11621,51,0,198 199,1,80,,11622,51,0,198 199,1,83,,11623,51,0,198 199,1,79,,11624,51,0,5 6,1,43,,11625,51,0,5 6,1,83,,11626,51,0,5 6,1
