300,'1',436,,442,2,0,21 22 23 3 24,1,70,,443,2,0,21 22 23 3 24,1,44,,418,20,0,21 22 23 3 24,1,72,,419,20,0,21 22 23 3 24,1,34,,420,20,0,21 22 23 3 24,1,73,,421,20,0,21 22 23 3 24,1,72,,422,20,0,21 22 23 3 24,1,34,,423,20,0,21 22 23 3 24,1,70,,424,20,0,21 22 23 3 24,1,32,,425,20,0,21 22 23 3 24,1,69,,426,20,0,21 22 23 3 24,1,47,,427,20,0,21 22 23 3 24,1,86,,428,20,0,21 22 23 3 24,1,86,,429,20,0,21 22 23 3 24,1,86,,430,20,0,21 22 23 3 24,1,46,,431,20,0,21 22 23 3 24,1,87,,432,20,0,21 22 23 3 24,1,77,,433,20,0,21 22 23 3 24,1,32,,434,20,0,21 22 23 3 24,1,72,,435,20,0,21 22 23 3 24,1,32,,436,20,0,21 22 23 3 24,1,72,,437,20,0,21 22 23 3 24,1,72,,438,20,0,21 22 23 3 24,1,30,,439,20,0,21 22 23 3 24,1,72,,440,20,0,21 22 23 3 24,1,28,,441,20,0,21 22 23 3 24,1,72,,444,20,0,21 22 23 3 24,1,43,,445,20,0,21 22 23 3 24,1,81,,446,20,0,21 22 23 3 24,1
300,'2',912,,451,20,0,21 22 23 3 24,1,105,,453,20,0,21 22 23 3 24,1,105,,454,20,0,21 22 23 3 24,1,105,,455,20,0,21 22 23 3 24,1,105,,456,20,0,21 22 23 3 24,1,107,,457,20,0,21 22 23 3 24,1,105,,458,20,0,21 22 23 3 24,1,106,,459,20,0,21 22 23 3 24,1,106,,460,20,0,21 22 23 3 24,1,103,,461,20,0,21 22 23 3 24,1,142,,462,20,0,21 22 23 3 24,1,101,,463,20,0,21 22 23 3 24,1,102,,450,20,0,21 22 23 3 24,1
300,'3',1031,,477,20,0,21 22 23 3 24,1,103,,476,20,0,21 22 23 3 24,1,102,,475,20,0,21 22 23 3 24,1,102,,474,20,0,21 22 23 3 24,1,101,,473,20,0,21 22 23 3 24,1,102,,472,20,0,21 22 23 3 24,1,102,,471,20,0,21 22 23 3 24,1,102,,470,20,0,21 22 23 3 24,1,102,,469,20,0,21 22 23 3 24,1,100,,468,20,0,21 22 23 3 24,1,99,,467,20,0,21 22 23 3 24,1,98,,466,20,0,21 22 23 3 24,1
300,'80',1031,,491,20,0,21 22 23 3 24,1,103,,490,20,0,21 22 23 3 24,1,102,,489,20,0,21 22 23 3 24,1,102,,488,20,0,21 22 23 3 24,1,101,,487,20,0,21 22 23 3 24,1,102,,486,20,0,21 22 23 3 24,1,102,,485,20,0,21 22 23 3 24,1,102,,484,20,0,21 22 23 3 24,1,102,,483,20,0,21 22 23 3 24,1,100,,482,20,0,21 22 23 3 24,1,99,,481,20,0,21 22 23 3 24,1,98,,480,20,0,21 22 23 3 24,1
300,'81',1031,,505,20,0,21 22 23 3 24,1,103,,504,20,0,21 22 23 3 24,1,102,,503,20,0,21 22 23 3 24,1,102,,502,20,0,21 22 23 3 24,1,101,,501,20,0,21 22 23 3 24,1,102,,500,20,0,21 22 23 3 24,1,102,,499,20,0,21 22 23 3 24,1,102,,498,20,0,21 22 23 3 24,1,102,,497,20,0,21 22 23 3 24,1,100,,496,20,0,21 22 23 3 24,1,99,,495,20,0,21 22 23 3 24,1,98,,494,20,0,21 22 23 3 24,1
7701,'1',403,,4969,2,,,1,15,,4967,2,,,1,15,,4968,2,,,1,15,,4906,21,,,1,58,,4907,21,,,1,13,,4908,21,,,1,15,,4909,21,,,1,16,,4910,21,,,1,55,,4911,21,,,1,15,,4912,21,,,1,16,,4913,21,,,1,16,,4914,21,,,1,56,,4915,21,,,1,20,,4916,21,,,1,16,,4917,21,,,1,56,,4918,21,,,1,16,,4919,21,,,1,16,,4920,21,,,1,16,,4921,21,,,1,57,,4922,21,,,1,16,,4923,21,,,1,15,,4924,21,,,1,16,,4925,21,,,1,56,,4926,21,,,1,16,,4927,21,,,1,31,,4928,21,,,1,70,,4929,21,,,1,30,,4930,21,,,1,70,,4931,21,,,1,30,,4932,21,,,1,72,,4933,21,,,1,18,,4970,2,,,1,12,,4934,21,,,1,63,,4971,2,,,1,8,,4935,21,,,1,19,,4936,21,,,1,58,,4937,21,,,1,19,,4938,21,,,1,19,,4939,21,,,1,59,,4940,21,,,1,19,,4941,21,,,1,19,,4942,21,,,1,19,,4943,21,,,1,59,,4944,21,,,1,19,,4945,21,,,1,19,,4946,21,,,1,59,,4947,21,,,1,17,,4948,21,,,1,19,,4949,21,,,1,57,,4950,21,,,1,17,,4951,21,,,1,19,,4952,21,,,1,59,,4953,21,,,1,27,,4954,21,,,1,27,,4955,21,,,1,67,,4956,21,,,1,27,,4957,21,,,1,67,,4958,21,,,1,33,,4959,21,,,1,71,,4960,21,,,1,33,,4961,21,,,1,72,,4962,21,,,1,32,,4963,21,,,1,73,,4964,21,,,1,73,,4965,21,,,1,35,,4966,21,,,1
7701,'2',355,,4972,2,,,1,75,,4973,2,,,1,75,,4974,2,,,1,25,,4975,21,,,1,75,,4976,21,,,1,35,,4977,21,,,1,78,,4978,21,,,1,35,,4979,21,,,1,75,,4980,21,,,1,75,,4981,21,,,1,35,,4982,21,,,1,85,,4983,21,,,1,85,,4984,21,,,1,41,,4985,21,,,1,79,,4986,21,,,1,81,,4987,21,,,1,43,,4988,21,,,1,81,,4989,21,,,1,82,,5008,21,,,1,33,,4990,21,,,1,72,,4991,21,,,1,33,,4992,21,,,1,74,,4993,21,,,1,73,,4994,21,,,1,33,,4995,21,,,1,70,,4996,21,,,1,27,,4997,21,,,1,70,,4998,21,,,1,30,,4999,21,,,1,70,,5000,21,,,1,30,,5001,21,,,1,29,,5002,21,,,1,70,,5003,21,,,1,30,,5004,21,,,1,68,,5005,21,,,1,30,,5006,21,,,1,76,,5007,21,,,1,76,,5009,21,,,1,30,,5010,21,,,1,73,,5011,21,,,1,33,,5012,21,,,1
7701,'3',701,,5035,2,,,1,52,,5036,2,,,1,92,,5037,2,,,1,84,,5013,22,,,1,94,,5014,22,,,1,92,,5015,22,,,1,92,,5016,22,,,1,52,,5017,22,,,1,92,,5018,22,,,1,95,,5019,22,,,1,88,,5020,22,,,1,92,,5021,22,,,1,92,,5022,22,,,1,94,,5023,22,,,1,93,,5024,22,,,1,50,,5025,22,,,1,86,,5026,22,,,1,90,,5031,22,,,1,82,,5027,22,,,1,88,,5028,22,,,1,47,,5029,22,,,1,83,,5030,22,,,1,86,,5034,22,,,1,39,,5032,22,,,1,80,,5033,22,,,1
7701,'80',701,,5060,2,,,1,52,,5061,2,,,1,92,,5062,2,,,1,84,,5038,22,,,1,94,,5039,22,,,1,92,,5040,22,,,1,92,,5041,22,,,1,52,,5042,22,,,1,92,,5043,22,,,1,95,,5044,22,,,1,88,,5045,22,,,1,92,,5046,22,,,1,92,,5047,22,,,1,94,,5048,22,,,1,93,,5049,22,,,1,50,,5050,22,,,1,86,,5051,22,,,1,90,,5056,22,,,1,82,,5052,22,,,1,88,,5053,22,,,1,47,,5054,22,,,1,83,,5055,22,,,1,86,,5059,22,,,1,39,,5057,22,,,1,80,,5058,22,,,1
7701,'81',701,,5085,2,,,1,52,,5086,2,,,1,92,,5087,2,,,1,84,,5063,22,,,1,94,,5064,22,,,1,92,,5065,22,,,1,92,,5066,22,,,1,52,,5067,22,,,1,92,,5068,22,,,1,95,,5069,22,,,1,88,,5070,22,,,1,92,,5071,22,,,1,92,,5072,22,,,1,94,,5073,22,,,1,93,,5074,22,,,1,50,,5075,22,,,1,86,,5076,22,,,1,90,,5081,22,,,1,82,,5077,22,,,1,88,,5078,22,,,1,47,,5079,22,,,1,83,,5080,22,,,1,86,,5084,22,,,1,39,,5082,22,,,1,80,,5083,22,,,1
