5000,'1',615,,4159,51,,,1,34,,4158,51,,,1,67,,4157,51,,,1,31,,4156,51,,,1,65,,4155,51,,,1,29,,4154,51,,,1,66,,4150,51,,,1,27,,4151,51,,,1,67,,4152,51,,,1,28,,4153,51,,,1,82,,4168,51,,,1,31,,4167,51,,,1,69,,4166,51,,,1,31,,4160,51,,,1,70,,4161,51,,,1,28,,4162,51,,,1,69,,4163,51,,,1,32,,4164,51,,,1,67,,4165,51,,,1,21,,4179,51,,,1,29,,4178,51,,,1,68,,4177,51,,,1,19,,4176,51,,,1,76,,4169,51,,,1,26,,4170,51,,,1,68,,4171,51,,,1,28,,4172,51,,,1,64,,4173,51,,,1,35,,4174,51,,,1,59,,4175,51,,,1,25,,4185,51,,,1,77,,4184,51,,,1,37,,4180,51,,,1,74,,4181,51,,,1,37,,4182,51,,,1,77,,4183,51,,,1
5000,'2',645,,4186,51,,,1,77,,4187,51,,,1,80,,4188,51,,,1,37,,4189,51,,,1,77,,4190,51,,,1,40,,4191,51,,,1,80,,4192,51,,,1,80,,4193,51,,,1,40,,4194,51,,,1,80,,4195,51,,,1,82,,4196,51,,,1,40,,4197,51,,,1,80,,4198,51,,,1,80,,4199,51,,,1,39,,4200,51,,,1,80,,4201,51,,,1,78,,4202,51,,,1,41,,4203,51,,,1,76,,4204,51,,,1,76,,4205,51,,,1,36,,4206,51,,,1,76,,4207,51,,,1,36,,4208,51,,,1,76,,4209,51,,,1,76,,4210,51,,,1,34,,4211,51,,,1,76,,4212,51,,,1
5000,'3',646,,4213,51,,,1,88,,4214,51,,,1,88,,4215,51,,,1,88,,4216,51,,,1,48,,4217,51,,,1,88,,4218,51,,,1,91,,4219,51,,,1,90,,4220,51,,,1,92,,4221,51,,,1,90,,4222,51,,,1,50,,4223,51,,,1,89,,4224,51,,,1,90,,4225,51,,,1,87,,4226,51,,,1,87,,4227,51,,,1,47,,4228,51,,,1,87,,4229,51,,,1,84,,4230,51,,,1,82,,4231,51,,,1,43,,4232,51,,,1,83,,4233,51,,,1,83,,4234,51,,,1
5000,'80',646,,4235,51,,,1,88,,4236,51,,,1,88,,4237,51,,,1,88,,4238,51,,,1,48,,4239,51,,,1,88,,4240,51,,,1,91,,4241,51,,,1,90,,4242,51,,,1,92,,4243,51,,,1,90,,4244,51,,,1,50,,4245,51,,,1,89,,4246,51,,,1,90,,4247,51,,,1,87,,4248,51,,,1,87,,4249,51,,,1,47,,4250,51,,,1,87,,4251,51,,,1,84,,4252,51,,,1,82,,4253,51,,,1,43,,4254,51,,,1,83,,4255,51,,,1,83,,4256,51,,,1
5000,'81',646,,4257,51,,,1,88,,4258,51,,,1,88,,4259,51,,,1,88,,4260,51,,,1,48,,4261,51,,,1,88,,4262,51,,,1,91,,4263,51,,,1,90,,4264,51,,,1,92,,4265,51,,,1,90,,4266,51,,,1,50,,4267,51,,,1,89,,4268,51,,,1,90,,4269,51,,,1,87,,4270,51,,,1,87,,4271,51,,,1,47,,4272,51,,,1,87,,4273,51,,,1,84,,4274,51,,,1,82,,4275,51,,,1,43,,4276,51,,,1,83,,4277,51,,,1,83,,4278,51,,,1
5001,'1',431,,4279,54,,,1,83,,4280,54,,,1,41,,4281,54,,,1,78,,4282,54,,,1,69,,4283,54,,,1,27,,4284,54,,,1,73,,4285,54,,,1,21,,4286,54,,,1,31,,4287,54,,,1,65,,4288,54,,,1,23,,4289,54,,,1,69,,4290,54,,,1,30,,4291,54,,,1,70,,4292,54,,,1,28,,4293,54,,,1,70,,4294,54,,,1,32,,4295,54,,,1,67,,4296,54,,,1,32,,4297,54,,,1,70,,4298,54,,,1,30,,4299,54,,,1,71,,4300,54,,,1,25,,4301,54,,,1,72,,4302,54,,,1,29,,4303,54,,,1,22,,4304,54,,,1,67,,4305,54,,,1,28,,4306,54,,,1,68,,4307,54,,,1,28,,4308,54,,,1,64,,4309,54,,,1,38,,4310,54,,,1,77,,4311,54,,,1,77,,4312,54,,,1,36,,4313,54,,,1,77,,4314,54,,,1,37,,4315,54,,,1
5001,'2',653,,4339,54,,,1,77,,4332,54,,,1,77,,4316,54,,,1,37,,4317,54,,,1,77,,4318,54,,,1,81,,4331,54,,,1,40,,4330,54,,,1,80,,4319,54,,,1,80,,4320,54,,,1,40,,4321,54,,,1,80,,4322,54,,,1,78,,4323,54,,,1,40,,4324,54,,,1,80,,4325,54,,,1,80,,4326,54,,,1,39,,4327,54,,,1,80,,4328,54,,,1,40,,4329,54,,,1,77,,4338,54,,,1,76,,4337,54,,,1,36,,4333,54,,,1,76,,4334,54,,,1,76,,4335,54,,,1,33,,4336,54,,,1,76,,4340,54,,,1,36,,4341,54,,,1,76,,4342,54,,,1
5001,'3',718,,4347,54,,,1,88,,4343,54,,,1,48,,4344,54,,,1,89,,4345,54,,,1,88,,4346,54,,,1,92,,4354,54,,,1,90,,4353,54,,,1,91,,4348,54,,,1,50,,4349,54,,,1,90,,4350,54,,,1,90,,4351,54,,,1,92,,4352,54,,,1,84,,4359,54,,,1,47,,4358,54,,,1,86,,4355,54,,,1,87,,4356,54,,,1,86,,4357,54,,,1,84,,4363,54,,,1,44,,4362,54,,,1,82,,4360,54,,,1,83,,4361,54,,,1
5001,'80',718,,4368,54,,,1,88,,4364,54,,,1,48,,4365,54,,,1,89,,4366,54,,,1,88,,4367,54,,,1,92,,4375,54,,,1,90,,4374,54,,,1,91,,4369,54,,,1,50,,4370,54,,,1,90,,4371,54,,,1,90,,4372,54,,,1,92,,4373,54,,,1,84,,4380,54,,,1,47,,4379,54,,,1,86,,4376,54,,,1,87,,4377,54,,,1,86,,4378,54,,,1,84,,4384,54,,,1,44,,4383,54,,,1,82,,4381,54,,,1,83,,4382,54,,,1
5001,'81',718,,4389,54,,,1,88,,4385,54,,,1,48,,4386,54,,,1,89,,4387,54,,,1,88,,4388,54,,,1,92,,4396,54,,,1,90,,4395,54,,,1,91,,4390,54,,,1,50,,4391,54,,,1,90,,4392,54,,,1,90,,4393,54,,,1,92,,4394,54,,,1,84,,4401,54,,,1,47,,4400,54,,,1,86,,4397,54,,,1,87,,4398,54,,,1,86,,4399,54,,,1,84,,4405,54,,,1,44,,4404,54,,,1,82,,4402,54,,,1,83,,4403,54,,,1
5100,'1',1648,,4406,44,,,1,90,,4407,44,,,1,96,,4409,44,,,1,94,,4408,44,,,1
