200,'1',540,,212,5,0,12 13,1,61,,211,5,0,12 13,1,21,,210,5,0,12 13,1,21,,209,5,0,12 13,1,61,,202,5,0,12 13,1,21,,203,5,0,12 13,1,22,,204,5,0,12 13,1,61,,205,5,0,12 13,1,21,,206,5,0,12 13,1,21,,207,5,0,12 13,1,61,,208,5,0,12 13,1,21,,213,5,0,12 13,1,77,,221,5,0,12 13,1,35,,214,5,0,12 13,1,75,,215,5,0,12 13,1,35,,216,5,0,12 13,1,75,,217,5,0,12 13,1,75,,218,5,0,12 13,1,35,,219,5,0,12 13,1,72,,220,5,0,12 13,1,34,,234,5,0,12 13,1,63,,233,5,0,12 13,1,23,,232,5,0,12 13,1,23,,222,5,0,12 13,1,63,,223,5,0,12 13,1,24,,224,5,0,12 13,1,63,,225,5,0,12 13,1,23,,226,5,0,12 13,1,23,,227,5,0,12 13,1,62,,228,5,0,12 13,1,23,,229,5,0,12 13,1,23,,230,5,0,12 13,1,63,,231,5,0,12 13,1,90,,240,5,0,12 13,1,39,,235,5,0,12 13,1,80,,236,5,0,12 13,1,80,,237,5,0,12 13,1,40,,238,5,0,12 13,1,80,,239,5,0,12 13,1
200,'2',800,,269,5,0,208 209 6,1,40,,268,5,0,208 209 6,1,80,,244,5,0,208 209 6,1,80,,245,5,0,208 209 6,1,40,,246,5,0,208 209 6,1,80,,247,5,0,208 209 6,1,80,,248,5,0,208 209 6,1,40,,249,5,0,208 209 6,1,80,,250,5,0,208 209 6,1,80,,251,5,0,208 209 6,1,40,,252,5,0,208 209 6,1,80,,253,5,0,208 209 6,1,80,,254,5,0,208 209 6,1,40,,255,5,0,208 209 6,1,80,,256,5,0,208 209 6,1,80,,257,5,0,208 209 6,1,40,,258,5,0,208 209 6,1,80,,259,5,0,208 209 6,1,80,,260,5,0,208 209 6,1,40,,261,5,0,208 209 6,1,79,,262,5,0,208 209 6,1,32,,267,5,0,208 209 6,1,73,,266,5,0,208 209 6,1,33,,263,5,0,208 209 6,1,73,,264,5,0,208 209 6,1,73,,265,5,0,208 209 6,1
200,'3',847,,270,5,0,208 209 6,1,158,,271,5,0,208 209 6,1,117,,272,5,0,208 209 6,1,117,,273,5,0,208 209 6,1,117,,274,5,0,208 209 6,1,157,,275,5,0,208 209 6,1,117,,276,5,0,208 209 6,1,117,,277,5,0,208 209 6,1,157,,278,5,0,208 209 6,1,117,,279,5,0,208 209 6,1,107,,280,5,0,208 209 6,1,108,,281,5,0,208 209 6,1,108,,282,5,0,208 209 6,1
200,'80',847,,283,5,0,208 209 6,1,158,,284,5,0,208 209 6,1,117,,285,5,0,208 209 6,1,117,,286,5,0,208 209 6,1,117,,287,5,0,208 209 6,1,157,,288,5,0,208 209 6,1,117,,289,5,0,208 209 6,1,117,,290,5,0,208 209 6,1,157,,291,5,0,208 209 6,1,117,,292,5,0,208 209 6,1,107,,293,5,0,208 209 6,1,108,,294,5,0,208 209 6,1,108,,295,5,0,208 209 6,1
200,'81',847,,296,5,0,208 209 6,1,158,,297,5,0,208 209 6,1,117,,298,5,0,208 209 6,1,117,,299,5,0,208 209 6,1,117,,300,5,0,208 209 6,1,157,,301,5,0,208 209 6,1,117,,302,5,0,208 209 6,1,117,,303,5,0,208 209 6,1,157,,304,5,0,208 209 6,1,117,,305,5,0,208 209 6,1,107,,306,5,0,208 209 6,1,108,,307,5,0,208 209 6,1,108,,308,5,0,208 209 6,1
501,'1',550,,1139,5,0,218 219 20,1,62,,1138,5,0,218 219 20,1,22,,1137,5,0,218 219 20,1,22,,1136,5,0,218 219 20,1,62,,1135,5,0,218 219 20,1,23,,1134,5,0,218 219 20,1,62,,1133,5,0,218 219 20,1,22,,1132,5,0,218 219 20,1,22,,1131,5,0,218 219 20,1,62,,1130,5,0,218 219 20,1,41,,1119,5,0,218 219 20,1,72,,1129,5,0,218 219 20,1,32,,1128,5,0,218 219 20,1,72,,1127,5,0,218 219 20,1,32,,1126,5,0,218 219 20,1,72,,1125,5,0,218 219 20,1,72,,1124,5,0,218 219 20,1,32,,1123,5,0,218 219 20,1,72,,1122,5,0,218 219 20,1,37,,1121,5,0,218 219 20,1,67,,1120,5,0,218 219 20,1,27,,1118,5,0,218 219 20,1,22,,1117,5,0,218 219 20,1,63,,1116,5,0,218 219 20,1,23,,1115,5,0,218 219 20,1,62,,1141,5,0,218 219 20,1,23,,1154,5,0,218 219 20,1,23,,1153,5,0,218 219 20,1,63,,1152,5,0,218 219 20,1,27,,1151,5,0,218 219 20,1,63,,1150,5,0,218 219 20,1,23,,1149,5,0,218 219 20,1,23,,1148,5,0,218 219 20,1,59,,1147,5,0,218 219 20,1,28,,1146,5,0,218 219 20,1,68,,1145,5,0,218 219 20,1,27,,1144,5,0,218 219 20,1,66,,1143,5,0,218 219 20,1,30,,1142,5,0,218 219 20,1,21,,1140,5,0,218 219 20,1
501,'2',652,,1171,5,0,218 219 20,1,68,,1172,5,0,218 219 20,1,28,,1173,5,0,218 219 20,1,68,,1174,5,0,218 219 20,1,28,,1175,5,0,218 219 20,1,68,,1181,5,0,218 219 20,1,28,,1176,5,0,218 219 20,1,68,,1177,5,0,218 219 20,1,28,,1178,5,0,218 219 20,1,68,,1179,5,0,218 219 20,1,28,,1180,5,0,218 219 20,1,68,,1155,5,0,218 219 20,1,28,,1156,5,0,218 219 20,1,29,,1157,5,0,218 219 20,1,69,,1158,5,0,218 219 20,1,29,,1159,5,0,218 219 20,1,69,,1160,5,0,218 219 20,1,29,,1161,5,0,218 219 20,1,69,,1162,5,0,218 219 20,1,29,,1163,5,0,218 219 20,1,69,,1164,5,0,218 219 20,1,29,,1165,5,0,218 219 20,1,69,,1166,5,0,218 219 20,1,29,,1182,5,0,218 219 20,1,67,,1167,5,0,218 219 20,1,27,,1168,5,0,218 219 20,1,67,,1169,5,0,218 219 20,1,25,,1170,5,0,218 219 20,1
2300,'1',629,,3501,5,,,1,107,,3500,5,,,1,106,,3499,5,,,1,763,,3498,5,,,1,50,,3497,5,,,1,90,,3496,5,,,1,90,,3504,5,,,1,90,,3503,5,,,1
7701,'1',432,,4906,5,,,1,17,,4907,5,,,1,53,,4908,5,,,1,15,,4909,5,,,1,16,,4910,5,,,1,15,,4911,5,,,1,55,,4912,5,,,1,16,,4913,5,,,1,16,,4914,5,,,1,16,,4915,5,,,1,56,,4916,5,,,1,16,,4917,5,,,1,16,,4918,5,,,1,16,,4919,5,,,1,56,,4920,5,,,1,16,,4921,5,,,1,16,,4922,5,,,1,16,,4923,5,,,1,56,,4924,5,,,1,16,,4925,5,,,1,16,,4926,5,,,1,56,,4927,5,,,1,30,,4928,5,,,1,70,,4929,5,,,1,30,,4930,5,,,1,70,,4931,5,,,1,30,,4932,5,,,1,71,,4933,5,,,1,30,,4934,5,,,1,70,,4935,5,,,1,19,,4936,5,,,1,19,,4937,5,,,1,59,,4938,5,,,1,19,,4939,5,,,1,19,,4940,5,,,1,19,,4941,5,,,1,59,,4942,5,,,1,19,,4943,5,,,1,19,,4944,5,,,1,59,,4945,5,,,1,19,,4946,5,,,1,19,,4947,5,,,1,58,,4948,5,,,1,19,,4949,5,,,1,19,,4950,5,,,1,59,,4951,5,,,1,19,,4952,5,,,1,19,,4953,5,,,1,67,,4954,5,,,1,27,,4955,5,,,1,67,,4956,5,,,1,27,,4957,5,,,1,67,,4958,5,,,1,33,,4959,5,,,1,72,,4960,5,,,1,33,,4961,5,,,1,73,,4962,5,,,1,33,,4963,5,,,1,73,,4964,5,,,1,33,,4965,5,,,1,75,,4966,5,,,1
7701,'2',514,,4975,5,,,1,35,,4976,5,,,1,75,,4977,5,,,1,35,,4978,5,,,1,75,,4979,5,,,1,75,,4980,5,,,1,35,,4981,5,,,1,75,,4982,5,,,1,86,,4983,5,,,1,41,,4984,5,,,1,81,,4985,5,,,1,81,,4986,5,,,1,41,,4987,5,,,1,82,,4988,5,,,1,80,,4989,5,,,1,42,,5008,5,,,1,73,,4990,5,,,1,33,,4991,5,,,1,73,,4992,5,,,1,74,,4993,5,,,1,32,,4994,5,,,1,73,,4995,5,,,1,30,,4996,5,,,1,70,,4997,5,,,1,30,,4998,5,,,1,70,,4999,5,,,1,30,,5000,5,,,1,70,,5001,5,,,1,30,,5002,5,,,1,70,,5003,5,,,1,30,,5004,5,,,1,69,,5005,5,,,1,30,,5006,5,,,1,76,,5007,5,,,1,36,,5009,5,,,1,70,,5010,5,,,1,33,,5011,5,,,1,73,,5012,5,,,1
7701,'3',913,,5013,5,,,1,92,,5014,5,,,1,52,,5015,5,,,1,92,,5016,5,,,1,92,,5017,5,,,1,92,,5018,5,,,1,93,,5019,5,,,1,91,,5020,5,,,1,92,,5021,5,,,1,92,,5022,5,,,1,52,,5023,5,,,1,93,,5024,5,,,1,91,,5025,5,,,1,86,,5026,5,,,1,89,,5031,5,,,1,44,,5027,5,,,1,88,,5028,5,,,1,88,,5029,5,,,1,83,,5030,5,,,1,87,,5034,5,,,1,40,,5032,5,,,1,80,,5033,5,,,1
7701,'80',913,,5038,5,,,1,92,,5039,5,,,1,52,,5040,5,,,1,92,,5041,5,,,1,92,,5042,5,,,1,92,,5043,5,,,1,93,,5044,5,,,1,91,,5045,5,,,1,92,,5046,5,,,1,92,,5047,5,,,1,52,,5048,5,,,1,93,,5049,5,,,1,91,,5050,5,,,1,86,,5051,5,,,1,89,,5056,5,,,1,44,,5052,5,,,1,88,,5053,5,,,1,88,,5054,5,,,1,83,,5055,5,,,1,87,,5059,5,,,1,40,,5057,5,,,1,80,,5058,5,,,1
7701,'81',913,,5063,5,,,1,92,,5064,5,,,1,52,,5065,5,,,1,92,,5066,5,,,1,92,,5067,5,,,1,92,,5068,5,,,1,93,,5069,5,,,1,91,,5070,5,,,1,92,,5071,5,,,1,92,,5072,5,,,1,52,,5073,5,,,1,93,,5074,5,,,1,91,,5075,5,,,1,86,,5076,5,,,1,89,,5081,5,,,1,44,,5077,5,,,1,88,,5078,5,,,1,88,,5079,5,,,1,83,,5080,5,,,1,87,,5084,5,,,1,40,,5082,5,,,1,80,,5083,5,,,1
8800,'1',547,,5813,5,,,1,55,,5814,5,,,1,15,,5815,5,,,1,15,,5816,5,,,1,15,,5817,5,,,1,55,,5818,5,,,1,11,,5819,5,,,1,18,,5820,5,,,1,7,,5872,5,,,1,7,,5821,5,,,1,14,,5822,5,,,1,54,,5823,5,,,1,14,,5824,5,,,1,14,,5825,5,,,1,14,,5826,5,,,1,54,,5827,5,,,1,14,,5828,5,,,1,14,,5829,5,,,1,14,,5830,5,,,1,54,,5831,5,,,1,14,,5832,5,,,1,14,,5833,5,,,1,77,,5834,5,,,1,37,,5835,5,,,1,77,,5836,5,,,1,77,,5837,5,,,1,45,,5838,5,,,1,8,,5839,5,,,1,55,,5840,5,,,1,15,,5841,5,,,1,15,,5842,5,,,1,15,,5843,5,,,1,56,,5844,5,,,1,15,,5845,5,,,1,15,,5846,5,,,1,15,,5847,5,,,1,57,,5848,5,,,1,13,,5849,5,,,1,15,,5850,5,,,1,15,,5851,5,,,1,55,,5852,5,,,1,15,,5853,5,,,1,15,,5854,5,,,1,15,,5855,5,,,1,55,,5856,5,,,1,14,,5857,5,,,1,12,,5858,5,,,1,14,,5859,5,,,1,54,,5860,5,,,1,14,,5861,5,,,1,14,,5862,5,,,1,14,,5863,5,,,1,54,,5864,5,,,1,41,,5865,5,,,1,80,,5866,5,,,1,81,,5867,5,,,1,41,,5868,5,,,1,73,,5873,5,,,1
8800,'2',647,,5874,5,,,1,69,,5875,5,,,1,36,,5881,5,,,1,74,,5880,5,,,1,74,,5876,5,,,1,32,,5877,5,,,1,76,,5878,5,,,1,34,,5879,5,,,1,79,,5897,5,,,1,29,,5882,5,,,1,69,,5883,5,,,1,29,,5884,5,,,1,69,,5885,5,,,1,29,,5886,5,,,1,69,,5887,5,,,1,29,,5888,5,,,1,69,,5889,5,,,1,29,,5890,5,,,1,69,,5891,5,,,1,29,,5892,5,,,1,69,,5893,5,,,1,29,,5894,5,,,1,69,,5895,5,,,1,29,,5896,5,,,1,65,,5907,5,,,1,26,,5906,5,,,1,28,,5905,5,,,1,64,,5898,5,,,1,27,,5899,5,,,1,65,,5900,5,,,1,26,,5901,5,,,1,66,,5902,5,,,1,26,,5903,5,,,1,26,,5904,5,,,1
8800,'3',816,,5914,5,,,1,31,,5912,5,,,1,71,,5913,5,,,1,38,,5919,5,,,1,75,,5918,5,,,1,75,,5915,5,,,1,35,,5916,5,,,1,75,,5917,5,,,1,35,,5930,5,,,1,69,,5920,5,,,1,29,,5921,5,,,1,69,,5922,5,,,1,29,,5923,5,,,1,69,,5924,5,,,1,29,,5925,5,,,1,69,,5926,5,,,1,29,,5927,5,,,1,69,,5928,5,,,1,27,,5929,5,,,1,69,,5939,5,,,1,26,,5938,5,,,1,23,,5937,5,,,1,65,,5931,5,,,1,25,,5932,5,,,1,65,,5933,5,,,1,25,,5934,5,,,1,65,,5935,5,,,1,24,,5936,5,,,1
8800,'80',816,,5948,5,,,1,31,,5946,5,,,1,71,,5947,5,,,1,38,,5953,5,,,1,75,,5952,5,,,1,75,,5949,5,,,1,35,,5950,5,,,1,75,,5951,5,,,1,35,,5964,5,,,1,69,,5954,5,,,1,29,,5955,5,,,1,69,,5956,5,,,1,29,,5957,5,,,1,69,,5958,5,,,1,29,,5959,5,,,1,69,,5960,5,,,1,29,,5961,5,,,1,69,,5962,5,,,1,27,,5963,5,,,1,69,,5973,5,,,1,26,,5972,5,,,1,23,,5971,5,,,1,65,,5965,5,,,1,25,,5966,5,,,1,65,,5967,5,,,1,25,,5968,5,,,1,65,,5969,5,,,1,24,,5970,5,,,1
8800,'81',816,,5976,5,,,1,31,,5974,5,,,1,71,,5975,5,,,1,38,,5981,5,,,1,75,,5980,5,,,1,75,,5977,5,,,1,35,,5978,5,,,1,75,,5979,5,,,1,35,,5992,5,,,1,69,,5982,5,,,1,29,,5983,5,,,1,69,,5984,5,,,1,29,,5985,5,,,1,69,,5986,5,,,1,29,,5987,5,,,1,69,,5988,5,,,1,29,,5989,5,,,1,69,,5990,5,,,1,27,,5991,5,,,1,69,,6001,5,,,1,26,,6000,5,,,1,23,,5999,5,,,1,65,,5993,5,,,1,25,,5994,5,,,1,65,,5995,5,,,1,25,,5996,5,,,1,65,,5997,5,,,1,24,,5998,5,,,1
9100,'1',548,,6492,5,,,1,11,,6493,5,,,1,51,,6494,5,,,1,11,,6495,5,,,1,11,,6496,5,,,1,11,,6497,5,,,1,11,,6498,5,,,1,52,,6506,5,,,1,12,,6507,5,,,1,12,,6508,5,,,1,13,,6509,5,,,1,12,,6510,5,,,1,52,,6511,5,,,1,12,,6512,5,,,1,12,,6513,5,,,1,12,,6514,5,,,1,12,,6515,5,,,1,51,,6516,5,,,1,12,,6517,5,,,1,12,,6518,5,,,1,12,,6519,5,,,1,12,,6520,5,,,1,65,,6521,5,,,1,25,,6522,5,,,1,65,,6523,5,,,1,25,,6524,5,,,1,25,,6525,5,,,1,65,,6526,5,,,1,25,,6527,5,,,1,65,,6528,5,,,1,13,,6529,5,,,1,13,,6530,5,,,1,13,,6531,5,,,1,53,,6532,5,,,1,13,,6533,5,,,1,13,,6534,5,,,1,13,,6535,5,,,1,14,,6536,5,,,1,53,,6537,5,,,1,13,,6538,5,,,1,13,,6539,5,,,1,13,,6540,5,,,1,53,,6541,5,,,1,14,,6542,5,,,1,14,,6543,5,,,1,14,,6544,5,,,1,54,,6545,5,,,1,14,,6546,5,,,1,14,,6547,5,,,1,14,,6548,5,,,1,14,,6549,5,,,1,54,,6550,5,,,1,14,,6551,5,,,1,14,,6552,5,,,1,14,,6553,5,,,1,53,,6554,5,,,1,23,,6555,5,,,1,23,,6556,5,,,1,63,,6557,5,,,1,23,,6558,5,,,1,63,,6559,5,,,1,23,,6560,5,,,1,22,,6561,5,,,1,63,,6562,5,,,1,23,,6563,5,,,1,23,,6564,5,,,1,63,,6565,5,,,1,23,,6566,5,,,1,63,,6567,5,,,1,23,,6568,5,,,1,23,,6569,5,,,1
9100,'2',647,,6574,5,,,1,62,,6575,5,,,1,22,,6576,5,,,1,22,,6577,5,,,1,62,,6578,5,,,1,22,,6579,5,,,1,22,,6580,5,,,1,62,,6581,5,,,1,22,,6582,5,,,1,65,,6583,5,,,1,25,,6584,5,,,1,25,,6585,5,,,1,66,,6586,5,,,1,25,,6587,5,,,1,65,,6588,5,,,1,25,,6589,5,,,1,65,,6590,5,,,1,25,,6591,5,,,1,25,,6592,5,,,1,65,,6593,5,,,1,25,,6594,5,,,1,65,,6595,5,,,1,25,,6596,5,,,1,25,,6597,5,,,1,65,,6598,5,,,1,25,,6599,5,,,1,65,,6600,5,,,1,25,,6601,5,,,1,65,,6602,5,,,1,25,,6603,5,,,1,25,,6604,5,,,1,65,,6605,5,,,1,25,,6606,5,,,1,69,,6607,5,,,1,29,,6608,5,,,1,69,,6609,5,,,1,29,,6610,5,,,1,69,,6611,5,,,1,28,,6612,5,,,1,69,,6613,5,,,1
9100,'3',650,,6614,5,,,1,156,,6615,5,,,1,47,,6616,5,,,1,77,,6617,5,,,1,27,,6618,5,,,1,72,,6619,5,,,1,72,,6620,5,,,1,32,,6621,5,,,1,72,,6622,5,,,1,32,,6623,5,,,1,72,,6624,5,,,1,32,,6625,5,,,1,72,,6626,5,,,1,32,,6627,5,,,1,72,,6628,5,,,1,32,,6629,5,,,1,72,,6630,5,,,1,32,,6631,5,,,1,72,,6632,5,,,1,32,,6633,5,,,1,72,,6634,5,,,1,72,,6635,5,,,1,42,,6636,5,,,1,82,,6637,5,,,1,82,,6638,5,,,1,41,,6639,5,,,1,82,,6640,5,,,1,78,,6641,5,,,1,35,,6642,5,,,1,76,,6643,5,,,1
9100,'80',650,,6644,5,,,1,156,,6645,5,,,1,47,,6646,5,,,1,77,,6647,5,,,1,27,,6648,5,,,1,72,,6649,5,,,1,72,,6650,5,,,1,32,,6651,5,,,1,72,,6652,5,,,1,32,,6653,5,,,1,72,,6654,5,,,1,32,,6655,5,,,1,72,,6656,5,,,1,32,,6657,5,,,1,72,,6658,5,,,1,32,,6659,5,,,1,72,,6660,5,,,1,32,,6661,5,,,1,72,,6662,5,,,1,32,,6663,5,,,1,72,,6664,5,,,1,72,,6665,5,,,1,42,,6666,5,,,1,82,,6667,5,,,1,82,,6668,5,,,1,41,,6669,5,,,1,82,,6670,5,,,1,78,,6671,5,,,1,35,,6672,5,,,1,76,,6673,5,,,1
9100,'81',650,,6674,5,,,1,156,,6675,5,,,1,47,,6676,5,,,1,77,,6677,5,,,1,27,,6678,5,,,1,72,,6679,5,,,1,72,,6680,5,,,1,32,,6681,5,,,1,72,,6682,5,,,1,32,,6683,5,,,1,72,,6684,5,,,1,32,,6685,5,,,1,72,,6686,5,,,1,32,,6687,5,,,1,72,,6688,5,,,1,32,,6689,5,,,1,72,,6690,5,,,1,32,,6691,5,,,1,72,,6692,5,,,1,32,,6693,5,,,1,72,,6694,5,,,1,72,,6695,5,,,1,42,,6696,5,,,1,82,,6697,5,,,1,82,,6698,5,,,1,41,,6699,5,,,1,82,,6700,5,,,1,78,,6701,5,,,1,35,,6702,5,,,1,76,,6703,5,,,1
9900,'1',442,,7255,5,,,1,80,,7256,5,,,1,80,,7257,5,,,1,41,,7258,5,,,1,90,,7259,5,,,1,75,,7260,5,,,1,35,,7261,5,,,1,75,,7262,5,,,1,35,,7263,5,,,1,75,,7264,5,,,1,96,,7265,5,,,1,94,,7266,5,,,1,94,,7267,5,,,1,94,,7268,5,,,1,28,,7280,5,,,1,71,,7279,5,,,1,29,,7269,5,,,1,70,,7270,5,,,1,30,,7271,5,,,1,70,,7272,5,,,1,30,,7273,5,,,1,70,,7274,5,,,1,30,,7275,5,,,1,70,,7276,5,,,1,30,,7277,5,,,1,70,,7278,5,,,1
9900,'2',600,,7283,5,,,1,38,,7284,5,,,1,78,,7298,5,,,1,88,,7297,5,,,1,47,,7285,5,,,1,87,,7286,5,,,1,87,,7287,5,,,1,87,,7288,5,,,1,104,,7289,5,,,1,95,,7290,5,,,1,95,,7291,5,,,1,95,,7292,5,,,1,55,,7293,5,,,1,95,,7294,5,,,1,95,,7295,5,,,1,95,,7296,5,,,1,88,,7300,5,,,1,90,,7299,5,,,1
9900,'3',607,,7303,5,,,1,38,,7304,5,,,1,78,,7305,5,,,1,78,,7306,5,,,1,51,,7323,5,,,1,89,,7307,5,,,1,89,,7308,5,,,1,89,,7309,5,,,1,89,,7310,5,,,1,49,,7311,5,,,1,89,,7312,5,,,1,89,,7313,5,,,1,89,,7314,5,,,1,89,,7315,5,,,1,89,,7316,5,,,1,49,,7317,5,,,1,89,,7318,5,,,1,89,,7319,5,,,1,87,,7320,5,,,1
9900,'80',607,,7324,5,,,1,38,,7325,5,,,1,78,,7326,5,,,1,78,,7327,5,,,1,51,,7344,5,,,1,89,,7328,5,,,1,89,,7329,5,,,1,89,,7330,5,,,1,89,,7331,5,,,1,49,,7332,5,,,1,89,,7333,5,,,1,89,,7334,5,,,1,89,,7335,5,,,1,89,,7336,5,,,1,89,,7337,5,,,1,49,,7338,5,,,1,89,,7339,5,,,1,89,,7340,5,,,1,87,,7341,5,,,1
9900,'81',607,,7345,5,,,1,38,,7346,5,,,1,78,,7347,5,,,1,78,,7348,5,,,1,51,,7365,5,,,1,89,,7349,5,,,1,89,,7350,5,,,1,89,,7351,5,,,1,89,,7352,5,,,1,49,,7353,5,,,1,89,,7354,5,,,1,89,,7355,5,,,1,89,,7356,5,,,1,89,,7357,5,,,1,89,,7358,5,,,1,49,,7359,5,,,1,89,,7360,5,,,1,89,,7361,5,,,1,87,,7362,5,,,1
36000,'2',833,,9030,5,,,1,76,,9031,5,,,1,36,,9032,5,,,1,76,,9033,5,,,1,36,,9034,5,,,1,68,,9035,5,,,1,28,,9036,5,,,1,68,,9037,5,,,1,28,,9038,5,,,1,68,,9039,5,,,1,28,,9040,5,,,1,68,,9041,5,,,1,28,,9042,5,,,1,68,,9043,5,,,1,28,,9044,5,,,1,67,,9045,5,,,1,28,,9046,5,,,1,68,,9047,5,,,1,40,,9048,5,,,1,78,,9049,5,,,1,39,,9050,5,,,1,79,,9051,5,,,1,69,,9052,5,,,1,30,,9053,5,,,1,69,,9054,5,,,1
36000,'80',932,,9055,5,,,1,74,,9056,5,,,1,34,,9057,5,,,1,68,,9058,5,,,1,28,,9059,5,,,1,68,,9060,5,,,1,28,,9061,5,,,1,68,,9062,5,,,1,28,,9063,5,,,1,28,,9064,5,,,1,68,,9065,5,,,1,28,,9066,5,,,1,68,,9067,5,,,1,28,,9068,5,,,1,68,,9069,5,,,1,28,,9070,5,,,1,68,,9071,5,,,1,28,,9072,5,,,1,68,,9073,5,,,1,28,,9074,5,,,1,68,,9075,5,,,1
36000,'32681.3',932,,9076,5,,,1,74,,9077,5,,,1,34,,9078,5,,,1,68,,9079,5,,,1,28,,9080,5,,,1,68,,9081,5,,,1,28,,9082,5,,,1,68,,9083,5,,,1,28,,9084,5,,,1,28,,9085,5,,,1,68,,9086,5,,,1,28,,9087,5,,,1,68,,9088,5,,,1,28,,9089,5,,,1,68,,9090,5,,,1,28,,9091,5,,,1,68,,9092,5,,,1,28,,9093,5,,,1,68,,9094,5,,,1,28,,9095,5,,,1,68,,9096,5,,,1
989900,'1',2038,,11580,5,0,198 199,1,77,,11581,5,0,198 199,1,38,,11582,5,0,198 199,1,78,,11583,5,0,198 199,1,75,,11584,5,0,198 199,1,34,,11585,5,0,198 199,1,75,,11586,5,0,198 199,1,35,,11587,5,0,198 199,1,75,,11588,5,0,5 6,1,75,,11589,5,0,5 6,1,42,,11590,5,0,5 6,1
989900,'2',2039,,11591,5,0,198 199,1,94,,11592,5,0,198 199,1,93,,11593,5,0,198 199,1,94,,11594,5,0,198 199,1,86,,11595,5,0,198 199,1,46,,11596,5,0,198 199,1,86,,11597,5,0,5 6,1,86,,11598,5,0,5 6,1,86,,11599,5,0,5 6,1
989900,'3',2057,,11600,5,0,198 199,1,90,,11601,5,0,198 199,1,91,,11602,5,0,198 199,1,90,,11603,5,0,198 199,1,82,,11604,5,0,198 199,1,43,,11605,5,0,198 199,1,83,,11606,5,0,5 6,1,83,,11607,5,0,5 6,1,83,,11608,5,0,5 6,1
989900,'80',2057,,11609,5,0,198 199,1,90,,11610,5,0,198 199,1,91,,11611,5,0,198 199,1,90,,11612,5,0,198 199,1,82,,11613,5,0,198 199,1,43,,11614,5,0,198 199,1,83,,11615,5,0,5 6,1,83,,11616,5,0,5 6,1,83,,11617,5,0,5 6,1
989900,'81',2057,,11618,5,0,198 199,1,90,,11619,5,0,198 199,1,91,,11620,5,0,198 199,1,90,,11621,5,0,198 199,1,82,,11622,5,0,198 199,1,43,,11623,5,0,198 199,1,83,,11624,5,0,5 6,1,83,,11625,5,0,5 6,1,83,,11626,5,0,5 6,1
