9601,'1',454,,6986,24,,,1,68,,6987,24,,,1,29,,6988,24,,,1,70,,6989,24,,,1,37,,6990,24,,,1,74,,6991,24,,,1,78,,6992,24,,,1,32,,6993,24,,,1,74,,6994,24,,,1,32,,6995,24,,,1,79,,6996,24,,,1,80,,6997,24,,,1,43,,6998,24,,,1,75,,6999,24,,,1,32,,7000,24,,,1,86,,7001,24,,,1,80,,7002,24,,,1,18,,7021,24,,,1,61,,7003,24,,,1,28,,7004,24,,,1,27,,7005,24,,,1,67,,7006,24,,,1,27,,7007,24,,,1,67,,7008,24,,,1,26,,7009,24,,,1,63,,7010,24,,,1,25,,7011,24,,,1,25,,7012,24,,,1,65,,7013,24,,,1,24,,7014,24,,,1,65,,7015,24,,,1,29,,7016,24,,,1,70,,7017,24,,,1,30,,7018,24,,,1,70,,7019,24,,,1,24,,7020,24,,,1
9601,'2',820,,7022,24,,,1,99,,7023,24,,,1,100,,7024,24,,,1,99,,7025,24,,,1,99,,7026,24,,,1,99,,7027,24,,,1,99,,7028,24,,,1,99,,7029,24,,,1,99,,7030,24,,,1,99,,7031,24,,,1,89,,7032,24,,,1,52,,7033,24,,,1,97,,7034,24,,,1
9601,'3',920,,7035,24,,,1,94,,7036,24,,,1,94,,7037,24,,,1,94,,7038,24,,,1,54,,7039,24,,,1,94,,7040,24,,,1,94,,7041,24,,,1,94,,7042,24,,,1,92,,7043,24,,,1,94,,7044,24,,,1,94,,7045,24,,,1,94,,7046,24,,,1
9601,'80',920,,7047,24,,,1,94,,7048,24,,,1,94,,7049,24,,,1,94,,7050,24,,,1,54,,7051,24,,,1,94,,7052,24,,,1,94,,7053,24,,,1,94,,7054,24,,,1,92,,7055,24,,,1,94,,7056,24,,,1,94,,7057,24,,,1,94,,7058,24,,,1
9601,'81',920,,7059,24,,,1,94,,7060,24,,,1,94,,7061,24,,,1,94,,7062,24,,,1,54,,7063,24,,,1,94,,7064,24,,,1,94,,7065,24,,,1,94,,7066,24,,,1,92,,7067,24,,,1,94,,7068,24,,,1,94,,7069,24,,,1,94,,7070,24,,,1
9801,'1',531,,7165,33,,,1,75,,7164,33,,,1,36,,7163,33,,,1,75,,7162,33,,,1,36,,7161,33,,,1,75,,7160,33,,,1,75,,7159,33,,,1,35,,7158,33,,,1,75,,7171,33,,,1,100,,7170,33,,,1,98,,7169,33,,,1,98,,7168,33,,,1,101,,7167,33,,,1,40,,7166,33,,,1,80,,7181,33,,,1,80,,7180,33,,,1,40,,7179,33,,,1,80,,7178,33,,,1,80,,7177,33,,,1,38,,7176,33,,,1,78,,7175,33,,,1,91,,7174,33,,,1,87,,7173,33,,,1,48,,7172,33,,,1
9801,'2',538,,7200,33,,,1,86,,7199,33,,,1,86,,7198,33,,,1,46,,7197,33,,,1,88,,7196,33,,,1,96,,7195,33,,,1,94,,7194,33,,,1,97,,7193,33,,,1,94,,7192,33,,,1,101,,7191,33,,,1,98,,7190,33,,,1,98,,7189,33,,,1,96,,7188,33,,,1,98,,7187,33,,,1,98,,7186,33,,,1,95,,7185,33,,,1,46,,7184,33,,,1,89,,7183,33,,,1,87,,7182,33,,,1
9801,'3',721,,7217,33,,,1,88,,7218,33,,,1,48,,7216,33,,,1,88,,7215,33,,,1,88,,7214,33,,,1,96,,7213,33,,,1,93,,7212,33,,,1,93,,7211,33,,,1,95,,7210,33,,,1,93,,7209,33,,,1,53,,7208,33,,,1,93,,7207,33,,,1,93,,7206,33,,,1,90,,7205,33,,,1,87,,7204,33,,,1,86,,7203,33,,,1,47,,7202,33,,,1,88,,7201,33,,,1
9801,'80',721,,7235,33,,,1,88,,7236,33,,,1,48,,7234,33,,,1,88,,7233,33,,,1,88,,7232,33,,,1,96,,7231,33,,,1,93,,7230,33,,,1,93,,7229,33,,,1,95,,7228,33,,,1,93,,7227,33,,,1,53,,7226,33,,,1,93,,7225,33,,,1,93,,7224,33,,,1,90,,7223,33,,,1,87,,7222,33,,,1,86,,7221,33,,,1,47,,7220,33,,,1,88,,7219,33,,,1
9801,'81',721,,7253,33,,,1,88,,7254,33,,,1,48,,7252,33,,,1,88,,7251,33,,,1,88,,7250,33,,,1,96,,7249,33,,,1,93,,7248,33,,,1,93,,7247,33,,,1,95,,7246,33,,,1,93,,7245,33,,,1,53,,7244,33,,,1,93,,7243,33,,,1,93,,7242,33,,,1,90,,7241,33,,,1,87,,7240,33,,,1,86,,7239,33,,,1,47,,7238,33,,,1,88,,7237,33,,,1
989901,'1',2211,,11627,33,,,1,31,,11628,33,,,1,78,,11629,33,,,1,36,,11630,33,,,1,75,,11631,33,,,1,71,,11632,33,,,1,35,,11633,33,,,1,75,,11634,33,,,1
989901,'2',2217,,11635,33,,,1,91,,11636,33,,,1,43,,11637,33,,,1,91,,11640,33,,,1,85,,11638,33,,,1,86,,11639,33,,,1
989901,'3',2229,,11641,33,,,1,88,,11642,33,,,1,83,,11643,33,,,1,49,,11644,33,,,1,79,,11645,33,,,1,83,,11646,33,,,1
989901,'80',2229,,11647,33,,,1,88,,11648,33,,,1,83,,11649,33,,,1,49,,11650,33,,,1,79,,11651,33,,,1,83,,11652,33,,,1
989901,'81',2229,,11653,33,,,1,88,,11654,33,,,1,83,,11655,33,,,1,49,,11656,33,,,1,79,,11657,33,,,1,83,,11658,33,,,1
