8101,'1',1524,,5297,32,,,1,86,,5296,32,,,1,39,,5295,32,,,1,79,,5294,32,,,1,77,,5293,32,,,1,37,,5292,32,,,1,75,,5291,32,,,1,39,,5290,32,,,1
9801,'1',543,,7165,50,,,1,75,,7164,50,,,1,37,,7163,50,,,1,75,,7162,50,,,1,77,,7161,50,,,1,35,,7160,50,,,1,75,,7159,50,,,1,35,,7158,50,,,1,75,,7171,50,,,1,101,,7170,50,,,1,98,,7169,50,,,1,98,,7168,50,,,1,101,,7167,50,,,1,80,,7166,50,,,1,40,,7181,50,,,1,80,,7180,50,,,1,80,,7179,50,,,1,40,,7178,50,,,1,80,,7177,50,,,1,77,,7176,50,,,1,37,,7175,50,,,1,91,,7174,50,,,1,87,,7173,50,,,1,88,,7172,50,,,1
9801,'2',549,,7200,50,,,1,86,,7199,50,,,1,86,,7198,50,,,1,86,,7197,50,,,1,49,,7196,50,,,1,96,,7195,50,,,1,94,,7194,50,,,1,98,,7193,50,,,1,94,,7192,50,,,1,103,,7191,50,,,1,98,,7190,50,,,1,98,,7189,50,,,1,95,,7188,50,,,1,98,,7187,50,,,1,98,,7186,50,,,1,93,,7185,50,,,1,86,,7184,50,,,1,49,,7183,50,,,1,87,,7182,50,,,1
9801,'3',732,,7217,50,,,1,88,,7218,50,,,1,90,,7216,50,,,1,48,,7215,50,,,1,88,,7214,50,,,1,96,,7213,50,,,1,93,,7212,50,,,1,93,,7211,50,,,1,95,,7210,50,,,1,93,,7209,50,,,1,93,,7208,50,,,1,93,,7207,50,,,1,53,,7206,50,,,1,90,,7205,50,,,1,86,,7204,50,,,1,86,,7203,50,,,1,87,,7202,50,,,1,48,,7201,50,,,1
9801,'80',732,,7235,50,,,1,88,,7236,50,,,1,90,,7234,50,,,1,48,,7233,50,,,1,88,,7232,50,,,1,96,,7231,50,,,1,93,,7230,50,,,1,93,,7229,50,,,1,95,,7228,50,,,1,93,,7227,50,,,1,93,,7226,50,,,1,93,,7225,50,,,1,53,,7224,50,,,1,90,,7223,50,,,1,86,,7222,50,,,1,86,,7221,50,,,1,87,,7220,50,,,1,48,,7219,50,,,1
9801,'81',732,,7253,50,,,1,88,,7254,50,,,1,90,,7252,50,,,1,48,,7251,50,,,1,88,,7250,50,,,1,96,,7249,50,,,1,93,,7248,50,,,1,93,,7247,50,,,1,95,,7246,50,,,1,93,,7245,50,,,1,93,,7244,50,,,1,93,,7243,50,,,1,53,,7242,50,,,1,90,,7241,50,,,1,86,,7240,50,,,1,86,,7239,50,,,1,87,,7238,50,,,1,48,,7237,50,,,1
989901,'1',2221,,11627,50,,,1,31,,11628,50,,,1,78,,11629,50,,,1,76,,11630,50,,,1,35,,11631,50,,,1,71,,11632,50,,,1,35,,11633,50,,,1,75,,11634,50,,,1
989901,'2',2227,,11635,50,,,1,91,,11636,50,,,1,83,,11637,50,,,1,51,,11640,50,,,1,85,,11638,50,,,1,86,,11639,50,,,1
989901,'3',2239,,11641,50,,,1,88,,11642,50,,,1,83,,11643,50,,,1,49,,11644,50,,,1,79,,11645,50,,,1,83,,11646,50,,,1
989901,'80',2239,,11647,50,,,1,88,,11648,50,,,1,83,,11649,50,,,1,49,,11650,50,,,1,79,,11651,50,,,1,83,,11652,50,,,1
989901,'81',2239,,11653,50,,,1,88,,11654,50,,,1,83,,11655,50,,,1,49,,11656,50,,,1,79,,11657,50,,,1,83,,11658,50,,,1
