9600,'1',656,,18524,67,,,1,87,,18523,67,,,1,71,,18522,67,,,1,37,,18521,67,,,1,67,,18520,67,,,1,33,,18517,67,,,1,74,,18518,67,,,1,30,,18519,67,,,1,72,,18532,67,,,1,28,,18531,63,,,1,79,,18525,63,,,1,79,,18526,63,,,1,39,,18527,63,,,1,85,,18528,63,,,1,65,,18529,63,,,1,52,,18530,67,,,1,83,,18538,67,,,1,67,,18537,67,,,1,32,,18536,67,,,1,23,,18533,67,,,1,67,,18534,67,,,1,21,,18535,67,,,1,67,,18541,67,,,1,20,,18542,67,,,1,13,,18552,67,,,1,11,,18540,67,,,1,65,,18539,67,,,1,30,,18549,63,,,1,70,,18548,63,,,1,15,,18551,63,,,1,13,,18543,63,,,1,70,,18544,63,,,1,30,,18545,63,,,1,68,,18546,63,,,1,30,,18547,63,,,1,57,,18550,63,,,1
9600,'2',1017,,18553,63,,,1,101,,18554,63,,,1,99,,18555,63,,,1,96,,18556,63,,,1,99,,18557,63,,,1,99,,18558,63,,,1,99,,18559,63,,,1,99,,18560,63,,,1,95,,18561,63,,,1,97,,18562,63,,,1,47,,18563,63,,,1,83,,18564,63,,,1,97,,18565,63,,,1
9600,'3',1108,,18566,63,,,1,94,,18567,63,,,1,54,,18568,63,,,1,94,,18569,63,,,1,94,,18570,63,,,1,94,,18571,63,,,1,94,,18572,63,,,1,94,,18573,63,,,1,92,,18574,63,,,1,94,,18575,63,,,1,94,,18576,63,,,1,51,,18577,63,,,1
9600,'80',1108,,18578,63,,,1,94,,18579,63,,,1,54,,18580,63,,,1,94,,18581,63,,,1,94,,18582,63,,,1,94,,18583,63,,,1,94,,18584,63,,,1,94,,18585,63,,,1,92,,18586,63,,,1,94,,18587,63,,,1,94,,18588,63,,,1,51,,18589,63,,,1
9800,'1',615,,18683,19,,,1,35,,18682,19,,,1,73,,18681,19,,,1,35,,18680,19,,,1,75,,18679,19,,,1,75,,18678,19,,,1,98,,18674,19,,,1,98,,18671,19,,,1,54,,18676,19,,,1,98,,18675,19,,,1,80,,18663,19,,,1,77,,18673,19,,,1,40,,18672,19,,,1,80,,18670,19,,,1,80,,18669,19,,,1,40,,18668,19,,,1,86,,18667,19,,,1,80,,18666,19,,,1,94,,18665,19,,,1,91,,18664,19,,,1,50,,18677,19,,,1
9800,'2',614,,18701,19,,,1,86,,18700,19,,,1,44,,18699,19,,,1,94,,18698,19,,,1,93,,18697,19,,,1,90,,18696,19,,,1,94,,18695,19,,,1,98,,18694,19,,,1,98,,18693,19,,,1,96,,18692,19,,,1,98,,18691,19,,,1,98,,18690,19,,,1,100,,18689,19,,,1,102,,18688,19,,,1,49,,18687,19,,,1,93,,18686,19,,,1,89,,18685,19,,,1,85,,18684,19,,,1
9800,'3',759,,18717,19,,,1,88,,18716,19,,,1,88,,18715,19,,,1,91,,18714,19,,,1,93,,18713,19,,,1,90,,18712,19,,,1,93,,18711,19,,,1,53,,18710,19,,,1,93,,18709,19,,,1,93,,18708,19,,,1,93,,18707,19,,,1,97,,18706,19,,,1,88,,18705,19,,,1,91,,18704,19,,,1,47,,18703,19,,,1,88,,18702,19,,,1
9800,'80',759,,18733,19,,,1,88,,18732,19,,,1,88,,18731,19,,,1,91,,18730,19,,,1,93,,18729,19,,,1,90,,18728,19,,,1,93,,18727,19,,,1,53,,18726,19,,,1,93,,18725,19,,,1,93,,18724,19,,,1,93,,18723,19,,,1,97,,18722,19,,,1,88,,18721,19,,,1,91,,18720,19,,,1,47,,18719,19,,,1,88,,18718,19,,,1
910200,'1',1604,,22635,41,,,1,43,,22643,41,,,1,85,,22639,41,,,1,85,,22640,41,,,1,83,,22641,41,,,1
989900,'1',2119,,22653,62,,,1,34,,22654,62,,,1,78,,22655,62,,,1,78,,22656,62,,,1,35,,22657,62,,,1,71,,22658,62,,,1,35,,22659,62,,,1,75,,22660,62,,,1,76,,22661,62,0,5 6,1,35,,22662,62,0,5 6,1,79,,22663,62,0,5 6,1
989900,'2',2123,,22664,62,,,1,94,,22665,62,,,1,86,,22666,62,,,1,52,,22667,62,,,1,86,,22668,62,,,1,86,,22669,62,,,1,84,,22670,62,0,5 6,1,46,,22671,62,0,5 6,1,86,,22672,62,0,5 6,1
989900,'3',2139,,22673,62,,,1,90,,22674,62,,,1,85,,22675,62,,,1,90,,22676,62,,,1,40,,22677,62,,,1,83,,22678,62,,,1,79,,22679,62,0,5 6,1,43,,22680,62,0,5 6,1,83,,22681,62,0,5 6,1
989900,'80',2139,,22682,62,,,1,90,,22683,62,,,1,85,,22684,62,,,1,90,,22685,62,,,1,40,,22686,62,,,1,83,,22687,62,,,1,79,,22688,62,0,5 6,1,43,,22689,62,0,5 6,1,83,,22690,62,0,5 6,1
