5000,'1',617,,28302,49,,,1,27,,28303,49,,,1,67,,28295,49,,,1,28,,28296,49,,,1,68,,28297,49,,,1,25,,28298,49,,,1,25,,28299,49,,,1,65,,28300,49,,,1,25,,28301,49,,,1,70,,28304,49,,,1,29,,28305,49,,,1,69,,28306,49,,,1,29,,28307,49,,,1,69,,28308,49,,,1,32,,28309,49,,,1,69,,28310,49,,,1,29,,28311,49,,,1,69,,28312,49,,,1,29,,28313,49,,,1,70,,28314,49,,,1,29,,28315,49,,,1,69,,28316,49,,,1,33,,28317,49,,,1,72,,28318,49,,,1,31,,28319,49,,,1,66,,28320,49,,,1,20,,28321,49,,,1,26,,28322,49,,,1,66,,28323,49,,,1,29,,28324,49,,,1,79,,28325,49,,,1,71,,28326,49,,,1,36,,28327,49,,,1,74,,28328,49,,,1,36,,28329,49,,,1,77,,28330,49,,,1
5000,'2',644,,28331,49,,,1,77,,28332,49,,,1,37,,28333,49,,,1,77,,28334,49,,,1,78,,28335,49,,,1,39,,28336,49,,,1,79,,28337,49,,,1,79,,28338,49,,,1,39,,28339,49,,,1,83,,28340,49,,,1,79,,28341,49,,,1,39,,28342,49,,,1,76,,28343,49,,,1,78,,28344,49,,,1,39,,28345,49,,,1,79,,28346,49,,,1,36,,28347,49,,,1,70,,28348,49,,,1,77,,28349,49,,,1,38,,28350,49,,,1,79,,28351,49,,,1,34,,28352,49,,,1,74,,28353,49,,,1,74,,28354,49,,,1,34,,28355,49,,,1,74,,28356,49,,,1,30,,28357,49,,,1,72,,28358,49,,,1
5000,'3',642,,28359,49,,,1,84,,28360,49,,,1,84,,28361,49,,,1,44,,28362,49,,,1,84,,28363,49,,,1,89,,28364,49,,,1,87,,28365,49,,,1,87,,28366,49,,,1,49,,28367,49,,,1,87,,28368,49,,,1,87,,28369,49,,,1,87,,28370,49,,,1,47,,28371,49,,,1,87,,28372,49,,,1,88,,28373,49,,,1,82,,28374,49,,,1,85,,28375,49,,,1,45,,28376,49,,,1,85,,28377,49,,,1,84,,28378,49,,,1,41,,28381,49,,,1,81,,28380,49,,,1,81,,28379,49,,,1
5000,'74',644,,28382,49,,,1,77,,28383,49,,,1,37,,28384,49,,,1,77,,28385,49,,,1,78,,28386,49,,,1,39,,28387,49,,,1,79,,28388,49,,,1,79,,28389,49,,,1,39,,28390,49,,,1,83,,28391,49,,,1,79,,28392,49,,,1,39,,28393,49,,,1,76,,28394,49,,,1,78,,28395,49,,,1,39,,28396,49,,,1,79,,28397,49,,,1,36,,28398,49,,,1,70,,28399,49,,,1,77,,28400,49,,,1,38,,28401,49,,,1,79,,28402,49,,,1,34,,28403,49,,,1,74,,28404,49,,,1,74,,28405,49,,,1,34,,28406,49,,,1,74,,28407,49,,,1,30,,28408,49,,,1,72,,28409,49,,,1
5000,'80',642,,28410,49,,,1,84,,28411,49,,,1,84,,28412,49,,,1,44,,28413,49,,,1,84,,28414,49,,,1,89,,28415,49,,,1,87,,28416,49,,,1,87,,28417,49,,,1,49,,28418,49,,,1,87,,28419,49,,,1,87,,28420,49,,,1,87,,28421,49,,,1,47,,28422,49,,,1,87,,28423,49,,,1,88,,28424,49,,,1,82,,28425,49,,,1,85,,28426,49,,,1,45,,28427,49,,,1,85,,28428,49,,,1,84,,28429,49,,,1,41,,28432,49,,,1,81,,28431,49,,,1,81,,28430,49,,,1
5001,'1',430,,28440,52,,,1,70,,28441,52,,,1,24,,28433,52,,,1,24,,28434,52,,,1,65,,28435,52,,,1,25,,28436,52,,,1,65,,28437,52,,,1,25,,28438,52,,,1,25,,28439,52,,,1,69,,28442,52,,,1,29,,28443,52,,,1,69,,28444,52,,,1,29,,28445,52,,,1,69,,28446,52,,,1,29,,28447,52,,,1,69,,28448,52,,,1,28,,28449,52,,,1,69,,28450,52,,,1,29,,28451,52,,,1,69,,28452,52,,,1,29,,28453,52,,,1,71,,28454,52,,,1,29,,28455,52,,,1,70,,28456,52,,,1,28,,28457,52,,,1,69,,28458,52,,,1,24,,28459,52,,,1,26,,28460,52,,,1,66,,28461,52,,,1,85,,28462,52,,,1,39,,28463,52,,,1,76,,28464,52,,,1,36,,28465,52,,,1,76,,28466,52,,,1,76,,28467,52,,,1,39,,28468,52,,,1,71,,28469,52,,,1,34,,28470,52,,,1
5001,'2',651,,28497,52,,,1,77,,28498,52,,,1,77,,28471,52,,,1,37,,28472,52,,,1,77,,28473,52,,,1,38,,28474,52,,,1,77,,28475,52,,,1,84,,28476,52,,,1,39,,28477,52,,,1,79,,28478,52,,,1,79,,28479,52,,,1,39,,28480,52,,,1,79,,28481,52,,,1,79,,28482,52,,,1,33,,28483,52,,,1,78,,28484,52,,,1,79,,28485,52,,,1,39,,28486,52,,,1,75,,28487,52,,,1,33,,28488,52,,,1,73,,28489,52,,,1,37,,28490,52,,,1,77,,28491,52,,,1,74,,28492,52,,,1,34,,28493,52,,,1,74,,28494,52,,,1,34,,28495,52,,,1,74,,28496,52,,,1
5001,'3',717,,28504,52,,,1,84,,28499,52,,,1,44,,28500,52,,,1,84,,28501,52,,,1,85,,28502,52,,,1,44,,28503,52,,,1,93,,28505,52,,,1,87,,28506,52,,,1,87,,28507,52,,,1,87,,28508,52,,,1,47,,28509,52,,,1,87,,28510,52,,,1,87,,28511,52,,,1,84,,28512,52,,,1,87,,28513,52,,,1,49,,28514,52,,,1,85,,28515,52,,,1,85,,28516,52,,,1,82,,28517,52,,,1,45,,28518,52,,,1,80,,28519,52,,,1,80,,28520,52,,,1
5001,'74',651,,28547,52,,,1,77,,28548,52,,,1,77,,28521,52,,,1,37,,28522,52,,,1,77,,28523,52,,,1,38,,28524,52,,,1,77,,28525,52,,,1,84,,28526,52,,,1,39,,28527,52,,,1,79,,28528,52,,,1,79,,28529,52,,,1,39,,28530,52,,,1,79,,28531,52,,,1,79,,28532,52,,,1,33,,28533,52,,,1,78,,28534,52,,,1,79,,28535,52,,,1,39,,28536,52,,,1,75,,28537,52,,,1,33,,28538,52,,,1,73,,28539,52,,,1,37,,28540,52,,,1,77,,28541,52,,,1,74,,28542,52,,,1,34,,28543,52,,,1,74,,28544,52,,,1,34,,28545,52,,,1,74,,28546,52,,,1
5001,'80',717,,28570,52,,,1,84,,28549,52,,,1,44,,28550,52,,,1,84,,28551,52,,,1,85,,28552,52,,,1,44,,28553,52,,,1,93,,28554,52,,,1,87,,28555,52,,,1,87,,28556,52,,,1,87,,28557,52,,,1,47,,28558,52,,,1,87,,28559,52,,,1,87,,28560,52,,,1,84,,28561,52,,,1,87,,28562,52,,,1,49,,28563,52,,,1,85,,28564,52,,,1,85,,28565,52,,,1,82,,28566,52,,,1,45,,28567,52,,,1,80,,28568,52,,,1,80,,28569,52,,,1
5100,'1',1644,,28571,42,,,1,90,,28572,42,,,1,95,,28574,42,,,1,95,,28573,42,,,1
