100,'1',409,,23457,33,,,1,38,,23456,33,,,1,71,,23455,33,,,1,82,,23483,48,,,1,38,,23482,48,,,1,80,,23480,48,,,1,39,,23481,48,,,1,73,,23479,48,,,1,75,,23478,48,,,1,35,,23477,48,,,1,108,,23476,48,,,1,153,,23475,48,,,1,112,,23474,48,,,1,116,,23473,48,,,1,87,,23484,48,,,1,43,,23472,48,,,1,71,,23471,48,,,1,77,,23470,48,,,1,31,,23469,48,,,1,74,,23468,48,,,1,34,,23467,48,,,1,66,,23466,48,,,1,24,,23465,48,,,1,97,,23464,48,,,1,102,,23463,48,,,1,100,,23462,48,,,1,91,,23461,48,,,1,95,,23460,48,,,1,89,,23459,48,,,1,95,,23458,48,,,1
100,'74',608,,23507,33,,,1,96,,23485,48,,,1,103,,23486,48,,,1,107,,23487,48,,,1,103,,23488,48,,,1,112,,23489,48,,,1,95,,23490,48,,,1,87,,23491,48,,,1,103,,23492,48,,,1,92,,23493,48,,,1,52,,23494,48,,,1,92,,23495,48,,,1,86,,23496,48,,,1,92,,23497,48,,,1,91,,23498,48,,,1,81,,23499,48,,,1,52,,23500,48,,,1,90,,23501,48,,,1,97,,23502,48,,,1,97,,23503,48,,,1,94,,23504,48,,,1,92,,23505,48,,,1,97,,23506,48,,,1
100,'80',758,,23523,33,,,1,91,,23508,48,,,1,159,,23509,48,,,1,115,,23510,48,,,1,115,,23511,48,,,1,115,,23512,48,,,1,152,,23513,48,,,1,107,,23514,48,,,1,112,,23515,48,,,1,110,,23516,48,,,1,108,,23517,48,,,1,96,,23518,48,,,1,99,,23519,48,,,1,99,,23520,48,,,1,94,,23521,48,,,1,99,,23522,48,,,1
100,'35296.2',608,,23546,33,,,1,96,,23524,48,,,1,103,,23525,48,,,1,107,,23526,48,,,1,103,,23527,48,,,1,112,,23528,48,,,1,95,,23529,48,,,1,87,,23530,48,,,1,103,,23531,48,,,1,92,,23532,48,,,1,52,,23533,48,,,1,92,,23534,48,,,1,86,,23535,48,,,1,92,,23536,48,,,1,91,,23537,48,,,1,81,,23538,48,,,1,52,,23539,48,,,1,90,,23540,48,,,1,97,,23541,48,,,1,97,,23542,48,,,1,94,,23543,48,,,1,92,,23544,48,,,1,97,,23545,48,,,1
100,'35296.3',758,,23562,33,,,1,91,,23547,48,,,1,159,,23548,48,,,1,115,,23549,48,,,1,115,,23550,48,,,1,115,,23551,48,,,1,152,,23552,48,,,1,107,,23553,48,,,1,112,,23554,48,,,1,110,,23555,48,,,1,108,,23556,48,,,1,96,,23557,48,,,1,99,,23558,48,,,1,99,,23559,48,,,1,94,,23560,48,,,1,99,,23561,48,,,1
100,'35298.2',608,,23615,33,,,1,96,,23614,48,,,1,37,,23563,48,,,1,17,,23564,48,,,1,61,,23565,48,,,1,17,,23566,48,,,1,17,,23567,48,,,1,57,,23568,48,,,1,17,,23569,48,,,1,17,,23570,48,,,1,57,,23571,48,,,1,17,,23572,48,,,1,17,,23573,48,,,1,66,,23574,48,,,1,17,,23575,48,,,1,17,,23576,48,,,1,17,,23577,48,,,1,60,,23578,48,,,1,17,,23579,48,,,1,17,,23580,48,,,1,57,,23581,48,,,1,23,,23582,48,,,1,17,,23583,48,,,1,57,,23584,48,,,1,17,,23585,48,,,1,17,,23586,48,,,1,17,,23587,48,,,1,57,,23588,48,,,1,17,,23589,48,,,1,17,,23590,48,,,1,17,,23591,48,,,1,57,,23592,48,,,1,17,,23593,48,,,1,17,,23594,48,,,1,51,,23595,48,,,1,17,,23596,48,,,1,17,,23597,48,,,1,17,,23598,48,,,1,57,,23599,48,,,1,17,,23600,48,,,1,17,,23601,48,,,1,16,,23602,48,,,1,57,,23603,48,,,1,17,,23604,48,,,1,17,,23605,48,,,1,50,,23606,48,,,1,52,,23607,48,,,1,90,,23608,48,,,1,97,,23609,48,,,1,97,,23610,48,,,1,94,,23611,48,,,1,92,,23612,48,,,1,97,,23613,48,,,1
100,'35298.3',739,,23616,48,,,1,17,,23617,48,,,1,57,,23618,48,,,1,17,,23619,48,,,1,17,,23620,48,,,1,57,,23621,48,,,1,17,,23622,48,,,1,24,,23623,48,,,1,57,,23624,48,,,1,17,,23625,48,,,1,17,,23626,48,,,1,20,,23627,48,,,1,57,,23628,48,,,1,17,,23629,48,,,1,17,,23630,48,,,1,60,,23631,48,,,1,17,,23632,48,,,1,17,,23633,48,,,1,17,,23634,48,,,1,57,,23635,48,,,1,20,,23636,48,,,1,17,,23637,48,,,1,57,,23638,48,,,1,17,,23639,48,,,1,17,,23640,48,,,1,57,,23641,48,,,1,17,,23642,48,,,1,17,,23643,48,,,1,17,,23644,48,,,1,52,,23645,48,,,1,17,,23646,48,,,1,17,,23647,48,,,1,17,,23648,48,,,1,57,,23649,48,,,1,17,,23650,48,,,1,17,,23651,48,,,1,57,,23652,48,,,1,17,,23653,48,,,1,15,,23654,48,,,1,17,,23655,48,,,1,57,,23656,48,,,1,17,,23657,48,,,1,13,,23658,48,,,1,100,,23659,48,,,1,99,,23660,48,,,1,99,,23661,48,,,1,94,,23662,48,,,1,99,,23663,48,,,1
1601,'1',550,,26588,6,,,1,62,,26587,6,,,1,22,,26579,6,,,1,22,,26580,6,,,1,63,,26581,6,,,1,22,,26582,6,,,1,62,,26583,6,,,1,22,,26584,6,,,1,17,,26585,6,,,1,66,,26586,6,,,1,21,,26599,6,,,1,24,,26598,6,,,1,68,,26589,6,,,1,31,,26590,6,,,1,71,,26591,6,,,1,31,,26592,6,,,1,71,,26593,6,,,1,31,,26594,6,,,1,69,,26595,6,,,1,34,,26596,6,,,1,67,,26597,6,,,1,21,,26616,6,,,1,63,,26615,6,,,1,23,,26600,6,,,1,17,,26601,6,,,1,69,,26602,6,,,1,23,,26603,6,,,1,63,,26604,6,,,1,23,,26605,6,,,1,23,,26606,6,,,1,63,,26607,6,,,1,22,,26608,6,,,1,23,,26609,6,,,1,63,,26610,6,,,1,23,,26611,6,,,1,63,,26612,6,,,1,23,,26613,6,,,1,23,,26614,6,,,1,68,,26619,6,,,1,34,,26617,6,,,1,73,,26618,6,,,1,74,,26625,6,,,1
1601,'2',659,,26635,6,,,1,78,,26626,6,,,1,78,,26627,6,,,1,38,,26628,6,,,1,78,,26629,6,,,1,78,,26630,6,,,1,38,,26631,6,,,1,78,,26632,6,,,1,78,,26633,6,,,1,38,,26634,6,,,1,84,,26644,6,,,1,81,,26636,6,,,1,41,,26637,6,,,1,81,,26638,6,,,1,81,,26639,6,,,1,41,,26640,6,,,1,81,,26641,6,,,1,81,,26642,6,,,1,37,,26643,6,,,1,81,,26651,6,,,1,72,,26645,6,,,1,36,,26646,6,,,1,78,,26647,6,,,1,34,,26648,6,,,1,76,,26649,6,,,1,33,,26650,6,,,1
1601,'3',739,,26654,6,,,1,95,,26655,6,,,1,95,,26656,6,,,1,95,,26657,6,,,1,95,,26658,6,,,1,95,,26659,6,,,1,98,,26660,6,,,1,98,,26661,6,,,1,98,,26662,6,,,1,98,,26663,6,,,1,98,,26664,6,,,1,52,,26665,6,,,1,92,,26666,6,,,1,92,,26667,6,,,1,92,,26668,6,,,1,91,,26669,6,,,1
1601,'74',659,,26679,6,,,1,78,,26670,6,,,1,78,,26671,6,,,1,38,,26672,6,,,1,78,,26673,6,,,1,78,,26674,6,,,1,38,,26675,6,,,1,78,,26676,6,,,1,78,,26677,6,,,1,38,,26678,6,,,1,84,,26688,6,,,1,81,,26680,6,,,1,41,,26681,6,,,1,81,,26682,6,,,1,81,,26683,6,,,1,41,,26684,6,,,1,81,,26685,6,,,1,81,,26686,6,,,1,37,,26687,6,,,1,81,,26695,6,,,1,72,,26689,6,,,1,36,,26690,6,,,1,78,,26691,6,,,1,34,,26692,6,,,1,76,,26693,6,,,1,33,,26694,6,,,1
1601,'80',739,,26698,6,,,1,95,,26699,6,,,1,95,,26700,6,,,1,95,,26701,6,,,1,95,,26702,6,,,1,95,,26703,6,,,1,98,,26704,6,,,1,98,,26705,6,,,1,98,,26706,6,,,1,98,,26707,6,,,1,98,,26708,6,,,1,52,,26709,6,,,1,92,,26710,6,,,1,92,,26711,6,,,1,92,,26712,6,,,1,91,,26713,6,,,1
30301,'1',1628,,32980,8,,,1,31,,32977,8,,,1,59,,32978,8,,,1,10,,32979,8,,,1,17,,32981,8,,,1,10,,32976,8,,,1,53,,32982,8,,,1,12,,32983,8,,,1,15,,32975,8,,,1
52201,'1',901,,34051,6,,,1,121,,34045,6,,,1,119,,34046,6,,,1,159,,34047,6,,,1,119,,34048,6,,,1,120,,34049,6,,,1,119,,34050,6,,,1
