300,'1',502,,442,45,0,21 22 23 3 24,1,32,,443,45,0,21 22 23 3 24,1,86,,418,63,0,21 22 23 3 24,1,32,,419,63,0,21 22 23 3 24,1,75,,420,63,0,21 22 23 3 24,1,78,,421,63,0,21 22 23 3 24,1,32,,422,63,0,21 22 23 3 24,1,77,,423,63,0,21 22 23 3 24,1,25,,424,63,0,21 22 23 3 24,1,72,,425,63,0,21 22 23 3 24,1,25,,426,63,0,21 22 23 3 24,1,89,,427,63,0,21 22 23 3 24,1,86,,428,63,0,21 22 23 3 24,1,46,,429,63,0,21 22 23 3 24,1,86,,430,63,0,21 22 23 3 24,1,86,,431,63,0,21 22 23 3 24,1,92,,432,63,0,21 22 23 3 24,1,36,,433,63,0,21 22 23 3 24,1,72,,434,63,0,21 22 23 3 24,1,72,,435,63,0,21 22 23 3 24,1,32,,436,63,0,21 22 23 3 24,1,72,,437,63,0,21 22 23 3 24,1,32,,438,63,0,21 22 23 3 24,1,66,,439,63,0,21 22 23 3 24,1,32,,440,63,0,21 22 23 3 24,1,67,,441,63,0,21 22 23 3 24,1,32,,444,63,0,21 22 23 3 24,1,83,,445,63,0,21 22 23 3 24,1,41,,446,63,0,21 22 23 3 24,1
300,'2',842,,452,28,0,21 22 23 3 24,1,101,,451,63,0,21 22 23 3 24,1,105,,453,63,0,21 22 23 3 24,1,105,,454,63,0,21 22 23 3 24,1,105,,455,63,0,21 22 23 3 24,1,145,,456,63,0,21 22 23 3 24,1,107,,457,63,0,21 22 23 3 24,1,105,,458,63,0,21 22 23 3 24,1,107,,459,63,0,21 22 23 3 24,1,106,,460,63,0,21 22 23 3 24,1,102,,461,63,0,21 22 23 3 24,1,102,,462,63,0,21 22 23 3 24,1,99,,463,63,0,21 22 23 3 24,1,102,,450,63,0,21 22 23 3 24,1
300,'3',1001,,465,28,0,21 22 23 3 24,1,100,,477,63,0,21 22 23 3 24,1,104,,476,63,0,21 22 23 3 24,1,102,,475,63,0,21 22 23 3 24,1,102,,474,63,0,21 22 23 3 24,1,99,,473,63,0,21 22 23 3 24,1,102,,472,63,0,21 22 23 3 24,1,102,,471,63,0,21 22 23 3 24,1,102,,470,63,0,21 22 23 3 24,1,102,,469,63,0,21 22 23 3 24,1,99,,468,63,0,21 22 23 3 24,1,99,,467,63,0,21 22 23 3 24,1,98,,466,63,0,21 22 23 3 24,1
300,'80',1001,,479,28,0,21 22 23 3 24,1,100,,491,63,0,21 22 23 3 24,1,104,,490,63,0,21 22 23 3 24,1,102,,489,63,0,21 22 23 3 24,1,102,,488,63,0,21 22 23 3 24,1,99,,487,63,0,21 22 23 3 24,1,102,,486,63,0,21 22 23 3 24,1,102,,485,63,0,21 22 23 3 24,1,102,,484,63,0,21 22 23 3 24,1,102,,483,63,0,21 22 23 3 24,1,99,,482,63,0,21 22 23 3 24,1,99,,481,63,0,21 22 23 3 24,1,98,,480,63,0,21 22 23 3 24,1
300,'81',1001,,493,28,0,21 22 23 3 24,1,100,,505,63,0,21 22 23 3 24,1,104,,504,63,0,21 22 23 3 24,1,102,,503,63,0,21 22 23 3 24,1,102,,502,63,0,21 22 23 3 24,1,99,,501,63,0,21 22 23 3 24,1,102,,500,63,0,21 22 23 3 24,1,102,,499,63,0,21 22 23 3 24,1,102,,498,63,0,21 22 23 3 24,1,102,,497,63,0,21 22 23 3 24,1,99,,496,63,0,21 22 23 3 24,1,99,,495,63,0,21 22 23 3 24,1,98,,494,63,0,21 22 23 3 24,1
9001,'1',555,,6348,23,,,1,51,,6347,23,,,1,11,,6346,23,,,1,11,,6345,23,,,1,11,,6344,23,,,1,11,,6343,23,,,1,51,,6342,23,,,1,11,,6340,23,,,1,15,,6341,23,,,1,10,,6360,23,,,1,11,,6359,23,,,1,57,,6358,23,,,1,13,,6357,23,,,1,13,,6356,23,,,1,13,,6349,23,,,1,13,,6350,23,,,1,53,,6351,23,,,1,13,,6352,23,,,1,12,,6353,23,,,1,9,,6354,23,,,1,13,,6355,23,,,1,79,,6368,23,,,1,72,,6361,23,,,1,32,,6362,23,,,1,72,,6363,23,,,1,32,,6364,23,,,1,72,,6365,23,,,1,32,,6366,23,,,1,77,,6367,23,,,1,25,,6369,23,,,1,55,,6370,23,,,1,14,,6371,23,,,1,14,,6372,23,,,1,16,,6373,23,,,1,54,,6374,23,,,1,12,,6375,23,,,1,18,,6376,23,,,1,14,,6377,23,,,1,54,,6378,23,,,1,14,,6379,23,,,1,12,,6380,23,,,1,14,,6381,23,,,1,12,,6382,23,,,1,54,,6383,23,,,1,14,,6384,23,,,1,14,,6385,23,,,1,14,,6386,23,,,1,54,,6387,23,,,1,11,,6388,23,,,1,27,,6395,23,,,1,82,,6394,23,,,1,81,,6389,23,,,1,42,,6390,23,,,1,82,,6391,23,,,1,82,,6392,23,,,1,40,,6393,23,,,1,82,,6396,23,,,1
9001,'2',608,,6397,6,,,1,40,,6398,23,,,1,81,,6399,23,,,1,81,,6400,23,,,1,46,,6406,23,,,1,73,,6401,23,,,1,72,,6402,23,,,1,32,,6403,23,,,1,73,,6404,23,,,1,32,,6405,23,,,1,72,,6411,23,,,1,34,,6412,23,,,1,72,,6413,23,,,1,32,,6414,23,,,1,72,,6415,23,,,1,32,,6416,23,,,1,72,,6417,23,,,1,32,,6418,23,,,1,72,,6419,23,,,1,72,,6420,23,,,1,32,,6421,23,,,1,72,,6422,23,,,1,32,,6423,23,,,1,69,,6424,23,,,1,32,,6425,23,,,1,72,,6426,23,,,1,95,,6427,23,,,1,41,,6428,23,,,1,81,,6407,23,,,1,81,,6408,23,,,1,41,,6409,23,,,1,81,,6410,23,,,1
9001,'3',817,,6429,6,,,1,38,,6430,23,,,1,82,,6431,23,,,1,84,,6432,23,,,1,82,,6433,23,,,1,42,,6434,23,,,1,85,,6435,23,,,1,85,,6436,23,,,1,85,,6437,23,,,1,45,,6438,23,,,1,85,,6439,23,,,1,85,,6440,23,,,1,85,,6441,23,,,1,45,,6442,23,,,1,82,,6443,23,,,1,84,,6444,23,,,1,39,,6445,23,,,1,84,,6446,23,,,1,79,,6447,23,,,1,39,,6448,23,,,1,79,,6449,23,,,1
9001,'80',817,,6450,6,,,1,38,,6451,23,,,1,82,,6452,23,,,1,84,,6453,23,,,1,82,,6454,23,,,1,42,,6455,23,,,1,85,,6456,23,,,1,85,,6457,23,,,1,85,,6458,23,,,1,45,,6459,23,,,1,85,,6460,23,,,1,85,,6461,23,,,1,85,,6462,23,,,1,45,,6463,23,,,1,82,,6464,23,,,1,84,,6465,23,,,1,39,,6466,23,,,1,84,,6467,23,,,1,79,,6468,23,,,1,39,,6469,23,,,1,79,,6470,23,,,1
9001,'81',817,,6471,6,,,1,38,,6472,23,,,1,82,,6473,23,,,1,84,,6474,23,,,1,82,,6475,23,,,1,42,,6476,23,,,1,85,,6477,23,,,1,85,,6478,23,,,1,85,,6479,23,,,1,45,,6480,23,,,1,85,,6481,23,,,1,85,,6482,23,,,1,85,,6483,23,,,1,45,,6484,23,,,1,82,,6485,23,,,1,84,,6486,23,,,1,39,,6487,23,,,1,84,,6488,23,,,1,79,,6489,23,,,1,39,,6490,23,,,1,79,,6491,23,,,1
900201,'1',521,,11546,18,,,1,19,,11547,18,,,1,19,,11548,18,,,1,59,,11549,18,,,1,17,,11534,4,,,1,19,,11535,4,,,1,62,,11545,4,,,1,25,,11544,4,,,1,63,,11543,4,,,1,21,,11536,4,,,1,23,,11537,4,,,1,63,,11538,4,,,1,23,,11539,4,,,1,23,,11540,4,,,1,63,,11541,4,,,1,23,,11542,4,,,1,569,,11550,32,,,1,23,,11551,32,,,1,23,,11552,32,,,1,63,,11553,32,,,1,23,,11554,32,,,1,61,,11555,32,,,1,23,,11556,32,,,1,21,,11557,32,,,1,63,,11561,32,,,1,17,,11558,32,,,1,19,,11559,32,,,1,59,,11560,32,,,1
