9600,'1',607,,31260,7,,,1,42,,31259,7,,,1,71,,31258,7,,,1,37,,31257,7,,,1,67,,31256,7,,,1,80,,31253,7,,,1,34,,31254,7,,,1,70,,31255,7,,,1,32,,31268,7,,,1,70,,31267,7,,,1,39,,31261,7,,,1,79,,31262,7,,,1,79,,31263,7,,,1,40,,31264,7,,,1,65,,31265,7,,,1,46,,31266,7,,,1,83,,31274,7,,,1,67,,31273,7,,,1,28,,31272,7,,,1,67,,31269,7,,,1,27,,31270,7,,,1,25,,31271,7,,,1,67,,31277,7,,,1,25,,31278,7,,,1,54,,31288,7,,,1,14,,31276,7,,,1,25,,31275,7,,,1,75,,31285,7,,,1,30,,31284,7,,,1,55,,31287,7,,,1,15,,31279,7,,,1,30,,31280,7,,,1,70,,31281,7,,,1,30,,31282,7,,,1,70,,31283,7,,,1,17,,31286,7,,,1
9600,'2',932,,31289,7,,,1,99,,31290,7,,,1,99,,31291,7,,,1,99,,31292,7,,,1,99,,31293,7,,,1,99,,31294,7,,,1,99,,31295,7,,,1,99,,31296,7,,,1,96,,31297,7,,,1,97,,31298,7,,,1,87,,31299,7,,,1,48,,31300,7,,,1,97,,31301,7,,,1
9600,'3',1026,,31302,7,,,1,94,,31303,7,,,1,94,,31304,7,,,1,94,,31305,7,,,1,94,,31306,7,,,1,54,,31307,7,,,1,94,,31308,7,,,1,94,,31309,7,,,1,94,,31310,7,,,1,94,,31311,7,,,1,94,,31312,7,,,1,93,,31313,7,,,1
9600,'74',932,,31314,7,,,1,99,,31315,7,,,1,99,,31316,7,,,1,99,,31317,7,,,1,99,,31318,7,,,1,99,,31319,7,,,1,99,,31320,7,,,1,99,,31321,7,,,1,96,,31322,7,,,1,97,,31323,7,,,1,87,,31324,7,,,1,48,,31325,7,,,1,97,,31326,7,,,1
9600,'80',1026,,31327,7,,,1,94,,31328,7,,,1,94,,31329,7,,,1,94,,31330,7,,,1,94,,31331,7,,,1,54,,31332,7,,,1,94,,31333,7,,,1,94,,31334,7,,,1,94,,31335,7,,,1,94,,31336,7,,,1,94,,31337,7,,,1,93,,31338,7,,,1
10700,'1',447,,32223,7,,,1,64,,32222,7,,,1,24,,32221,7,,,1,24,,32220,7,,,1,59,,32219,7,,,1,16,,32218,7,,,1,21,,32217,7,,,1,51,,32216,7,,,1,16,,32215,7,,,1,19,,32214,7,,,1,16,,32213,7,,,1,52,,32212,7,,,1,17,,32211,7,,,1,16,,32210,7,,,1,15,,32209,7,,,1,83,,32208,7,,,1,82,,32207,7,,,1,82,,32206,7,,,1,42,,32205,7,,,1,84,,32204,7,,,1,82,,32203,7,,,1,42,,32202,7,,,1,59,,32201,7,,,1,18,,32200,7,,,1,18,,32251,7,,,1,59,,32250,7,,,1,19,,32249,7,,,1,18,,32248,7,,,1,58,,32247,7,,,1,21,,32246,7,,,1,16,,32245,7,,,1,18,,32244,7,,,1,58,,32243,7,,,1,20,,32242,7,,,1,16,,32241,7,,,1,58,,32240,7,,,1,15,,32239,7,,,1,18,,32238,7,,,1,79,,32237,7,,,1,81,,32236,7,,,1,39,,32235,7,,,1,80,,32234,7,,,1,34,,32233,7,,,1,74,,32232,7,,,1,74,,32231,7,,,1,34,,32230,7,,,1,74,,32229,7,,,1,34,,32228,7,,,1,74,,32227,7,,,1,34,,32226,7,,,1,73,,32225,7,,,1,74,,32224,7,,,1
10700,'2',623,,32254,7,,,1,78,,32253,7,,,1,37,,32252,7,,,1,77,,32255,7,,,1,37,,32256,7,,,1,77,,32257,7,,,1,77,,32258,7,,,1,37,,32259,7,,,1,77,,32260,7,,,1,37,,32261,7,,,1,76,,32262,7,,,1,77,,32263,7,,,1,37,,32264,7,,,1,77,,32265,7,,,1,77,,32266,7,,,1,37,,32267,7,,,1,77,,32268,7,,,1,37,,32269,7,,,1,77,,32270,7,,,1,77,,32271,7,,,1,37,,32272,7,,,1,77,,32273,7,,,1,37,,32274,7,,,1,77,,32275,7,,,1,77,,32276,7,,,1,37,,32277,7,,,1,77,,32278,7,,,1,77,,32279,7,,,1,37,,32280,7,,,1,77,,32281,7,,,1,37,,32282,7,,,1,76,,32283,7,,,1,77,,32285,7,,,1,37,,32284,7,,,1
10700,'3',814,,32299,7,,,1,37,,32300,7,,,1,77,,32301,7,,,1,77,,32302,7,,,1,37,,32303,7,,,1,77,,32304,7,,,1,37,,32305,7,,,1,77,,32306,7,,,1,77,,32307,7,,,1,37,,32308,7,,,1,76,,32309,7,,,1,77,,32310,7,,,1,37,,32314,7,,,1,77,,32313,7,,,1,37,,32315,7,,,1,77,,32316,7,,,1,77,,32317,7,,,1,37,,32318,7,,,1,77,,32286,7,,,1,37,,32287,7,,,1,77,,32288,7,,,1,77,,32311,7,,,1,37,,32289,7,,,1,77,,32290,7,,,1,77,,32291,7,,,1,37,,32292,7,,,1,77,,32293,7,,,1,37,,32294,7,,,1,77,,32295,7,,,1,77,,32312,7,,,1,37,,32296,7,,,1
10700,'74',623,,32321,7,,,1,78,,32320,7,,,1,37,,32319,7,,,1,77,,32322,7,,,1,37,,32323,7,,,1,77,,32324,7,,,1,77,,32325,7,,,1,37,,32326,7,,,1,77,,32327,7,,,1,37,,32328,7,,,1,76,,32329,7,,,1,77,,32330,7,,,1,37,,32331,7,,,1,77,,32332,7,,,1,77,,32333,7,,,1,37,,32334,7,,,1,77,,32335,7,,,1,37,,32336,7,,,1,77,,32337,7,,,1,77,,32338,7,,,1,37,,32339,7,,,1,77,,32340,7,,,1,37,,32341,7,,,1,77,,32342,7,,,1,77,,32343,7,,,1,37,,32344,7,,,1,77,,32345,7,,,1,77,,32346,7,,,1,37,,32347,7,,,1,77,,32348,7,,,1,37,,32349,7,,,1,76,,32350,7,,,1,77,,32352,7,,,1,37,,32351,7,,,1
10700,'80',814,,32366,7,,,1,37,,32367,7,,,1,77,,32368,7,,,1,77,,32369,7,,,1,37,,32370,7,,,1,77,,32371,7,,,1,37,,32372,7,,,1,77,,32373,7,,,1,77,,32374,7,,,1,37,,32375,7,,,1,76,,32376,7,,,1,77,,32377,7,,,1,37,,32381,7,,,1,77,,32380,7,,,1,37,,32382,7,,,1,77,,32383,7,,,1,77,,32384,7,,,1,37,,32385,7,,,1,77,,32353,7,,,1,37,,32354,7,,,1,77,,32355,7,,,1,77,,32378,7,,,1,37,,32356,7,,,1,77,,32357,7,,,1,77,,32358,7,,,1,37,,32359,7,,,1,77,,32360,7,,,1,37,,32361,7,,,1,77,,32362,7,,,1,77,,32379,7,,,1,37,,32363,7,,,1
1070200,'1',510,,36926,7,,,1,12,,36925,7,,,1,12,,36924,7,,,1,12,,36923,7,,,1,12,,36922,7,,,1,52,,36921,7,,,1,12,,36920,7,,,1,16,,36919,7,,,1,8,,36918,7,,,1,13,,36917,7,,,1,53,,36916,7,,,1,12,,36915,7,,,1,12,,36914,7,,,1,12,,36913,7,,,1,52,,36912,7,,,1,11,,36911,7,,,1,12,,36910,7,,,1,12,,36909,7,,,1,67,,36938,7,,,1,25,,36937,7,,,1,26,,36936,7,,,1,65,,36935,7,,,1,26,,36934,7,,,1,66,,36933,7,,,1,26,,36932,7,,,1,66,,36931,7,,,1,30,,36930,7,,,1,22,,36929,7,,,1,66,,36928,7,,,1,26,,36927,7,,,1,70,,36939,7,,,1,16,,36940,7,,,1,16,,36941,7,,,1,56,,36942,7,,,1,16,,36943,7,,,1,16,,36944,7,,,1,16,,36945,7,,,1,56,,36946,7,,,1,19,,36947,7,,,1,19,,36948,7,,,1,59,,36949,7,,,1,19,,36950,7,,,1,19,,36951,7,,,1,59,,36952,7,,,1,28,,36953,7,,,1,22,,36954,7,,,1
