8500,'1',540,,5396,1,,,1,16,,5397,1,,,1,56,,5398,1,,,1,16,,5399,1,,,1,16,,5400,1,,,1,56,,5401,1,,,1,16,,5402,1,,,1,16,,5403,1,,,1,16,,5404,1,,,1,56,,5405,1,,,1,16,,5406,1,,,1,16,,5407,1,,,1,16,,5408,1,,,1,65,,5409,1,,,1,25,,5410,1,,,1,65,,5411,1,,,1,25,,5412,1,,,1,25,,5413,1,,,1,65,,5414,1,,,1,25,,5415,1,,,1,65,,5416,1,,,1,25,,5417,1,,,1,65,,5418,1,,,1,25,,5419,1,,,1,20,,5420,1,,,1
8500,'2',630,,5476,1,,,1,70,,5477,1,,,1,30,,5478,1,,,1,28,,5479,1,,,1,70,,5480,1,,,1,30,,5481,1,,,1,70,,5482,1,,,1,72,,5483,1,,,1,30,,5484,1,,,1,71,,5448,1,,,1,22,,5449,1,,,1,23,,5450,1,,,1,63,,5451,1,,,1,23,,5452,1,,,1,23,,5453,1,,,1,63,,5454,1,,,1,23,,5455,1,,,1,63,,5456,1,,,1,23,,5457,1,,,1,23,,5458,1,,,1,63,,5459,1,,,1,23,,5460,1,,,1,23,,5461,1,,,1,63,,5462,1,,,1,21,,5463,1,,,1,65,,5464,1,,,1,17,,5465,1,,,1,21,,5466,1,,,1,61,,5467,1,,,1,21,,5468,1,,,1,21,,5469,1,,,1,61,,5470,1,,,1,21,,5471,1,,,1,21,,5472,1,,,1,61,,5473,1,,,1,21,,5474,1,,,1,21,,5475,1,,,1,70,,5485,1,,,1,30,,5486,1,,,1,70,,5487,1,,,1
8500,'3',919,,5488,1,,,1,40,,5489,1,,,1,80,,5490,1,,,1,80,,5491,1,,,1,91,,5492,1,,,1,43,,5493,1,,,1,83,,5494,1,,,1,83,,5495,1,,,1,82,,5496,1,,,1,43,,5497,1,,,1,83,,5498,1,,,1,74,,5499,1,,,1,41,,5500,1,,,1,85,,5501,1,,,1,77,,5502,1,,,1,41,,5503,1,,,1,81,,5504,1,,,1
8500,'80',919,,5507,1,,,1,40,,5508,1,,,1,80,,5509,1,,,1,80,,5510,1,,,1,91,,5511,1,,,1,43,,5512,1,,,1,83,,5513,1,,,1,83,,5514,1,,,1,82,,5515,1,,,1,43,,5516,1,,,1,83,,5517,1,,,1,74,,5518,1,,,1,41,,5519,1,,,1,85,,5520,1,,,1,77,,5521,1,,,1,41,,5522,1,,,1,81,,5523,1,,,1
8500,'81',919,,5526,1,,,1,40,,5527,1,,,1,80,,5528,1,,,1,80,,5529,1,,,1,91,,5530,1,,,1,43,,5531,1,,,1,83,,5532,1,,,1,83,,5533,1,,,1,82,,5534,1,,,1,43,,5535,1,,,1,83,,5536,1,,,1,74,,5537,1,,,1,41,,5538,1,,,1,85,,5539,1,,,1,77,,5540,1,,,1,41,,5541,1,,,1,81,,5542,1,,,1
8501,'1',535,,5598,40,4,,1,16,,5597,40,4,,1,55,,5559,52,4,,1,16,,5558,52,4,,1,16,,5557,52,4,,1,16,,5556,52,4,,1,56,,5555,52,4,,1,16,,5554,52,4,,1,16,,5553,52,4,,1,16,,5545,52,4,,1,56,,5546,52,4,,1,16,,5547,52,4,,1,16,,5548,52,4,,1,56,,5549,52,4,,1,16,,5550,52,4,,1,16,,5551,52,4,,1,15,,5552,52,4,,1,66,,5569,52,4,,1,25,,5568,52,4,,1,62,,5567,52,4,,1,25,,5560,52,4,,1,25,,5561,52,4,,1,65,,5562,52,4,,1,25,,5563,52,4,,1,69,,5564,52,4,,1,25,,5565,52,4,,1,18,,5566,52,,,1,65,,5570,52,,,1,25,,5571,52,,,1,66,,5572,52,,,1,16,,5599,52,,,1,16,,5600,52,,,1,16,,5589,52,,,1,56,,5588,52,,,1,16,,5587,52,,,1,70,,5586,52,,,1,24,,5585,52,,,1,16,,5573,52,,,1,19,,5574,52,,,1,53,,5575,52,,,1,7,,5576,52,,,1,16,,5577,52,,,1,11,,5578,52,,,1,59,,5579,52,,,1,13,,5580,52,,,1,16,,5581,52,,,1,16,,5582,52,,,1,55,,5583,52,,,1,14,,5584,52,,,1,32,,5592,52,,,1,63,,5591,52,,,1,25,,5590,52,,,1,62,,5596,52,,,1,29,,5595,52,,,1,70,,5593,52,,,1,32,,5594,52,,,1
8501,'2',713,,5629,52,4,,1,35,,5630,52,4,,1,70,,5631,52,4,,1,34,,5632,52,4,,1,70,,5633,52,4,,1,30,,5634,52,4,,1,70,,5635,52,4,,1,34,,5636,52,4,,1,70,,5637,52,4,,1,30,,5601,52,4,,1,63,,5602,52,4,,1,29,,5603,52,4,,1,63,,5604,52,4,,1,23,,5605,52,4,,1,23,,5606,52,4,,1,63,,5607,52,4,,1,23,,5608,52,4,,1,63,,5609,52,4,,1,23,,5610,52,4,,1,23,,5611,52,4,,1,63,,5612,52,4,,1,23,,5613,52,4,,1,63,,5614,52,4,,1,18,,5615,52,4,,1,21,,5616,52,4,,1,19,,5617,52,4,,1,63,,5618,52,4,,1,21,,5619,52,4,,1,61,,5620,52,4,,1,18,,5621,52,4,,1,21,,5622,52,4,,1,61,,5623,52,4,,1,17,,5624,52,4,,1,21,,5625,52,4,,1,61,,5626,52,4,,1,21,,5627,52,4,,1,21,,5628,52,4,,1,70,,5638,52,4,,1,30,,5639,52,,,1,70,,5640,52,,,1
8501,'3',909,,5643,52,4,,1,44,,5644,52,4,,1,80,,5645,52,4,,1,80,,5646,52,4,,1,87,,5647,52,4,,1,43,,5648,52,4,,1,83,,5649,52,4,,1,87,,5650,52,4,,1,43,,5651,52,4,,1,83,,5652,52,4,,1,83,,5653,52,4,,1,33,,5654,52,4,,1,82,,5655,52,4,,1,84,,5656,52,4,,1,36,,5657,52,4,,1,81,,5658,52,4,,1,83,,5659,52,4,,1,79,,5641,52,,,1,41,,5642,52,,,1
8501,'80',909,,5662,52,4,,1,44,,5663,52,4,,1,80,,5664,52,4,,1,80,,5665,52,4,,1,87,,5666,52,4,,1,43,,5667,52,4,,1,83,,5668,52,4,,1,87,,5669,52,4,,1,43,,5670,52,4,,1,83,,5671,52,4,,1,83,,5672,52,4,,1,33,,5673,52,4,,1,82,,5674,52,4,,1,84,,5675,52,4,,1,36,,5676,52,4,,1,81,,5677,52,4,,1,83,,5678,52,4,,1,79,,5660,52,,,1,41,,5661,52,,,1
8501,'81',909,,5681,52,4,,1,44,,5682,52,4,,1,80,,5683,52,4,,1,80,,5684,52,4,,1,87,,5685,52,4,,1,43,,5686,52,4,,1,83,,5687,52,4,,1,87,,5688,52,4,,1,43,,5689,52,4,,1,83,,5690,52,4,,1,83,,5691,52,4,,1,33,,5692,52,4,,1,82,,5693,52,4,,1,84,,5694,52,4,,1,36,,5695,52,4,,1,81,,5696,52,4,,1,83,,5697,52,4,,1,79,,5679,52,,,1,41,,5680,52,,,1
46100,'24612.1',729,,9294,17,,,1
