100,'1',411,,23457,37,,,1,38,,23456,37,,,1,71,,23455,37,,,1,82,,23483,52,,,1,38,,23482,52,,,1,81,,23480,52,,,1,79,,23481,52,,,1,33,,23479,52,,,1,75,,23478,52,,,1,35,,23477,52,,,1,108,,23476,52,,,1,153,,23475,52,,,1,112,,23474,52,,,1,116,,23473,52,,,1,87,,23484,52,,,1,83,,23472,52,,,1,31,,23471,52,,,1,77,,23470,52,,,1,31,,23469,52,,,1,74,,23468,52,,,1,34,,23467,52,,,1,65,,23466,52,,,1,24,,23465,52,,,1,97,,23464,52,,,1,102,,23463,52,,,1,100,,23462,52,,,1,91,,23461,52,,,1,95,,23460,52,,,1,89,,23459,52,,,1,95,,23458,52,,,1
100,'74',611,,23507,37,,,1,96,,23485,52,,,1,103,,23486,52,,,1,107,,23487,52,,,1,103,,23488,52,,,1,111,,23489,52,,,1,95,,23490,52,,,1,87,,23491,52,,,1,103,,23492,52,,,1,92,,23493,52,,,1,92,,23494,52,,,1,52,,23495,52,,,1,86,,23496,52,,,1,92,,23497,52,,,1,91,,23498,52,,,1,81,,23499,52,,,1,52,,23500,52,,,1,90,,23501,52,,,1,97,,23502,52,,,1,97,,23503,52,,,1,94,,23504,52,,,1,93,,23505,52,,,1,96,,23506,52,,,1
100,'80',801,,23523,37,,,1,51,,23508,52,,,1,158,,23509,52,,,1,115,,23510,52,,,1,115,,23511,52,,,1,115,,23512,52,,,1,152,,23513,52,,,1,107,,23514,52,,,1,112,,23515,52,,,1,110,,23516,52,,,1,109,,23517,52,,,1,95,,23518,52,,,1,99,,23519,52,,,1,99,,23520,52,,,1,94,,23521,52,,,1,99,,23522,52,,,1
100,'35296.2',611,,23546,37,,,1,96,,23524,52,,,1,103,,23525,52,,,1,107,,23526,52,,,1,103,,23527,52,,,1,111,,23528,52,,,1,95,,23529,52,,,1,87,,23530,52,,,1,103,,23531,52,,,1,92,,23532,52,,,1,92,,23533,52,,,1,52,,23534,52,,,1,86,,23535,52,,,1,92,,23536,52,,,1,91,,23537,52,,,1,81,,23538,52,,,1,52,,23539,52,,,1,90,,23540,52,,,1,97,,23541,52,,,1,97,,23542,52,,,1,94,,23543,52,,,1,93,,23544,52,,,1,96,,23545,52,,,1
100,'35296.3',801,,23562,37,,,1,51,,23547,52,,,1,158,,23548,52,,,1,115,,23549,52,,,1,115,,23550,52,,,1,115,,23551,52,,,1,152,,23552,52,,,1,107,,23553,52,,,1,112,,23554,52,,,1,110,,23555,52,,,1,109,,23556,52,,,1,95,,23557,52,,,1,99,,23558,52,,,1,99,,23559,52,,,1,94,,23560,52,,,1,99,,23561,52,,,1
100,'35298.2',611,,23615,37,,,1,96,,23614,52,,,1,37,,23563,52,,,1,57,,23564,52,,,1,21,,23565,52,,,1,17,,23566,52,,,1,17,,23567,52,,,1,57,,23568,52,,,1,17,,23569,52,,,1,17,,23570,52,,,1,57,,23571,52,,,1,17,,23572,52,,,1,17,,23573,52,,,1,65,,23574,52,,,1,17,,23575,52,,,1,17,,23576,52,,,1,17,,23577,52,,,1,60,,23578,52,,,1,17,,23579,52,,,1,17,,23580,52,,,1,57,,23581,52,,,1,23,,23582,52,,,1,17,,23583,52,,,1,57,,23584,52,,,1,17,,23585,52,,,1,17,,23586,52,,,1,17,,23587,52,,,1,57,,23588,52,,,1,17,,23589,52,,,1,17,,23590,52,,,1,57,,23591,52,,,1,17,,23592,52,,,1,17,,23593,52,,,1,17,,23594,52,,,1,51,,23595,52,,,1,17,,23596,52,,,1,17,,23597,52,,,1,17,,23598,52,,,1,57,,23599,52,,,1,17,,23600,52,,,1,17,,23601,52,,,1,56,,23602,52,,,1,17,,23603,52,,,1,17,,23604,52,,,1,17,,23605,52,,,1,50,,23606,52,,,1,52,,23607,52,,,1,90,,23608,52,,,1,97,,23609,52,,,1,97,,23610,52,,,1,94,,23611,52,,,1,93,,23612,52,,,1,96,,23613,52,,,1
100,'35298.3',742,,23616,52,,,1,17,,23617,52,,,1,57,,23618,52,,,1,17,,23619,52,,,1,17,,23620,52,,,1,57,,23621,52,,,1,17,,23622,52,,,1,23,,23623,52,,,1,57,,23624,52,,,1,17,,23625,52,,,1,17,,23626,52,,,1,20,,23627,52,,,1,57,,23628,52,,,1,17,,23629,52,,,1,17,,23630,52,,,1,60,,23631,52,,,1,17,,23632,52,,,1,17,,23633,52,,,1,57,,23634,52,,,1,17,,23635,52,,,1,20,,23636,52,,,1,17,,23637,52,,,1,57,,23638,52,,,1,17,,23639,52,,,1,17,,23640,52,,,1,57,,23641,52,,,1,17,,23642,52,,,1,17,,23643,52,,,1,17,,23644,52,,,1,52,,23645,52,,,1,17,,23646,52,,,1,17,,23647,52,,,1,17,,23648,52,,,1,57,,23649,52,,,1,17,,23650,52,,,1,17,,23651,52,,,1,57,,23652,52,,,1,17,,23653,52,,,1,15,,23654,52,,,1,17,,23655,52,,,1,57,,23656,52,,,1,17,,23657,52,,,1,14,,23658,52,,,1,99,,23659,52,,,1,99,,23660,52,,,1,99,,23661,52,,,1,94,,23662,52,,,1,99,,23663,52,,,1
2500,'1',536,,27937,62,,,1,64,,27938,62,,,1,24,,27939,62,,,1,34,,27940,62,,,1,68,,27941,62,,,1,32,,27942,62,,,1,68,,27943,62,,,1,28,,27944,62,,,1,68,,27945,62,,,1,28,,27946,62,,,1,62,,27947,62,,,1,28,,27948,62,,,1,83,,27949,62,,,1,83,,27950,62,,,1,43,,27951,62,,,1,83,,27952,62,,,1,83,,27953,62,,,1,87,,27954,62,,,1,29,,27955,62,,,1,80,,27956,62,,,1,22,,27957,62,,,1,69,,27958,62,,,1,29,,27959,62,,,1,69,,27960,62,,,1,29,,27961,62,,,1,28,,27962,62,,,1,69,,27963,62,,,1,20,,27964,62,,,1,69,,27965,62,,,1,40,,27966,62,,,1,80,,27967,62,,,1,80,,27968,62,,,1
2500,'2',642,,27983,62,,,1,94,,27969,62,,,1,95,,27970,62,,,1,95,,27971,62,,,1,95,,27972,62,,,1,95,,27973,62,,,1,101,,27974,62,,,1,106,,27975,62,,,1,101,,27976,62,,,1,101,,27977,62,,,1,101,,27978,62,,,1,104,,27979,62,,,1,104,,27980,62,,,1,103,,27981,62,,,1,97,,27982,62,,,1
2500,'74',642,,27998,62,,,1,94,,27984,62,,,1,95,,27985,62,,,1,95,,27986,62,,,1,95,,27987,62,,,1,95,,27988,62,,,1,101,,27989,62,,,1,106,,27990,62,,,1,101,,27991,62,,,1,101,,27992,62,,,1,101,,27993,62,,,1,104,,27994,62,,,1,104,,27995,62,,,1,103,,27996,62,,,1,97,,27997,62,,,1
