9600,'1',617,,6908,18,,,1,42,,6907,18,,,1,71,,6906,18,,,1,77,,6905,18,,,1,27,,6904,18,,,1,79,,6901,18,,,1,34,,6902,18,,,1,70,,6903,18,,,1,32,,6916,18,,,1,70,,6915,18,,,1,39,,6909,18,,,1,79,,6910,18,,,1,79,,6911,18,,,1,43,,6912,18,,,1,65,,6913,18,,,1,85,,6914,18,,,1,43,,6922,18,,,1,67,,6921,18,,,1,29,,6920,18,,,1,67,,6917,18,,,1,27,,6918,18,,,1,63,,6919,18,,,1,27,,6925,18,,,1,24,,6926,18,,,1,54,,6936,18,,,1,13,,6924,18,,,1,25,,6923,18,,,1,74,,6933,18,,,1,30,,6932,18,,,1,55,,6935,18,,,1,15,,6927,18,,,1,30,,6928,18,,,1,70,,6929,18,,,1,30,,6930,18,,,1,70,,6931,18,,,1,17,,6934,18,,,1
9600,'2',941,,6937,18,,,1,99,,6938,18,,,1,99,,6939,18,,,1,99,,6940,18,,,1,99,,6941,18,,,1,99,,6942,18,,,1,98,,6943,18,,,1,99,,6944,18,,,1,96,,6945,18,,,1,97,,6946,18,,,1,87,,6947,18,,,1,87,,6948,18,,,1,57,,6949,18,,,1
9600,'3',1034,,6950,18,,,1,94,,6951,18,,,1,94,,6952,18,,,1,94,,6953,18,,,1,94,,6954,18,,,1,94,,6955,18,,,1,54,,6956,18,,,1,94,,6957,18,,,1,93,,6958,18,,,1,94,,6959,18,,,1,94,,6960,18,,,1,93,,6961,18,,,1
9600,'80',1034,,6962,18,,,1,94,,6963,18,,,1,94,,6964,18,,,1,94,,6965,18,,,1,94,,6966,18,,,1,94,,6967,18,,,1,54,,6968,18,,,1,94,,6969,18,,,1,93,,6970,18,,,1,94,,6971,18,,,1,94,,6972,18,,,1,93,,6973,18,,,1
9600,'81',1034,,6974,18,,,1,94,,6975,18,,,1,94,,6976,18,,,1,94,,6977,18,,,1,94,,6978,18,,,1,94,,6979,18,,,1,54,,6980,18,,,1,94,,6981,18,,,1,93,,6982,18,,,1,94,,6983,18,,,1,94,,6984,18,,,1,93,,6985,18,,,1
10700,'1',456,,7861,18,,,1,64,,7860,18,,,1,24,,7859,18,,,1,64,,7858,18,,,1,20,,7857,18,,,1,16,,7856,18,,,1,61,,7855,18,,,1,11,,7854,18,,,1,16,,7853,18,,,1,19,,7852,18,,,1,56,,7851,18,,,1,12,,7850,18,,,1,16,,7849,18,,,1,16,,7848,18,,,1,55,,7847,18,,,1,42,,7846,18,,,1,82,,7845,18,,,1,82,,7844,18,,,1,42,,7843,18,,,1,85,,7842,18,,,1,81,,7841,18,,,1,82,,7840,18,,,1,21,,7839,18,,,1,18,,7838,18,,,1,18,,7889,18,,,1,59,,7888,18,,,1,19,,7887,18,,,1,18,,7886,18,,,1,58,,7885,18,,,1,23,,7884,18,,,1,16,,7883,18,,,1,58,,7882,18,,,1,17,,7881,18,,,1,20,,7880,18,,,1,56,,7879,18,,,1,18,,7878,18,,,1,14,,7877,18,,,1,18,,7876,18,,,1,78,,7875,18,,,1,81,,7874,18,,,1,38,,7873,18,,,1,80,,7872,18,,,1,74,,7871,18,,,1,34,,7870,18,,,1,74,,7869,18,,,1,34,,7868,18,,,1,74,,7867,18,,,1,34,,7866,18,,,1,74,,7865,18,,,1,74,,7864,18,,,1,31,,7863,18,,,1,74,,7862,18,,,1
10700,'2',631,,7892,18,,,1,78,,7891,18,,,1,37,,7890,18,,,1,77,,7893,18,,,1,77,,7894,18,,,1,37,,7895,18,,,1,77,,7896,18,,,1,37,,7897,18,,,1,77,,7898,18,,,1,77,,7899,18,,,1,36,,7900,18,,,1,77,,7901,18,,,1,37,,7902,18,,,1,77,,7903,18,,,1,77,,7904,18,,,1,37,,7905,18,,,1,76,,7906,18,,,1,37,,7907,18,,,1,77,,7908,18,,,1,77,,7909,18,,,1,37,,7910,18,,,1,77,,7911,18,,,1,77,,7912,18,,,1,37,,7913,18,,,1,77,,7914,18,,,1,37,,7915,18,,,1,77,,7916,18,,,1,77,,7917,18,,,1,37,,7918,18,,,1,77,,7919,18,,,1,77,,7920,18,,,1,36,,7921,18,,,1,77,,7923,18,,,1,37,,7922,18,,,1
10700,'3',821,,7937,18,,,1,37,,7938,18,,,1,77,,7939,18,,,1,77,,7940,18,,,1,37,,7941,18,,,1,77,,7942,18,,,1,77,,7943,18,,,1,37,,7944,18,,,1,77,,7945,18,,,1,37,,7946,18,,,1,76,,7947,18,,,1,77,,7948,18,,,1,37,,7952,18,,,1,77,,7951,18,,,1,37,,7953,18,,,1,77,,7954,18,,,1,77,,7955,18,,,1,37,,7956,18,,,1,77,,7924,18,,,1,77,,7925,18,,,1,37,,7926,18,,,1,77,,7949,18,,,1,37,,7927,18,,,1,77,,7928,18,,,1,77,,7929,18,,,1,37,,7930,18,,,1,77,,7931,18,,,1,37,,7932,18,,,1,77,,7933,18,,,1,77,,7950,18,,,1,37,,7934,18,,,1
10700,'80',821,,7970,18,,,1,37,,7971,18,,,1,77,,7972,18,,,1,77,,7973,18,,,1,37,,7974,18,,,1,77,,7975,18,,,1,77,,7976,18,,,1,37,,7977,18,,,1,77,,7978,18,,,1,37,,7979,18,,,1,76,,7980,18,,,1,77,,7981,18,,,1,37,,7985,18,,,1,77,,7984,18,,,1,37,,7986,18,,,1,77,,7987,18,,,1,77,,7988,18,,,1,37,,7989,18,,,1,77,,7957,18,,,1,77,,7958,18,,,1,37,,7959,18,,,1,77,,7982,18,,,1,37,,7960,18,,,1,77,,7961,18,,,1,77,,7962,18,,,1,37,,7963,18,,,1,77,,7964,18,,,1,37,,7965,18,,,1,77,,7966,18,,,1,77,,7983,18,,,1,37,,7967,18,,,1
10700,'81',821,,7995,18,,,1,37,,7996,18,,,1,77,,7997,18,,,1,77,,7998,18,,,1,37,,7999,18,,,1,77,,8000,18,,,1,77,,8001,18,,,1,37,,8002,18,,,1,77,,8003,18,,,1,37,,8004,18,,,1,76,,8005,18,,,1,77,,8006,18,,,1,37,,8009,18,,,1,77,,8008,18,,,1,37,,8010,18,,,1,77,,8011,18,,,1,77,,8012,18,,,1,37,,8013,18,,,1,77,,7990,18,,,1,77,,7991,18,,,1,37,,7992,18,,,1,77,,8007,18,,,1,37,,8014,18,,,1,77,,8015,18,,,1,77,,8016,18,,,1,37,,8017,18,,,1,77,,8018,18,,,1,37,,8019,18,,,1,77,,8020,18,,,1,77,,8022,18,,,1,37,,8021,18,,,1
