9800,'152.0.1',608,,7091,,,1,35,,7090,,,1,72,,7089,,,1,35,,7088,,,1,75,,7087,,,1,75,,7086,,,1,58,,7082,,,1,98,,7079,,,1,94,,7084,,,1,98,,7083,,,1,80,,7071,,,1,77,,7081,,,1,40,,7080,,,1,80,,7078,,,1,80,,7077,,,1,40,,7076,,,1,86,,7075,,,1,80,,7074,,,1,95,,7073,,,1,51,,7072,,,1,91,,7085,,,1
9800,'152.0.2',608,,7109,,,1,46,,7108,,,1,84,,7107,,,1,94,,7106,,,1,92,,7105,,,1,89,,7104,,,1,94,,7103,,,1,98,,7102,,,1,98,,7101,,,1,56,,7100,,,1,98,,7099,,,1,98,,7098,,,1,101,,7097,,,1,103,,7096,,,1,89,,7095,,,1,93,,7094,,,1,89,,7093,,,1,85,,7092,,,1
9800,'152.0.3',753,,7125,,,1,88,,7124,,,1,88,,7123,,,1,91,,7122,,,1,93,,7121,,,1,88,,7120,,,1,53,,7119,,,1,93,,7118,,,1,93,,7117,,,1,93,,7116,,,1,93,,7115,,,1,99,,7114,,,1,88,,7113,,,1,91,,7112,,,1,47,,7111,,,1,88,,7110,,,1
9800,'152.0.80',753,,7141,,,1,88,,7140,,,1,88,,7139,,,1,91,,7138,,,1,93,,7137,,,1,88,,7136,,,1,53,,7135,,,1,93,,7134,,,1,93,,7133,,,1,93,,7132,,,1,93,,7131,,,1,99,,7130,,,1,88,,7129,,,1,91,,7128,,,1,47,,7127,,,1,88,,7126,,,1
9800,'152.0.81',753,,7157,,,1,88,,7156,,,1,88,,7155,,,1,91,,7154,,,1,93,,7153,,,1,88,,7152,,,1,53,,7151,,,1,93,,7150,,,1,93,,7149,,,1,93,,7148,,,1,93,,7147,,,1,99,,7146,,,1,88,,7145,,,1,91,,7144,,,1,47,,7143,,,1,88,,7142,,,1
60100,'152.0.1',405,,9331,,,1,12,,9332,,,1,12,,9333,,,1,12,,9334,,,1,12,,9335,,,1,52,,9336,,,1,12,,9337,,,1,13,,9338,,,1,12,,9339,,,1,12,,9340,,,1,49,,9341,,,1,12,,9342,,,1,12,,9343,,,1,14,,9344,,,1,12,,9345,,,1,52,,9346,,,1,14,,9347,,,1,11,,9348,,,1,10,,9349,,,1,10,,9350,,,1,50,,9351,,,1,10,,9352,,,1,10,,9353,,,1,15,,9354,,,1,10,,9355,,,1,10,,9356,,,1,48,,9357,,,1,10,,9358,,,1,10,,9359,,,1,10,,9360,,,1,10,,9361,,,1,10,,9362,,,1,50,,9363,,,1,10,,9364,,,1,10,,9365,,,1,10,,9366,,,1,10,,9367,,,1,16,,9368,,,1,59,,9369,,,1,16,,9370,,,1,16,,9371,,,1,56,,9372,,,1,16,,9373,,,1,16,,9374,,,1,16,,9375,,,1,56,,9376,,,1,16,,9377,,,1,16,,9378,,,1,16,,9379,,,1,56,,9380,,,1,19,,9381,,,1,16,,9382,,,1,55,,9383,,,1,12,,9384,,,1,12,,9385,,,1,12,,9386,,,1,12,,9387,,,1,52,,9388,,,1,12,,9389,,,1,11,,9390,,,1,12,,9391,,,1,12,,9392,,,1,52,,9393,,,1,12,,9394,,,1,12,,9395,,,1,12,,9396,,,1,12,,9397,,,1,51,,9398,,,1,12,,9399,,,1,12,,9400,,,1,12,,9401,,,1,12,,9402,,,1,50,,9403,,,1,12,,9404,,,1,15,,9405,,,1,14,,9406,,,1,14,,9407,,,1,54,,9408,,,1,12,,9409,,,1,14,,9410,,,1,17,,9411,,,1,57,,9412,,,1,20,,9413,,,1,20,,9414,,,1,60,,9415,,,1,20,,9416,,,1,10,,9417,,,1,17,,9418,,,1,58,,9419,,,1,19,,9420,,,1,15,,9421,,,1,59,,9422,,,1,19,,9423,,,1,19,,9424,,,1,59,,9425,,,1
60100,'152.0.2',537,,9426,,,1,16,,9427,,,1,56,,9428,,,1,16,,9429,,,1,16,,9430,,,1,16,,9431,,,1,58,,9432,,,1,16,,9433,,,1,16,,9434,,,1,58,,9435,,,1,15,,9436,,,1,15,,9437,,,1,15,,9438,,,1,55,,9439,,,1,15,,9440,,,1,15,,9441,,,1,15,,9442,,,1,58,,9443,,,1,15,,9444,,,1,15,,9445,,,1,15,,9446,,,1,55,,9447,,,1,15,,9448,,,1,15,,9449,,,1,15,,9450,,,1,57,,9451,,,1,15,,9452,,,1,15,,9453,,,1,18,,9454,,,1,55,,9455,,,1,15,,9456,,,1,15,,9457,,,1,15,,9458,,,1,55,,9459,,,1,15,,9460,,,1,15,,9461,,,1,15,,9462,,,1,55,,9463,,,1,15,,9464,,,1,15,,9465,,,1,15,,9466,,,1,55,,9467,,,1,15,,9468,,,1,15,,9469,,,1,15,,9470,,,1,55,,9471,,,1,15,,9472,,,1,15,,9473,,,1,15,,9474,,,1,55,,9475,,,1,15,,9476,,,1,15,,9477,,,1,12,,9478,,,1,55,,9479,,,1,15,,9480,,,1,15,,9481,,,1,13,,9482,,,1,55,,9483,,,1,15,,9484,,,1,15,,9485,,,1,15,,9486,,,1,57,,9487,,,1,15,,9488,,,1,17,,9489,,,1,17,,9490,,,1,57,,9491,,,1,17,,9492,,,1,16,,9493,,,1,55,,9494,,,1,16,,9495,,,1,16,,9496,,,1,14,,9497,,,1,56,,9498,,,1,16,,9499,,,1,16,,9500,,,1,16,,9501,,,1,54,,9502,,,1
60100,'152.0.3',612,,9503,,,1,20,,9504,,,1,20,,9505,,,1,60,,9506,,,1,24,,9507,,,1,20,,9508,,,1,60,,9509,,,1,20,,9510,,,1,20,,9511,,,1,60,,9512,,,1,22,,9513,,,1,20,,9514,,,1,62,,9515,,,1,20,,9516,,,1,60,,9517,,,1,20,,9518,,,1,20,,9519,,,1,62,,9520,,,1,20,,9521,,,1,20,,9522,,,1,60,,9523,,,1,20,,9524,,,1,20,,9525,,,1,60,,9526,,,1,21,,9527,,,1,20,,9528,,,1,60,,9529,,,1,20,,9530,,,1,19,,9531,,,1,60,,9532,,,1,20,,9533,,,1,20,,9534,,,1,60,,9535,,,1,20,,9536,,,1,20,,9537,,,1,60,,9538,,,1,20,,9539,,,1,20,,9540,,,1,60,,9541,,,1,18,,9542,,,1,19,,9543,,,1,20,,9544,,,1,60,,9545,,,1,19,,9546,,,1,20,,9547,,,1,60,,9548,,,1,20,,9549,,,1,20,,9550,,,1,60,,9551,,,1,19,,9552,,,1,18,,9553,,,1,60,,9554,,,1,19,,9555,,,1,20,,9556,,,1,60,,9557,,,1,20,,9558,,,1,16,,9559,,,1,60,,9560,,,1
60100,'152.0.80',612,,9561,,,1,20,,9562,,,1,20,,9563,,,1,60,,9564,,,1,24,,9565,,,1,20,,9566,,,1,60,,9567,,,1,20,,9568,,,1,20,,9569,,,1,60,,9570,,,1,22,,9571,,,1,20,,9572,,,1,62,,9573,,,1,20,,9574,,,1,60,,9575,,,1,20,,9576,,,1,20,,9577,,,1,62,,9578,,,1,20,,9579,,,1,20,,9580,,,1,60,,9581,,,1,20,,9582,,,1,20,,9583,,,1,60,,9584,,,1,21,,9585,,,1,20,,9586,,,1,60,,9587,,,1,20,,9588,,,1,19,,9589,,,1,60,,9590,,,1,20,,9591,,,1,20,,9592,,,1,60,,9593,,,1,20,,9594,,,1,20,,9595,,,1,60,,9596,,,1,20,,9597,,,1,20,,9598,,,1,60,,9599,,,1,18,,9600,,,1,19,,9601,,,1,20,,9602,,,1,60,,9603,,,1,19,,9604,,,1,20,,9605,,,1,60,,9606,,,1,20,,9607,,,1,20,,9608,,,1,60,,9609,,,1,19,,9610,,,1,18,,9611,,,1,60,,9612,,,1,19,,9613,,,1,20,,9614,,,1,60,,9615,,,1,20,,9616,,,1,16,,9617,,,1,60,,9618,,,1
60100,'152.0.81',612,,9619,,,1,20,,9620,,,1,20,,9621,,,1,60,,9622,,,1,24,,9623,,,1,20,,9624,,,1,60,,9625,,,1,20,,9626,,,1,20,,9627,,,1,60,,9628,,,1,22,,9629,,,1,20,,9630,,,1,62,,9631,,,1,20,,9632,,,1,60,,9633,,,1,20,,9634,,,1,20,,9635,,,1,62,,9636,,,1,20,,9637,,,1,20,,9638,,,1,60,,9639,,,1,20,,9640,,,1,20,,9641,,,1,60,,9642,,,1,21,,9643,,,1,20,,9644,,,1,60,,9645,,,1,20,,9646,,,1,19,,9647,,,1,60,,9648,,,1,20,,9649,,,1,20,,9650,,,1,60,,9651,,,1,20,,9652,,,1,20,,9653,,,1,60,,9654,,,1,20,,9655,,,1,20,,9656,,,1,60,,9657,,,1,18,,9658,,,1,19,,9659,,,1,20,,9660,,,1,60,,9661,,,1,19,,9662,,,1,20,,9663,,,1,60,,9664,,,1,20,,9665,,,1,20,,9666,,,1,60,,9667,,,1,19,,9668,,,1,18,,9669,,,1,60,,9670,,,1,19,,9671,,,1,20,,9672,,,1,60,,9673,,,1,20,,9674,,,1,16,,9675,,,1,60,,9676,,,1
989900,'152.0.1',2113,,11580,,,1,34,,11581,,,1,78,,11582,,,1,78,,11583,,,1,35,,11584,,,1,72,,11585,,,1,35,,11586,,,1,75,,11587,,,1,36,,11588,0,5 6,1,75,,11589,0,5 6,1,79,,11590,0,5 6,1
989900,'152.0.2',2117,,11591,,,1,94,,11592,,,1,47,,11593,,,1,92,,11594,,,1,86,,11595,,,1,86,,11596,,,1,84,,11597,0,5 6,1,46,,11598,0,5 6,1,86,,11599,0,5 6,1
989900,'152.0.3',2134,,11600,,,1,90,,11601,,,1,85,,11602,,,1,50,,11603,,,1,80,,11604,,,1,83,,11605,,,1,79,,11606,0,5 6,1,43,,11607,0,5 6,1,83,,11608,0,5 6,1
989900,'152.0.80',2134,,11609,,,1,90,,11610,,,1,85,,11611,,,1,50,,11612,,,1,80,,11613,,,1,83,,11614,,,1,79,,11615,0,5 6,1,43,,11616,0,5 6,1,83,,11617,0,5 6,1
989900,'152.0.81',2134,,11618,,,1,90,,11619,,,1,85,,11620,,,1,50,,11621,,,1,80,,11622,,,1,83,,11623,,,1,79,,11624,0,5 6,1,43,,11625,0,5 6,1,83,,11626,0,5 6,1
