300,'1',453,,24137,47,0,21 22 23 3 24,1,70,,24138,47,0,21 22 23 3 24,1,87,,24113,47,0,21 22 23 3 24,1,32,,24114,47,0,21 22 23 3 24,1,74,,24115,47,0,21 22 23 3 24,1,37,,24116,47,0,21 22 23 3 24,1,72,,24117,47,0,21 22 23 3 24,1,77,,24118,47,0,21 22 23 3 24,1,26,,24119,47,0,21 22 23 3 24,1,72,,24120,47,0,21 22 23 3 24,1,26,,24121,47,0,21 22 23 3 24,1,88,,24122,47,0,21 22 23 3 24,1,86,,24123,47,0,21 22 23 3 24,1,46,,24124,47,0,21 22 23 3 24,1,86,,24125,47,0,21 22 23 3 24,1,86,,24126,47,0,21 22 23 3 24,1,89,,24127,47,0,21 22 23 3 24,1,38,,24128,47,0,21 22 23 3 24,1,72,,24129,47,0,21 22 23 3 24,1,32,,24130,47,0,21 22 23 3 24,1,72,,24131,47,0,21 22 23 3 24,1,32,,24132,47,0,21 22 23 3 24,1,72,,24133,47,0,21 22 23 3 24,1,27,,24134,47,0,21 22 23 3 24,1,72,,24135,47,0,21 22 23 3 24,1,28,,24136,47,0,21 22 23 3 24,1,72,,24139,47,0,21 22 23 3 24,1,83,,24140,47,0,21 22 23 3 24,1,41,,24141,47,0,21 22 23 3 24,1
300,'2',830,,24147,47,0,21 22 23 3 24,1,103,,24146,47,0,21 22 23 3 24,1,105,,24148,47,0,21 22 23 3 24,1,105,,24149,47,0,21 22 23 3 24,1,105,,24150,47,0,21 22 23 3 24,1,105,,24151,47,0,21 22 23 3 24,1,147,,24152,47,0,21 22 23 3 24,1,105,,24153,47,0,21 22 23 3 24,1,106,,24154,47,0,21 22 23 3 24,1,106,,24155,47,0,21 22 23 3 24,1,103,,24156,47,0,21 22 23 3 24,1,102,,24157,47,0,21 22 23 3 24,1,99,,24158,47,0,21 22 23 3 24,1,102,,24145,47,0,21 22 23 3 24,1
300,'3',951,,24160,47,0,21 22 23 3 24,1,100,,24172,47,0,21 22 23 3 24,1,104,,24171,47,0,21 22 23 3 24,1,102,,24170,47,0,21 22 23 3 24,1,102,,24169,47,0,21 22 23 3 24,1,99,,24168,47,0,21 22 23 3 24,1,142,,24167,47,0,21 22 23 3 24,1,102,,24166,47,0,21 22 23 3 24,1,102,,24165,47,0,21 22 23 3 24,1,102,,24164,47,0,21 22 23 3 24,1,100,,24163,47,0,21 22 23 3 24,1,99,,24162,47,0,21 22 23 3 24,1,98,,24161,47,0,21 22 23 3 24,1
300,'74',830,,24176,47,0,21 22 23 3 24,1,103,,24175,47,0,21 22 23 3 24,1,105,,24177,47,0,21 22 23 3 24,1,105,,24178,47,0,21 22 23 3 24,1,105,,24179,47,0,21 22 23 3 24,1,105,,24180,47,0,21 22 23 3 24,1,147,,24181,47,0,21 22 23 3 24,1,105,,24182,47,0,21 22 23 3 24,1,106,,24183,47,0,21 22 23 3 24,1,106,,24184,47,0,21 22 23 3 24,1,103,,24185,47,0,21 22 23 3 24,1,102,,24186,47,0,21 22 23 3 24,1,99,,24187,47,0,21 22 23 3 24,1,102,,24174,47,0,21 22 23 3 24,1
300,'80',951,,24189,47,0,21 22 23 3 24,1,100,,24201,47,0,21 22 23 3 24,1,104,,24200,47,0,21 22 23 3 24,1,102,,24199,47,0,21 22 23 3 24,1,102,,24198,47,0,21 22 23 3 24,1,99,,24197,47,0,21 22 23 3 24,1,142,,24196,47,0,21 22 23 3 24,1,102,,24195,47,0,21 22 23 3 24,1,102,,24194,47,0,21 22 23 3 24,1,102,,24193,47,0,21 22 23 3 24,1,100,,24192,47,0,21 22 23 3 24,1,99,,24191,47,0,21 22 23 3 24,1,98,,24190,47,0,21 22 23 3 24,1
301,'1',535,,24203,33,,,1,72,,24204,33,,,1,35,,24205,33,,,1,73,,24206,33,,,1,32,,24207,33,,,1,77,,24208,33,,,1,32,,24209,33,,,1,67,,24210,33,,,1,32,,24202,33,,,1,77,,24226,33,,,1,86,,24211,33,,,1,86,,24212,33,,,1,46,,24213,33,,,1,86,,24214,33,,,1,86,,24215,33,,,1,89,,24216,33,,,1,27,,24217,33,,,1,72,,24218,33,,,1,32,,24219,33,,,1,72,,24220,33,,,1,31,,24221,33,,,1,72,,24222,33,,,1,28,,24223,33,,,1,72,,24224,33,,,1,26,,24225,33,,,1,69,,24231,33,,,1,26,,24228,33,,,1,83,,24229,33,,,1,79,,24230,33,0,25 26,1
301,'2',814,,24234,33,,,1,103,,24233,33,,,1,104,,24238,33,,,1,105,,24235,33,,,1,105,,24236,33,,,1,105,,24237,33,,,1,105,,24239,33,,,1,106,,24240,33,,,1,106,,24241,33,,,1,106,,24242,33,,,1,145,,24243,33,,,1,102,,24244,33,,,1,102,,24245,33,,,1,102,,24232,33,0,25 26,1
301,'3',934,,24253,33,,,1,102,,24252,33,,,1,102,,24251,33,,,1,102,,24250,33,,,1,102,,24249,33,,,1,102,,24248,33,,,1,102,,24247,33,,,1,102,,24246,33,,,1,102,,24258,33,,,1,102,,24257,33,,,1,100,,24256,33,,,1,98,,24255,33,,,1,96,,24254,33,0,25 26,1
301,'74',814,,24261,33,,,1,103,,24260,33,,,1,104,,24265,33,,,1,105,,24262,33,,,1,105,,24263,33,,,1,105,,24264,33,,,1,105,,24266,33,,,1,106,,24267,33,,,1,106,,24268,33,,,1,106,,24269,33,,,1,145,,24270,33,,,1,102,,24271,33,,,1,102,,24272,33,,,1,102,,24259,33,0,25 26,1
301,'80',934,,24276,33,,,1,102,,24275,33,,,1,102,,24274,33,,,1,102,,24273,33,,,1,102,,24280,33,,,1,102,,24279,33,,,1,102,,24278,33,,,1,102,,24277,33,,,1,102,,24285,33,,,1,102,,24284,33,,,1,100,,24283,33,,,1,98,,24282,33,,,1,96,,24281,33,0,25 26,1
9100,'1',559,,30826,20,,,1,51,,30827,20,,,1,11,,30828,20,,,1,11,,30829,20,,,1,11,,30837,20,,,1,11,,30838,20,,,1,51,,30839,20,,,1,12,,30840,20,,,1,12,,30841,20,,,1,12,,30842,20,,,1,16,,30843,20,,,1,52,,30844,20,,,1,12,,30845,20,,,1,12,,30846,20,,,1,12,,30847,20,,,1,12,,30848,20,,,1,52,,30849,20,,,1,11,,30850,20,,,1,12,,30851,20,,,1,12,,30852,20,,,1,11,,30853,20,,,1,52,,30854,20,,,1,24,,30855,20,,,1,25,,30856,20,,,1,66,,30857,20,,,1,25,,30858,20,,,1,65,,30859,20,,,1,25,,30860,20,,,1,65,,30861,20,,,1,26,,30862,20,,,1,13,,30863,20,,,1,13,,30864,20,,,1,53,,30865,20,,,1,13,,30866,20,,,1,13,,30867,20,,,1,13,,30868,20,,,1,13,,30869,20,,,1,55,,30870,20,,,1,13,,30871,20,,,1,13,,30872,20,,,1,13,,30873,20,,,1,53,,30874,20,,,1,16,,30875,20,,,1,14,,30876,20,,,1,14,,30877,20,,,1,54,,30878,20,,,1,16,,30879,20,,,1,14,,30880,20,,,1,13,,30881,20,,,1,54,,30882,20,,,1,13,,30883,20,,,1,14,,30884,20,,,1,14,,30885,20,,,1,11,,30886,20,,,1,54,,30887,20,,,1,13,,30888,20,,,1,23,,30889,20,,,1,59,,30890,20,,,1,23,,30891,20,,,1,23,,30892,20,,,1,63,,30893,20,,,1,23,,30894,20,,,1,22,,30895,20,,,1,63,,30896,20,,,1,23,,30897,20,,,1,63,,30898,20,,,1,23,,30899,20,,,1,23,,30900,20,,,1,63,,30901,20,,,1,23,,30902,20,,,1,63,,30903,20,,,1
9100,'2',658,,30906,20,,,1,62,,30907,20,,,1,22,,30908,20,,,1,62,,30909,20,,,1,23,,30910,20,,,1,22,,30911,20,,,1,62,,30912,20,,,1,22,,30913,20,,,1,22,,30914,20,,,1,65,,30915,20,,,1,25,,30916,20,,,1,65,,30917,20,,,1,27,,30918,20,,,1,65,,30919,20,,,1,25,,30920,20,,,1,25,,30921,20,,,1,65,,30922,20,,,1,25,,30923,20,,,1,65,,30924,20,,,1,25,,30925,20,,,1,25,,30926,20,,,1,65,,30927,20,,,1,25,,30928,20,,,1,65,,30929,20,,,1,25,,30930,20,,,1,65,,30931,20,,,1,25,,30932,20,,,1,25,,30933,20,,,1,65,,30934,20,,,1,25,,30935,20,,,1,65,,30936,20,,,1,23,,30937,20,,,1,25,,30938,20,,,1,69,,30939,20,,,1,29,,30940,20,,,1,69,,30941,20,,,1,29,,30942,20,,,1,69,,30943,20,,,1,27,,30944,20,,,1,69,,30945,20,,,1
9100,'3',701,,30946,20,,,1,116,,30947,20,,,1,87,,30948,20,,,1,37,,30949,20,,,1,67,,30950,20,,,1,32,,30951,20,,,1,74,,30952,20,,,1,32,,30953,20,,,1,73,,30954,20,,,1,32,,30955,20,,,1,72,,30956,20,,,1,32,,30957,20,,,1,71,,30958,20,,,1,33,,30959,20,,,1,72,,30960,20,,,1,71,,30961,20,,,1,32,,30962,20,,,1,72,,30963,20,,,1,32,,30964,20,,,1,72,,30965,20,,,1,32,,30966,20,,,1,70,,30967,20,,,1,42,,30968,20,,,1,82,,30969,20,,,1,82,,30970,20,,,1,41,,30971,20,,,1,82,,30972,20,,,1,78,,30973,20,,,1,32,,30974,20,,,1,76,,30975,20,,,1
9100,'74',658,,30976,20,,,1,62,,30977,20,,,1,22,,30978,20,,,1,62,,30979,20,,,1,23,,30980,20,,,1,22,,30981,20,,,1,62,,30982,20,,,1,22,,30983,20,,,1,22,,30984,20,,,1,65,,30985,20,,,1,25,,30986,20,,,1,65,,30987,20,,,1,27,,30988,20,,,1,65,,30989,20,,,1,25,,30990,20,,,1,25,,30991,20,,,1,65,,30992,20,,,1,25,,30993,20,,,1,65,,30994,20,,,1,25,,30995,20,,,1,25,,30996,20,,,1,65,,30997,20,,,1,25,,30998,20,,,1,65,,30999,20,,,1,25,,31000,20,,,1,65,,31001,20,,,1,25,,31002,20,,,1,25,,31003,20,,,1,65,,31004,20,,,1,25,,31005,20,,,1,65,,31006,20,,,1,23,,31007,20,,,1,25,,31008,20,,,1,69,,31009,20,,,1,29,,31010,20,,,1,69,,31011,20,,,1,29,,31012,20,,,1,69,,31013,20,,,1,27,,31014,20,,,1,69,,31015,20,,,1
9100,'80',701,,31016,20,,,1,116,,31017,20,,,1,87,,31018,20,,,1,37,,31019,20,,,1,67,,31020,20,,,1,32,,31021,20,,,1,74,,31022,20,,,1,32,,31023,20,,,1,73,,31024,20,,,1,32,,31025,20,,,1,72,,31026,20,,,1,32,,31027,20,,,1,71,,31028,20,,,1,33,,31029,20,,,1,72,,31030,20,,,1,71,,31031,20,,,1,32,,31032,20,,,1,72,,31033,20,,,1,32,,31034,20,,,1,72,,31035,20,,,1,32,,31036,20,,,1,70,,31037,20,,,1,42,,31038,20,,,1,82,,31039,20,,,1,82,,31040,20,,,1,41,,31041,20,,,1,82,,31042,20,,,1,78,,31043,20,,,1,32,,31044,20,,,1,76,,31045,20,,,1
