900,'1',622,,26052,62,4,,1,31,,26053,62,4,,1,81,,26054,62,4,,1,73,,26055,62,4,,1,33,,26056,62,4,,1,73,,26057,62,4,,1,33,,26058,62,4,,1,73,,26059,62,4,,1,84,,26060,62,4,,1,44,,26061,62,4,,1,84,,26062,62,4,,1,84,,26063,62,4,,1,41,,26064,62,4,,1,84,,26065,62,4,,1,82,,26066,62,4,,1,86,,26067,62,4,,1,34,,26068,62,4,,1,77,,26069,62,4,,1,82,,26070,62,4,,1,34,,26071,62,4,,1,74,,26072,62,4,,1,38,,26073,62,4,,1,78,,26074,62,4,,1,78,,26075,62,4,,1
900,'2',740,,26096,62,4,,1,79,,26097,62,4,,1,39,,26076,62,4,,1,80,,26077,62,4,,1,79,,26078,62,4,,1,39,,26079,62,4,,1,79,,26080,62,4,,1,79,,26081,62,4,,1,39,,26082,62,4,,1,79,,26083,62,4,,1,84,,26084,62,4,,1,84,,26085,62,4,,1,41,,26086,62,4,,1,81,,26087,62,4,,1,81,,26088,62,4,,1,41,,26089,62,4,,1,85,,26090,62,4,,1,82,,26091,62,4,,1,40,,26092,62,4,,1,82,,26093,62,4,,1,82,,26094,62,4,,1,42,,26095,62,4,,1
900,'3',843,,26116,62,4,,1,81,,26117,62,4,,1,81,,26098,62,4,,1,41,,26099,62,4,,1,81,,26100,62,4,,1,81,,26101,62,4,,1,41,,26102,62,4,,1,81,,26103,62,4,,1,81,,26104,62,4,,1,43,,26105,62,4,,1,81,,26106,62,4,,1,81,,26107,62,4,,1,41,,26108,62,4,,1,81,,26109,62,4,,1,78,,26110,62,4,,1,39,,26111,62,4,,1,81,,26112,62,4,,1,80,,26113,62,4,,1,38,,26114,62,4,,1,80,,26115,62,4,,1
900,'74',740,,26138,62,4,,1,79,,26139,62,4,,1,39,,26118,62,4,,1,80,,26119,62,4,,1,79,,26120,62,4,,1,39,,26121,62,4,,1,79,,26122,62,4,,1,79,,26123,62,4,,1,39,,26124,62,4,,1,79,,26125,62,4,,1,84,,26126,62,4,,1,84,,26127,62,4,,1,41,,26128,62,4,,1,81,,26129,62,4,,1,81,,26130,62,4,,1,41,,26131,62,4,,1,85,,26132,62,4,,1,82,,26133,62,4,,1,40,,26134,62,4,,1,82,,26135,62,4,,1,82,,26136,62,4,,1,42,,26137,62,4,,1
900,'80',843,,26158,62,4,,1,81,,26159,62,4,,1,81,,26140,62,4,,1,41,,26141,62,4,,1,81,,26142,62,4,,1,81,,26143,62,4,,1,41,,26144,62,4,,1,81,,26145,62,4,,1,81,,26146,62,4,,1,43,,26147,62,4,,1,81,,26148,62,4,,1,81,,26149,62,4,,1,41,,26150,62,4,,1,81,,26151,62,4,,1,78,,26152,62,4,,1,39,,26153,62,4,,1,81,,26154,62,4,,1,80,,26155,62,4,,1,38,,26156,62,4,,1,80,,26157,62,4,,1
901,'1',605,,26167,1,,,1,29,,26160,1,,,1,73,,26161,1,,,1,33,,26162,1,,,1,73,,26163,1,,,1,33,,26164,1,,,1,73,,26165,1,,,1,33,,26166,1,,,1,73,,26174,1,,,1,84,,26168,1,,,1,44,,26169,1,,,1,84,,26170,1,,,1,84,,26171,1,,,1,84,,26172,1,,,1,96,,26173,1,,,1,42,,26175,1,,,1,73,,26176,1,,,1,33,,26177,1,,,1,76,,26178,1,,,1,92,,26179,1,,,1,31,,26180,1,,,1,78,,26181,1,,,1,78,,26182,1,,,1,38,,26183,1,,,1
901,'2',707,,26184,1,,,1,39,,26185,1,,,1,79,,26186,1,,,1,79,,26187,1,,,1,39,,26188,1,,,1,79,,26189,1,,,1,79,,26190,1,,,1,39,,26191,1,,,1,81,,26192,1,,,1,81,,26193,1,,,1,41,,26194,1,,,1,81,,26195,1,,,1,81,,26196,1,,,1,41,,26197,1,,,1,82,,26198,1,,,1,82,,26199,1,,,1,42,,26200,1,,,1,82,,26201,1,,,1,82,,26202,1,,,1,42,,26203,1,,,1,82,,26204,1,,,1,82,,26205,1,,,1
901,'3',809,,26206,1,,,1,41,,26207,1,,,1,81,,26208,1,,,1,81,,26209,1,,,1,41,,26210,1,,,1,81,,26211,1,,,1,81,,26212,1,,,1,41,,26213,1,,,1,81,,26214,1,,,1,81,,26215,1,,,1,41,,26216,1,,,1,81,,26217,1,,,1,81,,26218,1,,,1,81,,26219,1,,,1,41,,26220,1,,,1,80,,26221,1,,,1,80,,26222,1,,,1,40,,26223,1,,,1
901,'74',707,,26224,1,,,1,39,,26225,1,,,1,79,,26226,1,,,1,79,,26227,1,,,1,39,,26228,1,,,1,79,,26229,1,,,1,79,,26230,1,,,1,39,,26231,1,,,1,81,,26232,1,,,1,81,,26233,1,,,1,41,,26234,1,,,1,81,,26235,1,,,1,81,,26236,1,,,1,41,,26237,1,,,1,82,,26238,1,,,1,82,,26239,1,,,1,42,,26240,1,,,1,82,,26241,1,,,1,82,,26242,1,,,1,42,,26243,1,,,1,82,,26244,1,,,1,82,,26245,1,,,1
901,'80',809,,26246,1,,,1,41,,26247,1,,,1,81,,26248,1,,,1,81,,26249,1,,,1,41,,26250,1,,,1,81,,26251,1,,,1,81,,26252,1,,,1,41,,26253,1,,,1,81,,26254,1,,,1,81,,26255,1,,,1,41,,26256,1,,,1,81,,26257,1,,,1,81,,26258,1,,,1,81,,26259,1,,,1,41,,26260,1,,,1,80,,26261,1,,,1,80,,26262,1,,,1,40,,26263,1,,,1
