200,'2',902,,23938,92,4,,1,40,,23937,92,4,,1,80,,23913,92,4,,1,80,,23914,92,4,,1,43,,23915,92,4,,1,80,,23916,92,4,,1,80,,23917,92,4,,1,40,,23918,92,4,,1,82,,23919,92,4,,1,80,,23920,92,4,,1,40,,23921,92,4,,1,80,,23922,92,4,,1,80,,23923,92,4,,1,40,,23924,92,4,,1,80,,23925,92,4,,1,80,,23926,92,4,,1,35,,23927,92,4,,1,80,,23928,92,4,,1,80,,23929,92,4,,1,40,,23930,92,4,,1,74,,23931,92,4,,1,32,,23936,92,4,,1,73,,23935,92,4,,1,33,,23932,92,4,,1,67,,23933,92,4,,1,33,,23934,92,4,,1
200,'3',945,,23939,92,4,,1,162,,23940,92,4,,1,117,,23941,92,4,,1,117,,23942,92,4,,1,117,,23943,92,4,,1,157,,23944,92,4,,1,117,,23945,92,4,,1,114,,23946,92,4,,1,157,,23947,92,4,,1,117,,23948,92,4,,1,104,,23949,92,4,,1,108,,23950,92,4,,1,108,,23951,92,4,,1
200,'74',902,,23977,92,4,,1,40,,23976,92,4,,1,80,,23952,92,4,,1,80,,23953,92,4,,1,43,,23954,92,4,,1,80,,23955,92,4,,1,80,,23956,92,4,,1,40,,23957,92,4,,1,82,,23958,92,4,,1,80,,23959,92,4,,1,40,,23960,92,4,,1,80,,23961,92,4,,1,80,,23962,92,4,,1,40,,23963,92,4,,1,80,,23964,92,4,,1,80,,23965,92,4,,1,35,,23966,92,4,,1,80,,23967,92,4,,1,80,,23968,92,4,,1,40,,23969,92,4,,1,74,,23970,92,4,,1,32,,23975,92,4,,1,73,,23974,92,4,,1,33,,23971,92,4,,1,67,,23972,92,4,,1,33,,23973,92,4,,1
200,'80',945,,23978,92,4,,1,162,,23979,92,4,,1,117,,23980,92,4,,1,117,,23981,92,4,,1,117,,23982,92,4,,1,157,,23983,92,4,,1,117,,23984,92,4,,1,114,,23985,92,4,,1,157,,23986,92,4,,1,117,,23987,92,4,,1,104,,23988,92,4,,1,108,,23989,92,4,,1,108,,23990,92,4,,1
201,'2',755,,24035,1,,,1,80,,24036,1,,,1,80,,24037,1,,,1,40,,24038,1,,,1,80,,24039,1,,,1,80,,24040,1,,,1,40,,24041,1,,,1,80,,24042,1,,,1,80,,24043,1,,,1,40,,24044,1,,,1,80,,24045,1,,,1,80,,24046,1,,,1,40,,24047,1,,,1,80,,24048,1,,,1,80,,24049,1,,,1,40,,24050,1,,,1,80,,24051,1,,,1,80,,24052,1,,,1,40,,24053,1,,,1,80,,24054,1,,,1,80,,24055,1,,,1,33,,24056,1,,,1,73,,24057,1,,,1,33,,24058,1,,,1,73,,24059,1,,,1,73,,24060,1,,,1
201,'3',845,,24071,1,,,1,112,,24061,1,,,1,157,,24062,1,,,1,117,,24063,1,,,1,117,,24064,1,,,1,157,,24065,1,,,1,117,,24066,1,,,1,117,,24067,1,,,1,117,,24068,1,,,1,153,,24069,1,,,1,116,,24070,1,,,1,105,,24072,1,,,1,108,,24073,1,,,1
201,'74',755,,24074,1,,,1,80,,24075,1,,,1,80,,24076,1,,,1,40,,24077,1,,,1,80,,24078,1,,,1,80,,24079,1,,,1,40,,24080,1,,,1,80,,24081,1,,,1,80,,24082,1,,,1,40,,24083,1,,,1,80,,24084,1,,,1,80,,24085,1,,,1,40,,24086,1,,,1,80,,24087,1,,,1,80,,24088,1,,,1,40,,24089,1,,,1,80,,24090,1,,,1,80,,24091,1,,,1,40,,24092,1,,,1,80,,24093,1,,,1,80,,24094,1,,,1,33,,24095,1,,,1,73,,24096,1,,,1,33,,24097,1,,,1,73,,24098,1,,,1,73,,24099,1,,,1
201,'80',845,,24110,1,,,1,112,,24100,1,,,1,157,,24101,1,,,1,117,,24102,1,,,1,117,,24103,1,,,1,157,,24104,1,,,1,117,,24105,1,,,1,117,,24106,1,,,1,117,,24107,1,,,1,153,,24108,1,,,1,116,,24109,1,,,1,105,,24111,1,,,1,108,,24112,1,,,1
1400,'1',553,,26392,63,4,,1,67,,26391,63,4,,1,29,,26390,63,4,,1,73,,26388,63,4,,1,30,,26389,63,4,,1,72,,26414,63,4,,1,22,,26413,63,4,,1,77,,26412,63,4,,1,28,,26411,60,4,,1,74,,26410,60,4,,1,34,,26404,60,4,,1,75,,26394,60,4,,1,74,,26409,60,4,,1,33,,26408,60,4,,1,73,,26407,60,4,,1,33,,26406,60,4,,1,73,,26405,60,4,,1,38,,26403,63,4,,1,72,,26402,63,4,,1,76,,26401,63,4,,1,31,,26400,63,4,,1,77,,26399,63,4,,1,32,,26398,63,4,,1,75,,26397,63,4,,1,35,,26396,63,4,,1,66,,26395,63,4,,1,26,,26393,60,4,,1,76,,26415,60,4,,1,81,,26416,60,4,,1
1401,'1',600,,26432,1,,,1,30,,26431,1,,,1,29,,26430,1,,,1,71,,26429,1,,,1,71,,26428,1,,,1,31,,26427,1,,,1,70,,26426,1,,,1,28,,26425,1,,,1,73,,26424,1,,,1,33,,26423,1,,,1,73,,26422,1,,,1,33,,26421,1,,,1,73,,26420,1,,,1,33,,26419,1,,,1,73,,26418,1,,,1,33,,26417,1,,,1,75,,26435,1,,,1,78,,26436,1,,,1,38,,26442,1,,,1,78,,26441,1,,,1,32,,26440,1,,,1,71,,26439,1,,,1,31,,26438,1,,,1,71,,26437,1,,,1,73,,26433,1,,,1,31,,26434,1,,,1
