101,'1',448,,23682,14,,,1,78,,23683,14,,,1,31,,23684,14,,,1,86,,23690,14,,,1,79,,23692,14,,,1,29,,23685,14,,,1,56,,23691,14,,,1,45,,23689,14,,,1,72,,23688,14,,,1,32,,23687,14,,,1,70,,23686,14,,,1,109,,23681,14,,,1,113,,23680,14,,,1,153,,23679,14,,,1,36,,23693,14,,,1,77,,23678,14,,,1,23,,23670,14,,,1,75,,23671,14,,,1,34,,23672,14,,,1,74,,23677,14,,,1,34,,23676,14,,,1,75,,23675,14,,,1,73,,23674,14,,,1,32,,23673,14,,,1,82,,23666,14,,,1,99,,23669,14,,,1,103,,23668,14,,,1,99,,23667,14,,,1,89,,23665,14,,,1,95,,23664,14,,,1
101,'74',642,,23715,14,,,1,104,,23694,14,,,1,103,,23695,14,,,1,105,,23696,14,,,1,148,,23697,14,,,1,110,,23708,14,,,1,101,,23698,14,,,1,92,,23699,14,,,1,52,,23700,14,,,1,92,,23701,14,,,1,93,,23702,14,,,1,92,,23703,14,,,1,90,,23704,14,,,1,92,,23705,14,,,1,92,,23706,14,,,1,51,,23707,14,,,1,161,,23709,14,,,1,97,,23710,14,,,1,95,,23711,14,,,1,95,,23712,14,,,1,97,,23713,14,,,1
101,'80',832,,23730,14,,,1,112,,23729,14,,,1,114,,23716,14,,,1,152,,23717,14,,,1,112,,23718,14,,,1,112,,23719,14,,,1,112,,23720,14,,,1,112,,23721,14,,,1,151,,23722,14,,,1,111,,23723,14,,,1,98,,23728,14,,,1,99,,23724,14,,,1,99,,23725,14,,,1,97,,23726,14,,,1,99,,23727,14,,,1
101,'35296.2',642,,23744,14,,,1,104,,23732,14,,,1,103,,23733,14,,,1,105,,23734,14,,,1,148,,23735,14,,,1,110,,23742,14,,,1,101,,23736,14,,,1,92,,23737,14,,,1,52,,23738,14,,,1,92,,23739,14,,,1,93,,23740,14,,,1,92,,23741,14,,,1,90,,23745,14,,,1,92,,23746,14,,,1,92,,23747,14,,,1,51,,23748,14,,,1,161,,23749,14,,,1,97,,23750,14,,,1,95,,23751,14,,,1,95,,23752,14,,,1,97,,23753,14,,,1
101,'35296.3',832,,23757,14,,,1,112,,23756,14,,,1,114,,23754,14,,,1,152,,23755,14,,,1,112,,23759,14,,,1,112,,23760,14,,,1,112,,23761,14,,,1,112,,23762,14,,,1,151,,23763,14,,,1,111,,23764,14,,,1,98,,23769,14,,,1,99,,23765,14,,,1,99,,23766,14,,,1,97,,23767,14,,,1,99,,23768,14,,,1
101,'35298.2',642,,23808,14,,,1,75,,23804,14,,,1,17,,23805,14,,,1,18,,23806,14,,,1,57,,23807,14,,,1,17,,23770,14,,,1,17,,23771,14,,,1,57,,23772,14,,,1,19,,23773,14,,,1,17,,23774,14,,,1,17,,23775,14,,,1,57,,23776,14,,,1,17,,23777,14,,,1,17,,23778,14,,,1,57,,23779,14,,,1,18,,23780,14,,,1,17,,23781,14,,,1,17,,23782,14,,,1,57,,23783,14,,,1,17,,23784,14,,,1,16,,23785,14,,,1,57,,23786,14,,,1,17,,23787,14,,,1,17,,23788,14,,,1,17,,23789,14,,,1,57,,23790,14,,,1,17,,23791,14,,,1,17,,23792,14,,,1,17,,23793,14,,,1,57,,23794,14,,,1,17,,23795,14,,,1,17,,23796,14,,,1,57,,23797,14,,,1,18,,23798,14,,,1,17,,23799,14,,,1,17,,23800,14,,,1,57,,23801,14,,,1,17,,23802,14,,,1,17,,23803,14,,,1,57,,23810,14,,,1,15,,23811,14,,,1,17,,23812,14,,,1,17,,23813,14,,,1,60,,23814,14,,,1,92,,23815,14,,,1,51,,23816,14,,,1,161,,23817,14,,,1,97,,23818,14,,,1,95,,23819,14,,,1,95,,23820,14,,,1,97,,23821,14,,,1
101,'35298.3',713,,23822,14,,,1,17,,23823,14,,,1,17,,23824,14,,,1,57,,23825,14,,,1,17,,23826,14,,,1,17,,23827,14,,,1,17,,23828,14,,,1,57,,23829,14,,,1,17,,23830,14,,,1,17,,23831,14,,,1,57,,23832,14,,,1,19,,23833,14,,,1,17,,23834,14,,,1,17,,23835,14,,,1,57,,23836,14,,,1,17,,23837,14,,,1,17,,23838,14,,,1,57,,23839,14,,,1,17,,23840,14,,,1,17,,23841,14,,,1,17,,23842,14,,,1,57,,23843,14,,,1,17,,23844,14,,,1,17,,23845,14,,,1,57,,23846,14,,,1,17,,23847,14,,,1,17,,23848,14,,,1,17,,23849,14,,,1,57,,23850,14,,,1,17,,23851,14,,,1,17,,23852,14,,,1,57,,23853,14,,,1,17,,23854,14,,,1,17,,23855,14,,,1,17,,23856,14,,,1,57,,23857,14,,,1,17,,23858,14,,,1,17,,23859,14,,,1,56,,23860,14,,,1,17,,23861,14,,,1,17,,23862,14,,,1,17,,23863,14,,,1,56,,23864,14,,,1,17,,23865,14,,,1,94,,23866,14,,,1,99,,23867,14,,,1,99,,23868,14,,,1,97,,23869,14,,,1,99,,23870,14,,,1
60301,'1',548,,35160,6,,,1,60,,35161,6,,,1,16,,35162,6,,,1,18,,35163,6,,,1,58,,35164,6,,,1,20,,35165,6,,,1,18,,35166,6,,,1,18,,35167,6,,,1,62,,35168,6,,,1,18,,35169,6,,,1,18,,35170,6,,,1,54,,35171,6,,,1,19,,35172,6,,,1,22,,35173,6,,,1,62,,35174,6,,,1,22,,35175,6,,,1,22,,35176,6,,,1,62,,35177,6,,,1,22,,35178,6,,,1,62,,35179,6,,,1,22,,35180,6,,,1,22,,35181,6,,,1,62,,35182,6,,,1,22,,35183,6,,,1,22,,35184,6,,,1,62,,35185,6,,,1,22,,35186,6,,,1,22,,35187,6,,,1,56,,35188,6,,,1,16,,35189,6,,,1,16,,35190,6,,,1,56,,35191,6,,,1,16,,35192,6,,,1,16,,35193,6,,,1,16,,35194,6,,,1,56,,35195,6,,,1,16,,35196,6,,,1,16,,35197,6,,,1,16,,35198,6,,,1,56,,35199,6,,,1,15,,35200,6,,,1,16,,35201,6,,,1,16,,35202,6,,,1,56,,35203,6,,,1,26,,35204,6,,,1,69,,35205,6,,,1,30,,35206,6,,,1,70,,35207,6,,,1,30,,35208,6,,,1,70,,35209,6,,,1,34,,35210,6,,,1,82,,35211,6,,,1,79,,35212,6,,,1
60301,'74',555,,35215,6,,,1,79,,35216,6,,,1,81,,35217,6,,,1,40,,35218,6,,,1,81,,35219,6,,,1,83,,35220,6,,,1,40,,35221,6,,,1,79,,35222,6,,,1,85,,35223,6,,,1,78,,35224,6,,,1,38,,35225,6,,,1,78,,35226,6,,,1,38,,35227,6,,,1,77,,35228,6,,,1,79,,35229,6,,,1,38,,35230,6,,,1,78,,35231,6,,,1,75,,35232,6,,,1,38,,35233,6,,,1,78,,35234,6,,,1,38,,35235,6,,,1,78,,35236,6,,,1,91,,35237,6,,,1,79,,35238,6,,,1,40,,35239,6,,,1,80,,35240,6,,,1,98,,35241,6,,,1,92,,35242,6,,,1,92,,35243,6,,,1
60301,'80',808,,35247,6,,,1,39,,35248,6,,,1,76,,35249,6,,,1,88,,35250,6,,,1,40,,35251,6,,,1,82,,35252,6,,,1,82,,35253,6,,,1,43,,35254,6,,,1,83,,35255,6,,,1,81,,35256,6,,,1,82,,35257,6,,,1,41,,35258,6,,,1,80,,35259,6,,,1,76,,35260,6,,,1,36,,35261,6,,,1,76,,35262,6,,,1,35,,35263,6,,,1,76,,35264,6,,,1,35,,35265,6,,,1,76,,35266,6,,,1,76,,35267,6,,,1,40,,35268,6,,,1,105,,35269,6,,,1,146,,35270,6,,,1,106,,35271,6,,,1
60301,'35296.2',555,,35274,6,,,1,79,,35275,6,,,1,81,,35276,6,,,1,40,,35277,6,,,1,81,,35278,6,,,1,83,,35279,6,,,1,40,,35280,6,,,1,79,,35281,6,,,1,85,,35282,6,,,1,78,,35283,6,,,1,38,,35284,6,,,1,78,,35285,6,,,1,38,,35286,6,,,1,77,,35287,6,,,1,79,,35288,6,,,1,38,,35289,6,,,1,78,,35290,6,,,1,75,,35291,6,,,1,38,,35292,6,,,1,78,,35293,6,,,1,38,,35294,6,,,1,78,,35295,6,,,1,91,,35296,6,,,1,79,,35297,6,,,1,40,,35298,6,,,1,80,,35299,6,,,1,98,,35300,6,,,1,92,,35301,6,,,1,92,,35302,6,,,1
60301,'35296.3',808,,35306,6,,,1,39,,35307,6,,,1,76,,35308,6,,,1,88,,35309,6,,,1,40,,35310,6,,,1,82,,35311,6,,,1,82,,35312,6,,,1,43,,35313,6,,,1,83,,35314,6,,,1,81,,35315,6,,,1,82,,35316,6,,,1,41,,35317,6,,,1,80,,35318,6,,,1,76,,35319,6,,,1,36,,35320,6,,,1,76,,35321,6,,,1,35,,35322,6,,,1,76,,35323,6,,,1,35,,35324,6,,,1,76,,35325,6,,,1,76,,35326,6,,,1,40,,35327,6,,,1,105,,35328,6,,,1,146,,35329,6,,,1,106,,35330,6,,,1
60301,'35297.2',522,,35438,6,,,1,22,,35439,6,,,1,62,,35440,6,,,1,21,,35441,6,,,1,22,,35442,6,,,1,63,,35331,6,,,1,7,,35332,6,,,1,7,,35333,6,,,1,7,,35334,6,,,1,7,,35335,6,,,1,7,,35336,6,,,1,7,,35337,6,,,1,47,,35338,6,,,1,7,,35339,6,,,1,7,,35340,6,,,1,7,,35341,6,,,1,8,,35342,6,,,1,7,,35343,6,,,1,7,,35344,6,,,1,7,,35345,6,,,1,7,,35346,6,,,1,47,,35347,6,,,1,7,,35348,6,,,1,10,,35349,6,,,1,7,,35350,6,,,1,7,,35351,6,,,1,7,,35352,6,,,1,7,,35353,6,,,1,7,,35354,6,,,1,46,,35355,6,,,1,7,,35356,6,,,1,7,,35357,6,,,1,7,,35358,6,,,1,7,,35359,6,,,1,7,,35360,6,,,1,8,,35361,6,,,1,7,,35362,6,,,1,47,,35363,6,,,1,7,,35364,6,,,1,7,,35365,6,,,1,7,,35366,6,,,1,7,,35367,6,,,1,7,,35368,6,,,1,7,,35369,6,,,1,7,,35370,6,,,1,7,,35371,6,,,1,47,,35372,6,,,1,7,,35373,6,,,1,7,,35374,6,,,1,7,,35375,6,,,1,7,,35376,6,,,1,7,,35377,6,,,1,7,,35378,6,,,1,7,,35379,6,,,1,7,,35380,6,,,1,47,,35381,6,,,1,7,,35382,6,,,1,7,,35383,6,,,1,7,,35384,6,,,1,7,,35385,6,,,1,7,,35386,6,,,1,7,,35387,6,,,1,7,,35388,6,,,1,47,,35389,6,,,1,7,,35390,6,,,1,6,,35391,6,,,1,7,,35392,6,,,1,7,,35393,6,,,1,7,,35394,6,,,1,7,,35395,6,,,1,8,,35396,6,,,1,7,,35397,6,,,1,47,,35398,6,,,1,7,,35399,6,,,1,7,,35400,6,,,1,7,,35401,6,,,1,7,,35402,6,,,1,7,,35403,6,,,1,7,,35404,6,,,1,7,,35405,6,,,1,47,,35406,6,,,1,7,,35407,6,,,1,7,,35408,6,,,1,7,,35409,6,,,1,7,,35410,6,,,1,7,,35411,6,,,1,7,,35412,6,,,1,7,,35413,6,,,1,7,,35414,6,,,1,44,,35415,6,,,1,7,,35416,6,,,1,7,,35417,6,,,1,7,,35418,6,,,1,7,,35419,6,,,1,7,,35420,6,,,1,11,,35421,6,,,1,7,,35422,6,,,1,47,,35423,6,,,1,7,,35424,6,,,1,7,,35425,6,,,1,3,,35426,6,,,1,7,,35427,6,,,1,7,,35428,6,,,1,7,,35429,6,,,1,7,,35430,6,,,1,7,,35431,6,,,1,47,,35432,6,,,1,7,,35433,6,,,1,7,,35434,6,,,1,7,,35435,6,,,1,7,,35436,6,,,1,7,,35437,6,,,1,22,,35443,6,,,1,62,,35444,6,,,1,22,,35445,6,,,1,61,,35446,6,,,1,22,,35447,6,,,1,22,,35448,6,,,1,62,,35449,6,,,1,22,,35450,6,,,1,22,,35451,6,,,1,60,,35452,6,,,1,22,,35453,6,,,1,22,,35454,6,,,1,62,,35455,6,,,1,22,,35456,6,,,1,62,,35457,6,,,1,22,,35458,6,,,1
60301,'35297.3',711,,35459,6,,,1,7,,35460,6,,,1,7,,35461,6,,,1,7,,35462,6,,,1,7,,35463,6,,,1,7,,35464,6,,,1,7,,35465,6,,,1,47,,35466,6,,,1,7,,35467,6,,,1,7,,35468,6,,,1,7,,35469,6,,,1,7,,35470,6,,,1,7,,35471,6,,,1,10,,35472,6,,,1,7,,35473,6,,,1,7,,35474,6,,,1,47,,35475,6,,,1,7,,35476,6,,,1,7,,35477,6,,,1,7,,35478,6,,,1,7,,35479,6,,,1,7,,35480,6,,,1,7,,35481,6,,,1,9,,35482,6,,,1,47,,35483,6,,,1,7,,35484,6,,,1,7,,35485,6,,,1,7,,35486,6,,,1,7,,35487,6,,,1,7,,35488,6,,,1,5,,35489,6,,,1,7,,35490,6,,,1,7,,35491,6,,,1,47,,35492,6,,,1,7,,35493,6,,,1,7,,35494,6,,,1,7,,35495,6,,,1,7,,35496,6,,,1,7,,35497,6,,,1,7,,35498,6,,,1,7,,35499,6,,,1,47,,35500,6,,,1,7,,35501,6,,,1,7,,35502,6,,,1,7,,35503,6,,,1,7,,35504,6,,,1,7,,35505,6,,,1,7,,35506,6,,,1,8,,35507,6,,,1,7,,35508,6,,,1,47,,35509,6,,,1,7,,35510,6,,,1,7,,35511,6,,,1,7,,35512,6,,,1,8,,35513,6,,,1,7,,35514,6,,,1,7,,35515,6,,,1,7,,35516,6,,,1,47,,35517,6,,,1,7,,35518,6,,,1,6,,35519,6,,,1,7,,35520,6,,,1,7,,35521,6,,,1,7,,35522,6,,,1,7,,35523,6,,,1,7,,35524,6,,,1,7,,35525,6,,,1,47,,35526,6,,,1,7,,35527,6,,,1,7,,35528,6,,,1,7,,35529,6,,,1,6,,35530,6,,,1,7,,35531,6,,,1,7,,35532,6,,,1,7,,35533,6,,,1,7,,35534,6,,,1,47,,35535,6,,,1,7,,35536,6,,,1,7,,35537,6,,,1,7,,35538,6,,,1,7,,35539,6,,,1,7,,35540,6,,,1,7,,35541,6,,,1,7,,35542,6,,,1,47,,35543,6,,,1,7,,35544,6,,,1,7,,35545,6,,,1,7,,35546,6,,,1,7,,35547,6,,,1,7,,35548,6,,,1,7,,35549,6,,,1,7,,35550,6,,,1,7,,35551,6,,,1,47,,35552,6,,,1,7,,35553,6,,,1,7,,35554,6,,,1,7,,35555,6,,,1,7,,35556,6,,,1,7,,35557,6,,,1,6,,35558,6,,,1,7,,35559,6,,,1,47,,35560,6,,,1,7,,35561,6,,,1,7,,35562,6,,,1,7,,35563,6,,,1,7,,35564,6,,,1,7,,35565,6,,,1,7,,35566,6,,,1,61,,35567,6,,,1,22,,35568,6,,,1,22,,35569,6,,,1,62,,35570,6,,,1,21,,35571,6,,,1,22,,35572,6,,,1,61,,35573,6,,,1,22,,35574,6,,,1,22,,35575,6,,,1,62,,35576,6,,,1,22,,35577,6,,,1,62,,35578,6,,,1,22,,35579,6,,,1,22,,35580,6,,,1,62,,35581,6,,,1
6030101,'1',558,,37625,6,,,1,57,,37626,6,,,1,18,,37627,6,,,1,18,,37628,6,,,1,58,,37629,6,,,1,20,,37630,6,,,1,18,,37631,6,,,1,62,,37632,6,,,1,18,,37633,6,,,1,18,,37634,6,,,1,14,,37635,6,,,1,58,,37636,6,,,1,21,,37637,6,,,1,62,,37638,6,,,1,22,,37639,6,,,1,22,,37640,6,,,1,62,,37641,6,,,1,22,,37642,6,,,1,22,,37643,6,,,1,62,,37644,6,,,1,22,,37645,6,,,1,22,,37646,6,,,1,62,,37647,6,,,1,22,,37648,6,,,1,62,,37649,6,,,1,22,,37650,6,,,1,22,,37651,6,,,1,59,,37652,6,,,1,16,,37653,6,,,1,16,,37654,6,,,1,16,,37655,6,,,1,56,,37656,6,,,1,16,,37657,6,,,1,16,,37658,6,,,1,16,,37659,6,,,1,56,,37660,6,,,1,16,,37661,6,,,1,16,,37662,6,,,1,56,,37663,6,,,1,15,,37664,6,,,1,16,,37665,6,,,1,16,,37666,6,,,1,56,,37667,6,,,1,19,,37668,6,,,1,30,,37669,6,,,1,69,,37670,6,,,1,30,,37671,6,,,1,70,,37672,6,,,1,30,,37673,6,,,1,70,,37674,6,,,1,80,,37675,6,,,1,41,,37676,6,,,1,80,,37677,6,,,1
6030101,'74',614,,37678,6,,,1,40,,37679,6,,,1,81,,37680,6,,,1,80,,37681,6,,,1,41,,37682,6,,,1,83,,37683,6,,,1,79,,37684,6,,,1,86,,37698,6,,,1,38,,37697,6,,,1,78,,37685,6,,,1,38,,37686,6,,,1,78,,37687,6,,,1,78,,37688,6,,,1,38,,37689,6,,,1,78,,37690,6,,,1,78,,37691,6,,,1,38,,37692,6,,,1,75,,37693,6,,,1,82,,37694,6,,,1,34,,37695,6,,,1,78,,37696,6,,,1,90,,37702,6,,,1,39,,37701,6,,,1,80,,37699,6,,,1,80,,37700,6,,,1,54,,37706,6,,,1,90,,37703,6,,,1,92,,37704,6,,,1,92,,37705,6,,,1
6030101,'80',750,,37710,6,,,1,76,,37711,6,,,1,79,,37712,6,,,1,43,,37721,6,,,1,83,,37713,6,,,1,80,,37714,6,,,1,42,,37715,6,,,1,83,,37716,6,,,1,82,,37717,6,,,1,84,,37718,6,,,1,40,,37719,6,,,1,82,,37720,6,,,1,83,,37731,6,,,1,35,,37722,6,,,1,77,,37723,6,,,1,36,,37724,6,,,1,75,,37725,6,,,1,76,,37726,6,,,1,36,,37727,6,,,1,74,,37728,6,,,1,37,,37729,6,,,1,75,,37730,6,,,1,95,,37732,6,,,1,106,,37733,6,,,1,106,,37734,6,,,1,106,,37738,6,,,1
6030101,'35296.2',614,,37739,6,,,1,40,,37740,6,,,1,81,,37741,6,,,1,80,,37742,6,,,1,41,,37743,6,,,1,83,,37744,6,,,1,79,,37745,6,,,1,86,,37759,6,,,1,38,,37758,6,,,1,78,,37746,6,,,1,38,,37747,6,,,1,78,,37748,6,,,1,78,,37749,6,,,1,38,,37750,6,,,1,78,,37751,6,,,1,78,,37752,6,,,1,38,,37753,6,,,1,75,,37754,6,,,1,82,,37755,6,,,1,34,,37756,6,,,1,78,,37757,6,,,1,90,,37763,6,,,1,39,,37762,6,,,1,80,,37760,6,,,1,80,,37761,6,,,1,54,,37767,6,,,1,90,,37764,6,,,1,92,,37765,6,,,1,92,,37766,6,,,1
6030101,'35296.3',750,,37771,6,,,1,76,,37772,6,,,1,79,,37773,6,,,1,43,,37782,6,,,1,83,,37774,6,,,1,80,,37775,6,,,1,42,,37776,6,,,1,83,,37777,6,,,1,82,,37778,6,,,1,84,,37779,6,,,1,40,,37780,6,,,1,82,,37781,6,,,1,83,,37792,6,,,1,35,,37783,6,,,1,77,,37784,6,,,1,36,,37785,6,,,1,75,,37786,6,,,1,76,,37787,6,,,1,36,,37788,6,,,1,74,,37789,6,,,1,37,,37790,6,,,1,75,,37791,6,,,1,95,,37793,6,,,1,106,,37794,6,,,1,106,,37795,6,,,1,106,,37799,6,,,1
