5201,'1',544,,28584,29,,,1,95,,28585,29,,,1,105,,28586,29,,,1,100,,28591,29,,,1,105,,28590,29,,,1,500,,28589,18,,,1,100,,28587,18,,,1,100,,28588,18,,,1,100,,28593,18,,,1,100,,28592,18,,,1
9801,'1',508,,31521,6,,,1,35,,31520,6,,,1,75,,31519,6,,,1,35,,31518,6,,,1,75,,31517,6,,,1,75,,31516,6,,,1,35,,31515,6,,,1,75,,31514,6,,,1,35,,31525,6,,,1,98,,31524,6,,,1,98,,31523,6,,,1,98,,31522,6,,,1,99,,31537,6,,,1,80,,31536,6,,,1,80,,31535,6,,,1,40,,31534,6,,,1,80,,31533,6,,,1,80,,31532,6,,,1,40,,31531,6,,,1,79,,31530,6,,,1,80,,31529,6,,,1,51,,31528,6,,,1,91,,31527,6,,,1,88,,31526,6,,,1
9801,'2',517,,31556,6,,,1,86,,31555,6,,,1,46,,31554,6,,,1,86,,31553,6,,,1,86,,31552,6,,,1,94,,31551,6,,,1,94,,31550,6,,,1,95,,31549,6,,,1,54,,31548,6,,,1,99,,31547,6,,,1,98,,31546,6,,,1,98,,31545,6,,,1,98,,31544,6,,,1,98,,31543,6,,,1,98,,31542,6,,,1,97,,31541,6,,,1,88,,31540,6,,,1,89,,31539,6,,,1,89,,31538,6,,,1
9801,'3',658,,31573,6,,,1,88,,31574,6,,,1,88,,31572,6,,,1,88,,31571,6,,,1,88,,31570,6,,,1,94,,31569,6,,,1,53,,31568,6,,,1,93,,31567,6,,,1,93,,31566,6,,,1,93,,31565,6,,,1,93,,31564,6,,,1,93,,31563,6,,,1,93,,31562,6,,,1,93,,31561,6,,,1,48,,31560,6,,,1,88,,31559,6,,,1,87,,31558,6,,,1,88,,31557,6,,,1
9801,'74',517,,31593,6,,,1,86,,31592,6,,,1,46,,31591,6,,,1,86,,31590,6,,,1,86,,31589,6,,,1,94,,31588,6,,,1,94,,31587,6,,,1,95,,31586,6,,,1,54,,31585,6,,,1,99,,31584,6,,,1,98,,31583,6,,,1,98,,31582,6,,,1,98,,31581,6,,,1,98,,31580,6,,,1,98,,31579,6,,,1,97,,31578,6,,,1,88,,31577,6,,,1,89,,31576,6,,,1,89,,31575,6,,,1
9801,'80',658,,31610,6,,,1,88,,31611,6,,,1,88,,31609,6,,,1,88,,31608,6,,,1,88,,31607,6,,,1,94,,31606,6,,,1,53,,31605,6,,,1,93,,31604,6,,,1,93,,31603,6,,,1,93,,31602,6,,,1,93,,31601,6,,,1,93,,31600,6,,,1,93,,31599,6,,,1,93,,31598,6,,,1,48,,31597,6,,,1,88,,31596,6,,,1,87,,31595,6,,,1,88,,31594,6,,,1
989901,'1',2152,,36877,6,,,1,72,,36878,6,,,1,78,,36879,6,,,1,38,,36880,6,,,1,75,,36881,6,,,1,32,,36882,6,,,1,75,,36883,6,,,1,35,,36884,6,,,1
989901,'2',2157,,36885,6,,,1,94,,36886,6,,,1,84,,36887,6,,,1,91,,36890,6,,,1,85,,36888,6,,,1,46,,36889,6,,,1
989901,'3',2211,,36891,6,,,1,90,,36892,6,,,1,43,,36893,6,,,1,90,,36894,6,,,1,79,,36895,6,,,1,43,,36896,6,,,1
989901,'74',2157,,36897,6,,,1,94,,36898,6,,,1,84,,36899,6,,,1,91,,36902,6,,,1,85,,36900,6,,,1,46,,36901,6,,,1
989901,'80',2211,,36903,6,,,1,90,,36904,6,,,1,43,,36905,6,,,1,90,,36906,6,,,1,79,,36907,6,,,1,43,,36908,6,,,1
