201,'1',528,,339,30,4,,1,21,,340,30,4,,1,61,,341,30,4,,1,21,,342,30,4,,1,3,,309,81,4,,1,21,,310,81,4,,1,65,,311,81,4,,1,23,,312,81,4,,1,61,,313,81,4,,1,29,,314,89,4,,1,22,,315,81,4,,1,61,,316,81,4,,1,21,,317,81,4,,1,12,,318,81,4,,1,71,,319,81,4,,1,35,,320,81,4,,1,75,,321,81,4,,1,75,,322,81,4,,1,35,,323,81,4,,1,75,,324,81,4,,1,35,,325,81,4,,1,75,,326,81,4,,1,83,,327,81,4,,1,23,,328,81,4,,1,23,,329,81,4,,1,64,,330,81,4,,1,21,,331,81,4,,1,67,,332,81,4,,1,25,,333,81,4,,1,23,,334,81,4,,1,63,,335,81,4,,1,17,,336,81,4,,1,23,,337,81,4,,1,59,,338,81,4,,1,23,,343,81,4,,1,18,,344,81,4,,1,80,,345,81,4,,1,80,,346,81,4,,1,35,,347,81,4,,1,80,,348,81,4,,1,80,,349,81,4,,1,35,,350,81,4,,1
201,'2',859,,353,97,4,,1,80,,354,97,4,,1,84,,355,97,4,,1,80,,356,97,4,,1,40,,357,97,4,,1,81,,358,97,4,,1,80,,359,97,4,,1,40,,360,97,4,,1,80,,361,97,4,,1,80,,362,97,4,,1,37,,363,97,4,,1,80,,364,97,4,,1,80,,365,97,4,,1,40,,366,97,4,,1,80,,367,97,4,,1,80,,368,97,4,,1,36,,369,97,4,,1,80,,370,97,4,,1,40,,371,97,4,,1,80,,372,97,4,,1,74,,373,97,4,,1,33,,374,97,4,,1,73,,375,97,4,,1,33,,376,97,4,,1,69,,377,97,4,,1,33,,378,97,4,,1
201,'3',951,,389,97,4,,1,152,,379,97,4,,1,117,,380,97,4,,1,119,,381,97,4,,1,117,,382,97,4,,1,155,,383,97,4,,1,117,,384,97,4,,1,117,,385,97,4,,1,157,,386,97,4,,1,113,,387,97,4,,1,110,,388,97,4,,1,105,,390,97,4,,1,108,,391,97,4,,1
201,'80',951,,402,97,4,,1,152,,392,97,4,,1,117,,393,97,4,,1,119,,394,97,4,,1,117,,395,97,4,,1,155,,396,97,4,,1,117,,397,97,4,,1,117,,398,97,4,,1,157,,399,97,4,,1,113,,400,97,4,,1,110,,401,97,4,,1,105,,403,97,4,,1,108,,404,97,4,,1
201,'81',951,,415,97,4,,1,152,,405,97,4,,1,117,,406,97,4,,1,119,,407,97,4,,1,117,,408,97,4,,1,155,,409,97,4,,1,117,,410,97,4,,1,117,,411,97,4,,1,157,,412,97,4,,1,113,,413,97,4,,1,110,,414,97,4,,1,105,,416,97,4,,1,108,,417,97,4,,1
500,'1',531,,1067,34,4,,1,22,,1083,34,4,,1,62,,1082,34,4,,1,22,,1081,34,4,,1,22,,1080,34,4,,1,64,,1079,34,4,,1,22,,1078,34,4,,1,66,,1077,34,4,,1,20,,1076,34,4,,1,22,,1075,34,4,,1,62,,1074,34,4,,1,22,,1072,34,4,,1,72,,1071,21,4,,1,32,,1073,21,4,,1,72,,1070,21,4,,1,32,,1069,21,4,,1,72,,1068,21,4,,1,32,,1066,21,4,,1,72,,1047,21,4,,1,32,,1065,21,4,,1,72,,1064,21,4,,1,32,,1063,21,4,,1,65,,1062,21,4,,1,23,,1061,21,4,,1,61,,1060,21,4,,1,23,,1059,21,4,,1,23,,1058,21,4,,1,62,,1057,21,4,,1,23,,1056,21,4,,1,63,,1055,21,4,,1,23,,1054,21,4,,1,21,,1053,21,4,,1,63,,1052,21,4,,1,23,,1051,21,4,,1,28,,1049,21,4,,1,68,,1048,21,4,,1,28,,1050,21,4,,1,68,,1046,21,4,,1,27,,1045,21,4,,1,68,,1044,21,4,,1,23,,1043,21,4,,1
500,'2',705,,1099,21,4,,1,28,,1101,21,4,,1,68,,1102,21,4,,1,28,,1103,21,4,,1,28,,1104,21,4,,1,68,,1105,21,4,,1,28,,1106,21,4,,1,68,,1107,21,4,,1,28,,1108,21,4,,1,68,,1109,21,4,,1,30,,1110,21,4,,1,68,,1111,21,4,,1,28,,1112,21,4,,1,68,,1084,21,4,,1,30,,1085,21,4,,1,70,,1086,21,4,,1,29,,1087,21,4,,1,69,,1088,21,4,,1,29,,1089,21,4,,1,69,,1090,21,4,,1,29,,1091,21,4,,1,69,,1092,21,4,,1,29,,1093,21,4,,1,67,,1094,21,4,,1,26,,1095,21,4,,1,26,,1096,21,4,,1,67,,1097,21,4,,1,25,,1098,21,4,,1,65,,1100,21,4,,1
2301,'1',603,,3514,51,4,,1,106,,3513,51,4,,1,113,,3512,51,4,,1,106,,3511,51,4,,1,618,,3510,51,4,,1,76,,3509,51,4,,1,90,,3508,51,4,,1,90,,3507,51,4,,1,47,,3506,51,4,,1,86,,3505,51,4,,1
7700,'1',421,,4773,33,4,,1,15,,4774,33,4,,1,15,,4775,33,4,,1,55,,4776,33,4,,1,15,,4777,33,4,,1,9,,4731,46,4,,1,17,,4730,46,4,,1,53,,4729,46,4,,1,21,,4728,46,4,,1,15,,4726,46,4,,1,22,,4727,46,4,,1,53,,4746,46,4,,1,16,,4745,46,4,,1,16,,4744,46,4,,1,66,,4743,46,4,,1,16,,4742,46,4,,1,16,,4741,46,4,,1,16,,4732,46,4,,1,53,,4733,46,4,,1,16,,4734,46,4,,1,16,,4735,46,4,,1,16,,4736,46,4,,1,53,,4737,46,4,,1,12,,4738,46,4,,1,16,,4739,46,4,,1,71,,4740,46,4,,1,34,,4754,46,4,,1,70,,4753,46,4,,1,30,,4752,46,4,,1,70,,4747,46,4,,1,33,,4748,46,4,,1,61,,4778,33,4,,1,9,,4749,46,4,,1,29,,4779,33,4,,1,1,,4750,46,4,,1,76,,4751,46,4,,1,20,,4780,33,4,,1,3,,4772,46,4,,1,59,,4771,46,4,,1,26,,4770,46,4,,1,24,,4769,46,4,,1,59,,4768,46,4,,1,19,,4755,46,4,,1,19,,4756,46,4,,1,59,,4757,46,4,,1,13,,4758,46,4,,1,13,,4759,46,4,,1,19,,4760,46,4,,1,50,,4761,46,4,,1,19,,4762,46,4,,1,15,,4763,46,4,,1,13,,4764,46,4,,1,59,,4765,46,4,,1,19,,4766,46,4,,1,19,,4767,46,4,,1,69,,4783,46,4,,1,27,,4782,46,4,,1,67,,4781,46,4,,1,40,,4792,46,4,,1,73,,4791,46,4,,1,26,,4790,46,4,,1,73,,4784,46,4,,1,33,,4785,46,4,,1,73,,4786,46,4,,1,73,,4787,46,4,,1,33,,4788,46,4,,1,73,,4789,46,4,,1
7700,'2',502,,4793,33,4,,1,30,,4794,46,4,,1,75,,4795,46,4,,1,35,,4796,46,4,,1,76,,4797,46,4,,1,35,,4798,46,4,,1,75,,4799,46,4,,1,76,,4800,46,4,,1,35,,4801,46,4,,1,75,,4802,46,4,,1,90,,4803,46,4,,1,41,,4804,46,4,,1,81,,4805,46,4,,1,88,,4806,46,4,,1,41,,4807,46,4,,1,81,,4808,46,4,,1,76,,4809,46,4,,1,33,,4810,46,4,,1,73,,4811,46,4,,1,30,,4812,46,4,,1,73,,4813,46,4,,1,33,,4814,46,4,,1,70,,4815,46,4,,1,33,,4816,46,4,,1,70,,4817,46,4,,1,29,,4818,46,4,,1,70,,4819,46,4,,1,30,,4820,46,4,,1,63,,4821,46,4,,1,30,,4822,46,4,,1,74,,4823,46,4,,1,30,,4824,46,4,,1,70,,4826,46,4,,1,25,,4827,46,4,,1,70,,4828,46,4,,1,23,,4825,46,4,,1,69,,4829,46,4,,1,33,,4830,46,4,,1,73,,4831,46,4,,1,33,,4832,46,4,,1,73,,4833,46,4,,1
7700,'3',847,,4834,47,4,,1,92,,4835,47,4,,1,91,,4836,47,4,,1,97,,4837,47,4,,1,97,,4838,47,4,,1,89,,4839,47,4,,1,92,,4840,47,4,,1,95,,4841,47,4,,1,52,,4842,47,4,,1,89,,4843,47,4,,1,92,,4844,47,4,,1,97,,4845,47,4,,1,88,,4846,47,4,,1,90,,4847,47,4,,1,51,,4848,47,4,,1,84,,4849,47,4,,1,87,,4850,47,4,,1,88,,4851,47,4,,1,86,,4852,47,4,,1,47,,4853,47,4,,1,80,,4854,47,4,,1,80,,4855,47,4,,1,36,,4856,47,4,,1,80,,4857,47,4,,1
7700,'80',847,,4858,47,4,,1,92,,4859,47,4,,1,91,,4860,47,4,,1,97,,4861,47,4,,1,97,,4862,47,4,,1,89,,4863,47,4,,1,92,,4864,47,4,,1,95,,4865,47,4,,1,52,,4866,47,4,,1,89,,4867,47,4,,1,92,,4868,47,4,,1,97,,4869,47,4,,1,88,,4870,47,4,,1,90,,4871,47,4,,1,51,,4872,47,4,,1,84,,4873,47,4,,1,87,,4874,47,4,,1,88,,4875,47,4,,1,86,,4876,47,4,,1,47,,4877,47,4,,1,80,,4878,47,4,,1,80,,4879,47,4,,1,36,,4880,47,4,,1,80,,4881,47,4,,1
7700,'81',847,,4882,47,4,,1,92,,4883,47,4,,1,91,,4884,47,4,,1,97,,4885,47,4,,1,97,,4886,47,4,,1,89,,4887,47,4,,1,92,,4888,47,4,,1,95,,4889,47,4,,1,52,,4890,47,4,,1,89,,4891,47,4,,1,92,,4892,47,4,,1,97,,4893,47,4,,1,88,,4894,47,4,,1,90,,4895,47,4,,1,51,,4896,47,4,,1,84,,4897,47,4,,1,87,,4898,47,4,,1,88,,4899,47,4,,1,86,,4900,47,4,,1,47,,4901,47,4,,1,80,,4902,47,4,,1,80,,4903,47,4,,1,36,,4904,47,4,,1,80,,4905,47,4,,1
8801,'1',531,,6042,16,4,,1,69,,6043,39,4,,1,28,,6044,58,4,,1,27,,6010,58,4,,1,55,,6009,58,4,,1,22,,6008,58,4,,1,15,,6005,58,4,,1,59,,6006,58,4,,1,22,,6007,58,4,,1,14,,6024,58,4,,1,64,,6023,58,4,,1,9,,6022,58,4,,1,14,,6011,58,4,,1,14,,6012,58,4,,1,10,,6013,58,4,,1,54,,6014,58,4,,1,9,,6015,58,4,,1,14,,6016,58,4,,1,14,,6017,58,4,,1,14,,6018,58,4,,1,54,,6019,58,4,,1,21,,6020,58,4,,1,14,,6021,58,4,,1,62,,6029,58,4,,1,37,,6028,58,4,,1,77,,6025,58,4,,1,77,,6026,58,4,,1,44,,6027,58,4,,1,63,,6041,58,4,,1,10,,6040,58,4,,1,20,,6039,58,4,,1,18,,6038,58,4,,1,52,,6037,58,4,,1,15,,6030,58,4,,1,15,,6031,58,4,,1,13,,6032,58,4,,1,55,,6033,58,4,,1,15,,6034,58,4,,1,15,,6035,58,4,,1,15,,6036,58,4,,1,55,,6045,58,4,,1,10,,6046,58,4,,1,15,,6047,58,4,,1,15,,6048,58,4,,1,55,,6049,58,4,,1,8,,6050,58,4,,1,19,,6057,58,4,,1,14,,6056,58,4,,1,14,,6055,58,4,,1,54,,6054,58,4,,1,14,,6051,58,4,,1,14,,6052,58,4,,1,11,,6053,58,4,,1,60,,6062,58,4,,1,41,,6061,58,4,,1,74,,6058,58,4,,1,81,,6059,58,4,,1,38,,6060,58,4,,1
8801,'2',634,,6063,58,4,,1,69,,6064,58,4,,1,29,,6065,58,4,,1,69,,6066,58,4,,1,40,,6067,58,4,,1,74,,6068,58,4,,1,38,,6069,58,4,,1,74,,6070,58,4,,1,74,,6071,58,4,,1,29,,6072,58,4,,1,29,,6073,58,4,,1,73,,6074,58,4,,1,69,,6075,58,4,,1,29,,6076,58,4,,1,29,,6077,58,4,,1,69,,6078,58,4,,1,29,,6079,58,4,,1,69,,6080,58,4,,1,29,,6081,58,4,,1,69,,6082,58,4,,1,29,,6083,58,4,,1,69,,6084,58,4,,1,29,,6085,58,4,,1,69,,6086,58,4,,1,23,,6087,58,4,,1,69,,6088,58,4,,1,29,,6089,58,4,,1,62,,6090,58,4,,1,29,,6091,58,4,,1,23,,6092,58,4,,1,66,,6093,58,4,,1,22,,6094,58,4,,1,66,,6095,58,4,,1,26,,6096,58,4,,1,66,,6097,58,4,,1,26,,6098,58,4,,1,26,,6099,58,4,,1
8801,'3',830,,6100,58,4,,1,71,,6101,58,4,,1,34,,6102,58,4,,1,71,,6103,58,4,,1,35,,6104,58,4,,1,75,,6105,58,4,,1,40,,6106,58,4,,1,79,,6107,58,4,,1,69,,6108,58,4,,1,29,,6109,58,4,,1,69,,6110,58,4,,1,29,,6111,58,4,,1,69,,6112,58,4,,1,29,,6113,58,4,,1,29,,6114,58,4,,1,69,,6115,58,4,,1,29,,6116,58,4,,1,69,,6117,58,4,,1,26,,6118,58,4,,1,69,,6119,58,4,,1,21,,6120,58,4,,1,65,,6121,58,4,,1,25,,6122,58,4,,1,25,,6123,58,4,,1,65,,6124,58,4,,1,25,,6125,58,4,,1,59,,6126,58,4,,1,25,,6127,58,4,,1
8801,'80',830,,6128,58,4,,1,71,,6129,58,4,,1,34,,6130,58,4,,1,71,,6131,58,4,,1,35,,6132,58,4,,1,75,,6133,58,4,,1,40,,6134,58,4,,1,79,,6135,58,4,,1,69,,6136,58,4,,1,29,,6137,58,4,,1,69,,6138,58,4,,1,29,,6139,58,4,,1,69,,6140,58,4,,1,29,,6141,58,4,,1,29,,6142,58,4,,1,69,,6143,58,4,,1,29,,6144,58,4,,1,69,,6145,58,4,,1,26,,6146,58,4,,1,69,,6147,58,4,,1,21,,6148,58,4,,1,65,,6149,58,4,,1,25,,6150,58,4,,1,25,,6151,58,4,,1,65,,6152,58,4,,1,25,,6153,58,4,,1,59,,6154,58,4,,1,25,,6155,58,4,,1
8801,'81',830,,6156,58,4,,1,71,,6157,58,4,,1,34,,6158,58,4,,1,71,,6159,58,4,,1,35,,6160,58,4,,1,75,,6161,58,4,,1,40,,6162,58,4,,1,79,,6163,58,4,,1,69,,6164,58,4,,1,29,,6165,58,4,,1,69,,6166,58,4,,1,29,,6167,58,4,,1,69,,6168,58,4,,1,29,,6169,58,4,,1,29,,6170,58,4,,1,69,,6171,58,4,,1,29,,6172,58,4,,1,69,,6173,58,4,,1,26,,6174,58,4,,1,69,,6175,58,4,,1,21,,6176,58,4,,1,65,,6177,58,4,,1,25,,6178,58,4,,1,25,,6179,58,4,,1,65,,6180,58,4,,1,25,,6181,58,4,,1,59,,6182,58,4,,1,25,,6183,58,4,,1
9101,'1',552,,6774,48,4,,1,51,,6773,48,4,,1,11,,6772,48,4,,1,11,,6771,48,4,,1,13,,6770,48,4,,1,11,,6769,48,4,,1,51,,6768,48,4,,1,13,,6704,48,4,,1,11,,6705,48,4,,1,12,,6706,48,4,,1,16,,6721,48,4,,1,52,,6720,48,4,,1,22,,6719,48,4,,1,12,,6718,48,4,,1,12,,6707,48,4,,1,52,,6708,48,4,,1,12,,6709,48,4,,1,9,,6710,48,4,,1,12,,6711,48,4,,1,5,,6712,48,4,,1,12,,6713,48,4,,1,52,,6714,48,4,,1,12,,6715,48,4,,1,12,,6716,48,4,,1,12,,6717,48,4,,1,13,,6729,48,4,,1,65,,6728,48,4,,1,28,,6722,48,4,,1,65,,6723,48,4,,1,25,,6724,48,4,,1,65,,6725,48,4,,1,25,,6726,48,4,,1,24,,6727,48,4,,1,62,,6741,48,4,,1,13,,6740,48,4,,1,19,,6739,48,4,,1,13,,6738,48,4,,1,53,,6730,48,4,,1,13,,6731,48,4,,1,11,,6732,48,4,,1,13,,6733,48,4,,1,53,,6734,48,4,,1,13,,6735,48,4,,1,13,,6736,48,4,,1,13,,6737,48,4,,1,20,,6754,48,4,,1,54,,6753,48,4,,1,14,,6752,48,4,,1,14,,6751,48,4,,1,14,,6750,48,4,,1,54,,6742,48,4,,1,14,,6743,48,4,,1,7,,6744,48,4,,1,14,,6745,48,4,,1,14,,6746,48,4,,1,52,,6747,48,4,,1,14,,6748,48,4,,1,11,,6749,48,4,,1,67,,6767,48,4,,1,22,,6766,48,4,,1,23,,6755,48,4,,1,63,,6756,48,4,,1,23,,6757,48,4,,1,23,,6758,48,4,,1,62,,6759,48,4,,1,23,,6760,48,4,,1,59,,6761,48,4,,1,23,,6762,48,4,,1,23,,6763,48,4,,1,63,,6764,48,4,,1,23,,6765,48,4,,1
9101,'2',800,,6775,48,4,,1,22,,6776,48,4,,1,26,,6777,48,4,,1,62,,6778,48,4,,1,22,,6779,48,4,,1,22,,6780,48,4,,1,62,,6781,48,4,,1,25,,6782,48,4,,1,67,,6802,48,4,,1,25,,6783,48,4,,1,24,,6784,48,4,,1,65,,6785,48,4,,1,25,,6786,48,4,,1,65,,6787,48,4,,1,28,,6788,48,4,,1,65,,6789,48,4,,1,25,,6790,48,4,,1,25,,6791,48,4,,1,65,,6792,48,4,,1,20,,6793,48,4,,1,65,,6794,48,4,,1,25,,6795,48,4,,1,25,,6796,48,4,,1,65,,6797,48,4,,1,25,,6798,48,4,,1,65,,6799,48,4,,1,25,,6800,48,4,,1,65,,6801,48,4,,1,25,,6803,48,4,,1,24,,6804,48,4,,1,65,,6805,48,4,,1,25,,6806,48,4,,1,88,,6807,48,4,,1,29,,6808,48,4,,1,69,,6809,48,4,,1,22,,6810,48,4,,1,69,,6811,48,4,,1,29,,6812,48,4,,1,63,,6813,48,4,,1
9101,'3',756,,6814,48,4,,1,162,,6815,48,4,,1,91,,6816,48,4,,1,37,,6817,48,4,,1,75,,6818,48,4,,1,32,,6819,48,4,,1,72,,6820,48,4,,1,31,,6821,48,4,,1,72,,6822,48,4,,1,72,,6823,48,4,,1,32,,6824,48,4,,1,72,,6825,48,4,,1,31,,6826,48,4,,1,70,,6827,48,4,,1,32,,6828,48,4,,1,72,,6829,48,4,,1,32,,6830,48,4,,1,72,,6831,48,4,,1,32,,6832,48,4,,1,69,,6833,48,4,,1,97,,6838,48,4,,1,42,,6834,48,4,,1,82,,6835,48,4,,1,81,,6836,48,4,,1,42,,6837,48,4,,1,75,,6842,48,4,,1,76,,6839,48,4,,1,36,,6840,48,4,,1,68,,6841,48,4,,1
9101,'80',756,,6843,48,4,,1,162,,6844,48,4,,1,91,,6845,48,4,,1,37,,6846,48,4,,1,75,,6847,48,4,,1,32,,6848,48,4,,1,72,,6849,48,4,,1,31,,6850,48,4,,1,72,,6851,48,4,,1,72,,6852,48,4,,1,32,,6853,48,4,,1,72,,6854,48,4,,1,31,,6855,48,4,,1,70,,6856,48,4,,1,32,,6857,48,4,,1,72,,6858,48,4,,1,32,,6859,48,4,,1,72,,6860,48,4,,1,32,,6861,48,4,,1,69,,6862,48,4,,1,97,,6867,48,4,,1,42,,6863,48,4,,1,82,,6864,48,4,,1,81,,6865,48,4,,1,42,,6866,48,4,,1,75,,6871,48,4,,1,76,,6868,48,4,,1,36,,6869,48,4,,1,68,,6870,48,4,,1
9101,'81',756,,6872,48,4,,1,162,,6873,48,4,,1,91,,6874,48,4,,1,37,,6875,48,4,,1,75,,6876,48,4,,1,32,,6877,48,4,,1,72,,6878,48,4,,1,31,,6879,48,4,,1,72,,6880,48,4,,1,72,,6881,48,4,,1,32,,6882,48,4,,1,72,,6883,48,4,,1,31,,6884,48,4,,1,70,,6885,48,4,,1,32,,6886,48,4,,1,72,,6887,48,4,,1,32,,6888,48,4,,1,72,,6889,48,4,,1,32,,6890,48,4,,1,69,,6891,48,4,,1,97,,6896,48,4,,1,42,,6892,48,4,,1,82,,6893,48,4,,1,81,,6894,48,4,,1,42,,6895,48,4,,1,75,,6900,48,4,,1,76,,6897,48,4,,1,36,,6898,48,4,,1,68,,6899,48,4,,1
9901,'1',425,,7366,43,4,,1,81,,7367,43,4,,1,40,,7368,43,4,,1,84,,7369,43,4,,1,82,,7370,43,4,,1,35,,7371,43,4,,1,73,,7372,43,4,,1,83,,7373,43,4,,1,31,,7374,43,4,,1,75,,7375,43,4,,1,94,,7376,43,4,,1,99,,7377,43,4,,1,54,,7378,43,4,,1,94,,7379,43,4,,1,100,,7380,43,4,,1,68,,7381,43,4,,1,30,,7382,43,4,,1,70,,7383,43,4,,1,30,,7384,43,4,,1,70,,7385,43,4,,1,30,,7386,43,4,,1,70,,7387,43,4,,1,25,,7388,43,4,,1,70,,7389,43,4,,1,25,,7390,43,4,,1,70,,7391,43,4,,1,30,,7392,43,4,,1,65,,7393,43,4,,1,30,,7394,43,4,,1,85,,7395,43,4,,1
9901,'2',548,,7396,43,4,,1,77,,7397,43,4,,1,77,,7398,43,4,,1,37,,7399,43,4,,1,87,,7400,43,4,,1,93,,7401,43,4,,1,89,,7402,43,4,,1,47,,7403,43,4,,1,104,,7404,43,4,,1,97,,7405,43,4,,1,95,,7406,43,4,,1,95,,7407,43,4,,1,95,,7408,43,4,,1,95,,7409,43,4,,1,92,,7410,43,4,,1,93,,7411,43,4,,1,95,,7412,43,4,,1,90,,7413,43,4,,1,45,,7414,43,4,,1,85,,7415,43,4,,1
9901,'3',552,,7416,43,4,,1,81,,7417,43,4,,1,78,,7418,43,4,,1,38,,7419,43,4,,1,78,,7420,43,4,,1,94,,7421,43,4,,1,89,,7422,43,4,,1,49,,7423,43,4,,1,89,,7424,43,4,,1,94,,7425,43,4,,1,89,,7426,43,4,,1,89,,7427,43,4,,1,89,,7428,43,4,,1,49,,7429,43,4,,1,89,,7430,43,4,,1,89,,7431,43,4,,1,84,,7432,43,4,,1,89,,7433,43,4,,1,49,,7434,43,4,,1,84,,7435,43,4,,1,89,,7436,43,4,,1,79,,7437,43,4,,1
9901,'80',552,,7438,43,4,,1,81,,7439,43,4,,1,78,,7440,43,4,,1,38,,7441,43,4,,1,78,,7442,43,4,,1,94,,7443,43,4,,1,89,,7444,43,4,,1,49,,7445,43,4,,1,89,,7446,43,4,,1,94,,7447,43,4,,1,89,,7448,43,4,,1,89,,7449,43,4,,1,89,,7450,43,4,,1,49,,7451,43,4,,1,89,,7452,43,4,,1,89,,7453,43,4,,1,84,,7454,43,4,,1,89,,7455,43,4,,1,49,,7456,43,4,,1,84,,7457,43,4,,1,89,,7458,43,4,,1,79,,7459,43,4,,1
9901,'81',552,,7460,43,4,,1,81,,7461,43,4,,1,78,,7462,43,4,,1,38,,7463,43,4,,1,78,,7464,43,4,,1,94,,7465,43,4,,1,89,,7466,43,4,,1,49,,7467,43,4,,1,89,,7468,43,4,,1,94,,7469,43,4,,1,89,,7470,43,4,,1,89,,7471,43,4,,1,89,,7472,43,4,,1,49,,7473,43,4,,1,89,,7474,43,4,,1,89,,7475,43,4,,1,84,,7476,43,4,,1,89,,7477,43,4,,1,49,,7478,43,4,,1,84,,7479,43,4,,1,89,,7480,43,4,,1,79,,7481,43,4,,1
36001,'2',1007,,9097,24,4,,1,36,,9098,24,4,,1,76,,9099,24,4,,1,31,,9100,24,4,,1,78,,9113,24,4,,1,73,,9101,24,4,,1,28,,9102,24,4,,1,28,,9103,24,4,,1,67,,9104,24,4,,1,28,,9105,24,4,,1,69,,9106,24,4,,1,28,,9107,24,4,,1,68,,9108,24,4,,1,30,,9109,24,4,,1,68,,9110,24,4,,1,28,,9111,24,4,,1,65,,9112,24,4,,1,29,,9117,24,4,,1,87,,9114,24,4,,1,34,,9115,24,4,,1,79,,9116,24,4,,1,79,,9121,24,4,,1,29,,9118,24,4,,1,67,,9119,24,4,,1,29,,9120,24,4,,1
36001,'80',1103,,9122,24,4,,1,31,,9123,24,4,,1,74,,9124,24,4,,1,31,,9125,24,4,,1,68,,9126,24,4,,1,28,,9127,24,4,,1,69,,9128,24,4,,1,28,,9129,24,4,,1,26,,9130,24,4,,1,71,,9131,24,4,,1,28,,9132,24,4,,1,68,,9133,24,4,,1,29,,9134,24,4,,1,68,,9135,24,4,,1,28,,9136,24,4,,1,68,,9137,24,4,,1,28,,9138,24,4,,1,73,,9139,24,4,,1,28,,9140,24,4,,1,62,,9141,24,4,,1,28,,9142,24,4,,1
36001,'32681.3',1103,,9143,24,4,,1,31,,9144,24,4,,1,74,,9145,24,4,,1,31,,9146,24,4,,1,68,,9147,24,4,,1,28,,9148,24,4,,1,69,,9149,24,4,,1,28,,9150,24,4,,1,26,,9151,24,4,,1,71,,9152,24,4,,1,28,,9153,24,4,,1,68,,9154,24,4,,1,29,,9155,24,4,,1,68,,9156,24,4,,1,28,,9157,24,4,,1,68,,9158,24,4,,1,28,,9159,24,4,,1,73,,9160,24,4,,1,28,,9161,24,4,,1,62,,9162,24,4,,1,28,,9163,24,4,,1
989901,'1',2252,,11627,98,4,,1,68,,11628,98,4,,1,38,,11629,98,4,,1,74,,11630,98,4,,1,75,,11631,98,4,,1,29,,11632,98,4,,1,75,,11633,98,4,,1,35,,11634,98,4,,1
989901,'2',2301,,11635,98,4,,1,46,,11636,98,4,,1,81,,11637,98,4,,1,91,,11640,98,4,,1,84,,11638,98,4,,1,46,,11639,98,4,,1
989901,'3',2308,,11641,98,4,,1,47,,11642,98,4,,1,83,,11643,98,4,,1,84,,11644,98,4,,1,79,,11645,98,4,,1,43,,11646,98,4,,1
989901,'80',2308,,11647,98,4,,1,47,,11648,98,4,,1,83,,11649,98,4,,1,84,,11650,98,4,,1,79,,11651,98,4,,1,43,,11652,98,4,,1
989901,'81',2308,,11653,98,4,,1,47,,11654,98,4,,1,83,,11655,98,4,,1,84,,11656,98,4,,1,79,,11657,98,4,,1,43,,11658,98,4,,1
