201,'1',528,,339,31,4,,1,21,,340,31,4,,1,61,,341,31,4,,1,21,,342,31,4,,1,3,,309,82,4,,1,21,,310,82,4,,1,65,,311,82,4,,1,24,,312,82,4,,1,61,,313,82,4,,1,29,,314,90,4,,1,22,,315,82,4,,1,61,,316,82,4,,1,21,,317,82,4,,1,12,,318,82,4,,1,71,,319,82,4,,1,35,,320,82,4,,1,75,,321,82,4,,1,75,,322,82,4,,1,35,,323,82,4,,1,75,,324,82,4,,1,35,,325,82,4,,1,75,,326,82,4,,1,83,,327,82,4,,1,23,,328,82,4,,1,23,,329,82,4,,1,64,,330,82,4,,1,21,,331,82,4,,1,67,,332,82,4,,1,25,,333,82,4,,1,23,,334,82,4,,1,63,,335,82,4,,1,17,,336,82,4,,1,23,,337,82,4,,1,59,,338,82,4,,1,23,,343,82,4,,1,17,,344,82,4,,1,80,,345,82,4,,1,80,,346,82,4,,1,36,,347,82,4,,1,80,,348,82,4,,1,80,,349,82,4,,1,35,,350,82,4,,1
201,'2',859,,353,98,4,,1,80,,354,98,4,,1,85,,355,98,4,,1,80,,356,98,4,,1,40,,357,98,4,,1,81,,358,98,4,,1,80,,359,98,4,,1,40,,360,98,4,,1,80,,361,98,4,,1,80,,362,98,4,,1,37,,363,98,4,,1,80,,364,98,4,,1,80,,365,98,4,,1,40,,366,98,4,,1,80,,367,98,4,,1,80,,368,98,4,,1,36,,369,98,4,,1,80,,370,98,4,,1,40,,371,98,4,,1,80,,372,98,4,,1,74,,373,98,4,,1,33,,374,98,4,,1,73,,375,98,4,,1,33,,376,98,4,,1,69,,377,98,4,,1,33,,378,98,4,,1
201,'3',951,,389,98,4,,1,152,,379,98,4,,1,117,,380,98,4,,1,120,,381,98,4,,1,117,,382,98,4,,1,155,,383,98,4,,1,117,,384,98,4,,1,117,,385,98,4,,1,157,,386,98,4,,1,113,,387,98,4,,1,110,,388,98,4,,1,105,,390,98,4,,1,108,,391,98,4,,1
201,'80',951,,402,98,4,,1,152,,392,98,4,,1,117,,393,98,4,,1,120,,394,98,4,,1,117,,395,98,4,,1,155,,396,98,4,,1,117,,397,98,4,,1,117,,398,98,4,,1,157,,399,98,4,,1,113,,400,98,4,,1,110,,401,98,4,,1,105,,403,98,4,,1,108,,404,98,4,,1
201,'81',951,,415,98,4,,1,152,,405,98,4,,1,117,,406,98,4,,1,120,,407,98,4,,1,117,,408,98,4,,1,155,,409,98,4,,1,117,,410,98,4,,1,117,,411,98,4,,1,157,,412,98,4,,1,113,,413,98,4,,1,110,,414,98,4,,1,105,,416,98,4,,1,108,,417,98,4,,1
500,'1',531,,1067,35,4,,1,22,,1083,35,4,,1,62,,1082,35,4,,1,22,,1081,35,4,,1,22,,1080,35,4,,1,65,,1079,35,4,,1,22,,1078,35,4,,1,66,,1077,35,4,,1,20,,1076,35,4,,1,22,,1075,35,4,,1,62,,1074,35,4,,1,22,,1072,35,4,,1,72,,1071,22,4,,1,32,,1073,22,4,,1,72,,1070,22,4,,1,32,,1069,22,4,,1,72,,1068,22,4,,1,32,,1066,22,4,,1,72,,1047,22,4,,1,32,,1065,22,4,,1,72,,1064,22,4,,1,32,,1063,22,4,,1,65,,1062,22,4,,1,23,,1061,22,4,,1,61,,1060,22,4,,1,23,,1059,22,4,,1,23,,1058,22,4,,1,62,,1057,22,4,,1,23,,1056,22,4,,1,63,,1055,22,4,,1,23,,1054,22,4,,1,21,,1053,22,4,,1,63,,1052,22,4,,1,23,,1051,22,4,,1,28,,1049,22,4,,1,68,,1048,22,4,,1,28,,1050,22,4,,1,68,,1046,22,4,,1,26,,1045,22,4,,1,68,,1044,22,4,,1,23,,1043,22,4,,1
500,'2',706,,1099,22,4,,1,28,,1101,22,4,,1,68,,1102,22,4,,1,28,,1103,22,4,,1,28,,1104,22,4,,1,68,,1105,22,4,,1,28,,1106,22,4,,1,68,,1107,22,4,,1,28,,1108,22,4,,1,68,,1109,22,4,,1,30,,1110,22,4,,1,68,,1111,22,4,,1,28,,1112,22,4,,1,68,,1084,22,4,,1,30,,1085,22,4,,1,70,,1086,22,4,,1,29,,1087,22,4,,1,69,,1088,22,4,,1,29,,1089,22,4,,1,69,,1090,22,4,,1,29,,1091,22,4,,1,69,,1092,22,4,,1,29,,1093,22,4,,1,67,,1094,22,4,,1,26,,1095,22,4,,1,26,,1096,22,4,,1,67,,1097,22,4,,1,24,,1098,22,4,,1,65,,1100,22,4,,1
2301,'1',604,,3514,52,4,,1,106,,3513,52,4,,1,113,,3512,52,4,,1,106,,3511,52,4,,1,618,,3510,52,4,,1,76,,3509,52,4,,1,90,,3508,52,4,,1,90,,3507,52,4,,1,47,,3506,52,4,,1,85,,3505,52,4,,1
7700,'1',422,,4773,34,4,,1,15,,4774,34,4,,1,15,,4775,34,4,,1,55,,4776,34,4,,1,15,,4777,34,4,,1,9,,4731,47,4,,1,17,,4730,47,4,,1,53,,4729,47,4,,1,21,,4728,47,4,,1,15,,4726,47,4,,1,21,,4727,47,4,,1,53,,4746,47,4,,1,16,,4745,47,4,,1,16,,4744,47,4,,1,67,,4743,47,4,,1,16,,4742,47,4,,1,16,,4741,47,4,,1,16,,4732,47,4,,1,53,,4733,47,4,,1,16,,4734,47,4,,1,16,,4735,47,4,,1,16,,4736,47,4,,1,53,,4737,47,4,,1,12,,4738,47,4,,1,16,,4739,47,4,,1,71,,4740,47,4,,1,34,,4754,47,4,,1,70,,4753,47,4,,1,30,,4752,47,4,,1,70,,4747,47,4,,1,33,,4748,47,4,,1,61,,4778,34,4,,1,9,,4749,47,4,,1,29,,4779,34,4,,1,1,,4750,47,4,,1,76,,4751,47,4,,1,20,,4780,34,4,,1,3,,4772,47,4,,1,59,,4771,47,4,,1,26,,4770,47,4,,1,24,,4769,47,4,,1,59,,4768,47,4,,1,19,,4755,47,4,,1,19,,4756,47,4,,1,59,,4757,47,4,,1,13,,4758,47,4,,1,13,,4759,47,4,,1,19,,4760,47,4,,1,50,,4761,47,4,,1,19,,4762,47,4,,1,15,,4763,47,4,,1,13,,4764,47,4,,1,59,,4765,47,4,,1,19,,4766,47,4,,1,19,,4767,47,4,,1,69,,4783,47,4,,1,27,,4782,47,4,,1,67,,4781,47,4,,1,39,,4792,47,4,,1,73,,4791,47,4,,1,27,,4790,47,4,,1,73,,4784,47,4,,1,33,,4785,47,4,,1,73,,4786,47,4,,1,73,,4787,47,4,,1,33,,4788,47,4,,1,73,,4789,47,4,,1
7700,'2',502,,4793,34,4,,1,30,,4794,47,4,,1,75,,4795,47,4,,1,35,,4796,47,4,,1,76,,4797,47,4,,1,35,,4798,47,4,,1,75,,4799,47,4,,1,77,,4800,47,4,,1,35,,4801,47,4,,1,75,,4802,47,4,,1,90,,4803,47,4,,1,41,,4804,47,4,,1,81,,4805,47,4,,1,88,,4806,47,4,,1,41,,4807,47,4,,1,81,,4808,47,4,,1,76,,4809,47,4,,1,33,,4810,47,4,,1,73,,4811,47,4,,1,30,,4812,47,4,,1,73,,4813,47,4,,1,33,,4814,47,4,,1,70,,4815,47,4,,1,33,,4816,47,4,,1,70,,4817,47,4,,1,29,,4818,47,4,,1,70,,4819,47,4,,1,30,,4820,47,4,,1,63,,4821,47,4,,1,30,,4822,47,4,,1,74,,4823,47,4,,1,30,,4824,47,4,,1,70,,4826,47,4,,1,24,,4827,47,4,,1,70,,4828,47,4,,1,23,,4825,47,4,,1,70,,4829,47,4,,1,33,,4830,47,4,,1,73,,4831,47,4,,1,33,,4832,47,4,,1,73,,4833,47,4,,1
7700,'3',848,,4834,48,4,,1,92,,4835,48,4,,1,91,,4836,48,4,,1,97,,4837,48,4,,1,97,,4838,48,4,,1,89,,4839,48,4,,1,92,,4840,48,4,,1,95,,4841,48,4,,1,52,,4842,48,4,,1,89,,4843,48,4,,1,92,,4844,48,4,,1,97,,4845,48,4,,1,88,,4846,48,4,,1,90,,4847,48,4,,1,91,,4848,48,4,,1,44,,4849,48,4,,1,87,,4850,48,4,,1,88,,4851,48,4,,1,86,,4852,48,4,,1,47,,4853,48,4,,1,80,,4854,48,4,,1,80,,4855,48,4,,1,36,,4856,48,4,,1,80,,4857,48,4,,1
7700,'80',848,,4858,48,4,,1,92,,4859,48,4,,1,91,,4860,48,4,,1,97,,4861,48,4,,1,97,,4862,48,4,,1,89,,4863,48,4,,1,92,,4864,48,4,,1,95,,4865,48,4,,1,52,,4866,48,4,,1,89,,4867,48,4,,1,92,,4868,48,4,,1,97,,4869,48,4,,1,88,,4870,48,4,,1,90,,4871,48,4,,1,91,,4872,48,4,,1,44,,4873,48,4,,1,87,,4874,48,4,,1,88,,4875,48,4,,1,86,,4876,48,4,,1,47,,4877,48,4,,1,80,,4878,48,4,,1,80,,4879,48,4,,1,36,,4880,48,4,,1,80,,4881,48,4,,1
7700,'81',848,,4882,48,4,,1,92,,4883,48,4,,1,91,,4884,48,4,,1,97,,4885,48,4,,1,97,,4886,48,4,,1,89,,4887,48,4,,1,92,,4888,48,4,,1,95,,4889,48,4,,1,52,,4890,48,4,,1,89,,4891,48,4,,1,92,,4892,48,4,,1,97,,4893,48,4,,1,88,,4894,48,4,,1,90,,4895,48,4,,1,91,,4896,48,4,,1,44,,4897,48,4,,1,87,,4898,48,4,,1,88,,4899,48,4,,1,86,,4900,48,4,,1,47,,4901,48,4,,1,80,,4902,48,4,,1,80,,4903,48,4,,1,36,,4904,48,4,,1,80,,4905,48,4,,1
8801,'1',532,,6042,17,4,,1,69,,6043,40,4,,1,28,,6044,59,4,,1,27,,6010,59,4,,1,55,,6009,59,4,,1,22,,6008,59,4,,1,15,,6005,59,4,,1,58,,6006,59,4,,1,22,,6007,59,4,,1,14,,6024,59,4,,1,64,,6023,59,4,,1,9,,6022,59,4,,1,14,,6011,59,4,,1,14,,6012,59,4,,1,10,,6013,59,4,,1,54,,6014,59,4,,1,10,,6015,59,4,,1,14,,6016,59,4,,1,14,,6017,59,4,,1,14,,6018,59,4,,1,54,,6019,59,4,,1,20,,6020,59,4,,1,14,,6021,59,4,,1,62,,6029,59,4,,1,37,,6028,59,4,,1,77,,6025,59,4,,1,77,,6026,59,4,,1,44,,6027,59,4,,1,63,,6041,59,4,,1,10,,6040,59,4,,1,20,,6039,59,4,,1,18,,6038,59,4,,1,52,,6037,59,4,,1,15,,6030,59,4,,1,15,,6031,59,4,,1,13,,6032,59,4,,1,55,,6033,59,4,,1,15,,6034,59,4,,1,15,,6035,59,4,,1,15,,6036,59,4,,1,55,,6045,59,4,,1,10,,6046,59,4,,1,15,,6047,59,4,,1,15,,6048,59,4,,1,55,,6049,59,4,,1,8,,6050,59,4,,1,19,,6057,59,4,,1,14,,6056,59,4,,1,14,,6055,59,4,,1,54,,6054,59,4,,1,14,,6051,59,4,,1,14,,6052,59,4,,1,11,,6053,59,4,,1,60,,6062,59,4,,1,41,,6061,59,4,,1,75,,6058,59,4,,1,81,,6059,59,4,,1,38,,6060,59,4,,1
8801,'2',635,,6063,59,4,,1,69,,6064,59,4,,1,29,,6065,59,4,,1,69,,6066,59,4,,1,40,,6067,59,4,,1,74,,6068,59,4,,1,38,,6069,59,4,,1,74,,6070,59,4,,1,74,,6071,59,4,,1,29,,6072,59,4,,1,69,,6073,59,4,,1,32,,6074,59,4,,1,69,,6075,59,4,,1,29,,6076,59,4,,1,29,,6077,59,4,,1,69,,6078,59,4,,1,29,,6079,59,4,,1,69,,6080,59,4,,1,29,,6081,59,4,,1,69,,6082,59,4,,1,29,,6083,59,4,,1,69,,6084,59,4,,1,29,,6085,59,4,,1,69,,6086,59,4,,1,24,,6087,59,4,,1,69,,6088,59,4,,1,29,,6089,59,4,,1,62,,6090,59,4,,1,29,,6091,59,4,,1,23,,6092,59,4,,1,66,,6093,59,4,,1,22,,6094,59,4,,1,66,,6095,59,4,,1,26,,6096,59,4,,1,66,,6097,59,4,,1,26,,6098,59,4,,1,26,,6099,59,4,,1
8801,'3',831,,6100,59,4,,1,71,,6101,59,4,,1,34,,6102,59,4,,1,71,,6103,59,4,,1,35,,6104,59,4,,1,75,,6105,59,4,,1,40,,6106,59,4,,1,78,,6107,59,4,,1,69,,6108,59,4,,1,29,,6109,59,4,,1,69,,6110,59,4,,1,29,,6111,59,4,,1,69,,6112,59,4,,1,29,,6113,59,4,,1,29,,6114,59,4,,1,69,,6115,59,4,,1,29,,6116,59,4,,1,69,,6117,59,4,,1,26,,6118,59,4,,1,69,,6119,59,4,,1,22,,6120,59,4,,1,65,,6121,59,4,,1,25,,6122,59,4,,1,25,,6123,59,4,,1,65,,6124,59,4,,1,25,,6125,59,4,,1,59,,6126,59,4,,1,25,,6127,59,4,,1
8801,'80',831,,6128,59,4,,1,71,,6129,59,4,,1,34,,6130,59,4,,1,71,,6131,59,4,,1,35,,6132,59,4,,1,75,,6133,59,4,,1,40,,6134,59,4,,1,78,,6135,59,4,,1,69,,6136,59,4,,1,29,,6137,59,4,,1,69,,6138,59,4,,1,29,,6139,59,4,,1,69,,6140,59,4,,1,29,,6141,59,4,,1,29,,6142,59,4,,1,69,,6143,59,4,,1,29,,6144,59,4,,1,69,,6145,59,4,,1,26,,6146,59,4,,1,69,,6147,59,4,,1,22,,6148,59,4,,1,65,,6149,59,4,,1,25,,6150,59,4,,1,25,,6151,59,4,,1,65,,6152,59,4,,1,25,,6153,59,4,,1,59,,6154,59,4,,1,25,,6155,59,4,,1
8801,'81',831,,6156,59,4,,1,71,,6157,59,4,,1,34,,6158,59,4,,1,71,,6159,59,4,,1,35,,6160,59,4,,1,75,,6161,59,4,,1,40,,6162,59,4,,1,78,,6163,59,4,,1,69,,6164,59,4,,1,29,,6165,59,4,,1,69,,6166,59,4,,1,29,,6167,59,4,,1,69,,6168,59,4,,1,29,,6169,59,4,,1,29,,6170,59,4,,1,69,,6171,59,4,,1,29,,6172,59,4,,1,69,,6173,59,4,,1,26,,6174,59,4,,1,69,,6175,59,4,,1,22,,6176,59,4,,1,65,,6177,59,4,,1,25,,6178,59,4,,1,25,,6179,59,4,,1,65,,6180,59,4,,1,25,,6181,59,4,,1,59,,6182,59,4,,1,25,,6183,59,4,,1
9101,'1',552,,6774,49,4,,1,51,,6773,49,4,,1,11,,6772,49,4,,1,11,,6771,49,4,,1,13,,6770,49,4,,1,11,,6769,49,4,,1,51,,6768,49,4,,1,13,,6704,49,4,,1,11,,6705,49,4,,1,13,,6706,49,4,,1,16,,6721,49,4,,1,52,,6720,49,4,,1,22,,6719,49,4,,1,12,,6718,49,4,,1,12,,6707,49,4,,1,52,,6708,49,4,,1,12,,6709,49,4,,1,9,,6710,49,4,,1,12,,6711,49,4,,1,5,,6712,49,4,,1,12,,6713,49,4,,1,52,,6714,49,4,,1,12,,6715,49,4,,1,12,,6716,49,4,,1,12,,6717,49,4,,1,13,,6729,49,4,,1,65,,6728,49,4,,1,28,,6722,49,4,,1,65,,6723,49,4,,1,25,,6724,49,4,,1,65,,6725,49,4,,1,25,,6726,49,4,,1,24,,6727,49,4,,1,62,,6741,49,4,,1,13,,6740,49,4,,1,19,,6739,49,4,,1,13,,6738,49,4,,1,53,,6730,49,4,,1,13,,6731,49,4,,1,11,,6732,49,4,,1,13,,6733,49,4,,1,53,,6734,49,4,,1,13,,6735,49,4,,1,13,,6736,49,4,,1,13,,6737,49,4,,1,60,,6754,49,4,,1,14,,6753,49,4,,1,14,,6752,49,4,,1,14,,6751,49,4,,1,14,,6750,49,4,,1,54,,6742,49,4,,1,14,,6743,49,4,,1,7,,6744,49,4,,1,14,,6745,49,4,,1,14,,6746,49,4,,1,52,,6747,49,4,,1,14,,6748,49,4,,1,11,,6749,49,4,,1,67,,6767,49,4,,1,22,,6766,49,4,,1,23,,6755,49,4,,1,63,,6756,49,4,,1,23,,6757,49,4,,1,23,,6758,49,4,,1,61,,6759,49,4,,1,23,,6760,49,4,,1,59,,6761,49,4,,1,23,,6762,49,4,,1,23,,6763,49,4,,1,63,,6764,49,4,,1,23,,6765,49,4,,1
9101,'2',800,,6775,49,4,,1,22,,6776,49,4,,1,26,,6777,49,4,,1,62,,6778,49,4,,1,22,,6779,49,4,,1,22,,6780,49,4,,1,62,,6781,49,4,,1,26,,6782,49,4,,1,67,,6802,49,4,,1,25,,6783,49,4,,1,24,,6784,49,4,,1,65,,6785,49,4,,1,25,,6786,49,4,,1,65,,6787,49,4,,1,28,,6788,49,4,,1,65,,6789,49,4,,1,25,,6790,49,4,,1,25,,6791,49,4,,1,65,,6792,49,4,,1,20,,6793,49,4,,1,65,,6794,49,4,,1,25,,6795,49,4,,1,25,,6796,49,4,,1,65,,6797,49,4,,1,25,,6798,49,4,,1,65,,6799,49,4,,1,25,,6800,49,4,,1,65,,6801,49,4,,1,25,,6803,49,4,,1,24,,6804,49,4,,1,65,,6805,49,4,,1,25,,6806,49,4,,1,88,,6807,49,4,,1,29,,6808,49,4,,1,69,,6809,49,4,,1,21,,6810,49,4,,1,69,,6811,49,4,,1,29,,6812,49,4,,1,63,,6813,49,4,,1
9101,'3',756,,6814,49,4,,1,163,,6815,49,4,,1,91,,6816,49,4,,1,37,,6817,49,4,,1,75,,6818,49,4,,1,32,,6819,49,4,,1,72,,6820,49,4,,1,31,,6821,49,4,,1,72,,6822,49,4,,1,72,,6823,49,4,,1,32,,6824,49,4,,1,72,,6825,49,4,,1,31,,6826,49,4,,1,70,,6827,49,4,,1,32,,6828,49,4,,1,72,,6829,49,4,,1,32,,6830,49,4,,1,72,,6831,49,4,,1,32,,6832,49,4,,1,69,,6833,49,4,,1,96,,6838,49,4,,1,42,,6834,49,4,,1,82,,6835,49,4,,1,81,,6836,49,4,,1,42,,6837,49,4,,1,75,,6842,49,4,,1,76,,6839,49,4,,1,36,,6840,49,4,,1,68,,6841,49,4,,1
9101,'80',756,,6843,49,4,,1,163,,6844,49,4,,1,91,,6845,49,4,,1,37,,6846,49,4,,1,75,,6847,49,4,,1,32,,6848,49,4,,1,72,,6849,49,4,,1,31,,6850,49,4,,1,72,,6851,49,4,,1,72,,6852,49,4,,1,32,,6853,49,4,,1,72,,6854,49,4,,1,31,,6855,49,4,,1,70,,6856,49,4,,1,32,,6857,49,4,,1,72,,6858,49,4,,1,32,,6859,49,4,,1,72,,6860,49,4,,1,32,,6861,49,4,,1,69,,6862,49,4,,1,96,,6867,49,4,,1,42,,6863,49,4,,1,82,,6864,49,4,,1,81,,6865,49,4,,1,42,,6866,49,4,,1,75,,6871,49,4,,1,76,,6868,49,4,,1,36,,6869,49,4,,1,68,,6870,49,4,,1
9101,'81',756,,6872,49,4,,1,163,,6873,49,4,,1,91,,6874,49,4,,1,37,,6875,49,4,,1,75,,6876,49,4,,1,32,,6877,49,4,,1,72,,6878,49,4,,1,31,,6879,49,4,,1,72,,6880,49,4,,1,72,,6881,49,4,,1,32,,6882,49,4,,1,72,,6883,49,4,,1,31,,6884,49,4,,1,70,,6885,49,4,,1,32,,6886,49,4,,1,72,,6887,49,4,,1,32,,6888,49,4,,1,72,,6889,49,4,,1,32,,6890,49,4,,1,69,,6891,49,4,,1,96,,6896,49,4,,1,42,,6892,49,4,,1,82,,6893,49,4,,1,81,,6894,49,4,,1,42,,6895,49,4,,1,75,,6900,49,4,,1,76,,6897,49,4,,1,36,,6898,49,4,,1,68,,6899,49,4,,1
9901,'1',426,,7366,44,4,,1,81,,7367,44,4,,1,40,,7368,44,4,,1,83,,7369,44,4,,1,83,,7370,44,4,,1,35,,7371,44,4,,1,73,,7372,44,4,,1,83,,7373,44,4,,1,30,,7374,44,4,,1,75,,7375,44,4,,1,94,,7376,44,4,,1,100,,7377,44,4,,1,54,,7378,44,4,,1,94,,7379,44,4,,1,100,,7380,44,4,,1,68,,7381,44,4,,1,30,,7382,44,4,,1,70,,7383,44,4,,1,30,,7384,44,4,,1,70,,7385,44,4,,1,30,,7386,44,4,,1,70,,7387,44,4,,1,25,,7388,44,4,,1,70,,7389,44,4,,1,24,,7390,44,4,,1,70,,7391,44,4,,1,30,,7392,44,4,,1,65,,7393,44,4,,1,30,,7394,44,4,,1,85,,7395,44,4,,1
9901,'2',549,,7396,44,4,,1,77,,7397,44,4,,1,77,,7398,44,4,,1,37,,7399,44,4,,1,87,,7400,44,4,,1,92,,7401,44,4,,1,89,,7402,44,4,,1,47,,7403,44,4,,1,104,,7404,44,4,,1,98,,7405,44,4,,1,95,,7406,44,4,,1,95,,7407,44,4,,1,95,,7408,44,4,,1,95,,7409,44,4,,1,92,,7410,44,4,,1,93,,7411,44,4,,1,95,,7412,44,4,,1,89,,7413,44,4,,1,45,,7414,44,4,,1,85,,7415,44,4,,1
9901,'3',553,,7416,44,4,,1,81,,7417,44,4,,1,78,,7418,44,4,,1,38,,7419,44,4,,1,78,,7420,44,4,,1,94,,7421,44,4,,1,89,,7422,44,4,,1,89,,7423,44,4,,1,49,,7424,44,4,,1,94,,7425,44,4,,1,89,,7426,44,4,,1,89,,7427,44,4,,1,89,,7428,44,4,,1,49,,7429,44,4,,1,89,,7430,44,4,,1,89,,7431,44,4,,1,84,,7432,44,4,,1,89,,7433,44,4,,1,49,,7434,44,4,,1,84,,7435,44,4,,1,89,,7436,44,4,,1,79,,7437,44,4,,1
9901,'80',553,,7438,44,4,,1,81,,7439,44,4,,1,78,,7440,44,4,,1,38,,7441,44,4,,1,78,,7442,44,4,,1,94,,7443,44,4,,1,89,,7444,44,4,,1,89,,7445,44,4,,1,49,,7446,44,4,,1,94,,7447,44,4,,1,89,,7448,44,4,,1,89,,7449,44,4,,1,89,,7450,44,4,,1,49,,7451,44,4,,1,89,,7452,44,4,,1,89,,7453,44,4,,1,84,,7454,44,4,,1,89,,7455,44,4,,1,49,,7456,44,4,,1,84,,7457,44,4,,1,89,,7458,44,4,,1,79,,7459,44,4,,1
9901,'81',553,,7460,44,4,,1,81,,7461,44,4,,1,78,,7462,44,4,,1,38,,7463,44,4,,1,78,,7464,44,4,,1,94,,7465,44,4,,1,89,,7466,44,4,,1,89,,7467,44,4,,1,49,,7468,44,4,,1,94,,7469,44,4,,1,89,,7470,44,4,,1,89,,7471,44,4,,1,89,,7472,44,4,,1,49,,7473,44,4,,1,89,,7474,44,4,,1,89,,7475,44,4,,1,84,,7476,44,4,,1,89,,7477,44,4,,1,49,,7478,44,4,,1,84,,7479,44,4,,1,89,,7480,44,4,,1,79,,7481,44,4,,1
36001,'2',1008,,9097,25,4,,1,36,,9098,25,4,,1,76,,9099,25,4,,1,31,,9100,25,4,,1,78,,9113,25,4,,1,73,,9101,25,4,,1,28,,9102,25,4,,1,28,,9103,25,4,,1,67,,9104,25,4,,1,28,,9105,25,4,,1,69,,9106,25,4,,1,28,,9107,25,4,,1,68,,9108,25,4,,1,30,,9109,25,4,,1,68,,9110,25,4,,1,28,,9111,25,4,,1,65,,9112,25,4,,1,29,,9117,25,4,,1,87,,9114,25,4,,1,33,,9115,25,4,,1,79,,9116,25,4,,1,80,,9121,25,4,,1,29,,9118,25,4,,1,67,,9119,25,4,,1,29,,9120,25,4,,1
36001,'80',1103,,9122,25,4,,1,32,,9123,25,4,,1,74,,9124,25,4,,1,30,,9125,25,4,,1,68,,9126,25,4,,1,28,,9127,25,4,,1,69,,9128,25,4,,1,28,,9129,25,4,,1,26,,9130,25,4,,1,72,,9131,25,4,,1,28,,9132,25,4,,1,68,,9133,25,4,,1,29,,9134,25,4,,1,68,,9135,25,4,,1,28,,9136,25,4,,1,68,,9137,25,4,,1,28,,9138,25,4,,1,73,,9139,25,4,,1,28,,9140,25,4,,1,62,,9141,25,4,,1,27,,9142,25,4,,1
36001,'32681.3',1103,,9143,25,4,,1,32,,9144,25,4,,1,74,,9145,25,4,,1,30,,9146,25,4,,1,68,,9147,25,4,,1,28,,9148,25,4,,1,69,,9149,25,4,,1,28,,9150,25,4,,1,26,,9151,25,4,,1,72,,9152,25,4,,1,28,,9153,25,4,,1,68,,9154,25,4,,1,29,,9155,25,4,,1,68,,9156,25,4,,1,28,,9157,25,4,,1,68,,9158,25,4,,1,28,,9159,25,4,,1,73,,9160,25,4,,1,28,,9161,25,4,,1,62,,9162,25,4,,1,27,,9163,25,4,,1
989901,'1',2253,,11627,99,4,,1,68,,11628,99,4,,1,38,,11629,99,4,,1,74,,11630,99,4,,1,75,,11631,99,4,,1,29,,11632,99,4,,1,75,,11633,99,4,,1,35,,11634,99,4,,1
989901,'2',2301,,11635,99,4,,1,46,,11636,99,4,,1,81,,11637,99,4,,1,91,,11640,99,4,,1,85,,11638,99,4,,1,46,,11639,99,4,,1
989901,'3',2308,,11641,99,4,,1,47,,11642,99,4,,1,83,,11643,99,4,,1,85,,11644,99,4,,1,79,,11645,99,4,,1,43,,11646,99,4,,1
989901,'80',2308,,11647,99,4,,1,47,,11648,99,4,,1,83,,11649,99,4,,1,85,,11650,99,4,,1,79,,11651,99,4,,1,43,,11652,99,4,,1
989901,'81',2308,,11653,99,4,,1,47,,11654,99,4,,1,83,,11655,99,4,,1,85,,11656,99,4,,1,79,,11657,99,4,,1,43,,11658,99,4,,1
