900,'1',612,,2059,48,,,1,34,,2060,48,,,1,77,,2061,48,,,1,33,,2062,48,,,1,73,,2063,48,,,1,73,,2064,48,,,1,33,,2065,48,,,1,73,,2066,48,,,1,44,,2067,48,,,1,84,,2068,48,,,1,84,,2069,48,,,1,84,,2070,48,,,1,41,,2071,48,,,1,84,,2072,48,,,1,82,,2073,48,,,1,44,,2074,48,,,1,74,,2075,48,,,1,78,,2076,48,,,1,42,,2077,48,,,1,74,,2078,48,,,1,34,,2079,48,,,1,78,,2080,48,,,1,78,,2081,48,,,1,38,,2082,48,,,1
900,'2',732,,2101,48,,,1,87,,2100,48,,,1,87,,2083,48,,,1,47,,2084,48,,,1,87,,2085,48,,,1,87,,2086,48,,,1,87,,2087,48,,,1,87,,2088,48,,,1,47,,2089,48,,,1,87,,2090,48,,,1,87,,2091,48,,,1,87,,2092,48,,,1,47,,2093,48,,,1,87,,2094,48,,,1,87,,2095,48,,,1,87,,2096,48,,,1,87,,2097,48,,,1,47,,2098,48,,,1,87,,2099,48,,,1
900,'3',834,,2102,48,,,1,87,,2103,48,,,1,87,,2104,48,,,1,47,,2105,48,,,1,87,,2106,48,,,1,87,,2107,48,,,1,87,,2108,48,,,1,87,,2109,48,,,1,47,,2110,48,,,1,87,,2111,48,,,1,87,,2112,48,,,1,87,,2113,48,,,1,47,,2114,48,,,1,87,,2115,48,,,1,87,,2116,48,,,1,87,,2117,48,,,1,87,,2118,48,,,1
900,'80',834,,2119,48,,,1,87,,2120,48,,,1,87,,2121,48,,,1,47,,2122,48,,,1,87,,2123,48,,,1,87,,2124,48,,,1,87,,2125,48,,,1,87,,2126,48,,,1,47,,2127,48,,,1,87,,2128,48,,,1,87,,2129,48,,,1,87,,2130,48,,,1,47,,2131,48,,,1,87,,2132,48,,,1,87,,2133,48,,,1,87,,2134,48,,,1,87,,2135,48,,,1
900,'81',834,,2136,48,,,1,87,,2137,48,,,1,87,,2138,48,,,1,47,,2139,48,,,1,87,,2140,48,,,1,87,,2141,48,,,1,87,,2142,48,,,1,87,,2143,48,,,1,47,,2144,48,,,1,87,,2145,48,,,1,87,,2146,48,,,1,87,,2147,48,,,1,47,,2148,48,,,1,87,,2149,48,,,1,87,,2150,48,,,1,87,,2151,48,,,1,87,,2152,48,,,1
41400,'24611.1',909,,9224,35,,,1
41401,'24611.1',1601,,9225,9,,,1,3,,9226,9,,,1
41500,'24612.1',836,,9228,3,,,1,3,,9227,3,,,1
41700,'24612.1',805,,9233,28,,,1,1,,9234,28,,,1
41701,'24612.1',1625,,9235,41,,,1,1,,9236,41,,,1
