8500,'1',545,,5396,8,,,1,56,,5397,8,,,1,16,,5398,8,,,1,16,,5399,8,,,1,16,,5400,8,,,1,56,,5401,8,,,1,16,,5402,8,,,1,16,,5403,8,,,1,16,,5404,8,,,1,56,,5405,8,,,1,16,,5406,8,,,1,16,,5407,8,,,1,16,,5408,8,,,1,65,,5409,8,,,1,25,,5410,8,,,1,64,,5411,8,,,1,25,,5412,8,,,1,65,,5413,8,,,1,25,,5414,8,,,1,25,,5415,8,,,1,65,,5416,8,,,1,25,,5417,8,,,1,65,,5418,8,,,1,25,,5419,8,,,1,20,,5420,8,,,1
8500,'2',633,,5476,8,,,1,70,,5477,8,,,1,30,,5478,8,,,1,68,,5479,8,,,1,31,,5480,8,,,1,70,,5481,8,,,1,30,,5482,8,,,1,72,,5483,8,,,1,30,,5484,8,,,1,71,,5448,8,,,1,22,,5449,8,,,1,23,,5450,8,,,1,63,,5451,8,,,1,23,,5452,8,,,1,23,,5453,8,,,1,63,,5454,8,,,1,23,,5455,8,,,1,63,,5456,8,,,1,23,,5457,8,,,1,23,,5458,8,,,1,63,,5459,8,,,1,23,,5460,8,,,1,63,,5461,8,,,1,23,,5462,8,,,1,21,,5463,8,,,1,65,,5464,8,,,1,17,,5465,8,,,1,21,,5466,8,,,1,61,,5467,8,,,1,21,,5468,8,,,1,21,,5469,8,,,1,61,,5470,8,,,1,21,,5471,8,,,1,21,,5472,8,,,1,61,,5473,8,,,1,21,,5474,8,,,1,21,,5475,8,,,1,70,,5485,8,,,1,30,,5486,8,,,1,70,,5487,8,,,1
8500,'3',923,,5488,8,,,1,80,,5489,8,,,1,40,,5490,8,,,1,80,,5491,8,,,1,91,,5492,8,,,1,43,,5493,8,,,1,83,,5494,8,,,1,83,,5495,8,,,1,82,,5496,8,,,1,43,,5497,8,,,1,82,,5498,8,,,1,74,,5499,8,,,1,41,,5500,8,,,1,85,,5501,8,,,1,77,,5502,8,,,1,41,,5503,8,,,1,81,,5504,8,,,1
8500,'80',923,,5507,8,,,1,80,,5508,8,,,1,40,,5509,8,,,1,80,,5510,8,,,1,91,,5511,8,,,1,43,,5512,8,,,1,83,,5513,8,,,1,83,,5514,8,,,1,82,,5515,8,,,1,43,,5516,8,,,1,82,,5517,8,,,1,74,,5518,8,,,1,41,,5519,8,,,1,85,,5520,8,,,1,77,,5521,8,,,1,41,,5522,8,,,1,81,,5523,8,,,1
8500,'81',923,,5526,8,,,1,80,,5527,8,,,1,40,,5528,8,,,1,80,,5529,8,,,1,91,,5530,8,,,1,43,,5531,8,,,1,83,,5532,8,,,1,83,,5533,8,,,1,82,,5534,8,,,1,43,,5535,8,,,1,82,,5536,8,,,1,74,,5537,8,,,1,41,,5538,8,,,1,85,,5539,8,,,1,77,,5540,8,,,1,41,,5541,8,,,1,81,,5542,8,,,1
8501,'1',1358,,5566,59,,,1,65,,5570,59,,,1,25,,5571,59,,,1,66,,5572,59,,,1,16,,5599,59,,,1,16,,5600,59,,,1,56,,5589,59,,,1,16,,5588,59,,,1,16,,5587,59,,,1,71,,5586,59,,,1,25,,5585,59,,,1,16,,5573,59,,,1,59,,5574,59,,,1,13,,5575,59,,,1,6,,5576,59,,,1,16,,5577,59,,,1,11,,5578,59,,,1,59,,5579,59,,,1,13,,5580,59,,,1,16,,5581,59,,,1,16,,5582,59,,,1,56,,5583,59,,,1,12,,5584,59,,,1,32,,5592,59,,,1,63,,5591,59,,,1,25,,5590,59,,,1,62,,5596,59,,,1,29,,5595,59,,,1,71,,5593,59,,,1,32,,5594,59,,,1
8501,'2',2248,,5639,59,,,1,70,,5640,59,,,1
8501,'3',2104,,5641,59,,,1,41,,5642,59,,,1
8501,'80',2104,,5660,59,,,1,41,,5661,59,,,1
8501,'81',2104,,5679,59,,,1,41,,5680,59,,,1
46100,'24612.1',734,,9294,24,,,1
