60300,'1',458,,9994,5,,,1,60,,9995,5,,,1,20,,9996,5,,,1,20,,9997,5,,,1,61,,9998,5,,,1,18,,9999,5,,,1,19,,10000,5,,,1,58,,10001,5,,,1,18,,10002,5,,,1,19,,10003,5,,,1,58,,10004,5,,,1,18,,10005,5,,,1,18,,10006,5,,,1,58,,10007,5,,,1,19,,10008,5,,,1,22,,10009,5,,,1,62,,10010,5,,,1,22,,10011,5,,,1,22,,10012,5,,,1,62,,10013,5,,,1,22,,10014,5,,,1,22,,10015,5,,,1,62,,10016,5,,,1,22,,10017,5,,,1,62,,10018,5,,,1,22,,10019,5,,,1,22,,10020,5,,,1,62,,10021,5,,,1,22,,10022,5,,,1,19,,10023,5,,,1,56,,10024,5,,,1,16,,10025,5,,,1,16,,10026,5,,,1,16,,10027,5,,,1,56,,10028,5,,,1,16,,10029,5,,,1,16,,10030,5,,,1,16,,10031,5,,,1,56,,10032,5,,,1,16,,10033,5,,,1,16,,10034,5,,,1,56,,10035,5,,,1,15,,10036,5,,,1,16,,10037,5,,,1,16,,10038,5,,,1,55,,10039,5,,,1,30,,10040,5,,,1,70,,10041,5,,,1,30,,10042,5,,,1,70,,10043,5,,,1,30,,10044,5,,,1,70,,10045,5,,,1,42,,10046,5,,,1,81,,10047,5,,,1,82,,10048,5,,,1,47,,10049,5,,,1
60300,'2',528,,10050,5,,,1,81,,10051,5,,,1,40,,10052,5,,,1,80,,10053,5,,,1,80,,10054,5,,,1,41,,10055,5,,,1,80,,10056,5,,,1,81,,10057,5,,,1,39,,10058,5,,,1,78,,10059,5,,,1,78,,10060,5,,,1,36,,10061,5,,,1,78,,10062,5,,,1,38,,10063,5,,,1,79,,10064,5,,,1,78,,10065,5,,,1,38,,10066,5,,,1,78,,10067,5,,,1,77,,10068,5,,,1,39,,10069,5,,,1,77,,10070,5,,,1,78,,10071,5,,,1,39,,10072,5,,,1,80,,10073,5,,,1,80,,10074,5,,,1,39,,10075,5,,,1,86,,10076,5,,,1,92,,10077,5,,,1,92,,10078,5,,,1
60300,'3',711,,10079,5,,,1,36,,10080,5,,,1,76,,10081,5,,,1,36,,10082,5,,,1,82,,10083,5,,,1,84,,10084,5,,,1,82,,10085,5,,,1,42,,10086,5,,,1,82,,10087,5,,,1,82,,10088,5,,,1,42,,10089,5,,,1,83,,10090,5,,,1,79,,10091,5,,,1,35,,10092,5,,,1,76,,10093,5,,,1,76,,10094,5,,,1,36,,10095,5,,,1,76,,10096,5,,,1,36,,10097,5,,,1,76,,10098,5,,,1,75,,10099,5,,,1,36,,10100,5,,,1,91,,10101,5,,,1,106,,10102,5,,,1,105,,10103,5,,,1,106,,10104,5,,,1
60300,'80',711,,10105,5,,,1,36,,10106,5,,,1,76,,10107,5,,,1,36,,10108,5,,,1,82,,10109,5,,,1,84,,10110,5,,,1,82,,10111,5,,,1,42,,10112,5,,,1,82,,10113,5,,,1,82,,10114,5,,,1,42,,10115,5,,,1,83,,10116,5,,,1,79,,10117,5,,,1,35,,10118,5,,,1,76,,10119,5,,,1,76,,10120,5,,,1,36,,10121,5,,,1,76,,10122,5,,,1,36,,10123,5,,,1,76,,10124,5,,,1,75,,10125,5,,,1,36,,10126,5,,,1,91,,10127,5,,,1,106,,10128,5,,,1,105,,10129,5,,,1,106,,10130,5,,,1
60300,'81',711,,10131,5,,,1,36,,10132,5,,,1,76,,10133,5,,,1,36,,10134,5,,,1,82,,10135,5,,,1,84,,10136,5,,,1,82,,10137,5,,,1,42,,10138,5,,,1,82,,10139,5,,,1,82,,10140,5,,,1,42,,10141,5,,,1,83,,10142,5,,,1,79,,10143,5,,,1,35,,10144,5,,,1,76,,10145,5,,,1,76,,10146,5,,,1,36,,10147,5,,,1,76,,10148,5,,,1,36,,10149,5,,,1,76,,10150,5,,,1,75,,10151,5,,,1,36,,10152,5,,,1,91,,10153,5,,,1,106,,10154,5,,,1,105,,10155,5,,,1,106,,10156,5,,,1
6030100,'1',508,,12194,5,,,1,20,,12195,5,,,1,20,,12196,5,,,1,61,,12197,5,,,1,18,,12198,5,,,1,18,,12199,5,,,1,60,,12200,5,,,1,18,,12201,5,,,1,19,,12202,5,,,1,58,,12203,5,,,1,18,,12204,5,,,1,18,,12205,5,,,1,18,,12206,5,,,1,57,,12207,5,,,1,22,,12208,5,,,1,22,,12209,5,,,1,62,,12210,5,,,1,22,,12211,5,,,1,62,,12212,5,,,1,22,,12213,5,,,1,22,,12214,5,,,1,62,,12215,5,,,1,22,,12216,5,,,1,22,,12217,5,,,1,62,,12218,5,,,1,22,,12219,5,,,1,22,,12220,5,,,1,62,,12221,5,,,1,22,,12222,5,,,1,16,,12223,5,,,1,56,,12224,5,,,1,16,,12225,5,,,1,16,,12226,5,,,1,56,,12227,5,,,1,16,,12228,5,,,1,16,,12229,5,,,1,16,,12230,5,,,1,56,,12231,5,,,1,16,,12232,5,,,1,16,,12233,5,,,1,16,,12234,5,,,1,56,,12235,5,,,1,15,,12236,5,,,1,16,,12237,5,,,1,15,,12238,5,,,1,63,,12239,5,,,1,30,,12240,5,,,1,70,,12241,5,,,1,30,,12242,5,,,1,70,,12243,5,,,1,30,,12244,5,,,1,76,,12245,5,,,1,82,,12246,5,,,1,41,,12247,5,,,1,82,,12248,5,,,1
6030100,'2',508,,12249,5,,,1,40,,12250,5,,,1,81,,12251,5,,,1,80,,12252,5,,,1,40,,12253,5,,,1,81,,12254,5,,,1,80,,12255,5,,,1,40,,12256,5,,,1,81,,12257,5,,,1,78,,12258,5,,,1,38,,12259,5,,,1,78,,12260,5,,,1,76,,12261,5,,,1,38,,12262,5,,,1,79,,12263,5,,,1,38,,12264,5,,,1,78,,12265,5,,,1,78,,12266,5,,,1,38,,12267,5,,,1,77,,12268,5,,,1,79,,12269,5,,,1,37,,12270,5,,,1,79,,12271,5,,,1,79,,12272,5,,,1,40,,12273,5,,,1,80,,12274,5,,,1,79,,12275,5,,,1,52,,12276,5,,,1,92,,12277,5,,,1,92,,12278,5,,,1
6030100,'3',653,,12279,5,,,1,76,,12280,5,,,1,76,,12281,5,,,1,36,,12282,5,,,1,79,,12283,5,,,1,84,,12284,5,,,1,42,,12285,5,,,1,82,,12286,5,,,1,82,,12287,5,,,1,42,,12288,5,,,1,82,,12289,5,,,1,83,,12290,5,,,1,42,,12291,5,,,1,75,,12292,5,,,1,76,,12293,5,,,1,36,,12294,5,,,1,76,,12295,5,,,1,36,,12296,5,,,1,76,,12297,5,,,1,76,,12298,5,,,1,36,,12299,5,,,1,75,,12300,5,,,1,36,,12301,5,,,1,146,,12302,5,,,1,106,,12303,5,,,1,105,,12304,5,,,1
6030100,'80',653,,12305,5,,,1,76,,12306,5,,,1,76,,12307,5,,,1,36,,12308,5,,,1,79,,12309,5,,,1,84,,12310,5,,,1,42,,12311,5,,,1,82,,12312,5,,,1,82,,12313,5,,,1,42,,12314,5,,,1,82,,12315,5,,,1,83,,12316,5,,,1,42,,12317,5,,,1,75,,12318,5,,,1,76,,12319,5,,,1,36,,12320,5,,,1,76,,12321,5,,,1,36,,12322,5,,,1,76,,12323,5,,,1,76,,12324,5,,,1,36,,12325,5,,,1,75,,12326,5,,,1,36,,12327,5,,,1,146,,12328,5,,,1,106,,12329,5,,,1,105,,12330,5,,,1
6030100,'81',653,,12331,5,,,1,76,,12332,5,,,1,76,,12333,5,,,1,36,,12334,5,,,1,79,,12335,5,,,1,84,,12336,5,,,1,42,,12337,5,,,1,82,,12338,5,,,1,82,,12339,5,,,1,42,,12340,5,,,1,82,,12341,5,,,1,83,,12342,5,,,1,42,,12343,5,,,1,75,,12344,5,,,1,76,,12345,5,,,1,36,,12346,5,,,1,76,,12347,5,,,1,36,,12348,5,,,1,76,,12349,5,,,1,76,,12350,5,,,1,36,,12351,5,,,1,75,,12352,5,,,1,36,,12353,5,,,1,146,,12354,5,,,1,106,,12355,5,,,1,105,,12356,5,,,1
