1601,'1',520,,26620,9,,,1,22,,26621,9,,,1,62,,26622,9,,,1,20,,26623,9,,,1,6,,26588,50,,,1,26,,26587,50,,,1,62,,26579,50,,,1,22,,26580,50,,,1,70,,26581,50,,,1,22,,26582,50,,,1,22,,26583,50,,,1,62,,26584,50,,,1,9,,26585,50,,,1,26,,26586,50,,,1,61,,26599,50,,,1,24,,26598,50,,,1,68,,26589,50,,,1,32,,26590,50,,,1,71,,26591,50,,,1,29,,26592,50,,,1,71,,26593,50,,,1,31,,26594,50,,,1,69,,26595,50,,,1,23,,26624,9,,,1,13,,26596,50,,,1,70,,26597,50,,,1,21,,26616,50,,,1,23,,26615,50,,,1,63,,26600,50,,,1,17,,26601,50,,,1,69,,26602,50,,,1,24,,26603,50,,,1,23,,26604,50,,,1,63,,26605,50,,,1,20,,26606,50,,,1,23,,26607,50,,,1,57,,26608,50,,,1,23,,26609,50,,,1,63,,26610,50,,,1,23,,26611,50,,,1,23,,26612,50,,,1,63,,26613,50,,,1,19,,26614,50,,,1,28,,26619,50,,,1,74,,26617,50,,,1,70,,26618,50,,,1,34,,26625,50,,,1
1601,'2',628,,26652,9,,,1,78,,26653,9,,,1,30,,26635,50,,,1,80,,26626,50,,,1,38,,26627,50,,,1,79,,26628,50,,,1,78,,26629,50,,,1,38,,26630,50,,,1,78,,26631,50,,,1,79,,26632,50,,,1,38,,26633,50,,,1,78,,26634,50,,,1,83,,26644,50,,,1,42,,26636,50,,,1,81,,26637,50,,,1,81,,26638,50,,,1,39,,26639,50,,,1,81,,26640,50,,,1,81,,26641,50,,,1,41,,26642,50,,,1,77,,26643,50,,,1,81,,26651,50,,,1,32,,26645,50,,,1,76,,26646,50,,,1,38,,26647,50,,,1,71,,26648,50,,,1,76,,26649,50,,,1,33,,26650,50,,,1
1601,'3',817,,26654,50,,,1,95,,26655,50,,,1,96,,26656,50,,,1,95,,26657,50,,,1,55,,26658,50,,,1,95,,26659,50,,,1,99,,26660,50,,,1,95,,26661,50,,,1,98,,26662,50,,,1,98,,26663,50,,,1,98,,26664,50,,,1,92,,26665,50,,,1,90,,26666,50,,,1,92,,26667,50,,,1,92,,26668,50,,,1,49,,26669,50,,,1
1601,'74',628,,26696,9,,,1,78,,26697,9,,,1,30,,26679,50,,,1,80,,26670,50,,,1,38,,26671,50,,,1,79,,26672,50,,,1,78,,26673,50,,,1,38,,26674,50,,,1,78,,26675,50,,,1,79,,26676,50,,,1,38,,26677,50,,,1,78,,26678,50,,,1,83,,26688,50,,,1,42,,26680,50,,,1,81,,26681,50,,,1,81,,26682,50,,,1,39,,26683,50,,,1,81,,26684,50,,,1,81,,26685,50,,,1,41,,26686,50,,,1,77,,26687,50,,,1,81,,26695,50,,,1,32,,26689,50,,,1,76,,26690,50,,,1,38,,26691,50,,,1,71,,26692,50,,,1,76,,26693,50,,,1,33,,26694,50,,,1
1601,'80',817,,26698,50,,,1,95,,26699,50,,,1,96,,26700,50,,,1,95,,26701,50,,,1,55,,26702,50,,,1,95,,26703,50,,,1,99,,26704,50,,,1,95,,26705,50,,,1,98,,26706,50,,,1,98,,26707,50,,,1,98,,26708,50,,,1,92,,26709,50,,,1,90,,26710,50,,,1,92,,26711,50,,,1,92,,26712,50,,,1,49,,26713,50,,,1
8501,'1',515,,29801,9,,,1,16,,29800,9,,,1,16,,29799,9,,,1,56,,29798,9,,,1,16,,29797,9,,,1,16,,29796,9,,,1,16,,29795,9,,,1,56,,29787,9,,,1,16,,29788,9,,,1,16,,29789,9,,,1,16,,29790,9,,,1,56,,29791,9,,,1,16,,29792,9,,,1,16,,29793,9,,,1,15,,29794,9,,,1,66,,29811,9,,,1,25,,29810,9,,,1,64,,29809,9,,,1,25,,29802,9,,,1,65,,29803,9,,,1,25,,29804,9,,,1,25,,29805,9,,,1,64,,29806,9,,,1,25,,29807,9,,,1,65,,29808,9,,,1,25,,29812,9,,,1,25,,29813,9,,,1,61,,29814,9,,,1,16,,29841,9,,,1,16,,29842,9,,,1,56,,29831,9,,,1,15,,29830,9,,,1,16,,29829,9,,,1,20,,29828,9,,,1,57,,29827,9,,,1,16,,29815,9,,,1,19,,29816,9,,,1,53,,29817,9,,,1,19,,29818,9,,,1,16,,29819,9,,,1,11,,29820,9,,,1,59,,29821,9,,,1,13,,29822,9,,,1,16,,29823,9,,,1,16,,29824,9,,,1,58,,29825,9,,,1,19,,29826,9,,,1,72,,29834,9,,,1,29,,29833,9,,,1,25,,29832,9,,,1,62,,29838,9,,,1,29,,29837,9,,,1,71,,29835,9,,,1,32,,29836,9,,,1
8501,'2',637,,29858,9,,,1,70,,29859,9,,,1,30,,29860,9,,,1,71,,29861,9,,,1,30,,29862,9,,,1,70,,29863,9,,,1,30,,29864,9,,,1,70,,29865,9,,,1,30,,29866,9,,,1,70,,29843,9,,,1,23,,29844,9,,,1,25,,29845,9,,,1,63,,29846,9,,,1,23,,29847,9,,,1,63,,29848,9,,,1,23,,29849,9,,,1,23,,29850,9,,,1,63,,29851,9,,,1,23,,29852,9,,,1,63,,29853,9,,,1,23,,29854,9,,,1,23,,29855,9,,,1,63,,29856,9,,,1,21,,29857,9,,,1,21,,29867,9,,,1,62,,29868,9,,,1,23,,29869,9,,,1,21,,29870,9,,,1,61,,29871,9,,,1,18,,29872,9,,,1,21,,29873,9,,,1,61,,29874,9,,,1,21,,29875,9,,,1,61,,29876,9,,,1,21,,29877,9,,,1,21,,29878,9,,,1,61,,29879,9,,,1,30,,29880,9,,,1,70,,29881,9,,,1,30,,29882,9,,,1
8501,'3',830,,29885,9,,,1,81,,29886,9,,,1,40,,29887,9,,,1,80,,29888,9,,,1,83,,29889,9,,,1,43,,29890,9,,,1,83,,29891,9,,,1,83,,29892,9,,,1,83,,29893,9,,,1,43,,29894,9,,,1,83,,29895,9,,,1,80,,29896,9,,,1,42,,29897,9,,,1,84,,29898,9,,,1,76,,29899,9,,,1,41,,29900,9,,,1,83,,29901,9,,,1,79,,29883,9,,,1,41,,29884,9,,,1
8501,'74',637,,29902,9,,,1,70,,29903,9,,,1,30,,29904,9,,,1,71,,29905,9,,,1,30,,29906,9,,,1,70,,29907,9,,,1,30,,29908,9,,,1,70,,29909,9,,,1,30,,29910,9,,,1,70,,29911,9,,,1,23,,29912,9,,,1,25,,29913,9,,,1,63,,29914,9,,,1,23,,29915,9,,,1,63,,29916,9,,,1,23,,29917,9,,,1,23,,29918,9,,,1,63,,29919,9,,,1,23,,29920,9,,,1,63,,29921,9,,,1,23,,29922,9,,,1,23,,29923,9,,,1,63,,29924,9,,,1,21,,29925,9,,,1,21,,29926,9,,,1,62,,29927,9,,,1,23,,29928,9,,,1,21,,29929,9,,,1,61,,29930,9,,,1,18,,29931,9,,,1,21,,29932,9,,,1,61,,29933,9,,,1,21,,29934,9,,,1,61,,29935,9,,,1,21,,29936,9,,,1,21,,29937,9,,,1,61,,29938,9,,,1,30,,29939,9,,,1,70,,29940,9,,,1,30,,29941,9,,,1
8501,'80',830,,29942,9,,,1,81,,29943,9,,,1,40,,29944,9,,,1,80,,29945,9,,,1,83,,29946,9,,,1,43,,29947,9,,,1,83,,29948,9,,,1,83,,29949,9,,,1,83,,29950,9,,,1,43,,29951,9,,,1,83,,29952,9,,,1,80,,29953,9,,,1,42,,29954,9,,,1,84,,29955,9,,,1,76,,29958,9,,,1,41,,29959,9,,,1,83,,29960,9,,,1,79,,29956,9,,,1,41,,29957,9,,,1
