9600,'1',708,,31260,84,,,1,48,,31259,84,,,1,71,,31258,84,,,1,77,,31257,84,,,1,27,,31256,84,,,1,73,,31253,84,,,1,34,,31254,84,,,1,70,,31255,84,,,1,32,,31268,84,,,1,68,,31267,80,,,1,39,,31261,80,,,1,79,,31262,80,,,1,79,,31263,80,,,1,46,,31264,80,,,1,65,,31265,80,,,1,91,,31266,84,,,1,43,,31274,84,,,1,67,,31273,84,,,1,32,,31272,84,,,1,62,,31269,84,,,1,27,,31270,84,,,1,21,,31271,84,,,1,67,,31277,84,,,1,19,,31278,84,,,1,12,,31288,84,,,1,51,,31276,84,,,1,25,,31275,84,,,1,70,,31285,80,,,1,30,,31284,80,,,1,15,,31287,80,,,1,52,,31279,80,,,1,30,,31280,80,,,1,29,,31281,80,,,1,68,,31282,80,,,1,30,,31283,80,,,1,57,,31286,80,,,1
9600,'2',1029,,31289,80,,,1,102,,31290,80,,,1,99,,31291,80,,,1,96,,31292,80,,,1,99,,31293,80,,,1,99,,31294,80,,,1,98,,31295,80,,,1,99,,31296,80,,,1,94,,31297,80,,,1,97,,31298,80,,,1,47,,31299,80,,,1,82,,31300,80,,,1,97,,31301,80,,,1
9600,'3',1120,,31302,80,,,1,94,,31303,80,,,1,94,,31304,80,,,1,94,,31305,80,,,1,54,,31306,80,,,1,94,,31307,80,,,1,94,,31308,80,,,1,94,,31309,80,,,1,91,,31310,80,,,1,94,,31311,80,,,1,94,,31312,80,,,1,90,,31313,80,,,1
9600,'74',1029,,31314,80,,,1,102,,31315,80,,,1,99,,31316,80,,,1,96,,31317,80,,,1,99,,31318,80,,,1,99,,31319,80,,,1,98,,31320,80,,,1,99,,31321,80,,,1,94,,31322,80,,,1,97,,31323,80,,,1,47,,31324,80,,,1,82,,31325,80,,,1,97,,31326,80,,,1
9600,'80',1120,,31327,80,,,1,94,,31328,80,,,1,94,,31329,80,,,1,94,,31330,80,,,1,54,,31331,80,,,1,94,,31332,80,,,1,94,,31333,80,,,1,94,,31334,80,,,1,91,,31335,80,,,1,94,,31336,80,,,1,94,,31337,80,,,1,90,,31338,80,,,1
9800,'1',625,,31445,36,,,1,75,,31444,36,,,1,33,,31443,36,,,1,75,,31442,36,,,1,35,,31441,36,,,1,75,,31440,36,,,1,98,,31436,36,,,1,98,,31433,36,,,1,96,,31438,36,,,1,98,,31437,36,,,1,40,,31425,36,,,1,79,,31435,36,,,1,80,,31434,36,,,1,40,,31432,36,,,1,80,,31431,36,,,1,80,,31430,36,,,1,44,,31429,36,,,1,80,,31428,36,,,1,93,,31427,36,,,1,91,,31426,36,,,1,88,,31439,36,,,1
9800,'2',624,,31463,36,,,1,86,,31462,36,,,1,44,,31461,36,,,1,94,,31460,36,,,1,93,,31459,36,,,1,91,,31458,36,,,1,94,,31457,36,,,1,98,,31456,36,,,1,98,,31455,36,,,1,97,,31454,36,,,1,98,,31453,36,,,1,98,,31452,36,,,1,99,,31451,36,,,1,101,,31450,36,,,1,89,,31449,36,,,1,53,,31448,36,,,1,89,,31447,36,,,1,85,,31446,36,,,1
9800,'3',808,,31479,36,,,1,48,,31478,36,,,1,88,,31477,36,,,1,92,,31476,36,,,1,93,,31475,36,,,1,90,,31474,36,,,1,93,,31473,36,,,1,93,,31472,36,,,1,53,,31471,36,,,1,93,,31470,36,,,1,93,,31469,36,,,1,96,,31468,36,,,1,88,,31467,36,,,1,91,,31466,36,,,1,87,,31465,36,,,1,48,,31464,36,,,1
9800,'74',624,,31497,36,,,1,86,,31496,36,,,1,44,,31495,36,,,1,94,,31494,36,,,1,93,,31493,36,,,1,91,,31492,36,,,1,94,,31491,36,,,1,98,,31490,36,,,1,98,,31489,36,,,1,97,,31488,36,,,1,98,,31487,36,,,1,98,,31486,36,,,1,99,,31485,36,,,1,101,,31484,36,,,1,89,,31483,36,,,1,53,,31482,36,,,1,89,,31481,36,,,1,85,,31480,36,,,1
9800,'80',808,,31513,36,,,1,48,,31512,36,,,1,88,,31511,36,,,1,92,,31510,36,,,1,93,,31509,36,,,1,90,,31508,36,,,1,93,,31507,36,,,1,93,,31506,36,,,1,53,,31505,36,,,1,93,,31504,36,,,1,93,,31503,36,,,1,96,,31502,36,,,1,88,,31501,36,,,1,91,,31500,36,,,1,87,,31499,36,,,1,48,,31498,36,,,1
60100,'1',423,,34138,17,,,1,11,,34139,17,,,1,11,,34140,17,,,1,11,,34141,17,,,1,51,,34142,17,,,1,11,,34143,17,,,1,8,,34144,17,,,1,10,,34145,17,,,1,11,,34148,17,,,1,10,,34146,17,,,1,51,,34147,17,,,1,10,,34053,22,,,1,11,,34054,22,,,1,12,,34055,22,,,1,15,,34056,22,,,1,51,,34057,22,,,1,11,,34058,22,,,1,11,,34059,22,,,1,11,,34060,22,,,1,11,,34061,22,,,1,56,,34062,22,,,1,11,,34063,22,,,1,11,,34064,22,,,1,13,,34065,22,,,1,11,,34066,22,,,1,55,,34067,22,,,1,11,,34068,22,,,1,8,,34069,22,,,1,11,,34070,22,,,1,11,,34071,22,,,1,51,,34072,22,,,1,8,,34073,22,,,1,11,,34074,22,,,1,11,,34075,22,,,1,11,,34076,22,,,1,11,,34077,22,,,1,54,,34078,22,,,1,16,,34079,22,,,1,21,,34080,22,,,1,16,,34081,22,,,1,56,,34082,22,,,1,16,,34083,22,,,1,16,,34084,22,,,1,56,,34085,22,,,1,16,,34086,22,,,1,16,,34087,22,,,1,16,,34088,22,,,1,56,,34089,22,,,1,20,,34090,22,,,1,16,,34091,22,,,1,16,,34092,22,,,1,54,,34093,22,,,1,12,,34094,22,,,1,12,,34095,22,,,1,12,,34096,22,,,1,52,,34097,22,,,1,12,,34098,22,,,1,12,,34099,22,,,1,12,,34100,22,,,1,12,,34101,22,,,1,52,,34102,22,,,1,12,,34103,22,,,1,12,,34104,22,,,1,12,,34105,22,,,1,12,,34106,22,,,1,52,,34107,22,,,1,12,,34108,22,,,1,12,,34109,22,,,1,12,,34110,22,,,1,12,,34111,22,,,1,52,,34112,22,,,1,12,,34113,22,,,1,12,,34114,22,,,1,12,,34115,22,,,1,8,,34116,22,,,1,12,,34117,22,,,1,52,,34118,22,,,1,5,,34119,22,,,1,12,,34120,22,,,1,12,,34121,22,,,1,12,,34122,22,,,1,62,,34123,22,,,1,18,,34124,22,,,1,18,,34125,22,,,1,56,,34126,22,,,1,18,,34127,22,,,1,18,,34128,22,,,1,19,,34129,22,,,1,59,,34130,22,,,1,16,,34131,22,,,1,13,,34132,22,,,1,59,,34133,22,,,1,19,,34134,22,,,1,19,,34135,22,,,1,59,,34136,22,,,1,19,,34137,22,,,1
60100,'2',551,,34149,22,,,1,57,,34150,22,,,1,17,,34151,22,,,1,17,,34152,22,,,1,17,,34153,22,,,1,61,,34154,22,,,1,19,,34155,22,,,1,17,,34156,22,,,1,58,,34157,22,,,1,16,,34158,22,,,1,18,,34159,22,,,1,56,,34160,22,,,1,16,,34161,22,,,1,16,,34162,22,,,1,18,,34163,22,,,1,56,,34164,22,,,1,19,,34165,22,,,1,16,,34166,22,,,1,56,,34167,22,,,1,16,,34168,22,,,1,16,,34169,22,,,1,18,,34170,22,,,1,56,,34171,22,,,1,16,,34172,22,,,1,20,,34173,22,,,1,16,,34174,22,,,1,55,,34175,22,,,1,15,,34176,22,,,1,15,,34177,22,,,1,15,,34178,22,,,1,55,,34179,22,,,1,15,,34180,22,,,1,15,,34181,22,,,1,15,,34182,22,,,1,55,,34183,22,,,1,15,,34184,22,,,1,15,,34185,22,,,1,15,,34186,22,,,1,52,,34187,22,,,1,15,,34188,22,,,1,15,,34189,22,,,1,15,,34190,22,,,1,55,,34191,22,,,1,15,,34192,22,,,1,15,,34193,22,,,1,15,,34194,22,,,1,55,,34195,22,,,1,15,,34196,22,,,1,15,,34197,22,,,1,12,,34198,22,,,1,55,,34199,22,,,1,15,,34200,22,,,1,15,,34201,22,,,1,15,,34202,22,,,1,55,,34203,22,,,1,15,,34204,22,,,1,15,,34205,22,,,1,9,,34206,22,,,1,58,,34207,22,,,1,18,,34208,22,,,1,18,,34209,22,,,1,15,,34210,22,,,1,58,,34211,22,,,1,18,,34212,22,,,1,18,,34213,22,,,1,56,,34214,22,,,1,16,,34215,22,,,1,10,,34216,22,,,1,16,,34217,22,,,1,56,,34218,22,,,1,16,,34219,22,,,1,16,,34220,22,,,1,16,,34221,22,,,1,56,,34222,22,,,1,16,,34223,22,,,1
60100,'3',623,,34238,22,,,1,20,,34237,22,,,1,60,,34236,22,,,1,20,,34235,22,,,1,20,,34234,22,,,1,64,,34233,22,,,1,20,,34232,22,,,1,20,,34231,22,,,1,63,,34230,22,,,1,20,,34224,22,,,1,20,,34225,22,,,1,60,,34226,22,,,1,24,,34227,22,,,1,20,,34228,22,,,1,63,,34229,22,,,1,27,,34265,22,,,1,61,,34264,22,,,1,22,,34263,22,,,1,21,,34239,22,,,1,65,,34240,22,,,1,21,,34241,22,,,1,21,,34242,22,,,1,61,,34243,22,,,1,21,,34244,22,,,1,21,,34245,22,,,1,61,,34246,22,,,1,22,,34247,22,,,1,61,,34248,22,,,1,21,,34249,22,,,1,18,,34250,22,,,1,61,,34251,22,,,1,21,,34252,22,,,1,21,,34253,22,,,1,61,,34254,22,,,1,21,,34255,22,,,1,18,,34256,22,,,1,61,,34257,22,,,1,21,,34258,22,,,1,20,,34259,22,,,1,61,,34260,22,,,1,21,,34261,22,,,1,21,,34262,22,,,1,56,,34266,22,,,1,29,,34272,22,,,1,20,,34271,22,,,1,60,,34270,22,,,1,20,,34267,22,,,1,20,,34268,22,,,1,56,,34269,22,,,1,30,,34279,22,,,1,15,,34278,22,,,1,60,,34273,22,,,1,20,,34274,22,,,1,20,,34275,22,,,1,60,,34276,22,,,1,20,,34277,22,,,1
60100,'74',551,,34280,22,,,1,57,,34281,22,,,1,17,,34282,22,,,1,17,,34283,22,,,1,17,,34284,22,,,1,61,,34285,22,,,1,19,,34286,22,,,1,17,,34287,22,,,1,58,,34288,22,,,1,16,,34289,22,,,1,18,,34290,22,,,1,56,,34291,22,,,1,16,,34292,22,,,1,16,,34293,22,,,1,18,,34294,22,,,1,56,,34295,22,,,1,19,,34296,22,,,1,16,,34297,22,,,1,56,,34298,22,,,1,16,,34299,22,,,1,16,,34300,22,,,1,18,,34301,22,,,1,56,,34302,22,,,1,16,,34303,22,,,1,20,,34304,22,,,1,16,,34305,22,,,1,55,,34306,22,,,1,15,,34307,22,,,1,15,,34308,22,,,1,15,,34309,22,,,1,55,,34310,22,,,1,15,,34311,22,,,1,15,,34312,22,,,1,15,,34313,22,,,1,55,,34314,22,,,1,15,,34315,22,,,1,15,,34316,22,,,1,15,,34317,22,,,1,52,,34318,22,,,1,15,,34319,22,,,1,15,,34320,22,,,1,15,,34321,22,,,1,55,,34322,22,,,1,15,,34323,22,,,1,15,,34324,22,,,1,15,,34325,22,,,1,55,,34326,22,,,1,15,,34327,22,,,1,15,,34328,22,,,1,12,,34329,22,,,1,55,,34330,22,,,1,15,,34331,22,,,1,15,,34332,22,,,1,15,,34333,22,,,1,55,,34334,22,,,1,15,,34335,22,,,1,15,,34336,22,,,1,9,,34337,22,,,1,58,,34338,22,,,1,18,,34339,22,,,1,18,,34340,22,,,1,15,,34341,22,,,1,58,,34342,22,,,1,18,,34343,22,,,1,18,,34344,22,,,1,56,,34345,22,,,1,16,,34346,22,,,1,10,,34347,22,,,1,16,,34348,22,,,1,56,,34349,22,,,1,16,,34350,22,,,1,16,,34351,22,,,1,16,,34352,22,,,1,56,,34353,22,,,1,16,,34354,22,,,1
60100,'80',623,,34369,22,,,1,20,,34368,22,,,1,60,,34367,22,,,1,20,,34366,22,,,1,20,,34365,22,,,1,64,,34364,22,,,1,20,,34363,22,,,1,20,,34362,22,,,1,63,,34361,22,,,1,20,,34355,22,,,1,20,,34356,22,,,1,60,,34357,22,,,1,24,,34358,22,,,1,20,,34359,22,,,1,63,,34360,22,,,1,27,,34397,22,,,1,61,,34396,22,,,1,22,,34395,22,,,1,21,,34370,22,,,1,65,,34371,22,,,1,21,,34372,22,,,1,21,,34373,22,,,1,61,,34374,22,,,1,21,,34375,22,,,1,21,,34376,22,,,1,61,,34377,22,,,1,22,,34378,22,,,1,61,,34379,22,,,1,21,,34380,22,,,1,18,,34381,22,,,1,61,,34382,22,,,1,21,,34383,22,,,1,21,,34384,22,,,1,61,,34385,22,,,1,21,,34386,22,,,1,18,,34387,22,,,1,61,,34388,22,,,1,21,,34389,22,,,1,20,,34390,22,,,1,61,,34391,22,,,1,21,,34392,22,,,1,21,,34393,22,,,1,56,,34394,22,,,1,29,,34403,22,,,1,20,,34402,22,,,1,60,,34401,22,,,1,20,,34398,22,,,1,20,,34399,22,,,1,56,,34400,22,,,1,30,,34410,22,,,1,15,,34409,22,,,1,60,,34404,22,,,1,20,,34405,22,,,1,20,,34406,22,,,1,60,,34407,22,,,1,20,,34408,22,,,1
989900,'1',2129,,36830,79,,,1,73,,36831,79,,,1,38,,36832,79,,,1,78,,36833,79,,,1,35,,36834,79,,,1,72,,36835,79,,,1,75,,36836,79,,,1,35,,36837,79,,,1,75,,36838,79,0,5 6,1,35,,36839,79,0,5 6,1,79,,36840,79,0,5 6,1
989900,'2',2133,,36841,79,,,1,94,,36842,79,,,1,86,,36843,79,,,1,92,,36844,79,,,1,46,,36845,79,,,1,86,,36846,79,,,1,82,,36847,79,0,5 6,1,86,,36848,79,0,5 6,1,46,,36849,79,0,5 6,1
989900,'3',2148,,36850,79,,,1,90,,36851,79,,,1,85,,36852,79,,,1,90,,36853,79,,,1,40,,36854,79,,,1,83,,36855,79,,,1,79,,36856,79,0,5 6,1,43,,36857,79,0,5 6,1,83,,36858,79,0,5 6,1
989900,'74',2133,,36859,79,,,1,94,,36860,79,,,1,86,,36861,79,,,1,92,,36862,79,,,1,46,,36863,79,,,1,86,,36864,79,,,1,82,,36865,79,0,5 6,1,86,,36866,79,0,5 6,1,46,,36867,79,0,5 6,1
989900,'80',2148,,36868,79,,,1,90,,36869,79,,,1,85,,36870,79,,,1,90,,36871,79,,,1,40,,36872,79,,,1,83,,36873,79,,,1,79,,36874,79,0,5 6,1,43,,36875,79,0,5 6,1,83,,36876,79,0,5 6,1
