9600,'1',700,,18524,72,,,1,46,,18523,72,,,1,71,,18522,72,,,1,37,,18521,72,,,1,67,,18520,72,,,1,34,,18517,72,,,1,74,,18518,72,,,1,30,,18519,72,,,1,72,,18532,72,,,1,27,,18531,68,,,1,79,,18525,68,,,1,79,,18526,68,,,1,39,,18527,68,,,1,85,,18528,68,,,1,65,,18529,68,,,1,53,,18530,72,,,1,83,,18538,72,,,1,67,,18537,72,,,1,31,,18536,72,,,1,64,,18533,72,,,1,27,,18534,72,,,1,21,,18535,72,,,1,67,,18541,72,,,1,19,,18542,72,,,1,13,,18552,72,,,1,51,,18540,72,,,1,25,,18539,72,,,1,30,,18549,68,,,1,70,,18548,68,,,1,15,,18551,68,,,1,12,,18543,68,,,1,70,,18544,68,,,1,30,,18545,68,,,1,68,,18546,68,,,1,30,,18547,68,,,1,57,,18550,68,,,1
9600,'2',1021,,18553,68,,,1,100,,18554,68,,,1,99,,18555,68,,,1,97,,18556,68,,,1,99,,18557,68,,,1,99,,18558,68,,,1,99,,18559,68,,,1,99,,18560,68,,,1,94,,18561,68,,,1,97,,18562,68,,,1,47,,18563,68,,,1,83,,18564,68,,,1,97,,18565,68,,,1
9600,'3',1112,,18566,68,,,1,94,,18567,68,,,1,94,,18568,68,,,1,54,,18569,68,,,1,94,,18570,68,,,1,94,,18571,68,,,1,94,,18572,68,,,1,94,,18573,68,,,1,91,,18574,68,,,1,94,,18575,68,,,1,94,,18576,68,,,1,91,,18577,68,,,1
9600,'80',1112,,18578,68,,,1,94,,18579,68,,,1,94,,18580,68,,,1,54,,18581,68,,,1,94,,18582,68,,,1,94,,18583,68,,,1,94,,18584,68,,,1,94,,18585,68,,,1,91,,18586,68,,,1,94,,18587,68,,,1,94,,18588,68,,,1,91,,18589,68,,,1
9800,'1',618,,18683,24,,,1,35,,18682,24,,,1,73,,18681,24,,,1,75,,18680,24,,,1,35,,18679,24,,,1,75,,18678,24,,,1,98,,18674,24,,,1,98,,18671,24,,,1,94,,18676,24,,,1,58,,18675,24,,,1,80,,18663,24,,,1,78,,18673,24,,,1,40,,18672,24,,,1,80,,18670,24,,,1,80,,18669,24,,,1,40,,18668,24,,,1,85,,18667,24,,,1,80,,18666,24,,,1,94,,18665,24,,,1,91,,18664,24,,,1,50,,18677,24,,,1
9800,'2',617,,18701,24,,,1,86,,18700,24,,,1,44,,18699,24,,,1,94,,18698,24,,,1,93,,18697,24,,,1,90,,18696,24,,,1,94,,18695,24,,,1,98,,18694,24,,,1,98,,18693,24,,,1,96,,18692,24,,,1,98,,18691,24,,,1,98,,18690,24,,,1,100,,18689,24,,,1,102,,18688,24,,,1,49,,18687,24,,,1,93,,18686,24,,,1,89,,18685,24,,,1,85,,18684,24,,,1
9800,'3',802,,18717,24,,,1,48,,18716,24,,,1,88,,18715,24,,,1,91,,18714,24,,,1,93,,18713,24,,,1,90,,18712,24,,,1,93,,18711,24,,,1,53,,18710,24,,,1,93,,18709,24,,,1,93,,18708,24,,,1,93,,18707,24,,,1,97,,18706,24,,,1,88,,18705,24,,,1,91,,18704,24,,,1,87,,18703,24,,,1,48,,18702,24,,,1
9800,'80',802,,18733,24,,,1,48,,18732,24,,,1,88,,18731,24,,,1,91,,18730,24,,,1,93,,18729,24,,,1,90,,18728,24,,,1,93,,18727,24,,,1,53,,18726,24,,,1,93,,18725,24,,,1,93,,18724,24,,,1,93,,18723,24,,,1,97,,18722,24,,,1,88,,18721,24,,,1,91,,18720,24,,,1,87,,18719,24,,,1,48,,18718,24,,,1
989900,'1',2122,,22653,67,,,1,34,,22654,67,,,1,78,,22655,67,,,1,78,,22656,67,,,1,35,,22657,67,,,1,71,,22658,67,,,1,35,,22659,67,,,1,75,,22660,67,,,1,76,,22661,67,0,5 6,1,35,,22662,67,0,5 6,1,79,,22663,67,0,5 6,1
989900,'2',2126,,22664,67,,,1,94,,22665,67,,,1,86,,22666,67,,,1,52,,22667,67,,,1,86,,22668,67,,,1,86,,22669,67,,,1,84,,22670,67,0,5 6,1,86,,22671,67,0,5 6,1,46,,22672,67,0,5 6,1
989900,'3',2142,,22673,67,,,1,90,,22674,67,,,1,85,,22675,67,,,1,90,,22676,67,,,1,40,,22677,67,,,1,83,,22678,67,,,1,79,,22679,67,0,5 6,1,43,,22680,67,0,5 6,1,83,,22681,67,0,5 6,1
989900,'80',2142,,22682,67,,,1,90,,22683,67,,,1,85,,22684,67,,,1,90,,22685,67,,,1,40,,22686,67,,,1,83,,22687,67,,,1,79,,22688,67,0,5 6,1,43,,22689,67,0,5 6,1,83,,22690,67,0,5 6,1
