300,'1',505,,442,49,0,21 22 23 3 24,1,32,,443,49,0,21 22 23 3 24,1,87,,418,67,0,21 22 23 3 24,1,32,,419,67,0,21 22 23 3 24,1,75,,420,67,0,21 22 23 3 24,1,79,,421,67,0,21 22 23 3 24,1,32,,422,67,0,21 22 23 3 24,1,77,,423,67,0,21 22 23 3 24,1,25,,424,67,0,21 22 23 3 24,1,72,,425,67,0,21 22 23 3 24,1,24,,426,67,0,21 22 23 3 24,1,89,,427,67,0,21 22 23 3 24,1,86,,428,67,0,21 22 23 3 24,1,86,,429,67,0,21 22 23 3 24,1,46,,430,67,0,21 22 23 3 24,1,86,,431,67,0,21 22 23 3 24,1,93,,432,67,0,21 22 23 3 24,1,76,,433,67,0,21 22 23 3 24,1,32,,434,67,0,21 22 23 3 24,1,72,,435,67,0,21 22 23 3 24,1,32,,436,67,0,21 22 23 3 24,1,72,,437,67,0,21 22 23 3 24,1,32,,438,67,0,21 22 23 3 24,1,65,,439,67,0,21 22 23 3 24,1,32,,440,67,0,21 22 23 3 24,1,67,,441,67,0,21 22 23 3 24,1,32,,444,67,0,21 22 23 3 24,1,83,,445,67,0,21 22 23 3 24,1,80,,446,67,0,21 22 23 3 24,1
300,'2',845,,452,32,0,21 22 23 3 24,1,103,,451,67,0,21 22 23 3 24,1,105,,453,67,0,21 22 23 3 24,1,105,,454,67,0,21 22 23 3 24,1,145,,455,67,0,21 22 23 3 24,1,105,,456,67,0,21 22 23 3 24,1,107,,457,67,0,21 22 23 3 24,1,105,,458,67,0,21 22 23 3 24,1,107,,459,67,0,21 22 23 3 24,1,106,,460,67,0,21 22 23 3 24,1,101,,461,67,0,21 22 23 3 24,1,102,,462,67,0,21 22 23 3 24,1,99,,463,67,0,21 22 23 3 24,1,102,,450,67,0,21 22 23 3 24,1
300,'3',1005,,465,32,0,21 22 23 3 24,1,100,,477,67,0,21 22 23 3 24,1,104,,476,67,0,21 22 23 3 24,1,102,,475,67,0,21 22 23 3 24,1,102,,474,67,0,21 22 23 3 24,1,99,,473,67,0,21 22 23 3 24,1,102,,472,67,0,21 22 23 3 24,1,102,,471,67,0,21 22 23 3 24,1,102,,470,67,0,21 22 23 3 24,1,102,,469,67,0,21 22 23 3 24,1,99,,468,67,0,21 22 23 3 24,1,99,,467,67,0,21 22 23 3 24,1,98,,466,67,0,21 22 23 3 24,1
300,'80',1005,,479,32,0,21 22 23 3 24,1,100,,491,67,0,21 22 23 3 24,1,104,,490,67,0,21 22 23 3 24,1,102,,489,67,0,21 22 23 3 24,1,102,,488,67,0,21 22 23 3 24,1,99,,487,67,0,21 22 23 3 24,1,102,,486,67,0,21 22 23 3 24,1,102,,485,67,0,21 22 23 3 24,1,102,,484,67,0,21 22 23 3 24,1,102,,483,67,0,21 22 23 3 24,1,99,,482,67,0,21 22 23 3 24,1,99,,481,67,0,21 22 23 3 24,1,98,,480,67,0,21 22 23 3 24,1
300,'81',1005,,493,32,0,21 22 23 3 24,1,100,,505,67,0,21 22 23 3 24,1,104,,504,67,0,21 22 23 3 24,1,102,,503,67,0,21 22 23 3 24,1,102,,502,67,0,21 22 23 3 24,1,99,,501,67,0,21 22 23 3 24,1,102,,500,67,0,21 22 23 3 24,1,102,,499,67,0,21 22 23 3 24,1,102,,498,67,0,21 22 23 3 24,1,102,,497,67,0,21 22 23 3 24,1,99,,496,67,0,21 22 23 3 24,1,99,,495,67,0,21 22 23 3 24,1,98,,494,67,0,21 22 23 3 24,1
9001,'1',558,,6348,27,,,1,51,,6347,27,,,1,11,,6346,27,,,1,11,,6345,27,,,1,11,,6344,27,,,1,11,,6343,27,,,1,51,,6342,27,,,1,12,,6340,27,,,1,15,,6341,27,,,1,10,,6360,27,,,1,11,,6359,27,,,1,59,,6358,27,,,1,13,,6357,27,,,1,13,,6356,27,,,1,13,,6349,27,,,1,53,,6350,27,,,1,13,,6351,27,,,1,13,,6352,27,,,1,10,,6353,27,,,1,9,,6354,27,,,1,53,,6355,27,,,1,39,,6368,27,,,1,72,,6361,27,,,1,32,,6362,27,,,1,72,,6363,27,,,1,32,,6364,27,,,1,72,,6365,27,,,1,32,,6366,27,,,1,79,,6367,27,,,1,25,,6369,27,,,1,54,,6370,27,,,1,14,,6371,27,,,1,14,,6372,27,,,1,17,,6373,27,,,1,54,,6374,27,,,1,12,,6375,27,,,1,18,,6376,27,,,1,14,,6377,27,,,1,54,,6378,27,,,1,14,,6379,27,,,1,12,,6380,27,,,1,14,,6381,27,,,1,11,,6382,27,,,1,54,,6383,27,,,1,14,,6384,27,,,1,14,,6385,27,,,1,14,,6386,27,,,1,54,,6387,27,,,1,10,,6388,27,,,1,27,,6395,27,,,1,82,,6394,27,,,1,80,,6389,27,,,1,42,,6390,27,,,1,82,,6391,27,,,1,82,,6392,27,,,1,40,,6393,27,,,1,82,,6396,27,,,1
9001,'2',611,,6397,10,,,1,40,,6398,27,,,1,81,,6399,27,,,1,81,,6400,27,,,1,87,,6406,27,,,1,33,,6401,27,,,1,72,,6402,27,,,1,32,,6403,27,,,1,73,,6404,27,,,1,32,,6405,27,,,1,72,,6411,27,,,1,34,,6412,27,,,1,72,,6413,27,,,1,32,,6414,27,,,1,72,,6415,27,,,1,32,,6416,27,,,1,72,,6417,27,,,1,72,,6418,27,,,1,33,,6419,27,,,1,72,,6420,27,,,1,32,,6421,27,,,1,72,,6422,27,,,1,32,,6423,27,,,1,68,,6424,27,,,1,32,,6425,27,,,1,72,,6426,27,,,1,95,,6427,27,,,1,41,,6428,27,,,1,81,,6407,27,,,1,81,,6408,27,,,1,41,,6409,27,,,1,81,,6410,27,,,1
9001,'3',821,,6429,10,,,1,38,,6430,27,,,1,82,,6431,27,,,1,84,,6432,27,,,1,82,,6433,27,,,1,42,,6434,27,,,1,85,,6435,27,,,1,85,,6436,27,,,1,85,,6437,27,,,1,45,,6438,27,,,1,85,,6439,27,,,1,85,,6440,27,,,1,85,,6441,27,,,1,45,,6442,27,,,1,82,,6443,27,,,1,84,,6444,27,,,1,38,,6445,27,,,1,84,,6446,27,,,1,79,,6447,27,,,1,39,,6448,27,,,1,79,,6449,27,,,1
9001,'80',821,,6450,10,,,1,38,,6451,27,,,1,82,,6452,27,,,1,84,,6453,27,,,1,82,,6454,27,,,1,42,,6455,27,,,1,85,,6456,27,,,1,85,,6457,27,,,1,85,,6458,27,,,1,45,,6459,27,,,1,85,,6460,27,,,1,85,,6461,27,,,1,85,,6462,27,,,1,45,,6463,27,,,1,82,,6464,27,,,1,84,,6465,27,,,1,38,,6466,27,,,1,84,,6467,27,,,1,79,,6468,27,,,1,39,,6469,27,,,1,79,,6470,27,,,1
9001,'81',821,,6471,10,,,1,38,,6472,27,,,1,82,,6473,27,,,1,84,,6474,27,,,1,82,,6475,27,,,1,42,,6476,27,,,1,85,,6477,27,,,1,85,,6478,27,,,1,85,,6479,27,,,1,45,,6480,27,,,1,85,,6481,27,,,1,85,,6482,27,,,1,85,,6483,27,,,1,45,,6484,27,,,1,82,,6485,27,,,1,84,,6486,27,,,1,38,,6487,27,,,1,84,,6488,27,,,1,79,,6489,27,,,1,39,,6490,27,,,1,79,,6491,27,,,1
900201,'1',524,,11546,22,,,1,19,,11547,22,,,1,59,,11548,22,,,1,19,,11549,22,,,1,17,,11534,8,,,1,19,,11535,8,,,1,63,,11545,8,,,1,27,,11544,8,,,1,63,,11543,8,,,1,20,,11536,8,,,1,23,,11537,8,,,1,62,,11538,8,,,1,23,,11539,8,,,1,63,,11540,8,,,1,23,,11541,8,,,1,23,,11542,8,,,1,571,,11550,36,,,1,23,,11551,36,,,1,63,,11552,36,,,1,23,,11553,36,,,1,23,,11554,36,,,1,61,,11555,36,,,1,23,,11556,36,,,1,18,,11557,36,,,1,63,,11561,36,,,1,17,,11558,36,,,1,19,,11559,36,,,1,59,,11560,36,,,1
