9901,'1',420,,31722,33,,,1,81,,31723,33,,,1,40,,31724,33,,,1,82,,31725,33,,,1,81,,31726,33,,,1,35,,31727,33,,,1,70,,31728,33,,,1,43,,31729,33,,,1,73,,31730,33,,,1,75,,31731,33,,,1,54,,31732,33,,,1,98,,31733,33,,,1,94,,31734,33,,,1,94,,31735,33,,,1,100,,31736,33,,,1,67,,31737,33,,,1,30,,31738,33,,,1,70,,31739,33,,,1,30,,31740,33,,,1,70,,31741,33,,,1,30,,31742,33,,,1,70,,31743,33,,,1,27,,31744,33,,,1,70,,31745,33,,,1,26,,31746,33,,,1,70,,31747,33,,,1,30,,31748,33,,,1,25,,31749,33,,,1,71,,31750,33,,,1,85,,31751,33,,,1
9901,'2',542,,31752,33,,,1,77,,31753,33,,,1,37,,31754,33,,,1,77,,31755,33,,,1,87,,31756,33,,,1,92,,31757,33,,,1,88,,31758,33,,,1,47,,31759,33,,,1,102,,31760,33,,,1,97,,31761,33,,,1,95,,31762,33,,,1,95,,31763,33,,,1,95,,31764,33,,,1,95,,31765,33,,,1,92,,31766,33,,,1,94,,31767,33,,,1,95,,31768,33,,,1,51,,31769,33,,,1,85,,31770,33,,,1,85,,31771,33,,,1
9901,'3',546,,31772,33,,,1,81,,31773,33,,,1,78,,31774,33,,,1,38,,31775,33,,,1,78,,31776,33,,,1,93,,31777,33,,,1,89,,31778,33,,,1,49,,31779,33,,,1,89,,31780,33,,,1,93,,31781,33,,,1,89,,31782,33,,,1,89,,31783,33,,,1,89,,31784,33,,,1,49,,31785,33,,,1,89,,31786,33,,,1,89,,31787,33,,,1,85,,31788,33,,,1,89,,31789,33,,,1,49,,31790,33,,,1,86,,31791,33,,,1,89,,31792,33,,,1,79,,31793,33,,,1
9901,'74',542,,31794,33,,,1,77,,31795,33,,,1,37,,31796,33,,,1,77,,31797,33,,,1,87,,31798,33,,,1,92,,31799,33,,,1,88,,31800,33,,,1,47,,31801,33,,,1,102,,31802,33,,,1,97,,31803,33,,,1,95,,31804,33,,,1,95,,31805,33,,,1,95,,31806,33,,,1,95,,31807,33,,,1,92,,31808,33,,,1,94,,31809,33,,,1,95,,31810,33,,,1,51,,31811,33,,,1,85,,31812,33,,,1,85,,31813,33,,,1
9901,'80',546,,31814,33,,,1,81,,31815,33,,,1,78,,31816,33,,,1,38,,31817,33,,,1,78,,31818,33,,,1,93,,31819,33,,,1,89,,31820,33,,,1,49,,31821,33,,,1,89,,31822,33,,,1,93,,31823,33,,,1,89,,31824,33,,,1,89,,31825,33,,,1,89,,31826,33,,,1,49,,31827,33,,,1,89,,31828,33,,,1,89,,31829,33,,,1,85,,31830,33,,,1,89,,31831,33,,,1,49,,31832,33,,,1,86,,31833,33,,,1,89,,31834,33,,,1,79,,31835,33,,,1
36001,'1',1005,,33821,14,,,1,29,,33822,14,,,1,69,,33823,14,,,1,27,,33824,14,,,1,25,,33837,14,,,1,83,,33836,14,,,1,84,,33825,14,,,1,84,,33826,14,,,1,44,,33827,14,,,1,87,,33828,14,,,1,84,,33829,14,,,1,88,,33830,14,,,1,42,,33831,14,,,1,82,,33832,14,,,1,84,,33833,14,,,1,85,,33834,14,,,1,42,,33835,14,,,1,84,,33843,14,,,1,26,,33842,14,,,1,66,,33838,14,,,1,26,,33839,14,,,1,66,,33840,14,,,1,26,,33841,14,,,1
36001,'2',1003,,33844,14,,,1,23,,33845,14,,,1,23,,33846,14,,,1,63,,33847,14,,,1,23,,33848,14,,,1,21,,33849,14,,,1,63,,33850,14,,,1,25,,33851,14,,,1,63,,33852,14,,,1,23,,33853,14,,,1,23,,33854,14,,,1,62,,33855,14,,,1,23,,33856,14,,,1,63,,33857,14,,,1,23,,33858,14,,,1,23,,33859,14,,,1,63,,33860,14,,,1,23,,33861,14,,,1,25,,33862,14,,,1,63,,33863,14,,,1,20,,33864,14,,,1,64,,33865,14,,,1,23,,33866,14,,,1,28,,33879,14,,,1,64,,33878,14,,,1,21,,33867,14,,,1,64,,33868,14,,,1,24,,33869,14,,,1,25,,33870,14,,,1,63,,33871,14,,,1,21,,33872,14,,,1,64,,33873,14,,,1,24,,33874,14,,,1,24,,33875,14,,,1,64,,33876,14,,,1,24,,33877,14,,,1
36001,'3',957,,33880,14,,,1,62,,33881,14,,,1,22,,33882,14,,,1,62,,33883,14,,,1,19,,33884,14,,,1,22,,33885,14,,,1,64,,33886,14,,,1,22,,33887,14,,,1,22,,33888,14,,,1,62,,33889,14,,,1,23,,33890,14,,,1,22,,33891,14,,,1,62,,33892,14,,,1,20,,33893,14,,,1,65,,33894,14,,,1,22,,33895,14,,,1,22,,33896,14,,,1,62,,33897,14,,,1,22,,33898,14,,,1,22,,33899,14,,,1,62,,33900,14,,,1,22,,33901,14,,,1,63,,33902,14,,,1,22,,33903,14,,,1,22,,33904,14,,,1,67,,33905,14,,,1,21,,33917,14,,,1,17,,33916,14,,,1,63,,33906,14,,,1,23,,33907,14,,,1,63,,33908,14,,,1,23,,33909,14,,,1,23,,33910,14,,,1,61,,33911,14,,,1,23,,33912,14,,,1,23,,33913,14,,,1,63,,33914,14,,,1,23,,33915,14,,,1
36001,'74',1003,,33918,14,,,1,23,,33919,14,,,1,23,,33920,14,,,1,63,,33921,14,,,1,23,,33922,14,,,1,21,,33923,14,,,1,63,,33924,14,,,1,25,,33925,14,,,1,63,,33926,14,,,1,23,,33927,14,,,1,23,,33928,14,,,1,62,,33929,14,,,1,23,,33930,14,,,1,63,,33931,14,,,1,23,,33932,14,,,1,23,,33933,14,,,1,63,,33934,14,,,1,23,,33935,14,,,1,25,,33936,14,,,1,63,,33937,14,,,1,20,,33938,14,,,1,64,,33939,14,,,1,23,,33940,14,,,1,28,,33942,14,,,1,64,,33941,14,,,1,21,,33943,14,,,1,64,,33944,14,,,1,24,,33945,14,,,1,25,,33946,14,,,1,63,,33947,14,,,1,21,,33948,14,,,1,64,,33949,14,,,1,24,,33950,14,,,1,24,,33951,14,,,1,64,,33952,14,,,1,24,,33953,14,,,1,64,,33954,14,,,1
36001,'80',957,,33955,14,,,1,62,,33956,14,,,1,22,,33957,14,,,1,62,,33958,14,,,1,19,,33959,14,,,1,22,,33960,14,,,1,64,,33961,14,,,1,22,,33962,14,,,1,22,,33963,14,,,1,62,,33964,14,,,1,23,,33965,14,,,1,22,,33966,14,,,1,62,,33967,14,,,1,20,,33968,14,,,1,65,,33969,14,,,1,22,,33970,14,,,1,22,,33971,14,,,1,62,,33972,14,,,1,22,,33973,14,,,1,22,,33974,14,,,1,62,,33975,14,,,1,22,,33976,14,,,1,63,,33977,14,,,1,22,,33978,14,,,1,22,,33979,14,,,1,67,,33980,14,,,1,21,,33992,14,,,1,17,,33991,14,,,1,63,,33981,14,,,1,23,,33982,14,,,1,63,,33983,14,,,1,23,,33984,14,,,1,23,,33985,14,,,1,61,,33986,14,,,1,23,,33987,14,,,1,23,,33988,14,,,1,63,,33989,14,,,1,23,,33990,14,,,1
60101,'1',531,,34498,23,,,1,11,,34497,23,,,1,11,,34496,23,,,1,51,,34495,23,,,1,14,,34494,23,,,1,11,,34493,23,,,1,11,,34492,23,,,1,10,,34491,23,,,1,51,,34490,23,,,1,14,,34489,23,,,1,10,,34488,23,,,1,11,,34487,23,,,1,15,,34411,23,,,1,50,,34412,23,,,1,11,,34413,23,,,1,11,,34414,23,,,1,11,,34415,23,,,1,14,,34416,23,,,1,11,,34417,23,,,1,51,,34418,23,,,1,11,,34419,23,,,1,9,,34420,23,,,1,9,,34421,23,,,1,11,,34422,23,,,1,51,,34423,23,,,1,11,,34424,23,,,1,11,,34425,23,,,1,12,,34426,23,,,1,11,,34427,23,,,1,13,,34428,23,,,1,51,,34429,23,,,1,11,,34445,23,,,1,16,,34444,23,,,1,16,,34443,23,,,1,56,,34442,23,,,1,16,,34441,23,,,1,16,,34440,23,,,1,16,,34430,23,,,1,56,,34431,23,,,1,16,,34432,23,,,1,16,,34433,23,,,1,56,,34434,23,,,1,16,,34435,23,,,1,16,,34436,23,,,1,16,,34437,23,,,1,58,,34438,23,,,1,16,,34439,23,,,1,14,,34472,23,,,1,12,,34471,23,,,1,55,,34470,23,,,1,12,,34469,23,,,1,12,,34468,23,,,1,12,,34467,23,,,1,12,,34446,23,,,1,52,,34447,23,,,1,12,,34448,23,,,1,12,,34449,23,,,1,12,,34450,23,,,1,12,,34451,23,,,1,52,,34452,23,,,1,12,,34453,23,,,1,12,,34454,23,,,1,11,,34455,23,,,1,10,,34456,23,,,1,51,,34457,23,,,1,12,,34458,23,,,1,9,,34459,23,,,1,12,,34460,23,,,1,12,,34461,23,,,1,12,,34462,23,,,1,52,,34463,23,,,1,8,,34464,23,,,1,12,,34465,23,,,1,12,,34466,23,,,1,65,,34480,23,,,1,15,,34479,23,,,1,18,,34478,23,,,1,18,,34477,23,,,1,55,,34476,23,,,1,18,,34473,23,,,1,18,,34474,23,,,1,58,,34475,23,,,1,15,,34486,23,,,1,11,,34485,23,,,1,19,,34484,23,,,1,59,,34481,23,,,1,15,,34482,23,,,1,16,,34483,23,,,1
60101,'2',653,,34567,23,,,1,57,,34499,23,,,1,17,,34500,23,,,1,21,,34501,23,,,1,57,,34502,23,,,1,18,,34520,23,,,1,16,,34519,23,,,1,19,,34518,23,,,1,56,,34517,23,,,1,16,,34516,23,,,1,15,,34503,23,,,1,59,,34504,23,,,1,16,,34505,23,,,1,18,,34506,23,,,1,16,,34507,23,,,1,56,,34508,23,,,1,16,,34509,23,,,1,21,,34510,23,,,1,56,,34511,23,,,1,16,,34512,23,,,1,16,,34513,23,,,1,16,,34514,23,,,1,55,,34515,23,,,1,14,,34552,23,,,1,15,,34551,23,,,1,15,,34550,23,,,1,55,,34549,23,,,1,15,,34548,23,,,1,15,,34547,23,,,1,15,,34521,23,,,1,55,,34522,23,,,1,15,,34523,23,,,1,15,,34524,23,,,1,15,,34525,23,,,1,55,,34526,23,,,1,15,,34527,23,,,1,15,,34528,23,,,1,15,,34529,23,,,1,55,,34530,23,,,1,15,,34531,23,,,1,15,,34532,23,,,1,15,,34533,23,,,1,55,,34534,23,,,1,15,,34535,23,,,1,15,,34536,23,,,1,12,,34537,23,,,1,55,,34538,23,,,1,15,,34539,23,,,1,12,,34540,23,,,1,15,,34541,23,,,1,15,,34542,23,,,1,55,,34543,23,,,1,15,,34544,23,,,1,12,,34545,23,,,1,15,,34546,23,,,1,60,,34558,23,,,1,18,,34557,23,,,1,15,,34556,23,,,1,58,,34555,23,,,1,14,,34553,23,,,1,18,,34554,23,,,1,20,,34566,23,,,1,56,,34565,23,,,1,16,,34564,23,,,1,13,,34563,23,,,1,56,,34562,23,,,1,16,,34559,23,,,1,16,,34560,23,,,1,10,,34561,23,,,1
60101,'3',743,,34568,23,,,1,63,,34569,23,,,1,20,,34570,23,,,1,20,,34571,23,,,1,63,,34572,23,,,1,20,,34573,23,,,1,20,,34574,23,,,1,64,,34575,23,,,1,21,,34576,23,,,1,20,,34577,23,,,1,63,,34578,23,,,1,21,,34579,23,,,1,21,,34580,23,,,1,61,,34581,23,,,1,24,,34582,23,,,1,60,,34583,23,,,1,22,,34584,23,,,1,21,,34585,23,,,1,61,,34586,23,,,1,21,,34587,23,,,1,21,,34588,23,,,1,61,,34589,23,,,1,21,,34590,23,,,1,23,,34591,23,,,1,61,,34592,23,,,1,21,,34593,23,,,1,21,,34594,23,,,1,61,,34595,23,,,1,21,,34596,23,,,1,61,,34597,23,,,1,21,,34598,23,,,1,21,,34599,23,,,1,14,,34600,23,,,1,61,,34601,23,,,1,21,,34602,23,,,1,18,,34603,23,,,1,61,,34604,23,,,1,21,,34605,23,,,1,61,,34606,23,,,1,16,,34607,23,,,1,20,,34608,23,,,1,20,,34609,23,,,1,60,,34610,23,,,1,16,,34611,23,,,1,20,,34612,23,,,1,57,,34613,23,,,1,20,,34614,23,,,1,20,,34615,23,,,1,57,,34616,23,,,1,20,,34617,23,,,1,20,,34618,23,,,1,60,,34619,23,,,1
60101,'74',653,,34648,23,,,1,57,,34620,23,,,1,17,,34621,23,,,1,21,,34622,23,,,1,57,,34623,23,,,1,18,,34641,23,,,1,16,,34640,23,,,1,19,,34639,23,,,1,56,,34638,23,,,1,16,,34637,23,,,1,15,,34624,23,,,1,59,,34625,23,,,1,16,,34626,23,,,1,18,,34627,23,,,1,16,,34628,23,,,1,56,,34629,23,,,1,16,,34630,23,,,1,21,,34631,23,,,1,56,,34632,23,,,1,16,,34633,23,,,1,16,,34634,23,,,1,16,,34635,23,,,1,55,,34636,23,,,1,14,,34647,23,,,1,15,,34646,23,,,1,15,,34645,23,,,1,55,,34644,23,,,1,15,,34643,23,,,1,15,,34642,23,,,1,15,,34649,23,,,1,55,,34650,23,,,1,15,,34651,23,,,1,15,,34652,23,,,1,15,,34653,23,,,1,55,,34654,23,,,1,15,,34655,23,,,1,15,,34656,23,,,1,15,,34657,23,,,1,55,,34658,23,,,1,15,,34659,23,,,1,15,,34660,23,,,1,15,,34661,23,,,1,55,,34662,23,,,1,15,,34663,23,,,1,15,,34664,23,,,1,12,,34665,23,,,1,55,,34666,23,,,1,15,,34667,23,,,1,12,,34668,23,,,1,15,,34669,23,,,1,15,,34670,23,,,1,55,,34671,23,,,1,15,,34672,23,,,1,12,,34673,23,,,1,15,,34674,23,,,1,60,,34680,23,,,1,18,,34679,23,,,1,15,,34678,23,,,1,58,,34677,23,,,1,14,,34675,23,,,1,18,,34676,23,,,1,20,,34688,23,,,1,56,,34687,23,,,1,16,,34686,23,,,1,13,,34685,23,,,1,56,,34684,23,,,1,16,,34681,23,,,1,16,,34682,23,,,1,10,,34683,23,,,1
60101,'80',743,,34689,23,,,1,63,,34690,23,,,1,20,,34691,23,,,1,20,,34692,23,,,1,63,,34693,23,,,1,20,,34694,23,,,1,20,,34695,23,,,1,64,,34696,23,,,1,21,,34697,23,,,1,20,,34698,23,,,1,63,,34699,23,,,1,21,,34700,23,,,1,21,,34701,23,,,1,61,,34702,23,,,1,24,,34703,23,,,1,60,,34704,23,,,1,22,,34705,23,,,1,21,,34706,23,,,1,61,,34707,23,,,1,21,,34708,23,,,1,21,,34709,23,,,1,61,,34710,23,,,1,21,,34711,23,,,1,23,,34712,23,,,1,61,,34713,23,,,1,21,,34714,23,,,1,21,,34715,23,,,1,61,,34716,23,,,1,21,,34717,23,,,1,61,,34718,23,,,1,21,,34719,23,,,1,21,,34720,23,,,1,14,,34721,23,,,1,61,,34722,23,,,1,21,,34723,23,,,1,18,,34724,23,,,1,61,,34725,23,,,1,21,,34726,23,,,1,61,,34727,23,,,1,16,,34728,23,,,1,20,,34729,23,,,1,20,,34730,23,,,1,60,,34731,23,,,1,16,,34732,23,,,1,20,,34733,23,,,1,57,,34734,23,,,1,20,,34735,23,,,1,20,,34736,23,,,1,57,,34737,23,,,1,20,,34738,23,,,1,20,,34739,23,,,1,60,,34740,23,,,1
989901,'1',2246,,36877,88,,,1,69,,36878,88,,,1,38,,36879,88,,,1,74,,36880,88,,,1,75,,36881,88,,,1,30,,36882,88,,,1,75,,36883,88,,,1,35,,36884,88,,,1
989901,'2',2254,,36885,88,,,1,87,,36886,88,,,1,81,,36887,88,,,1,91,,36890,88,,,1,45,,36888,88,,,1,86,,36889,88,,,1
989901,'3',2302,,36891,88,,,1,47,,36892,88,,,1,83,,36893,88,,,1,85,,36894,88,,,1,39,,36895,88,,,1,83,,36896,88,,,1
989901,'74',2254,,36897,88,,,1,87,,36898,88,,,1,81,,36899,88,,,1,91,,36902,88,,,1,45,,36900,88,,,1,86,,36901,88,,,1
989901,'80',2302,,36903,88,,,1,47,,36904,88,,,1,83,,36905,88,,,1,85,,36906,88,,,1,39,,36907,88,,,1,83,,36908,88,,,1
6010201,'1',537,,37296,10,,,1,11,,37295,10,,,1,11,,37294,10,,,1,51,,37293,10,,,1,13,,37292,10,,,1,12,,37291,10,,,1,10,,37290,10,,,1,55,,37289,10,,,1,11,,37288,10,,,1,11,,37287,10,,,1,11,,37286,10,,,1,11,,37285,10,,,1,11,,37228,10,,,1,52,,37229,10,,,1,11,,37230,10,,,1,11,,37231,10,,,1,13,,37232,10,,,1,11,,37233,10,,,1,51,,37234,10,,,1,11,,37235,10,,,1,11,,37236,10,,,1,9,,37237,10,,,1,11,,37238,10,,,1,9,,37239,10,,,1,51,,37240,10,,,1,11,,37241,10,,,1,11,,37242,10,,,1,12,,37243,10,,,1,10,,37244,10,,,1,54,,37245,10,,,1,11,,37246,10,,,1,13,,37247,10,,,1,16,,37248,10,,,1,56,,37249,10,,,1,16,,37250,10,,,1,16,,37251,10,,,1,16,,37252,10,,,1,56,,37253,10,,,1,16,,37254,10,,,1,16,,37255,10,,,1,16,,37256,10,,,1,56,,37257,10,,,1,17,,37258,10,,,1,16,,37259,10,,,1,17,,37260,10,,,1,57,,37261,10,,,1,16,,37262,10,,,1,12,,37263,10,,,1,12,,37264,10,,,1,55,,37265,10,,,1,12,,37266,10,,,1,12,,37267,10,,,1,12,,37268,10,,,1,54,,37269,10,,,1,12,,37270,10,,,1,12,,37271,10,,,1,12,,37272,10,,,1,12,,37273,10,,,1,10,,37274,10,,,1,52,,37275,10,,,1,12,,37276,10,,,1,12,,37277,10,,,1,9,,37278,10,,,1,10,,37279,10,,,1,52,,37280,10,,,1,12,,37281,10,,,1,9,,37282,10,,,1,12,,37283,10,,,1,12,,37284,10,,,1
6010201,'2',905,,37297,10,,,1,16,,37298,10,,,1,16,,37299,10,,,1,20,,37300,10,,,1,56,,37301,10,,,1,16,,37302,10,,,1,16,,37303,10,,,1,56,,37304,10,,,1,18,,37305,10,,,1,16,,37306,10,,,1,18,,37307,10,,,1,56,,37308,10,,,1,16,,37309,10,,,1,16,,37310,10,,,1,16,,37311,10,,,1,58,,37312,10,,,1,13,,37313,10,,,1,15,,37314,10,,,1,15,,37315,10,,,1,55,,37316,10,,,1,15,,37317,10,,,1,15,,37318,10,,,1,15,,37319,10,,,1,55,,37320,10,,,1,15,,37321,10,,,1,15,,37322,10,,,1,15,,37323,10,,,1,55,,37324,10,,,1,15,,37325,10,,,1,15,,37326,10,,,1,15,,37327,10,,,1,55,,37328,10,,,1,15,,37329,10,,,1,15,,37330,10,,,1,15,,37331,10,,,1,53,,37332,10,,,1,15,,37333,10,,,1,14,,37334,10,,,1,15,,37335,10,,,1,54,,37336,10,,,1,14,,37337,10,,,1,12,,37338,10,,,1,15,,37339,10,,,1,55,,37340,10,,,1,15,,37341,10,,,1
6010201,'3',940,,37342,10,,,1,64,,37343,10,,,1,20,,37344,10,,,1,20,,37345,10,,,1,61,,37346,10,,,1,21,,37347,10,,,1,24,,37348,10,,,1,61,,37349,10,,,1,21,,37350,10,,,1,21,,37351,10,,,1,62,,37352,10,,,1,21,,37353,10,,,1,21,,37354,10,,,1,61,,37355,10,,,1,21,,37356,10,,,1,61,,37357,10,,,1,21,,37358,10,,,1,22,,37359,10,,,1,63,,37360,10,,,1,21,,37361,10,,,1,20,,37362,10,,,1,61,,37363,10,,,1,21,,37364,10,,,1,21,,37365,10,,,1,57,,37366,10,,,1,21,,37367,10,,,1,19,,37368,10,,,1,59,,37369,10,,,1,21,,37370,10,,,1,19,,37371,10,,,1,61,,37372,10,,,1,18,,37373,10,,,1,21,,37374,10,,,1
6010201,'74',905,,37375,10,,,1,16,,37376,10,,,1,16,,37377,10,,,1,20,,37378,10,,,1,56,,37379,10,,,1,16,,37380,10,,,1,16,,37381,10,,,1,56,,37382,10,,,1,18,,37383,10,,,1,16,,37384,10,,,1,18,,37385,10,,,1,56,,37386,10,,,1,16,,37387,10,,,1,16,,37388,10,,,1,16,,37389,10,,,1,58,,37390,10,,,1,13,,37391,10,,,1,15,,37392,10,,,1,15,,37393,10,,,1,55,,37394,10,,,1,15,,37395,10,,,1,15,,37396,10,,,1,15,,37397,10,,,1,55,,37398,10,,,1,15,,37399,10,,,1,15,,37400,10,,,1,15,,37401,10,,,1,55,,37402,10,,,1,15,,37403,10,,,1,15,,37404,10,,,1,15,,37405,10,,,1,55,,37406,10,,,1,15,,37407,10,,,1,15,,37408,10,,,1,15,,37409,10,,,1,53,,37410,10,,,1,15,,37411,10,,,1,14,,37412,10,,,1,15,,37413,10,,,1,54,,37414,10,,,1,14,,37415,10,,,1,12,,37416,10,,,1,15,,37417,10,,,1,55,,37418,10,,,1,15,,37419,10,,,1
6010201,'80',940,,37420,10,,,1,64,,37421,10,,,1,20,,37422,10,,,1,20,,37423,10,,,1,61,,37424,10,,,1,21,,37425,10,,,1,24,,37426,10,,,1,61,,37427,10,,,1,21,,37428,10,,,1,21,,37429,10,,,1,62,,37430,10,,,1,21,,37431,10,,,1,21,,37432,10,,,1,61,,37433,10,,,1,21,,37434,10,,,1,61,,37435,10,,,1,21,,37436,10,,,1,22,,37437,10,,,1,63,,37438,10,,,1,21,,37439,10,,,1,20,,37440,10,,,1,61,,37441,10,,,1,21,,37442,10,,,1,21,,37443,10,,,1,57,,37444,10,,,1,21,,37445,10,,,1,19,,37446,10,,,1,59,,37447,10,,,1,21,,37448,10,,,1,19,,37449,10,,,1,61,,37450,10,,,1,18,,37451,10,,,1,21,,37452,10,,,1
