901,'1',653,,26167,53,,,1,69,,26160,53,,,1,35,,26161,53,,,1,73,,26162,53,,,1,73,,26163,53,,,1,33,,26164,53,,,1,73,,26165,53,,,1,33,,26166,53,,,1,70,,26174,53,,,1,44,,26168,53,,,1,84,,26169,53,,,1,84,,26170,53,,,1,86,,26171,53,,,1,44,,26172,53,,,1,101,,26173,53,,,1,82,,26175,53,,,1,73,,26176,53,,,1,33,,26177,53,,,1,76,,26178,53,,,1,88,,26179,53,,,1,31,,26180,53,,,1,78,,26181,53,,,1,38,,26182,53,,,1,71,,26183,53,,,1
901,'2',750,,26184,53,,,1,79,,26185,53,,,1,79,,26186,53,,,1,39,,26187,53,,,1,79,,26188,53,,,1,79,,26189,53,,,1,39,,26190,53,,,1,79,,26191,53,,,1,84,,26192,53,,,1,41,,26193,53,,,1,81,,26194,53,,,1,81,,26195,53,,,1,41,,26196,53,,,1,81,,26197,53,,,1,84,,26198,53,,,1,42,,26199,53,,,1,80,,26200,53,,,1,82,,26201,53,,,1,82,,26202,53,,,1,42,,26203,53,,,1,82,,26204,53,,,1,82,,26205,53,,,1
901,'3',854,,26206,53,,,1,81,,26207,53,,,1,81,,26208,53,,,1,41,,26209,53,,,1,81,,26210,53,,,1,81,,26211,53,,,1,81,,26212,53,,,1,43,,26213,53,,,1,81,,26214,53,,,1,81,,26215,53,,,1,41,,26216,53,,,1,81,,26217,53,,,1,79,,26218,53,,,1,41,,26219,53,,,1,81,,26220,53,,,1,80,,26221,53,,,1,38,,26222,53,,,1,80,,26223,53,,,1
901,'74',750,,26224,53,,,1,79,,26225,53,,,1,79,,26226,53,,,1,39,,26227,53,,,1,79,,26228,53,,,1,79,,26229,53,,,1,39,,26230,53,,,1,79,,26231,53,,,1,84,,26232,53,,,1,41,,26233,53,,,1,81,,26234,53,,,1,81,,26235,53,,,1,41,,26236,53,,,1,81,,26237,53,,,1,84,,26238,53,,,1,42,,26239,53,,,1,80,,26240,53,,,1,82,,26241,53,,,1,82,,26242,53,,,1,42,,26243,53,,,1,82,,26244,53,,,1,82,,26245,53,,,1
901,'80',854,,26246,53,,,1,81,,26247,53,,,1,81,,26248,53,,,1,41,,26249,53,,,1,81,,26250,53,,,1,81,,26251,53,,,1,81,,26252,53,,,1,43,,26253,53,,,1,81,,26254,53,,,1,81,,26255,53,,,1,41,,26256,53,,,1,81,,26257,53,,,1,79,,26258,53,,,1,41,,26259,53,,,1,81,,26260,53,,,1,80,,26261,53,,,1,38,,26262,53,,,1,80,,26263,53,,,1
1600,'1',539,,26485,30,,,1,62,,26486,30,,,1,10,,26443,51,,,1,22,,26444,51,,,1,67,,26445,51,,,1,22,,26446,51,,,1,26,,26447,51,,,1,62,,26448,51,,,1,18,,26449,51,,,1,26,,26450,51,,,1,62,,26451,51,,,1,22,,26452,51,,,1,68,,26453,51,,,1,29,,26454,51,,,1,75,,26455,51,,,1,27,,26456,51,,,1,71,,26457,51,,,1,31,,26458,51,,,1,71,,26459,51,,,1,31,,26460,51,,,1,71,,26461,51,,,1,23,,26487,30,,,1,12,,26462,51,,,1,66,,26463,51,,,1,23,,26464,51,,,1,23,,26465,51,,,1,63,,26466,51,,,1,23,,26467,51,,,1,68,,26468,51,,,1,23,,26469,51,,,1,23,,26470,51,,,1,63,,26471,51,,,1,23,,26472,51,,,1,58,,26473,51,,,1,17,,26474,51,,,1,23,,26475,51,,,1,63,,26476,51,,,1,23,,26477,51,,,1,23,,26478,51,,,1,56,,26479,51,,,1,34,,26480,51,,,1,74,,26481,51,,,1,34,,26482,51,,,1,71,,26483,51,,,1,34,,26484,51,,,1,74,,26488,51,,,1
1600,'2',646,,26514,30,,,1,73,,26489,51,,,1,38,,26490,51,,,1,83,,26491,51,,,1,78,,26492,51,,,1,38,,26493,51,,,1,78,,26494,51,,,1,78,,26495,51,,,1,38,,26496,51,,,1,78,,26497,51,,,1,78,,26498,51,,,1,45,,26499,51,,,1,81,,26500,51,,,1,83,,26501,51,,,1,41,,26502,51,,,1,77,,26503,51,,,1,81,,26504,51,,,1,41,,26505,51,,,1,81,,26506,51,,,1,81,,26507,51,,,1,31,,26508,51,,,1,76,,26509,51,,,1,79,,26510,51,,,1,33,,26511,51,,,1,73,,26512,51,,,1,37,,26513,51,,,1,75,,26515,51,,,1,36,,26516,51,,,1
1600,'3',727,,26532,30,,,1,95,,26533,30,,,1,91,,26517,51,,,1,97,,26518,51,,,1,95,,26519,51,,,1,95,,26520,51,,,1,57,,26521,51,,,1,99,,26526,51,,,1,96,,26522,51,,,1,98,,26523,51,,,1,98,,26524,51,,,1,96,,26525,51,,,1,92,,26531,51,,,1,92,,26527,51,,,1,89,,26528,51,,,1,92,,26529,51,,,1,49,,26530,51,,,1
1600,'74',646,,26557,30,,,1,73,,26534,51,,,1,38,,26535,51,,,1,83,,26536,51,,,1,78,,26537,51,,,1,38,,26538,51,,,1,78,,26539,51,,,1,78,,26540,51,,,1,38,,26541,51,,,1,78,,26542,51,,,1,78,,26543,51,,,1,45,,26544,51,,,1,81,,26545,51,,,1,83,,26546,51,,,1,41,,26547,51,,,1,77,,26548,51,,,1,81,,26549,51,,,1,41,,26550,51,,,1,81,,26551,51,,,1,81,,26552,51,,,1,31,,26553,51,,,1,76,,26554,51,,,1,79,,26555,51,,,1,33,,26556,51,,,1,73,,26558,51,,,1,37,,26559,51,,,1,75,,26560,51,,,1,36,,26561,51,,,1
1600,'80',727,,26577,30,,,1,95,,26578,30,,,1,91,,26562,51,,,1,97,,26563,51,,,1,95,,26564,51,,,1,95,,26565,51,,,1,57,,26566,51,,,1,99,,26571,51,,,1,96,,26567,51,,,1,98,,26568,51,,,1,98,,26569,51,,,1,96,,26570,51,,,1,92,,26576,51,,,1,92,,26572,51,,,1,89,,26573,51,,,1,92,,26574,51,,,1,49,,26575,51,,,1
