100,'1',521,,23483,2,,,1,38,,23482,2,,,1,73,,23480,2,,,1,72,,23481,2,,,1,29,,23479,2,,,1,75,,23478,2,,,1,35,,23477,2,,,1,114,,23476,2,,,1,153,,23475,2,,,1,112,,23474,2,,,1,112,,23473,2,,,1,87,,23484,2,,,1,33,,23472,2,,,1,71,,23471,2,,,1,77,,23470,2,,,1,31,,23469,2,,,1,74,,23468,2,,,1,34,,23467,2,,,1,74,,23466,2,,,1,31,,23465,2,,,1,100,,23464,2,,,1,107,,23463,2,,,1,100,,23462,2,,,1,95,,23461,2,,,1,99,,23460,2,,,1,89,,23459,2,,,1,95,,23458,2,,,1
100,'74',624,,23485,2,,,1,103,,23486,2,,,1,104,,23487,2,,,1,103,,23488,2,,,1,103,,23489,2,,,1,92,,23490,2,,,1,87,,23491,2,,,1,97,,23492,2,,,1,92,,23493,2,,,1,52,,23494,2,,,1,92,,23495,2,,,1,92,,23496,2,,,1,92,,23497,2,,,1,92,,23498,2,,,1,91,,23499,2,,,1,92,,23500,2,,,1,92,,23501,2,,,1,57,,23502,2,,,1,97,,23503,2,,,1,97,,23504,2,,,1,97,,23505,2,,,1,97,,23506,2,,,1
100,'80',811,,23508,2,,,1,113,,23509,2,,,1,112,,23510,2,,,1,112,,23511,2,,,1,152,,23512,2,,,1,112,,23513,2,,,1,112,,23514,2,,,1,112,,23515,2,,,1,112,,23516,2,,,1,111,,23517,2,,,1,99,,23518,2,,,1,99,,23519,2,,,1,99,,23520,2,,,1,99,,23521,2,,,1,99,,23522,2,,,1
100,'35296.2',624,,23524,2,,,1,103,,23525,2,,,1,104,,23526,2,,,1,103,,23527,2,,,1,103,,23528,2,,,1,92,,23529,2,,,1,87,,23530,2,,,1,97,,23531,2,,,1,92,,23532,2,,,1,52,,23533,2,,,1,92,,23534,2,,,1,92,,23535,2,,,1,92,,23536,2,,,1,92,,23537,2,,,1,91,,23538,2,,,1,92,,23539,2,,,1,92,,23540,2,,,1,57,,23541,2,,,1,97,,23542,2,,,1,97,,23543,2,,,1,97,,23544,2,,,1,97,,23545,2,,,1
100,'35296.3',811,,23547,2,,,1,113,,23548,2,,,1,112,,23549,2,,,1,112,,23550,2,,,1,152,,23551,2,,,1,112,,23552,2,,,1,112,,23553,2,,,1,112,,23554,2,,,1,112,,23555,2,,,1,111,,23556,2,,,1,99,,23557,2,,,1,99,,23558,2,,,1,99,,23559,2,,,1,99,,23560,2,,,1,99,,23561,2,,,1
100,'35298.2',624,,23614,2,,,1,77,,23563,2,,,1,17,,23564,2,,,1,18,,23565,2,,,1,17,,23566,2,,,1,57,,23567,2,,,1,17,,23568,2,,,1,17,,23569,2,,,1,57,,23570,2,,,1,17,,23571,2,,,1,17,,23572,2,,,1,17,,23573,2,,,1,57,,23574,2,,,1,17,,23575,2,,,1,17,,23576,2,,,1,57,,23577,2,,,1,17,,23578,2,,,1,17,,23579,2,,,1,17,,23580,2,,,1,57,,23581,2,,,1,17,,23582,2,,,1,17,,23583,2,,,1,17,,23584,2,,,1,57,,23585,2,,,1,17,,23586,2,,,1,17,,23587,2,,,1,57,,23588,2,,,1,17,,23589,2,,,1,17,,23590,2,,,1,17,,23591,2,,,1,57,,23592,2,,,1,17,,23593,2,,,1,17,,23594,2,,,1,57,,23595,2,,,1,17,,23596,2,,,1,17,,23597,2,,,1,17,,23598,2,,,1,57,,23599,2,,,1,17,,23600,2,,,1,17,,23601,2,,,1,57,,23602,2,,,1,17,,23603,2,,,1,17,,23604,2,,,1,17,,23605,2,,,1,60,,23606,2,,,1,92,,23607,2,,,1,92,,23608,2,,,1,57,,23609,2,,,1,97,,23610,2,,,1,97,,23611,2,,,1,97,,23612,2,,,1,97,,23613,2,,,1
100,'35298.3',701,,23616,2,,,1,17,,23617,2,,,1,17,,23618,2,,,1,17,,23619,2,,,1,57,,23620,2,,,1,17,,23621,2,,,1,17,,23622,2,,,1,58,,23623,2,,,1,17,,23624,2,,,1,17,,23625,2,,,1,17,,23626,2,,,1,57,,23627,2,,,1,17,,23628,2,,,1,17,,23629,2,,,1,57,,23630,2,,,1,17,,23631,2,,,1,17,,23632,2,,,1,17,,23633,2,,,1,57,,23634,2,,,1,17,,23635,2,,,1,17,,23636,2,,,1,17,,23637,2,,,1,57,,23638,2,,,1,17,,23639,2,,,1,17,,23640,2,,,1,57,,23641,2,,,1,17,,23642,2,,,1,17,,23643,2,,,1,17,,23644,2,,,1,57,,23645,2,,,1,17,,23646,2,,,1,17,,23647,2,,,1,57,,23648,2,,,1,17,,23649,2,,,1,17,,23650,2,,,1,17,,23651,2,,,1,57,,23652,2,,,1,17,,23653,2,,,1,17,,23654,2,,,1,57,,23655,2,,,1,17,,23656,2,,,1,17,,23657,2,,,1,16,,23658,2,,,1,103,,23659,2,,,1,99,,23660,2,,,1,99,,23661,2,,,1,99,,23662,2,,,1,99,,23663,2,,,1
9900,'1',344,,31638,2,,,1,80,,31639,2,,,1,32,,31612,22,,,1,81,,31613,22,,,1,80,,31614,22,,,1,42,,31615,22,,,1,93,,31616,22,,,1,75,,31617,22,,,1,78,,31618,22,,,1,31,,31619,22,,,1,75,,31620,22,,,1,35,,31621,22,,,1,98,,31622,22,,,1,94,,31623,22,,,1,94,,31624,22,,,1,94,,31625,22,,,1,33,,31637,22,,,1,71,,31636,22,,,1,29,,31626,22,,,1,70,,31627,22,,,1,30,,31628,22,,,1,70,,31629,22,,,1,30,,31630,22,,,1,68,,31631,22,,,1,30,,31632,22,,,1,65,,31633,22,,,1,30,,31634,22,,,1,68,,31635,22,,,1
9900,'2',504,,31658,2,,,1,37,,31659,2,,,1,73,,31640,22,,,1,38,,31641,22,,,1,78,,31655,22,,,1,89,,31654,22,,,1,87,,31642,22,,,1,47,,31643,22,,,1,87,,31644,22,,,1,88,,31645,22,,,1,106,,31646,22,,,1,95,,31647,22,,,1,95,,31648,22,,,1,95,,31649,22,,,1,95,,31650,22,,,1,95,,31651,22,,,1,95,,31652,22,,,1,55,,31653,22,,,1,86,,31657,22,,,1,90,,31656,22,,,1
9900,'3',506,,31678,2,,,1,38,,31679,2,,,1,78,,31660,22,,,1,78,,31661,22,,,1,38,,31662,22,,,1,78,,31663,22,,,1,92,,31680,22,,,1,49,,31664,22,,,1,89,,31665,22,,,1,89,,31666,22,,,1,91,,31667,22,,,1,89,,31668,22,,,1,89,,31669,22,,,1,49,,31670,22,,,1,89,,31671,22,,,1,89,,31672,22,,,1,89,,31673,22,,,1,87,,31674,22,,,1,49,,31675,22,,,1,89,,31676,22,,,1,85,,31677,22,,,1
9900,'74',504,,31699,2,,,1,37,,31700,2,,,1,73,,31681,22,,,1,38,,31682,22,,,1,78,,31696,22,,,1,89,,31695,22,,,1,87,,31683,22,,,1,47,,31684,22,,,1,87,,31685,22,,,1,88,,31686,22,,,1,106,,31687,22,,,1,95,,31688,22,,,1,95,,31689,22,,,1,95,,31690,22,,,1,95,,31691,22,,,1,95,,31692,22,,,1,95,,31693,22,,,1,55,,31694,22,,,1,86,,31698,22,,,1,90,,31697,22,,,1
9900,'80',506,,31719,2,,,1,38,,31720,2,,,1,78,,31701,22,,,1,78,,31702,22,,,1,38,,31703,22,,,1,78,,31704,22,,,1,92,,31721,22,,,1,49,,31705,22,,,1,89,,31706,22,,,1,89,,31707,22,,,1,91,,31708,22,,,1,89,,31709,22,,,1,89,,31710,22,,,1,49,,31711,22,,,1,89,,31712,22,,,1,89,,31713,22,,,1,89,,31714,22,,,1,87,,31715,22,,,1,49,,31716,22,,,1,89,,31717,22,,,1,85,,31718,22,,,1
989900,'1',2053,,36830,22,,,1,76,,36831,22,,,1,78,,36832,22,,,1,38,,36833,22,,,1,75,,36834,22,,,1,34,,36835,22,,,1,75,,36836,22,,,1,75,,36837,22,,,1,35,,36838,22,0,5 6,1,75,,36839,22,0,5 6,1,41,,36840,22,0,5 6,1
989900,'2',2056,,36841,22,,,1,94,,36842,22,,,1,90,,36843,22,,,1,94,,36844,22,,,1,86,,36845,22,,,1,86,,36846,22,,,1,45,,36847,22,0,5 6,1,86,,36848,22,0,5 6,1,86,,36849,22,0,5 6,1
989900,'3',2113,,36850,22,,,1,90,,36851,22,,,1,49,,36852,22,,,1,90,,36853,22,,,1,82,,36854,22,,,1,83,,36855,22,,,1,40,,36856,22,0,5 6,1,83,,36857,22,0,5 6,1,83,,36858,22,0,5 6,1
989900,'74',2056,,36859,22,,,1,94,,36860,22,,,1,90,,36861,22,,,1,94,,36862,22,,,1,86,,36863,22,,,1,86,,36864,22,,,1,45,,36865,22,0,5 6,1,86,,36866,22,0,5 6,1,86,,36867,22,0,5 6,1
989900,'80',2113,,36868,22,,,1,90,,36869,22,,,1,49,,36870,22,,,1,90,,36871,22,,,1,82,,36872,22,,,1,83,,36873,22,,,1,40,,36874,22,0,5 6,1,83,,36875,22,0,5 6,1,83,,36876,22,0,5 6,1
