9601,'1',524,,6986,61,,,1,30,,6987,61,,,1,69,,6988,61,,,1,30,,6989,61,,,1,82,,6990,61,,,1,76,,6991,61,,,1,38,,6992,61,,,1,67,,6993,61,,,1,33,,6994,61,,,1,72,,6995,61,,,1,79,,6996,61,,,1,38,,6997,57,,,1,83,,6998,57,,,1,35,,6999,57,,,1,72,,7000,57,,,1,86,,7001,57,,,1,41,,7002,57,,,1,61,,7021,57,,,1,18,,7003,57,,,1,71,,7004,57,,,1,27,,7005,57,,,1,70,,7006,61,,,1,27,,7007,61,,,1,26,,7008,61,,,1,63,,7009,61,,,1,18,,7010,61,,,1,65,,7011,61,,,1,25,,7012,61,,,1,25,,7013,61,,,1,62,,7014,57,,,1,25,,7015,57,,,1,67,,7016,57,,,1,30,,7017,57,,,1,70,,7018,57,,,1,30,,7019,57,,,1,24,,7020,57,,,1
9601,'2',850,,7022,57,,,1,99,,7023,57,,,1,101,,7024,57,,,1,99,,7025,57,,,1,99,,7026,57,,,1,98,,7027,57,,,1,99,,7028,57,,,1,99,,7029,57,,,1,99,,7030,57,,,1,99,,7031,57,,,1,88,,7032,57,,,1,90,,7033,57,,,1,97,,7034,57,,,1
9601,'3',950,,7035,57,,,1,94,,7036,57,,,1,94,,7037,57,,,1,94,,7038,57,,,1,94,,7039,57,,,1,94,,7040,57,,,1,95,,7041,57,,,1,94,,7042,57,,,1,50,,7043,57,,,1,94,,7044,57,,,1,92,,7045,57,,,1,94,,7046,57,,,1
9601,'80',950,,7047,57,,,1,94,,7048,57,,,1,94,,7049,57,,,1,94,,7050,57,,,1,94,,7051,57,,,1,94,,7052,57,,,1,95,,7053,57,,,1,94,,7054,57,,,1,50,,7055,57,,,1,94,,7056,57,,,1,92,,7057,57,,,1,94,,7058,57,,,1
9601,'81',950,,7059,57,,,1,94,,7060,57,,,1,94,,7061,57,,,1,94,,7062,57,,,1,94,,7063,57,,,1,94,,7064,57,,,1,95,,7065,57,,,1,94,,7066,57,,,1,50,,7067,57,,,1,94,,7068,57,,,1,92,,7069,57,,,1,94,,7070,57,,,1
10701,'1',519,,8063,4,,,1,24,,8062,4,,,1,65,,8061,4,,,1,24,,8060,4,,,1,24,,8059,4,,,1,56,,8058,4,,,1,20,,8057,4,,,1,12,,8056,4,,,1,60,,8055,4,,,1,16,,8054,4,,,1,16,,8053,4,,,1,10,,8052,4,,,1,12,,8050,4,4,,1,56,,8049,4,4,,1,19,,8039,4,,,1,80,,8047,4,,,1,42,,8045,4,,,1,82,,8044,4,,,1,82,,8043,4,,,1,87,,8042,4,,,1,42,,8041,4,,,1,68,,8051,4,,,1,14,,8040,4,,,1,23,,8038,4,,,1,58,,8037,4,,,1,18,,8036,4,,,1,18,,8035,4,,,1,62,,8034,4,,,1,18,,8033,4,,,1,18,,8032,4,,,1,63,,8031,4,,,1,18,,8030,4,,,1,18,,8029,4,,,1,15,,8028,4,,,1,58,,8027,4,,,1,18,,8026,4,,,1,15,,8048,4,4,,1,51,,8025,4,,,1,18,,8023,4,,,1,38,,8046,4,,,1,81,,8024,4,,,1,77,,8073,4,,,1,38,,8072,4,,,1,73,,8071,4,,,1,74,,8070,4,,,1,34,,8069,4,,,1,74,,8068,4,,,1,34,,8067,4,,,1,74,,8066,4,,,1,34,,8065,4,,,1,74,,8064,4,,,1,27,,8074,4,4,,1,74,,8075,4,4,,1
10701,'2',653,,8100,4,,,1,79,,8101,4,,,1,77,,8102,4,,,1,37,,8103,4,,,1,77,,8104,4,,,1,77,,8105,4,,,1,37,,8106,4,,,1,77,,8107,4,,,1,37,,8108,4,,,1,77,,8109,4,,,1,76,,8077,4,,,1,37,,8078,4,,,1,77,,8080,4,,,1,37,,8081,4,,,1,77,,8082,4,,,1,77,,8083,4,,,1,35,,8084,4,,,1,77,,8085,4,,,1,37,,8086,4,,,1,77,,8087,4,,,1,77,,8088,4,,,1,37,,8089,4,,,1,77,,8090,4,,,1,77,,8091,4,,,1,37,,8092,4,,,1,77,,8079,4,,,1,37,,8093,4,,,1,77,,8094,4,,,1,77,,8095,4,,,1,37,,8096,4,,,1,76,,8076,4,,,1,35,,8097,4,,,1,71,,8098,4,4,,1,77,,8099,4,4,,1
10701,'3',733,,8122,4,,,1,77,,8123,4,,,1,34,,8124,4,,,1,77,,8125,4,,,1,38,,8126,4,,,1,77,,8127,4,,,1,77,,8121,4,,,1,37,,8128,4,,,1,77,,8129,4,,,1,77,,8130,4,,,1,37,,8131,4,,,1,77,,8132,4,,,1,35,,8133,4,,,1,77,,8134,4,,,1,77,,8135,4,,,1,37,,8137,4,,,1,77,,8138,4,,,1,37,,8136,4,,,1,77,,8118,4,,,1,77,,8139,4,,,1,37,,8140,4,,,1,77,,8141,4,,,1,77,,8142,4,,,1,37,,8110,4,,,1,77,,8111,4,,,1,37,,8112,4,,,1,77,,8113,4,,,1,77,,8114,4,,,1,36,,8115,4,,,1,77,,8116,4,,,1,37,,8117,4,,,1,69,,8119,4,4,,1,77,,8120,4,4,,1
10701,'80',733,,8155,4,,,1,77,,8156,4,,,1,34,,8157,4,,,1,77,,8158,4,,,1,38,,8159,4,,,1,77,,8160,4,,,1,77,,8154,4,,,1,37,,8161,4,,,1,77,,8162,4,,,1,77,,8163,4,,,1,37,,8164,4,,,1,77,,8165,4,,,1,35,,8166,4,,,1,77,,8167,4,,,1,77,,8168,4,,,1,37,,8170,4,,,1,77,,8171,4,,,1,37,,8169,4,,,1,77,,8151,4,,,1,77,,8172,4,,,1,37,,8173,4,,,1,77,,8174,4,,,1,77,,8175,4,,,1,37,,8143,4,,,1,77,,8144,4,,,1,37,,8145,4,,,1,77,,8146,4,,,1,77,,8147,4,,,1,36,,8148,4,,,1,77,,8149,4,,,1,37,,8150,4,,,1,69,,8152,4,4,,1,77,,8153,4,4,,1
10701,'81',733,,8188,4,,,1,77,,8189,4,,,1,34,,8190,4,,,1,77,,8191,4,,,1,38,,8192,4,,,1,77,,8193,4,,,1,77,,8187,4,,,1,37,,8194,4,,,1,77,,8195,4,,,1,77,,8196,4,,,1,37,,8197,4,,,1,77,,8198,4,,,1,35,,8199,4,,,1,77,,8200,4,,,1,77,,8201,4,,,1,37,,8203,4,,,1,77,,8204,4,,,1,37,,8202,4,,,1,77,,8184,4,,,1,77,,8205,4,,,1,37,,8206,4,,,1,77,,8207,4,,,1,77,,8208,4,,,1,37,,8176,4,,,1,77,,8177,4,,,1,37,,8178,4,,,1,77,,8179,4,,,1,77,,8180,4,,,1,36,,8181,4,,,1,77,,8182,4,,,1,37,,8183,4,,,1,69,,8185,4,4,,1,77,,8186,4,4,,1
46300,'24611.1',800,,9299,8,,,1
