9801,'1',540,,31521,46,,,1,75,,31520,46,,,1,37,,31519,46,,,1,75,,31518,46,,,1,76,,31517,46,,,1,35,,31516,46,,,1,75,,31515,46,,,1,35,,31514,46,,,1,75,,31525,46,,,1,101,,31524,46,,,1,98,,31523,46,,,1,98,,31522,46,,,1,102,,31537,46,,,1,80,,31536,46,,,1,40,,31535,46,,,1,80,,31534,46,,,1,80,,31533,46,,,1,40,,31532,46,,,1,80,,31531,46,,,1,36,,31530,46,,,1,78,,31529,46,,,1,91,,31528,46,,,1,87,,31527,46,,,1,88,,31526,46,,,1
9801,'2',546,,31556,46,,,1,86,,31555,46,,,1,86,,31554,46,,,1,86,,31553,46,,,1,49,,31552,46,,,1,96,,31551,46,,,1,94,,31550,46,,,1,98,,31549,46,,,1,94,,31548,46,,,1,102,,31547,46,,,1,98,,31546,46,,,1,98,,31545,46,,,1,95,,31544,46,,,1,98,,31543,46,,,1,98,,31542,46,,,1,94,,31541,46,,,1,86,,31540,46,,,1,49,,31539,46,,,1,87,,31538,46,,,1
9801,'3',729,,31573,46,,,1,88,,31574,46,,,1,90,,31572,46,,,1,48,,31571,46,,,1,88,,31570,46,,,1,96,,31569,46,,,1,93,,31568,46,,,1,93,,31567,46,,,1,95,,31566,46,,,1,93,,31565,46,,,1,93,,31564,46,,,1,53,,31563,46,,,1,93,,31562,46,,,1,90,,31561,46,,,1,86,,31560,46,,,1,86,,31559,46,,,1,87,,31558,46,,,1,48,,31557,46,,,1
9801,'74',546,,31593,46,,,1,86,,31592,46,,,1,86,,31591,46,,,1,86,,31590,46,,,1,49,,31589,46,,,1,96,,31588,46,,,1,94,,31587,46,,,1,98,,31586,46,,,1,94,,31585,46,,,1,102,,31584,46,,,1,98,,31583,46,,,1,98,,31582,46,,,1,95,,31581,46,,,1,98,,31580,46,,,1,98,,31579,46,,,1,94,,31578,46,,,1,86,,31577,46,,,1,49,,31576,46,,,1,87,,31575,46,,,1
9801,'80',729,,31610,46,,,1,88,,31611,46,,,1,90,,31609,46,,,1,48,,31608,46,,,1,88,,31607,46,,,1,96,,31606,46,,,1,93,,31605,46,,,1,93,,31604,46,,,1,95,,31603,46,,,1,93,,31602,46,,,1,93,,31601,46,,,1,53,,31600,46,,,1,93,,31599,46,,,1,90,,31598,46,,,1,86,,31597,46,,,1,86,,31596,46,,,1,87,,31595,46,,,1,48,,31594,46,,,1
989901,'1',2219,,36877,46,,,1,31,,36878,46,,,1,78,,36879,46,,,1,76,,36880,46,,,1,35,,36881,46,,,1,71,,36882,46,,,1,35,,36883,46,,,1,75,,36884,46,,,1
989901,'2',2225,,36885,46,,,1,91,,36886,46,,,1,43,,36887,46,,,1,91,,36890,46,,,1,85,,36888,46,,,1,86,,36889,46,,,1
989901,'3',2237,,36891,46,,,1,88,,36892,46,,,1,83,,36893,46,,,1,49,,36894,46,,,1,79,,36895,46,,,1,83,,36896,46,,,1
989901,'74',2225,,36897,46,,,1,91,,36898,46,,,1,43,,36899,46,,,1,91,,36902,46,,,1,85,,36900,46,,,1,86,,36901,46,,,1
989901,'80',2237,,36903,46,,,1,88,,36904,46,,,1,83,,36905,46,,,1,49,,36906,46,,,1,79,,36907,46,,,1,83,,36908,46,,,1
