8600,'1',552,,5698,10,,,1,75,,5699,10,,,1,25,,5700,10,,,1,70,,5701,10,,,1,21,,5702,10,,,1,66,,5703,10,,,1,38,,5704,10,,,1,83,,5716,10,,,1,79,,5705,10,,,1,94,,5706,10,,,1,54,,5707,10,,,1,87,,5708,10,,,1,96,,5709,10,,,1,79,,5710,10,,,1,106,,5711,10,,,1,89,,5712,10,,,1,28,,5717,10,,,1,85,,5714,10,,,1,73,,5713,10,,,1,27,,5715,10,,,1,19,,5718,10,,,1,81,,5719,10,,,1,88,,5720,10,,,1,40,,5722,10,,,1,81,,5721,10,,,1
8600,'2',753,,5723,10,,,1,86,,5724,10,,,1,85,,5725,10,,,1,86,,5726,10,,,1,46,,5727,10,,,1,86,,5728,10,,,1,88,,5729,10,,,1,86,,5730,10,,,1,86,,5731,10,,,1,44,,5732,10,,,1,86,,5733,10,,,1,86,,5734,10,,,1,86,,5735,10,,,1,45,,5736,10,,,1,86,,5737,10,,,1,86,,5738,10,,,1
9900,'1',347,,7281,8,,,1,80,,7282,8,,,1,32,,7255,28,,,1,81,,7256,28,,,1,80,,7257,28,,,1,83,,7258,28,,,1,54,,7259,28,,,1,75,,7260,28,,,1,78,,7261,28,,,1,31,,7262,28,,,1,75,,7263,28,,,1,35,,7264,28,,,1,98,,7265,28,,,1,94,,7266,28,,,1,94,,7267,28,,,1,94,,7268,28,,,1,75,,7280,28,,,1,31,,7279,28,,,1,69,,7269,28,,,1,30,,7270,28,,,1,70,,7271,28,,,1,30,,7272,28,,,1,70,,7273,28,,,1,27,,7274,28,,,1,70,,7275,28,,,1,24,,7276,28,,,1,30,,7277,28,,,1,68,,7278,28,,,1
9900,'2',507,,7301,8,,,1,37,,7302,8,,,1,73,,7283,28,,,1,39,,7284,28,,,1,78,,7298,28,,,1,90,,7297,28,,,1,87,,7285,28,,,1,47,,7286,28,,,1,87,,7287,28,,,1,88,,7288,28,,,1,106,,7289,28,,,1,95,,7290,28,,,1,95,,7291,28,,,1,96,,7292,28,,,1,95,,7293,28,,,1,94,,7294,28,,,1,95,,7295,28,,,1,95,,7296,28,,,1,46,,7300,28,,,1,90,,7299,28,,,1
9900,'3',509,,7321,8,,,1,38,,7322,8,,,1,79,,7303,28,,,1,78,,7304,28,,,1,38,,7305,28,,,1,78,,7306,28,,,1,92,,7323,28,,,1,89,,7307,28,,,1,49,,7308,28,,,1,89,,7309,28,,,1,92,,7310,28,,,1,89,,7311,28,,,1,89,,7312,28,,,1,49,,7313,28,,,1,89,,7314,28,,,1,89,,7315,28,,,1,89,,7316,28,,,1,87,,7317,28,,,1,89,,7318,28,,,1,49,,7319,28,,,1,84,,7320,28,,,1
9900,'80',509,,7342,8,,,1,38,,7343,8,,,1,79,,7324,28,,,1,78,,7325,28,,,1,38,,7326,28,,,1,78,,7327,28,,,1,92,,7344,28,,,1,89,,7328,28,,,1,49,,7329,28,,,1,89,,7330,28,,,1,92,,7331,28,,,1,89,,7332,28,,,1,89,,7333,28,,,1,49,,7334,28,,,1,89,,7335,28,,,1,89,,7336,28,,,1,89,,7337,28,,,1,87,,7338,28,,,1,89,,7339,28,,,1,49,,7340,28,,,1,84,,7341,28,,,1
9900,'81',509,,7363,8,,,1,38,,7364,8,,,1,79,,7345,28,,,1,78,,7346,28,,,1,38,,7347,28,,,1,78,,7348,28,,,1,92,,7365,28,,,1,89,,7349,28,,,1,49,,7350,28,,,1,89,,7351,28,,,1,92,,7352,28,,,1,89,,7353,28,,,1,89,,7354,28,,,1,49,,7355,28,,,1,89,,7356,28,,,1,89,,7357,28,,,1,89,,7358,28,,,1,87,,7359,28,,,1,89,,7360,28,,,1,49,,7361,28,,,1,84,,7362,28,,,1
989900,'1',2057,,11580,28,,,1,76,,11581,28,,,1,78,,11582,28,,,1,38,,11583,28,,,1,75,,11584,28,,,1,33,,11585,28,,,1,75,,11586,28,,,1,75,,11587,28,,,1,35,,11588,28,0,5 6,1,75,,11589,28,0,5 6,1,41,,11590,28,0,5 6,1
989900,'2',2100,,11591,28,,,1,54,,11592,28,,,1,90,,11593,28,,,1,93,,11594,28,,,1,86,,11595,28,,,1,86,,11596,28,,,1,45,,11597,28,0,5 6,1,86,,11598,28,0,5 6,1,86,,11599,28,0,5 6,1
989900,'3',2117,,11600,28,,,1,90,,11601,28,,,1,48,,11602,28,,,1,90,,11603,28,,,1,82,,11604,28,,,1,83,,11605,28,,,1,40,,11606,28,0,5 6,1,83,,11607,28,0,5 6,1,83,,11608,28,0,5 6,1
989900,'80',2117,,11609,28,,,1,90,,11610,28,,,1,48,,11611,28,,,1,90,,11612,28,,,1,82,,11613,28,,,1,83,,11614,28,,,1,40,,11615,28,0,5 6,1,83,,11616,28,0,5 6,1,83,,11617,28,0,5 6,1
989900,'81',2117,,11618,28,,,1,90,,11619,28,,,1,48,,11620,28,,,1,90,,11621,28,,,1,82,,11622,28,,,1,83,,11623,28,,,1,40,,11624,28,0,5 6,1,83,,11625,28,0,5 6,1,83,,11626,28,0,5 6,1
