1601,'1',527,,26620,21,,,1,22,,26621,21,,,1,62,,26622,21,,,1,22,,26623,21,,,1,4,,26588,62,,,1,68,,26587,62,,,1,22,,26579,62,,,1,22,,26580,62,,,1,69,,26581,62,,,1,22,,26582,62,,,1,62,,26583,62,,,1,22,,26584,62,,,1,8,,26585,62,,,1,26,,26586,62,,,1,61,,26599,62,,,1,24,,26598,62,,,1,68,,26589,62,,,1,33,,26590,62,,,1,71,,26591,62,,,1,29,,26592,62,,,1,71,,26593,62,,,1,31,,26594,62,,,1,69,,26595,62,,,1,26,,26624,21,,,1,12,,26596,62,,,1,71,,26597,62,,,1,21,,26616,62,,,1,63,,26615,62,,,1,23,,26600,62,,,1,17,,26601,62,,,1,69,,26602,62,,,1,24,,26603,62,,,1,63,,26604,62,,,1,23,,26605,62,,,1,20,,26606,62,,,1,63,,26607,62,,,1,13,,26608,62,,,1,23,,26609,62,,,1,63,,26610,62,,,1,23,,26611,62,,,1,23,,26612,62,,,1,63,,26613,62,,,1,19,,26614,62,,,1,68,,26619,62,,,1,34,,26617,62,,,1,70,,26618,62,,,1,34,,26625,62,,,1
1601,'2',635,,26652,21,,,1,78,,26653,21,,,1,30,,26635,62,,,1,80,,26626,62,,,1,78,,26627,62,,,1,41,,26628,62,,,1,78,,26629,62,,,1,38,,26630,62,,,1,78,,26631,62,,,1,79,,26632,62,,,1,38,,26633,62,,,1,78,,26634,62,,,1,84,,26644,62,,,1,43,,26636,62,,,1,81,,26637,62,,,1,81,,26638,62,,,1,37,,26639,62,,,1,81,,26640,62,,,1,81,,26641,62,,,1,81,,26642,62,,,1,37,,26643,62,,,1,79,,26651,62,,,1,32,,26645,62,,,1,76,,26646,62,,,1,78,,26647,62,,,1,31,,26648,62,,,1,76,,26649,62,,,1,33,,26650,62,,,1
1601,'3',824,,26654,62,,,1,95,,26655,62,,,1,97,,26656,62,,,1,95,,26657,62,,,1,95,,26658,62,,,1,95,,26659,62,,,1,101,,26660,62,,,1,54,,26661,62,,,1,98,,26662,62,,,1,98,,26663,62,,,1,97,,26664,62,,,1,92,,26665,62,,,1,89,,26666,62,,,1,92,,26667,62,,,1,92,,26668,62,,,1,89,,26669,62,,,1
1601,'74',635,,26696,21,,,1,78,,26697,21,,,1,30,,26679,62,,,1,80,,26670,62,,,1,78,,26671,62,,,1,41,,26672,62,,,1,78,,26673,62,,,1,38,,26674,62,,,1,78,,26675,62,,,1,79,,26676,62,,,1,38,,26677,62,,,1,78,,26678,62,,,1,84,,26688,62,,,1,43,,26680,62,,,1,81,,26681,62,,,1,81,,26682,62,,,1,37,,26683,62,,,1,81,,26684,62,,,1,81,,26685,62,,,1,81,,26686,62,,,1,37,,26687,62,,,1,79,,26695,62,,,1,32,,26689,62,,,1,76,,26690,62,,,1,78,,26691,62,,,1,31,,26692,62,,,1,76,,26693,62,,,1,33,,26694,62,,,1
1601,'80',824,,26698,62,,,1,95,,26699,62,,,1,97,,26700,62,,,1,95,,26701,62,,,1,95,,26702,62,,,1,95,,26703,62,,,1,101,,26704,62,,,1,54,,26705,62,,,1,98,,26706,62,,,1,98,,26707,62,,,1,97,,26708,62,,,1,92,,26709,62,,,1,89,,26710,62,,,1,92,,26711,62,,,1,92,,26712,62,,,1,89,,26713,62,,,1
8800,'1',530,,30164,2,,,1,15,,30165,2,,,1,55,,30166,2,,,1,10,,30108,31,,,1,15,,30109,31,,,1,17,,30110,31,,,1,15,,30111,31,,,1,59,,30112,31,,,1,15,,30113,31,,,1,14,,30114,31,,,1,58,,30115,31,,,1,7,,30167,31,,,1,7,,30116,31,,,1,14,,30117,31,,,1,14,,30118,31,,,1,14,,30119,31,,,1,54,,30120,31,,,1,14,,30121,31,,,1,11,,30122,31,,,1,14,,30123,31,,,1,54,,30124,31,,,1,14,,30125,31,,,1,14,,30126,31,,,1,14,,30127,31,,,1,54,,30128,31,,,1,30,,30129,31,,,1,70,,30130,31,,,1,30,,30131,31,,,1,73,,30132,31,,,1,30,,30133,31,,,1,82,,30134,31,,,1,10,,30135,31,,,1,30,,30136,31,,,1,57,,30137,31,,,1,15,,30138,31,,,1,19,,30139,31,,,1,55,,30140,31,,,1,15,,30141,31,,,1,15,,30142,31,,,1,17,,30143,31,,,1,53,,30144,31,,,1,15,,30145,31,,,1,15,,30146,31,,,1,14,,30147,31,,,1,55,,30148,31,,,1,11,,30149,31,,,1,15,,30150,31,,,1,13,,30151,31,,,1,14,,30152,31,,,1,51,,30153,31,,,1,14,,30154,31,,,1,12,,30155,31,,,1,14,,30156,31,,,1,54,,30157,31,,,1,14,,30158,31,,,1,14,,30159,31,,,1,81,,30160,31,,,1,35,,30161,31,,,1,81,,30162,31,,,1,81,,30163,31,,,1,30,,30168,31,,,1
8800,'2',518,,30203,2,,,1,29,,30204,2,,,1,69,,30205,2,,,1,29,,30206,2,,,1,67,,30169,31,,,1,29,,30170,31,,,1,80,,30176,31,,,1,34,,30175,31,,,1,74,,30171,31,,,1,72,,30172,31,,,1,37,,30173,31,,,1,74,,30174,31,,,1,42,,30192,31,,,1,69,,30177,31,,,1,29,,30178,31,,,1,69,,30179,31,,,1,29,,30180,31,,,1,69,,30181,31,,,1,29,,30182,31,,,1,69,,30183,31,,,1,28,,30184,31,,,1,69,,30185,31,,,1,29,,30186,31,,,1,69,,30187,31,,,1,29,,30188,31,,,1,69,,30189,31,,,1,29,,30190,31,,,1,69,,30191,31,,,1,21,,30202,31,,,1,26,,30201,31,,,1,65,,30200,31,,,1,24,,30193,31,,,1,67,,30194,31,,,1,24,,30195,31,,,1,66,,30196,31,,,1,26,,30197,31,,,1,23,,30198,31,,,1,66,,30199,31,,,1
8800,'3',715,,30215,13,,,1,31,,30216,13,,,1,69,,30217,13,,,1,28,,30209,31,,,1,71,,30207,31,,,1,31,,30208,31,,,1,79,,30214,31,,,1,35,,30213,31,,,1,75,,30210,31,,,1,75,,30211,31,,,1,38,,30212,31,,,1,75,,30228,31,,,1,29,,30218,31,,,1,70,,30219,31,,,1,29,,30220,31,,,1,69,,30221,31,,,1,29,,30222,31,,,1,70,,30223,31,,,1,29,,30224,31,,,1,69,,30225,31,,,1,26,,30226,31,,,1,67,,30227,31,,,1,25,,30237,31,,,1,66,,30236,31,,,1,23,,30235,31,,,1,25,,30229,31,,,1,65,,30230,31,,,1,25,,30231,31,,,1,65,,30232,31,,,1,25,,30233,31,,,1,21,,30234,31,,,1
8800,'74',518,,30272,2,,,1,29,,30273,2,,,1,69,,30274,2,,,1,29,,30275,2,,,1,67,,30238,31,,,1,29,,30239,31,,,1,80,,30245,31,,,1,34,,30244,31,,,1,74,,30240,31,,,1,72,,30241,31,,,1,37,,30242,31,,,1,74,,30243,31,,,1,42,,30261,31,,,1,69,,30246,31,,,1,29,,30247,31,,,1,69,,30248,31,,,1,29,,30249,31,,,1,69,,30250,31,,,1,29,,30251,31,,,1,69,,30252,31,,,1,28,,30253,31,,,1,69,,30254,31,,,1,29,,30255,31,,,1,69,,30256,31,,,1,29,,30257,31,,,1,69,,30258,31,,,1,29,,30259,31,,,1,69,,30260,31,,,1,21,,30271,31,,,1,26,,30270,31,,,1,65,,30269,31,,,1,24,,30262,31,,,1,67,,30263,31,,,1,24,,30264,31,,,1,66,,30265,31,,,1,26,,30266,31,,,1,23,,30267,31,,,1,66,,30268,31,,,1
8800,'80',715,,30304,13,,,1,31,,30305,13,,,1,69,,30306,13,,,1,28,,30278,31,,,1,71,,30276,31,,,1,31,,30277,31,,,1,79,,30283,31,,,1,35,,30282,31,,,1,75,,30279,31,,,1,75,,30280,31,,,1,38,,30281,31,,,1,75,,30294,31,,,1,29,,30284,31,,,1,70,,30285,31,,,1,29,,30286,31,,,1,69,,30287,31,,,1,29,,30288,31,,,1,70,,30289,31,,,1,29,,30290,31,,,1,69,,30291,31,,,1,26,,30292,31,,,1,67,,30293,31,,,1,25,,30303,31,,,1,66,,30302,31,,,1,23,,30301,31,,,1,25,,30295,31,,,1,65,,30296,31,,,1,25,,30297,31,,,1,65,,30298,31,,,1,25,,30299,31,,,1,21,,30300,31,,,1
