301,'1',513,,24203,3,,,1,32,,24204,3,,,1,72,,24205,3,,,1,32,,24206,3,,,1,72,,24207,3,,,1,32,,24208,3,,,1,72,,24209,3,,,1,32,,24210,3,,,1,72,,24202,3,,,1,77,,24226,3,,,1,46,,24211,3,,,1,86,,24212,3,,,1,86,,24213,3,,,1,86,,24214,3,,,1,46,,24215,3,,,1,86,,24216,3,,,1,67,,24217,3,,,1,32,,24218,3,,,1,72,,24219,3,,,1,32,,24220,3,,,1,72,,24221,3,,,1,32,,24222,3,,,1,72,,24223,3,,,1,32,,24224,3,,,1,66,,24225,3,,,1,29,,24231,3,,,1,66,,24228,3,,,1,43,,24229,3,,,1,80,,24230,3,0,25 26,1
301,'2',751,,24234,3,,,1,103,,24233,3,,,1,103,,24238,3,,,1,145,,24235,3,,,1,105,,24236,3,,,1,105,,24237,3,,,1,105,,24239,3,,,1,106,,24240,3,,,1,106,,24241,3,,,1,106,,24242,3,,,1,106,,24243,3,,,1,102,,24244,3,,,1,102,,24245,3,,,1,102,,24232,3,0,25 26,1
301,'3',911,,24253,3,,,1,102,,24252,3,,,1,102,,24251,3,,,1,102,,24250,3,,,1,102,,24249,3,,,1,102,,24248,3,,,1,102,,24247,3,,,1,102,,24246,3,,,1,102,,24258,3,,,1,102,,24257,3,,,1,102,,24256,3,,,1,98,,24255,3,,,1,98,,24254,3,0,25 26,1
301,'74',751,,24261,3,,,1,103,,24260,3,,,1,103,,24265,3,,,1,145,,24262,3,,,1,105,,24263,3,,,1,105,,24264,3,,,1,105,,24266,3,,,1,106,,24267,3,,,1,106,,24268,3,,,1,106,,24269,3,,,1,106,,24270,3,,,1,102,,24271,3,,,1,102,,24272,3,,,1,102,,24259,3,0,25 26,1
301,'80',911,,24276,3,,,1,102,,24275,3,,,1,102,,24274,3,,,1,102,,24273,3,,,1,102,,24280,3,,,1,102,,24279,3,,,1,102,,24278,3,,,1,102,,24277,3,,,1,102,,24285,3,,,1,102,,24284,3,,,1,102,,24283,3,,,1,98,,24282,3,,,1,98,,24281,3,0,25 26,1
9000,'1',624,,30495,18,,,1,12,,30496,18,,,1,10,,30497,18,,,1,11,,30498,18,,,1,51,,30499,18,,,1,15,,30500,18,,,1,12,,30501,18,,,1,13,,30502,18,,,1,11,,30503,18,,,1,56,,30504,18,,,1,13,,30505,18,,,1,9,,30506,18,,,1,15,,30507,18,,,1,53,,30508,18,,,1,13,,30509,18,,,1,13,,30510,18,,,1,13,,30511,18,,,1,72,,30512,18,,,1,32,,30513,18,,,1,72,,30514,18,,,1,31,,30515,18,,,1,73,,30516,18,,,1,32,,30517,18,,,1,72,,30518,18,,,1,73,,30519,18,,,1,30,,30520,18,,,1,14,,30521,18,,,1,56,,30522,18,,,1,13,,30523,18,,,1,14,,30524,18,,,1,14,,30525,18,,,1,14,,30526,18,,,1,53,,30527,18,,,1,16,,30528,18,,,1,11,,30529,18,,,1,16,,30530,18,,,1,54,,30531,18,,,1,14,,30532,18,,,1,14,,30533,18,,,1,14,,30534,18,,,1,53,,30535,18,,,1,14,,30536,18,,,1,12,,30537,18,,,1,15,,30538,18,,,1,13,,30539,18,,,1,55,,30540,18,,,1,13,,30541,18,,,1,14,,30542,18,,,1,82,,30543,18,,,1,82,,30544,18,,,1,39,,30545,18,,,1,83,,30546,18,,,1,82,,30547,18,,,1,42,,30548,18,,,1
9000,'2',642,,30555,18,,,1,81,,30556,18,,,1,82,,30557,18,,,1,34,,30562,18,,,1,72,,30563,18,,,1,32,,30564,18,,,1,72,,30565,18,,,1,32,,30566,18,,,1,72,,30567,18,,,1,32,,30568,18,,,1,72,,30569,18,,,1,32,,30570,18,,,1,72,,30571,18,,,1,32,,30572,18,,,1,72,,30573,18,,,1,72,,30574,18,,,1,32,,30575,18,,,1,72,,30576,18,,,1,32,,30577,18,,,1,72,,30578,18,,,1,32,,30579,18,,,1,72,,30580,18,,,1,32,,30581,18,,,1,69,,30582,18,,,1,31,,30583,18,,,1,71,,30584,18,,,1,40,,30558,18,,,1,81,,30559,18,,,1,81,,30560,18,,,1,81,,30561,18,,,1,41,,30585,18,,,1,81,,30586,18,,,1
9000,'3',852,,30587,18,,,1,83,,30589,18,,,1,82,,30590,18,,,1,42,,30591,18,,,1,82,,30592,18,,,1,85,,30593,18,,,1,85,,30594,18,,,1,45,,30595,18,,,1,85,,30596,18,,,1,85,,30597,18,,,1,85,,30598,18,,,1,45,,30599,18,,,1,84,,30600,18,,,1,84,,30601,18,,,1,81,,30602,18,,,1,44,,30603,18,,,1,79,,30604,18,,,1,81,,30605,18,,,1,39,,30606,18,,,1,79,,30607,18,,,1
9000,'74',642,,30609,18,,,1,81,,30610,18,,,1,82,,30611,18,,,1,34,,30614,18,,,1,72,,30615,18,,,1,32,,30616,18,,,1,72,,30617,18,,,1,32,,30618,18,,,1,72,,30619,18,,,1,32,,30620,18,,,1,72,,30621,18,,,1,32,,30622,18,,,1,72,,30623,18,,,1,32,,30624,18,,,1,72,,30625,18,,,1,72,,30626,18,,,1,32,,30627,18,,,1,72,,30628,18,,,1,32,,30629,18,,,1,72,,30630,18,,,1,32,,30631,18,,,1,72,,30632,18,,,1,32,,30633,18,,,1,69,,30634,18,,,1,31,,30635,18,,,1,71,,30636,18,,,1,40,,30612,18,,,1,81,,30613,18,,,1,81,,30637,18,,,1,81,,30638,18,,,1,41,,30639,18,,,1,81,,30640,18,,,1
9000,'80',852,,30641,18,,,1,83,,30643,18,,,1,82,,30644,18,,,1,42,,30645,18,,,1,82,,30646,18,,,1,85,,30647,18,,,1,85,,30648,18,,,1,45,,30649,18,,,1,85,,30650,18,,,1,85,,30651,18,,,1,85,,30652,18,,,1,45,,30653,18,,,1,84,,30654,18,,,1,84,,30655,18,,,1,81,,30656,18,,,1,44,,30657,18,,,1,79,,30658,18,,,1,81,,30659,18,,,1,39,,30660,18,,,1,79,,30661,18,,,1
900200,'1',554,,36759,18,,,1,59,,36760,18,,,1,19,,36761,18,,,1,20,,36762,18,,,1,60,,36763,18,,,1,25,,36764,18,,,1,63,,36765,18,,,1,23,,36766,18,,,1,23,,36767,18,,,1,63,,36768,18,,,1,25,,36769,18,,,1,21,,36770,18,,,1,58,,36771,18,,,1,513,,36772,18,0,16 17,1,24,,36773,18,0,16 17,1,63,,36774,18,0,16 17,1,22,,36775,18,0,16 17,1,22,,36776,18,0,16 17,1,65,,36777,18,0,16 17,1,22,,36778,18,0,16 17,1,62,,36779,18,0,16 17,1,23,,36780,18,0,16 17,1,19,,36781,18,0,16 17,1,59,,36782,18,0,16 17,1,19,,36783,18,0,16 17,1
