9601,'1',447,,6986,14,,,1,67,,6987,14,,,1,29,,6988,14,,,1,70,,6989,14,,,1,36,,6990,14,,,1,72,,6991,14,,,1,38,,6992,14,,,1,73,,6993,14,,,1,74,,6994,14,,,1,33,,6995,14,,,1,79,,6996,14,,,1,39,,6997,14,,,1,83,,6998,14,,,1,75,,6999,14,,,1,32,,7000,14,,,1,86,,7001,14,,,1,80,,7002,14,,,1,17,,7021,14,,,1,22,,7003,14,,,1,67,,7004,14,,,1,27,,7005,14,,,1,67,,7006,14,,,1,27,,7007,14,,,1,67,,7008,14,,,1,27,,7009,14,,,1,25,,7010,14,,,1,65,,7011,14,,,1,25,,7012,14,,,1,65,,7013,14,,,1,24,,7014,14,,,1,65,,7015,14,,,1,30,,7016,14,,,1,70,,7017,14,,,1,30,,7018,14,,,1,70,,7019,14,,,1,24,,7020,14,,,1
9601,'2',811,,7022,14,,,1,99,,7023,14,,,1,99,,7024,14,,,1,99,,7025,14,,,1,99,,7026,14,,,1,99,,7027,14,,,1,99,,7028,14,,,1,99,,7029,14,,,1,99,,7030,14,,,1,99,,7031,14,,,1,51,,7032,14,,,1,92,,7033,14,,,1,97,,7034,14,,,1
9601,'3',911,,7035,14,,,1,94,,7036,14,,,1,54,,7037,14,,,1,94,,7038,14,,,1,94,,7039,14,,,1,94,,7040,14,,,1,94,,7041,14,,,1,94,,7042,14,,,1,93,,7043,14,,,1,94,,7044,14,,,1,94,,7045,14,,,1,94,,7046,14,,,1
9601,'80',911,,7047,14,,,1,94,,7048,14,,,1,54,,7049,14,,,1,94,,7050,14,,,1,94,,7051,14,,,1,94,,7052,14,,,1,94,,7053,14,,,1,94,,7054,14,,,1,93,,7055,14,,,1,94,,7056,14,,,1,94,,7057,14,,,1,94,,7058,14,,,1
9601,'81',911,,7059,14,,,1,94,,7060,14,,,1,54,,7061,14,,,1,94,,7062,14,,,1,94,,7063,14,,,1,94,,7064,14,,,1,94,,7065,14,,,1,94,,7066,14,,,1,93,,7067,14,,,1,94,,7068,14,,,1,94,,7069,14,,,1,94,,7070,14,,,1
9801,'1',524,,7165,23,,,1,35,,7164,23,,,1,75,,7163,23,,,1,75,,7162,23,,,1,35,,7161,23,,,1,75,,7160,23,,,1,35,,7159,23,,,1,75,,7158,23,,,1,75,,7171,23,,,1,100,,7170,23,,,1,98,,7169,23,,,1,98,,7168,23,,,1,101,,7167,23,,,1,40,,7166,23,,,1,80,,7181,23,,,1,80,,7180,23,,,1,40,,7179,23,,,1,80,,7178,23,,,1,80,,7177,23,,,1,38,,7176,23,,,1,79,,7175,23,,,1,91,,7174,23,,,1,48,,7173,23,,,1,88,,7172,23,,,1
9801,'2',531,,7200,23,,,1,86,,7199,23,,,1,86,,7198,23,,,1,46,,7197,23,,,1,88,,7196,23,,,1,95,,7195,23,,,1,94,,7194,23,,,1,97,,7193,23,,,1,94,,7192,23,,,1,100,,7191,23,,,1,98,,7190,23,,,1,98,,7189,23,,,1,97,,7188,23,,,1,98,,7187,23,,,1,98,,7186,23,,,1,96,,7185,23,,,1,46,,7184,23,,,1,89,,7183,23,,,1,87,,7182,23,,,1
9801,'3',714,,7217,23,,,1,88,,7218,23,,,1,48,,7216,23,,,1,88,,7215,23,,,1,88,,7214,23,,,1,95,,7213,23,,,1,93,,7212,23,,,1,93,,7211,23,,,1,95,,7210,23,,,1,53,,7209,23,,,1,93,,7208,23,,,1,93,,7207,23,,,1,93,,7206,23,,,1,91,,7205,23,,,1,87,,7204,23,,,1,47,,7203,23,,,1,87,,7202,23,,,1,88,,7201,23,,,1
9801,'80',714,,7235,23,,,1,88,,7236,23,,,1,48,,7234,23,,,1,88,,7233,23,,,1,88,,7232,23,,,1,95,,7231,23,,,1,93,,7230,23,,,1,93,,7229,23,,,1,95,,7228,23,,,1,53,,7227,23,,,1,93,,7226,23,,,1,93,,7225,23,,,1,93,,7224,23,,,1,91,,7223,23,,,1,87,,7222,23,,,1,47,,7221,23,,,1,87,,7220,23,,,1,88,,7219,23,,,1
9801,'81',714,,7253,23,,,1,88,,7254,23,,,1,48,,7252,23,,,1,88,,7251,23,,,1,88,,7250,23,,,1,95,,7249,23,,,1,93,,7248,23,,,1,93,,7247,23,,,1,95,,7246,23,,,1,53,,7245,23,,,1,93,,7244,23,,,1,93,,7243,23,,,1,93,,7242,23,,,1,91,,7241,23,,,1,87,,7240,23,,,1,47,,7239,23,,,1,87,,7238,23,,,1,88,,7237,23,,,1
989901,'1',2204,,11627,23,,,1,32,,11628,23,,,1,78,,11629,23,,,1,36,,11630,23,,,1,75,,11631,23,,,1,32,,11632,23,,,1,75,,11633,23,,,1,75,,11634,23,,,1
989901,'2',2210,,11635,23,,,1,93,,11636,23,,,1,43,,11637,23,,,1,91,,11640,23,,,1,85,,11638,23,,,1,86,,11639,23,,,1
989901,'3',2222,,11641,23,,,1,90,,11642,23,,,1,43,,11643,23,,,1,89,,11644,23,,,1,79,,11645,23,,,1,83,,11646,23,,,1
989901,'80',2222,,11647,23,,,1,90,,11648,23,,,1,43,,11649,23,,,1,89,,11650,23,,,1,79,,11651,23,,,1,83,,11652,23,,,1
989901,'81',2222,,11653,23,,,1,90,,11654,23,,,1,43,,11655,23,,,1,89,,11656,23,,,1,79,,11657,23,,,1,83,,11658,23,,,1
