1601,'1',525,,26620,17,,,1,22,,26621,17,,,1,62,,26622,17,,,1,21,,26623,17,,,1,5,,26588,58,,,1,67,,26587,58,,,1,22,,26579,58,,,1,22,,26580,58,,,1,69,,26581,58,,,1,22,,26582,58,,,1,22,,26583,58,,,1,62,,26584,58,,,1,9,,26585,58,,,1,26,,26586,58,,,1,61,,26599,58,,,1,24,,26598,58,,,1,68,,26589,58,,,1,32,,26590,58,,,1,71,,26591,58,,,1,29,,26592,58,,,1,71,,26593,58,,,1,31,,26594,58,,,1,69,,26595,58,,,1,25,,26624,17,,,1,13,,26596,58,,,1,70,,26597,58,,,1,21,,26616,58,,,1,63,,26615,58,,,1,23,,26600,58,,,1,17,,26601,58,,,1,69,,26602,58,,,1,24,,26603,58,,,1,63,,26604,58,,,1,23,,26605,58,,,1,21,,26606,58,,,1,63,,26607,58,,,1,14,,26608,58,,,1,23,,26609,58,,,1,63,,26610,58,,,1,23,,26611,58,,,1,23,,26612,58,,,1,63,,26613,58,,,1,19,,26614,58,,,1,68,,26619,58,,,1,34,,26617,58,,,1,70,,26618,58,,,1,34,,26625,58,,,1
1601,'2',633,,26652,17,,,1,78,,26653,17,,,1,30,,26635,58,,,1,80,,26626,58,,,1,38,,26627,58,,,1,80,,26628,58,,,1,78,,26629,58,,,1,38,,26630,58,,,1,78,,26631,58,,,1,80,,26632,58,,,1,38,,26633,58,,,1,78,,26634,58,,,1,83,,26644,58,,,1,42,,26636,58,,,1,81,,26637,58,,,1,81,,26638,58,,,1,39,,26639,58,,,1,81,,26640,58,,,1,81,,26641,58,,,1,41,,26642,58,,,1,77,,26643,58,,,1,79,,26651,58,,,1,32,,26645,58,,,1,76,,26646,58,,,1,78,,26647,58,,,1,31,,26648,58,,,1,76,,26649,58,,,1,33,,26650,58,,,1
1601,'3',822,,26654,58,,,1,95,,26655,58,,,1,97,,26656,58,,,1,95,,26657,58,,,1,95,,26658,58,,,1,55,,26659,58,,,1,100,,26660,58,,,1,95,,26661,58,,,1,98,,26662,58,,,1,98,,26663,58,,,1,97,,26664,58,,,1,92,,26665,58,,,1,89,,26666,58,,,1,92,,26667,58,,,1,92,,26668,58,,,1,89,,26669,58,,,1
1601,'74',633,,26696,17,,,1,78,,26697,17,,,1,30,,26679,58,,,1,80,,26670,58,,,1,38,,26671,58,,,1,80,,26672,58,,,1,78,,26673,58,,,1,38,,26674,58,,,1,78,,26675,58,,,1,80,,26676,58,,,1,38,,26677,58,,,1,78,,26678,58,,,1,83,,26688,58,,,1,42,,26680,58,,,1,81,,26681,58,,,1,81,,26682,58,,,1,39,,26683,58,,,1,81,,26684,58,,,1,81,,26685,58,,,1,41,,26686,58,,,1,77,,26687,58,,,1,79,,26695,58,,,1,32,,26689,58,,,1,76,,26690,58,,,1,78,,26691,58,,,1,31,,26692,58,,,1,76,,26693,58,,,1,33,,26694,58,,,1
1601,'80',822,,26698,58,,,1,95,,26699,58,,,1,97,,26700,58,,,1,95,,26701,58,,,1,95,,26702,58,,,1,55,,26703,58,,,1,100,,26704,58,,,1,95,,26705,58,,,1,98,,26706,58,,,1,98,,26707,58,,,1,97,,26708,58,,,1,92,,26709,58,,,1,89,,26710,58,,,1,92,,26711,58,,,1,92,,26712,58,,,1,89,,26713,58,,,1
8501,'1',450,,29840,5,,,1,56,,29839,5,,,1,15,,29801,17,,,1,16,,29800,17,,,1,16,,29799,17,,,1,56,,29798,17,,,1,16,,29797,17,,,1,16,,29796,17,,,1,16,,29795,17,,,1,56,,29787,17,,,1,16,,29788,17,,,1,16,,29789,17,,,1,56,,29790,17,,,1,16,,29791,17,,,1,16,,29792,17,,,1,16,,29793,17,,,1,55,,29794,17,,,1,26,,29811,17,,,1,25,,29810,17,,,1,64,,29809,17,,,1,25,,29802,17,,,1,65,,29803,17,,,1,25,,29804,17,,,1,25,,29805,17,,,1,65,,29806,17,,,1,25,,29807,17,,,1,65,,29808,17,,,1,25,,29812,17,,,1,65,,29813,17,,,1,22,,29814,17,,,1,16,,29841,17,,,1,16,,29842,17,,,1,56,,29831,17,,,1,14,,29830,17,,,1,16,,29829,17,,,1,62,,29828,17,,,1,18,,29827,17,,,1,16,,29815,17,,,1,19,,29816,17,,,1,53,,29817,17,,,1,18,,29818,17,,,1,16,,29819,17,,,1,11,,29820,17,,,1,59,,29821,17,,,1,13,,29822,17,,,1,16,,29823,17,,,1,56,,29824,17,,,1,16,,29825,17,,,1,20,,29826,17,,,1,72,,29834,17,,,1,28,,29833,17,,,1,65,,29832,17,,,1,22,,29838,17,,,1,29,,29837,17,,,1,71,,29835,17,,,1,32,,29836,17,,,1
8501,'2',643,,29858,17,,,1,70,,29859,17,,,1,30,,29860,17,,,1,72,,29861,17,,,1,30,,29862,17,,,1,70,,29863,17,,,1,30,,29864,17,,,1,70,,29865,17,,,1,30,,29866,17,,,1,70,,29843,17,,,1,23,,29844,17,,,1,65,,29845,17,,,1,23,,29846,17,,,1,23,,29847,17,,,1,63,,29848,17,,,1,23,,29849,17,,,1,23,,29850,17,,,1,63,,29851,17,,,1,23,,29852,17,,,1,63,,29853,17,,,1,23,,29854,17,,,1,23,,29855,17,,,1,63,,29856,17,,,1,21,,29857,17,,,1,21,,29867,17,,,1,62,,29868,17,,,1,23,,29869,17,,,1,61,,29870,17,,,1,21,,29871,17,,,1,18,,29872,17,,,1,61,,29873,17,,,1,21,,29874,17,,,1,21,,29875,17,,,1,61,,29876,17,,,1,21,,29877,17,,,1,21,,29878,17,,,1,61,,29879,17,,,1,30,,29880,17,,,1,70,,29881,17,,,1,30,,29882,17,,,1
8501,'3',836,,29885,17,,,1,82,,29886,17,,,1,40,,29887,17,,,1,80,,29888,17,,,1,83,,29889,17,,,1,83,,29890,17,,,1,43,,29891,17,,,1,83,,29892,17,,,1,83,,29893,17,,,1,43,,29894,17,,,1,83,,29895,17,,,1,80,,29896,17,,,1,82,,29897,17,,,1,44,,29898,17,,,1,76,,29899,17,,,1,81,,29900,17,,,1,43,,29901,17,,,1,79,,29883,17,,,1,81,,29884,17,,,1
8501,'74',643,,29902,17,,,1,70,,29903,17,,,1,30,,29904,17,,,1,72,,29905,17,,,1,30,,29906,17,,,1,70,,29907,17,,,1,30,,29908,17,,,1,70,,29909,17,,,1,30,,29910,17,,,1,70,,29911,17,,,1,23,,29912,17,,,1,65,,29913,17,,,1,23,,29914,17,,,1,23,,29915,17,,,1,63,,29916,17,,,1,23,,29917,17,,,1,23,,29918,17,,,1,63,,29919,17,,,1,23,,29920,17,,,1,63,,29921,17,,,1,23,,29922,17,,,1,23,,29923,17,,,1,63,,29924,17,,,1,21,,29925,17,,,1,21,,29926,17,,,1,62,,29927,17,,,1,23,,29928,17,,,1,61,,29929,17,,,1,21,,29930,17,,,1,18,,29931,17,,,1,61,,29932,17,,,1,21,,29933,17,,,1,21,,29934,17,,,1,61,,29935,17,,,1,21,,29936,17,,,1,21,,29937,17,,,1,61,,29938,17,,,1,30,,29939,17,,,1,70,,29940,17,,,1,30,,29941,17,,,1
8501,'80',836,,29942,17,,,1,82,,29943,17,,,1,40,,29944,17,,,1,80,,29945,17,,,1,83,,29946,17,,,1,83,,29947,17,,,1,43,,29948,17,,,1,83,,29949,17,,,1,83,,29950,17,,,1,43,,29951,17,,,1,83,,29952,17,,,1,80,,29953,17,,,1,82,,29954,17,,,1,44,,29955,17,,,1,76,,29958,17,,,1,81,,29959,17,,,1,43,,29960,17,,,1,79,,29956,17,,,1,81,,29957,17,,,1
