200,'1',543,,23881,8,0,12 13,1,61,,23880,8,0,12 13,1,21,,23879,8,0,12 13,1,21,,23878,8,0,12 13,1,61,,23871,8,0,12 13,1,21,,23872,8,0,12 13,1,23,,23873,8,0,12 13,1,61,,23874,8,0,12 13,1,21,,23875,8,0,12 13,1,21,,23876,8,0,12 13,1,60,,23877,8,0,12 13,1,21,,23882,8,0,12 13,1,77,,23890,8,0,12 13,1,35,,23883,8,0,12 13,1,76,,23884,8,0,12 13,1,35,,23885,8,0,12 13,1,75,,23886,8,0,12 13,1,75,,23887,8,0,12 13,1,35,,23888,8,0,12 13,1,72,,23889,8,0,12 13,1,34,,23903,8,0,12 13,1,63,,23902,8,0,12 13,1,23,,23901,8,0,12 13,1,23,,23891,8,0,12 13,1,63,,23892,8,0,12 13,1,24,,23893,8,0,12 13,1,58,,23894,8,0,12 13,1,29,,23895,8,0,12 13,1,23,,23896,8,0,12 13,1,60,,23897,8,0,12 13,1,23,,23898,8,0,12 13,1,64,,23899,8,0,12 13,1,23,,23900,8,0,12 13,1,90,,23909,8,0,12 13,1,38,,23904,8,0,12 13,1,80,,23905,8,0,12 13,1,80,,23906,8,0,12 13,1,39,,23907,8,0,12 13,1,80,,23908,8,0,12 13,1
200,'2',803,,23938,8,,,1,40,,23937,8,,,1,80,,23913,8,,,1,80,,23914,8,,,1,40,,23915,8,,,1,80,,23916,8,,,1,80,,23917,8,,,1,40,,23918,8,,,1,80,,23919,8,,,1,80,,23920,8,,,1,40,,23921,8,,,1,80,,23922,8,,,1,80,,23923,8,,,1,40,,23924,8,,,1,80,,23925,8,,,1,80,,23926,8,,,1,40,,23927,8,,,1,80,,23928,8,,,1,80,,23929,8,,,1,40,,23930,8,,,1,79,,23931,8,,,1,32,,23936,8,,,1,73,,23935,8,,,1,73,,23932,8,,,1,33,,23933,8,,,1,73,,23934,8,,,1
200,'3',850,,23939,8,,,1,158,,23940,8,,,1,117,,23941,8,,,1,117,,23942,8,,,1,117,,23943,8,,,1,157,,23944,8,,,1,117,,23945,8,,,1,117,,23946,8,,,1,157,,23947,8,,,1,117,,23948,8,,,1,107,,23949,8,,,1,108,,23950,8,,,1,108,,23951,8,,,1
200,'74',803,,23977,8,,,1,40,,23976,8,,,1,80,,23952,8,,,1,80,,23953,8,,,1,40,,23954,8,,,1,80,,23955,8,,,1,80,,23956,8,,,1,40,,23957,8,,,1,80,,23958,8,,,1,80,,23959,8,,,1,40,,23960,8,,,1,80,,23961,8,,,1,80,,23962,8,,,1,40,,23963,8,,,1,80,,23964,8,,,1,80,,23965,8,,,1,40,,23966,8,,,1,80,,23967,8,,,1,80,,23968,8,,,1,40,,23969,8,,,1,79,,23970,8,,,1,32,,23975,8,,,1,73,,23974,8,,,1,73,,23971,8,,,1,33,,23972,8,,,1,73,,23973,8,,,1
200,'80',850,,23978,8,,,1,158,,23979,8,,,1,117,,23980,8,,,1,117,,23981,8,,,1,117,,23982,8,,,1,157,,23983,8,,,1,117,,23984,8,,,1,117,,23985,8,,,1,157,,23986,8,,,1,117,,23987,8,,,1,107,,23988,8,,,1,108,,23989,8,,,1,108,,23990,8,,,1
501,'1',553,,24862,8,,,1,62,,24861,8,,,1,22,,24860,8,,,1,22,,24859,8,,,1,62,,24858,8,,,1,24,,24857,8,,,1,62,,24856,8,,,1,22,,24855,8,,,1,22,,24854,8,,,1,62,,24853,8,,,1,41,,24842,8,,,1,72,,24852,8,,,1,32,,24851,8,,,1,72,,24850,8,,,1,72,,24849,8,,,1,32,,24848,8,,,1,72,,24847,8,,,1,32,,24846,8,,,1,72,,24845,8,,,1,37,,24844,8,,,1,67,,24843,8,,,1,27,,24841,8,,,1,63,,24840,8,,,1,23,,24839,8,,,1,23,,24838,8,,,1,62,,24864,8,,,1,23,,24877,8,,,1,23,,24876,8,,,1,63,,24875,8,,,1,25,,24874,8,,,1,63,,24873,8,,,1,23,,24872,8,,,1,23,,24871,8,,,1,59,,24870,8,,,1,28,,24869,8,,,1,68,,24868,8,,,1,27,,24867,8,,,1,66,,24866,8,,,1,30,,24865,8,,,1,21,,24863,8,,,1
501,'2',655,,24894,8,,,1,68,,24895,8,,,1,28,,24896,8,,,1,68,,24897,8,,,1,28,,24898,8,,,1,68,,24904,8,,,1,28,,24899,8,,,1,68,,24900,8,,,1,28,,24901,8,,,1,68,,24902,8,,,1,28,,24903,8,,,1,68,,24878,8,,,1,28,,24879,8,,,1,69,,24880,8,,,1,29,,24881,8,,,1,29,,24882,8,,,1,69,,24883,8,,,1,29,,24884,8,,,1,69,,24885,8,,,1,29,,24886,8,,,1,69,,24887,8,,,1,29,,24888,8,,,1,69,,24889,8,,,1,29,,24905,8,,,1,67,,24890,8,,,1,27,,24891,8,,,1,67,,24892,8,,,1,25,,24893,8,,,1
501,'74',655,,24910,8,,,1,68,,24911,8,,,1,28,,24912,8,,,1,68,,24913,8,,,1,28,,24914,8,,,1,68,,24920,8,,,1,28,,24915,8,,,1,68,,24916,8,,,1,28,,24917,8,,,1,68,,24918,8,,,1,28,,24919,8,,,1,68,,24906,8,,,1,28,,24907,8,,,1,69,,24908,8,,,1,29,,24909,8,,,1,29,,24921,8,,,1,69,,24922,8,,,1,29,,24923,8,,,1,69,,24924,8,,,1,29,,24925,8,,,1,69,,24926,8,,,1,29,,24927,8,,,1,69,,24928,8,,,1,29,,24933,8,,,1,67,,24929,8,,,1,27,,24930,8,,,1,67,,24931,8,,,1,25,,24932,8,,,1
7701,'1',435,,29118,8,,,1,17,,29119,8,,,1,53,,29120,8,,,1,15,,29121,8,,,1,16,,29122,8,,,1,15,,29123,8,,,1,55,,29124,8,,,1,16,,29125,8,,,1,16,,29126,8,,,1,16,,29127,8,,,1,57,,29128,8,,,1,16,,29129,8,,,1,16,,29130,8,,,1,16,,29131,8,,,1,56,,29132,8,,,1,16,,29133,8,,,1,16,,29134,8,,,1,56,,29135,8,,,1,16,,29136,8,,,1,16,,29137,8,,,1,16,,29138,8,,,1,56,,29139,8,,,1,30,,29140,8,,,1,70,,29141,8,,,1,30,,29142,8,,,1,70,,29143,8,,,1,30,,29144,8,,,1,72,,29145,8,,,1,30,,29146,8,,,1,70,,29147,8,,,1,19,,29148,8,,,1,19,,29149,8,,,1,59,,29150,8,,,1,19,,29151,8,,,1,19,,29152,8,,,1,59,,29153,8,,,1,19,,29154,8,,,1,19,,29155,8,,,1,59,,29156,8,,,1,19,,29157,8,,,1,19,,29158,8,,,1,19,,29159,8,,,1,57,,29160,8,,,1,19,,29161,8,,,1,19,,29162,8,,,1,58,,29163,8,,,1,19,,29164,8,,,1,19,,29165,8,,,1,67,,29166,8,,,1,27,,29167,8,,,1,67,,29168,8,,,1,27,,29169,8,,,1,67,,29170,8,,,1,33,,29171,8,,,1,72,,29172,8,,,1,33,,29173,8,,,1,73,,29174,8,,,1,32,,29175,8,,,1,73,,29176,8,,,1,33,,29177,8,,,1,75,,29178,8,,,1
7701,'2',517,,29187,8,,,1,35,,29188,8,,,1,75,,29189,8,,,1,75,,29190,8,,,1,35,,29191,8,,,1,75,,29192,8,,,1,35,,29193,8,,,1,75,,29194,8,,,1,86,,29195,8,,,1,42,,29196,8,,,1,81,,29197,8,,,1,81,,29198,8,,,1,41,,29199,8,,,1,82,,29200,8,,,1,80,,29201,8,,,1,42,,29220,8,,,1,73,,29202,8,,,1,73,,29203,8,,,1,33,,29204,8,,,1,74,,29205,8,,,1,31,,29206,8,,,1,73,,29207,8,,,1,30,,29208,8,,,1,70,,29209,8,,,1,30,,29210,8,,,1,70,,29211,8,,,1,30,,29212,8,,,1,70,,29213,8,,,1,30,,29214,8,,,1,70,,29215,8,,,1,30,,29216,8,,,1,69,,29217,8,,,1,30,,29218,8,,,1,76,,29219,8,,,1,36,,29221,8,,,1,70,,29222,8,,,1,33,,29223,8,,,1,73,,29224,8,,,1
7701,'3',916,,29225,8,,,1,92,,29226,8,,,1,92,,29227,8,,,1,53,,29228,8,,,1,92,,29229,8,,,1,92,,29230,8,,,1,93,,29231,8,,,1,90,,29232,8,,,1,92,,29233,8,,,1,92,,29234,8,,,1,53,,29235,8,,,1,93,,29236,8,,,1,91,,29237,8,,,1,86,,29238,8,,,1,89,,29243,8,,,1,43,,29239,8,,,1,88,,29240,8,,,1,88,,29241,8,,,1,83,,29242,8,,,1,87,,29246,8,,,1,40,,29244,8,,,1,80,,29245,8,,,1
7701,'74',517,,29253,8,,,1,35,,29254,8,,,1,75,,29255,8,,,1,75,,29256,8,,,1,35,,29257,8,,,1,75,,29258,8,,,1,35,,29259,8,,,1,75,,29260,8,,,1,86,,29261,8,,,1,42,,29262,8,,,1,81,,29263,8,,,1,81,,29264,8,,,1,41,,29265,8,,,1,82,,29266,8,,,1,80,,29267,8,,,1,42,,29286,8,,,1,73,,29268,8,,,1,73,,29269,8,,,1,33,,29270,8,,,1,74,,29271,8,,,1,31,,29272,8,,,1,73,,29273,8,,,1,30,,29274,8,,,1,70,,29275,8,,,1,30,,29276,8,,,1,70,,29277,8,,,1,30,,29278,8,,,1,70,,29279,8,,,1,30,,29280,8,,,1,70,,29281,8,,,1,30,,29282,8,,,1,69,,29283,8,,,1,30,,29284,8,,,1,76,,29285,8,,,1,36,,29287,8,,,1,70,,29288,8,,,1,33,,29289,8,,,1,73,,29290,8,,,1
7701,'80',916,,29291,8,,,1,92,,29292,8,,,1,92,,29293,8,,,1,53,,29294,8,,,1,92,,29295,8,,,1,92,,29296,8,,,1,93,,29297,8,,,1,90,,29298,8,,,1,92,,29299,8,,,1,92,,29300,8,,,1,53,,29301,8,,,1,93,,29302,8,,,1,91,,29303,8,,,1,86,,29304,8,,,1,89,,29309,8,,,1,43,,29305,8,,,1,88,,29306,8,,,1,88,,29307,8,,,1,83,,29308,8,,,1,87,,29312,8,,,1,40,,29310,8,,,1,80,,29311,8,,,1
9900,'1',445,,31612,8,,,1,80,,31613,8,,,1,80,,31614,8,,,1,41,,31615,8,,,1,90,,31616,8,,,1,75,,31617,8,,,1,37,,31618,8,,,1,73,,31619,8,,,1,35,,31620,8,,,1,75,,31621,8,,,1,97,,31622,8,,,1,94,,31623,8,,,1,94,,31624,8,,,1,94,,31625,8,,,1,29,,31637,8,,,1,71,,31636,8,,,1,29,,31626,8,,,1,70,,31627,8,,,1,30,,31628,8,,,1,70,,31629,8,,,1,30,,31630,8,,,1,70,,31631,8,,,1,30,,31632,8,,,1,68,,31633,8,,,1,30,,31634,8,,,1,70,,31635,8,,,1
9900,'2',603,,31640,8,,,1,38,,31641,8,,,1,78,,31655,8,,,1,88,,31654,8,,,1,47,,31642,8,,,1,87,,31643,8,,,1,87,,31644,8,,,1,87,,31645,8,,,1,104,,31646,8,,,1,95,,31647,8,,,1,95,,31648,8,,,1,95,,31649,8,,,1,55,,31650,8,,,1,95,,31651,8,,,1,95,,31652,8,,,1,95,,31653,8,,,1,88,,31657,8,,,1,90,,31656,8,,,1
9900,'3',610,,31660,8,,,1,38,,31661,8,,,1,78,,31662,8,,,1,78,,31663,8,,,1,51,,31680,8,,,1,89,,31664,8,,,1,89,,31665,8,,,1,89,,31666,8,,,1,89,,31667,8,,,1,89,,31668,8,,,1,49,,31669,8,,,1,89,,31670,8,,,1,89,,31671,8,,,1,89,,31672,8,,,1,89,,31673,8,,,1,49,,31674,8,,,1,89,,31675,8,,,1,89,,31676,8,,,1,87,,31677,8,,,1
9900,'74',603,,31681,8,,,1,38,,31682,8,,,1,78,,31696,8,,,1,88,,31695,8,,,1,47,,31683,8,,,1,87,,31684,8,,,1,87,,31685,8,,,1,87,,31686,8,,,1,104,,31687,8,,,1,95,,31688,8,,,1,95,,31689,8,,,1,95,,31690,8,,,1,55,,31691,8,,,1,95,,31692,8,,,1,95,,31693,8,,,1,95,,31694,8,,,1,88,,31698,8,,,1,90,,31697,8,,,1
9900,'80',610,,31701,8,,,1,38,,31702,8,,,1,78,,31703,8,,,1,78,,31704,8,,,1,51,,31721,8,,,1,89,,31705,8,,,1,89,,31706,8,,,1,89,,31707,8,,,1,89,,31708,8,,,1,89,,31709,8,,,1,49,,31710,8,,,1,89,,31711,8,,,1,89,,31712,8,,,1,89,,31713,8,,,1,89,,31714,8,,,1,49,,31715,8,,,1,89,,31716,8,,,1,89,,31717,8,,,1,87,,31718,8,,,1
36000,'1',836,,33649,8,,,1,69,,33650,8,,,1,29,,33651,8,,,1,69,,33652,8,,,1,29,,33653,8,,,1,69,,33654,8,,,1,44,,33655,8,,,1,84,,33656,8,,,1,84,,33657,8,,,1,44,,33658,8,,,1,84,,33659,8,,,1,85,,33660,8,,,1,83,,33661,8,,,1,44,,33662,8,,,1,84,,33663,8,,,1,84,,33664,8,,,1,83,,33665,8,,,1,44,,33666,8,,,1,84,,33667,8,,,1,26,,33668,8,,,1,66,,33669,8,,,1,26,,33670,8,,,1,66,,33671,8,,,1
36000,'2',836,,33672,8,,,1,23,,33673,8,,,1,63,,33674,8,,,1,23,,33675,8,,,1,63,,33676,8,,,1,23,,33677,8,,,1,23,,33678,8,,,1,63,,33679,8,,,1,23,,33680,8,,,1,63,,33681,8,,,1,23,,33682,8,,,1,23,,33683,8,,,1,63,,33684,8,,,1,23,,33685,8,,,1,23,,33686,8,,,1,63,,33687,8,,,1,23,,33688,8,,,1,64,,33689,8,,,1,23,,33690,8,,,1,23,,33691,8,,,1,61,,33692,8,,,1,23,,33693,8,,,1,63,,33694,8,,,1,23,,33695,8,,,1,24,,33696,8,,,1,63,,33697,8,,,1,24,,33698,8,,,1,24,,33699,8,,,1,64,,33700,8,,,1,24,,33701,8,,,1,64,,33702,8,,,1,25,,33703,8,,,1,64,,33704,8,,,1,24,,33705,8,,,1,24,,33706,8,,,1,64,,33707,8,,,1
36000,'3',835,,33708,8,,,1,22,,33709,8,,,1,62,,33710,8,,,1,22,,33711,8,,,1,62,,33712,8,,,1,22,,33713,8,,,1,22,,33714,8,,,1,62,,33715,8,,,1,22,,33716,8,,,1,22,,33717,8,,,1,62,,33718,8,,,1,22,,33719,8,,,1,22,,33720,8,,,1,62,,33721,8,,,1,22,,33722,8,,,1,62,,33723,8,,,1,22,,33724,8,,,1,22,,33725,8,,,1,62,,33726,8,,,1,22,,33727,8,,,1,22,,33728,8,,,1,62,,33729,8,,,1,22,,33730,8,,,1,62,,33731,8,,,1,22,,33732,8,,,1,22,,33733,8,,,1,62,,33734,8,,,1,22,,33735,8,,,1,23,,33736,8,,,1,63,,33737,8,,,1,23,,33738,8,,,1,63,,33739,8,,,1,23,,33740,8,,,1,23,,33741,8,,,1,63,,33742,8,,,1,23,,33743,8,,,1,23,,33744,8,,,1,63,,33745,8,,,1
36000,'74',836,,33746,8,,,1,23,,33747,8,,,1,63,,33748,8,,,1,23,,33749,8,,,1,63,,33750,8,,,1,23,,33751,8,,,1,23,,33752,8,,,1,63,,33753,8,,,1,23,,33754,8,,,1,63,,33755,8,,,1,23,,33756,8,,,1,23,,33757,8,,,1,63,,33758,8,,,1,23,,33759,8,,,1,23,,33760,8,,,1,63,,33761,8,,,1,23,,33762,8,,,1,64,,33763,8,,,1,23,,33764,8,,,1,23,,33765,8,,,1,61,,33766,8,,,1,23,,33767,8,,,1,63,,33768,8,,,1,23,,33769,8,,,1,24,,33770,8,,,1,63,,33771,8,,,1,24,,33772,8,,,1,24,,33773,8,,,1,64,,33774,8,,,1,24,,33775,8,,,1,64,,33776,8,,,1,25,,33777,8,,,1,64,,33778,8,,,1,24,,33779,8,,,1,24,,33780,8,,,1,64,,33781,8,,,1,24,,33782,8,,,1
36000,'80',835,,33783,8,,,1,22,,33784,8,,,1,62,,33785,8,,,1,22,,33786,8,,,1,62,,33787,8,,,1,22,,33788,8,,,1,22,,33789,8,,,1,62,,33790,8,,,1,22,,33791,8,,,1,22,,33792,8,,,1,62,,33793,8,,,1,22,,33794,8,,,1,22,,33795,8,,,1,62,,33796,8,,,1,22,,33797,8,,,1,62,,33798,8,,,1,22,,33799,8,,,1,22,,33800,8,,,1,62,,33801,8,,,1,22,,33802,8,,,1,22,,33803,8,,,1,62,,33804,8,,,1,22,,33805,8,,,1,62,,33806,8,,,1,22,,33807,8,,,1,22,,33808,8,,,1,62,,33809,8,,,1,22,,33810,8,,,1,23,,33811,8,,,1,63,,33812,8,,,1,23,,33813,8,,,1,63,,33814,8,,,1,23,,33815,8,,,1,23,,33816,8,,,1,63,,33817,8,,,1,23,,33818,8,,,1,23,,33819,8,,,1,63,,33820,8,,,1
989900,'1',2041,,36830,8,,,1,77,,36831,8,,,1,38,,36832,8,,,1,78,,36833,8,,,1,75,,36834,8,,,1,34,,36835,8,,,1,75,,36836,8,,,1,35,,36837,8,,,1,75,,36838,8,0,5 6,1,75,,36839,8,0,5 6,1,41,,36840,8,0,5 6,1
989900,'2',2042,,36841,8,,,1,94,,36842,8,,,1,93,,36843,8,,,1,94,,36844,8,,,1,86,,36845,8,,,1,46,,36846,8,,,1,86,,36847,8,0,5 6,1,86,,36848,8,0,5 6,1,86,,36849,8,0,5 6,1
989900,'3',2100,,36850,8,,,1,50,,36851,8,,,1,91,,36852,8,,,1,90,,36853,8,,,1,82,,36854,8,,,1,43,,36855,8,,,1,82,,36856,8,0,5 6,1,83,,36857,8,0,5 6,1,83,,36858,8,0,5 6,1
989900,'74',2042,,36859,8,,,1,94,,36860,8,,,1,93,,36861,8,,,1,94,,36862,8,,,1,86,,36863,8,,,1,46,,36864,8,,,1,86,,36865,8,0,5 6,1,86,,36866,8,0,5 6,1,86,,36867,8,0,5 6,1
989900,'80',2100,,36868,8,,,1,50,,36869,8,,,1,91,,36870,8,,,1,90,,36871,8,,,1,82,,36872,8,,,1,43,,36873,8,,,1,82,,36874,8,0,5 6,1,83,,36875,8,0,5 6,1,83,,36876,8,0,5 6,1
