9600,'1',610,,6908,10,,,1,42,,6907,10,,,1,71,,6906,10,,,1,77,,6905,10,,,1,27,,6904,10,,,1,80,,6901,10,,,1,34,,6902,10,,,1,70,,6903,10,,,1,32,,6916,10,,,1,70,,6915,10,,,1,39,,6909,10,,,1,79,,6910,10,,,1,79,,6911,10,,,1,41,,6912,10,,,1,65,,6913,10,,,1,86,,6914,10,,,1,43,,6922,10,,,1,67,,6921,10,,,1,28,,6920,10,,,1,67,,6917,10,,,1,27,,6918,10,,,1,24,,6919,10,,,1,67,,6925,10,,,1,25,,6926,10,,,1,54,,6936,10,,,1,14,,6924,10,,,1,25,,6923,10,,,1,74,,6933,10,,,1,30,,6932,10,,,1,55,,6935,10,,,1,15,,6927,10,,,1,30,,6928,10,,,1,70,,6929,10,,,1,30,,6930,10,,,1,70,,6931,10,,,1,17,,6934,10,,,1
9600,'2',935,,6937,10,,,1,99,,6938,10,,,1,99,,6939,10,,,1,99,,6940,10,,,1,99,,6941,10,,,1,99,,6942,10,,,1,99,,6943,10,,,1,99,,6944,10,,,1,96,,6945,10,,,1,97,,6946,10,,,1,87,,6947,10,,,1,47,,6948,10,,,1,97,,6949,10,,,1
9600,'3',1029,,6950,10,,,1,94,,6951,10,,,1,94,,6952,10,,,1,94,,6953,10,,,1,94,,6954,10,,,1,54,,6955,10,,,1,94,,6956,10,,,1,94,,6957,10,,,1,93,,6958,10,,,1,94,,6959,10,,,1,94,,6960,10,,,1,93,,6961,10,,,1
9600,'80',1029,,6962,10,,,1,94,,6963,10,,,1,94,,6964,10,,,1,94,,6965,10,,,1,94,,6966,10,,,1,54,,6967,10,,,1,94,,6968,10,,,1,94,,6969,10,,,1,93,,6970,10,,,1,94,,6971,10,,,1,94,,6972,10,,,1,93,,6973,10,,,1
9600,'81',1029,,6974,10,,,1,94,,6975,10,,,1,94,,6976,10,,,1,94,,6977,10,,,1,94,,6978,10,,,1,54,,6979,10,,,1,94,,6980,10,,,1,94,,6981,10,,,1,93,,6982,10,,,1,94,,6983,10,,,1,94,,6984,10,,,1,93,,6985,10,,,1
10700,'1',451,,7861,10,,,1,64,,7860,10,,,1,24,,7859,10,,,1,64,,7858,10,,,1,19,,7857,10,,,1,16,,7856,10,,,1,21,,7855,10,,,1,51,,7854,10,,,1,16,,7853,10,,,1,19,,7852,10,,,1,56,,7851,10,,,1,12,,7850,10,,,1,16,,7849,10,,,1,16,,7848,10,,,1,55,,7847,10,,,1,43,,7846,10,,,1,82,,7845,10,,,1,82,,7844,10,,,1,42,,7843,10,,,1,84,,7842,10,,,1,82,,7841,10,,,1,42,,7840,10,,,1,60,,7839,10,,,1,18,,7838,10,,,1,18,,7889,10,,,1,59,,7888,10,,,1,19,,7887,10,,,1,18,,7886,10,,,1,58,,7885,10,,,1,22,,7884,10,,,1,16,,7883,10,,,1,58,,7882,10,,,1,18,,7881,10,,,1,20,,7880,10,,,1,16,,7879,10,,,1,58,,7878,10,,,1,14,,7877,10,,,1,18,,7876,10,,,1,79,,7875,10,,,1,81,,7874,10,,,1,38,,7873,10,,,1,80,,7872,10,,,1,34,,7871,10,,,1,74,,7870,10,,,1,74,,7869,10,,,1,34,,7868,10,,,1,74,,7867,10,,,1,34,,7866,10,,,1,74,,7865,10,,,1,34,,7864,10,,,1,72,,7863,10,,,1,74,,7862,10,,,1
10700,'2',626,,7892,10,,,1,78,,7891,10,,,1,37,,7890,10,,,1,77,,7893,10,,,1,37,,7894,10,,,1,77,,7895,10,,,1,77,,7896,10,,,1,37,,7897,10,,,1,77,,7898,10,,,1,77,,7899,10,,,1,36,,7900,10,,,1,77,,7901,10,,,1,37,,7902,10,,,1,77,,7903,10,,,1,77,,7904,10,,,1,37,,7905,10,,,1,77,,7906,10,,,1,37,,7907,10,,,1,77,,7908,10,,,1,77,,7909,10,,,1,37,,7910,10,,,1,77,,7911,10,,,1,77,,7912,10,,,1,37,,7913,10,,,1,77,,7914,10,,,1,37,,7915,10,,,1,77,,7916,10,,,1,77,,7917,10,,,1,37,,7918,10,,,1,77,,7919,10,,,1,37,,7920,10,,,1,76,,7921,10,,,1,77,,7923,10,,,1,37,,7922,10,,,1
10700,'3',817,,7937,10,,,1,37,,7938,10,,,1,77,,7939,10,,,1,77,,7940,10,,,1,37,,7941,10,,,1,77,,7942,10,,,1,37,,7943,10,,,1,77,,7944,10,,,1,77,,7945,10,,,1,37,,7946,10,,,1,76,,7947,10,,,1,77,,7948,10,,,1,37,,7952,10,,,1,77,,7951,10,,,1,37,,7953,10,,,1,77,,7954,10,,,1,77,,7955,10,,,1,37,,7956,10,,,1,77,,7924,10,,,1,37,,7925,10,,,1,77,,7926,10,,,1,77,,7949,10,,,1,37,,7927,10,,,1,77,,7928,10,,,1,77,,7929,10,,,1,37,,7930,10,,,1,77,,7931,10,,,1,37,,7932,10,,,1,77,,7933,10,,,1,77,,7950,10,,,1,37,,7934,10,,,1
10700,'80',817,,7970,10,,,1,37,,7971,10,,,1,77,,7972,10,,,1,77,,7973,10,,,1,37,,7974,10,,,1,77,,7975,10,,,1,37,,7976,10,,,1,77,,7977,10,,,1,77,,7978,10,,,1,37,,7979,10,,,1,76,,7980,10,,,1,77,,7981,10,,,1,37,,7985,10,,,1,77,,7984,10,,,1,37,,7986,10,,,1,77,,7987,10,,,1,77,,7988,10,,,1,37,,7989,10,,,1,77,,7957,10,,,1,37,,7958,10,,,1,77,,7959,10,,,1,77,,7982,10,,,1,37,,7960,10,,,1,77,,7961,10,,,1,77,,7962,10,,,1,37,,7963,10,,,1,77,,7964,10,,,1,37,,7965,10,,,1,77,,7966,10,,,1,77,,7983,10,,,1,37,,7967,10,,,1
10700,'81',817,,7995,10,,,1,37,,7996,10,,,1,77,,7997,10,,,1,77,,7998,10,,,1,37,,7999,10,,,1,77,,8000,10,,,1,37,,8001,10,,,1,77,,8002,10,,,1,77,,8003,10,,,1,37,,8004,10,,,1,76,,8005,10,,,1,77,,8006,10,,,1,37,,8009,10,,,1,77,,8008,10,,,1,37,,8010,10,,,1,77,,8011,10,,,1,77,,8012,10,,,1,37,,8013,10,,,1,77,,7990,10,,,1,37,,7991,10,,,1,77,,7992,10,,,1,77,,8007,10,,,1,37,,8014,10,,,1,77,,8015,10,,,1,77,,8016,10,,,1,37,,8017,10,,,1,77,,8018,10,,,1,37,,8019,10,,,1,77,,8020,10,,,1,77,,8022,10,,,1,37,,8021,10,,,1
1070200,'1',513,,11676,10,,,1,12,,11675,10,,,1,12,,11674,10,,,1,12,,11673,10,,,1,52,,11672,10,,,1,12,,11671,10,,,1,12,,11670,10,,,1,16,,11669,10,,,1,8,,11668,10,,,1,53,,11667,10,,,1,14,,11666,10,,,1,12,,11665,10,,,1,12,,11664,10,,,1,12,,11663,10,,,1,52,,11662,10,,,1,10,,11661,10,,,1,12,,11660,10,,,1,12,,11659,10,,,1,67,,11688,10,,,1,25,,11687,10,,,1,26,,11686,10,,,1,65,,11685,10,,,1,26,,11684,10,,,1,66,,11683,10,,,1,26,,11682,10,,,1,66,,11681,10,,,1,30,,11680,10,,,1,22,,11679,10,,,1,66,,11678,10,,,1,26,,11677,10,,,1,70,,11689,10,,,1,16,,11690,10,,,1,16,,11691,10,,,1,56,,11692,10,,,1,16,,11693,10,,,1,16,,11694,10,,,1,16,,11695,10,,,1,56,,11696,10,,,1,20,,11697,10,,,1,19,,11698,10,,,1,59,,11699,10,,,1,19,,11700,10,,,1,19,,11701,10,,,1,59,,11702,10,,,1,27,,11703,10,,,1,22,,11704,10,,,1
