'149.0.1',600,45500,4,'',1,6200,4,'',1,2200,4,'',1,6200,4,'',1,2200,4,'',1,2500,4,'',1,6200,4,'',1,3500,4,'',1,6300,4,'',1,3100,4,'',1,6300,4,'',1,2700,4,'',1,2400,4,'',1,7600,4,'',1,7600,4,'',1,3600,4,'',1,7600,4,'',1,3600,4,'',1,7600,4,'',1,7600,4,'',1,2700,4,'',1,7100,4,'',1,2800,4,'',1,2800,4,'',1,6700,4,'',1,2700,4,'',1,6700,4,'',1,2700,4,'',1,6700,4,'',1,2300,4,'',1,6700,4,'',1,2700,4,'',1,2300,4,'',1,7400,4,'',1,7200,4,'',1,3400,4,'',1,7400,4,'',1
'149.0.1',601,50600,,'',1,2200,,'',1,2200,,'',1,5900,,'',1,2700,,'',1,2300,,'',1,6600,,'',1,2700,,'',1,6800,,'',1,2700,,'',1,7600,,'',1,3600,,'',1,7600,,'',1,7600,,'',1,3600,,'',1,7600,,'',1,3600,,'',1,8700,,'',1,7100,,'',1,2500,,'',1,6900,,'',1,2600,,'',1,6700,,'',1,2700,,'',1,2700,,'',1,6700,,'',1,3000,,'',1,6700,,'',1,2700,,'',1,7700,,'',1,7400,,'',1,3600,,'',1,7400,,'',1,3200,,'',1,7400,,'',1
'149.0.2',600,60900,4,'',1,3100,4,'',1,6900,4,'',1,3700,4,'',1,7300,4,'',1,4000,4,'',1,7200,4,'',1,7200,4,'',1,3200,4,'',1,7200,4,'',1,3200,4,'',1,7200,4,'',1,3200,4,'',1,7200,4,'',1,3200,4,'',1,7200,4,'',1,8200,4,'',1,3700,4,'',1,7800,4,'',1,3800,4,'',1,7600,4,'',1,7800,4,'',1,3100,4,'',1,7500,4,'',1,2800,4,'',1,7300,4,'',1
'149.0.2',601,61600,,'',1,2900,,'',1,6900,,'',1,4300,,'',1,7500,,'',1,7200,,'',1,3200,,'',1,7200,,'',1,3200,,'',1,7200,,'',1,3200,,'',1,7200,,'',1,3200,,'',1,7200,,'',1,3700,,'',1,7500,,'',1,7600,,'',1,3700,,'',1,7600,,'',1,3800,,'',1,7600,,'',1,7800,,'',1,3100,,'',1,7600,,'',1,2700,,'',1,7300,,'',1
'149.0.3',600,62400,4,'',1,3100,4,'',1,6900,4,'',1,8100,4,'',1,2900,4,'',1,8000,4,'',1,3200,4,'',1,7200,4,'',1,3200,4,'',1,7200,4,'',1,3200,4,'',1,7200,4,'',1,3200,4,'',1,7200,4,'',1,7200,4,'',1,3700,4,'',1,7900,4,'',1,3700,4,'',1,7700,4,'',1,7700,4,'',1,3700,4,'',1,7200,4,'',1,3400,4,'',1,7700,4,'',1,2800,4,'',1
'149.0.3',601,60200,,'',1,2900,,'',1,6900,,'',1,2900,,'',1,8300,,'',1,3500,,'',1,7200,,'',1,3200,,'',1,7200,,'',1,3200,,'',1,7200,,'',1,3200,,'',1,7200,,'',1,7200,,'',1,3200,,'',1,7700,,'',1,3500,,'',1,7600,,'',1,7700,,'',1,3700,,'',1,7700,,'',1,3700,,'',1,7700,,'',1,3100,,'',1,7600,,'',1,6700,,'',1
'149.0.80',600,62400,4,'',1,3100,4,'',1,6900,4,'',1,8100,4,'',1,2900,4,'',1,8000,4,'',1,3200,4,'',1,7200,4,'',1,3200,4,'',1,7200,4,'',1,3200,4,'',1,7200,4,'',1,3200,4,'',1,7200,4,'',1,7200,4,'',1,3700,4,'',1,7900,4,'',1,3700,4,'',1,7700,4,'',1,7700,4,'',1,3700,4,'',1,7200,4,'',1,3400,4,'',1,7700,4,'',1,2800,4,'',1
'149.0.80',601,60200,,'',1,2900,,'',1,6900,,'',1,2900,,'',1,8300,,'',1,3500,,'',1,7200,,'',1,3200,,'',1,7200,,'',1,3200,,'',1,7200,,'',1,3200,,'',1,7200,,'',1,7200,,'',1,3200,,'',1,7700,,'',1,3500,,'',1,7600,,'',1,7700,,'',1,3700,,'',1,7700,,'',1,3700,,'',1,7700,,'',1,3100,,'',1,7600,,'',1,6700,,'',1
'149.0.81',600,62400,4,'',1,3100,4,'',1,6900,4,'',1,8100,4,'',1,2900,4,'',1,8000,4,'',1,3200,4,'',1,7200,4,'',1,3200,4,'',1,7200,4,'',1,3200,4,'',1,7200,4,'',1,3200,4,'',1,7200,4,'',1,7200,4,'',1,3700,4,'',1,7900,4,'',1,3700,4,'',1,7700,4,'',1,7700,4,'',1,3700,4,'',1,7200,4,'',1,3400,4,'',1,7700,4,'',1,2800,4,'',1
'149.0.81',601,60200,,'',1,2900,,'',1,6900,,'',1,2900,,'',1,8300,,'',1,3500,,'',1,7200,,'',1,3200,,'',1,7200,,'',1,3200,,'',1,7200,,'',1,3200,,'',1,7200,,'',1,7200,,'',1,3200,,'',1,7700,,'',1,3500,,'',1,7600,,'',1,7700,,'',1,3700,,'',1,7700,,'',1,3700,,'',1,7700,,'',1,3100,,'',1,7600,,'',1,6700,,'',1
