8501,'1',509,,17354,4,,,1,16,,17353,4,,,1,16,,17352,4,,,1,16,,17351,4,,,1,56,,17350,4,,,1,16,,17349,4,,,1,16,,17348,4,,,1,56,,17340,4,,,1,16,,17341,4,,,1,16,,17342,4,,,1,16,,17343,4,,,1,56,,17344,4,,,1,16,,17345,4,,,1,16,,17346,4,,,1,15,,17347,4,,,1,66,,17364,4,,,1,25,,17363,4,,,1,64,,17362,4,,,1,25,,17355,4,,,1,25,,17356,4,,,1,65,,17357,4,,,1,25,,17358,4,,,1,65,,17359,4,,,1,25,,17360,4,,,1,65,,17361,4,,,1,25,,17365,4,,,1,25,,17366,4,,,1,60,,17367,4,,,1,16,,17394,4,,,1,16,,17395,4,,,1,56,,17384,4,,,1,15,,17383,4,,,1,16,,17382,4,,,1,20,,17381,4,,,1,57,,17380,4,,,1,16,,17368,4,,,1,19,,17369,4,,,1,13,,17370,4,,,1,60,,17371,4,,,1,16,,17372,4,,,1,11,,17373,4,,,1,59,,17374,4,,,1,13,,17375,4,,,1,16,,17376,4,,,1,16,,17377,4,,,1,57,,17378,4,,,1,19,,17379,4,,,1,32,,17387,4,,,1,69,,17386,4,,,1,25,,17385,4,,,1,62,,17391,4,,,1,29,,17390,4,,,1,72,,17388,4,,,1,32,,17389,4,,,1
8501,'2',632,,17424,4,,,1,70,,17425,4,,,1,30,,17426,4,,,1,70,,17427,4,,,1,30,,17428,4,,,1,70,,17429,4,,,1,30,,17430,4,,,1,70,,17431,4,,,1,30,,17432,4,,,1,70,,17396,4,,,1,23,,17397,4,,,1,24,,17398,4,,,1,63,,17399,4,,,1,23,,17400,4,,,1,23,,17401,4,,,1,63,,17402,4,,,1,23,,17403,4,,,1,63,,17404,4,,,1,23,,17405,4,,,1,23,,17406,4,,,1,63,,17407,4,,,1,23,,17408,4,,,1,63,,17409,4,,,1,22,,17410,4,,,1,21,,17411,4,,,1,62,,17412,4,,,1,23,,17413,4,,,1,21,,17414,4,,,1,61,,17415,4,,,1,18,,17416,4,,,1,21,,17417,4,,,1,61,,17418,4,,,1,21,,17419,4,,,1,21,,17420,4,,,1,61,,17421,4,,,1,21,,17422,4,,,1,21,,17423,4,,,1,70,,17433,4,,,1,30,,17434,4,,,1,70,,17435,4,,,1
8501,'3',824,,17438,4,,,1,81,,17439,4,,,1,40,,17440,4,,,1,80,,17441,4,,,1,83,,17442,4,,,1,43,,17443,4,,,1,83,,17444,4,,,1,83,,17445,4,,,1,83,,17446,4,,,1,43,,17447,4,,,1,83,,17448,4,,,1,81,,17449,4,,,1,42,,17450,4,,,1,84,,17451,4,,,1,76,,17452,4,,,1,41,,17453,4,,,1,83,,17454,4,,,1,79,,17436,4,,,1,41,,17437,4,,,1
8501,'80',824,,17457,4,,,1,81,,17458,4,,,1,40,,17459,4,,,1,80,,17460,4,,,1,83,,17461,4,,,1,43,,17462,4,,,1,83,,17463,4,,,1,83,,17464,4,,,1,83,,17465,4,,,1,43,,17466,4,,,1,83,,17467,4,,,1,81,,17468,4,,,1,42,,17469,4,,,1,84,,17470,4,,,1,76,,17471,4,,,1,41,,17472,4,,,1,83,,17473,4,,,1,79,,17455,4,,,1,41,,17456,4,,,1
9001,'1',545,,18044,13,,,1,11,,18043,13,,,1,51,,18042,13,,,1,11,,18041,13,,,1,11,,18040,13,,,1,11,,18039,13,,,1,11,,18038,13,,,1,51,,18036,13,,,1,13,,18037,13,,,1,10,,18056,13,,,1,11,,18055,13,,,1,15,,18054,13,,,1,53,,18053,13,,,1,13,,18052,13,,,1,13,,18045,13,,,1,13,,18046,13,,,1,13,,18047,13,,,1,53,,18048,13,,,1,13,,18049,13,,,1,10,,18050,13,,,1,13,,18051,13,,,1,79,,18064,13,,,1,32,,18057,13,,,1,72,,18058,13,,,1,72,,18059,13,,,1,32,,18060,13,,,1,72,,18061,13,,,1,32,,18062,13,,,1,73,,18063,13,,,1,25,,18065,13,,,1,17,,18066,13,,,1,54,,18067,13,,,1,14,,18068,13,,,1,15,,18069,13,,,1,14,,18070,13,,,1,52,,18071,13,,,1,16,,18072,13,,,1,14,,18073,13,,,1,14,,18074,13,,,1,14,,18075,13,,,1,53,,18076,13,,,1,14,,18077,13,,,1,14,,18078,13,,,1,14,,18079,13,,,1,54,,18080,13,,,1,14,,18081,13,,,1,14,,18082,13,,,1,14,,18083,13,,,1,53,,18084,13,,,1,28,,18091,13,,,1,82,,18090,13,,,1,42,,18085,13,,,1,82,,18086,13,,,1,82,,18087,13,,,1,82,,18088,13,,,1,42,,18089,13,,,1,82,,18092,13,,,1
9001,'2',639,,18094,13,,,1,81,,18095,13,,,1,81,,18096,13,,,1,45,,18099,13,,,1,73,,18097,13,,,1,32,,18098,13,,,1,72,,18104,13,,,1,32,,18105,13,,,1,72,,18106,13,,,1,32,,18107,13,,,1,72,,18108,13,,,1,72,,18109,13,,,1,32,,18110,13,,,1,72,,18111,13,,,1,32,,18112,13,,,1,72,,18113,13,,,1,32,,18114,13,,,1,72,,18115,13,,,1,32,,18116,13,,,1,72,,18117,13,,,1,32,,18118,13,,,1,72,,18119,13,,,1,32,,18120,13,,,1,72,,18121,13,,,1,32,,18122,13,,,1,95,,18123,13,,,1,81,,18124,13,,,1,81,,18100,13,,,1,41,,18101,13,,,1,81,,18102,13,,,1,81,,18103,13,,,1
9001,'3',846,,18126,13,,,1,82,,18127,13,,,1,84,,18128,13,,,1,42,,18129,13,,,1,82,,18130,13,,,1,83,,18131,13,,,1,85,,18132,13,,,1,45,,18133,13,,,1,85,,18134,13,,,1,85,,18135,13,,,1,85,,18136,13,,,1,45,,18137,13,,,1,85,,18138,13,,,1,83,,18139,13,,,1,84,,18140,13,,,1,39,,18141,13,,,1,84,,18142,13,,,1,79,,18143,13,,,1,39,,18144,13,,,1,79,,18145,13,,,1
9001,'80',846,,18147,13,,,1,82,,18148,13,,,1,84,,18149,13,,,1,42,,18150,13,,,1,82,,18151,13,,,1,83,,18152,13,,,1,85,,18153,13,,,1,45,,18154,13,,,1,85,,18155,13,,,1,85,,18156,13,,,1,85,,18157,13,,,1,45,,18158,13,,,1,85,,18159,13,,,1,83,,18160,13,,,1,84,,18161,13,,,1,39,,18162,13,,,1,84,,18163,13,,,1,79,,18164,13,,,1,39,,18165,13,,,1,79,,18166,13,,,1
900200,'1',615,,22582,43,,,1,19,,22583,43,,,1,19,,22584,43,,,1,59,,22585,43,,,1,20,,22586,43,,,1,26,,22587,43,,,1,67,,22588,43,,,1,23,,22589,43,,,1,59,,22590,43,,,1,23,,22591,43,,,1,26,,22592,43,,,1,61,,22593,43,,,1,18,,22594,43,,,1
900201,'1',509,,22619,1,,,1,19,,22620,1,,,1,19,,22621,1,,,1,59,,22622,1,,,1,948,,22623,15,,,1,63,,22624,15,,,1,23,,22625,15,,,1,63,,22626,15,,,1,23,,22627,15,,,1,23,,22628,15,,,1,63,,22629,15,,,1,23,,22630,15,,,1,23,,22634,15,,,1,57,,22631,15,,,1,19,,22632,15,,,1,19,,22633,15,,,1
