60300,'1',459,,9994,6,,,1,60,,9995,6,,,1,20,,9996,6,,,1,20,,9997,6,,,1,61,,9998,6,,,1,18,,9999,6,,,1,19,,10000,6,,,1,58,,10001,6,,,1,18,,10002,6,,,1,19,,10003,6,,,1,58,,10004,6,,,1,18,,10005,6,,,1,18,,10006,6,,,1,58,,10007,6,,,1,19,,10008,6,,,1,22,,10009,6,,,1,62,,10010,6,,,1,22,,10011,6,,,1,22,,10012,6,,,1,62,,10013,6,,,1,22,,10014,6,,,1,22,,10015,6,,,1,62,,10016,6,,,1,22,,10017,6,,,1,62,,10018,6,,,1,22,,10019,6,,,1,22,,10020,6,,,1,62,,10021,6,,,1,22,,10022,6,,,1,19,,10023,6,,,1,56,,10024,6,,,1,16,,10025,6,,,1,16,,10026,6,,,1,16,,10027,6,,,1,56,,10028,6,,,1,16,,10029,6,,,1,16,,10030,6,,,1,16,,10031,6,,,1,56,,10032,6,,,1,16,,10033,6,,,1,16,,10034,6,,,1,56,,10035,6,,,1,15,,10036,6,,,1,16,,10037,6,,,1,16,,10038,6,,,1,55,,10039,6,,,1,30,,10040,6,,,1,70,,10041,6,,,1,30,,10042,6,,,1,70,,10043,6,,,1,30,,10044,6,,,1,70,,10045,6,,,1,42,,10046,6,,,1,81,,10047,6,,,1,82,,10048,6,,,1,47,,10049,6,,,1
60300,'2',529,,10050,6,,,1,81,,10051,6,,,1,40,,10052,6,,,1,80,,10053,6,,,1,80,,10054,6,,,1,41,,10055,6,,,1,80,,10056,6,,,1,81,,10057,6,,,1,39,,10058,6,,,1,78,,10059,6,,,1,78,,10060,6,,,1,36,,10061,6,,,1,78,,10062,6,,,1,38,,10063,6,,,1,79,,10064,6,,,1,78,,10065,6,,,1,38,,10066,6,,,1,78,,10067,6,,,1,77,,10068,6,,,1,39,,10069,6,,,1,77,,10070,6,,,1,78,,10071,6,,,1,39,,10072,6,,,1,80,,10073,6,,,1,80,,10074,6,,,1,39,,10075,6,,,1,86,,10076,6,,,1,92,,10077,6,,,1,92,,10078,6,,,1
60300,'3',712,,10079,6,,,1,36,,10080,6,,,1,76,,10081,6,,,1,76,,10082,6,,,1,42,,10083,6,,,1,84,,10084,6,,,1,82,,10085,6,,,1,42,,10086,6,,,1,82,,10087,6,,,1,82,,10088,6,,,1,42,,10089,6,,,1,83,,10090,6,,,1,79,,10091,6,,,1,35,,10092,6,,,1,76,,10093,6,,,1,76,,10094,6,,,1,36,,10095,6,,,1,76,,10096,6,,,1,36,,10097,6,,,1,76,,10098,6,,,1,75,,10099,6,,,1,36,,10100,6,,,1,91,,10101,6,,,1,106,,10102,6,,,1,105,,10103,6,,,1,106,,10104,6,,,1
60300,'80',712,,10105,6,,,1,36,,10106,6,,,1,76,,10107,6,,,1,76,,10108,6,,,1,42,,10109,6,,,1,84,,10110,6,,,1,82,,10111,6,,,1,42,,10112,6,,,1,82,,10113,6,,,1,82,,10114,6,,,1,42,,10115,6,,,1,83,,10116,6,,,1,79,,10117,6,,,1,35,,10118,6,,,1,76,,10119,6,,,1,76,,10120,6,,,1,36,,10121,6,,,1,76,,10122,6,,,1,36,,10123,6,,,1,76,,10124,6,,,1,75,,10125,6,,,1,36,,10126,6,,,1,91,,10127,6,,,1,106,,10128,6,,,1,105,,10129,6,,,1,106,,10130,6,,,1
60300,'81',712,,10131,6,,,1,36,,10132,6,,,1,76,,10133,6,,,1,76,,10134,6,,,1,42,,10135,6,,,1,84,,10136,6,,,1,82,,10137,6,,,1,42,,10138,6,,,1,82,,10139,6,,,1,82,,10140,6,,,1,42,,10141,6,,,1,83,,10142,6,,,1,79,,10143,6,,,1,35,,10144,6,,,1,76,,10145,6,,,1,76,,10146,6,,,1,36,,10147,6,,,1,76,,10148,6,,,1,36,,10149,6,,,1,76,,10150,6,,,1,75,,10151,6,,,1,36,,10152,6,,,1,91,,10153,6,,,1,106,,10154,6,,,1,105,,10155,6,,,1,106,,10156,6,,,1
6030100,'1',509,,12194,6,,,1,20,,12195,6,,,1,20,,12196,6,,,1,61,,12197,6,,,1,18,,12198,6,,,1,18,,12199,6,,,1,60,,12200,6,,,1,18,,12201,6,,,1,19,,12202,6,,,1,58,,12203,6,,,1,18,,12204,6,,,1,18,,12205,6,,,1,18,,12206,6,,,1,57,,12207,6,,,1,22,,12208,6,,,1,22,,12209,6,,,1,62,,12210,6,,,1,22,,12211,6,,,1,62,,12212,6,,,1,22,,12213,6,,,1,22,,12214,6,,,1,62,,12215,6,,,1,22,,12216,6,,,1,22,,12217,6,,,1,62,,12218,6,,,1,22,,12219,6,,,1,22,,12220,6,,,1,62,,12221,6,,,1,22,,12222,6,,,1,16,,12223,6,,,1,56,,12224,6,,,1,16,,12225,6,,,1,16,,12226,6,,,1,56,,12227,6,,,1,16,,12228,6,,,1,16,,12229,6,,,1,16,,12230,6,,,1,56,,12231,6,,,1,16,,12232,6,,,1,16,,12233,6,,,1,16,,12234,6,,,1,56,,12235,6,,,1,15,,12236,6,,,1,16,,12237,6,,,1,15,,12238,6,,,1,63,,12239,6,,,1,30,,12240,6,,,1,70,,12241,6,,,1,30,,12242,6,,,1,70,,12243,6,,,1,30,,12244,6,,,1,76,,12245,6,,,1,82,,12246,6,,,1,41,,12247,6,,,1,82,,12248,6,,,1
6030100,'2',509,,12249,6,,,1,40,,12250,6,,,1,81,,12251,6,,,1,80,,12252,6,,,1,40,,12253,6,,,1,81,,12254,6,,,1,80,,12255,6,,,1,40,,12256,6,,,1,81,,12257,6,,,1,78,,12258,6,,,1,38,,12259,6,,,1,78,,12260,6,,,1,76,,12261,6,,,1,38,,12262,6,,,1,79,,12263,6,,,1,38,,12264,6,,,1,78,,12265,6,,,1,78,,12266,6,,,1,38,,12267,6,,,1,77,,12268,6,,,1,79,,12269,6,,,1,37,,12270,6,,,1,79,,12271,6,,,1,79,,12272,6,,,1,40,,12273,6,,,1,80,,12274,6,,,1,79,,12275,6,,,1,52,,12276,6,,,1,92,,12277,6,,,1,92,,12278,6,,,1
6030100,'3',654,,12279,6,,,1,76,,12280,6,,,1,76,,12281,6,,,1,36,,12282,6,,,1,79,,12283,6,,,1,84,,12284,6,,,1,42,,12285,6,,,1,82,,12286,6,,,1,82,,12287,6,,,1,42,,12288,6,,,1,82,,12289,6,,,1,83,,12290,6,,,1,82,,12291,6,,,1,35,,12292,6,,,1,76,,12293,6,,,1,36,,12294,6,,,1,76,,12295,6,,,1,36,,12296,6,,,1,76,,12297,6,,,1,76,,12298,6,,,1,36,,12299,6,,,1,75,,12300,6,,,1,36,,12301,6,,,1,146,,12302,6,,,1,106,,12303,6,,,1,105,,12304,6,,,1
6030100,'80',654,,12305,6,,,1,76,,12306,6,,,1,76,,12307,6,,,1,36,,12308,6,,,1,79,,12309,6,,,1,84,,12310,6,,,1,42,,12311,6,,,1,82,,12312,6,,,1,82,,12313,6,,,1,42,,12314,6,,,1,82,,12315,6,,,1,83,,12316,6,,,1,82,,12317,6,,,1,35,,12318,6,,,1,76,,12319,6,,,1,36,,12320,6,,,1,76,,12321,6,,,1,36,,12322,6,,,1,76,,12323,6,,,1,76,,12324,6,,,1,36,,12325,6,,,1,75,,12326,6,,,1,36,,12327,6,,,1,146,,12328,6,,,1,106,,12329,6,,,1,105,,12330,6,,,1
6030100,'81',654,,12331,6,,,1,76,,12332,6,,,1,76,,12333,6,,,1,36,,12334,6,,,1,79,,12335,6,,,1,84,,12336,6,,,1,42,,12337,6,,,1,82,,12338,6,,,1,82,,12339,6,,,1,42,,12340,6,,,1,82,,12341,6,,,1,83,,12342,6,,,1,82,,12343,6,,,1,35,,12344,6,,,1,76,,12345,6,,,1,36,,12346,6,,,1,76,,12347,6,,,1,36,,12348,6,,,1,76,,12349,6,,,1,76,,12350,6,,,1,36,,12351,6,,,1,75,,12352,6,,,1,36,,12353,6,,,1,146,,12354,6,,,1,106,,12355,6,,,1,105,,12356,6,,,1
