5200,'1',705,,4410,5,,,1,100,,4413,5,,,1,104,,4412,7,,,1,500,,4418,7,,,1,100,,4417,7,,,1,100,,4416,7,,,1,100,,4415,7,,,1,100,,4414,7,,,1
9800,'1',645,,7091,55,,,1,75,,7090,55,,,1,35,,7089,55,,,1,75,,7088,55,,,1,75,,7087,55,,,1,35,,7086,55,,,1,98,,7082,55,,,1,98,,7079,55,,,1,97,,7084,55,,,1,98,,7083,55,,,1,80,,7071,55,,,1,40,,7081,55,,,1,80,,7080,55,,,1,80,,7078,55,,,1,40,,7077,55,,,1,80,,7076,55,,,1,81,,7075,55,,,1,40,,7074,55,,,1,91,,7073,55,,,1,91,,7072,55,,,1,88,,7085,55,,,1
9800,'2',642,,7109,55,,,1,86,,7108,55,,,1,86,,7107,55,,,1,94,,7106,55,,,1,94,,7105,55,,,1,53,,7104,55,,,1,94,,7103,55,,,1,98,,7102,55,,,1,98,,7101,55,,,1,98,,7100,55,,,1,98,,7099,55,,,1,98,,7098,55,,,1,98,,7097,55,,,1,99,,7096,55,,,1,89,,7095,55,,,1,89,,7094,55,,,1,89,,7093,55,,,1,45,,7092,55,,,1
9800,'3',827,,7125,55,,,1,88,,7124,55,,,1,88,,7123,55,,,1,53,,7122,55,,,1,93,,7121,55,,,1,92,,7120,55,,,1,93,,7119,55,,,1,93,,7118,55,,,1,93,,7117,55,,,1,93,,7116,55,,,1,93,,7115,55,,,1,94,,7114,55,,,1,48,,7113,55,,,1,89,,7112,55,,,1,87,,7111,55,,,1,88,,7110,55,,,1
9800,'80',827,,7141,55,,,1,88,,7140,55,,,1,88,,7139,55,,,1,53,,7138,55,,,1,93,,7137,55,,,1,92,,7136,55,,,1,93,,7135,55,,,1,93,,7134,55,,,1,93,,7133,55,,,1,93,,7132,55,,,1,93,,7131,55,,,1,94,,7130,55,,,1,48,,7129,55,,,1,89,,7128,55,,,1,87,,7127,55,,,1,88,,7126,55,,,1
9800,'81',827,,7157,55,,,1,88,,7156,55,,,1,88,,7155,55,,,1,53,,7154,55,,,1,93,,7153,55,,,1,92,,7152,55,,,1,93,,7151,55,,,1,93,,7150,55,,,1,93,,7149,55,,,1,93,,7148,55,,,1,93,,7147,55,,,1,94,,7146,55,,,1,48,,7145,55,,,1,89,,7144,55,,,1,87,,7143,55,,,1,88,,7142,55,,,1
989900,'1',2144,,11580,98,,,1,73,,11581,98,,,1,38,,11582,98,,,1,78,,11583,98,,,1,75,,11584,98,,,1,32,,11585,98,,,1,75,,11586,98,,,1,35,,11587,98,,,1
989900,'2',2149,,11591,98,,,1,94,,11592,98,,,1,85,,11593,98,,,1,91,,11594,98,,,1,86,,11595,98,,,1,46,,11596,98,,,1
989900,'3',2203,,11600,98,,,1,50,,11601,98,,,1,84,,11602,98,,,1,90,,11603,98,,,1,79,,11604,98,,,1,43,,11605,98,,,1
989900,'80',2203,,11609,98,,,1,50,,11610,98,,,1,84,,11611,98,,,1,90,,11612,98,,,1,79,,11613,98,,,1,43,,11614,98,,,1
989900,'81',2203,,11618,98,,,1,50,,11619,98,,,1,84,,11620,98,,,1,90,,11621,98,,,1,79,,11622,98,,,1,43,,11623,98,,,1
