9601,'1',456,,18590,25,,,1,68,,18591,25,,,1,29,,18592,25,,,1,70,,18593,25,,,1,36,,18594,25,,,1,74,,18595,25,,,1,78,,18596,25,,,1,32,,18597,25,,,1,74,,18598,25,,,1,32,,18599,25,,,1,79,,18600,25,,,1,80,,18601,25,,,1,43,,18602,25,,,1,75,,18603,25,,,1,32,,18604,25,,,1,86,,18605,25,,,1,80,,18606,25,,,1,18,,18625,25,,,1,61,,18607,25,,,1,28,,18608,25,,,1,27,,18609,25,,,1,67,,18610,25,,,1,27,,18611,25,,,1,67,,18612,25,,,1,26,,18613,25,,,1,63,,18614,25,,,1,25,,18615,25,,,1,25,,18616,25,,,1,65,,18617,25,,,1,25,,18618,25,,,1,65,,18619,25,,,1,28,,18620,25,,,1,70,,18621,25,,,1,30,,18622,25,,,1,70,,18623,25,,,1,24,,18624,25,,,1
9601,'2',821,,18626,25,,,1,99,,18627,25,,,1,100,,18628,25,,,1,99,,18629,25,,,1,99,,18630,25,,,1,99,,18631,25,,,1,99,,18632,25,,,1,99,,18633,25,,,1,99,,18634,25,,,1,99,,18635,25,,,1,90,,18636,25,,,1,51,,18637,25,,,1,97,,18638,25,,,1
9601,'3',921,,18639,25,,,1,94,,18640,25,,,1,94,,18641,25,,,1,94,,18642,25,,,1,54,,18643,25,,,1,94,,18644,25,,,1,94,,18645,25,,,1,94,,18646,25,,,1,93,,18647,25,,,1,94,,18648,25,,,1,93,,18649,25,,,1,94,,18650,25,,,1
9601,'80',921,,18651,25,,,1,94,,18652,25,,,1,94,,18653,25,,,1,94,,18654,25,,,1,54,,18655,25,,,1,94,,18656,25,,,1,94,,18657,25,,,1,94,,18658,25,,,1,93,,18659,25,,,1,94,,18660,25,,,1,93,,18661,25,,,1,94,,18662,25,,,1
9801,'1',532,,18741,34,,,1,75,,18740,34,,,1,36,,18739,34,,,1,75,,18738,34,,,1,36,,18737,34,,,1,75,,18736,34,,,1,75,,18735,34,,,1,35,,18734,34,,,1,75,,18745,34,,,1,100,,18744,34,,,1,98,,18743,34,,,1,98,,18742,34,,,1,101,,18757,34,,,1,40,,18756,34,,,1,80,,18755,34,,,1,80,,18754,34,,,1,40,,18753,34,,,1,80,,18752,34,,,1,80,,18751,34,,,1,38,,18750,34,,,1,78,,18749,34,,,1,91,,18748,34,,,1,87,,18747,34,,,1,48,,18746,34,,,1
9801,'2',539,,18776,34,,,1,86,,18775,34,,,1,86,,18774,34,,,1,46,,18773,34,,,1,88,,18772,34,,,1,96,,18771,34,,,1,94,,18770,34,,,1,97,,18769,34,,,1,94,,18768,34,,,1,101,,18767,34,,,1,98,,18766,34,,,1,98,,18765,34,,,1,96,,18764,34,,,1,98,,18763,34,,,1,98,,18762,34,,,1,95,,18761,34,,,1,46,,18760,34,,,1,89,,18759,34,,,1,87,,18758,34,,,1
9801,'3',722,,18793,34,,,1,88,,18794,34,,,1,48,,18792,34,,,1,88,,18791,34,,,1,88,,18790,34,,,1,96,,18789,34,,,1,93,,18788,34,,,1,93,,18787,34,,,1,95,,18786,34,,,1,93,,18785,34,,,1,53,,18784,34,,,1,93,,18783,34,,,1,93,,18782,34,,,1,90,,18781,34,,,1,87,,18780,34,,,1,86,,18779,34,,,1,47,,18778,34,,,1,88,,18777,34,,,1
9801,'80',722,,18811,34,,,1,88,,18812,34,,,1,48,,18810,34,,,1,88,,18809,34,,,1,88,,18808,34,,,1,96,,18807,34,,,1,93,,18806,34,,,1,93,,18805,34,,,1,95,,18804,34,,,1,93,,18803,34,,,1,53,,18802,34,,,1,93,,18801,34,,,1,93,,18800,34,,,1,90,,18799,34,,,1,87,,18798,34,,,1,86,,18797,34,,,1,47,,18796,34,,,1,88,,18795,34,,,1
989901,'1',2212,,22691,34,,,1,31,,22692,34,,,1,78,,22693,34,,,1,36,,22694,34,,,1,75,,22695,34,,,1,71,,22696,34,,,1,35,,22697,34,,,1,75,,22698,34,,,1
989901,'2',2218,,22699,34,,,1,91,,22700,34,,,1,43,,22701,34,,,1,91,,22704,34,,,1,85,,22702,34,,,1,86,,22703,34,,,1
989901,'3',2230,,22705,34,,,1,88,,22706,34,,,1,83,,22707,34,,,1,49,,22708,34,,,1,79,,22709,34,,,1,83,,22710,34,,,1
989901,'80',2230,,22711,34,,,1,88,,22712,34,,,1,83,,22713,34,,,1,49,,22714,34,,,1,79,,22715,34,,,1,83,,22716,34,,,1
