9900,'1',349,,31638,13,,,1,80,,31639,13,,,1,72,,31612,33,,,1,41,,31613,33,,,1,80,,31614,33,,,1,84,,31615,33,,,1,96,,31616,33,,,1,35,,31617,33,,,1,77,,31618,33,,,1,32,,31619,33,,,1,75,,31620,33,,,1,35,,31621,33,,,1,98,,31622,33,,,1,94,,31623,33,,,1,94,,31624,33,,,1,94,,31625,33,,,1,76,,31637,33,,,1,31,,31636,33,,,1,69,,31626,33,,,1,30,,31627,33,,,1,70,,31628,33,,,1,30,,31629,33,,,1,70,,31630,33,,,1,26,,31631,33,,,1,70,,31632,33,,,1,24,,31633,33,,,1,70,,31634,33,,,1,27,,31635,33,,,1
9900,'2',509,,31658,13,,,1,37,,31659,13,,,1,73,,31640,33,,,1,39,,31641,33,,,1,78,,31655,33,,,1,91,,31654,33,,,1,87,,31642,33,,,1,87,,31643,33,,,1,47,,31644,33,,,1,89,,31645,33,,,1,107,,31646,33,,,1,95,,31647,33,,,1,95,,31648,33,,,1,97,,31649,33,,,1,95,,31650,33,,,1,93,,31651,33,,,1,95,,31652,33,,,1,95,,31653,33,,,1,46,,31657,33,,,1,90,,31656,33,,,1
9900,'3',511,,31678,13,,,1,38,,31679,13,,,1,80,,31660,33,,,1,78,,31661,33,,,1,38,,31662,33,,,1,78,,31663,33,,,1,93,,31680,33,,,1,89,,31664,33,,,1,49,,31665,33,,,1,89,,31666,33,,,1,93,,31667,33,,,1,89,,31668,33,,,1,89,,31669,33,,,1,89,,31670,33,,,1,49,,31671,33,,,1,89,,31672,33,,,1,89,,31673,33,,,1,87,,31674,33,,,1,89,,31675,33,,,1,49,,31676,33,,,1,81,,31677,33,,,1
9900,'74',509,,31699,13,,,1,37,,31700,13,,,1,73,,31681,33,,,1,39,,31682,33,,,1,78,,31696,33,,,1,91,,31695,33,,,1,87,,31683,33,,,1,87,,31684,33,,,1,47,,31685,33,,,1,89,,31686,33,,,1,107,,31687,33,,,1,95,,31688,33,,,1,95,,31689,33,,,1,97,,31690,33,,,1,95,,31691,33,,,1,93,,31692,33,,,1,95,,31693,33,,,1,95,,31694,33,,,1,46,,31698,33,,,1,90,,31697,33,,,1
9900,'80',511,,31719,13,,,1,38,,31720,13,,,1,80,,31701,33,,,1,78,,31702,33,,,1,38,,31703,33,,,1,78,,31704,33,,,1,93,,31721,33,,,1,89,,31705,33,,,1,49,,31706,33,,,1,89,,31707,33,,,1,93,,31708,33,,,1,89,,31709,33,,,1,89,,31710,33,,,1,89,,31711,33,,,1,49,,31712,33,,,1,89,,31713,33,,,1,89,,31714,33,,,1,87,,31715,33,,,1,89,,31716,33,,,1,49,,31717,33,,,1,81,,31718,33,,,1
989900,'1',2100,,36830,33,,,1,35,,36831,33,,,1,78,,36832,33,,,1,38,,36833,33,,,1,75,,36834,33,,,1,33,,36835,33,,,1,75,,36836,33,,,1,75,,36837,33,,,1,35,,36838,33,0,5 6,1,75,,36839,33,0,5 6,1,81,,36840,33,0,5 6,1
989900,'2',2104,,36841,33,,,1,54,,36842,33,,,1,88,,36843,33,,,1,93,,36844,33,,,1,86,,36845,33,,,1,86,,36846,33,,,1,45,,36847,33,0,5 6,1,86,,36848,33,0,5 6,1,86,,36849,33,0,5 6,1
989900,'3',2122,,36850,33,,,1,90,,36851,33,,,1,46,,36852,33,,,1,90,,36853,33,,,1,81,,36854,33,,,1,83,,36855,33,,,1,40,,36856,33,0,5 6,1,83,,36857,33,0,5 6,1,83,,36858,33,0,5 6,1
989900,'74',2104,,36859,33,,,1,54,,36860,33,,,1,88,,36861,33,,,1,93,,36862,33,,,1,86,,36863,33,,,1,86,,36864,33,,,1,45,,36865,33,0,5 6,1,86,,36866,33,0,5 6,1,86,,36867,33,0,5 6,1
989900,'80',2122,,36868,33,,,1,90,,36869,33,,,1,46,,36870,33,,,1,90,,36871,33,,,1,81,,36872,33,,,1,83,,36873,33,,,1,40,,36874,33,0,5 6,1,83,,36875,33,0,5 6,1,83,,36876,33,0,5 6,1
