60300,'1',503,,9994,9,,,1,20,,9995,9,,,1,21,,9996,9,,,1,60,,9997,9,,,1,22,,9998,9,,,1,18,,9999,9,,,1,60,,10000,9,,,1,18,,10001,9,,,1,18,,10002,9,,,1,60,,10003,9,,,1,18,,10004,9,,,1,18,,10005,9,,,1,18,,10006,9,,,1,58,,10007,9,,,1,19,,10008,9,,,1,22,,10009,9,,,1,62,,10010,9,,,1,22,,10011,9,,,1,22,,10012,9,,,1,62,,10013,9,,,1,22,,10014,9,,,1,62,,10015,9,,,1,22,,10016,9,,,1,22,,10017,9,,,1,62,,10018,9,,,1,22,,10019,9,,,1,22,,10020,9,,,1,62,,10021,9,,,1,22,,10022,9,,,1,19,,10023,9,,,1,56,,10024,9,,,1,16,,10025,9,,,1,16,,10026,9,,,1,56,,10027,9,,,1,16,,10028,9,,,1,16,,10029,9,,,1,16,,10030,9,,,1,56,,10031,9,,,1,16,,10032,9,,,1,16,,10033,9,,,1,16,,10034,9,,,1,56,,10035,9,,,1,14,,10036,9,,,1,16,,10037,9,,,1,16,,10038,9,,,1,55,,10039,9,,,1,30,,10040,9,,,1,70,,10041,9,,,1,30,,10042,9,,,1,70,,10043,9,,,1,28,,10044,9,,,1,70,,10045,9,,,1,42,,10046,9,,,1,80,,10047,9,,,1,82,,10048,9,,,1,87,,10049,9,,,1
60300,'2',533,,10050,9,,,1,81,,10051,9,,,1,40,,10052,9,,,1,81,,10053,9,,,1,80,,10054,9,,,1,41,,10055,9,,,1,81,,10056,9,,,1,82,,10057,9,,,1,39,,10058,9,,,1,78,,10059,9,,,1,78,,10060,9,,,1,36,,10061,9,,,1,78,,10062,9,,,1,78,,10063,9,,,1,39,,10064,9,,,1,78,,10065,9,,,1,78,,10066,9,,,1,38,,10067,9,,,1,77,,10068,9,,,1,39,,10069,9,,,1,77,,10070,9,,,1,78,,10071,9,,,1,38,,10072,9,,,1,80,,10073,9,,,1,80,,10074,9,,,1,38,,10075,9,,,1,86,,10076,9,,,1,91,,10077,9,,,1,92,,10078,9,,,1
60300,'3',717,,10079,9,,,1,36,,10080,9,,,1,76,,10081,9,,,1,76,,10082,9,,,1,42,,10083,9,,,1,84,,10084,9,,,1,83,,10085,9,,,1,42,,10086,9,,,1,82,,10087,9,,,1,82,,10088,9,,,1,82,,10089,9,,,1,43,,10090,9,,,1,79,,10091,9,,,1,35,,10092,9,,,1,77,,10093,9,,,1,76,,10094,9,,,1,36,,10095,9,,,1,76,,10096,9,,,1,34,,10097,9,,,1,76,,10098,9,,,1,75,,10099,9,,,1,36,,10100,9,,,1,91,,10101,9,,,1,106,,10102,9,,,1,104,,10103,9,,,1,106,,10104,9,,,1
60300,'80',717,,10105,9,,,1,36,,10106,9,,,1,76,,10107,9,,,1,76,,10108,9,,,1,42,,10109,9,,,1,84,,10110,9,,,1,83,,10111,9,,,1,42,,10112,9,,,1,82,,10113,9,,,1,82,,10114,9,,,1,82,,10115,9,,,1,43,,10116,9,,,1,79,,10117,9,,,1,35,,10118,9,,,1,77,,10119,9,,,1,76,,10120,9,,,1,36,,10121,9,,,1,76,,10122,9,,,1,34,,10123,9,,,1,76,,10124,9,,,1,75,,10125,9,,,1,36,,10126,9,,,1,91,,10127,9,,,1,106,,10128,9,,,1,104,,10129,9,,,1,106,,10130,9,,,1
60300,'81',717,,10131,9,,,1,36,,10132,9,,,1,76,,10133,9,,,1,76,,10134,9,,,1,42,,10135,9,,,1,84,,10136,9,,,1,83,,10137,9,,,1,42,,10138,9,,,1,82,,10139,9,,,1,82,,10140,9,,,1,82,,10141,9,,,1,43,,10142,9,,,1,79,,10143,9,,,1,35,,10144,9,,,1,77,,10145,9,,,1,76,,10146,9,,,1,36,,10147,9,,,1,76,,10148,9,,,1,34,,10149,9,,,1,76,,10150,9,,,1,75,,10151,9,,,1,36,,10152,9,,,1,91,,10153,9,,,1,106,,10154,9,,,1,104,,10155,9,,,1,106,,10156,9,,,1
6030100,'1',513,,12194,9,,,1,20,,12195,9,,,1,21,,12196,9,,,1,62,,12197,9,,,1,18,,12198,9,,,1,18,,12199,9,,,1,61,,12200,9,,,1,18,,12201,9,,,1,20,,12202,9,,,1,58,,12203,9,,,1,18,,12204,9,,,1,18,,12205,9,,,1,58,,12206,9,,,1,17,,12207,9,,,1,22,,12208,9,,,1,62,,12209,9,,,1,22,,12210,9,,,1,22,,12211,9,,,1,62,,12212,9,,,1,22,,12213,9,,,1,22,,12214,9,,,1,62,,12215,9,,,1,22,,12216,9,,,1,62,,12217,9,,,1,22,,12218,9,,,1,22,,12219,9,,,1,62,,12220,9,,,1,22,,12221,9,,,1,22,,12222,9,,,1,56,,12223,9,,,1,16,,12224,9,,,1,16,,12225,9,,,1,16,,12226,9,,,1,56,,12227,9,,,1,16,,12228,9,,,1,16,,12229,9,,,1,16,,12230,9,,,1,56,,12231,9,,,1,16,,12232,9,,,1,16,,12233,9,,,1,56,,12234,9,,,1,16,,12235,9,,,1,14,,12236,9,,,1,16,,12237,9,,,1,55,,12238,9,,,1,23,,12239,9,,,1,30,,12240,9,,,1,70,,12241,9,,,1,30,,12242,9,,,1,68,,12243,9,,,1,30,,12244,9,,,1,76,,12245,9,,,1,82,,12246,9,,,1,40,,12247,9,,,1,82,,12248,9,,,1
6030100,'2',513,,12249,9,,,1,40,,12250,9,,,1,81,,12251,9,,,1,81,,12252,9,,,1,40,,12253,9,,,1,81,,12254,9,,,1,81,,12255,9,,,1,40,,12256,9,,,1,82,,12257,9,,,1,78,,12258,9,,,1,38,,12259,9,,,1,78,,12260,9,,,1,76,,12261,9,,,1,38,,12262,9,,,1,79,,12263,9,,,1,78,,12264,9,,,1,38,,12265,9,,,1,78,,12266,9,,,1,38,,12267,9,,,1,77,,12268,9,,,1,79,,12269,9,,,1,37,,12270,9,,,1,78,,12271,9,,,1,79,,12272,9,,,1,40,,12273,9,,,1,80,,12274,9,,,1,78,,12275,9,,,1,52,,12276,9,,,1,91,,12277,9,,,1,92,,12278,9,,,1
6030100,'3',659,,12279,9,,,1,76,,12280,9,,,1,76,,12281,9,,,1,36,,12282,9,,,1,79,,12283,9,,,1,84,,12284,9,,,1,43,,12285,9,,,1,82,,12286,9,,,1,82,,12287,9,,,1,42,,12288,9,,,1,82,,12289,9,,,1,83,,12290,9,,,1,82,,12291,9,,,1,35,,12292,9,,,1,77,,12293,9,,,1,36,,12294,9,,,1,76,,12295,9,,,1,76,,12296,9,,,1,36,,12297,9,,,1,75,,12298,9,,,1,36,,12299,9,,,1,75,,12300,9,,,1,76,,12301,9,,,1,105,,12302,9,,,1,106,,12303,9,,,1,104,,12304,9,,,1
6030100,'80',659,,12305,9,,,1,76,,12306,9,,,1,76,,12307,9,,,1,36,,12308,9,,,1,79,,12309,9,,,1,84,,12310,9,,,1,43,,12311,9,,,1,82,,12312,9,,,1,82,,12313,9,,,1,42,,12314,9,,,1,82,,12315,9,,,1,83,,12316,9,,,1,82,,12317,9,,,1,35,,12318,9,,,1,77,,12319,9,,,1,36,,12320,9,,,1,76,,12321,9,,,1,76,,12322,9,,,1,36,,12323,9,,,1,75,,12324,9,,,1,36,,12325,9,,,1,75,,12326,9,,,1,76,,12327,9,,,1,105,,12328,9,,,1,106,,12329,9,,,1,104,,12330,9,,,1
6030100,'81',659,,12331,9,,,1,76,,12332,9,,,1,76,,12333,9,,,1,36,,12334,9,,,1,79,,12335,9,,,1,84,,12336,9,,,1,43,,12337,9,,,1,82,,12338,9,,,1,82,,12339,9,,,1,42,,12340,9,,,1,82,,12341,9,,,1,83,,12342,9,,,1,82,,12343,9,,,1,35,,12344,9,,,1,77,,12345,9,,,1,36,,12346,9,,,1,76,,12347,9,,,1,76,,12348,9,,,1,36,,12349,9,,,1,75,,12350,9,,,1,36,,12351,9,,,1,75,,12352,9,,,1,76,,12353,9,,,1,105,,12354,9,,,1,106,,12355,9,,,1,104,,12356,9,,,1
