5000,'1',556,,4159,34,,,1,74,,4158,34,,,1,27,,4157,34,,,1,70,,4156,34,,,1,25,,4155,34,,,1,69,,4154,34,,,1,27,,4150,34,,,1,66,,4151,34,,,1,27,,4152,34,,,1,67,,4153,34,,,1,42,,4168,34,,,1,71,,4167,34,,,1,29,,4166,34,,,1,72,,4160,34,,,1,30,,4161,34,,,1,68,,4162,34,,,1,29,,4163,34,,,1,72,,4164,34,,,1,27,,4165,34,,,1,60,,4179,34,,,1,29,,4178,34,,,1,68,,4177,34,,,1,20,,4176,34,,,1,76,,4169,34,,,1,26,,4170,34,,,1,28,,4171,34,,,1,68,,4172,34,,,1,24,,4173,34,,,1,76,,4174,34,,,1,19,,4175,34,,,1,65,,4185,34,,,1,37,,4184,34,,,1,77,,4180,34,,,1,35,,4181,34,,,1,77,,4182,34,,,1,77,,4183,34,,,1
5000,'2',627,,4186,34,,,1,77,,4187,34,,,1,40,,4188,34,,,1,77,,4189,34,,,1,37,,4190,34,,,1,80,,4191,34,,,1,80,,4192,34,,,1,40,,4193,34,,,1,80,,4194,34,,,1,80,,4195,34,,,1,82,,4196,34,,,1,40,,4197,34,,,1,80,,4198,34,,,1,80,,4199,34,,,1,39,,4200,34,,,1,80,,4201,34,,,1,38,,4202,34,,,1,81,,4203,34,,,1,76,,4204,34,,,1,36,,4205,34,,,1,76,,4206,34,,,1,76,,4207,34,,,1,36,,4208,34,,,1,76,,4209,34,,,1,36,,4210,34,,,1,74,,4211,34,,,1,76,,4212,34,,,1
5000,'3',628,,4213,34,,,1,88,,4214,34,,,1,88,,4215,34,,,1,48,,4216,34,,,1,88,,4217,34,,,1,88,,4218,34,,,1,91,,4219,34,,,1,90,,4220,34,,,1,92,,4221,34,,,1,50,,4222,34,,,1,90,,4223,34,,,1,89,,4224,34,,,1,90,,4225,34,,,1,87,,4226,34,,,1,47,,4227,34,,,1,87,,4228,34,,,1,87,,4229,34,,,1,84,,4230,34,,,1,43,,4231,34,,,1,83,,4232,34,,,1,83,,4233,34,,,1,83,,4234,34,,,1
5000,'80',628,,4235,34,,,1,88,,4236,34,,,1,88,,4237,34,,,1,48,,4238,34,,,1,88,,4239,34,,,1,88,,4240,34,,,1,91,,4241,34,,,1,90,,4242,34,,,1,92,,4243,34,,,1,50,,4244,34,,,1,90,,4245,34,,,1,89,,4246,34,,,1,90,,4247,34,,,1,87,,4248,34,,,1,47,,4249,34,,,1,87,,4250,34,,,1,87,,4251,34,,,1,84,,4252,34,,,1,43,,4253,34,,,1,83,,4254,34,,,1,83,,4255,34,,,1,83,,4256,34,,,1
5000,'81',628,,4257,34,,,1,88,,4258,34,,,1,88,,4259,34,,,1,48,,4260,34,,,1,88,,4261,34,,,1,88,,4262,34,,,1,91,,4263,34,,,1,90,,4264,34,,,1,92,,4265,34,,,1,50,,4266,34,,,1,90,,4267,34,,,1,89,,4268,34,,,1,90,,4269,34,,,1,87,,4270,34,,,1,47,,4271,34,,,1,87,,4272,34,,,1,87,,4273,34,,,1,84,,4274,34,,,1,43,,4275,34,,,1,83,,4276,34,,,1,83,,4277,34,,,1,83,,4278,34,,,1
5001,'1',448,,4279,71,,,1,85,,4280,71,,,1,81,,4281,71,,,1,38,,4282,71,,,1,69,,4283,71,,,1,28,,4284,71,,,1,73,,4285,71,,,1,21,,4286,71,,,1,70,,4287,71,,,1,26,,4288,71,,,1,63,,4289,71,,,1,28,,4290,71,,,1,70,,4291,71,,,1,30,,4292,71,,,1,28,,4293,71,,,1,70,,4294,71,,,1,72,,4295,71,,,1,27,,4296,71,,,1,32,,4297,71,,,1,70,,4298,71,,,1,30,,4299,71,,,1,71,,4300,71,,,1,26,,4301,71,,,1,72,,4302,71,,,1,27,,4303,71,,,1,62,,4304,71,,,1,26,,4305,71,,,1,68,,4306,71,,,1,28,,4307,71,,,1,68,,4308,71,,,1,24,,4309,71,,,1,78,,4310,71,,,1,37,,4311,71,,,1,77,,4312,71,,,1,35,,4313,71,,,1,77,,4314,71,,,1,77,,4315,71,,,1
5001,'2',709,,4339,71,,,1,37,,4332,71,,,1,77,,4316,71,,,1,77,,4317,71,,,1,37,,4318,71,,,1,82,,4331,71,,,1,40,,4330,71,,,1,80,,4319,71,,,1,80,,4320,71,,,1,40,,4321,71,,,1,80,,4322,71,,,1,78,,4323,71,,,1,40,,4324,71,,,1,80,,4325,71,,,1,80,,4326,71,,,1,38,,4327,71,,,1,80,,4328,71,,,1,80,,4329,71,,,1,37,,4338,71,,,1,76,,4337,71,,,1,76,,4333,71,,,1,36,,4334,71,,,1,76,,4335,71,,,1,33,,4336,71,,,1,76,,4340,71,,,1,76,,4341,71,,,1,36,,4342,71,,,1
5001,'3',735,,4347,71,,,1,88,,4343,71,,,1,88,,4344,71,,,1,90,,4345,71,,,1,48,,4346,71,,,1,91,,4354,71,,,1,90,,4353,71,,,1,92,,4348,71,,,1,90,,4349,71,,,1,90,,4350,71,,,1,50,,4351,71,,,1,91,,4352,71,,,1,85,,4359,71,,,1,87,,4358,71,,,1,44,,4355,71,,,1,87,,4356,71,,,1,86,,4357,71,,,1,84,,4363,71,,,1,84,,4362,71,,,1,42,,4360,71,,,1,83,,4361,71,,,1
5001,'80',735,,4368,71,,,1,88,,4364,71,,,1,88,,4365,71,,,1,90,,4366,71,,,1,48,,4367,71,,,1,91,,4375,71,,,1,90,,4374,71,,,1,92,,4369,71,,,1,90,,4370,71,,,1,90,,4371,71,,,1,50,,4372,71,,,1,91,,4373,71,,,1,85,,4380,71,,,1,87,,4379,71,,,1,44,,4376,71,,,1,87,,4377,71,,,1,86,,4378,71,,,1,84,,4384,71,,,1,84,,4383,71,,,1,42,,4381,71,,,1,83,,4382,71,,,1
5001,'81',735,,4389,71,,,1,88,,4385,71,,,1,88,,4386,71,,,1,90,,4387,71,,,1,48,,4388,71,,,1,91,,4396,71,,,1,90,,4395,71,,,1,92,,4390,71,,,1,90,,4391,71,,,1,90,,4392,71,,,1,50,,4393,71,,,1,91,,4394,71,,,1,85,,4401,71,,,1,87,,4400,71,,,1,44,,4397,71,,,1,87,,4398,71,,,1,86,,4399,71,,,1,84,,4405,71,,,1,84,,4404,71,,,1,42,,4402,71,,,1,83,,4403,71,,,1
