9901,'1',406,,31722,10,,,1,41,,31723,10,,,1,80,,31724,10,,,1,80,,31725,10,,,1,36,,31726,10,,,1,75,,31727,10,,,1,29,,31728,10,,,1,83,,31729,10,,,1,75,,31730,10,,,1,35,,31731,10,,,1,94,,31732,10,,,1,96,,31733,10,,,1,94,,31734,10,,,1,94,,31735,10,,,1,100,,31736,10,,,1,25,,31737,10,,,1,70,,31738,10,,,1,30,,31739,10,,,1,70,,31740,10,,,1,30,,31741,10,,,1,70,,31742,10,,,1,30,,31743,10,,,1,69,,31744,10,,,1,30,,31745,10,,,1,68,,31746,10,,,1,30,,31747,10,,,1,70,,31748,10,,,1,25,,31749,10,,,1,73,,31750,10,,,1,45,,31751,10,,,1
9901,'2',527,,31752,10,,,1,77,,31753,10,,,1,37,,31754,10,,,1,77,,31755,10,,,1,87,,31756,10,,,1,49,,31757,10,,,1,87,,31758,10,,,1,87,,31759,10,,,1,100,,31760,10,,,1,95,,31761,10,,,1,95,,31762,10,,,1,95,,31763,10,,,1,95,,31764,10,,,1,95,,31765,10,,,1,53,,31766,10,,,1,94,,31767,10,,,1,95,,31768,10,,,1,94,,31769,10,,,1,85,,31770,10,,,1,85,,31771,10,,,1
9901,'3',532,,31772,10,,,1,79,,31773,10,,,1,38,,31774,10,,,1,78,,31775,10,,,1,78,,31776,10,,,1,51,,31777,10,,,1,89,,31778,10,,,1,89,,31779,10,,,1,89,,31780,10,,,1,90,,31781,10,,,1,89,,31782,10,,,1,49,,31783,10,,,1,89,,31784,10,,,1,89,,31785,10,,,1,89,,31786,10,,,1,89,,31787,10,,,1,47,,31788,10,,,1,89,,31789,10,,,1,89,,31790,10,,,1,88,,31791,10,,,1,89,,31792,10,,,1,39,,31793,10,,,1
9901,'74',527,,31794,10,,,1,77,,31795,10,,,1,37,,31796,10,,,1,77,,31797,10,,,1,87,,31798,10,,,1,49,,31799,10,,,1,87,,31800,10,,,1,87,,31801,10,,,1,100,,31802,10,,,1,95,,31803,10,,,1,95,,31804,10,,,1,95,,31805,10,,,1,95,,31806,10,,,1,95,,31807,10,,,1,53,,31808,10,,,1,94,,31809,10,,,1,95,,31810,10,,,1,94,,31811,10,,,1,85,,31812,10,,,1,85,,31813,10,,,1
9901,'80',532,,31814,10,,,1,79,,31815,10,,,1,38,,31816,10,,,1,78,,31817,10,,,1,78,,31818,10,,,1,51,,31819,10,,,1,89,,31820,10,,,1,89,,31821,10,,,1,89,,31822,10,,,1,90,,31823,10,,,1,89,,31824,10,,,1,49,,31825,10,,,1,89,,31826,10,,,1,89,,31827,10,,,1,89,,31828,10,,,1,89,,31829,10,,,1,47,,31830,10,,,1,89,,31831,10,,,1,89,,31832,10,,,1,88,,31833,10,,,1,89,,31834,10,,,1,39,,31835,10,,,1
989901,'1',2230,,36877,65,,,1,71,,36878,65,,,1,38,,36879,65,,,1,75,,36880,65,,,1,35,,36881,65,,,1,71,,36882,65,,,1,35,,36883,65,,,1,75,,36884,65,,,1
989901,'2',2238,,36885,65,,,1,88,,36886,65,,,1,82,,36887,65,,,1,51,,36890,65,,,1,85,,36888,65,,,1,86,,36889,65,,,1
989901,'3',2248,,36891,65,,,1,87,,36892,65,,,1,83,,36893,65,,,1,88,,36894,65,,,1,39,,36895,65,,,1,83,,36896,65,,,1
989901,'74',2238,,36897,65,,,1,88,,36898,65,,,1,82,,36899,65,,,1,51,,36902,65,,,1,85,,36900,65,,,1,86,,36901,65,,,1
989901,'80',2248,,36903,65,,,1,87,,36904,65,,,1,83,,36905,65,,,1,88,,36906,65,,,1,39,,36907,65,,,1,83,,36908,65,,,1
