9901,'1',412,,7366,23,,,1,41,,7367,23,,,1,80,,7368,23,,,1,81,,7369,23,,,1,39,,7370,23,,,1,75,,7371,23,,,1,29,,7372,23,,,1,83,,7373,23,,,1,75,,7374,23,,,1,35,,7375,23,,,1,94,,7376,23,,,1,98,,7377,23,,,1,94,,7378,23,,,1,94,,7379,23,,,1,100,,7380,23,,,1,25,,7381,23,,,1,70,,7382,23,,,1,30,,7383,23,,,1,70,,7384,23,,,1,30,,7385,23,,,1,70,,7386,23,,,1,30,,7387,23,,,1,69,,7388,23,,,1,30,,7389,23,,,1,66,,7390,23,,,1,30,,7391,23,,,1,70,,7392,23,,,1,25,,7393,23,,,1,71,,7394,23,,,1,85,,7395,23,,,1
9901,'2',534,,7396,23,,,1,77,,7397,23,,,1,37,,7398,23,,,1,77,,7399,23,,,1,87,,7400,23,,,1,90,,7401,23,,,1,48,,7402,23,,,1,87,,7403,23,,,1,102,,7404,23,,,1,97,,7405,23,,,1,95,,7406,23,,,1,95,,7407,23,,,1,95,,7408,23,,,1,95,,7409,23,,,1,92,,7410,23,,,1,94,,7411,23,,,1,55,,7412,23,,,1,91,,7413,23,,,1,85,,7414,23,,,1,85,,7415,23,,,1
9901,'3',538,,7416,23,,,1,80,,7417,23,,,1,38,,7418,23,,,1,78,,7419,23,,,1,78,,7420,23,,,1,92,,7421,23,,,1,49,,7422,23,,,1,89,,7423,23,,,1,89,,7424,23,,,1,93,,7425,23,,,1,89,,7426,23,,,1,89,,7427,23,,,1,49,,7428,23,,,1,89,,7429,23,,,1,89,,7430,23,,,1,89,,7431,23,,,1,85,,7432,23,,,1,49,,7433,23,,,1,89,,7434,23,,,1,86,,7435,23,,,1,89,,7436,23,,,1,39,,7437,23,,,1
9901,'80',538,,7438,23,,,1,80,,7439,23,,,1,38,,7440,23,,,1,78,,7441,23,,,1,78,,7442,23,,,1,92,,7443,23,,,1,49,,7444,23,,,1,89,,7445,23,,,1,89,,7446,23,,,1,93,,7447,23,,,1,89,,7448,23,,,1,89,,7449,23,,,1,49,,7450,23,,,1,89,,7451,23,,,1,89,,7452,23,,,1,89,,7453,23,,,1,85,,7454,23,,,1,49,,7455,23,,,1,89,,7456,23,,,1,86,,7457,23,,,1,89,,7458,23,,,1,39,,7459,23,,,1
9901,'81',538,,7460,23,,,1,80,,7461,23,,,1,38,,7462,23,,,1,78,,7463,23,,,1,78,,7464,23,,,1,92,,7465,23,,,1,49,,7466,23,,,1,89,,7467,23,,,1,89,,7468,23,,,1,93,,7469,23,,,1,89,,7470,23,,,1,89,,7471,23,,,1,49,,7472,23,,,1,89,,7473,23,,,1,89,,7474,23,,,1,89,,7475,23,,,1,85,,7476,23,,,1,49,,7477,23,,,1,89,,7478,23,,,1,86,,7479,23,,,1,89,,7480,23,,,1,39,,7481,23,,,1
989901,'1',2237,,11627,78,,,1,70,,11628,78,,,1,38,,11629,78,,,1,75,,11630,78,,,1,35,,11631,78,,,1,70,,11632,78,,,1,75,,11633,78,,,1,35,,11634,78,,,1
989901,'2',2244,,11635,78,,,1,88,,11636,78,,,1,82,,11637,78,,,1,91,,11640,78,,,1,45,,11638,78,,,1,86,,11639,78,,,1
989901,'3',2254,,11641,78,,,1,87,,11642,78,,,1,83,,11643,78,,,1,86,,11644,78,,,1,39,,11645,78,,,1,83,,11646,78,,,1
989901,'80',2254,,11647,78,,,1,87,,11648,78,,,1,83,,11649,78,,,1,86,,11650,78,,,1,39,,11651,78,,,1,83,,11652,78,,,1
989901,'81',2254,,11653,78,,,1,87,,11654,78,,,1,83,,11655,78,,,1,86,,11656,78,,,1,39,,11657,78,,,1,83,,11658,78,,,1
