9601,'1',459,,31339,29,,,1,68,,31340,29,,,1,29,,31341,29,,,1,70,,31342,29,,,1,77,,31343,29,,,1,35,,31344,29,,,1,78,,31345,29,,,1,31,,31346,29,,,1,74,,31347,29,,,1,32,,31348,29,,,1,79,,31349,29,,,1,80,,31350,29,,,1,43,,31351,29,,,1,75,,31352,29,,,1,72,,31353,29,,,1,46,,31354,29,,,1,81,,31355,29,,,1,18,,31374,29,,,1,61,,31356,29,,,1,28,,31357,29,,,1,67,,31358,29,,,1,27,,31359,29,,,1,27,,31360,29,,,1,67,,31361,29,,,1,25,,31362,29,,,1,62,,31363,29,,,1,25,,31364,29,,,1,65,,31365,29,,,1,25,,31366,29,,,1,25,,31367,29,,,1,65,,31368,29,,,1,28,,31369,29,,,1,70,,31370,29,,,1,30,,31371,29,,,1,70,,31372,29,,,1,24,,31373,29,,,1
9601,'2',825,,31375,29,,,1,99,,31376,29,,,1,100,,31377,29,,,1,99,,31378,29,,,1,99,,31379,29,,,1,99,,31380,29,,,1,99,,31381,29,,,1,99,,31382,29,,,1,99,,31383,29,,,1,99,,31384,29,,,1,89,,31385,29,,,1,51,,31386,29,,,1,97,,31387,29,,,1
9601,'3',925,,31388,29,,,1,94,,31389,29,,,1,94,,31390,29,,,1,94,,31391,29,,,1,94,,31392,29,,,1,54,,31393,29,,,1,95,,31394,29,,,1,94,,31395,29,,,1,91,,31396,29,,,1,94,,31397,29,,,1,93,,31398,29,,,1,94,,31399,29,,,1
9601,'74',825,,31400,29,,,1,99,,31401,29,,,1,100,,31402,29,,,1,99,,31403,29,,,1,99,,31404,29,,,1,99,,31405,29,,,1,99,,31406,29,,,1,99,,31407,29,,,1,99,,31408,29,,,1,99,,31409,29,,,1,89,,31410,29,,,1,51,,31411,29,,,1,97,,31412,29,,,1
9601,'80',925,,31413,29,,,1,94,,31414,29,,,1,94,,31415,29,,,1,94,,31416,29,,,1,94,,31417,29,,,1,54,,31418,29,,,1,95,,31419,29,,,1,94,,31420,29,,,1,91,,31421,29,,,1,94,,31422,29,,,1,93,,31423,29,,,1,94,,31424,29,,,1
9801,'1',535,,31521,38,,,1,75,,31520,38,,,1,36,,31519,38,,,1,75,,31518,38,,,1,36,,31517,38,,,1,75,,31516,38,,,1,75,,31515,38,,,1,35,,31514,38,,,1,75,,31525,38,,,1,101,,31524,38,,,1,98,,31523,38,,,1,98,,31522,38,,,1,101,,31537,38,,,1,40,,31536,38,,,1,80,,31535,38,,,1,80,,31534,38,,,1,40,,31533,38,,,1,80,,31532,38,,,1,80,,31531,38,,,1,37,,31530,38,,,1,78,,31529,38,,,1,91,,31528,38,,,1,87,,31527,38,,,1,48,,31526,38,,,1
9801,'2',542,,31556,38,,,1,86,,31555,38,,,1,86,,31554,38,,,1,86,,31553,38,,,1,48,,31552,38,,,1,96,,31551,38,,,1,94,,31550,38,,,1,97,,31549,38,,,1,94,,31548,38,,,1,102,,31547,38,,,1,98,,31546,38,,,1,98,,31545,38,,,1,95,,31544,38,,,1,98,,31543,38,,,1,98,,31542,38,,,1,95,,31541,38,,,1,46,,31540,38,,,1,89,,31539,38,,,1,87,,31538,38,,,1
9801,'3',725,,31573,38,,,1,88,,31574,38,,,1,88,,31572,38,,,1,48,,31571,38,,,1,88,,31570,38,,,1,96,,31569,38,,,1,93,,31568,38,,,1,93,,31567,38,,,1,95,,31566,38,,,1,93,,31565,38,,,1,93,,31564,38,,,1,53,,31563,38,,,1,93,,31562,38,,,1,90,,31561,38,,,1,87,,31560,38,,,1,86,,31559,38,,,1,47,,31558,38,,,1,88,,31557,38,,,1
9801,'74',542,,31593,38,,,1,86,,31592,38,,,1,86,,31591,38,,,1,86,,31590,38,,,1,48,,31589,38,,,1,96,,31588,38,,,1,94,,31587,38,,,1,97,,31586,38,,,1,94,,31585,38,,,1,102,,31584,38,,,1,98,,31583,38,,,1,98,,31582,38,,,1,95,,31581,38,,,1,98,,31580,38,,,1,98,,31579,38,,,1,95,,31578,38,,,1,46,,31577,38,,,1,89,,31576,38,,,1,87,,31575,38,,,1
9801,'80',725,,31610,38,,,1,88,,31611,38,,,1,88,,31609,38,,,1,48,,31608,38,,,1,88,,31607,38,,,1,96,,31606,38,,,1,93,,31605,38,,,1,93,,31604,38,,,1,95,,31603,38,,,1,93,,31602,38,,,1,93,,31601,38,,,1,53,,31600,38,,,1,93,,31599,38,,,1,90,,31598,38,,,1,87,,31597,38,,,1,86,,31596,38,,,1,47,,31595,38,,,1,88,,31594,38,,,1
989901,'1',2215,,36877,38,,,1,31,,36878,38,,,1,78,,36879,38,,,1,76,,36880,38,,,1,35,,36881,38,,,1,71,,36882,38,,,1,35,,36883,38,,,1,75,,36884,38,,,1
989901,'2',2221,,36885,38,,,1,91,,36886,38,,,1,43,,36887,38,,,1,91,,36890,38,,,1,85,,36888,38,,,1,86,,36889,38,,,1
989901,'3',2233,,36891,38,,,1,88,,36892,38,,,1,83,,36893,38,,,1,49,,36894,38,,,1,79,,36895,38,,,1,83,,36896,38,,,1
989901,'74',2221,,36897,38,,,1,91,,36898,38,,,1,43,,36899,38,,,1,91,,36902,38,,,1,85,,36900,38,,,1,86,,36901,38,,,1
989901,'80',2233,,36903,38,,,1,88,,36904,38,,,1,83,,36905,38,,,1,49,,36906,38,,,1,79,,36907,38,,,1,83,,36908,38,,,1
