100,'1',419,,3,42,,,1,38,,2,42,,,1,71,,1,42,,,1,83,,29,57,,,1,38,,28,57,,,1,83,,26,57,,,1,79,,27,57,,,1,32,,25,57,,,1,75,,24,57,,,1,35,,23,57,,,1,147,,22,57,,,1,113,,21,57,,,1,112,,20,57,,,1,116,,19,57,,,1,87,,30,57,,,1,84,,18,57,,,1,31,,17,57,,,1,77,,16,57,,,1,31,,15,57,,,1,74,,14,57,,,1,34,,13,57,,,1,64,,12,57,,,1,23,,11,57,,,1,97,,10,57,,,1,102,,9,57,,,1,100,,8,57,,,1,91,,7,57,,,1,95,,6,57,,,1,89,,5,57,,,1,95,,4,57,,,1
100,'2',617,,53,42,,,1,97,,31,57,,,1,103,,32,57,,,1,107,,33,57,,,1,103,,34,57,,,1,112,,35,57,,,1,95,,36,57,,,1,87,,37,57,,,1,103,,38,57,,,1,92,,39,57,,,1,92,,40,57,,,1,92,,41,57,,,1,46,,42,57,,,1,92,,43,57,,,1,91,,44,57,,,1,81,,45,57,,,1,92,,46,57,,,1,50,,47,57,,,1,97,,48,57,,,1,97,,49,57,,,1,94,,50,57,,,1,92,,51,57,,,1,95,,52,57,,,1
100,'3',807,,69,42,,,1,52,,54,57,,,1,159,,55,57,,,1,115,,56,57,,,1,115,,57,57,,,1,155,,58,57,,,1,112,,59,57,,,1,107,,60,57,,,1,112,,61,57,,,1,110,,62,57,,,1,108,,63,57,,,1,94,,64,57,,,1,99,,65,57,,,1,99,,66,57,,,1,94,,67,57,,,1,99,,68,57,,,1
100,'80',807,,85,42,,,1,52,,70,57,,,1,159,,71,57,,,1,115,,72,57,,,1,115,,73,57,,,1,155,,74,57,,,1,112,,75,57,,,1,107,,76,57,,,1,112,,77,57,,,1,110,,78,57,,,1,108,,79,57,,,1,94,,80,57,,,1,99,,81,57,,,1,99,,82,57,,,1,94,,83,57,,,1,99,,84,57,,,1
100,'81',807,,101,42,,,1,52,,86,57,,,1,159,,87,57,,,1,115,,88,57,,,1,115,,89,57,,,1,155,,90,57,,,1,112,,91,57,,,1,107,,92,57,,,1,112,,93,57,,,1,110,,94,57,,,1,108,,95,57,,,1,94,,96,57,,,1,99,,97,57,,,1,99,,98,57,,,1,94,,99,57,,,1,99,,100,57,,,1
201,'2',803,,353,9,,,1,40,,354,9,,,1,81,,355,9,,,1,80,,356,9,,,1,40,,357,9,,,1,80,,358,9,,,1,80,,359,9,,,1,40,,360,9,,,1,80,,361,9,,,1,80,,362,9,,,1,40,,363,9,,,1,80,,364,9,,,1,80,,365,9,,,1,40,,366,9,,,1,80,,367,9,,,1,80,,368,9,,,1,40,,369,9,,,1,80,,370,9,,,1,80,,371,9,,,1,40,,372,9,,,1,80,,373,9,,,1,33,,374,9,,,1,73,,375,9,,,1,73,,376,9,,,1,31,,377,9,,,1,73,,378,9,,,1
201,'3',854,,389,9,,,1,152,,379,9,,,1,117,,380,9,,,1,118,,381,9,,,1,117,,382,9,,,1,157,,383,9,,,1,117,,384,9,,,1,117,,385,9,,,1,157,,386,9,,,1,113,,387,9,,,1,115,,388,9,,,1,105,,390,9,,,1,108,,391,9,,,1
201,'80',854,,402,9,,,1,152,,392,9,,,1,117,,393,9,,,1,118,,394,9,,,1,117,,395,9,,,1,157,,396,9,,,1,117,,397,9,,,1,117,,398,9,,,1,157,,399,9,,,1,113,,400,9,,,1,115,,401,9,,,1,105,,403,9,,,1,108,,404,9,,,1
201,'81',854,,415,9,,,1,152,,405,9,,,1,117,,406,9,,,1,118,,407,9,,,1,117,,408,9,,,1,157,,409,9,,,1,117,,410,9,,,1,117,,411,9,,,1,157,,412,9,,,1,113,,413,9,,,1,115,,414,9,,,1,105,,416,9,,,1,108,,417,9,,,1
1400,'1',547,,2372,57,,,1,67,,2371,57,,,1,29,,2370,57,,,1,73,,2366,57,,,1,30,,2369,57,,,1,72,,2368,57,,,1,22,,2367,57,,,1,77,,2392,57,,,1,28,,2391,54,,,1,74,,2390,54,,,1,34,,2384,54,,,1,75,,2374,54,,,1,74,,2389,54,,,1,33,,2388,54,,,1,73,,2387,54,,,1,33,,2386,54,,,1,73,,2385,54,,,1,38,,2383,57,,,1,72,,2382,57,,,1,76,,2381,57,,,1,31,,2380,57,,,1,77,,2379,57,,,1,32,,2378,57,,,1,75,,2377,57,,,1,35,,2376,57,,,1,66,,2375,57,,,1,27,,2373,54,,,1,76,,2393,54,,,1,81,,2394,54,,,1
30500,'1',603,,8621,5,,,1,25,,8620,5,,,1,25,,8619,5,,,1,67,,8616,5,,,1,23,,8618,5,,,1,65,,8617,5,,,1
30501,'1',1630,,8628,6,,,1,25,,8627,6,,,1,68,,8626,6,,,1,26,,8625,6,,,1,61,,8624,6,,,1,25,,8623,6,,,1,65,,8622,6,,,1
