60300,'1',502,,9994,8,,,1,20,,9995,8,,,1,20,,9996,8,,,1,60,,9997,8,,,1,22,,9998,8,,,1,18,,9999,8,,,1,60,,10000,8,,,1,18,,10001,8,,,1,18,,10002,8,,,1,20,,10003,8,,,1,58,,10004,8,,,1,18,,10005,8,,,1,18,,10006,8,,,1,58,,10007,8,,,1,19,,10008,8,,,1,22,,10009,8,,,1,62,,10010,8,,,1,22,,10011,8,,,1,22,,10012,8,,,1,62,,10013,8,,,1,22,,10014,8,,,1,62,,10015,8,,,1,22,,10016,8,,,1,22,,10017,8,,,1,62,,10018,8,,,1,22,,10019,8,,,1,22,,10020,8,,,1,62,,10021,8,,,1,22,,10022,8,,,1,19,,10023,8,,,1,56,,10024,8,,,1,16,,10025,8,,,1,16,,10026,8,,,1,56,,10027,8,,,1,16,,10028,8,,,1,16,,10029,8,,,1,16,,10030,8,,,1,56,,10031,8,,,1,16,,10032,8,,,1,16,,10033,8,,,1,16,,10034,8,,,1,56,,10035,8,,,1,14,,10036,8,,,1,16,,10037,8,,,1,16,,10038,8,,,1,55,,10039,8,,,1,30,,10040,8,,,1,70,,10041,8,,,1,30,,10042,8,,,1,70,,10043,8,,,1,28,,10044,8,,,1,70,,10045,8,,,1,42,,10046,8,,,1,81,,10047,8,,,1,82,,10048,8,,,1,47,,10049,8,,,1
60300,'2',532,,10050,8,,,1,81,,10051,8,,,1,40,,10052,8,,,1,80,,10053,8,,,1,80,,10054,8,,,1,41,,10055,8,,,1,81,,10056,8,,,1,82,,10057,8,,,1,39,,10058,8,,,1,78,,10059,8,,,1,78,,10060,8,,,1,36,,10061,8,,,1,78,,10062,8,,,1,78,,10063,8,,,1,39,,10064,8,,,1,78,,10065,8,,,1,38,,10066,8,,,1,78,,10067,8,,,1,77,,10068,8,,,1,39,,10069,8,,,1,77,,10070,8,,,1,78,,10071,8,,,1,38,,10072,8,,,1,80,,10073,8,,,1,80,,10074,8,,,1,38,,10075,8,,,1,86,,10076,8,,,1,92,,10077,8,,,1,92,,10078,8,,,1
60300,'3',715,,10079,8,,,1,36,,10080,8,,,1,76,,10081,8,,,1,76,,10082,8,,,1,42,,10083,8,,,1,84,,10084,8,,,1,83,,10085,8,,,1,42,,10086,8,,,1,82,,10087,8,,,1,82,,10088,8,,,1,82,,10089,8,,,1,43,,10090,8,,,1,79,,10091,8,,,1,35,,10092,8,,,1,77,,10093,8,,,1,76,,10094,8,,,1,36,,10095,8,,,1,76,,10096,8,,,1,34,,10097,8,,,1,76,,10098,8,,,1,75,,10099,8,,,1,36,,10100,8,,,1,91,,10101,8,,,1,106,,10102,8,,,1,105,,10103,8,,,1,106,,10104,8,,,1
60300,'80',715,,10105,8,,,1,36,,10106,8,,,1,76,,10107,8,,,1,76,,10108,8,,,1,42,,10109,8,,,1,84,,10110,8,,,1,83,,10111,8,,,1,42,,10112,8,,,1,82,,10113,8,,,1,82,,10114,8,,,1,82,,10115,8,,,1,43,,10116,8,,,1,79,,10117,8,,,1,35,,10118,8,,,1,77,,10119,8,,,1,76,,10120,8,,,1,36,,10121,8,,,1,76,,10122,8,,,1,34,,10123,8,,,1,76,,10124,8,,,1,75,,10125,8,,,1,36,,10126,8,,,1,91,,10127,8,,,1,106,,10128,8,,,1,105,,10129,8,,,1,106,,10130,8,,,1
60300,'81',715,,10131,8,,,1,36,,10132,8,,,1,76,,10133,8,,,1,76,,10134,8,,,1,42,,10135,8,,,1,84,,10136,8,,,1,83,,10137,8,,,1,42,,10138,8,,,1,82,,10139,8,,,1,82,,10140,8,,,1,82,,10141,8,,,1,43,,10142,8,,,1,79,,10143,8,,,1,35,,10144,8,,,1,77,,10145,8,,,1,76,,10146,8,,,1,36,,10147,8,,,1,76,,10148,8,,,1,34,,10149,8,,,1,76,,10150,8,,,1,75,,10151,8,,,1,36,,10152,8,,,1,91,,10153,8,,,1,106,,10154,8,,,1,105,,10155,8,,,1,106,,10156,8,,,1
6030100,'1',512,,12194,8,,,1,20,,12195,8,,,1,20,,12196,8,,,1,62,,12197,8,,,1,18,,12198,8,,,1,18,,12199,8,,,1,61,,12200,8,,,1,18,,12201,8,,,1,20,,12202,8,,,1,58,,12203,8,,,1,18,,12204,8,,,1,18,,12205,8,,,1,58,,12206,8,,,1,17,,12207,8,,,1,22,,12208,8,,,1,62,,12209,8,,,1,22,,12210,8,,,1,22,,12211,8,,,1,62,,12212,8,,,1,22,,12213,8,,,1,22,,12214,8,,,1,62,,12215,8,,,1,22,,12216,8,,,1,22,,12217,8,,,1,62,,12218,8,,,1,22,,12219,8,,,1,62,,12220,8,,,1,22,,12221,8,,,1,22,,12222,8,,,1,56,,12223,8,,,1,16,,12224,8,,,1,16,,12225,8,,,1,16,,12226,8,,,1,56,,12227,8,,,1,16,,12228,8,,,1,16,,12229,8,,,1,16,,12230,8,,,1,56,,12231,8,,,1,16,,12232,8,,,1,16,,12233,8,,,1,56,,12234,8,,,1,16,,12235,8,,,1,14,,12236,8,,,1,16,,12237,8,,,1,55,,12238,8,,,1,23,,12239,8,,,1,30,,12240,8,,,1,70,,12241,8,,,1,30,,12242,8,,,1,68,,12243,8,,,1,30,,12244,8,,,1,76,,12245,8,,,1,82,,12246,8,,,1,41,,12247,8,,,1,82,,12248,8,,,1
6030100,'2',512,,12249,8,,,1,40,,12250,8,,,1,81,,12251,8,,,1,80,,12252,8,,,1,40,,12253,8,,,1,81,,12254,8,,,1,81,,12255,8,,,1,40,,12256,8,,,1,82,,12257,8,,,1,78,,12258,8,,,1,38,,12259,8,,,1,78,,12260,8,,,1,76,,12261,8,,,1,38,,12262,8,,,1,79,,12263,8,,,1,78,,12264,8,,,1,38,,12265,8,,,1,78,,12266,8,,,1,38,,12267,8,,,1,77,,12268,8,,,1,79,,12269,8,,,1,37,,12270,8,,,1,78,,12271,8,,,1,79,,12272,8,,,1,40,,12273,8,,,1,80,,12274,8,,,1,78,,12275,8,,,1,52,,12276,8,,,1,92,,12277,8,,,1,92,,12278,8,,,1
6030100,'3',657,,12279,8,,,1,76,,12280,8,,,1,76,,12281,8,,,1,36,,12282,8,,,1,79,,12283,8,,,1,84,,12284,8,,,1,43,,12285,8,,,1,82,,12286,8,,,1,82,,12287,8,,,1,42,,12288,8,,,1,82,,12289,8,,,1,83,,12290,8,,,1,82,,12291,8,,,1,35,,12292,8,,,1,77,,12293,8,,,1,36,,12294,8,,,1,76,,12295,8,,,1,76,,12296,8,,,1,36,,12297,8,,,1,75,,12298,8,,,1,36,,12299,8,,,1,75,,12300,8,,,1,76,,12301,8,,,1,105,,12302,8,,,1,106,,12303,8,,,1,105,,12304,8,,,1
6030100,'80',657,,12305,8,,,1,76,,12306,8,,,1,76,,12307,8,,,1,36,,12308,8,,,1,79,,12309,8,,,1,84,,12310,8,,,1,43,,12311,8,,,1,82,,12312,8,,,1,82,,12313,8,,,1,42,,12314,8,,,1,82,,12315,8,,,1,83,,12316,8,,,1,82,,12317,8,,,1,35,,12318,8,,,1,77,,12319,8,,,1,36,,12320,8,,,1,76,,12321,8,,,1,76,,12322,8,,,1,36,,12323,8,,,1,75,,12324,8,,,1,36,,12325,8,,,1,75,,12326,8,,,1,76,,12327,8,,,1,105,,12328,8,,,1,106,,12329,8,,,1,105,,12330,8,,,1
6030100,'81',657,,12331,8,,,1,76,,12332,8,,,1,76,,12333,8,,,1,36,,12334,8,,,1,79,,12335,8,,,1,84,,12336,8,,,1,43,,12337,8,,,1,82,,12338,8,,,1,82,,12339,8,,,1,42,,12340,8,,,1,82,,12341,8,,,1,83,,12342,8,,,1,82,,12343,8,,,1,35,,12344,8,,,1,77,,12345,8,,,1,36,,12346,8,,,1,76,,12347,8,,,1,76,,12348,8,,,1,36,,12349,8,,,1,75,,12350,8,,,1,36,,12351,8,,,1,75,,12352,8,,,1,76,,12353,8,,,1,105,,12354,8,,,1,106,,12355,8,,,1,105,,12356,8,,,1
