9600,'1',706,,31260,81,,,1,47,,31259,81,,,1,71,,31258,81,,,1,77,,31257,81,,,1,27,,31256,81,,,1,73,,31253,81,,,1,34,,31254,81,,,1,70,,31255,81,,,1,32,,31268,81,,,1,68,,31267,77,,,1,39,,31261,77,,,1,79,,31262,77,,,1,79,,31263,77,,,1,46,,31264,77,,,1,65,,31265,77,,,1,92,,31266,81,,,1,43,,31274,81,,,1,67,,31273,81,,,1,32,,31272,81,,,1,62,,31269,81,,,1,27,,31270,81,,,1,21,,31271,81,,,1,67,,31277,81,,,1,19,,31278,81,,,1,12,,31288,81,,,1,51,,31276,81,,,1,25,,31275,81,,,1,70,,31285,77,,,1,30,,31284,77,,,1,15,,31287,77,,,1,12,,31279,77,,,1,70,,31280,77,,,1,30,,31281,77,,,1,68,,31282,77,,,1,30,,31283,77,,,1,57,,31286,77,,,1
9600,'2',1027,,31289,77,,,1,102,,31290,77,,,1,99,,31291,77,,,1,95,,31292,77,,,1,99,,31293,77,,,1,99,,31294,77,,,1,99,,31295,77,,,1,99,,31296,77,,,1,94,,31297,77,,,1,97,,31298,77,,,1,47,,31299,77,,,1,82,,31300,77,,,1,97,,31301,77,,,1
9600,'3',1118,,31302,77,,,1,94,,31303,77,,,1,94,,31304,77,,,1,94,,31305,77,,,1,54,,31306,77,,,1,94,,31307,77,,,1,94,,31308,77,,,1,94,,31309,77,,,1,91,,31310,77,,,1,94,,31311,77,,,1,94,,31312,77,,,1,90,,31313,77,,,1
9600,'74',1027,,31314,77,,,1,102,,31315,77,,,1,99,,31316,77,,,1,95,,31317,77,,,1,99,,31318,77,,,1,99,,31319,77,,,1,99,,31320,77,,,1,99,,31321,77,,,1,94,,31322,77,,,1,97,,31323,77,,,1,47,,31324,77,,,1,82,,31325,77,,,1,97,,31326,77,,,1
9600,'80',1118,,31327,77,,,1,94,,31328,77,,,1,94,,31329,77,,,1,94,,31330,77,,,1,54,,31331,77,,,1,94,,31332,77,,,1,94,,31333,77,,,1,94,,31334,77,,,1,91,,31335,77,,,1,94,,31336,77,,,1,94,,31337,77,,,1,90,,31338,77,,,1
9800,'1',624,,31445,33,,,1,35,,31444,33,,,1,73,,31443,33,,,1,75,,31442,33,,,1,35,,31441,33,,,1,75,,31440,33,,,1,98,,31436,33,,,1,98,,31433,33,,,1,96,,31438,33,,,1,98,,31437,33,,,1,40,,31425,33,,,1,79,,31435,33,,,1,80,,31434,33,,,1,40,,31432,33,,,1,80,,31431,33,,,1,80,,31430,33,,,1,44,,31429,33,,,1,80,,31428,33,,,1,93,,31427,33,,,1,91,,31426,33,,,1,88,,31439,33,,,1
9800,'2',623,,31463,33,,,1,86,,31462,33,,,1,44,,31461,33,,,1,94,,31460,33,,,1,93,,31459,33,,,1,91,,31458,33,,,1,94,,31457,33,,,1,98,,31456,33,,,1,98,,31455,33,,,1,97,,31454,33,,,1,98,,31453,33,,,1,98,,31452,33,,,1,99,,31451,33,,,1,101,,31450,33,,,1,89,,31449,33,,,1,53,,31448,33,,,1,89,,31447,33,,,1,85,,31446,33,,,1
9800,'3',807,,31479,33,,,1,48,,31478,33,,,1,88,,31477,33,,,1,92,,31476,33,,,1,93,,31475,33,,,1,90,,31474,33,,,1,93,,31473,33,,,1,93,,31472,33,,,1,53,,31471,33,,,1,93,,31470,33,,,1,93,,31469,33,,,1,96,,31468,33,,,1,88,,31467,33,,,1,91,,31466,33,,,1,87,,31465,33,,,1,48,,31464,33,,,1
9800,'74',623,,31497,33,,,1,86,,31496,33,,,1,44,,31495,33,,,1,94,,31494,33,,,1,93,,31493,33,,,1,91,,31492,33,,,1,94,,31491,33,,,1,98,,31490,33,,,1,98,,31489,33,,,1,97,,31488,33,,,1,98,,31487,33,,,1,98,,31486,33,,,1,99,,31485,33,,,1,101,,31484,33,,,1,89,,31483,33,,,1,53,,31482,33,,,1,89,,31481,33,,,1,85,,31480,33,,,1
9800,'80',807,,31513,33,,,1,48,,31512,33,,,1,88,,31511,33,,,1,92,,31510,33,,,1,93,,31509,33,,,1,90,,31508,33,,,1,93,,31507,33,,,1,93,,31506,33,,,1,53,,31505,33,,,1,93,,31504,33,,,1,93,,31503,33,,,1,96,,31502,33,,,1,88,,31501,33,,,1,91,,31500,33,,,1,87,,31499,33,,,1,48,,31498,33,,,1
60100,'1',421,,34138,16,,,1,11,,34139,16,,,1,11,,34140,16,,,1,11,,34141,16,,,1,51,,34142,16,,,1,11,,34143,16,,,1,8,,34144,16,,,1,10,,34145,16,,,1,11,,34148,16,,,1,10,,34146,16,,,1,51,,34147,16,,,1,10,,34053,21,,,1,11,,34054,21,,,1,12,,34055,21,,,1,15,,34056,21,,,1,51,,34057,21,,,1,11,,34058,21,,,1,11,,34059,21,,,1,11,,34060,21,,,1,11,,34061,21,,,1,56,,34062,21,,,1,11,,34063,21,,,1,11,,34064,21,,,1,13,,34065,21,,,1,11,,34066,21,,,1,54,,34067,21,,,1,11,,34068,21,,,1,8,,34069,21,,,1,11,,34070,21,,,1,11,,34071,21,,,1,11,,34072,21,,,1,48,,34073,21,,,1,11,,34074,21,,,1,11,,34075,21,,,1,11,,34076,21,,,1,11,,34077,21,,,1,54,,34078,21,,,1,16,,34079,21,,,1,21,,34080,21,,,1,16,,34081,21,,,1,56,,34082,21,,,1,16,,34083,21,,,1,16,,34084,21,,,1,56,,34085,21,,,1,16,,34086,21,,,1,16,,34087,21,,,1,16,,34088,21,,,1,56,,34089,21,,,1,20,,34090,21,,,1,16,,34091,21,,,1,16,,34092,21,,,1,54,,34093,21,,,1,12,,34094,21,,,1,12,,34095,21,,,1,12,,34096,21,,,1,12,,34097,21,,,1,52,,34098,21,,,1,12,,34099,21,,,1,12,,34100,21,,,1,12,,34101,21,,,1,12,,34102,21,,,1,52,,34103,21,,,1,12,,34104,21,,,1,12,,34105,21,,,1,12,,34106,21,,,1,12,,34107,21,,,1,52,,34108,21,,,1,12,,34109,21,,,1,12,,34110,21,,,1,12,,34111,21,,,1,12,,34112,21,,,1,52,,34113,21,,,1,12,,34114,21,,,1,12,,34115,21,,,1,9,,34116,21,,,1,12,,34117,21,,,1,52,,34118,21,,,1,5,,34119,21,,,1,12,,34120,21,,,1,12,,34121,21,,,1,12,,34122,21,,,1,62,,34123,21,,,1,18,,34124,21,,,1,18,,34125,21,,,1,56,,34126,21,,,1,18,,34127,21,,,1,18,,34128,21,,,1,19,,34129,21,,,1,59,,34130,21,,,1,16,,34131,21,,,1,13,,34132,21,,,1,59,,34133,21,,,1,19,,34134,21,,,1,19,,34135,21,,,1,59,,34136,21,,,1,19,,34137,21,,,1
60100,'2',549,,34149,21,,,1,57,,34150,21,,,1,17,,34151,21,,,1,17,,34152,21,,,1,17,,34153,21,,,1,61,,34154,21,,,1,19,,34155,21,,,1,17,,34156,21,,,1,58,,34157,21,,,1,16,,34158,21,,,1,18,,34159,21,,,1,56,,34160,21,,,1,16,,34161,21,,,1,16,,34162,21,,,1,17,,34163,21,,,1,56,,34164,21,,,1,19,,34165,21,,,1,16,,34166,21,,,1,16,,34167,21,,,1,56,,34168,21,,,1,16,,34169,21,,,1,18,,34170,21,,,1,56,,34171,21,,,1,16,,34172,21,,,1,20,,34173,21,,,1,16,,34174,21,,,1,55,,34175,21,,,1,15,,34176,21,,,1,15,,34177,21,,,1,15,,34178,21,,,1,55,,34179,21,,,1,15,,34180,21,,,1,15,,34181,21,,,1,15,,34182,21,,,1,55,,34183,21,,,1,15,,34184,21,,,1,15,,34185,21,,,1,15,,34186,21,,,1,52,,34187,21,,,1,15,,34188,21,,,1,15,,34189,21,,,1,15,,34190,21,,,1,55,,34191,21,,,1,15,,34192,21,,,1,15,,34193,21,,,1,15,,34194,21,,,1,55,,34195,21,,,1,15,,34196,21,,,1,15,,34197,21,,,1,13,,34198,21,,,1,55,,34199,21,,,1,15,,34200,21,,,1,15,,34201,21,,,1,15,,34202,21,,,1,55,,34203,21,,,1,15,,34204,21,,,1,15,,34205,21,,,1,9,,34206,21,,,1,58,,34207,21,,,1,18,,34208,21,,,1,18,,34209,21,,,1,15,,34210,21,,,1,58,,34211,21,,,1,18,,34212,21,,,1,18,,34213,21,,,1,56,,34214,21,,,1,16,,34215,21,,,1,10,,34216,21,,,1,16,,34217,21,,,1,56,,34218,21,,,1,16,,34219,21,,,1,16,,34220,21,,,1,16,,34221,21,,,1,56,,34222,21,,,1,16,,34223,21,,,1
60100,'3',621,,34238,21,,,1,20,,34237,21,,,1,60,,34236,21,,,1,20,,34235,21,,,1,20,,34234,21,,,1,64,,34233,21,,,1,20,,34232,21,,,1,20,,34231,21,,,1,63,,34230,21,,,1,20,,34224,21,,,1,20,,34225,21,,,1,60,,34226,21,,,1,24,,34227,21,,,1,20,,34228,21,,,1,62,,34229,21,,,1,27,,34265,21,,,1,61,,34264,21,,,1,23,,34263,21,,,1,21,,34239,21,,,1,65,,34240,21,,,1,21,,34241,21,,,1,21,,34242,21,,,1,61,,34243,21,,,1,21,,34244,21,,,1,21,,34245,21,,,1,61,,34246,21,,,1,21,,34247,21,,,1,21,,34248,21,,,1,61,,34249,21,,,1,19,,34250,21,,,1,61,,34251,21,,,1,21,,34252,21,,,1,21,,34253,21,,,1,61,,34254,21,,,1,21,,34255,21,,,1,18,,34256,21,,,1,61,,34257,21,,,1,21,,34258,21,,,1,20,,34259,21,,,1,61,,34260,21,,,1,21,,34261,21,,,1,21,,34262,21,,,1,56,,34266,21,,,1,29,,34272,21,,,1,20,,34271,21,,,1,60,,34270,21,,,1,20,,34267,21,,,1,20,,34268,21,,,1,56,,34269,21,,,1,30,,34279,21,,,1,15,,34278,21,,,1,60,,34273,21,,,1,20,,34274,21,,,1,20,,34275,21,,,1,60,,34276,21,,,1,20,,34277,21,,,1
60100,'74',549,,34280,21,,,1,57,,34281,21,,,1,17,,34282,21,,,1,17,,34283,21,,,1,17,,34284,21,,,1,61,,34285,21,,,1,19,,34286,21,,,1,17,,34287,21,,,1,58,,34288,21,,,1,16,,34289,21,,,1,18,,34290,21,,,1,56,,34291,21,,,1,16,,34292,21,,,1,16,,34293,21,,,1,17,,34294,21,,,1,56,,34295,21,,,1,19,,34296,21,,,1,16,,34297,21,,,1,16,,34298,21,,,1,56,,34299,21,,,1,16,,34300,21,,,1,18,,34301,21,,,1,56,,34302,21,,,1,16,,34303,21,,,1,20,,34304,21,,,1,16,,34305,21,,,1,55,,34306,21,,,1,15,,34307,21,,,1,15,,34308,21,,,1,15,,34309,21,,,1,55,,34310,21,,,1,15,,34311,21,,,1,15,,34312,21,,,1,15,,34313,21,,,1,55,,34314,21,,,1,15,,34315,21,,,1,15,,34316,21,,,1,15,,34317,21,,,1,52,,34318,21,,,1,15,,34319,21,,,1,15,,34320,21,,,1,15,,34321,21,,,1,55,,34322,21,,,1,15,,34323,21,,,1,15,,34324,21,,,1,15,,34325,21,,,1,55,,34326,21,,,1,15,,34327,21,,,1,15,,34328,21,,,1,13,,34329,21,,,1,55,,34330,21,,,1,15,,34331,21,,,1,15,,34332,21,,,1,15,,34333,21,,,1,55,,34334,21,,,1,15,,34335,21,,,1,15,,34336,21,,,1,9,,34337,21,,,1,58,,34338,21,,,1,18,,34339,21,,,1,18,,34340,21,,,1,15,,34341,21,,,1,58,,34342,21,,,1,18,,34343,21,,,1,18,,34344,21,,,1,56,,34345,21,,,1,16,,34346,21,,,1,10,,34347,21,,,1,16,,34348,21,,,1,56,,34349,21,,,1,16,,34350,21,,,1,16,,34351,21,,,1,16,,34352,21,,,1,56,,34353,21,,,1,16,,34354,21,,,1
60100,'80',621,,34369,21,,,1,20,,34368,21,,,1,60,,34367,21,,,1,20,,34366,21,,,1,20,,34365,21,,,1,64,,34364,21,,,1,20,,34363,21,,,1,20,,34362,21,,,1,63,,34361,21,,,1,20,,34355,21,,,1,20,,34356,21,,,1,60,,34357,21,,,1,24,,34358,21,,,1,20,,34359,21,,,1,62,,34360,21,,,1,27,,34397,21,,,1,61,,34396,21,,,1,23,,34395,21,,,1,21,,34370,21,,,1,65,,34371,21,,,1,21,,34372,21,,,1,21,,34373,21,,,1,61,,34374,21,,,1,21,,34375,21,,,1,21,,34376,21,,,1,61,,34377,21,,,1,21,,34378,21,,,1,21,,34379,21,,,1,61,,34380,21,,,1,19,,34381,21,,,1,61,,34382,21,,,1,21,,34383,21,,,1,21,,34384,21,,,1,61,,34385,21,,,1,21,,34386,21,,,1,18,,34387,21,,,1,61,,34388,21,,,1,21,,34389,21,,,1,20,,34390,21,,,1,61,,34391,21,,,1,21,,34392,21,,,1,21,,34393,21,,,1,56,,34394,21,,,1,29,,34403,21,,,1,20,,34402,21,,,1,60,,34401,21,,,1,20,,34398,21,,,1,20,,34399,21,,,1,56,,34400,21,,,1,30,,34410,21,,,1,15,,34409,21,,,1,60,,34404,21,,,1,20,,34405,21,,,1,20,,34406,21,,,1,60,,34407,21,,,1,20,,34408,21,,,1
989900,'1',2128,,36830,76,,,1,73,,36831,76,,,1,38,,36832,76,,,1,78,,36833,76,,,1,35,,36834,76,,,1,72,,36835,76,,,1,35,,36836,76,,,1,75,,36837,76,,,1,75,,36838,76,0,5 6,1,35,,36839,76,0,5 6,1,79,,36840,76,0,5 6,1
989900,'2',2132,,36841,76,,,1,94,,36842,76,,,1,86,,36843,76,,,1,92,,36844,76,,,1,46,,36845,76,,,1,86,,36846,76,,,1,82,,36847,76,0,5 6,1,86,,36848,76,0,5 6,1,46,,36849,76,0,5 6,1
989900,'3',2147,,36850,76,,,1,90,,36851,76,,,1,85,,36852,76,,,1,90,,36853,76,,,1,40,,36854,76,,,1,83,,36855,76,,,1,79,,36856,76,0,5 6,1,43,,36857,76,0,5 6,1,83,,36858,76,0,5 6,1
989900,'74',2132,,36859,76,,,1,94,,36860,76,,,1,86,,36861,76,,,1,92,,36862,76,,,1,46,,36863,76,,,1,86,,36864,76,,,1,82,,36865,76,0,5 6,1,86,,36866,76,0,5 6,1,46,,36867,76,0,5 6,1
989900,'80',2147,,36868,76,,,1,90,,36869,76,,,1,85,,36870,76,,,1,90,,36871,76,,,1,40,,36872,76,,,1,83,,36873,76,,,1,79,,36874,76,0,5 6,1,43,,36875,76,0,5 6,1,83,,36876,76,0,5 6,1
