9601,'1',537,,31339,81,,,1,73,,31340,81,,,1,29,,31341,81,,,1,70,,31342,81,,,1,42,,31343,81,,,1,76,,31344,81,,,1,78,,31345,81,,,1,27,,31346,81,,,1,71,,31347,81,,,1,31,,31348,81,,,1,79,,31349,81,,,1,38,,31350,77,,,1,83,,31351,77,,,1,75,,31352,77,,,1,32,,31353,77,,,1,86,,31354,77,,,1,83,,31355,77,,,1,22,,31374,77,,,1,17,,31356,77,,,1,72,,31357,77,,,1,27,,31358,77,,,1,71,,31359,81,,,1,27,,31360,81,,,1,63,,31361,81,,,1,22,,31362,81,,,1,17,,31363,81,,,1,65,,31364,81,,,1,25,,31365,81,,,1,65,,31366,81,,,1,21,,31367,77,,,1,25,,31368,77,,,1,66,,31369,77,,,1,30,,31370,77,,,1,70,,31371,77,,,1,30,,31372,77,,,1,64,,31373,77,,,1
9601,'2',901,,31375,77,,,1,99,,31376,77,,,1,103,,31377,77,,,1,99,,31378,77,,,1,99,,31379,77,,,1,56,,31380,77,,,1,99,,31381,77,,,1,99,,31382,77,,,1,99,,31383,77,,,1,99,,31384,77,,,1,87,,31385,77,,,1,90,,31386,77,,,1,97,,31387,77,,,1
9601,'3',1001,,31388,77,,,1,54,,31389,77,,,1,94,,31390,77,,,1,94,,31391,77,,,1,94,,31392,77,,,1,94,,31393,77,,,1,96,,31394,77,,,1,94,,31395,77,,,1,88,,31396,77,,,1,94,,31397,77,,,1,52,,31398,77,,,1,94,,31399,77,,,1
9601,'74',901,,31400,77,,,1,99,,31401,77,,,1,103,,31402,77,,,1,99,,31403,77,,,1,99,,31404,77,,,1,56,,31405,77,,,1,99,,31406,77,,,1,99,,31407,77,,,1,99,,31408,77,,,1,99,,31409,77,,,1,87,,31410,77,,,1,90,,31411,77,,,1,97,,31412,77,,,1
9601,'80',1001,,31413,77,,,1,54,,31414,77,,,1,94,,31415,77,,,1,94,,31416,77,,,1,94,,31417,77,,,1,94,,31418,77,,,1,96,,31419,77,,,1,94,,31420,77,,,1,88,,31421,77,,,1,94,,31422,77,,,1,52,,31423,77,,,1,94,,31424,77,,,1
10701,'1',530,,32420,24,,,1,24,,32419,24,,,1,68,,32418,24,,,1,24,,32417,24,,,1,64,,32416,24,,,1,18,,32415,24,,,1,20,,32414,24,,,1,52,,32413,24,,,1,21,,32412,24,,,1,16,,32411,24,,,1,16,,32410,24,,,1,50,,32409,24,,,1,43,,32398,24,,,1,80,,32405,24,,,1,82,,32404,24,,,1,42,,32403,24,,,1,82,,32402,24,,,1,87,,32401,24,,,1,82,,32400,24,,,1,28,,32408,24,,,1,14,,32399,24,,,1,63,,32397,24,,,1,20,,32396,24,,,1,18,,32395,24,,,1,58,,32394,24,,,1,22,,32393,24,,,1,18,,32392,24,,,1,58,,32391,24,,,1,22,,32390,24,,,1,18,,32389,24,,,1,18,,32388,24,,,1,55,,32387,24,,,1,17,,32386,24,,,1,18,,32434,24,,,1,66,,32433,24,,,1,18,,32421,24,,,1,78,,32435,24,,,1,41,,32432,24,,,1,75,,32431,24,,,1,78,,32430,24,,,1,32,,32429,24,,,1,74,,32428,24,,,1,34,,32427,24,,,1,74,,32426,24,,,1,34,,32425,24,,,1,74,,32424,24,,,1,74,,32423,24,,,1,34,,32422,24,,,1
10701,'2',705,,32463,24,,,1,39,,32464,24,,,1,77,,32465,24,,,1,37,,32466,24,,,1,77,,32467,24,,,1,77,,32468,24,,,1,37,,32469,24,,,1,77,,32470,24,,,1,77,,32471,24,,,1,37,,32472,24,,,1,76,,32440,24,,,1,37,,32441,24,,,1,76,,32443,24,,,1,77,,32444,24,,,1,37,,32445,24,,,1,77,,32446,24,,,1,35,,32447,24,,,1,77,,32448,24,,,1,77,,32449,24,,,1,37,,32450,24,,,1,77,,32451,24,,,1,77,,32452,24,,,1,37,,32453,24,,,1,77,,32454,24,,,1,37,,32455,24,,,1,77,,32442,24,,,1,77,,32456,24,,,1,37,,32457,24,,,1,77,,32458,24,,,1,37,,32459,24,,,1,76,,32439,24,,,1,75,,32460,24,,,1
10701,'3',744,,32485,24,,,1,77,,32486,24,,,1,34,,32487,24,,,1,77,,32488,24,,,1,78,,32489,24,,,1,37,,32490,24,,,1,77,,32484,24,,,1,77,,32491,24,,,1,37,,32492,24,,,1,77,,32493,24,,,1,37,,32494,24,,,1,76,,32495,24,,,1,75,,32496,24,,,1,37,,32497,24,,,1,77,,32498,24,,,1,37,,32500,24,,,1,77,,32501,24,,,1,77,,32499,24,,,1,37,,32481,24,,,1,77,,32502,24,,,1,37,,32503,24,,,1,77,,32504,24,,,1,77,,32505,24,,,1,37,,32473,24,,,1,77,,32474,24,,,1,77,,32475,24,,,1,37,,32476,24,,,1,77,,32477,24,,,1,36,,32478,24,,,1,77,,32479,24,,,1,77,,32480,24,,,1
10701,'74',705,,32530,24,,,1,39,,32531,24,,,1,77,,32532,24,,,1,37,,32533,24,,,1,77,,32534,24,,,1,77,,32535,24,,,1,37,,32536,24,,,1,77,,32537,24,,,1,77,,32538,24,,,1,37,,32539,24,,,1,76,,32507,24,,,1,37,,32508,24,,,1,76,,32510,24,,,1,77,,32511,24,,,1,37,,32512,24,,,1,77,,32513,24,,,1,35,,32514,24,,,1,77,,32515,24,,,1,77,,32516,24,,,1,37,,32517,24,,,1,77,,32518,24,,,1,77,,32519,24,,,1,37,,32520,24,,,1,77,,32521,24,,,1,37,,32522,24,,,1,77,,32509,24,,,1,77,,32523,24,,,1,37,,32524,24,,,1,77,,32525,24,,,1,37,,32526,24,,,1,76,,32506,24,,,1,75,,32527,24,,,1
10701,'80',744,,32552,24,,,1,77,,32553,24,,,1,34,,32554,24,,,1,77,,32555,24,,,1,78,,32556,24,,,1,37,,32557,24,,,1,77,,32551,24,,,1,77,,32558,24,,,1,37,,32559,24,,,1,77,,32560,24,,,1,37,,32561,24,,,1,76,,32562,24,,,1,75,,32563,24,,,1,37,,32564,24,,,1,77,,32565,24,,,1,37,,32567,24,,,1,77,,32568,24,,,1,77,,32566,24,,,1,37,,32548,24,,,1,77,,32569,24,,,1,37,,32570,24,,,1,77,,32571,24,,,1,77,,32572,24,,,1,37,,32540,24,,,1,77,,32541,24,,,1,77,,32542,24,,,1,37,,32543,24,,,1,77,,32544,24,,,1,36,,32545,24,,,1,77,,32546,24,,,1,77,,32547,24,,,1
