7700,'1',449,,4731,1,,,1,57,,4730,1,,,1,13,,4729,1,,,1,15,,4728,1,,,1,15,,4726,1,,,1,55,,4727,1,,,1,13,,4746,1,,,1,16,,4745,1,,,1,16,,4744,1,,,1,56,,4743,1,,,1,16,,4742,1,,,1,16,,4741,1,,,1,16,,4732,1,,,1,56,,4733,1,,,1,16,,4734,1,,,1,16,,4735,1,,,1,16,,4736,1,,,1,56,,4737,1,,,1,16,,4738,1,,,1,16,,4739,1,,,1,71,,4740,1,,,1,30,,4754,1,,,1,70,,4753,1,,,1,30,,4752,1,,,1,70,,4747,1,,,1,30,,4748,1,,,1,70,,4749,1,,,1,30,,4750,1,,,1,70,,4751,1,,,1,23,,4772,1,,,1,19,,4771,1,,,1,59,,4770,1,,,1,19,,4769,1,,,1,19,,4768,1,,,1,59,,4755,1,,,1,19,,4756,1,,,1,19,,4757,1,,,1,59,,4758,1,,,1,19,,4759,1,,,1,19,,4760,1,,,1,59,,4761,1,,,1,19,,4762,1,,,1,19,,4763,1,,,1,59,,4764,1,,,1,19,,4765,1,,,1,19,,4766,1,,,1,59,,4767,1,,,1,29,,4783,1,,,1,27,,4782,1,,,1,67,,4781,1,,,1,82,,4792,1,,,1,33,,4791,1,,,1,73,,4790,1,,,1,33,,4784,1,,,1,73,,4785,1,,,1,33,,4786,1,,,1,73,,4787,1,,,1,33,,4788,1,,,1,73,,4789,1,,,1
7700,'2',446,,4794,1,,,1,75,,4795,1,,,1,35,,4796,1,,,1,75,,4797,1,,,1,75,,4798,1,,,1,35,,4799,1,,,1,75,,4800,1,,,1,35,,4801,1,,,1,75,,4802,1,,,1,81,,4803,1,,,1,41,,4804,1,,,1,81,,4805,1,,,1,81,,4806,1,,,1,41,,4807,1,,,1,81,,4808,1,,,1,78,,4809,1,,,1,33,,4810,1,,,1,73,,4811,1,,,1,33,,4812,1,,,1,73,,4813,1,,,1,33,,4814,1,,,1,73,,4815,1,,,1,73,,4816,1,,,1,30,,4817,1,,,1,69,,4818,1,,,1,30,,4819,1,,,1,70,,4820,1,,,1,30,,4821,1,,,1,70,,4822,1,,,1,30,,4823,1,,,1,70,,4824,1,,,1,30,,4826,1,,,1,70,,4827,1,,,1,30,,4828,1,,,1,23,,4825,1,,,1,73,,4829,1,,,1,33,,4830,1,,,1,73,,4831,1,,,1,73,,4832,1,,,1,33,,4833,1,,,1
7700,'3',756,,4834,1,,,1,92,,4835,1,,,1,92,,4836,1,,,1,92,,4837,1,,,1,92,,4838,1,,,1,92,,4839,1,,,1,92,,4840,1,,,1,92,,4841,1,,,1,52,,4842,1,,,1,92,,4843,1,,,1,92,,4844,1,,,1,92,,4845,1,,,1,92,,4846,1,,,1,92,,4847,1,,,1,91,,4848,1,,,1,49,,4849,1,,,1,88,,4850,1,,,1,88,,4851,1,,,1,86,,4852,1,,,1,90,,4853,1,,,1,40,,4854,1,,,1,80,,4855,1,,,1,80,,4856,1,,,1,40,,4857,1,,,1
7700,'80',756,,4858,1,,,1,92,,4859,1,,,1,92,,4860,1,,,1,92,,4861,1,,,1,92,,4862,1,,,1,92,,4863,1,,,1,92,,4864,1,,,1,92,,4865,1,,,1,52,,4866,1,,,1,92,,4867,1,,,1,92,,4868,1,,,1,92,,4869,1,,,1,92,,4870,1,,,1,92,,4871,1,,,1,91,,4872,1,,,1,49,,4873,1,,,1,88,,4874,1,,,1,88,,4875,1,,,1,86,,4876,1,,,1,90,,4877,1,,,1,40,,4878,1,,,1,80,,4879,1,,,1,80,,4880,1,,,1,40,,4881,1,,,1
7700,'81',756,,4882,1,,,1,92,,4883,1,,,1,92,,4884,1,,,1,92,,4885,1,,,1,92,,4886,1,,,1,92,,4887,1,,,1,92,,4888,1,,,1,92,,4889,1,,,1,52,,4890,1,,,1,92,,4891,1,,,1,92,,4892,1,,,1,92,,4893,1,,,1,92,,4894,1,,,1,92,,4895,1,,,1,91,,4896,1,,,1,49,,4897,1,,,1,88,,4898,1,,,1,88,,4899,1,,,1,86,,4900,1,,,1,90,,4901,1,,,1,40,,4902,1,,,1,80,,4903,1,,,1,80,,4904,1,,,1,40,,4905,1,,,1
7701,'1',444,,4969,43,4,,1,15,,4967,43,4,,1,55,,4968,43,4,,1,15,,4906,62,4,,1,25,,4907,62,4,,1,53,,4908,62,4,,1,15,,4909,62,4,,1,21,,4910,62,4,,1,15,,4911,62,4,,1,55,,4912,62,4,,1,16,,4913,62,4,,1,21,,4914,62,4,,1,56,,4915,62,4,,1,21,,4916,62,4,,1,16,,4917,62,4,,1,16,,4918,62,4,,1,56,,4919,62,4,,1,16,,4920,62,4,,1,16,,4921,62,4,,1,53,,4922,62,4,,1,16,,4923,62,4,,1,13,,4924,62,4,,1,16,,4925,62,4,,1,56,,4926,62,4,,1,16,,4927,62,4,,1,36,,4928,62,4,,1,70,,4929,62,4,,1,30,,4930,62,4,,1,70,,4931,62,4,,1,30,,4932,62,4,,1,76,,4933,62,4,,1,22,,4970,43,4,,1,8,,4934,62,4,,1,70,,4971,43,4,,1,5,,4935,62,4,,1,22,,4936,62,4,,1,66,,4937,62,4,,1,19,,4938,62,4,,1,59,,4939,62,4,,1,19,,4940,62,4,,1,19,,4941,62,4,,1,19,,4942,62,4,,1,59,,4943,62,4,,1,19,,4944,62,4,,1,11,,4945,62,4,,1,12,,4946,62,4,,1,54,,4947,62,4,,1,11,,4948,62,4,,1,19,,4949,62,4,,1,16,,4950,62,4,,1,55,,4951,62,4,,1,19,,4952,62,4,,1,19,,4953,62,4,,1,67,,4954,62,4,,1,27,,4955,62,4,,1,67,,4956,62,4,,1,27,,4957,62,4,,1,67,,4958,62,4,,1,33,,4959,62,4,,1,67,,4960,62,4,,1,33,,4961,62,4,,1,70,,4962,62,4,,1,28,,4963,62,4,,1,73,,4964,62,4,,1,33,,4965,62,4,,1,75,,4966,62,4,,1
7701,'2',441,,4972,43,4,,1,75,,4973,43,4,,1,35,,4974,43,4,,1,65,,4975,62,4,,1,35,,4976,62,4,,1,75,,4977,62,4,,1,82,,4978,62,4,,1,35,,4979,62,4,,1,75,,4980,62,4,,1,35,,4981,62,4,,1,75,,4982,62,4,,1,86,,4983,62,4,,1,88,,4984,62,4,,1,41,,4985,62,4,,1,81,,4986,62,4,,1,81,,4987,62,4,,1,41,,4988,62,4,,1,81,,4989,62,4,,1,82,,5008,62,4,,1,33,,4990,62,4,,1,73,,4991,62,4,,1,33,,4992,62,4,,1,73,,4993,62,4,,1,31,,4994,62,4,,1,73,,4995,62,4,,1,30,,4996,62,4,,1,65,,4997,62,4,,1,30,,4998,62,4,,1,70,,4999,62,4,,1,30,,5000,62,4,,1,70,,5001,62,4,,1,23,,5002,62,4,,1,70,,5003,62,4,,1,30,,5004,62,4,,1,70,,5005,62,4,,1,30,,5006,62,4,,1,76,,5007,62,4,,1,36,,5009,62,4,,1,70,,5010,62,4,,1,33,,5011,62,4,,1,73,,5012,62,4,,1
7701,'3',751,,5035,43,4,,1,92,,5036,43,4,,1,92,,5037,43,4,,1,87,,5013,63,4,,1,90,,5014,63,4,,1,92,,5015,63,4,,1,52,,5016,63,4,,1,97,,5017,63,4,,1,92,,5018,63,4,,1,92,,5019,63,4,,1,90,,5020,63,4,,1,92,,5021,63,4,,1,92,,5022,63,4,,1,91,,5023,63,4,,1,54,,5024,63,4,,1,91,,5025,63,4,,1,86,,5026,63,4,,1,90,,5031,63,4,,1,79,,5027,63,4,,1,48,,5028,63,4,,1,85,,5029,63,4,,1,83,,5030,63,4,,1,40,,5034,63,4,,1,79,,5032,63,4,,1,80,,5033,63,4,,1
7701,'80',751,,5060,43,4,,1,92,,5061,43,4,,1,92,,5062,43,4,,1,87,,5038,63,4,,1,90,,5039,63,4,,1,92,,5040,63,4,,1,52,,5041,63,4,,1,97,,5042,63,4,,1,92,,5043,63,4,,1,92,,5044,63,4,,1,90,,5045,63,4,,1,92,,5046,63,4,,1,92,,5047,63,4,,1,91,,5048,63,4,,1,54,,5049,63,4,,1,91,,5050,63,4,,1,86,,5051,63,4,,1,90,,5056,63,4,,1,79,,5052,63,4,,1,48,,5053,63,4,,1,85,,5054,63,4,,1,83,,5055,63,4,,1,40,,5059,63,4,,1,79,,5057,63,4,,1,80,,5058,63,4,,1
7701,'81',751,,5085,43,4,,1,92,,5086,43,4,,1,92,,5087,43,4,,1,87,,5063,63,4,,1,90,,5064,63,4,,1,92,,5065,63,4,,1,52,,5066,63,4,,1,97,,5067,63,4,,1,92,,5068,63,4,,1,92,,5069,63,4,,1,90,,5070,63,4,,1,92,,5071,63,4,,1,92,,5072,63,4,,1,91,,5073,63,4,,1,54,,5074,63,4,,1,91,,5075,63,4,,1,86,,5076,63,4,,1,90,,5081,63,4,,1,79,,5077,63,4,,1,48,,5078,63,4,,1,85,,5079,63,4,,1,83,,5080,63,4,,1,40,,5084,63,4,,1,79,,5082,63,4,,1,80,,5083,63,4,,1
36101,'1',641,,9182,41,,,1,64,,9183,41,,,1,32,,9184,41,,,1,65,,9185,41,,,1,26,,9186,41,,,1,26,,9187,41,,,1,63,,9188,41,,,1,20,,9189,41,,,1,64,,9190,41,,,1,546,,9191,41,,,1,65,,9192,41,,,1,25,,9193,41,,,1,67,,9194,41,,,1,24,,9195,41,,,1,25,,9196,41,,,1,63,,9197,41,,,1,25,,9198,41,,,1,63,,9199,41,,,1
