9901,'1',410,,7366,20,,,1,41,,7367,20,,,1,80,,7368,20,,,1,82,,7369,20,,,1,38,,7370,20,,,1,75,,7371,20,,,1,29,,7372,20,,,1,83,,7373,20,,,1,75,,7374,20,,,1,35,,7375,20,,,1,94,,7376,20,,,1,98,,7377,20,,,1,94,,7378,20,,,1,94,,7379,20,,,1,100,,7380,20,,,1,25,,7381,20,,,1,70,,7382,20,,,1,30,,7383,20,,,1,70,,7384,20,,,1,30,,7385,20,,,1,70,,7386,20,,,1,30,,7387,20,,,1,69,,7388,20,,,1,30,,7389,20,,,1,66,,7390,20,,,1,30,,7391,20,,,1,70,,7392,20,,,1,25,,7393,20,,,1,72,,7394,20,,,1,85,,7395,20,,,1
9901,'2',532,,7396,20,,,1,77,,7397,20,,,1,37,,7398,20,,,1,77,,7399,20,,,1,87,,7400,20,,,1,91,,7401,20,,,1,48,,7402,20,,,1,87,,7403,20,,,1,101,,7404,20,,,1,98,,7405,20,,,1,95,,7406,20,,,1,95,,7407,20,,,1,95,,7408,20,,,1,95,,7409,20,,,1,91,,7410,20,,,1,94,,7411,20,,,1,55,,7412,20,,,1,92,,7413,20,,,1,85,,7414,20,,,1,85,,7415,20,,,1
9901,'3',536,,7416,20,,,1,81,,7417,20,,,1,38,,7418,20,,,1,78,,7419,20,,,1,78,,7420,20,,,1,92,,7421,20,,,1,49,,7422,20,,,1,89,,7423,20,,,1,89,,7424,20,,,1,92,,7425,20,,,1,89,,7426,20,,,1,89,,7427,20,,,1,49,,7428,20,,,1,89,,7429,20,,,1,89,,7430,20,,,1,89,,7431,20,,,1,85,,7432,20,,,1,49,,7433,20,,,1,89,,7434,20,,,1,87,,7435,20,,,1,89,,7436,20,,,1,39,,7437,20,,,1
9901,'80',536,,7438,20,,,1,81,,7439,20,,,1,38,,7440,20,,,1,78,,7441,20,,,1,78,,7442,20,,,1,92,,7443,20,,,1,49,,7444,20,,,1,89,,7445,20,,,1,89,,7446,20,,,1,92,,7447,20,,,1,89,,7448,20,,,1,89,,7449,20,,,1,49,,7450,20,,,1,89,,7451,20,,,1,89,,7452,20,,,1,89,,7453,20,,,1,85,,7454,20,,,1,49,,7455,20,,,1,89,,7456,20,,,1,87,,7457,20,,,1,89,,7458,20,,,1,39,,7459,20,,,1
9901,'81',536,,7460,20,,,1,81,,7461,20,,,1,38,,7462,20,,,1,78,,7463,20,,,1,78,,7464,20,,,1,92,,7465,20,,,1,49,,7466,20,,,1,89,,7467,20,,,1,89,,7468,20,,,1,92,,7469,20,,,1,89,,7470,20,,,1,89,,7471,20,,,1,49,,7472,20,,,1,89,,7473,20,,,1,89,,7474,20,,,1,89,,7475,20,,,1,85,,7476,20,,,1,49,,7477,20,,,1,89,,7478,20,,,1,87,,7479,20,,,1,89,,7480,20,,,1,39,,7481,20,,,1
989901,'1',2235,,11627,75,,,1,70,,11628,75,,,1,38,,11629,75,,,1,75,,11630,75,,,1,35,,11631,75,,,1,70,,11632,75,,,1,35,,11633,75,,,1,75,,11634,75,,,1
989901,'2',2243,,11635,75,,,1,88,,11636,75,,,1,81,,11637,75,,,1,91,,11640,75,,,1,45,,11638,75,,,1,86,,11639,75,,,1
989901,'3',2252,,11641,75,,,1,87,,11642,75,,,1,83,,11643,75,,,1,87,,11644,75,,,1,39,,11645,75,,,1,83,,11646,75,,,1
989901,'80',2252,,11647,75,,,1,87,,11648,75,,,1,83,,11649,75,,,1,87,,11650,75,,,1,39,,11651,75,,,1,83,,11652,75,,,1
989901,'81',2252,,11653,75,,,1,87,,11654,75,,,1,83,,11655,75,,,1,87,,11656,75,,,1,39,,11657,75,,,1,83,,11658,75,,,1
