9801,'1',537,,31521,45,,,1,75,,31520,45,,,1,38,,31519,45,,,1,75,,31518,45,,,1,76,,31517,45,,,1,35,,31516,45,,,1,75,,31515,45,,,1,35,,31514,45,,,1,75,,31525,45,,,1,101,,31524,45,,,1,98,,31523,45,,,1,98,,31522,45,,,1,101,,31537,45,,,1,40,,31536,45,,,1,80,,31535,45,,,1,80,,31534,45,,,1,40,,31533,45,,,1,80,,31532,45,,,1,80,,31531,45,,,1,37,,31530,45,,,1,78,,31529,45,,,1,91,,31528,45,,,1,86,,31527,45,,,1,48,,31526,45,,,1
9801,'2',544,,31556,45,,,1,86,,31555,45,,,1,86,,31554,45,,,1,86,,31553,45,,,1,48,,31552,45,,,1,97,,31551,45,,,1,94,,31550,45,,,1,98,,31549,45,,,1,94,,31548,45,,,1,102,,31547,45,,,1,98,,31546,45,,,1,98,,31545,45,,,1,95,,31544,45,,,1,98,,31543,45,,,1,98,,31542,45,,,1,94,,31541,45,,,1,85,,31540,45,,,1,49,,31539,45,,,1,87,,31538,45,,,1
9801,'3',727,,31573,45,,,1,88,,31574,45,,,1,90,,31572,45,,,1,48,,31571,45,,,1,88,,31570,45,,,1,96,,31569,45,,,1,93,,31568,45,,,1,93,,31567,45,,,1,95,,31566,45,,,1,93,,31565,45,,,1,93,,31564,45,,,1,53,,31563,45,,,1,93,,31562,45,,,1,90,,31561,45,,,1,85,,31560,45,,,1,86,,31559,45,,,1,47,,31558,45,,,1,88,,31557,45,,,1
9801,'74',544,,31593,45,,,1,86,,31592,45,,,1,86,,31591,45,,,1,86,,31590,45,,,1,48,,31589,45,,,1,97,,31588,45,,,1,94,,31587,45,,,1,98,,31586,45,,,1,94,,31585,45,,,1,102,,31584,45,,,1,98,,31583,45,,,1,98,,31582,45,,,1,95,,31581,45,,,1,98,,31580,45,,,1,98,,31579,45,,,1,94,,31578,45,,,1,85,,31577,45,,,1,49,,31576,45,,,1,87,,31575,45,,,1
9801,'80',727,,31610,45,,,1,88,,31611,45,,,1,90,,31609,45,,,1,48,,31608,45,,,1,88,,31607,45,,,1,96,,31606,45,,,1,93,,31605,45,,,1,93,,31604,45,,,1,95,,31603,45,,,1,93,,31602,45,,,1,93,,31601,45,,,1,53,,31600,45,,,1,93,,31599,45,,,1,90,,31598,45,,,1,85,,31597,45,,,1,86,,31596,45,,,1,47,,31595,45,,,1,88,,31594,45,,,1
989901,'1',2217,,36877,45,,,1,31,,36878,45,,,1,78,,36879,45,,,1,76,,36880,45,,,1,35,,36881,45,,,1,71,,36882,45,,,1,35,,36883,45,,,1,75,,36884,45,,,1
989901,'2',2223,,36885,45,,,1,91,,36886,45,,,1,43,,36887,45,,,1,91,,36890,45,,,1,85,,36888,45,,,1,86,,36889,45,,,1
989901,'3',2235,,36891,45,,,1,88,,36892,45,,,1,83,,36893,45,,,1,49,,36894,45,,,1,79,,36895,45,,,1,83,,36896,45,,,1
989901,'74',2223,,36897,45,,,1,91,,36898,45,,,1,43,,36899,45,,,1,91,,36902,45,,,1,85,,36900,45,,,1,86,,36901,45,,,1
989901,'80',2235,,36903,45,,,1,88,,36904,45,,,1,83,,36905,45,,,1,49,,36906,45,,,1,79,,36907,45,,,1,83,,36908,45,,,1
