800,'1',536,,25474,4,,,1,16,,25460,4,,,1,56,,25461,4,,,1,16,,25462,4,,,1,16,,25463,4,,,1,16,,25464,4,,,1,56,,25465,4,,,1,16,,25466,4,,,1,16,,25467,4,,,1,57,,25468,4,,,1,16,,25469,4,,,1,16,,25470,4,,,1,16,,25471,4,,,1,56,,25472,4,,,1,15,,25473,4,,,1,11,,25506,4,,,1,69,,25475,4,,,1,29,,25476,4,,,1,29,,25477,4,,,1,69,,25478,4,,,1,29,,25479,4,,,1,69,,25480,4,,,1,29,,25481,4,,,1,69,,25482,4,,,1,29,,25483,4,,,1,69,,25484,4,,,1,13,,25508,4,,,1,16,,25507,4,,,1,56,,25485,4,,,1,16,,25486,4,,,1,16,,25487,4,,,1,16,,25488,4,,,1,56,,25489,4,,,1,16,,25490,4,,,1,16,,25491,4,,,1,16,,25492,4,,,1,56,,25493,4,,,1,16,,25494,4,,,1,16,,25495,4,,,1,56,,25496,4,,,1,16,,25497,4,,,1,16,,25498,4,,,1,16,,25499,4,,,1,55,,25500,4,,,1,16,,25501,4,,,1,16,,25502,4,,,1,16,,25503,4,,,1,56,,25504,4,,,1,24,,25505,4,,,1,25,,25509,4,,,1,65,,25510,4,,,1,24,,25511,4,,,1,65,,25512,4,,,1,25,,25513,4,,,1,65,,25514,4,,,1,25,,25515,4,,,1,25,,25516,4,,,1,65,,25517,4,,,1
800,'74',802,,25521,4,,,1,28,,25522,4,,,1,28,,25523,4,,,1,68,,25524,4,,,1,28,,25525,4,,,1,69,,25526,4,,,1,28,,25527,4,,,1,68,,25528,4,,,1,28,,25529,4,,,1,68,,25530,4,,,1,28,,25531,4,,,1,68,,25532,4,,,1,28,,25533,4,,,1,68,,25534,4,,,1,28,,25535,4,,,1,68,,25536,4,,,1,28,,25537,4,,,1,28,,25538,4,,,1,68,,25539,4,,,1,28,,25540,4,,,1,68,,25541,4,,,1,28,,25542,4,,,1,67,,25543,4,,,1,28,,25544,4,,,1,68,,25545,4,,,1,28,,25546,4,,,1,68,,25547,4,,,1,28,,25548,4,,,1,68,,25549,4,,,1,30,,25550,4,,,1,70,,25551,4,,,1,30,,25552,4,,,1,70,,25553,4,,,1,30,,25554,4,,,1,70,,25555,4,,,1
800,'80',756,,25556,4,,,1,95,,25557,4,,,1,67,,25558,4,,,1,27,,25559,4,,,1,66,,25560,4,,,1,27,,25561,4,,,1,67,,25562,4,,,1,27,,25563,4,,,1,27,,25564,4,,,1,67,,25565,4,,,1,27,,25566,4,,,1,68,,25567,4,,,1,27,,25568,4,,,1,66,,25569,4,,,1,27,,25570,4,,,1,67,,25571,4,,,1,27,,25572,4,,,1,67,,25573,4,,,1,27,,25574,4,,,1,27,,25575,4,,,1,67,,25576,4,,,1,27,,25577,4,,,1,67,,25578,4,,,1,27,,25579,4,,,1,94,,25580,4,,,1,113,,25581,4,,,1
800,'35296.2',802,,25582,4,,,1,28,,25583,4,,,1,28,,25584,4,,,1,68,,25585,4,,,1,28,,25586,4,,,1,69,,25587,4,,,1,28,,25588,4,,,1,68,,25589,4,,,1,28,,25590,4,,,1,68,,25591,4,,,1,28,,25592,4,,,1,68,,25593,4,,,1,28,,25594,4,,,1,68,,25595,4,,,1,28,,25596,4,,,1,68,,25597,4,,,1,28,,25598,4,,,1,28,,25599,4,,,1,68,,25600,4,,,1,28,,25601,4,,,1,68,,25602,4,,,1,28,,25603,4,,,1,67,,25604,4,,,1,28,,25605,4,,,1,68,,25606,4,,,1,28,,25607,4,,,1,68,,25608,4,,,1,28,,25609,4,,,1,68,,25610,4,,,1,30,,25611,4,,,1,70,,25612,4,,,1,30,,25613,4,,,1,70,,25614,4,,,1,30,,25615,4,,,1,70,,25616,4,,,1
800,'35296.3',756,,25617,4,,,1,95,,25618,4,,,1,67,,25619,4,,,1,27,,25620,4,,,1,66,,25621,4,,,1,27,,25622,4,,,1,67,,25623,4,,,1,27,,25624,4,,,1,27,,25625,4,,,1,67,,25626,4,,,1,27,,25627,4,,,1,68,,25628,4,,,1,27,,25629,4,,,1,66,,25630,4,,,1,27,,25631,4,,,1,67,,25632,4,,,1,27,,25633,4,,,1,67,,25634,4,,,1,27,,25635,4,,,1,27,,25636,4,,,1,67,,25637,4,,,1,27,,25638,4,,,1,67,,25639,4,,,1,27,,25640,4,,,1,94,,25641,4,,,1,113,,25642,4,,,1
800,'35298.2',710,,25643,4,,,1,15,,25644,4,,,1,15,,25645,4,,,1,15,,25646,4,,,1,55,,25647,4,,,1,15,,25648,4,,,1,15,,25649,4,,,1,15,,25650,4,,,1,55,,25651,4,,,1,15,,25652,4,,,1,15,,25653,4,,,1,15,,25654,4,,,1,56,,25655,4,,,1,15,,25656,4,,,1,15,,25657,4,,,1,15,,25658,4,,,1,55,,25659,4,,,1,15,,25660,4,,,1,15,,25661,4,,,1,15,,25662,4,,,1,55,,25663,4,,,1,15,,25664,4,,,1,15,,25665,4,,,1,15,,25666,4,,,1,55,,25667,4,,,1,15,,25668,4,,,1,15,,25669,4,,,1,15,,25670,4,,,1,55,,25671,4,,,1,15,,25672,4,,,1,15,,25673,4,,,1,15,,25674,4,,,1,55,,25675,4,,,1,15,,25676,4,,,1,15,,25677,4,,,1,15,,25678,4,,,1,55,,25679,4,,,1,15,,25680,4,,,1,15,,25681,4,,,1,15,,25682,4,,,1,55,,25683,4,,,1,15,,25684,4,,,1,15,,25685,4,,,1,15,,25686,4,,,1,54,,25687,4,,,1,15,,25688,4,,,1,15,,25689,4,,,1,15,,25690,4,,,1,55,,25691,4,,,1,32,,25692,4,,,1,68,,25693,4,,,1,28,,25694,4,,,1,68,,25695,4,,,1,30,,25696,4,,,1,70,,25697,4,,,1,30,,25698,4,,,1,70,,25699,4,,,1,30,,25700,4,,,1,70,,25701,4,,,1
800,'35298.3',710,,25702,4,,,1,15,,25703,4,,,1,15,,25704,4,,,1,15,,25705,4,,,1,55,,25706,4,,,1,15,,25707,4,,,1,16,,25708,4,,,1,15,,25709,4,,,1,55,,25710,4,,,1,15,,25711,4,,,1,15,,25712,4,,,1,15,,25713,4,,,1,54,,25714,4,,,1,15,,25715,4,,,1,15,,25716,4,,,1,15,,25717,4,,,1,55,,25718,4,,,1,15,,25719,4,,,1,15,,25720,4,,,1,15,,25721,4,,,1,55,,25722,4,,,1,15,,25723,4,,,1,15,,25724,4,,,1,16,,25725,4,,,1,55,,25726,4,,,1,15,,25727,4,,,1,15,,25728,4,,,1,15,,25729,4,,,1,54,,25730,4,,,1,15,,25731,4,,,1,15,,25732,4,,,1,15,,25733,4,,,1,55,,25734,4,,,1,15,,25735,4,,,1,15,,25736,4,,,1,15,,25737,4,,,1,55,,25738,4,,,1,15,,25739,4,,,1,15,,25740,4,,,1,15,,25741,4,,,1,55,,25742,4,,,1,15,,25743,4,,,1,15,,25744,4,,,1,15,,25745,4,,,1,55,,25746,4,,,1,15,,25747,4,,,1,15,,25748,4,,,1,15,,25749,4,,,1,55,,25750,4,,,1,28,,25751,4,,,1,113,,25752,4,,,1
801,'1',2009,,25799,35,4,,1,423,,25810,35,4,,1
801,'80',1857,,25870,35,4,,1,94,,25872,35,4,,1,204,,25874,35,4,,1
801,'35296.3',1857,,25936,35,4,,1,94,,25938,35,4,,1,204,,25940,35,4,,1
801,'35298.2',1910,,25988,35,4,,1,503,,25999,35,4,,1
801,'35298.3',1908,,26047,35,4,,1,43,,26049,35,4,,1,204,,26051,35,4,,1
