30000,'1',730,,32934,1,,,1,17,,32933,1,,,1,53,,32932,1,,,1,11,,32935,1,,,1,11,,32936,1,,,1,11,,32937,1,,,1,11,,32938,1,,,1,11,,32939,1,,,1,51,,32940,1,,,1,11,,32941,1,,,1,11,,32942,1,,,1
30001,'1',1638,,32948,15,4,,1,65,,32946,15,4,,1,26,,32950,2,4,,1,4,,32949,8,4,,1,5,,32947,15,4,,1,62,,32951,2,4,,1,8,,32943,15,4,,1,25,,32945,15,4,,1,24,,32944,15,4,,1
30100,'1',700,,32953,40,4,,1,45,,32955,40,4,,1,55,,32954,40,4,,1,16,,32952,40,4,,1
30101,'1',1635,,32956,1,,,1,70,,32957,1,,,1,40,,32958,1,,,1
30200,'1',655,,32960,41,4,,1,70,,32962,41,4,,1,30,,32961,41,4,,1,70,,32959,41,4,,1
30201,'1',1640,,32964,1,,,1,70,,32965,1,,,1,30,,32966,1,,,1,75,,32963,1,,,1
30300,'1',653,,32974,29,4,,1,55,,32971,29,4,,1,15,,32969,29,4,,1,22,,32972,29,4,,1,13,,32968,29,4,,1,55,,32967,29,4,,1,7,,32973,29,4,,1,8,,32970,29,4,,1
30301,'1',1630,,32977,1,,,1,18,,32978,1,,,1,67,,32981,1,,,1,10,,32976,1,,,1,25,,32983,1,,,1,55,,32975,1,,,1
30400,'1',653,,32984,36,4,,1,65,,32989,36,4,,1,18,,32985,36,4,,1,69,,32986,36,4,,1,23,,32987,36,4,,1,17,,32988,36,4,,1
30401,'1',1605,,32995,1,,,1,20,,32994,1,,,1,28,,32993,1,,,1,67,,32992,1,,,1,23,,32991,1,,,1,60,,32990,1,,,1
30500,'1',651,,33001,26,4,,1,65,,33000,26,4,,1,25,,32999,26,4,,1,67,,32996,26,4,,1,23,,32998,26,4,,1,25,,32997,26,4,,1
30501,'1',1555,,33008,1,,,1,65,,33007,1,,,1,115,,33004,1,,,1,90,,33002,1,,,1
