9600,'1',605,,31260,6,,,1,42,,31259,6,,,1,71,,31258,6,,,1,37,,31257,6,,,1,67,,31256,6,,,1,80,,31253,6,,,1,34,,31254,6,,,1,70,,31255,6,,,1,32,,31268,6,,,1,69,,31267,6,,,1,39,,31261,6,,,1,79,,31262,6,,,1,79,,31263,6,,,1,41,,31264,6,,,1,65,,31265,6,,,1,45,,31266,6,,,1,83,,31274,6,,,1,67,,31273,6,,,1,28,,31272,6,,,1,67,,31269,6,,,1,27,,31270,6,,,1,26,,31271,6,,,1,67,,31277,6,,,1,25,,31278,6,,,1,14,,31288,6,,,1,54,,31276,6,,,1,25,,31275,6,,,1,75,,31285,6,,,1,30,,31284,6,,,1,15,,31287,6,,,1,55,,31279,6,,,1,30,,31280,6,,,1,70,,31281,6,,,1,30,,31282,6,,,1,70,,31283,6,,,1,17,,31286,6,,,1
9600,'2',930,,31289,6,,,1,99,,31290,6,,,1,99,,31291,6,,,1,99,,31292,6,,,1,99,,31293,6,,,1,99,,31294,6,,,1,99,,31295,6,,,1,99,,31296,6,,,1,96,,31297,6,,,1,97,,31298,6,,,1,87,,31299,6,,,1,48,,31300,6,,,1,97,,31301,6,,,1
9600,'3',1024,,31302,6,,,1,94,,31303,6,,,1,94,,31304,6,,,1,94,,31305,6,,,1,94,,31306,6,,,1,54,,31307,6,,,1,94,,31308,6,,,1,94,,31309,6,,,1,94,,31310,6,,,1,94,,31311,6,,,1,94,,31312,6,,,1,93,,31313,6,,,1
9600,'74',930,,31314,6,,,1,99,,31315,6,,,1,99,,31316,6,,,1,99,,31317,6,,,1,99,,31318,6,,,1,99,,31319,6,,,1,99,,31320,6,,,1,99,,31321,6,,,1,96,,31322,6,,,1,97,,31323,6,,,1,87,,31324,6,,,1,48,,31325,6,,,1,97,,31326,6,,,1
9600,'80',1024,,31327,6,,,1,94,,31328,6,,,1,94,,31329,6,,,1,94,,31330,6,,,1,94,,31331,6,,,1,54,,31332,6,,,1,94,,31333,6,,,1,94,,31334,6,,,1,94,,31335,6,,,1,94,,31336,6,,,1,94,,31337,6,,,1,93,,31338,6,,,1
10700,'1',445,,32223,6,,,1,64,,32222,6,,,1,24,,32221,6,,,1,24,,32220,6,,,1,58,,32219,6,,,1,16,,32218,6,,,1,21,,32217,6,,,1,51,,32216,6,,,1,15,,32215,6,,,1,19,,32214,6,,,1,16,,32213,6,,,1,52,,32212,6,,,1,18,,32211,6,,,1,16,,32210,6,,,1,15,,32209,6,,,1,83,,32208,6,,,1,82,,32207,6,,,1,82,,32206,6,,,1,42,,32205,6,,,1,84,,32204,6,,,1,82,,32203,6,,,1,42,,32202,6,,,1,58,,32201,6,,,1,18,,32200,6,,,1,18,,32251,6,,,1,59,,32250,6,,,1,19,,32249,6,,,1,18,,32248,6,,,1,18,,32247,6,,,1,61,,32246,6,,,1,16,,32245,6,,,1,18,,32244,6,,,1,58,,32243,6,,,1,20,,32242,6,,,1,16,,32241,6,,,1,58,,32240,6,,,1,15,,32239,6,,,1,18,,32238,6,,,1,80,,32237,6,,,1,81,,32236,6,,,1,40,,32235,6,,,1,80,,32234,6,,,1,34,,32233,6,,,1,74,,32232,6,,,1,74,,32231,6,,,1,34,,32230,6,,,1,74,,32229,6,,,1,34,,32228,6,,,1,74,,32227,6,,,1,34,,32226,6,,,1,73,,32225,6,,,1,34,,32224,6,,,1
10700,'2',621,,32254,6,,,1,38,,32253,6,,,1,77,,32252,6,,,1,77,,32255,6,,,1,37,,32256,6,,,1,77,,32257,6,,,1,77,,32258,6,,,1,37,,32259,6,,,1,77,,32260,6,,,1,37,,32261,6,,,1,76,,32262,6,,,1,77,,32263,6,,,1,37,,32264,6,,,1,77,,32265,6,,,1,37,,32266,6,,,1,77,,32267,6,,,1,77,,32268,6,,,1,37,,32269,6,,,1,77,,32270,6,,,1,77,,32271,6,,,1,37,,32272,6,,,1,77,,32273,6,,,1,37,,32274,6,,,1,77,,32275,6,,,1,77,,32276,6,,,1,37,,32277,6,,,1,77,,32278,6,,,1,77,,32279,6,,,1,37,,32280,6,,,1,77,,32281,6,,,1,37,,32282,6,,,1,76,,32283,6,,,1,77,,32285,6,,,1,37,,32284,6,,,1
10700,'3',812,,32299,6,,,1,37,,32300,6,,,1,77,,32301,6,,,1,77,,32302,6,,,1,37,,32303,6,,,1,77,,32304,6,,,1,37,,32305,6,,,1,77,,32306,6,,,1,77,,32307,6,,,1,37,,32308,6,,,1,76,,32309,6,,,1,37,,32310,6,,,1,77,,32314,6,,,1,77,,32313,6,,,1,37,,32315,6,,,1,77,,32316,6,,,1,77,,32317,6,,,1,37,,32318,6,,,1,77,,32286,6,,,1,37,,32287,6,,,1,77,,32288,6,,,1,77,,32311,6,,,1,37,,32289,6,,,1,77,,32290,6,,,1,37,,32291,6,,,1,77,,32292,6,,,1,77,,32293,6,,,1,37,,32294,6,,,1,77,,32295,6,,,1,77,,32312,6,,,1,37,,32296,6,,,1
10700,'74',621,,32321,6,,,1,38,,32320,6,,,1,77,,32319,6,,,1,77,,32322,6,,,1,37,,32323,6,,,1,77,,32324,6,,,1,77,,32325,6,,,1,37,,32326,6,,,1,77,,32327,6,,,1,37,,32328,6,,,1,76,,32329,6,,,1,77,,32330,6,,,1,37,,32331,6,,,1,77,,32332,6,,,1,37,,32333,6,,,1,77,,32334,6,,,1,77,,32335,6,,,1,37,,32336,6,,,1,77,,32337,6,,,1,77,,32338,6,,,1,37,,32339,6,,,1,77,,32340,6,,,1,37,,32341,6,,,1,77,,32342,6,,,1,77,,32343,6,,,1,37,,32344,6,,,1,77,,32345,6,,,1,77,,32346,6,,,1,37,,32347,6,,,1,77,,32348,6,,,1,37,,32349,6,,,1,76,,32350,6,,,1,77,,32352,6,,,1,37,,32351,6,,,1
10700,'80',812,,32366,6,,,1,37,,32367,6,,,1,77,,32368,6,,,1,77,,32369,6,,,1,37,,32370,6,,,1,77,,32371,6,,,1,37,,32372,6,,,1,77,,32373,6,,,1,77,,32374,6,,,1,37,,32375,6,,,1,76,,32376,6,,,1,37,,32377,6,,,1,77,,32381,6,,,1,77,,32380,6,,,1,37,,32382,6,,,1,77,,32383,6,,,1,77,,32384,6,,,1,37,,32385,6,,,1,77,,32353,6,,,1,37,,32354,6,,,1,77,,32355,6,,,1,77,,32378,6,,,1,37,,32356,6,,,1,77,,32357,6,,,1,37,,32358,6,,,1,77,,32359,6,,,1,77,,32360,6,,,1,37,,32361,6,,,1,77,,32362,6,,,1,77,,32379,6,,,1,37,,32363,6,,,1
1070200,'1',507,,36926,6,,,1,12,,36925,6,,,1,12,,36924,6,,,1,12,,36923,6,,,1,12,,36922,6,,,1,52,,36921,6,,,1,12,,36920,6,,,1,16,,36919,6,,,1,8,,36918,6,,,1,13,,36917,6,,,1,53,,36916,6,,,1,12,,36915,6,,,1,12,,36914,6,,,1,12,,36913,6,,,1,12,,36912,6,,,1,51,,36911,6,,,1,12,,36910,6,,,1,12,,36909,6,,,1,27,,36938,6,,,1,65,,36937,6,,,1,26,,36936,6,,,1,65,,36935,6,,,1,26,,36934,6,,,1,66,,36933,6,,,1,26,,36932,6,,,1,26,,36931,6,,,1,70,,36930,6,,,1,22,,36929,6,,,1,66,,36928,6,,,1,26,,36927,6,,,1,69,,36939,6,,,1,16,,36940,6,,,1,16,,36941,6,,,1,56,,36942,6,,,1,16,,36943,6,,,1,16,,36944,6,,,1,16,,36945,6,,,1,56,,36946,6,,,1,19,,36947,6,,,1,19,,36948,6,,,1,59,,36949,6,,,1,19,,36950,6,,,1,19,,36951,6,,,1,19,,36952,6,,,1,68,,36953,6,,,1,22,,36954,6,,,1
