9601,'1',539,,6986,85,,,1,74,,6987,85,,,1,29,,6988,85,,,1,70,,6989,85,,,1,42,,6990,85,,,1,76,,6991,85,,,1,78,,6992,85,,,1,27,,6993,85,,,1,71,,6994,85,,,1,31,,6995,85,,,1,79,,6996,85,,,1,38,,6997,81,,,1,83,,6998,81,,,1,75,,6999,81,,,1,32,,7000,81,,,1,86,,7001,81,,,1,83,,7002,81,,,1,22,,7021,81,,,1,17,,7003,81,,,1,72,,7004,81,,,1,27,,7005,81,,,1,71,,7006,85,,,1,27,,7007,85,,,1,63,,7008,85,,,1,21,,7009,85,,,1,17,,7010,85,,,1,65,,7011,85,,,1,25,,7012,85,,,1,65,,7013,85,,,1,21,,7014,81,,,1,25,,7015,81,,,1,67,,7016,81,,,1,30,,7017,81,,,1,70,,7018,81,,,1,30,,7019,81,,,1,64,,7020,81,,,1
9601,'2',904,,7022,81,,,1,99,,7023,81,,,1,102,,7024,81,,,1,99,,7025,81,,,1,99,,7026,81,,,1,56,,7027,81,,,1,99,,7028,81,,,1,99,,7029,81,,,1,99,,7030,81,,,1,99,,7031,81,,,1,88,,7032,81,,,1,89,,7033,81,,,1,97,,7034,81,,,1
9601,'3',1004,,7035,81,,,1,54,,7036,81,,,1,94,,7037,81,,,1,94,,7038,81,,,1,94,,7039,81,,,1,94,,7040,81,,,1,96,,7041,81,,,1,94,,7042,81,,,1,87,,7043,81,,,1,94,,7044,81,,,1,52,,7045,81,,,1,94,,7046,81,,,1
9601,'80',1004,,7047,81,,,1,54,,7048,81,,,1,94,,7049,81,,,1,94,,7050,81,,,1,94,,7051,81,,,1,94,,7052,81,,,1,96,,7053,81,,,1,94,,7054,81,,,1,87,,7055,81,,,1,94,,7056,81,,,1,52,,7057,81,,,1,94,,7058,81,,,1
9601,'81',1004,,7059,81,,,1,54,,7060,81,,,1,94,,7061,81,,,1,94,,7062,81,,,1,94,,7063,81,,,1,94,,7064,81,,,1,96,,7065,81,,,1,94,,7066,81,,,1,87,,7067,81,,,1,94,,7068,81,,,1,52,,7069,81,,,1,94,,7070,81,,,1
10701,'1',533,,8063,28,,,1,24,,8062,28,,,1,69,,8061,28,,,1,24,,8060,28,,,1,64,,8059,28,,,1,18,,8058,28,,,1,20,,8057,28,,,1,52,,8056,28,,,1,21,,8055,28,,,1,16,,8054,28,,,1,16,,8053,28,,,1,50,,8052,28,,,1,42,,8039,28,,,1,80,,8047,28,,,1,82,,8045,28,,,1,42,,8044,28,,,1,82,,8043,28,,,1,88,,8042,28,,,1,82,,8041,28,,,1,28,,8051,28,,,1,14,,8040,28,,,1,63,,8038,28,,,1,21,,8037,28,,,1,18,,8036,28,,,1,58,,8035,28,,,1,22,,8034,28,,,1,18,,8033,28,,,1,58,,8032,28,,,1,21,,8031,28,,,1,18,,8030,28,,,1,58,,8029,28,,,1,15,,8028,28,,,1,16,,8027,28,,,1,18,,8026,28,,,1,66,,8025,28,,,1,18,,8023,28,,,1,78,,8046,28,,,1,41,,8024,28,,,1,75,,8073,28,,,1,78,,8072,28,,,1,32,,8071,28,,,1,74,,8070,28,,,1,34,,8069,28,,,1,74,,8068,28,,,1,34,,8067,28,,,1,74,,8066,28,,,1,74,,8065,28,,,1,34,,8064,28,,,1
10701,'2',708,,8100,28,,,1,39,,8101,28,,,1,77,,8102,28,,,1,77,,8103,28,,,1,37,,8104,28,,,1,77,,8105,28,,,1,37,,8106,28,,,1,77,,8107,28,,,1,77,,8108,28,,,1,37,,8109,28,,,1,76,,8077,28,,,1,37,,8078,28,,,1,76,,8080,28,,,1,77,,8081,28,,,1,37,,8082,28,,,1,77,,8083,28,,,1,35,,8084,28,,,1,77,,8085,28,,,1,77,,8086,28,,,1,37,,8087,28,,,1,77,,8088,28,,,1,77,,8089,28,,,1,37,,8090,28,,,1,77,,8091,28,,,1,37,,8092,28,,,1,77,,8079,28,,,1,77,,8093,28,,,1,37,,8094,28,,,1,77,,8095,28,,,1,37,,8096,28,,,1,75,,8076,28,,,1,75,,8097,28,,,1
10701,'3',747,,8122,28,,,1,77,,8123,28,,,1,34,,8124,28,,,1,77,,8125,28,,,1,78,,8126,28,,,1,37,,8127,28,,,1,77,,8121,28,,,1,77,,8128,28,,,1,37,,8129,28,,,1,77,,8130,28,,,1,37,,8131,28,,,1,76,,8132,28,,,1,75,,8133,28,,,1,37,,8134,28,,,1,77,,8135,28,,,1,37,,8137,28,,,1,77,,8138,28,,,1,77,,8136,28,,,1,37,,8118,28,,,1,77,,8139,28,,,1,77,,8140,28,,,1,37,,8141,28,,,1,77,,8142,28,,,1,37,,8110,28,,,1,77,,8111,28,,,1,77,,8112,28,,,1,37,,8113,28,,,1,77,,8114,28,,,1,36,,8115,28,,,1,77,,8116,28,,,1,77,,8117,28,,,1
10701,'80',747,,8155,28,,,1,77,,8156,28,,,1,34,,8157,28,,,1,77,,8158,28,,,1,78,,8159,28,,,1,37,,8160,28,,,1,77,,8154,28,,,1,77,,8161,28,,,1,37,,8162,28,,,1,77,,8163,28,,,1,37,,8164,28,,,1,76,,8165,28,,,1,75,,8166,28,,,1,37,,8167,28,,,1,77,,8168,28,,,1,37,,8170,28,,,1,77,,8171,28,,,1,77,,8169,28,,,1,37,,8151,28,,,1,77,,8172,28,,,1,77,,8173,28,,,1,37,,8174,28,,,1,77,,8175,28,,,1,37,,8143,28,,,1,77,,8144,28,,,1,77,,8145,28,,,1,37,,8146,28,,,1,77,,8147,28,,,1,36,,8148,28,,,1,77,,8149,28,,,1,77,,8150,28,,,1
10701,'81',747,,8188,28,,,1,77,,8189,28,,,1,34,,8190,28,,,1,77,,8191,28,,,1,78,,8192,28,,,1,37,,8193,28,,,1,77,,8187,28,,,1,77,,8194,28,,,1,37,,8195,28,,,1,77,,8196,28,,,1,37,,8197,28,,,1,76,,8198,28,,,1,75,,8199,28,,,1,37,,8200,28,,,1,77,,8201,28,,,1,37,,8203,28,,,1,77,,8204,28,,,1,77,,8202,28,,,1,37,,8184,28,,,1,77,,8205,28,,,1,77,,8206,28,,,1,37,,8207,28,,,1,77,,8208,28,,,1,37,,8176,28,,,1,77,,8177,28,,,1,77,,8178,28,,,1,37,,8179,28,,,1,77,,8180,28,,,1,36,,8181,28,,,1,77,,8182,28,,,1,77,,8183,28,,,1
1070201,'1',551,,11731,21,,,1,52,,11730,21,,,1,12,,11729,21,,,1,12,,11728,21,,,1,12,,11727,21,,,1,12,,11726,21,,,1,52,,11725,21,,,1,20,,11724,21,,,1,12,,11723,21,,,1,12,,11722,21,,,1,12,,11721,21,,,1,52,,11720,21,,,1,10,,11719,21,,,1,12,,11718,21,,,1,12,,11717,21,,,1,73,,11705,21,,,1,26,,11714,21,,,1,66,,11716,21,,,1,24,,11715,21,,,1,66,,11713,21,,,1,26,,11712,21,,,1,26,,11711,21,,,1,67,,11710,21,,,1,26,,11709,21,,,1,66,,11708,21,,,1,26,,11707,21,,,1,66,,11706,21,,,1,24,,11747,21,,,1,16,,11746,21,,,1,16,,11732,21,,,1,58,,11733,21,,,1,16,,11734,21,,,1,16,,11735,21,,,1,56,,11736,21,,,1,19,,11737,21,,,1,16,,11738,21,,,1,16,,11739,21,,,1,63,,11740,21,,,1,18,,11741,21,,,1,19,,11742,21,,,1,59,,11743,21,,,1,14,,11744,21,,,1,78,,11745,21,,,1
