9901,'1',413,,7366,24,,,1,41,,7367,24,,,1,80,,7368,24,,,1,81,,7369,24,,,1,39,,7370,24,,,1,75,,7371,24,,,1,29,,7372,24,,,1,83,,7373,24,,,1,75,,7374,24,,,1,35,,7375,24,,,1,94,,7376,24,,,1,98,,7377,24,,,1,94,,7378,24,,,1,94,,7379,24,,,1,100,,7380,24,,,1,25,,7381,24,,,1,70,,7382,24,,,1,30,,7383,24,,,1,70,,7384,24,,,1,30,,7385,24,,,1,70,,7386,24,,,1,30,,7387,24,,,1,69,,7388,24,,,1,30,,7389,24,,,1,66,,7390,24,,,1,30,,7391,24,,,1,70,,7392,24,,,1,25,,7393,24,,,1,71,,7394,24,,,1,85,,7395,24,,,1
9901,'2',535,,7396,24,,,1,77,,7397,24,,,1,37,,7398,24,,,1,77,,7399,24,,,1,87,,7400,24,,,1,90,,7401,24,,,1,48,,7402,24,,,1,87,,7403,24,,,1,102,,7404,24,,,1,97,,7405,24,,,1,95,,7406,24,,,1,95,,7407,24,,,1,95,,7408,24,,,1,95,,7409,24,,,1,92,,7410,24,,,1,94,,7411,24,,,1,55,,7412,24,,,1,91,,7413,24,,,1,85,,7414,24,,,1,85,,7415,24,,,1
9901,'3',539,,7416,24,,,1,80,,7417,24,,,1,38,,7418,24,,,1,78,,7419,24,,,1,78,,7420,24,,,1,92,,7421,24,,,1,49,,7422,24,,,1,89,,7423,24,,,1,89,,7424,24,,,1,93,,7425,24,,,1,89,,7426,24,,,1,89,,7427,24,,,1,49,,7428,24,,,1,89,,7429,24,,,1,89,,7430,24,,,1,89,,7431,24,,,1,85,,7432,24,,,1,49,,7433,24,,,1,89,,7434,24,,,1,86,,7435,24,,,1,89,,7436,24,,,1,39,,7437,24,,,1
9901,'80',539,,7438,24,,,1,80,,7439,24,,,1,38,,7440,24,,,1,78,,7441,24,,,1,78,,7442,24,,,1,92,,7443,24,,,1,49,,7444,24,,,1,89,,7445,24,,,1,89,,7446,24,,,1,93,,7447,24,,,1,89,,7448,24,,,1,89,,7449,24,,,1,49,,7450,24,,,1,89,,7451,24,,,1,89,,7452,24,,,1,89,,7453,24,,,1,85,,7454,24,,,1,49,,7455,24,,,1,89,,7456,24,,,1,86,,7457,24,,,1,89,,7458,24,,,1,39,,7459,24,,,1
9901,'81',539,,7460,24,,,1,80,,7461,24,,,1,38,,7462,24,,,1,78,,7463,24,,,1,78,,7464,24,,,1,92,,7465,24,,,1,49,,7466,24,,,1,89,,7467,24,,,1,89,,7468,24,,,1,93,,7469,24,,,1,89,,7470,24,,,1,89,,7471,24,,,1,49,,7472,24,,,1,89,,7473,24,,,1,89,,7474,24,,,1,89,,7475,24,,,1,85,,7476,24,,,1,49,,7477,24,,,1,89,,7478,24,,,1,86,,7479,24,,,1,89,,7480,24,,,1,39,,7481,24,,,1
989901,'1',2238,,11627,79,,,1,70,,11628,79,,,1,38,,11629,79,,,1,75,,11630,79,,,1,35,,11631,79,,,1,70,,11632,79,,,1,75,,11633,79,,,1,35,,11634,79,,,1
989901,'2',2245,,11635,79,,,1,88,,11636,79,,,1,82,,11637,79,,,1,91,,11640,79,,,1,45,,11638,79,,,1,86,,11639,79,,,1
989901,'3',2255,,11641,79,,,1,87,,11642,79,,,1,83,,11643,79,,,1,86,,11644,79,,,1,39,,11645,79,,,1,83,,11646,79,,,1
989901,'80',2255,,11647,79,,,1,87,,11648,79,,,1,83,,11649,79,,,1,86,,11650,79,,,1,39,,11651,79,,,1,83,,11652,79,,,1
989901,'81',2255,,11653,79,,,1,87,,11654,79,,,1,83,,11655,79,,,1,86,,11656,79,,,1,39,,11657,79,,,1,83,,11658,79,,,1
