9900,'1',352,,31638,20,,,1,80,,31639,20,,,1,72,,31612,40,,,1,42,,31613,40,,,1,80,,31614,40,,,1,85,,31615,40,,,1,96,,31616,40,,,1,35,,31617,40,,,1,78,,31618,40,,,1,31,,31619,40,,,1,75,,31620,40,,,1,75,,31621,40,,,1,100,,31622,40,,,1,54,,31623,40,,,1,94,,31624,40,,,1,94,,31625,40,,,1,76,,31637,40,,,1,31,,31636,40,,,1,69,,31626,40,,,1,30,,31627,40,,,1,70,,31628,40,,,1,30,,31629,40,,,1,70,,31630,40,,,1,24,,31631,40,,,1,70,,31632,40,,,1,24,,31633,40,,,1,70,,31634,40,,,1,27,,31635,40,,,1
9900,'2',512,,31658,20,,,1,37,,31659,20,,,1,74,,31640,40,,,1,79,,31641,40,,,1,38,,31655,40,,,1,92,,31654,40,,,1,87,,31642,40,,,1,87,,31643,40,,,1,47,,31644,40,,,1,90,,31645,40,,,1,108,,31646,40,,,1,95,,31647,40,,,1,95,,31648,40,,,1,97,,31649,40,,,1,95,,31650,40,,,1,92,,31651,40,,,1,95,,31652,40,,,1,95,,31653,40,,,1,85,,31657,40,,,1,50,,31656,40,,,1
9900,'3',514,,31678,20,,,1,38,,31679,20,,,1,81,,31660,40,,,1,78,,31661,40,,,1,38,,31662,40,,,1,78,,31663,40,,,1,94,,31680,40,,,1,89,,31664,40,,,1,49,,31665,40,,,1,89,,31666,40,,,1,93,,31667,40,,,1,89,,31668,40,,,1,89,,31669,40,,,1,89,,31670,40,,,1,49,,31671,40,,,1,89,,31672,40,,,1,89,,31673,40,,,1,87,,31674,40,,,1,89,,31675,40,,,1,89,,31676,40,,,1,40,,31677,40,,,1
9900,'74',512,,31699,20,,,1,37,,31700,20,,,1,74,,31681,40,,,1,79,,31682,40,,,1,38,,31696,40,,,1,92,,31695,40,,,1,87,,31683,40,,,1,87,,31684,40,,,1,47,,31685,40,,,1,90,,31686,40,,,1,108,,31687,40,,,1,95,,31688,40,,,1,95,,31689,40,,,1,97,,31690,40,,,1,95,,31691,40,,,1,92,,31692,40,,,1,95,,31693,40,,,1,95,,31694,40,,,1,85,,31698,40,,,1,50,,31697,40,,,1
9900,'80',514,,31719,20,,,1,38,,31720,20,,,1,81,,31701,40,,,1,78,,31702,40,,,1,38,,31703,40,,,1,78,,31704,40,,,1,94,,31721,40,,,1,89,,31705,40,,,1,49,,31706,40,,,1,89,,31707,40,,,1,93,,31708,40,,,1,89,,31709,40,,,1,89,,31710,40,,,1,89,,31711,40,,,1,49,,31712,40,,,1,89,,31713,40,,,1,89,,31714,40,,,1,87,,31715,40,,,1,89,,31716,40,,,1,89,,31717,40,,,1,40,,31718,40,,,1
989900,'1',2105,,36830,40,,,1,34,,36831,40,,,1,78,,36832,40,,,1,38,,36833,40,,,1,75,,36834,40,,,1,73,,36835,40,,,1,35,,36836,40,,,1,75,,36837,40,,,1,35,,36838,40,0,5 6,1,75,,36839,40,0,5 6,1,80,,36840,40,0,5 6,1
989900,'2',2109,,36841,40,,,1,94,,36842,40,,,1,47,,36843,40,,,1,93,,36844,40,,,1,86,,36845,40,,,1,86,,36846,40,,,1,85,,36847,40,0,5 6,1,46,,36848,40,0,5 6,1,86,,36849,40,0,5 6,1
989900,'3',2126,,36850,40,,,1,90,,36851,40,,,1,86,,36852,40,,,1,50,,36853,40,,,1,80,,36854,40,,,1,83,,36855,40,,,1,40,,36856,40,0,5 6,1,83,,36857,40,0,5 6,1,83,,36858,40,0,5 6,1
989900,'74',2109,,36859,40,,,1,94,,36860,40,,,1,47,,36861,40,,,1,93,,36862,40,,,1,86,,36863,40,,,1,86,,36864,40,,,1,85,,36865,40,0,5 6,1,46,,36866,40,0,5 6,1,86,,36867,40,0,5 6,1
989900,'80',2126,,36868,40,,,1,90,,36869,40,,,1,86,,36870,40,,,1,50,,36871,40,,,1,80,,36872,40,,,1,83,,36873,40,,,1,40,,36874,40,0,5 6,1,83,,36875,40,0,5 6,1,83,,36876,40,0,5 6,1
