9601,'1',458,,6986,28,,,1,68,,6987,28,,,1,29,,6988,28,,,1,70,,6989,28,,,1,77,,6990,28,,,1,35,,6991,28,,,1,78,,6992,28,,,1,31,,6993,28,,,1,74,,6994,28,,,1,32,,6995,28,,,1,79,,6996,28,,,1,80,,6997,28,,,1,43,,6998,28,,,1,75,,6999,28,,,1,72,,7000,28,,,1,46,,7001,28,,,1,81,,7002,28,,,1,18,,7021,28,,,1,61,,7003,28,,,1,28,,7004,28,,,1,67,,7005,28,,,1,27,,7006,28,,,1,27,,7007,28,,,1,67,,7008,28,,,1,25,,7009,28,,,1,63,,7010,28,,,1,25,,7011,28,,,1,65,,7012,28,,,1,25,,7013,28,,,1,24,,7014,28,,,1,65,,7015,28,,,1,29,,7016,28,,,1,70,,7017,28,,,1,30,,7018,28,,,1,70,,7019,28,,,1,24,,7020,28,,,1
9601,'2',824,,7022,28,,,1,99,,7023,28,,,1,100,,7024,28,,,1,99,,7025,28,,,1,99,,7026,28,,,1,99,,7027,28,,,1,99,,7028,28,,,1,99,,7029,28,,,1,99,,7030,28,,,1,99,,7031,28,,,1,89,,7032,28,,,1,52,,7033,28,,,1,97,,7034,28,,,1
9601,'3',924,,7035,28,,,1,94,,7036,28,,,1,94,,7037,28,,,1,94,,7038,28,,,1,94,,7039,28,,,1,54,,7040,28,,,1,95,,7041,28,,,1,94,,7042,28,,,1,91,,7043,28,,,1,94,,7044,28,,,1,94,,7045,28,,,1,94,,7046,28,,,1
9601,'80',924,,7047,28,,,1,94,,7048,28,,,1,94,,7049,28,,,1,94,,7050,28,,,1,94,,7051,28,,,1,54,,7052,28,,,1,95,,7053,28,,,1,94,,7054,28,,,1,91,,7055,28,,,1,94,,7056,28,,,1,94,,7057,28,,,1,94,,7058,28,,,1
9601,'81',924,,7059,28,,,1,94,,7060,28,,,1,94,,7061,28,,,1,94,,7062,28,,,1,94,,7063,28,,,1,54,,7064,28,,,1,95,,7065,28,,,1,94,,7066,28,,,1,91,,7067,28,,,1,94,,7068,28,,,1,94,,7069,28,,,1,94,,7070,28,,,1
9801,'1',534,,7165,37,,,1,75,,7164,37,,,1,36,,7163,37,,,1,75,,7162,37,,,1,36,,7161,37,,,1,75,,7160,37,,,1,75,,7159,37,,,1,35,,7158,37,,,1,75,,7171,37,,,1,101,,7170,37,,,1,98,,7169,37,,,1,98,,7168,37,,,1,101,,7167,37,,,1,40,,7166,37,,,1,80,,7181,37,,,1,80,,7180,37,,,1,40,,7179,37,,,1,80,,7178,37,,,1,80,,7177,37,,,1,37,,7176,37,,,1,78,,7175,37,,,1,91,,7174,37,,,1,87,,7173,37,,,1,48,,7172,37,,,1
9801,'2',541,,7200,37,,,1,86,,7199,37,,,1,86,,7198,37,,,1,46,,7197,37,,,1,88,,7196,37,,,1,96,,7195,37,,,1,94,,7194,37,,,1,97,,7193,37,,,1,94,,7192,37,,,1,102,,7191,37,,,1,98,,7190,37,,,1,98,,7189,37,,,1,95,,7188,37,,,1,98,,7187,37,,,1,98,,7186,37,,,1,95,,7185,37,,,1,46,,7184,37,,,1,89,,7183,37,,,1,87,,7182,37,,,1
9801,'3',724,,7217,37,,,1,88,,7218,37,,,1,88,,7216,37,,,1,48,,7215,37,,,1,88,,7214,37,,,1,96,,7213,37,,,1,93,,7212,37,,,1,93,,7211,37,,,1,95,,7210,37,,,1,93,,7209,37,,,1,53,,7208,37,,,1,93,,7207,37,,,1,93,,7206,37,,,1,90,,7205,37,,,1,87,,7204,37,,,1,86,,7203,37,,,1,47,,7202,37,,,1,88,,7201,37,,,1
9801,'80',724,,7235,37,,,1,88,,7236,37,,,1,88,,7234,37,,,1,48,,7233,37,,,1,88,,7232,37,,,1,96,,7231,37,,,1,93,,7230,37,,,1,93,,7229,37,,,1,95,,7228,37,,,1,93,,7227,37,,,1,53,,7226,37,,,1,93,,7225,37,,,1,93,,7224,37,,,1,90,,7223,37,,,1,87,,7222,37,,,1,86,,7221,37,,,1,47,,7220,37,,,1,88,,7219,37,,,1
9801,'81',724,,7253,37,,,1,88,,7254,37,,,1,88,,7252,37,,,1,48,,7251,37,,,1,88,,7250,37,,,1,96,,7249,37,,,1,93,,7248,37,,,1,93,,7247,37,,,1,95,,7246,37,,,1,93,,7245,37,,,1,53,,7244,37,,,1,93,,7243,37,,,1,93,,7242,37,,,1,90,,7241,37,,,1,87,,7240,37,,,1,86,,7239,37,,,1,47,,7238,37,,,1,88,,7237,37,,,1
42901,'24611.1',1433,,9258,3,,,1
989901,'1',2214,,11627,37,,,1,31,,11628,37,,,1,78,,11629,37,,,1,36,,11630,37,,,1,75,,11631,37,,,1,71,,11632,37,,,1,35,,11633,37,,,1,75,,11634,37,,,1
989901,'2',2220,,11635,37,,,1,91,,11636,37,,,1,43,,11637,37,,,1,91,,11640,37,,,1,85,,11638,37,,,1,86,,11639,37,,,1
989901,'3',2232,,11641,37,,,1,88,,11642,37,,,1,83,,11643,37,,,1,49,,11644,37,,,1,79,,11645,37,,,1,83,,11646,37,,,1
989901,'80',2232,,11647,37,,,1,88,,11648,37,,,1,83,,11649,37,,,1,49,,11650,37,,,1,79,,11651,37,,,1,83,,11652,37,,,1
989901,'81',2232,,11653,37,,,1,88,,11654,37,,,1,83,,11655,37,,,1,49,,11656,37,,,1,79,,11657,37,,,1,83,,11658,37,,,1
