600,'1',418,,24934,2,,,1,30,,24935,2,,,1,62,,24936,2,,,1,22,,24937,2,,,1,22,,24938,2,,,1,62,,24939,2,,,1,22,,24940,2,,,1,67,,24941,2,,,1,23,,24942,2,,,1,31,,24943,2,,,1,67,,24944,2,,,1,27,,24945,2,,,1,67,,24946,2,,,1,36,,24947,2,,,1,76,,24948,2,,,1,76,,24949,2,,,1,36,,24950,2,,,1,76,,24951,2,,,1,36,,24952,2,,,1,76,,24953,2,,,1,27,,24954,2,,,1,66,,24955,2,,,1,28,,24956,2,,,1,67,,24957,2,,,1,27,,24958,2,,,1,67,,24959,2,,,1,27,,24960,2,,,1,67,,24961,2,,,1,27,,24962,2,,,1,67,,24963,2,,,1,27,,24964,2,,,1,27,,24965,2,,,1,67,,24966,2,,,1,34,,24967,2,,,1,74,,24968,2,,,1,74,,24969,2,,,1,34,,24970,2,,,1,103,,24971,2,,,1,103,,24972,2,,,1,103,,24973,2,,,1
600,'2',544,,24974,2,,,1,69,,24975,2,,,1,26,,24976,2,,,1,69,,24977,2,,,1,33,,24978,2,,,1,83,,24979,2,,,1,35,,24980,2,,,1,72,,24981,2,,,1,72,,24982,2,,,1,32,,24983,2,,,1,72,,24984,2,,,1,32,,24985,2,,,1,72,,24986,2,,,1,32,,24987,2,,,1,72,,24988,2,,,1,32,,24989,2,,,1,77,,24990,2,,,1,77,,24991,2,,,1,36,,24992,2,,,1,78,,24993,2,,,1,36,,24994,2,,,1,78,,24995,2,,,1,76,,24996,2,,,1,35,,24997,2,,,1,71,,24998,2,,,1,33,,24999,2,,,1,100,,25000,2,,,1,95,,25001,2,,,1,95,,25002,2,,,1,95,,25003,2,,,1
600,'3',559,,25004,2,,,1,66,,25005,2,,,1,29,,25006,2,,,1,73,,25007,2,,,1,29,,25008,2,,,1,83,,25009,2,,,1,75,,25010,2,,,1,32,,25011,2,,,1,72,,25012,2,,,1,32,,25013,2,,,1,72,,25014,2,,,1,32,,25015,2,,,1,72,,25016,2,,,1,32,,25017,2,,,1,72,,25018,2,,,1,72,,25019,2,,,1,39,,25020,2,,,1,75,,25021,2,,,1,37,,25022,2,,,1,77,,25023,2,,,1,77,,25024,2,,,1,37,,25025,2,,,1,74,,25026,2,,,1,37,,25027,2,,,1,71,,25028,2,,,1,100,,25029,2,,,1,98,,25030,2,,,1,98,,25031,2,,,1,98,,25032,2,,,1
600,'74',544,,25033,2,,,1,69,,25034,2,,,1,26,,25035,2,,,1,69,,25036,2,,,1,33,,25037,2,,,1,83,,25038,2,,,1,35,,25039,2,,,1,72,,25040,2,,,1,72,,25041,2,,,1,32,,25042,2,,,1,72,,25043,2,,,1,32,,25044,2,,,1,72,,25045,2,,,1,32,,25046,2,,,1,72,,25047,2,,,1,32,,25048,2,,,1,77,,25049,2,,,1,77,,25050,2,,,1,36,,25051,2,,,1,78,,25052,2,,,1,36,,25053,2,,,1,78,,25054,2,,,1,76,,25055,2,,,1,35,,25056,2,,,1,71,,25057,2,,,1,33,,25058,2,,,1,100,,25059,2,,,1,95,,25060,2,,,1,95,,25061,2,,,1,95,,25062,2,,,1
600,'80',559,,25063,2,,,1,66,,25064,2,,,1,29,,25065,2,,,1,73,,25066,2,,,1,29,,25067,2,,,1,83,,25068,2,,,1,75,,25069,2,,,1,32,,25070,2,,,1,72,,25071,2,,,1,32,,25072,2,,,1,72,,25073,2,,,1,32,,25074,2,,,1,72,,25075,2,,,1,32,,25076,2,,,1,72,,25077,2,,,1,72,,25078,2,,,1,39,,25079,2,,,1,75,,25080,2,,,1,37,,25081,2,,,1,77,,25082,2,,,1,77,,25083,2,,,1,37,,25084,2,,,1,74,,25085,2,,,1,37,,25086,2,,,1,71,,25087,2,,,1,100,,25088,2,,,1,98,,25089,2,,,1,98,,25090,2,,,1,98,,25091,2,,,1
601,'1',2206,,25124,13,4,,1,347,,25129,13,4,,1
601,'2',2009,,25153,13,4,,1,413,,25159,13,4,,1
601,'3',1957,,25183,13,4,,1,459,,25189,13,4,,1
601,'74',2009,,25213,13,4,,1,413,,25219,13,4,,1
601,'80',1957,,25243,13,4,,1,459,,25249,13,4,,1
36101,'1',558,,34011,2,,,1,64,,34012,2,,,1,32,,34013,2,,,1,62,,34014,2,,,1,26,,34015,2,,,1,66,,34016,2,,,1,26,,34017,2,,,1,20,,34018,2,,,1,66,,34019,2,,,1,580,,34020,2,,,1,25,,34021,2,,,1,25,,34022,2,,,1,67,,34023,2,,,1,24,,34024,2,,,1,69,,34025,2,,,1,23,,34026,2,,,1,25,,34027,2,,,1,63,,34028,2,,,1
