9901,'1',418,,31722,31,,,1,41,,31723,31,,,1,80,,31724,31,,,1,82,,31725,31,,,1,81,,31726,31,,,1,35,,31727,31,,,1,70,,31728,31,,,1,43,,31729,31,,,1,73,,31730,31,,,1,35,,31731,31,,,1,94,,31732,31,,,1,98,,31733,31,,,1,94,,31734,31,,,1,94,,31735,31,,,1,100,,31736,31,,,1,67,,31737,31,,,1,30,,31738,31,,,1,70,,31739,31,,,1,30,,31740,31,,,1,70,,31741,31,,,1,30,,31742,31,,,1,70,,31743,31,,,1,27,,31744,31,,,1,70,,31745,31,,,1,26,,31746,31,,,1,30,,31747,31,,,1,70,,31748,31,,,1,25,,31749,31,,,1,71,,31750,31,,,1,85,,31751,31,,,1
9901,'2',540,,31752,31,,,1,77,,31753,31,,,1,37,,31754,31,,,1,77,,31755,31,,,1,87,,31756,31,,,1,92,,31757,31,,,1,48,,31758,31,,,1,87,,31759,31,,,1,102,,31760,31,,,1,97,,31761,31,,,1,95,,31762,31,,,1,95,,31763,31,,,1,95,,31764,31,,,1,95,,31765,31,,,1,92,,31766,31,,,1,94,,31767,31,,,1,95,,31768,31,,,1,51,,31769,31,,,1,85,,31770,31,,,1,85,,31771,31,,,1
9901,'3',544,,31772,31,,,1,81,,31773,31,,,1,78,,31774,31,,,1,38,,31775,31,,,1,78,,31776,31,,,1,93,,31777,31,,,1,89,,31778,31,,,1,49,,31779,31,,,1,89,,31780,31,,,1,93,,31781,31,,,1,89,,31782,31,,,1,89,,31783,31,,,1,49,,31784,31,,,1,89,,31785,31,,,1,89,,31786,31,,,1,89,,31787,31,,,1,85,,31788,31,,,1,89,,31789,31,,,1,49,,31790,31,,,1,86,,31791,31,,,1,89,,31792,31,,,1,79,,31793,31,,,1
9901,'74',540,,31794,31,,,1,77,,31795,31,,,1,37,,31796,31,,,1,77,,31797,31,,,1,87,,31798,31,,,1,92,,31799,31,,,1,48,,31800,31,,,1,87,,31801,31,,,1,102,,31802,31,,,1,97,,31803,31,,,1,95,,31804,31,,,1,95,,31805,31,,,1,95,,31806,31,,,1,95,,31807,31,,,1,92,,31808,31,,,1,94,,31809,31,,,1,95,,31810,31,,,1,51,,31811,31,,,1,85,,31812,31,,,1,85,,31813,31,,,1
9901,'80',544,,31814,31,,,1,81,,31815,31,,,1,78,,31816,31,,,1,38,,31817,31,,,1,78,,31818,31,,,1,93,,31819,31,,,1,89,,31820,31,,,1,49,,31821,31,,,1,89,,31822,31,,,1,93,,31823,31,,,1,89,,31824,31,,,1,89,,31825,31,,,1,49,,31826,31,,,1,89,,31827,31,,,1,89,,31828,31,,,1,89,,31829,31,,,1,85,,31830,31,,,1,89,,31831,31,,,1,49,,31832,31,,,1,86,,31833,31,,,1,89,,31834,31,,,1,79,,31835,31,,,1
36001,'1',1003,,33821,12,,,1,29,,33822,12,,,1,70,,33823,12,,,1,27,,33824,12,,,1,25,,33837,12,,,1,83,,33836,12,,,1,84,,33825,12,,,1,84,,33826,12,,,1,44,,33827,12,,,1,87,,33828,12,,,1,84,,33829,12,,,1,87,,33830,12,,,1,43,,33831,12,,,1,81,,33832,12,,,1,85,,33833,12,,,1,85,,33834,12,,,1,41,,33835,12,,,1,84,,33843,12,,,1,26,,33842,12,,,1,66,,33838,12,,,1,26,,33839,12,,,1,66,,33840,12,,,1,26,,33841,12,,,1
36001,'2',1002,,33844,12,,,1,23,,33845,12,,,1,23,,33846,12,,,1,63,,33847,12,,,1,23,,33848,12,,,1,21,,33849,12,,,1,63,,33850,12,,,1,25,,33851,12,,,1,63,,33852,12,,,1,23,,33853,12,,,1,23,,33854,12,,,1,62,,33855,12,,,1,23,,33856,12,,,1,63,,33857,12,,,1,23,,33858,12,,,1,22,,33859,12,,,1,63,,33860,12,,,1,23,,33861,12,,,1,26,,33862,12,,,1,63,,33863,12,,,1,20,,33864,12,,,1,64,,33865,12,,,1,23,,33866,12,,,1,27,,33879,12,,,1,64,,33878,12,,,1,21,,33867,12,,,1,64,,33868,12,,,1,24,,33869,12,,,1,25,,33870,12,,,1,64,,33871,12,,,1,21,,33872,12,,,1,64,,33873,12,,,1,24,,33874,12,,,1,24,,33875,12,,,1,64,,33876,12,,,1,24,,33877,12,,,1
36001,'3',955,,33880,12,,,1,62,,33881,12,,,1,22,,33882,12,,,1,62,,33883,12,,,1,20,,33884,12,,,1,22,,33885,12,,,1,63,,33886,12,,,1,22,,33887,12,,,1,22,,33888,12,,,1,62,,33889,12,,,1,23,,33890,12,,,1,22,,33891,12,,,1,62,,33892,12,,,1,20,,33893,12,,,1,66,,33894,12,,,1,22,,33895,12,,,1,22,,33896,12,,,1,62,,33897,12,,,1,22,,33898,12,,,1,22,,33899,12,,,1,62,,33900,12,,,1,22,,33901,12,,,1,63,,33902,12,,,1,22,,33903,12,,,1,22,,33904,12,,,1,67,,33905,12,,,1,21,,33917,12,,,1,17,,33916,12,,,1,62,,33906,12,,,1,23,,33907,12,,,1,23,,33908,12,,,1,63,,33909,12,,,1,23,,33910,12,,,1,62,,33911,12,,,1,23,,33912,12,,,1,23,,33913,12,,,1,63,,33914,12,,,1,23,,33915,12,,,1
36001,'74',1002,,33918,12,,,1,23,,33919,12,,,1,23,,33920,12,,,1,63,,33921,12,,,1,23,,33922,12,,,1,21,,33923,12,,,1,63,,33924,12,,,1,25,,33925,12,,,1,63,,33926,12,,,1,23,,33927,12,,,1,23,,33928,12,,,1,62,,33929,12,,,1,23,,33930,12,,,1,63,,33931,12,,,1,23,,33932,12,,,1,22,,33933,12,,,1,63,,33934,12,,,1,23,,33935,12,,,1,26,,33936,12,,,1,63,,33937,12,,,1,20,,33938,12,,,1,64,,33939,12,,,1,23,,33940,12,,,1,27,,33942,12,,,1,64,,33941,12,,,1,21,,33943,12,,,1,64,,33944,12,,,1,24,,33945,12,,,1,25,,33946,12,,,1,64,,33947,12,,,1,21,,33948,12,,,1,64,,33949,12,,,1,24,,33950,12,,,1,24,,33951,12,,,1,64,,33952,12,,,1,24,,33953,12,,,1,64,,33954,12,,,1
36001,'80',955,,33955,12,,,1,62,,33956,12,,,1,22,,33957,12,,,1,62,,33958,12,,,1,20,,33959,12,,,1,22,,33960,12,,,1,63,,33961,12,,,1,22,,33962,12,,,1,22,,33963,12,,,1,62,,33964,12,,,1,23,,33965,12,,,1,22,,33966,12,,,1,62,,33967,12,,,1,20,,33968,12,,,1,66,,33969,12,,,1,22,,33970,12,,,1,22,,33971,12,,,1,62,,33972,12,,,1,22,,33973,12,,,1,22,,33974,12,,,1,62,,33975,12,,,1,22,,33976,12,,,1,63,,33977,12,,,1,22,,33978,12,,,1,22,,33979,12,,,1,67,,33980,12,,,1,21,,33992,12,,,1,17,,33991,12,,,1,62,,33981,12,,,1,23,,33982,12,,,1,23,,33983,12,,,1,63,,33984,12,,,1,23,,33985,12,,,1,62,,33986,12,,,1,23,,33987,12,,,1,23,,33988,12,,,1,63,,33989,12,,,1,23,,33990,12,,,1
989901,'1',2244,,36877,86,,,1,69,,36878,86,,,1,38,,36879,86,,,1,75,,36880,86,,,1,75,,36881,86,,,1,30,,36882,86,,,1,75,,36883,86,,,1,35,,36884,86,,,1
989901,'2',2252,,36885,86,,,1,87,,36886,86,,,1,81,,36887,86,,,1,91,,36890,86,,,1,45,,36888,86,,,1,86,,36889,86,,,1
989901,'3',2300,,36891,86,,,1,47,,36892,86,,,1,83,,36893,86,,,1,86,,36894,86,,,1,39,,36895,86,,,1,83,,36896,86,,,1
989901,'74',2252,,36897,86,,,1,87,,36898,86,,,1,81,,36899,86,,,1,91,,36902,86,,,1,45,,36900,86,,,1,86,,36901,86,,,1
989901,'80',2300,,36903,86,,,1,47,,36904,86,,,1,83,,36905,86,,,1,86,,36906,86,,,1,39,,36907,86,,,1,83,,36908,86,,,1
