100,'1',348,,3,8,,,1,78,,2,8,,,1,31,,1,8,,,1,83,,29,23,,,1,78,,28,23,,,1,36,,26,23,,,1,76,,27,23,,,1,74,,25,23,,,1,35,,24,23,,,1,75,,23,23,,,1,109,,22,23,,,1,113,,21,23,,,1,112,,20,23,,,1,156,,19,23,,,1,47,,30,23,,,1,77,,18,23,,,1,31,,17,23,,,1,77,,16,23,,,1,71,,15,23,,,1,34,,14,23,,,1,74,,13,23,,,1,30,,12,23,,,1,67,,11,23,,,1,98,,10,23,,,1,104,,9,23,,,1,100,,8,23,,,1,93,,7,23,,,1,97,,6,23,,,1,49,,5,23,,,1,95,,4,23,,,1
100,'2',547,,53,8,,,1,97,,31,23,,,1,103,,32,23,,,1,107,,33,23,,,1,103,,34,23,,,1,147,,35,23,,,1,54,,36,23,,,1,87,,37,23,,,1,101,,38,23,,,1,92,,39,23,,,1,92,,40,23,,,1,92,,41,23,,,1,89,,42,23,,,1,92,,43,23,,,1,51,,44,23,,,1,85,,45,23,,,1,92,,46,23,,,1,92,,47,23,,,1,97,,48,23,,,1,97,,49,23,,,1,94,,50,23,,,1,94,,51,23,,,1,97,,52,23,,,1
100,'3',738,,69,8,,,1,92,,54,23,,,1,116,,55,23,,,1,155,,56,23,,,1,113,,57,23,,,1,115,,58,23,,,1,112,,59,23,,,1,108,,60,23,,,1,152,,61,23,,,1,111,,62,23,,,1,109,,63,23,,,1,98,,64,23,,,1,99,,65,23,,,1,99,,66,23,,,1,96,,67,23,,,1,99,,68,23,,,1
100,'80',738,,85,8,,,1,92,,70,23,,,1,116,,71,23,,,1,155,,72,23,,,1,113,,73,23,,,1,115,,74,23,,,1,112,,75,23,,,1,108,,76,23,,,1,152,,77,23,,,1,111,,78,23,,,1,109,,79,23,,,1,98,,80,23,,,1,99,,81,23,,,1,99,,82,23,,,1,96,,83,23,,,1,99,,84,23,,,1
100,'81',738,,101,8,,,1,92,,86,23,,,1,116,,87,23,,,1,155,,88,23,,,1,113,,89,23,,,1,115,,90,23,,,1,112,,91,23,,,1,108,,92,23,,,1,152,,93,23,,,1,111,,94,23,,,1,109,,95,23,,,1,98,,96,23,,,1,99,,97,23,,,1,99,,98,23,,,1,96,,99,23,,,1,99,,100,23,,,1
60300,'1',508,,9994,12,,,1,20,,9995,12,,,1,21,,9996,12,,,1,61,,9997,12,,,1,22,,9998,12,,,1,18,,9999,12,,,1,62,,10000,12,,,1,18,,10001,12,,,1,18,,10002,12,,,1,60,,10003,12,,,1,18,,10004,12,,,1,18,,10005,12,,,1,58,,10006,12,,,1,18,,10007,12,,,1,19,,10008,12,,,1,62,,10009,12,,,1,22,,10010,12,,,1,22,,10011,12,,,1,62,,10012,12,,,1,22,,10013,12,,,1,22,,10014,12,,,1,62,,10015,12,,,1,22,,10016,12,,,1,22,,10017,12,,,1,63,,10018,12,,,1,22,,10019,12,,,1,62,,10020,12,,,1,22,,10021,12,,,1,22,,10022,12,,,1,59,,10023,12,,,1,16,,10024,12,,,1,16,,10025,12,,,1,16,,10026,12,,,1,56,,10027,12,,,1,16,,10028,12,,,1,16,,10029,12,,,1,16,,10030,12,,,1,56,,10031,12,,,1,16,,10032,12,,,1,16,,10033,12,,,1,55,,10034,12,,,1,16,,10035,12,,,1,14,,10036,12,,,1,16,,10037,12,,,1,56,,10038,12,,,1,15,,10039,12,,,1,30,,10040,12,,,1,70,,10041,12,,,1,30,,10042,12,,,1,70,,10043,12,,,1,27,,10044,12,,,1,70,,10045,12,,,1,41,,10046,12,,,1,80,,10047,12,,,1,82,,10048,12,,,1,87,,10049,12,,,1
60300,'2',539,,10050,12,,,1,82,,10051,12,,,1,80,,10052,12,,,1,41,,10053,12,,,1,80,,10054,12,,,1,81,,10055,12,,,1,43,,10056,12,,,1,82,,10057,12,,,1,78,,10058,12,,,1,38,,10059,12,,,1,79,,10060,12,,,1,36,,10061,12,,,1,78,,10062,12,,,1,78,,10063,12,,,1,38,,10064,12,,,1,79,,10065,12,,,1,78,,10066,12,,,1,38,,10067,12,,,1,76,,10068,12,,,1,79,,10069,12,,,1,36,,10070,12,,,1,78,,10071,12,,,1,38,,10072,12,,,1,80,,10073,12,,,1,80,,10074,12,,,1,38,,10075,12,,,1,86,,10076,12,,,1,89,,10077,12,,,1,92,,10078,12,,,1
60300,'3',723,,10079,12,,,1,36,,10080,12,,,1,77,,10081,12,,,1,76,,10082,12,,,1,42,,10083,12,,,1,85,,10084,12,,,1,84,,10085,12,,,1,82,,10086,12,,,1,42,,10087,12,,,1,82,,10088,12,,,1,82,,10089,12,,,1,43,,10090,12,,,1,79,,10091,12,,,1,76,,10092,12,,,1,36,,10093,12,,,1,76,,10094,12,,,1,35,,10095,12,,,1,76,,10096,12,,,1,73,,10097,12,,,1,36,,10098,12,,,1,75,,10099,12,,,1,36,,10100,12,,,1,91,,10101,12,,,1,105,,10102,12,,,1,103,,10103,12,,,1,106,,10104,12,,,1
60300,'80',723,,10105,12,,,1,36,,10106,12,,,1,77,,10107,12,,,1,76,,10108,12,,,1,42,,10109,12,,,1,85,,10110,12,,,1,84,,10111,12,,,1,82,,10112,12,,,1,42,,10113,12,,,1,82,,10114,12,,,1,82,,10115,12,,,1,43,,10116,12,,,1,79,,10117,12,,,1,76,,10118,12,,,1,36,,10119,12,,,1,76,,10120,12,,,1,35,,10121,12,,,1,76,,10122,12,,,1,73,,10123,12,,,1,36,,10124,12,,,1,75,,10125,12,,,1,36,,10126,12,,,1,91,,10127,12,,,1,105,,10128,12,,,1,103,,10129,12,,,1,106,,10130,12,,,1
60300,'81',723,,10131,12,,,1,36,,10132,12,,,1,77,,10133,12,,,1,76,,10134,12,,,1,42,,10135,12,,,1,85,,10136,12,,,1,84,,10137,12,,,1,82,,10138,12,,,1,42,,10139,12,,,1,82,,10140,12,,,1,82,,10141,12,,,1,43,,10142,12,,,1,79,,10143,12,,,1,76,,10144,12,,,1,36,,10145,12,,,1,76,,10146,12,,,1,35,,10147,12,,,1,76,,10148,12,,,1,73,,10149,12,,,1,36,,10150,12,,,1,75,,10151,12,,,1,36,,10152,12,,,1,91,,10153,12,,,1,105,,10154,12,,,1,103,,10155,12,,,1,106,,10156,12,,,1
