9901,'1',408,,7366,15,,,1,41,,7367,15,,,1,80,,7368,15,,,1,80,,7369,15,,,1,38,,7370,15,,,1,75,,7371,15,,,1,29,,7372,15,,,1,83,,7373,15,,,1,75,,7374,15,,,1,35,,7375,15,,,1,94,,7376,15,,,1,97,,7377,15,,,1,94,,7378,15,,,1,94,,7379,15,,,1,100,,7380,15,,,1,25,,7381,15,,,1,70,,7382,15,,,1,30,,7383,15,,,1,70,,7384,15,,,1,30,,7385,15,,,1,70,,7386,15,,,1,30,,7387,15,,,1,69,,7388,15,,,1,30,,7389,15,,,1,67,,7390,15,,,1,30,,7391,15,,,1,70,,7392,15,,,1,25,,7393,15,,,1,72,,7394,15,,,1,45,,7395,15,,,1
9901,'2',529,,7396,15,,,1,77,,7397,15,,,1,37,,7398,15,,,1,77,,7399,15,,,1,87,,7400,15,,,1,50,,7401,15,,,1,88,,7402,15,,,1,87,,7403,15,,,1,100,,7404,15,,,1,97,,7405,15,,,1,95,,7406,15,,,1,95,,7407,15,,,1,95,,7408,15,,,1,95,,7409,15,,,1,92,,7410,15,,,1,54,,7411,15,,,1,95,,7412,15,,,1,93,,7413,15,,,1,85,,7414,15,,,1,85,,7415,15,,,1
9901,'3',534,,7416,15,,,1,79,,7417,15,,,1,38,,7418,15,,,1,78,,7419,15,,,1,78,,7420,15,,,1,52,,7421,15,,,1,89,,7422,15,,,1,89,,7423,15,,,1,89,,7424,15,,,1,91,,7425,15,,,1,89,,7426,15,,,1,49,,7427,15,,,1,89,,7428,15,,,1,89,,7429,15,,,1,89,,7430,15,,,1,89,,7431,15,,,1,46,,7432,15,,,1,89,,7433,15,,,1,89,,7434,15,,,1,87,,7435,15,,,1,89,,7436,15,,,1,39,,7437,15,,,1
9901,'80',534,,7438,15,,,1,79,,7439,15,,,1,38,,7440,15,,,1,78,,7441,15,,,1,78,,7442,15,,,1,52,,7443,15,,,1,89,,7444,15,,,1,89,,7445,15,,,1,89,,7446,15,,,1,91,,7447,15,,,1,89,,7448,15,,,1,49,,7449,15,,,1,89,,7450,15,,,1,89,,7451,15,,,1,89,,7452,15,,,1,89,,7453,15,,,1,46,,7454,15,,,1,89,,7455,15,,,1,89,,7456,15,,,1,87,,7457,15,,,1,89,,7458,15,,,1,39,,7459,15,,,1
9901,'81',534,,7460,15,,,1,79,,7461,15,,,1,38,,7462,15,,,1,78,,7463,15,,,1,78,,7464,15,,,1,52,,7465,15,,,1,89,,7466,15,,,1,89,,7467,15,,,1,89,,7468,15,,,1,91,,7469,15,,,1,89,,7470,15,,,1,49,,7471,15,,,1,89,,7472,15,,,1,89,,7473,15,,,1,89,,7474,15,,,1,89,,7475,15,,,1,46,,7476,15,,,1,89,,7477,15,,,1,89,,7478,15,,,1,87,,7479,15,,,1,89,,7480,15,,,1,39,,7481,15,,,1
989901,'1',2232,,11627,70,,,1,71,,11628,70,,,1,38,,11629,70,,,1,75,,11630,70,,,1,35,,11631,70,,,1,70,,11632,70,,,1,35,,11633,70,,,1,75,,11634,70,,,1
989901,'2',2240,,11635,70,,,1,88,,11636,70,,,1,82,,11637,70,,,1,91,,11640,70,,,1,45,,11638,70,,,1,86,,11639,70,,,1
989901,'3',2250,,11641,70,,,1,87,,11642,70,,,1,83,,11643,70,,,1,87,,11644,70,,,1,39,,11645,70,,,1,83,,11646,70,,,1
989901,'80',2250,,11647,70,,,1,87,,11648,70,,,1,83,,11649,70,,,1,87,,11650,70,,,1,39,,11651,70,,,1,83,,11652,70,,,1
989901,'81',2250,,11653,70,,,1,87,,11654,70,,,1,83,,11655,70,,,1,87,,11656,70,,,1,39,,11657,70,,,1,83,,11658,70,,,1
