9901,'1',402,,7366,3,,,1,40,,7367,3,,,1,80,,7368,3,,,1,80,,7369,3,,,1,35,,7370,3,,,1,75,,7371,3,,,1,28,,7372,3,,,1,83,,7373,3,,,1,35,,7374,3,,,1,75,,7375,3,,,1,94,,7376,3,,,1,95,,7377,3,,,1,94,,7378,3,,,1,94,,7379,3,,,1,100,,7380,3,,,1,24,,7381,3,,,1,70,,7382,3,,,1,30,,7383,3,,,1,70,,7384,3,,,1,30,,7385,3,,,1,70,,7386,3,,,1,30,,7387,3,,,1,70,,7388,3,,,1,30,,7389,3,,,1,69,,7390,3,,,1,30,,7391,3,,,1,70,,7392,3,,,1,25,,7393,3,,,1,74,,7394,3,,,1,45,,7395,3,,,1
9901,'2',522,,7396,3,,,1,37,,7397,3,,,1,77,,7398,3,,,1,77,,7399,3,,,1,87,,7400,3,,,1,48,,7401,3,,,1,87,,7402,3,,,1,87,,7403,3,,,1,97,,7404,3,,,1,95,,7405,3,,,1,95,,7406,3,,,1,95,,7407,3,,,1,55,,7408,3,,,1,95,,7409,3,,,1,94,,7410,3,,,1,95,,7411,3,,,1,95,,7412,3,,,1,94,,7413,3,,,1,85,,7414,3,,,1,85,,7415,3,,,1
9901,'3',527,,7416,3,,,1,78,,7417,3,,,1,38,,7418,3,,,1,78,,7419,3,,,1,38,,7420,3,,,1,90,,7421,3,,,1,89,,7422,3,,,1,89,,7423,3,,,1,89,,7424,3,,,1,90,,7425,3,,,1,49,,7426,3,,,1,89,,7427,3,,,1,89,,7428,3,,,1,89,,7429,3,,,1,89,,7430,3,,,1,89,,7431,3,,,1,48,,7432,3,,,1,89,,7433,3,,,1,89,,7434,3,,,1,88,,7435,3,,,1,89,,7436,3,,,1,39,,7437,3,,,1
9901,'80',527,,7438,3,,,1,78,,7439,3,,,1,38,,7440,3,,,1,78,,7441,3,,,1,38,,7442,3,,,1,90,,7443,3,,,1,89,,7444,3,,,1,89,,7445,3,,,1,89,,7446,3,,,1,90,,7447,3,,,1,49,,7448,3,,,1,89,,7449,3,,,1,89,,7450,3,,,1,89,,7451,3,,,1,89,,7452,3,,,1,89,,7453,3,,,1,48,,7454,3,,,1,89,,7455,3,,,1,89,,7456,3,,,1,88,,7457,3,,,1,89,,7458,3,,,1,39,,7459,3,,,1
9901,'81',527,,7460,3,,,1,78,,7461,3,,,1,38,,7462,3,,,1,78,,7463,3,,,1,38,,7464,3,,,1,90,,7465,3,,,1,89,,7466,3,,,1,89,,7467,3,,,1,89,,7468,3,,,1,90,,7469,3,,,1,49,,7470,3,,,1,89,,7471,3,,,1,89,,7472,3,,,1,89,,7473,3,,,1,89,,7474,3,,,1,89,,7475,3,,,1,48,,7476,3,,,1,89,,7477,3,,,1,89,,7478,3,,,1,88,,7479,3,,,1,89,,7480,3,,,1,39,,7481,3,,,1
989901,'1',2226,,11627,58,,,1,31,,11628,58,,,1,78,,11629,58,,,1,75,,11630,58,,,1,35,,11631,58,,,1,71,,11632,58,,,1,35,,11633,58,,,1,75,,11634,58,,,1
989901,'2',2233,,11635,58,,,1,90,,11636,58,,,1,82,,11637,58,,,1,51,,11640,58,,,1,85,,11638,58,,,1,86,,11639,58,,,1
989901,'3',2244,,11641,58,,,1,87,,11642,58,,,1,83,,11643,58,,,1,89,,11644,58,,,1,39,,11645,58,,,1,83,,11646,58,,,1
989901,'80',2244,,11647,58,,,1,87,,11648,58,,,1,83,,11649,58,,,1,89,,11650,58,,,1,39,,11651,58,,,1,83,,11652,58,,,1
989901,'81',2244,,11653,58,,,1,87,,11654,58,,,1,83,,11655,58,,,1,89,,11656,58,,,1,39,,11657,58,,,1,83,,11658,58,,,1
