700,'1',526,,25250,41,4,,1,24,,25251,41,4,,1,67,,25252,41,4,,1,24,,25253,41,4,,1,64,,25254,41,4,,1,36,,25255,41,4,,1,69,,25256,41,4,,1,29,,25257,41,4,,1,77,,25258,41,4,,1,21,,25259,41,4,,1,64,,25260,41,4,,1,29,,25261,41,4,,1,72,,25262,41,4,,1,32,,25263,41,4,,1,72,,25264,41,4,,1,32,,25265,41,4,,1,72,,25266,41,4,,1,35,,25267,41,4,,1,72,,25268,41,4,,1,29,,25269,41,4,,1,68,,25270,41,4,,1,32,,25271,41,4,,1,69,,25272,41,4,,1,29,,25273,41,4,,1,73,,25274,41,4,,1,29,,25275,41,4,,1,61,,25276,41,4,,1,29,,25277,41,4,,1,69,,25278,41,4,,1,29,,25279,41,4,,1,22,,25280,41,4,,1,69,,25281,41,4,,1,84,,25282,41,4,,1,44,,25283,41,4,,1,84,,25284,41,4,,1,80,,25285,41,4,,1,84,,25286,41,4,,1
700,'2',840,,25287,41,4,,1,88,,25288,41,4,,1,88,,25289,41,4,,1,88,,25290,41,4,,1,48,,25291,41,4,,1,88,,25292,41,4,,1,90,,25293,41,4,,1,88,,25294,41,4,,1,88,,25295,41,4,,1,48,,25296,41,4,,1,86,,25297,41,4,,1,88,,25298,41,4,,1,88,,25299,41,4,,1,88,,25300,41,4,,1,48,,25301,41,4,,1,85,,25302,41,4,,1,82,,25305,41,4,,1,82,,25303,41,4,,1,42,,25304,41,4,,1
700,'3',839,,25306,41,4,,1,87,,25307,41,4,,1,87,,25308,41,4,,1,87,,25309,41,4,,1,47,,25310,41,4,,1,89,,25311,41,4,,1,87,,25312,41,4,,1,87,,25313,41,4,,1,47,,25314,41,4,,1,87,,25315,41,4,,1,87,,25316,41,4,,1,86,,25317,41,4,,1,87,,25318,41,4,,1,47,,25319,41,4,,1,87,,25320,41,4,,1,84,,25321,41,4,,1
700,'74',840,,25322,41,4,,1,88,,25323,41,4,,1,88,,25324,41,4,,1,88,,25325,41,4,,1,48,,25326,41,4,,1,88,,25327,41,4,,1,90,,25328,41,4,,1,88,,25329,41,4,,1,88,,25330,41,4,,1,48,,25331,41,4,,1,86,,25332,41,4,,1,88,,25333,41,4,,1,88,,25334,41,4,,1,88,,25335,41,4,,1,48,,25336,41,4,,1,85,,25337,41,4,,1,82,,25340,41,4,,1,82,,25338,41,4,,1,42,,25339,41,4,,1
700,'80',839,,25341,41,4,,1,87,,25342,41,4,,1,87,,25343,41,4,,1,87,,25344,41,4,,1,47,,25345,41,4,,1,89,,25346,41,4,,1,87,,25347,41,4,,1,87,,25348,41,4,,1,47,,25349,41,4,,1,87,,25350,41,4,,1,87,,25351,41,4,,1,86,,25352,41,4,,1,87,,25353,41,4,,1,47,,25354,41,4,,1,87,,25355,41,4,,1,84,,25356,41,4,,1
701,'1',511,,25360,1,,,1,24,,25357,1,,,1,24,,25358,1,,,1,64,,25359,1,,,1,26,,25367,1,,,1,77,,25366,1,,,1,21,,25361,1,,,1,69,,25362,1,,,1,29,,25363,1,,,1,77,,25364,1,,,1,21,,25365,1,,,1,69,,25375,1,,,1,23,,25374,1,,,1,72,,25368,1,,,1,32,,25369,1,,,1,72,,25370,1,,,1,32,,25371,1,,,1,72,,25372,1,,,1,23,,25381,1,,,1,69,,25373,1,,,1,22,,25380,1,,,1,29,,25376,1,,,1,69,,25377,1,,,1,29,,25378,1,,,1,69,,25379,1,,,1,29,,25382,1,,,1,69,,25383,1,,,1,29,,25384,1,,,1,69,,25385,1,,,1,29,,25386,1,,,1,69,,25387,1,,,1,25,,25388,1,,,1,86,,25393,1,,,1,84,,25389,1,,,1,44,,25390,1,,,1,84,,25391,1,,,1,94,,25392,1,,,1
701,'2',848,,25394,1,,,1,88,,25395,1,,,1,88,,25396,1,,,1,88,,25397,1,,,1,88,,25398,1,,,1,48,,25399,1,,,1,88,,25400,1,,,1,88,,25401,1,,,1,88,,25402,1,,,1,88,,25403,1,,,1,48,,25404,1,,,1,88,,25405,1,,,1,88,,25406,1,,,1,88,,25407,1,,,1,88,,25408,1,,,1,42,,25411,1,,,1,82,,25409,1,,,1,82,,25410,1,,,1
701,'3',847,,25412,1,,,1,87,,25413,1,,,1,87,,25414,1,,,1,87,,25415,1,,,1,47,,25416,1,,,1,87,,25417,1,,,1,87,,25418,1,,,1,87,,25419,1,,,1,87,,25420,1,,,1,47,,25421,1,,,1,87,,25422,1,,,1,87,,25423,1,,,1,87,,25424,1,,,1,47,,25425,1,,,1,87,,25426,1,,,1
701,'74',848,,25427,1,,,1,88,,25428,1,,,1,88,,25429,1,,,1,88,,25430,1,,,1,88,,25431,1,,,1,48,,25432,1,,,1,88,,25433,1,,,1,88,,25434,1,,,1,88,,25435,1,,,1,88,,25436,1,,,1,48,,25437,1,,,1,88,,25438,1,,,1,88,,25439,1,,,1,88,,25440,1,,,1,88,,25441,1,,,1,42,,25444,1,,,1,82,,25442,1,,,1,82,,25443,1,,,1
701,'80',847,,25445,1,,,1,87,,25446,1,,,1,87,,25447,1,,,1,87,,25448,1,,,1,47,,25449,1,,,1,87,,25450,1,,,1,87,,25451,1,,,1,87,,25452,1,,,1,87,,25453,1,,,1,47,,25454,1,,,1,87,,25455,1,,,1,87,,25456,1,,,1,87,,25457,1,,,1,47,,25458,1,,,1,87,,25459,1,,,1
