901,'1',709,,2160,69,,,1,29,,2153,69,,,1,77,,2154,69,,,1,33,,2155,69,,,1,73,,2156,69,,,1,33,,2157,69,,,1,73,,2158,69,,,1,73,,2159,69,,,1,28,,2167,69,,,1,84,,2161,69,,,1,44,,2162,69,,,1,84,,2163,69,,,1,87,,2164,69,,,1,84,,2165,69,,,1,104,,2166,69,,,1,42,,2168,69,,,1,73,,2169,69,,,1,73,,2170,69,,,1,36,,2171,69,,,1,84,,2172,69,,,1,31,,2173,69,,,1,78,,2174,69,,,1,78,,2175,69,,,1,31,,2176,69,,,1
901,'2',815,,2177,69,,,1,87,,2178,69,,,1,47,,2179,69,,,1,87,,2180,69,,,1,87,,2181,69,,,1,87,,2182,69,,,1,47,,2183,69,,,1,87,,2184,69,,,1,87,,2185,69,,,1,87,,2186,69,,,1,87,,2187,69,,,1,47,,2188,69,,,1,87,,2189,69,,,1,87,,2190,69,,,1,87,,2191,69,,,1,87,,2192,69,,,1,47,,2193,69,,,1,87,,2194,69,,,1,87,,2195,69,,,1
901,'3',917,,2196,69,,,1,87,,2197,69,,,1,47,,2198,69,,,1,87,,2199,69,,,1,87,,2200,69,,,1,87,,2201,69,,,1,47,,2202,69,,,1,87,,2203,69,,,1,87,,2204,69,,,1,87,,2205,69,,,1,87,,2206,69,,,1,47,,2207,69,,,1,87,,2208,69,,,1,87,,2209,69,,,1,87,,2210,69,,,1,87,,2211,69,,,1
901,'80',917,,2212,69,,,1,87,,2213,69,,,1,47,,2214,69,,,1,87,,2215,69,,,1,87,,2216,69,,,1,87,,2217,69,,,1,47,,2218,69,,,1,87,,2219,69,,,1,87,,2220,69,,,1,87,,2221,69,,,1,87,,2222,69,,,1,47,,2223,69,,,1,87,,2224,69,,,1,87,,2225,69,,,1,87,,2226,69,,,1,87,,2227,69,,,1
901,'81',917,,2228,69,,,1,87,,2229,69,,,1,47,,2230,69,,,1,87,,2231,69,,,1,87,,2232,69,,,1,87,,2233,69,,,1,47,,2234,69,,,1,87,,2235,69,,,1,87,,2236,69,,,1,87,,2237,69,,,1,87,,2238,69,,,1,47,,2239,69,,,1,87,,2240,69,,,1,87,,2241,69,,,1,87,,2242,69,,,1,87,,2243,69,,,1
1401,'1',613,,2410,14,,,1,30,,2409,14,,,1,69,,2408,14,,,1,31,,2407,14,,,1,71,,2406,14,,,1,30,,2405,14,,,1,71,,2404,14,,,1,28,,2403,14,,,1,72,,2402,14,,,1,33,,2401,14,,,1,73,,2400,14,,,1,33,,2399,14,,,1,73,,2398,14,,,1,73,,2397,14,,,1,33,,2396,14,,,1,73,,2395,14,,,1,36,,2413,14,,,1,77,,2414,14,,,1,38,,2420,14,,,1,80,,2419,14,,,1,71,,2418,14,,,1,31,,2417,14,,,1,72,,2416,14,,,1,30,,2415,14,,,1,72,,2411,14,,,1,31,,2412,14,,,1
40100,'24611.1',743,,9203,32,,,1
40101,'24611.1',1512,,9204,43,,,1
41100,'24612.1',741,,9217,31,,,1
41101,'24612.1',1527,,9218,19,,,1,2,,9219,19,,,1
41600,'24612.1',738,,9231,13,,,1
41601,'24612.1',1530,,9232,26,,,1
