500,'1',527,,24761,29,,,1,22,,24777,29,,,1,62,,24776,29,,,1,22,,24775,29,,,1,22,,24774,29,,,1,64,,24773,29,,,1,22,,24772,29,,,1,65,,24771,29,,,1,20,,24770,29,,,1,22,,24769,29,,,1,62,,24768,29,,,1,22,,24766,29,,,1,72,,24765,16,,,1,32,,24767,16,,,1,72,,24764,16,,,1,32,,24763,16,,,1,72,,24762,16,,,1,32,,24760,16,,,1,72,,24741,16,,,1,32,,24759,16,,,1,72,,24758,16,,,1,32,,24757,16,,,1,65,,24756,16,,,1,23,,24755,16,,,1,61,,24754,16,,,1,23,,24753,16,,,1,23,,24752,16,,,1,62,,24751,16,,,1,23,,24750,16,,,1,23,,24749,16,,,1,63,,24748,16,,,1,22,,24747,16,,,1,63,,24746,16,,,1,23,,24745,16,,,1,28,,24743,16,,,1,68,,24742,16,,,1,28,,24744,16,,,1,68,,24740,16,,,1,28,,24739,16,,,1,68,,24738,16,,,1,23,,24737,16,,,1
500,'2',700,,24793,16,,,1,28,,24795,16,,,1,28,,24796,16,,,1,68,,24797,16,,,1,28,,24798,16,,,1,68,,24799,16,,,1,28,,24800,16,,,1,68,,24801,16,,,1,28,,24802,16,,,1,68,,24803,16,,,1,30,,24804,16,,,1,68,,24805,16,,,1,28,,24806,16,,,1,68,,24778,16,,,1,30,,24779,16,,,1,70,,24780,16,,,1,29,,24781,16,,,1,69,,24782,16,,,1,29,,24783,16,,,1,69,,24784,16,,,1,29,,24785,16,,,1,69,,24786,16,,,1,29,,24787,16,,,1,28,,24788,16,,,1,66,,24789,16,,,1,26,,24790,16,,,1,67,,24791,16,,,1,25,,24792,16,,,1,65,,24794,16,,,1
500,'74',700,,24822,16,,,1,28,,24824,16,,,1,28,,24825,16,,,1,68,,24826,16,,,1,28,,24827,16,,,1,68,,24828,16,,,1,28,,24829,16,,,1,68,,24830,16,,,1,28,,24831,16,,,1,68,,24832,16,,,1,30,,24833,16,,,1,68,,24834,16,,,1,28,,24835,16,,,1,68,,24807,16,,,1,30,,24808,16,,,1,70,,24809,16,,,1,29,,24810,16,,,1,69,,24811,16,,,1,29,,24812,16,,,1,69,,24813,16,,,1,29,,24814,16,,,1,69,,24815,16,,,1,29,,24816,16,,,1,28,,24817,16,,,1,66,,24818,16,,,1,26,,24819,16,,,1,67,,24820,16,,,1,25,,24821,16,,,1,65,,24823,16,,,1
7700,'1',419,,28964,28,,,1,15,,28965,28,,,1,15,,28966,28,,,1,55,,28967,28,,,1,15,,28968,28,,,1,9,,28926,41,,,1,17,,28925,41,,,1,13,,28924,41,,,1,60,,28923,41,,,1,15,,28921,41,,,1,22,,28922,41,,,1,53,,28941,41,,,1,16,,28940,41,,,1,16,,28939,41,,,1,65,,28938,41,,,1,16,,28937,41,,,1,16,,28936,41,,,1,16,,28927,41,,,1,53,,28928,41,,,1,16,,28929,41,,,1,16,,28930,41,,,1,16,,28931,41,,,1,53,,28932,41,,,1,12,,28933,41,,,1,16,,28934,41,,,1,71,,28935,41,,,1,34,,28949,41,,,1,70,,28948,41,,,1,30,,28947,41,,,1,70,,28942,41,,,1,33,,28943,41,,,1,61,,28969,28,,,1,9,,28944,41,,,1,28,,28970,28,,,1,2,,28945,41,,,1,75,,28946,41,,,1,20,,28971,28,,,1,3,,28963,41,,,1,59,,28962,41,,,1,26,,28961,41,,,1,24,,28960,41,,,1,59,,28959,41,,,1,19,,28950,41,,,1,19,,28951,41,,,1,59,,28952,41,,,1,14,,28953,41,,,1,13,,28954,41,,,1,19,,28955,41,,,1,50,,28956,41,,,1,19,,28957,41,,,1,15,,28958,41,,,1,14,,28972,41,,,1,59,,28973,41,,,1,19,,28974,41,,,1,19,,28975,41,,,1,69,,28978,41,,,1,27,,28977,41,,,1,67,,28976,41,,,1,40,,28987,41,,,1,73,,28986,41,,,1,27,,28985,41,,,1,73,,28979,41,,,1,33,,28980,41,,,1,73,,28981,41,,,1,73,,28982,41,,,1,33,,28983,41,,,1,73,,28984,41,,,1
7700,'2',459,,28988,28,,,1,70,,28989,41,,,1,75,,28990,41,,,1,35,,28991,41,,,1,76,,28992,41,,,1,35,,28993,41,,,1,75,,28994,41,,,1,76,,28995,41,,,1,35,,28996,41,,,1,75,,28997,41,,,1,89,,28998,41,,,1,41,,28999,41,,,1,81,,29000,41,,,1,87,,29001,41,,,1,41,,29002,41,,,1,81,,29003,41,,,1,77,,29005,41,,,1,33,,29006,41,,,1,73,,29007,41,,,1,30,,29008,41,,,1,73,,29009,41,,,1,33,,29010,41,,,1,70,,29011,41,,,1,34,,29012,41,,,1,70,,29013,41,,,1,28,,29014,41,,,1,70,,29015,41,,,1,30,,29016,41,,,1,64,,29017,41,,,1,30,,29018,41,,,1,73,,29019,41,,,1,30,,29020,41,,,1,70,,29021,41,,,1,26,,29022,41,,,1,70,,29023,41,,,1,23,,29004,41,,,1,69,,29024,41,,,1,33,,29025,41,,,1,73,,29026,41,,,1,33,,29027,41,,,1,73,,29028,41,,,1
7700,'3',844,,29029,42,,,1,92,,29030,42,,,1,91,,29031,42,,,1,97,,29032,42,,,1,97,,29033,42,,,1,89,,29034,42,,,1,92,,29035,42,,,1,55,,29036,42,,,1,92,,29037,42,,,1,88,,29038,42,,,1,92,,29039,42,,,1,97,,29040,42,,,1,89,,29041,42,,,1,90,,29042,42,,,1,51,,29043,42,,,1,84,,29044,42,,,1,87,,29045,42,,,1,88,,29046,42,,,1,86,,29047,42,,,1,47,,29048,42,,,1,80,,29049,42,,,1,80,,29050,42,,,1,36,,29051,42,,,1,80,,29052,42,,,1
7700,'74',459,,29053,28,,,1,70,,29054,41,,,1,75,,29055,41,,,1,35,,29056,41,,,1,76,,29057,41,,,1,35,,29058,41,,,1,75,,29059,41,,,1,76,,29060,41,,,1,35,,29061,41,,,1,75,,29062,41,,,1,89,,29063,41,,,1,41,,29064,41,,,1,81,,29065,41,,,1,87,,29066,41,,,1,41,,29067,41,,,1,81,,29068,41,,,1,77,,29070,41,,,1,33,,29071,41,,,1,73,,29072,41,,,1,30,,29073,41,,,1,73,,29074,41,,,1,33,,29075,41,,,1,70,,29076,41,,,1,34,,29077,41,,,1,70,,29078,41,,,1,28,,29079,41,,,1,70,,29080,41,,,1,30,,29081,41,,,1,64,,29082,41,,,1,30,,29083,41,,,1,73,,29084,41,,,1,30,,29085,41,,,1,70,,29086,41,,,1,26,,29087,41,,,1,70,,29088,41,,,1,23,,29069,41,,,1,69,,29089,41,,,1,33,,29090,41,,,1,73,,29091,41,,,1,33,,29092,41,,,1,73,,29093,41,,,1
7700,'80',844,,29094,42,,,1,92,,29095,42,,,1,91,,29096,42,,,1,97,,29097,42,,,1,97,,29098,42,,,1,89,,29099,42,,,1,92,,29100,42,,,1,55,,29101,42,,,1,92,,29102,42,,,1,88,,29103,42,,,1,92,,29104,42,,,1,97,,29105,42,,,1,89,,29106,42,,,1,90,,29107,42,,,1,51,,29108,42,,,1,84,,29109,42,,,1,87,,29110,42,,,1,88,,29111,42,,,1,86,,29112,42,,,1,47,,29113,42,,,1,80,,29114,42,,,1,80,,29115,42,,,1,36,,29116,42,,,1,80,,29117,42,,,1
9901,'1',423,,31722,38,,,1,81,,31723,38,,,1,40,,31724,38,,,1,83,,31725,38,,,1,81,,31726,38,,,1,35,,31727,38,,,1,72,,31728,38,,,1,43,,31729,38,,,1,72,,31730,38,,,1,75,,31731,38,,,1,54,,31732,38,,,1,99,,31733,38,,,1,94,,31734,38,,,1,94,,31735,38,,,1,100,,31736,38,,,1,67,,31737,38,,,1,30,,31738,38,,,1,70,,31739,38,,,1,30,,31740,38,,,1,70,,31741,38,,,1,30,,31742,38,,,1,70,,31743,38,,,1,26,,31744,38,,,1,70,,31745,38,,,1,25,,31746,38,,,1,70,,31747,38,,,1,30,,31748,38,,,1,25,,31749,38,,,1,71,,31750,38,,,1,85,,31751,38,,,1
9901,'2',546,,31752,38,,,1,77,,31753,38,,,1,77,,31754,38,,,1,37,,31755,38,,,1,87,,31756,38,,,1,92,,31757,38,,,1,88,,31758,38,,,1,47,,31759,38,,,1,104,,31760,38,,,1,97,,31761,38,,,1,95,,31762,38,,,1,95,,31763,38,,,1,95,,31764,38,,,1,95,,31765,38,,,1,92,,31766,38,,,1,93,,31767,38,,,1,95,,31768,38,,,1,90,,31769,38,,,1,45,,31770,38,,,1,85,,31771,38,,,1
9901,'3',550,,31772,38,,,1,81,,31773,38,,,1,78,,31774,38,,,1,38,,31775,38,,,1,78,,31776,38,,,1,93,,31777,38,,,1,89,,31778,38,,,1,49,,31779,38,,,1,89,,31780,38,,,1,93,,31781,38,,,1,89,,31782,38,,,1,89,,31783,38,,,1,89,,31784,38,,,1,49,,31785,38,,,1,89,,31786,38,,,1,89,,31787,38,,,1,85,,31788,38,,,1,89,,31789,38,,,1,49,,31790,38,,,1,85,,31791,38,,,1,89,,31792,38,,,1,79,,31793,38,,,1
9901,'74',546,,31794,38,,,1,77,,31795,38,,,1,77,,31796,38,,,1,37,,31797,38,,,1,87,,31798,38,,,1,92,,31799,38,,,1,88,,31800,38,,,1,47,,31801,38,,,1,104,,31802,38,,,1,97,,31803,38,,,1,95,,31804,38,,,1,95,,31805,38,,,1,95,,31806,38,,,1,95,,31807,38,,,1,92,,31808,38,,,1,93,,31809,38,,,1,95,,31810,38,,,1,90,,31811,38,,,1,45,,31812,38,,,1,85,,31813,38,,,1
9901,'80',550,,31814,38,,,1,81,,31815,38,,,1,78,,31816,38,,,1,38,,31817,38,,,1,78,,31818,38,,,1,93,,31819,38,,,1,89,,31820,38,,,1,49,,31821,38,,,1,89,,31822,38,,,1,93,,31823,38,,,1,89,,31824,38,,,1,89,,31825,38,,,1,89,,31826,38,,,1,49,,31827,38,,,1,89,,31828,38,,,1,89,,31829,38,,,1,85,,31830,38,,,1,89,,31831,38,,,1,49,,31832,38,,,1,85,,31833,38,,,1,89,,31834,38,,,1,79,,31835,38,,,1
36001,'1',1009,,33821,19,,,1,29,,33822,19,,,1,71,,33823,19,,,1,26,,33824,19,,,1,65,,33837,19,,,1,44,,33836,19,,,1,84,,33825,19,,,1,84,,33826,19,,,1,44,,33827,19,,,1,87,,33828,19,,,1,84,,33829,19,,,1,88,,33830,19,,,1,42,,33831,19,,,1,81,,33832,19,,,1,85,,33833,19,,,1,84,,33834,19,,,1,41,,33835,19,,,1,84,,33843,19,,,1,26,,33842,19,,,1,66,,33838,19,,,1,26,,33839,19,,,1,66,,33840,19,,,1,26,,33841,19,,,1
36001,'2',1008,,33844,19,,,1,23,,33845,19,,,1,23,,33846,19,,,1,63,,33847,19,,,1,23,,33848,19,,,1,62,,33849,19,,,1,23,,33850,19,,,1,24,,33851,19,,,1,63,,33852,19,,,1,23,,33853,19,,,1,23,,33854,19,,,1,63,,33855,19,,,1,23,,33856,19,,,1,63,,33857,19,,,1,23,,33858,19,,,1,22,,33859,19,,,1,63,,33860,19,,,1,23,,33861,19,,,1,66,,33862,19,,,1,23,,33863,19,,,1,20,,33864,19,,,1,64,,33865,19,,,1,23,,33866,19,,,1,68,,33879,19,,,1,24,,33878,19,,,1,19,,33867,19,,,1,64,,33868,19,,,1,24,,33869,19,,,1,67,,33870,19,,,1,22,,33871,19,,,1,22,,33872,19,,,1,64,,33873,19,,,1,24,,33874,19,,,1,24,,33875,19,,,1,64,,33876,19,,,1,24,,33877,19,,,1
36001,'3',1001,,33880,19,,,1,22,,33881,19,,,1,22,,33882,19,,,1,62,,33883,19,,,1,20,,33884,19,,,1,22,,33885,19,,,1,63,,33886,19,,,1,22,,33887,19,,,1,22,,33888,19,,,1,62,,33889,19,,,1,23,,33890,19,,,1,62,,33891,19,,,1,22,,33892,19,,,1,20,,33893,19,,,1,66,,33894,19,,,1,22,,33895,19,,,1,22,,33896,19,,,1,62,,33897,19,,,1,23,,33898,19,,,1,62,,33899,19,,,1,22,,33900,19,,,1,22,,33901,19,,,1,62,,33902,19,,,1,22,,33903,19,,,1,22,,33904,19,,,1,67,,33905,19,,,1,21,,33917,19,,,1,17,,33916,19,,,1,62,,33906,19,,,1,23,,33907,19,,,1,63,,33908,19,,,1,23,,33909,19,,,1,23,,33910,19,,,1,61,,33911,19,,,1,23,,33912,19,,,1,23,,33913,19,,,1,63,,33914,19,,,1,23,,33915,19,,,1
36001,'74',1008,,33918,19,,,1,23,,33919,19,,,1,23,,33920,19,,,1,63,,33921,19,,,1,23,,33922,19,,,1,62,,33923,19,,,1,23,,33924,19,,,1,24,,33925,19,,,1,63,,33926,19,,,1,23,,33927,19,,,1,23,,33928,19,,,1,63,,33929,19,,,1,23,,33930,19,,,1,63,,33931,19,,,1,23,,33932,19,,,1,22,,33933,19,,,1,63,,33934,19,,,1,23,,33935,19,,,1,66,,33936,19,,,1,23,,33937,19,,,1,20,,33938,19,,,1,64,,33939,19,,,1,23,,33940,19,,,1,68,,33942,19,,,1,24,,33941,19,,,1,19,,33943,19,,,1,64,,33944,19,,,1,24,,33945,19,,,1,67,,33946,19,,,1,22,,33947,19,,,1,22,,33948,19,,,1,64,,33949,19,,,1,24,,33950,19,,,1,24,,33951,19,,,1,64,,33952,19,,,1,24,,33953,19,,,1,64,,33954,19,,,1
36001,'80',1001,,33955,19,,,1,22,,33956,19,,,1,22,,33957,19,,,1,62,,33958,19,,,1,20,,33959,19,,,1,22,,33960,19,,,1,63,,33961,19,,,1,22,,33962,19,,,1,22,,33963,19,,,1,62,,33964,19,,,1,23,,33965,19,,,1,62,,33966,19,,,1,22,,33967,19,,,1,20,,33968,19,,,1,66,,33969,19,,,1,22,,33970,19,,,1,22,,33971,19,,,1,62,,33972,19,,,1,23,,33973,19,,,1,62,,33974,19,,,1,22,,33975,19,,,1,22,,33976,19,,,1,62,,33977,19,,,1,22,,33978,19,,,1,22,,33979,19,,,1,67,,33980,19,,,1,21,,33992,19,,,1,17,,33991,19,,,1,62,,33981,19,,,1,23,,33982,19,,,1,63,,33983,19,,,1,23,,33984,19,,,1,23,,33985,19,,,1,61,,33986,19,,,1,23,,33987,19,,,1,23,,33988,19,,,1,63,,33989,19,,,1,23,,33990,19,,,1
989901,'1',2250,,36877,93,,,1,68,,36878,93,,,1,38,,36879,93,,,1,74,,36880,93,,,1,75,,36881,93,,,1,29,,36882,93,,,1,75,,36883,93,,,1,35,,36884,93,,,1
989901,'2',2258,,36885,93,,,1,86,,36886,93,,,1,81,,36887,93,,,1,91,,36890,93,,,1,85,,36888,93,,,1,46,,36889,93,,,1
989901,'3',2305,,36891,93,,,1,47,,36892,93,,,1,83,,36893,93,,,1,85,,36894,93,,,1,39,,36895,93,,,1,83,,36896,93,,,1
989901,'74',2258,,36897,93,,,1,86,,36898,93,,,1,81,,36899,93,,,1,91,,36902,93,,,1,85,,36900,93,,,1,46,,36901,93,,,1
989901,'80',2305,,36903,93,,,1,47,,36904,93,,,1,83,,36905,93,,,1,85,,36906,93,,,1,39,,36907,93,,,1,83,,36908,93,,,1
