1600,'1',545,,2421,15,,,1,62,,2422,15,,,1,23,,2423,15,,,1,22,,2424,15,,,1,63,,2425,15,,,1,22,,2426,15,,,1,18,,2427,15,,,1,66,,2428,15,,,1,22,,2429,15,,,1,62,,2430,15,,,1,30,,2431,15,,,1,71,,2432,15,,,1,35,,2433,15,,,1,67,,2434,15,,,1,31,,2435,15,,,1,71,,2436,15,,,1,31,,2437,15,,,1,71,,2438,15,,,1,31,,2439,15,,,1,75,,2440,15,,,1,21,,2441,15,,,1,63,,2442,15,,,1,23,,2443,15,,,1,23,,2444,15,,,1,63,,2445,15,,,1,25,,2446,15,,,1,23,,2447,15,,,1,63,,2448,15,,,1,23,,2449,15,,,1,63,,2450,15,,,1,21,,2451,15,,,1,20,,2452,15,,,1,63,,2453,15,,,1,23,,2454,15,,,1,23,,2455,15,,,1,63,,2456,15,,,1,22,,2457,15,,,1,74,,2458,15,,,1,34,,2459,15,,,1,74,,2460,15,,,1,34,,2461,15,,,1,74,,2462,15,,,1,74,,2466,15,,,1
1600,'2',653,,2467,15,,,1,78,,2468,15,,,1,79,,2469,15,,,1,38,,2470,15,,,1,78,,2471,15,,,1,78,,2472,15,,,1,38,,2473,15,,,1,78,,2474,15,,,1,38,,2475,15,,,1,78,,2476,15,,,1,82,,2477,15,,,1,41,,2478,15,,,1,81,,2479,15,,,1,81,,2480,15,,,1,82,,2481,15,,,1,41,,2482,15,,,1,81,,2483,15,,,1,81,,2484,15,,,1,41,,2485,15,,,1,75,,2486,15,,,1,36,,2487,15,,,1,79,,2488,15,,,1,73,,2489,15,,,1,35,,2490,15,,,1,77,,2491,15,,,1,35,,2492,15,,,1,76,,2493,15,,,1
1600,'3',847,,2495,15,,,1,96,,2496,15,,,1,95,,2497,15,,,1,95,,2498,15,,,1,95,,2499,15,,,1,99,,2504,15,,,1,98,,2500,15,,,1,98,,2501,15,,,1,98,,2502,15,,,1,94,,2503,15,,,1,94,,2509,15,,,1,92,,2505,15,,,1,51,,2506,15,,,1,92,,2507,15,,,1,92,,2508,15,,,1
1600,'80',847,,2512,15,,,1,96,,2513,15,,,1,95,,2514,15,,,1,95,,2515,15,,,1,95,,2516,15,,,1,99,,2521,15,,,1,98,,2517,15,,,1,98,,2518,15,,,1,98,,2519,15,,,1,94,,2520,15,,,1,94,,2526,15,,,1,92,,2522,15,,,1,51,,2523,15,,,1,92,,2524,15,,,1,92,,2525,15,,,1
1600,'81',847,,2529,15,,,1,96,,2532,15,,,1,95,,2533,15,,,1,95,,2534,15,,,1,95,,2535,15,,,1,99,,2540,15,,,1,98,,2536,15,,,1,98,,2537,15,,,1,98,,2538,15,,,1,94,,2539,15,,,1,94,,2545,15,,,1,92,,2541,15,,,1,51,,2542,15,,,1,92,,2543,15,,,1,92,,2544,15,,,1
8500,'1',641,,5396,59,,,1,16,,5397,59,,,1,56,,5398,59,,,1,16,,5399,59,,,1,16,,5400,59,,,1,59,,5401,59,,,1,16,,5402,59,,,1,16,,5403,59,,,1,16,,5404,59,,,1,56,,5405,59,,,1,16,,5406,59,,,1,11,,5407,58,,,1,16,,5408,58,,,1,65,,5409,58,,,1,25,,5410,58,,,1,18,,5411,58,,,1,65,,5412,58,,,1,25,,5413,58,,,1,65,,5414,58,,,1,25,,5415,58,,,1,66,,5416,58,,,1,25,,5417,58,,,1,27,,5418,58,,,1,65,,5419,58,,,1,20,,5420,58,,,1,17,,5447,44,,,1,58,,5421,44,,,1,20,,5422,44,,,1,16,,5423,44,,,1,57,,5424,44,,,1,16,,5425,44,,,1,24,,5426,45,,,1,53,,5427,45,,,1,16,,5428,45,,,1,16,,5429,45,,,1,19,,5430,45,,,1,56,,5431,45,,,1,16,,5432,45,,,1,16,,5433,45,,,1,9,,5434,45,,,1,56,,5435,45,,,1,16,,5436,45,,,1,16,,5437,45,,,1,16,,5438,45,,,1,53,,5439,44,,,1,25,,5440,44,,,1,25,,5441,44,,,1,65,,5442,44,,,1,32,,5443,44,,,1,72,,5444,44,,,1,32,,5445,44,,,1,72,,5446,44,,,1
8500,'2',715,,5476,58,,,1,32,,5477,58,,,1,70,,5478,58,,,1,28,,5479,58,,,1,74,,5480,58,,,1,30,,5481,58,,,1,70,,5482,58,,,1,34,,5483,58,,,1,70,,5484,58,,,1,31,,5448,58,,,1,62,,5449,58,,,1,25,,5450,58,,,1,63,,5451,58,,,1,23,,5452,58,,,1,23,,5453,58,,,1,63,,5454,58,,,1,23,,5455,58,,,1,23,,5456,58,,,1,63,,5457,58,,,1,23,,5458,58,,,1,63,,5459,58,,,1,23,,5460,58,,,1,23,,5461,58,,,1,63,,5462,58,,,1,21,,5463,58,,,1,21,,5464,58,,,1,57,,5465,58,,,1,21,,5466,58,,,1,21,,5467,58,,,1,61,,5468,58,,,1,21,,5469,58,,,1,61,,5470,58,,,1,18,,5471,58,,,1,21,,5472,58,,,1,61,,5473,58,,,1,21,,5474,58,,,1,21,,5475,58,,,1,70,,5485,58,,,1,30,,5486,58,,,1,70,,5487,58,,,1
8500,'3',851,,5505,30,,,1,80,,5506,30,,,1,79,,5488,58,,,1,40,,5489,58,,,1,81,,5490,58,,,1,80,,5491,58,,,1,91,,5492,58,,,1,43,,5493,58,,,1,83,,5494,58,,,1,83,,5495,58,,,1,42,,5496,58,,,1,83,,5497,58,,,1,84,,5498,58,,,1,34,,5499,58,,,1,81,,5500,58,,,1,85,,5501,58,,,1,37,,5502,58,,,1,81,,5503,58,,,1,81,,5504,58,,,1
8500,'80',851,,5524,30,,,1,80,,5525,30,,,1,79,,5507,58,,,1,40,,5508,58,,,1,81,,5509,58,,,1,80,,5510,58,,,1,91,,5511,58,,,1,43,,5512,58,,,1,83,,5513,58,,,1,83,,5514,58,,,1,42,,5515,58,,,1,83,,5516,58,,,1,84,,5517,58,,,1,34,,5518,58,,,1,81,,5519,58,,,1,85,,5520,58,,,1,37,,5521,58,,,1,81,,5522,58,,,1,81,,5523,58,,,1
8500,'81',851,,5543,30,,,1,80,,5544,30,,,1,79,,5526,58,,,1,40,,5527,58,,,1,81,,5528,58,,,1,80,,5529,58,,,1,91,,5530,58,,,1,43,,5531,58,,,1,83,,5532,58,,,1,83,,5533,58,,,1,42,,5534,58,,,1,83,,5535,58,,,1,84,,5536,58,,,1,34,,5537,58,,,1,81,,5538,58,,,1,85,,5539,58,,,1,37,,5540,58,,,1,81,,5541,58,,,1,81,,5542,58,,,1
44401,'24612.1',1505,,9278,18,,,1
