9600,'1',704,,6908,79,,,1,48,,6907,79,,,1,71,,6906,79,,,1,77,,6905,79,,,1,27,,6904,79,,,1,73,,6901,79,,,1,34,,6902,79,,,1,70,,6903,79,,,1,32,,6916,79,,,1,68,,6915,75,,,1,39,,6909,75,,,1,79,,6910,75,,,1,79,,6911,75,,,1,45,,6912,75,,,1,65,,6913,75,,,1,92,,6914,79,,,1,43,,6922,79,,,1,67,,6921,79,,,1,32,,6920,79,,,1,62,,6917,79,,,1,27,,6918,79,,,1,21,,6919,79,,,1,67,,6925,79,,,1,19,,6926,79,,,1,13,,6936,79,,,1,51,,6924,79,,,1,25,,6923,79,,,1,70,,6933,75,,,1,30,,6932,75,,,1,15,,6935,75,,,1,12,,6927,75,,,1,70,,6928,75,,,1,30,,6929,75,,,1,68,,6930,75,,,1,30,,6931,75,,,1,57,,6934,75,,,1
9600,'2',1025,,6937,75,,,1,102,,6938,75,,,1,99,,6939,75,,,1,96,,6940,75,,,1,99,,6941,75,,,1,99,,6942,75,,,1,98,,6943,75,,,1,99,,6944,75,,,1,94,,6945,75,,,1,97,,6946,75,,,1,47,,6947,75,,,1,83,,6948,75,,,1,97,,6949,75,,,1
9600,'3',1116,,6950,75,,,1,94,,6951,75,,,1,94,,6952,75,,,1,54,,6953,75,,,1,94,,6954,75,,,1,94,,6955,75,,,1,94,,6956,75,,,1,94,,6957,75,,,1,91,,6958,75,,,1,94,,6959,75,,,1,94,,6960,75,,,1,91,,6961,75,,,1
9600,'80',1116,,6962,75,,,1,94,,6963,75,,,1,94,,6964,75,,,1,54,,6965,75,,,1,94,,6966,75,,,1,94,,6967,75,,,1,94,,6968,75,,,1,94,,6969,75,,,1,91,,6970,75,,,1,94,,6971,75,,,1,94,,6972,75,,,1,91,,6973,75,,,1
9600,'81',1116,,6974,75,,,1,94,,6975,75,,,1,94,,6976,75,,,1,54,,6977,75,,,1,94,,6978,75,,,1,94,,6979,75,,,1,94,,6980,75,,,1,94,,6981,75,,,1,91,,6982,75,,,1,94,,6983,75,,,1,94,,6984,75,,,1,91,,6985,75,,,1
9800,'1',622,,7091,31,,,1,35,,7090,31,,,1,73,,7089,31,,,1,75,,7088,31,,,1,35,,7087,31,,,1,75,,7086,31,,,1,98,,7082,31,,,1,98,,7079,31,,,1,96,,7084,31,,,1,98,,7083,31,,,1,40,,7071,31,,,1,78,,7081,31,,,1,80,,7080,31,,,1,40,,7078,31,,,1,80,,7077,31,,,1,80,,7076,31,,,1,45,,7075,31,,,1,80,,7074,31,,,1,93,,7073,31,,,1,91,,7072,31,,,1,88,,7085,31,,,1
9800,'2',621,,7109,31,,,1,86,,7108,31,,,1,44,,7107,31,,,1,94,,7106,31,,,1,93,,7105,31,,,1,91,,7104,31,,,1,94,,7103,31,,,1,98,,7102,31,,,1,98,,7101,31,,,1,96,,7100,31,,,1,98,,7099,31,,,1,98,,7098,31,,,1,100,,7097,31,,,1,101,,7096,31,,,1,89,,7095,31,,,1,53,,7094,31,,,1,89,,7093,31,,,1,85,,7092,31,,,1
9800,'3',805,,7125,31,,,1,48,,7124,31,,,1,88,,7123,31,,,1,92,,7122,31,,,1,93,,7121,31,,,1,90,,7120,31,,,1,93,,7119,31,,,1,93,,7118,31,,,1,53,,7117,31,,,1,93,,7116,31,,,1,93,,7115,31,,,1,96,,7114,31,,,1,88,,7113,31,,,1,91,,7112,31,,,1,87,,7111,31,,,1,48,,7110,31,,,1
9800,'80',805,,7141,31,,,1,48,,7140,31,,,1,88,,7139,31,,,1,92,,7138,31,,,1,93,,7137,31,,,1,90,,7136,31,,,1,93,,7135,31,,,1,93,,7134,31,,,1,53,,7133,31,,,1,93,,7132,31,,,1,93,,7131,31,,,1,96,,7130,31,,,1,88,,7129,31,,,1,91,,7128,31,,,1,87,,7127,31,,,1,48,,7126,31,,,1
9800,'81',805,,7157,31,,,1,48,,7156,31,,,1,88,,7155,31,,,1,92,,7154,31,,,1,93,,7153,31,,,1,90,,7152,31,,,1,93,,7151,31,,,1,93,,7150,31,,,1,53,,7149,31,,,1,93,,7148,31,,,1,93,,7147,31,,,1,96,,7146,31,,,1,88,,7145,31,,,1,91,,7144,31,,,1,87,,7143,31,,,1,48,,7142,31,,,1
42800,'24612.1',747,,9254,13,,,1
989900,'1',2126,,11580,74,,,1,33,,11581,74,,,1,78,,11582,74,,,1,78,,11583,74,,,1,35,,11584,74,,,1,72,,11585,74,,,1,35,,11586,74,,,1,75,,11587,74,,,1,75,,11588,74,0,5 6,1,35,,11589,74,0,5 6,1,79,,11590,74,0,5 6,1
989900,'2',2130,,11591,74,,,1,94,,11592,74,,,1,86,,11593,74,,,1,92,,11594,74,,,1,46,,11595,74,,,1,86,,11596,74,,,1,83,,11597,74,0,5 6,1,86,,11598,74,0,5 6,1,46,,11599,74,0,5 6,1
989900,'3',2145,,11600,74,,,1,90,,11601,74,,,1,85,,11602,74,,,1,90,,11603,74,,,1,40,,11604,74,,,1,83,,11605,74,,,1,79,,11606,74,0,5 6,1,43,,11607,74,0,5 6,1,83,,11608,74,0,5 6,1
989900,'80',2145,,11609,74,,,1,90,,11610,74,,,1,85,,11611,74,,,1,90,,11612,74,,,1,40,,11613,74,,,1,83,,11614,74,,,1,79,,11615,74,0,5 6,1,43,,11616,74,0,5 6,1,83,,11617,74,0,5 6,1
989900,'81',2145,,11618,74,,,1,90,,11619,74,,,1,85,,11620,74,,,1,90,,11621,74,,,1,40,,11622,74,,,1,83,,11623,74,,,1,79,,11624,74,0,5 6,1,43,,11625,74,0,5 6,1,83,,11626,74,0,5 6,1
