9601,'1',443,,31339,11,,,1,66,,31340,11,,,1,29,,31341,11,,,1,70,,31342,11,,,1,36,,31343,11,,,1,71,,31344,11,,,1,38,,31345,11,,,1,73,,31346,11,,,1,74,,31347,11,,,1,34,,31348,11,,,1,79,,31349,11,,,1,39,,31350,11,,,1,83,,31351,11,,,1,75,,31352,11,,,1,32,,31353,11,,,1,86,,31354,11,,,1,79,,31355,11,,,1,18,,31374,11,,,1,21,,31356,11,,,1,68,,31357,11,,,1,27,,31358,11,,,1,67,,31359,11,,,1,27,,31360,11,,,1,67,,31361,11,,,1,26,,31362,11,,,1,26,,31363,11,,,1,65,,31364,11,,,1,25,,31365,11,,,1,65,,31366,11,,,1,25,,31367,11,,,1,25,,31368,11,,,1,70,,31369,11,,,1,30,,31370,11,,,1,70,,31371,11,,,1,30,,31372,11,,,1,64,,31373,11,,,1
9601,'2',806,,31375,11,,,1,99,,31376,11,,,1,99,,31377,11,,,1,99,,31378,11,,,1,99,,31379,11,,,1,99,,31380,11,,,1,99,,31381,11,,,1,59,,31382,11,,,1,99,,31383,11,,,1,99,,31384,11,,,1,91,,31385,11,,,1,92,,31386,11,,,1,97,,31387,11,,,1
9601,'3',906,,31388,11,,,1,94,,31389,11,,,1,54,,31390,11,,,1,94,,31391,11,,,1,94,,31392,11,,,1,94,,31393,11,,,1,94,,31394,11,,,1,94,,31395,11,,,1,93,,31396,11,,,1,94,,31397,11,,,1,94,,31398,11,,,1,54,,31399,11,,,1
9601,'74',806,,31400,11,,,1,99,,31401,11,,,1,99,,31402,11,,,1,99,,31403,11,,,1,99,,31404,11,,,1,99,,31405,11,,,1,99,,31406,11,,,1,59,,31407,11,,,1,99,,31408,11,,,1,99,,31409,11,,,1,91,,31410,11,,,1,92,,31411,11,,,1,97,,31412,11,,,1
9601,'80',906,,31413,11,,,1,94,,31414,11,,,1,54,,31415,11,,,1,94,,31416,11,,,1,94,,31417,11,,,1,94,,31418,11,,,1,94,,31419,11,,,1,94,,31420,11,,,1,93,,31421,11,,,1,94,,31422,11,,,1,94,,31423,11,,,1,54,,31424,11,,,1
9801,'1',520,,31521,20,,,1,35,,31520,20,,,1,75,,31519,20,,,1,75,,31518,20,,,1,35,,31517,20,,,1,75,,31516,20,,,1,35,,31515,20,,,1,75,,31514,20,,,1,75,,31525,20,,,1,100,,31524,20,,,1,58,,31523,20,,,1,98,,31522,20,,,1,100,,31537,20,,,1,80,,31536,20,,,1,80,,31535,20,,,1,40,,31534,20,,,1,80,,31533,20,,,1,80,,31532,20,,,1,40,,31531,20,,,1,79,,31530,20,,,1,79,,31529,20,,,1,91,,31528,20,,,1,49,,31527,20,,,1,88,,31526,20,,,1
9801,'2',528,,31556,20,,,1,86,,31555,20,,,1,86,,31554,20,,,1,46,,31553,20,,,1,87,,31552,20,,,1,95,,31551,20,,,1,94,,31550,20,,,1,97,,31549,20,,,1,94,,31548,20,,,1,100,,31547,20,,,1,98,,31546,20,,,1,98,,31545,20,,,1,97,,31544,20,,,1,98,,31543,20,,,1,98,,31542,20,,,1,56,,31541,20,,,1,86,,31540,20,,,1,89,,31539,20,,,1,88,,31538,20,,,1
9801,'3',710,,31573,20,,,1,48,,31574,20,,,1,88,,31572,20,,,1,88,,31571,20,,,1,88,,31570,20,,,1,95,,31569,20,,,1,93,,31568,20,,,1,93,,31567,20,,,1,55,,31566,20,,,1,93,,31565,20,,,1,93,,31564,20,,,1,93,,31563,20,,,1,93,,31562,20,,,1,91,,31561,20,,,1,87,,31560,20,,,1,48,,31559,20,,,1,87,,31558,20,,,1,88,,31557,20,,,1
9801,'74',528,,31593,20,,,1,86,,31592,20,,,1,86,,31591,20,,,1,46,,31590,20,,,1,87,,31589,20,,,1,95,,31588,20,,,1,94,,31587,20,,,1,97,,31586,20,,,1,94,,31585,20,,,1,100,,31584,20,,,1,98,,31583,20,,,1,98,,31582,20,,,1,97,,31581,20,,,1,98,,31580,20,,,1,98,,31579,20,,,1,56,,31578,20,,,1,86,,31577,20,,,1,89,,31576,20,,,1,88,,31575,20,,,1
9801,'80',710,,31610,20,,,1,48,,31611,20,,,1,88,,31609,20,,,1,88,,31608,20,,,1,88,,31607,20,,,1,95,,31606,20,,,1,93,,31605,20,,,1,93,,31604,20,,,1,55,,31603,20,,,1,93,,31602,20,,,1,93,,31601,20,,,1,93,,31600,20,,,1,93,,31599,20,,,1,91,,31598,20,,,1,87,,31597,20,,,1,48,,31596,20,,,1,87,,31595,20,,,1,88,,31594,20,,,1
989901,'1',2201,,36877,20,,,1,32,,36878,20,,,1,78,,36879,20,,,1,36,,36880,20,,,1,75,,36881,20,,,1,32,,36882,20,,,1,75,,36883,20,,,1,75,,36884,20,,,1
989901,'2',2207,,36885,20,,,1,93,,36886,20,,,1,43,,36887,20,,,1,91,,36890,20,,,1,85,,36888,20,,,1,86,,36889,20,,,1
989901,'3',2219,,36891,20,,,1,90,,36892,20,,,1,43,,36893,20,,,1,89,,36894,20,,,1,79,,36895,20,,,1,83,,36896,20,,,1
989901,'74',2207,,36897,20,,,1,93,,36898,20,,,1,43,,36899,20,,,1,91,,36902,20,,,1,85,,36900,20,,,1,86,,36901,20,,,1
989901,'80',2219,,36903,20,,,1,90,,36904,20,,,1,43,,36905,20,,,1,89,,36906,20,,,1,79,,36907,20,,,1,83,,36908,20,,,1
