9801,'1',517,,31521,16,,,1,35,,31520,16,,,1,75,,31519,16,,,1,75,,31518,16,,,1,35,,31517,16,,,1,75,,31516,16,,,1,35,,31515,16,,,1,75,,31514,16,,,1,35,,31525,16,,,1,99,,31524,16,,,1,98,,31523,16,,,1,98,,31522,16,,,1,100,,31537,16,,,1,80,,31536,16,,,1,80,,31535,16,,,1,40,,31534,16,,,1,80,,31533,16,,,1,80,,31532,16,,,1,40,,31531,16,,,1,79,,31530,16,,,1,79,,31529,16,,,1,91,,31528,16,,,1,50,,31527,16,,,1,88,,31526,16,,,1
9801,'2',525,,31556,16,,,1,86,,31555,16,,,1,46,,31554,16,,,1,86,,31553,16,,,1,87,,31552,16,,,1,94,,31551,16,,,1,94,,31550,16,,,1,97,,31549,16,,,1,94,,31548,16,,,1,100,,31547,16,,,1,98,,31546,16,,,1,98,,31545,16,,,1,97,,31544,16,,,1,98,,31543,16,,,1,58,,31542,16,,,1,96,,31541,16,,,1,87,,31540,16,,,1,89,,31539,16,,,1,88,,31538,16,,,1
9801,'3',707,,31573,16,,,1,48,,31574,16,,,1,88,,31572,16,,,1,88,,31571,16,,,1,88,,31570,16,,,1,94,,31569,16,,,1,93,,31568,16,,,1,53,,31567,16,,,1,95,,31566,16,,,1,93,,31565,16,,,1,93,,31564,16,,,1,93,,31563,16,,,1,93,,31562,16,,,1,92,,31561,16,,,1,87,,31560,16,,,1,48,,31559,16,,,1,87,,31558,16,,,1,88,,31557,16,,,1
9801,'74',525,,31593,16,,,1,86,,31592,16,,,1,46,,31591,16,,,1,86,,31590,16,,,1,87,,31589,16,,,1,94,,31588,16,,,1,94,,31587,16,,,1,97,,31586,16,,,1,94,,31585,16,,,1,100,,31584,16,,,1,98,,31583,16,,,1,98,,31582,16,,,1,97,,31581,16,,,1,98,,31580,16,,,1,58,,31579,16,,,1,96,,31578,16,,,1,87,,31577,16,,,1,89,,31576,16,,,1,88,,31575,16,,,1
9801,'80',707,,31610,16,,,1,48,,31611,16,,,1,88,,31609,16,,,1,88,,31608,16,,,1,88,,31607,16,,,1,94,,31606,16,,,1,93,,31605,16,,,1,53,,31604,16,,,1,95,,31603,16,,,1,93,,31602,16,,,1,93,,31601,16,,,1,93,,31600,16,,,1,93,,31599,16,,,1,92,,31598,16,,,1,87,,31597,16,,,1,48,,31596,16,,,1,87,,31595,16,,,1,88,,31594,16,,,1
989901,'1',2158,,36877,16,,,1,72,,36878,16,,,1,78,,36879,16,,,1,37,,36880,16,,,1,75,,36881,16,,,1,32,,36882,16,,,1,75,,36883,16,,,1,75,,36884,16,,,1
989901,'2',2204,,36885,16,,,1,53,,36886,16,,,1,83,,36887,16,,,1,91,,36890,16,,,1,85,,36888,16,,,1,86,,36889,16,,,1
989901,'3',2216,,36891,16,,,1,90,,36892,16,,,1,43,,36893,16,,,1,90,,36894,16,,,1,79,,36895,16,,,1,83,,36896,16,,,1
989901,'74',2204,,36897,16,,,1,53,,36898,16,,,1,83,,36899,16,,,1,91,,36902,16,,,1,85,,36900,16,,,1,86,,36901,16,,,1
989901,'80',2216,,36903,16,,,1,90,,36904,16,,,1,43,,36905,16,,,1,90,,36906,16,,,1,79,,36907,16,,,1,83,,36908,16,,,1
