9601,'1',453,,31339,22,,,1,68,,31340,22,,,1,29,,31341,22,,,1,70,,31342,22,,,1,36,,31343,22,,,1,74,,31344,22,,,1,78,,31345,22,,,1,32,,31346,22,,,1,74,,31347,22,,,1,32,,31348,22,,,1,79,,31349,22,,,1,80,,31350,22,,,1,43,,31351,22,,,1,75,,31352,22,,,1,32,,31353,22,,,1,86,,31354,22,,,1,80,,31355,22,,,1,18,,31374,22,,,1,61,,31356,22,,,1,28,,31357,22,,,1,27,,31358,22,,,1,67,,31359,22,,,1,27,,31360,22,,,1,67,,31361,22,,,1,26,,31362,22,,,1,64,,31363,22,,,1,25,,31364,22,,,1,25,,31365,22,,,1,65,,31366,22,,,1,24,,31367,22,,,1,65,,31368,22,,,1,29,,31369,22,,,1,70,,31370,22,,,1,30,,31371,22,,,1,70,,31372,22,,,1,24,,31373,22,,,1
9601,'2',818,,31375,22,,,1,99,,31376,22,,,1,100,,31377,22,,,1,99,,31378,22,,,1,99,,31379,22,,,1,99,,31380,22,,,1,99,,31381,22,,,1,99,,31382,22,,,1,99,,31383,22,,,1,99,,31384,22,,,1,90,,31385,22,,,1,52,,31386,22,,,1,97,,31387,22,,,1
9601,'3',918,,31388,22,,,1,94,,31389,22,,,1,94,,31390,22,,,1,94,,31391,22,,,1,54,,31392,22,,,1,94,,31393,22,,,1,94,,31394,22,,,1,94,,31395,22,,,1,93,,31396,22,,,1,94,,31397,22,,,1,94,,31398,22,,,1,94,,31399,22,,,1
9601,'74',818,,31400,22,,,1,99,,31401,22,,,1,100,,31402,22,,,1,99,,31403,22,,,1,99,,31404,22,,,1,99,,31405,22,,,1,99,,31406,22,,,1,99,,31407,22,,,1,99,,31408,22,,,1,99,,31409,22,,,1,90,,31410,22,,,1,52,,31411,22,,,1,97,,31412,22,,,1
9601,'80',918,,31413,22,,,1,94,,31414,22,,,1,94,,31415,22,,,1,94,,31416,22,,,1,54,,31417,22,,,1,94,,31418,22,,,1,94,,31419,22,,,1,94,,31420,22,,,1,93,,31421,22,,,1,94,,31422,22,,,1,94,,31423,22,,,1,94,,31424,22,,,1
9801,'1',530,,31521,31,,,1,75,,31520,31,,,1,36,,31519,31,,,1,75,,31518,31,,,1,35,,31517,31,,,1,75,,31516,31,,,1,75,,31515,31,,,1,35,,31514,31,,,1,75,,31525,31,,,1,100,,31524,31,,,1,98,,31523,31,,,1,98,,31522,31,,,1,101,,31537,31,,,1,40,,31536,31,,,1,80,,31535,31,,,1,80,,31534,31,,,1,40,,31533,31,,,1,80,,31532,31,,,1,80,,31531,31,,,1,38,,31530,31,,,1,78,,31529,31,,,1,91,,31528,31,,,1,88,,31527,31,,,1,48,,31526,31,,,1
9801,'2',537,,31556,31,,,1,86,,31555,31,,,1,86,,31554,31,,,1,46,,31553,31,,,1,88,,31552,31,,,1,96,,31551,31,,,1,94,,31550,31,,,1,97,,31549,31,,,1,94,,31548,31,,,1,100,,31547,31,,,1,98,,31546,31,,,1,98,,31545,31,,,1,96,,31544,31,,,1,98,,31543,31,,,1,98,,31542,31,,,1,96,,31541,31,,,1,46,,31540,31,,,1,89,,31539,31,,,1,87,,31538,31,,,1
9801,'3',720,,31573,31,,,1,88,,31574,31,,,1,48,,31572,31,,,1,88,,31571,31,,,1,88,,31570,31,,,1,96,,31569,31,,,1,93,,31568,31,,,1,93,,31567,31,,,1,95,,31566,31,,,1,93,,31565,31,,,1,53,,31564,31,,,1,93,,31563,31,,,1,93,,31562,31,,,1,90,,31561,31,,,1,87,,31560,31,,,1,86,,31559,31,,,1,47,,31558,31,,,1,88,,31557,31,,,1
9801,'74',537,,31593,31,,,1,86,,31592,31,,,1,86,,31591,31,,,1,46,,31590,31,,,1,88,,31589,31,,,1,96,,31588,31,,,1,94,,31587,31,,,1,97,,31586,31,,,1,94,,31585,31,,,1,100,,31584,31,,,1,98,,31583,31,,,1,98,,31582,31,,,1,96,,31581,31,,,1,98,,31580,31,,,1,98,,31579,31,,,1,96,,31578,31,,,1,46,,31577,31,,,1,89,,31576,31,,,1,87,,31575,31,,,1
9801,'80',720,,31610,31,,,1,88,,31611,31,,,1,48,,31609,31,,,1,88,,31608,31,,,1,88,,31607,31,,,1,96,,31606,31,,,1,93,,31605,31,,,1,93,,31604,31,,,1,95,,31603,31,,,1,93,,31602,31,,,1,53,,31601,31,,,1,93,,31600,31,,,1,93,,31599,31,,,1,90,,31598,31,,,1,87,,31597,31,,,1,86,,31596,31,,,1,47,,31595,31,,,1,88,,31594,31,,,1
989901,'1',2210,,36877,31,,,1,31,,36878,31,,,1,78,,36879,31,,,1,36,,36880,31,,,1,75,,36881,31,,,1,71,,36882,31,,,1,35,,36883,31,,,1,75,,36884,31,,,1
989901,'2',2216,,36885,31,,,1,91,,36886,31,,,1,43,,36887,31,,,1,91,,36890,31,,,1,85,,36888,31,,,1,86,,36889,31,,,1
989901,'3',2228,,36891,31,,,1,88,,36892,31,,,1,43,,36893,31,,,1,89,,36894,31,,,1,79,,36895,31,,,1,83,,36896,31,,,1
989901,'74',2216,,36897,31,,,1,91,,36898,31,,,1,43,,36899,31,,,1,91,,36902,31,,,1,85,,36900,31,,,1,86,,36901,31,,,1
989901,'80',2228,,36903,31,,,1,88,,36904,31,,,1,43,,36905,31,,,1,89,,36906,31,,,1,79,,36907,31,,,1,83,,36908,31,,,1
