901,'1',651,,2160,50,,,1,69,,2153,50,,,1,35,,2154,50,,,1,73,,2155,50,,,1,73,,2156,50,,,1,33,,2157,50,,,1,73,,2158,50,,,1,33,,2159,50,,,1,70,,2167,50,,,1,44,,2161,50,,,1,84,,2162,50,,,1,84,,2163,50,,,1,86,,2164,50,,,1,44,,2165,50,,,1,102,,2166,50,,,1,82,,2168,50,,,1,73,,2169,50,,,1,33,,2170,50,,,1,76,,2171,50,,,1,87,,2172,50,,,1,31,,2173,50,,,1,78,,2174,50,,,1,38,,2175,50,,,1,71,,2176,50,,,1
901,'2',755,,2177,50,,,1,87,,2178,50,,,1,87,,2179,50,,,1,87,,2180,50,,,1,87,,2181,50,,,1,47,,2182,50,,,1,87,,2183,50,,,1,87,,2184,50,,,1,87,,2185,50,,,1,47,,2186,50,,,1,87,,2187,50,,,1,87,,2188,50,,,1,87,,2189,50,,,1,87,,2190,50,,,1,47,,2191,50,,,1,87,,2192,50,,,1,87,,2193,50,,,1,87,,2194,50,,,1,87,,2195,50,,,1
901,'3',857,,2196,50,,,1,87,,2197,50,,,1,87,,2198,50,,,1,87,,2199,50,,,1,87,,2200,50,,,1,47,,2201,50,,,1,87,,2202,50,,,1,87,,2203,50,,,1,87,,2204,50,,,1,87,,2205,50,,,1,47,,2206,50,,,1,87,,2207,50,,,1,87,,2208,50,,,1,87,,2209,50,,,1,47,,2210,50,,,1,87,,2211,50,,,1
901,'80',857,,2212,50,,,1,87,,2213,50,,,1,87,,2214,50,,,1,87,,2215,50,,,1,87,,2216,50,,,1,47,,2217,50,,,1,87,,2218,50,,,1,87,,2219,50,,,1,87,,2220,50,,,1,87,,2221,50,,,1,47,,2222,50,,,1,87,,2223,50,,,1,87,,2224,50,,,1,87,,2225,50,,,1,47,,2226,50,,,1,87,,2227,50,,,1
901,'81',857,,2228,50,,,1,87,,2229,50,,,1,87,,2230,50,,,1,87,,2231,50,,,1,87,,2232,50,,,1,47,,2233,50,,,1,87,,2234,50,,,1,87,,2235,50,,,1,87,,2236,50,,,1,87,,2237,50,,,1,47,,2238,50,,,1,87,,2239,50,,,1,87,,2240,50,,,1,87,,2241,50,,,1,47,,2242,50,,,1,87,,2243,50,,,1
1600,'1',538,,2463,28,,,1,62,,2464,28,,,1,10,,2421,49,,,1,22,,2422,49,,,1,26,,2423,49,,,1,62,,2424,49,,,1,26,,2425,49,,,1,62,,2426,49,,,1,18,,2427,49,,,1,26,,2428,49,,,1,62,,2429,49,,,1,22,,2430,49,,,1,68,,2431,49,,,1,30,,2432,49,,,1,75,,2433,49,,,1,27,,2434,49,,,1,71,,2435,49,,,1,31,,2436,49,,,1,71,,2437,49,,,1,31,,2438,49,,,1,71,,2439,49,,,1,23,,2465,28,,,1,12,,2440,49,,,1,65,,2441,49,,,1,23,,2442,49,,,1,23,,2443,49,,,1,63,,2444,49,,,1,23,,2445,49,,,1,68,,2446,49,,,1,23,,2447,49,,,1,23,,2448,49,,,1,63,,2449,49,,,1,23,,2450,49,,,1,58,,2451,49,,,1,17,,2452,49,,,1,23,,2453,49,,,1,63,,2454,49,,,1,23,,2455,49,,,1,23,,2456,49,,,1,57,,2457,49,,,1,34,,2458,49,,,1,74,,2459,49,,,1,34,,2460,49,,,1,71,,2461,49,,,1,34,,2462,49,,,1,74,,2466,49,,,1
1600,'2',645,,2494,28,,,1,73,,2467,49,,,1,38,,2468,49,,,1,82,,2469,49,,,1,78,,2470,49,,,1,38,,2471,49,,,1,78,,2472,49,,,1,78,,2473,49,,,1,39,,2474,49,,,1,78,,2475,49,,,1,78,,2476,49,,,1,44,,2477,49,,,1,81,,2478,49,,,1,83,,2479,49,,,1,41,,2480,49,,,1,78,,2481,49,,,1,81,,2482,49,,,1,41,,2483,49,,,1,81,,2484,49,,,1,81,,2485,49,,,1,31,,2486,49,,,1,76,,2487,49,,,1,79,,2488,49,,,1,33,,2489,49,,,1,73,,2490,49,,,1,37,,2491,49,,,1,75,,2492,49,,,1,36,,2493,49,,,1
1600,'3',726,,2510,28,,,1,95,,2511,28,,,1,91,,2495,49,,,1,97,,2496,49,,,1,95,,2497,49,,,1,55,,2498,49,,,1,97,,2499,49,,,1,99,,2504,49,,,1,96,,2500,49,,,1,98,,2501,49,,,1,98,,2502,49,,,1,96,,2503,49,,,1,92,,2509,49,,,1,92,,2505,49,,,1,89,,2506,49,,,1,92,,2507,49,,,1,49,,2508,49,,,1
1600,'80',726,,2527,28,,,1,95,,2528,28,,,1,91,,2512,49,,,1,97,,2513,49,,,1,95,,2514,49,,,1,55,,2515,49,,,1,97,,2516,49,,,1,99,,2521,49,,,1,96,,2517,49,,,1,98,,2518,49,,,1,98,,2519,49,,,1,96,,2520,49,,,1,92,,2526,49,,,1,92,,2522,49,,,1,89,,2523,49,,,1,92,,2524,49,,,1,49,,2525,49,,,1
1600,'81',726,,2530,28,,,1,95,,2531,28,,,1,91,,2529,49,,,1,97,,2532,49,,,1,95,,2533,49,,,1,55,,2534,49,,,1,97,,2535,49,,,1,99,,2540,49,,,1,96,,2536,49,,,1,98,,2537,49,,,1,98,,2538,49,,,1,96,,2539,49,,,1,92,,2545,49,,,1,92,,2541,49,,,1,89,,2542,49,,,1,92,,2543,49,,,1,49,,2544,49,,,1
41700,'24612.1',834,,9233,56,,,1,1,,9234,56,,,1
