9600,'1',614,,31260,15,,,1,42,,31259,15,,,1,71,,31258,15,,,1,77,,31257,15,,,1,27,,31256,15,,,1,80,,31253,15,,,1,34,,31254,15,,,1,70,,31255,15,,,1,32,,31268,15,,,1,70,,31267,15,,,1,39,,31261,15,,,1,79,,31262,15,,,1,79,,31263,15,,,1,42,,31264,15,,,1,65,,31265,15,,,1,85,,31266,15,,,1,43,,31274,15,,,1,67,,31273,15,,,1,28,,31272,15,,,1,68,,31269,15,,,1,27,,31270,15,,,1,63,,31271,15,,,1,27,,31277,15,,,1,25,,31278,15,,,1,53,,31288,15,,,1,14,,31276,15,,,1,25,,31275,15,,,1,74,,31285,15,,,1,30,,31284,15,,,1,55,,31287,15,,,1,15,,31279,15,,,1,30,,31280,15,,,1,70,,31281,15,,,1,30,,31282,15,,,1,70,,31283,15,,,1,17,,31286,15,,,1
9600,'2',938,,31289,15,,,1,99,,31290,15,,,1,99,,31291,15,,,1,99,,31292,15,,,1,99,,31293,15,,,1,99,,31294,15,,,1,99,,31295,15,,,1,99,,31296,15,,,1,96,,31297,15,,,1,97,,31298,15,,,1,87,,31299,15,,,1,47,,31300,15,,,1,97,,31301,15,,,1
9600,'3',1032,,31302,15,,,1,94,,31303,15,,,1,94,,31304,15,,,1,94,,31305,15,,,1,94,,31306,15,,,1,94,,31307,15,,,1,54,,31308,15,,,1,94,,31309,15,,,1,93,,31310,15,,,1,94,,31311,15,,,1,94,,31312,15,,,1,93,,31313,15,,,1
9600,'74',938,,31314,15,,,1,99,,31315,15,,,1,99,,31316,15,,,1,99,,31317,15,,,1,99,,31318,15,,,1,99,,31319,15,,,1,99,,31320,15,,,1,99,,31321,15,,,1,96,,31322,15,,,1,97,,31323,15,,,1,87,,31324,15,,,1,47,,31325,15,,,1,97,,31326,15,,,1
9600,'80',1032,,31327,15,,,1,94,,31328,15,,,1,94,,31329,15,,,1,94,,31330,15,,,1,94,,31331,15,,,1,94,,31332,15,,,1,54,,31333,15,,,1,94,,31334,15,,,1,93,,31335,15,,,1,94,,31336,15,,,1,94,,31337,15,,,1,93,,31338,15,,,1
10700,'1',454,,32223,15,,,1,64,,32222,15,,,1,24,,32221,15,,,1,64,,32220,15,,,1,20,,32219,15,,,1,16,,32218,15,,,1,61,,32217,15,,,1,11,,32216,15,,,1,16,,32215,15,,,1,19,,32214,15,,,1,56,,32213,15,,,1,12,,32212,15,,,1,16,,32211,15,,,1,16,,32210,15,,,1,55,,32209,15,,,1,42,,32208,15,,,1,82,,32207,15,,,1,82,,32206,15,,,1,42,,32205,15,,,1,85,,32204,15,,,1,81,,32203,15,,,1,82,,32202,15,,,1,21,,32201,15,,,1,18,,32200,15,,,1,18,,32251,15,,,1,59,,32250,15,,,1,19,,32249,15,,,1,18,,32248,15,,,1,58,,32247,15,,,1,22,,32246,15,,,1,16,,32245,15,,,1,58,,32244,15,,,1,18,,32243,15,,,1,20,,32242,15,,,1,56,,32241,15,,,1,18,,32240,15,,,1,14,,32239,15,,,1,18,,32238,15,,,1,78,,32237,15,,,1,81,,32236,15,,,1,38,,32235,15,,,1,80,,32234,15,,,1,74,,32233,15,,,1,34,,32232,15,,,1,74,,32231,15,,,1,34,,32230,15,,,1,74,,32229,15,,,1,34,,32228,15,,,1,74,,32227,15,,,1,74,,32226,15,,,1,31,,32225,15,,,1,74,,32224,15,,,1
10700,'2',629,,32254,15,,,1,78,,32253,15,,,1,37,,32252,15,,,1,77,,32255,15,,,1,37,,32256,15,,,1,77,,32257,15,,,1,77,,32258,15,,,1,37,,32259,15,,,1,77,,32260,15,,,1,77,,32261,15,,,1,36,,32262,15,,,1,77,,32263,15,,,1,37,,32264,15,,,1,77,,32265,15,,,1,77,,32266,15,,,1,37,,32267,15,,,1,76,,32268,15,,,1,37,,32269,15,,,1,77,,32270,15,,,1,77,,32271,15,,,1,37,,32272,15,,,1,77,,32273,15,,,1,77,,32274,15,,,1,37,,32275,15,,,1,77,,32276,15,,,1,37,,32277,15,,,1,77,,32278,15,,,1,77,,32279,15,,,1,37,,32280,15,,,1,77,,32281,15,,,1,37,,32282,15,,,1,76,,32283,15,,,1,77,,32285,15,,,1,37,,32284,15,,,1
10700,'3',819,,32299,15,,,1,37,,32300,15,,,1,77,,32301,15,,,1,77,,32302,15,,,1,37,,32303,15,,,1,77,,32304,15,,,1,77,,32305,15,,,1,37,,32306,15,,,1,77,,32307,15,,,1,37,,32308,15,,,1,76,,32309,15,,,1,77,,32310,15,,,1,37,,32314,15,,,1,77,,32313,15,,,1,37,,32315,15,,,1,77,,32316,15,,,1,77,,32317,15,,,1,37,,32318,15,,,1,77,,32286,15,,,1,77,,32287,15,,,1,37,,32288,15,,,1,77,,32311,15,,,1,37,,32289,15,,,1,77,,32290,15,,,1,77,,32291,15,,,1,37,,32292,15,,,1,77,,32293,15,,,1,37,,32294,15,,,1,77,,32295,15,,,1,77,,32312,15,,,1,37,,32296,15,,,1
10700,'74',629,,32321,15,,,1,78,,32320,15,,,1,37,,32319,15,,,1,77,,32322,15,,,1,37,,32323,15,,,1,77,,32324,15,,,1,77,,32325,15,,,1,37,,32326,15,,,1,77,,32327,15,,,1,77,,32328,15,,,1,36,,32329,15,,,1,77,,32330,15,,,1,37,,32331,15,,,1,77,,32332,15,,,1,77,,32333,15,,,1,37,,32334,15,,,1,76,,32335,15,,,1,37,,32336,15,,,1,77,,32337,15,,,1,77,,32338,15,,,1,37,,32339,15,,,1,77,,32340,15,,,1,77,,32341,15,,,1,37,,32342,15,,,1,77,,32343,15,,,1,37,,32344,15,,,1,77,,32345,15,,,1,77,,32346,15,,,1,37,,32347,15,,,1,77,,32348,15,,,1,37,,32349,15,,,1,76,,32350,15,,,1,77,,32352,15,,,1,37,,32351,15,,,1
10700,'80',819,,32366,15,,,1,37,,32367,15,,,1,77,,32368,15,,,1,77,,32369,15,,,1,37,,32370,15,,,1,77,,32371,15,,,1,77,,32372,15,,,1,37,,32373,15,,,1,77,,32374,15,,,1,37,,32375,15,,,1,76,,32376,15,,,1,77,,32377,15,,,1,37,,32381,15,,,1,77,,32380,15,,,1,37,,32382,15,,,1,77,,32383,15,,,1,77,,32384,15,,,1,37,,32385,15,,,1,77,,32353,15,,,1,77,,32354,15,,,1,37,,32355,15,,,1,77,,32378,15,,,1,37,,32356,15,,,1,77,,32357,15,,,1,77,,32358,15,,,1,37,,32359,15,,,1,77,,32360,15,,,1,37,,32361,15,,,1,77,,32362,15,,,1,77,,32379,15,,,1,37,,32363,15,,,1
