9600,'1',617,,31260,17,,,1,42,,31259,17,,,1,71,,31258,17,,,1,77,,31257,17,,,1,27,,31256,17,,,1,79,,31253,17,,,1,34,,31254,17,,,1,70,,31255,17,,,1,32,,31268,17,,,1,70,,31267,17,,,1,39,,31261,17,,,1,79,,31262,17,,,1,79,,31263,17,,,1,42,,31264,17,,,1,65,,31265,17,,,1,85,,31266,17,,,1,43,,31274,17,,,1,67,,31273,17,,,1,29,,31272,17,,,1,68,,31269,17,,,1,27,,31270,17,,,1,63,,31271,17,,,1,27,,31277,17,,,1,24,,31278,17,,,1,53,,31288,17,,,1,13,,31276,17,,,1,25,,31275,17,,,1,75,,31285,17,,,1,30,,31284,17,,,1,55,,31287,17,,,1,15,,31279,17,,,1,30,,31280,17,,,1,70,,31281,17,,,1,30,,31282,17,,,1,70,,31283,17,,,1,17,,31286,17,,,1
9600,'2',940,,31289,17,,,1,99,,31290,17,,,1,99,,31291,17,,,1,99,,31292,17,,,1,99,,31293,17,,,1,99,,31294,17,,,1,98,,31295,17,,,1,99,,31296,17,,,1,96,,31297,17,,,1,97,,31298,17,,,1,87,,31299,17,,,1,88,,31300,17,,,1,57,,31301,17,,,1
9600,'3',1033,,31302,17,,,1,94,,31303,17,,,1,94,,31304,17,,,1,94,,31305,17,,,1,94,,31306,17,,,1,94,,31307,17,,,1,54,,31308,17,,,1,94,,31309,17,,,1,94,,31310,17,,,1,94,,31311,17,,,1,94,,31312,17,,,1,93,,31313,17,,,1
9600,'74',940,,31314,17,,,1,99,,31315,17,,,1,99,,31316,17,,,1,99,,31317,17,,,1,99,,31318,17,,,1,99,,31319,17,,,1,98,,31320,17,,,1,99,,31321,17,,,1,96,,31322,17,,,1,97,,31323,17,,,1,87,,31324,17,,,1,88,,31325,17,,,1,57,,31326,17,,,1
9600,'80',1033,,31327,17,,,1,94,,31328,17,,,1,94,,31329,17,,,1,94,,31330,17,,,1,94,,31331,17,,,1,94,,31332,17,,,1,54,,31333,17,,,1,94,,31334,17,,,1,94,,31335,17,,,1,94,,31336,17,,,1,94,,31337,17,,,1,93,,31338,17,,,1
10700,'1',456,,32223,17,,,1,64,,32222,17,,,1,24,,32221,17,,,1,64,,32220,17,,,1,20,,32219,17,,,1,16,,32218,17,,,1,61,,32217,17,,,1,11,,32216,17,,,1,16,,32215,17,,,1,19,,32214,17,,,1,56,,32213,17,,,1,12,,32212,17,,,1,15,,32211,17,,,1,16,,32210,17,,,1,55,,32209,17,,,1,43,,32208,17,,,1,82,,32207,17,,,1,82,,32206,17,,,1,42,,32205,17,,,1,84,,32204,17,,,1,82,,32203,17,,,1,82,,32202,17,,,1,20,,32201,17,,,1,18,,32200,17,,,1,18,,32251,17,,,1,59,,32250,17,,,1,20,,32249,17,,,1,18,,32248,17,,,1,58,,32247,17,,,1,23,,32246,17,,,1,16,,32245,17,,,1,58,,32244,17,,,1,17,,32243,17,,,1,20,,32242,17,,,1,56,,32241,17,,,1,18,,32240,17,,,1,13,,32239,17,,,1,18,,32238,17,,,1,79,,32237,17,,,1,81,,32236,17,,,1,38,,32235,17,,,1,80,,32234,17,,,1,74,,32233,17,,,1,34,,32232,17,,,1,74,,32231,17,,,1,34,,32230,17,,,1,74,,32229,17,,,1,34,,32228,17,,,1,74,,32227,17,,,1,74,,32226,17,,,1,30,,32225,17,,,1,74,,32224,17,,,1
10700,'2',631,,32254,17,,,1,78,,32253,17,,,1,37,,32252,17,,,1,77,,32255,17,,,1,77,,32256,17,,,1,37,,32257,17,,,1,77,,32258,17,,,1,37,,32259,17,,,1,77,,32260,17,,,1,77,,32261,17,,,1,36,,32262,17,,,1,77,,32263,17,,,1,37,,32264,17,,,1,77,,32265,17,,,1,77,,32266,17,,,1,37,,32267,17,,,1,75,,32268,17,,,1,37,,32269,17,,,1,77,,32270,17,,,1,77,,32271,17,,,1,37,,32272,17,,,1,77,,32273,17,,,1,77,,32274,17,,,1,37,,32275,17,,,1,77,,32276,17,,,1,37,,32277,17,,,1,77,,32278,17,,,1,77,,32279,17,,,1,37,,32280,17,,,1,77,,32281,17,,,1,37,,32282,17,,,1,76,,32283,17,,,1,77,,32285,17,,,1,37,,32284,17,,,1
10700,'3',820,,32299,17,,,1,37,,32300,17,,,1,77,,32301,17,,,1,77,,32302,17,,,1,37,,32303,17,,,1,77,,32304,17,,,1,77,,32305,17,,,1,37,,32306,17,,,1,77,,32307,17,,,1,37,,32308,17,,,1,76,,32309,17,,,1,77,,32310,17,,,1,37,,32314,17,,,1,77,,32313,17,,,1,37,,32315,17,,,1,77,,32316,17,,,1,77,,32317,17,,,1,37,,32318,17,,,1,77,,32286,17,,,1,77,,32287,17,,,1,37,,32288,17,,,1,77,,32311,17,,,1,37,,32289,17,,,1,77,,32290,17,,,1,77,,32291,17,,,1,37,,32292,17,,,1,77,,32293,17,,,1,37,,32294,17,,,1,77,,32295,17,,,1,77,,32312,17,,,1,37,,32296,17,,,1
10700,'74',631,,32321,17,,,1,78,,32320,17,,,1,37,,32319,17,,,1,77,,32322,17,,,1,77,,32323,17,,,1,37,,32324,17,,,1,77,,32325,17,,,1,37,,32326,17,,,1,77,,32327,17,,,1,77,,32328,17,,,1,36,,32329,17,,,1,77,,32330,17,,,1,37,,32331,17,,,1,77,,32332,17,,,1,77,,32333,17,,,1,37,,32334,17,,,1,75,,32335,17,,,1,37,,32336,17,,,1,77,,32337,17,,,1,77,,32338,17,,,1,37,,32339,17,,,1,77,,32340,17,,,1,77,,32341,17,,,1,37,,32342,17,,,1,77,,32343,17,,,1,37,,32344,17,,,1,77,,32345,17,,,1,77,,32346,17,,,1,37,,32347,17,,,1,77,,32348,17,,,1,37,,32349,17,,,1,76,,32350,17,,,1,77,,32352,17,,,1,37,,32351,17,,,1
10700,'80',820,,32366,17,,,1,37,,32367,17,,,1,77,,32368,17,,,1,77,,32369,17,,,1,37,,32370,17,,,1,77,,32371,17,,,1,77,,32372,17,,,1,37,,32373,17,,,1,77,,32374,17,,,1,37,,32375,17,,,1,76,,32376,17,,,1,77,,32377,17,,,1,37,,32381,17,,,1,77,,32380,17,,,1,37,,32382,17,,,1,77,,32383,17,,,1,77,,32384,17,,,1,37,,32385,17,,,1,77,,32353,17,,,1,77,,32354,17,,,1,37,,32355,17,,,1,77,,32378,17,,,1,37,,32356,17,,,1,77,,32357,17,,,1,77,,32358,17,,,1,37,,32359,17,,,1,77,,32360,17,,,1,37,,32361,17,,,1,77,,32362,17,,,1,77,,32379,17,,,1,37,,32363,17,,,1
