9600,'1',658,,18524,69,,,1,86,,18523,69,,,1,71,,18522,69,,,1,37,,18521,69,,,1,67,,18520,69,,,1,34,,18517,69,,,1,74,,18518,69,,,1,30,,18519,69,,,1,72,,18532,69,,,1,27,,18531,65,,,1,79,,18525,65,,,1,79,,18526,65,,,1,39,,18527,65,,,1,85,,18528,65,,,1,65,,18529,65,,,1,53,,18530,69,,,1,83,,18538,69,,,1,67,,18537,69,,,1,31,,18536,69,,,1,64,,18533,69,,,1,27,,18534,69,,,1,21,,18535,69,,,1,67,,18541,69,,,1,19,,18542,69,,,1,13,,18552,69,,,1,11,,18540,69,,,1,65,,18539,69,,,1,30,,18549,65,,,1,70,,18548,65,,,1,15,,18551,65,,,1,13,,18543,65,,,1,70,,18544,65,,,1,30,,18545,65,,,1,68,,18546,65,,,1,30,,18547,65,,,1,57,,18550,65,,,1
9600,'2',1019,,18553,65,,,1,100,,18554,65,,,1,99,,18555,65,,,1,97,,18556,65,,,1,99,,18557,65,,,1,99,,18558,65,,,1,99,,18559,65,,,1,99,,18560,65,,,1,94,,18561,65,,,1,97,,18562,65,,,1,47,,18563,65,,,1,83,,18564,65,,,1,97,,18565,65,,,1
9600,'3',1110,,18566,65,,,1,94,,18567,65,,,1,54,,18568,65,,,1,94,,18569,65,,,1,94,,18570,65,,,1,94,,18571,65,,,1,94,,18572,65,,,1,94,,18573,65,,,1,91,,18574,65,,,1,94,,18575,65,,,1,94,,18576,65,,,1,51,,18577,65,,,1
9600,'80',1110,,18578,65,,,1,94,,18579,65,,,1,54,,18580,65,,,1,94,,18581,65,,,1,94,,18582,65,,,1,94,,18583,65,,,1,94,,18584,65,,,1,94,,18585,65,,,1,91,,18586,65,,,1,94,,18587,65,,,1,94,,18588,65,,,1,51,,18589,65,,,1
9800,'1',617,,18683,21,,,1,35,,18682,21,,,1,73,,18681,21,,,1,75,,18680,21,,,1,35,,18679,21,,,1,75,,18678,21,,,1,98,,18674,21,,,1,98,,18671,21,,,1,94,,18676,21,,,1,58,,18675,21,,,1,80,,18663,21,,,1,78,,18673,21,,,1,40,,18672,21,,,1,80,,18670,21,,,1,80,,18669,21,,,1,40,,18668,21,,,1,85,,18667,21,,,1,80,,18666,21,,,1,94,,18665,21,,,1,91,,18664,21,,,1,50,,18677,21,,,1
9800,'2',616,,18701,21,,,1,86,,18700,21,,,1,44,,18699,21,,,1,94,,18698,21,,,1,93,,18697,21,,,1,90,,18696,21,,,1,94,,18695,21,,,1,98,,18694,21,,,1,98,,18693,21,,,1,96,,18692,21,,,1,98,,18691,21,,,1,98,,18690,21,,,1,100,,18689,21,,,1,102,,18688,21,,,1,49,,18687,21,,,1,93,,18686,21,,,1,89,,18685,21,,,1,85,,18684,21,,,1
9800,'3',801,,18717,21,,,1,48,,18716,21,,,1,88,,18715,21,,,1,91,,18714,21,,,1,93,,18713,21,,,1,90,,18712,21,,,1,93,,18711,21,,,1,53,,18710,21,,,1,93,,18709,21,,,1,93,,18708,21,,,1,93,,18707,21,,,1,97,,18706,21,,,1,88,,18705,21,,,1,91,,18704,21,,,1,47,,18703,21,,,1,88,,18702,21,,,1
9800,'80',801,,18733,21,,,1,48,,18732,21,,,1,88,,18731,21,,,1,91,,18730,21,,,1,93,,18729,21,,,1,90,,18728,21,,,1,93,,18727,21,,,1,53,,18726,21,,,1,93,,18725,21,,,1,93,,18724,21,,,1,93,,18723,21,,,1,97,,18722,21,,,1,88,,18721,21,,,1,91,,18720,21,,,1,47,,18719,21,,,1,88,,18718,21,,,1
60100,'1',414,,20866,13,,,1,11,,20867,13,,,1,11,,20868,13,,,1,11,,20869,13,,,1,11,,20870,13,,,1,51,,20871,13,,,1,8,,20872,13,,,1,10,,20873,13,,,1,11,,20876,13,,,1,10,,20874,13,,,1,11,,20875,13,,,1,50,,20781,18,,,1,11,,20782,18,,,1,12,,20783,18,,,1,14,,20784,18,,,1,11,,20785,18,,,1,51,,20786,18,,,1,11,,20787,18,,,1,11,,20788,18,,,1,11,,20789,18,,,1,16,,20790,18,,,1,51,,20791,18,,,1,11,,20792,18,,,1,13,,20793,18,,,1,11,,20794,18,,,1,14,,20795,18,,,1,51,,20796,18,,,1,8,,20797,18,,,1,11,,20798,18,,,1,11,,20799,18,,,1,11,,20800,18,,,1,8,,20801,18,,,1,51,,20802,18,,,1,11,,20803,18,,,1,11,,20804,18,,,1,11,,20805,18,,,1,14,,20806,18,,,1,56,,20807,18,,,1,20,,20808,18,,,1,16,,20809,18,,,1,56,,20810,18,,,1,16,,20811,18,,,1,16,,20812,18,,,1,16,,20813,18,,,1,56,,20814,18,,,1,16,,20815,18,,,1,16,,20816,18,,,1,16,,20817,18,,,1,61,,20818,18,,,1,16,,20819,18,,,1,16,,20820,18,,,1,54,,20821,18,,,1,12,,20822,18,,,1,12,,20823,18,,,1,12,,20824,18,,,1,12,,20825,18,,,1,52,,20826,18,,,1,12,,20827,18,,,1,12,,20828,18,,,1,12,,20829,18,,,1,12,,20830,18,,,1,52,,20831,18,,,1,12,,20832,18,,,1,12,,20833,18,,,1,12,,20834,18,,,1,12,,20835,18,,,1,52,,20836,18,,,1,12,,20837,18,,,1,12,,20838,18,,,1,12,,20839,18,,,1,12,,20840,18,,,1,52,,20841,18,,,1,12,,20842,18,,,1,12,,20843,18,,,1,10,,20844,18,,,1,12,,20845,18,,,1,52,,20846,18,,,1,5,,20847,18,,,1,12,,20848,18,,,1,12,,20849,18,,,1,12,,20850,18,,,1,62,,20851,18,,,1,18,,20852,18,,,1,18,,20853,18,,,1,17,,20854,18,,,1,58,,20855,18,,,1,18,,20856,18,,,1,19,,20857,18,,,1,59,,20858,18,,,1,16,,20859,18,,,1,14,,20860,18,,,1,19,,20861,18,,,1,59,,20862,18,,,1,19,,20863,18,,,1,19,,20864,18,,,1,59,,20865,18,,,1
60100,'2',543,,20877,18,,,1,57,,20878,18,,,1,17,,20879,18,,,1,17,,20880,18,,,1,17,,20881,18,,,1,61,,20882,18,,,1,19,,20883,18,,,1,17,,20884,18,,,1,57,,20885,18,,,1,16,,20886,18,,,1,17,,20887,18,,,1,16,,20888,18,,,1,56,,20889,18,,,1,16,,20890,18,,,1,17,,20891,18,,,1,16,,20892,18,,,1,58,,20893,18,,,1,16,,20894,18,,,1,16,,20895,18,,,1,56,,20896,18,,,1,16,,20897,18,,,1,18,,20898,18,,,1,16,,20899,18,,,1,56,,20900,18,,,1,20,,20901,18,,,1,16,,20902,18,,,1,55,,20903,18,,,1,15,,20904,18,,,1,15,,20905,18,,,1,15,,20906,18,,,1,55,,20907,18,,,1,15,,20908,18,,,1,15,,20909,18,,,1,15,,20910,18,,,1,55,,20911,18,,,1,15,,20912,18,,,1,15,,20913,18,,,1,15,,20914,18,,,1,53,,20915,18,,,1,15,,20916,18,,,1,15,,20917,18,,,1,15,,20918,18,,,1,55,,20919,18,,,1,15,,20920,18,,,1,15,,20921,18,,,1,15,,20922,18,,,1,55,,20923,18,,,1,15,,20924,18,,,1,15,,20925,18,,,1,13,,20926,18,,,1,15,,20927,18,,,1,55,,20928,18,,,1,15,,20929,18,,,1,15,,20930,18,,,1,15,,20931,18,,,1,55,,20932,18,,,1,15,,20933,18,,,1,11,,20934,18,,,1,18,,20935,18,,,1,58,,20936,18,,,1,18,,20937,18,,,1,15,,20938,18,,,1,58,,20939,18,,,1,18,,20940,18,,,1,18,,20941,18,,,1,16,,20942,18,,,1,56,,20943,18,,,1,11,,20944,18,,,1,16,,20945,18,,,1,16,,20946,18,,,1,56,,20947,18,,,1,16,,20948,18,,,1,16,,20949,18,,,1,56,,20950,18,,,1,16,,20951,18,,,1
60100,'3',615,,20960,18,,,1,20,,20959,18,,,1,20,,20958,18,,,1,60,,20957,18,,,1,20,,20956,18,,,1,23,,20955,18,,,1,60,,20954,18,,,1,20,,20953,18,,,1,63,,20952,18,,,1,20,,20961,18,,,1,20,,20962,18,,,1,60,,20963,18,,,1,24,,20964,18,,,1,20,,20965,18,,,1,61,,20966,18,,,1,27,,20994,18,,,1,21,,20993,18,,,1,63,,20992,18,,,1,21,,20967,18,,,1,65,,20968,18,,,1,21,,20969,18,,,1,21,,20970,18,,,1,61,,20971,18,,,1,21,,20972,18,,,1,21,,20973,18,,,1,61,,20974,18,,,1,21,,20975,18,,,1,21,,20976,18,,,1,61,,20977,18,,,1,19,,20978,18,,,1,21,,20979,18,,,1,61,,20980,18,,,1,21,,20981,18,,,1,21,,20982,18,,,1,61,,20983,18,,,1,19,,20984,18,,,1,21,,20985,18,,,1,61,,20986,18,,,1,20,,20987,18,,,1,21,,20988,18,,,1,61,,20989,18,,,1,21,,20990,18,,,1,16,,20991,18,,,1,69,,21000,18,,,1,20,,20999,18,,,1,60,,20998,18,,,1,20,,20995,18,,,1,20,,20996,18,,,1,57,,20997,18,,,1,30,,21007,18,,,1,16,,21006,18,,,1,60,,21001,18,,,1,20,,21002,18,,,1,20,,21003,18,,,1,60,,21004,18,,,1,20,,21005,18,,,1
60100,'80',615,,21022,18,,,1,20,,21021,18,,,1,20,,21020,18,,,1,60,,21019,18,,,1,20,,21018,18,,,1,23,,21017,18,,,1,60,,21016,18,,,1,20,,21015,18,,,1,63,,21014,18,,,1,20,,21008,18,,,1,20,,21009,18,,,1,60,,21010,18,,,1,24,,21011,18,,,1,20,,21012,18,,,1,61,,21013,18,,,1,27,,21050,18,,,1,21,,21049,18,,,1,63,,21048,18,,,1,21,,21023,18,,,1,65,,21024,18,,,1,21,,21025,18,,,1,21,,21026,18,,,1,61,,21027,18,,,1,21,,21028,18,,,1,21,,21029,18,,,1,61,,21030,18,,,1,21,,21031,18,,,1,21,,21032,18,,,1,61,,21033,18,,,1,19,,21034,18,,,1,21,,21035,18,,,1,61,,21036,18,,,1,21,,21037,18,,,1,21,,21038,18,,,1,61,,21039,18,,,1,19,,21040,18,,,1,21,,21041,18,,,1,61,,21042,18,,,1,20,,21043,18,,,1,21,,21044,18,,,1,61,,21045,18,,,1,21,,21046,18,,,1,16,,21047,18,,,1,69,,21056,18,,,1,20,,21055,18,,,1,60,,21054,18,,,1,20,,21051,18,,,1,20,,21052,18,,,1,57,,21053,18,,,1,30,,21063,18,,,1,16,,21062,18,,,1,60,,21057,18,,,1,20,,21058,18,,,1,20,,21059,18,,,1,60,,21060,18,,,1,20,,21061,18,,,1
989900,'1',2121,,22653,64,,,1,34,,22654,64,,,1,78,,22655,64,,,1,78,,22656,64,,,1,35,,22657,64,,,1,71,,22658,64,,,1,35,,22659,64,,,1,75,,22660,64,,,1,76,,22661,64,0,5 6,1,35,,22662,64,0,5 6,1,79,,22663,64,0,5 6,1
989900,'2',2125,,22664,64,,,1,94,,22665,64,,,1,86,,22666,64,,,1,52,,22667,64,,,1,86,,22668,64,,,1,86,,22669,64,,,1,84,,22670,64,0,5 6,1,46,,22671,64,0,5 6,1,86,,22672,64,0,5 6,1
989900,'3',2141,,22673,64,,,1,90,,22674,64,,,1,85,,22675,64,,,1,90,,22676,64,,,1,40,,22677,64,,,1,83,,22678,64,,,1,79,,22679,64,0,5 6,1,43,,22680,64,0,5 6,1,83,,22681,64,0,5 6,1
989900,'80',2141,,22682,64,,,1,90,,22683,64,,,1,85,,22684,64,,,1,90,,22685,64,,,1,40,,22686,64,,,1,83,,22687,64,,,1,79,,22688,64,0,5 6,1,43,,22689,64,0,5 6,1,83,,22690,64,0,5 6,1
