701,'1',515,,25360,5,,,1,24,,25357,5,,,1,64,,25358,5,,,1,24,,25359,5,,,1,27,,25367,5,,,1,78,,25366,5,,,1,21,,25361,5,,,1,68,,25362,5,,,1,29,,25363,5,,,1,77,,25364,5,,,1,21,,25365,5,,,1,68,,25375,5,,,1,23,,25374,5,,,1,72,,25368,5,,,1,32,,25369,5,,,1,72,,25370,5,,,1,32,,25371,5,,,1,72,,25372,5,,,1,23,,25381,5,,,1,69,,25373,5,,,1,23,,25380,5,,,1,69,,25376,5,,,1,29,,25377,5,,,1,69,,25378,5,,,1,29,,25379,5,,,1,29,,25382,5,,,1,69,,25383,5,,,1,29,,25384,5,,,1,68,,25385,5,,,1,29,,25386,5,,,1,69,,25387,5,,,1,25,,25388,5,,,1,86,,25393,5,,,1,84,,25389,5,,,1,84,,25390,5,,,1,43,,25391,5,,,1,94,,25392,5,,,1
701,'2',852,,25394,5,,,1,88,,25395,5,,,1,88,,25396,5,,,1,88,,25397,5,,,1,88,,25398,5,,,1,48,,25399,5,,,1,88,,25400,5,,,1,88,,25401,5,,,1,88,,25402,5,,,1,88,,25403,5,,,1,48,,25404,5,,,1,88,,25405,5,,,1,88,,25406,5,,,1,88,,25407,5,,,1,88,,25408,5,,,1,42,,25411,5,,,1,82,,25409,5,,,1,82,,25410,5,,,1
701,'3',851,,25412,5,,,1,87,,25413,5,,,1,87,,25414,5,,,1,87,,25415,5,,,1,47,,25416,5,,,1,87,,25417,5,,,1,87,,25418,5,,,1,87,,25419,5,,,1,87,,25420,5,,,1,47,,25421,5,,,1,87,,25422,5,,,1,87,,25423,5,,,1,87,,25424,5,,,1,87,,25425,5,,,1,47,,25426,5,,,1
701,'74',852,,25427,5,,,1,88,,25428,5,,,1,88,,25429,5,,,1,88,,25430,5,,,1,88,,25431,5,,,1,48,,25432,5,,,1,88,,25433,5,,,1,88,,25434,5,,,1,88,,25435,5,,,1,88,,25436,5,,,1,48,,25437,5,,,1,88,,25438,5,,,1,88,,25439,5,,,1,88,,25440,5,,,1,88,,25441,5,,,1,42,,25444,5,,,1,82,,25442,5,,,1,82,,25443,5,,,1
701,'80',851,,25445,5,,,1,87,,25446,5,,,1,87,,25447,5,,,1,87,,25448,5,,,1,47,,25449,5,,,1,87,,25450,5,,,1,87,,25451,5,,,1,87,,25452,5,,,1,87,,25453,5,,,1,47,,25454,5,,,1,87,,25455,5,,,1,87,,25456,5,,,1,87,,25457,5,,,1,87,,25458,5,,,1,47,,25459,5,,,1
8501,'1',534,,29840,39,,,1,16,,29839,39,,,1,55,,29801,51,,,1,16,,29800,51,,,1,16,,29799,51,,,1,16,,29798,51,,,1,56,,29797,51,,,1,16,,29796,51,,,1,16,,29795,51,,,1,16,,29787,51,,,1,56,,29788,51,,,1,16,,29789,51,,,1,16,,29790,51,,,1,56,,29791,51,,,1,16,,29792,51,,,1,16,,29793,51,,,1,15,,29794,51,,,1,66,,29811,51,,,1,25,,29810,51,,,1,62,,29809,51,,,1,25,,29802,51,,,1,25,,29803,51,,,1,65,,29804,51,,,1,25,,29805,51,,,1,69,,29806,51,,,1,25,,29807,51,,,1,18,,29808,51,,,1,65,,29812,51,,,1,25,,29813,51,,,1,66,,29814,51,,,1,16,,29841,51,,,1,16,,29842,51,,,1,16,,29831,51,,,1,56,,29830,51,,,1,16,,29829,51,,,1,30,,29828,51,,,1,64,,29827,51,,,1,16,,29815,51,,,1,19,,29816,51,,,1,53,,29817,51,,,1,7,,29818,51,,,1,16,,29819,51,,,1,11,,29820,51,,,1,59,,29821,51,,,1,13,,29822,51,,,1,16,,29823,51,,,1,16,,29824,51,,,1,55,,29825,51,,,1,14,,29826,51,,,1,32,,29834,51,,,1,63,,29833,51,,,1,25,,29832,51,,,1,62,,29838,51,,,1,29,,29837,51,,,1,30,,29835,51,,,1,72,,29836,51,,,1
8501,'2',712,,29858,51,,,1,35,,29859,51,,,1,70,,29860,51,,,1,34,,29861,51,,,1,70,,29862,51,,,1,30,,29863,51,,,1,70,,29864,51,,,1,34,,29865,51,,,1,70,,29866,51,,,1,30,,29843,51,,,1,63,,29844,51,,,1,29,,29845,51,,,1,63,,29846,51,,,1,23,,29847,51,,,1,23,,29848,51,,,1,63,,29849,51,,,1,23,,29850,51,,,1,63,,29851,51,,,1,23,,29852,51,,,1,23,,29853,51,,,1,63,,29854,51,,,1,23,,29855,51,,,1,63,,29856,51,,,1,18,,29857,51,,,1,21,,29867,51,,,1,19,,29868,51,,,1,63,,29869,51,,,1,21,,29870,51,,,1,61,,29871,51,,,1,18,,29872,51,,,1,21,,29873,51,,,1,61,,29874,51,,,1,17,,29875,51,,,1,21,,29876,51,,,1,61,,29877,51,,,1,21,,29878,51,,,1,21,,29879,51,,,1,70,,29880,51,,,1,30,,29881,51,,,1,70,,29882,51,,,1
8501,'3',908,,29885,51,,,1,44,,29886,51,,,1,80,,29887,51,,,1,80,,29888,51,,,1,47,,29889,51,,,1,83,,29890,51,,,1,83,,29891,51,,,1,87,,29892,51,,,1,43,,29893,51,,,1,83,,29894,51,,,1,83,,29895,51,,,1,33,,29896,51,,,1,82,,29897,51,,,1,84,,29898,51,,,1,36,,29899,51,,,1,81,,29900,51,,,1,83,,29901,51,,,1,39,,29883,51,,,1,81,,29884,51,,,1
8501,'74',712,,29902,51,,,1,35,,29903,51,,,1,70,,29904,51,,,1,34,,29905,51,,,1,70,,29906,51,,,1,30,,29907,51,,,1,70,,29908,51,,,1,34,,29909,51,,,1,70,,29910,51,,,1,30,,29911,51,,,1,63,,29912,51,,,1,29,,29913,51,,,1,63,,29914,51,,,1,23,,29915,51,,,1,23,,29916,51,,,1,63,,29917,51,,,1,23,,29918,51,,,1,63,,29919,51,,,1,23,,29920,51,,,1,23,,29921,51,,,1,63,,29922,51,,,1,23,,29923,51,,,1,63,,29924,51,,,1,18,,29925,51,,,1,21,,29926,51,,,1,19,,29927,51,,,1,63,,29928,51,,,1,21,,29929,51,,,1,61,,29930,51,,,1,18,,29931,51,,,1,21,,29932,51,,,1,61,,29933,51,,,1,17,,29934,51,,,1,21,,29935,51,,,1,61,,29936,51,,,1,21,,29937,51,,,1,21,,29938,51,,,1,70,,29939,51,,,1,30,,29940,51,,,1,70,,29941,51,,,1
8501,'80',908,,29942,51,,,1,44,,29943,51,,,1,80,,29944,51,,,1,80,,29945,51,,,1,47,,29946,51,,,1,83,,29947,51,,,1,83,,29948,51,,,1,87,,29949,51,,,1,43,,29950,51,,,1,83,,29951,51,,,1,83,,29952,51,,,1,33,,29953,51,,,1,82,,29954,51,,,1,84,,29955,51,,,1,36,,29958,51,,,1,81,,29959,51,,,1,83,,29960,51,,,1,39,,29956,51,,,1,81,,29957,51,,,1
