800,'1',536,,25474,5,,,1,16,,25460,5,,,1,56,,25461,5,,,1,16,,25462,5,,,1,16,,25463,5,,,1,16,,25464,5,,,1,56,,25465,5,,,1,16,,25466,5,,,1,16,,25467,5,,,1,57,,25468,5,,,1,16,,25469,5,,,1,16,,25470,5,,,1,16,,25471,5,,,1,56,,25472,5,,,1,15,,25473,5,,,1,11,,25506,5,,,1,69,,25475,5,,,1,29,,25476,5,,,1,29,,25477,5,,,1,69,,25478,5,,,1,29,,25479,5,,,1,69,,25480,5,,,1,29,,25481,5,,,1,69,,25482,5,,,1,29,,25483,5,,,1,69,,25484,5,,,1,13,,25508,5,,,1,16,,25507,5,,,1,56,,25485,5,,,1,16,,25486,5,,,1,16,,25487,5,,,1,16,,25488,5,,,1,56,,25489,5,,,1,16,,25490,5,,,1,16,,25491,5,,,1,16,,25492,5,,,1,56,,25493,5,,,1,16,,25494,5,,,1,16,,25495,5,,,1,56,,25496,5,,,1,16,,25497,5,,,1,16,,25498,5,,,1,16,,25499,5,,,1,55,,25500,5,,,1,16,,25501,5,,,1,16,,25502,5,,,1,16,,25503,5,,,1,56,,25504,5,,,1,24,,25505,5,,,1,25,,25509,5,,,1,65,,25510,5,,,1,25,,25511,5,,,1,65,,25512,5,,,1,24,,25513,5,,,1,65,,25514,5,,,1,25,,25515,5,,,1,25,,25516,5,,,1,65,,25517,5,,,1
800,'74',802,,25521,5,,,1,28,,25522,5,,,1,28,,25523,5,,,1,68,,25524,5,,,1,28,,25525,5,,,1,70,,25526,5,,,1,28,,25527,5,,,1,68,,25528,5,,,1,28,,25529,5,,,1,68,,25530,5,,,1,28,,25531,5,,,1,68,,25532,5,,,1,28,,25533,5,,,1,68,,25534,5,,,1,28,,25535,5,,,1,68,,25536,5,,,1,28,,25537,5,,,1,68,,25538,5,,,1,28,,25539,5,,,1,28,,25540,5,,,1,68,,25541,5,,,1,28,,25542,5,,,1,66,,25543,5,,,1,28,,25544,5,,,1,68,,25545,5,,,1,28,,25546,5,,,1,68,,25547,5,,,1,28,,25548,5,,,1,68,,25549,5,,,1,30,,25550,5,,,1,70,,25551,5,,,1,30,,25552,5,,,1,70,,25553,5,,,1,30,,25554,5,,,1,70,,25555,5,,,1
800,'80',757,,25556,5,,,1,94,,25557,5,,,1,67,,25558,5,,,1,27,,25559,5,,,1,67,,25560,5,,,1,27,,25561,5,,,1,67,,25562,5,,,1,27,,25563,5,,,1,67,,25564,5,,,1,27,,25565,5,,,1,27,,25566,5,,,1,67,,25567,5,,,1,27,,25568,5,,,1,67,,25569,5,,,1,27,,25570,5,,,1,67,,25571,5,,,1,27,,25572,5,,,1,67,,25573,5,,,1,27,,25574,5,,,1,27,,25575,5,,,1,67,,25576,5,,,1,27,,25577,5,,,1,67,,25578,5,,,1,27,,25579,5,,,1,94,,25580,5,,,1,113,,25581,5,,,1
800,'35296.2',802,,25582,5,,,1,28,,25583,5,,,1,28,,25584,5,,,1,68,,25585,5,,,1,28,,25586,5,,,1,70,,25587,5,,,1,28,,25588,5,,,1,68,,25589,5,,,1,28,,25590,5,,,1,68,,25591,5,,,1,28,,25592,5,,,1,68,,25593,5,,,1,28,,25594,5,,,1,68,,25595,5,,,1,28,,25596,5,,,1,68,,25597,5,,,1,28,,25598,5,,,1,68,,25599,5,,,1,28,,25600,5,,,1,28,,25601,5,,,1,68,,25602,5,,,1,28,,25603,5,,,1,66,,25604,5,,,1,28,,25605,5,,,1,68,,25606,5,,,1,28,,25607,5,,,1,68,,25608,5,,,1,28,,25609,5,,,1,68,,25610,5,,,1,30,,25611,5,,,1,70,,25612,5,,,1,30,,25613,5,,,1,70,,25614,5,,,1,30,,25615,5,,,1,70,,25616,5,,,1
800,'35296.3',757,,25617,5,,,1,94,,25618,5,,,1,67,,25619,5,,,1,27,,25620,5,,,1,67,,25621,5,,,1,27,,25622,5,,,1,67,,25623,5,,,1,27,,25624,5,,,1,67,,25625,5,,,1,27,,25626,5,,,1,27,,25627,5,,,1,67,,25628,5,,,1,27,,25629,5,,,1,67,,25630,5,,,1,27,,25631,5,,,1,67,,25632,5,,,1,27,,25633,5,,,1,67,,25634,5,,,1,27,,25635,5,,,1,27,,25636,5,,,1,67,,25637,5,,,1,27,,25638,5,,,1,67,,25639,5,,,1,27,,25640,5,,,1,94,,25641,5,,,1,113,,25642,5,,,1
800,'35298.2',710,,25643,5,,,1,15,,25644,5,,,1,15,,25645,5,,,1,15,,25646,5,,,1,55,,25647,5,,,1,15,,25648,5,,,1,15,,25649,5,,,1,15,,25650,5,,,1,55,,25651,5,,,1,15,,25652,5,,,1,15,,25653,5,,,1,15,,25654,5,,,1,57,,25655,5,,,1,15,,25656,5,,,1,15,,25657,5,,,1,15,,25658,5,,,1,55,,25659,5,,,1,15,,25660,5,,,1,15,,25661,5,,,1,15,,25662,5,,,1,55,,25663,5,,,1,15,,25664,5,,,1,15,,25665,5,,,1,15,,25666,5,,,1,55,,25667,5,,,1,15,,25668,5,,,1,15,,25669,5,,,1,15,,25670,5,,,1,55,,25671,5,,,1,15,,25672,5,,,1,15,,25673,5,,,1,15,,25674,5,,,1,55,,25675,5,,,1,15,,25676,5,,,1,15,,25677,5,,,1,15,,25678,5,,,1,55,,25679,5,,,1,15,,25680,5,,,1,15,,25681,5,,,1,15,,25682,5,,,1,55,,25683,5,,,1,15,,25684,5,,,1,15,,25685,5,,,1,15,,25686,5,,,1,53,,25687,5,,,1,15,,25688,5,,,1,15,,25689,5,,,1,15,,25690,5,,,1,55,,25691,5,,,1,32,,25692,5,,,1,68,,25693,5,,,1,28,,25694,5,,,1,68,,25695,5,,,1,30,,25696,5,,,1,70,,25697,5,,,1,30,,25698,5,,,1,70,,25699,5,,,1,30,,25700,5,,,1,70,,25701,5,,,1
800,'35298.3',711,,25702,5,,,1,15,,25703,5,,,1,15,,25704,5,,,1,15,,25705,5,,,1,55,,25706,5,,,1,15,,25707,5,,,1,15,,25708,5,,,1,15,,25709,5,,,1,55,,25710,5,,,1,15,,25711,5,,,1,15,,25712,5,,,1,15,,25713,5,,,1,55,,25714,5,,,1,15,,25715,5,,,1,15,,25716,5,,,1,15,,25717,5,,,1,55,,25718,5,,,1,15,,25719,5,,,1,15,,25720,5,,,1,15,,25721,5,,,1,55,,25722,5,,,1,15,,25723,5,,,1,15,,25724,5,,,1,15,,25725,5,,,1,55,,25726,5,,,1,15,,25727,5,,,1,15,,25728,5,,,1,15,,25729,5,,,1,55,,25730,5,,,1,15,,25731,5,,,1,15,,25732,5,,,1,15,,25733,5,,,1,55,,25734,5,,,1,15,,25735,5,,,1,15,,25736,5,,,1,15,,25737,5,,,1,55,,25738,5,,,1,15,,25739,5,,,1,15,,25740,5,,,1,15,,25741,5,,,1,55,,25742,5,,,1,15,,25743,5,,,1,15,,25744,5,,,1,15,,25745,5,,,1,55,,25746,5,,,1,15,,25747,5,,,1,15,,25748,5,,,1,15,,25749,5,,,1,55,,25750,5,,,1,28,,25751,5,,,1,113,,25752,5,,,1
801,'1',2010,,25799,36,4,,1,422,,25810,36,4,,1
801,'80',1857,,25870,36,4,,1,94,,25872,36,4,,1,204,,25874,36,4,,1
801,'35296.3',1857,,25936,36,4,,1,94,,25938,36,4,,1,204,,25940,36,4,,1
801,'35298.2',1910,,25988,36,4,,1,503,,25999,36,4,,1
801,'35298.3',1908,,26047,36,4,,1,43,,26049,36,4,,1,204,,26051,36,4,,1
