9600,'1',655,,6908,64,,,1,86,,6907,64,,,1,71,,6906,64,,,1,37,,6905,64,,,1,67,,6904,64,,,1,34,,6901,64,,,1,74,,6902,64,,,1,30,,6903,64,,,1,72,,6916,64,,,1,27,,6915,60,,,1,79,,6909,60,,,1,79,,6910,60,,,1,39,,6911,60,,,1,85,,6912,60,,,1,65,,6913,60,,,1,53,,6914,64,,,1,83,,6922,64,,,1,67,,6921,64,,,1,31,,6920,64,,,1,24,,6917,64,,,1,67,,6918,64,,,1,21,,6919,64,,,1,67,,6925,64,,,1,20,,6926,64,,,1,13,,6936,64,,,1,11,,6924,64,,,1,65,,6923,64,,,1,30,,6933,60,,,1,70,,6932,60,,,1,15,,6935,60,,,1,13,,6927,60,,,1,70,,6928,60,,,1,30,,6929,60,,,1,68,,6930,60,,,1,30,,6931,60,,,1,57,,6934,60,,,1
9600,'2',1016,,6937,60,,,1,100,,6938,60,,,1,99,,6939,60,,,1,97,,6940,60,,,1,99,,6941,60,,,1,99,,6942,60,,,1,99,,6943,60,,,1,99,,6944,60,,,1,95,,6945,60,,,1,97,,6946,60,,,1,47,,6947,60,,,1,83,,6948,60,,,1,97,,6949,60,,,1
9600,'3',1107,,6950,60,,,1,94,,6951,60,,,1,54,,6952,60,,,1,94,,6953,60,,,1,94,,6954,60,,,1,94,,6955,60,,,1,94,,6956,60,,,1,94,,6957,60,,,1,92,,6958,60,,,1,94,,6959,60,,,1,94,,6960,60,,,1,51,,6961,60,,,1
9600,'80',1107,,6962,60,,,1,94,,6963,60,,,1,54,,6964,60,,,1,94,,6965,60,,,1,94,,6966,60,,,1,94,,6967,60,,,1,94,,6968,60,,,1,94,,6969,60,,,1,92,,6970,60,,,1,94,,6971,60,,,1,94,,6972,60,,,1,51,,6973,60,,,1
9600,'81',1107,,6974,60,,,1,94,,6975,60,,,1,54,,6976,60,,,1,94,,6977,60,,,1,94,,6978,60,,,1,94,,6979,60,,,1,94,,6980,60,,,1,94,,6981,60,,,1,92,,6982,60,,,1,94,,6983,60,,,1,94,,6984,60,,,1,51,,6985,60,,,1
9800,'1',613,,7091,16,,,1,35,,7090,16,,,1,73,,7089,16,,,1,35,,7088,16,,,1,75,,7087,16,,,1,75,,7086,16,,,1,98,,7082,16,,,1,98,,7079,16,,,1,54,,7084,16,,,1,98,,7083,16,,,1,80,,7071,16,,,1,77,,7081,16,,,1,40,,7080,16,,,1,80,,7078,16,,,1,80,,7077,16,,,1,40,,7076,16,,,1,86,,7075,16,,,1,80,,7074,16,,,1,95,,7073,16,,,1,91,,7072,16,,,1,50,,7085,16,,,1
9800,'2',613,,7109,16,,,1,46,,7108,16,,,1,84,,7107,16,,,1,94,,7106,16,,,1,92,,7105,16,,,1,90,,7104,16,,,1,94,,7103,16,,,1,98,,7102,16,,,1,98,,7101,16,,,1,96,,7100,16,,,1,98,,7099,16,,,1,98,,7098,16,,,1,101,,7097,16,,,1,102,,7096,16,,,1,49,,7095,16,,,1,93,,7094,16,,,1,89,,7093,16,,,1,85,,7092,16,,,1
9800,'3',758,,7125,16,,,1,88,,7124,16,,,1,88,,7123,16,,,1,91,,7122,16,,,1,93,,7121,16,,,1,89,,7120,16,,,1,93,,7119,16,,,1,53,,7118,16,,,1,93,,7117,16,,,1,93,,7116,16,,,1,93,,7115,16,,,1,98,,7114,16,,,1,88,,7113,16,,,1,91,,7112,16,,,1,47,,7111,16,,,1,88,,7110,16,,,1
9800,'80',758,,7141,16,,,1,88,,7140,16,,,1,88,,7139,16,,,1,91,,7138,16,,,1,93,,7137,16,,,1,89,,7136,16,,,1,93,,7135,16,,,1,53,,7134,16,,,1,93,,7133,16,,,1,93,,7132,16,,,1,93,,7131,16,,,1,98,,7130,16,,,1,88,,7129,16,,,1,91,,7128,16,,,1,47,,7127,16,,,1,88,,7126,16,,,1
9800,'81',758,,7157,16,,,1,88,,7156,16,,,1,88,,7155,16,,,1,91,,7154,16,,,1,93,,7153,16,,,1,89,,7152,16,,,1,93,,7151,16,,,1,53,,7150,16,,,1,93,,7149,16,,,1,93,,7148,16,,,1,93,,7147,16,,,1,98,,7146,16,,,1,88,,7145,16,,,1,91,,7144,16,,,1,47,,7143,16,,,1,88,,7142,16,,,1
42900,'24611.1',743,,9257,34,,,1
910200,'1',1602,,11562,38,,,1,43,,11570,38,,,1,85,,11566,38,,,1,85,,11567,38,,,1,43,,11568,38,,,1
989900,'1',2118,,11580,59,,,1,34,,11581,59,,,1,78,,11582,59,,,1,78,,11583,59,,,1,35,,11584,59,,,1,71,,11585,59,,,1,35,,11586,59,,,1,75,,11587,59,,,1,76,,11588,59,0,5 6,1,35,,11589,59,0,5 6,1,79,,11590,59,0,5 6,1
989900,'2',2122,,11591,59,,,1,94,,11592,59,,,1,86,,11593,59,,,1,52,,11594,59,,,1,86,,11595,59,,,1,86,,11596,59,,,1,84,,11597,59,0,5 6,1,46,,11598,59,0,5 6,1,86,,11599,59,0,5 6,1
989900,'3',2138,,11600,59,,,1,90,,11601,59,,,1,85,,11602,59,,,1,90,,11603,59,,,1,40,,11604,59,,,1,83,,11605,59,,,1,79,,11606,59,0,5 6,1,43,,11607,59,0,5 6,1,83,,11608,59,0,5 6,1
989900,'80',2138,,11609,59,,,1,90,,11610,59,,,1,85,,11611,59,,,1,90,,11612,59,,,1,40,,11613,59,,,1,83,,11614,59,,,1,79,,11615,59,0,5 6,1,43,,11616,59,0,5 6,1,83,,11617,59,0,5 6,1
989900,'81',2138,,11618,59,,,1,90,,11619,59,,,1,85,,11620,59,,,1,90,,11621,59,,,1,40,,11622,59,,,1,83,,11623,59,,,1,79,,11624,59,0,5 6,1,43,,11625,59,0,5 6,1,83,,11626,59,0,5 6,1
