9600,'1',612,,6908,12,,,1,42,,6907,12,,,1,71,,6906,12,,,1,77,,6905,12,,,1,27,,6904,12,,,1,80,,6901,12,,,1,34,,6902,12,,,1,70,,6903,12,,,1,32,,6916,12,,,1,70,,6915,12,,,1,39,,6909,12,,,1,79,,6910,12,,,1,79,,6911,12,,,1,41,,6912,12,,,1,65,,6913,12,,,1,86,,6914,12,,,1,43,,6922,12,,,1,67,,6921,12,,,1,28,,6920,12,,,1,67,,6917,12,,,1,27,,6918,12,,,1,64,,6919,12,,,1,27,,6925,12,,,1,25,,6926,12,,,1,53,,6936,12,,,1,14,,6924,12,,,1,25,,6923,12,,,1,75,,6933,12,,,1,30,,6932,12,,,1,55,,6935,12,,,1,15,,6927,12,,,1,30,,6928,12,,,1,70,,6929,12,,,1,30,,6930,12,,,1,70,,6931,12,,,1,17,,6934,12,,,1
9600,'2',937,,6937,12,,,1,99,,6938,12,,,1,99,,6939,12,,,1,99,,6940,12,,,1,99,,6941,12,,,1,99,,6942,12,,,1,98,,6943,12,,,1,99,,6944,12,,,1,96,,6945,12,,,1,97,,6946,12,,,1,87,,6947,12,,,1,48,,6948,12,,,1,97,,6949,12,,,1
9600,'3',1030,,6950,12,,,1,94,,6951,12,,,1,94,,6952,12,,,1,94,,6953,12,,,1,94,,6954,12,,,1,94,,6955,12,,,1,54,,6956,12,,,1,94,,6957,12,,,1,93,,6958,12,,,1,94,,6959,12,,,1,94,,6960,12,,,1,94,,6961,12,,,1
9600,'80',1030,,6962,12,,,1,94,,6963,12,,,1,94,,6964,12,,,1,94,,6965,12,,,1,94,,6966,12,,,1,94,,6967,12,,,1,54,,6968,12,,,1,94,,6969,12,,,1,93,,6970,12,,,1,94,,6971,12,,,1,94,,6972,12,,,1,94,,6973,12,,,1
9600,'81',1030,,6974,12,,,1,94,,6975,12,,,1,94,,6976,12,,,1,94,,6977,12,,,1,94,,6978,12,,,1,94,,6979,12,,,1,54,,6980,12,,,1,94,,6981,12,,,1,93,,6982,12,,,1,94,,6983,12,,,1,94,,6984,12,,,1,94,,6985,12,,,1
10700,'1',452,,7861,12,,,1,64,,7860,12,,,1,24,,7859,12,,,1,64,,7858,12,,,1,19,,7857,12,,,1,16,,7856,12,,,1,61,,7855,12,,,1,11,,7854,12,,,1,16,,7853,12,,,1,19,,7852,12,,,1,56,,7851,12,,,1,12,,7850,12,,,1,17,,7849,12,,,1,16,,7848,12,,,1,55,,7847,12,,,1,43,,7846,12,,,1,82,,7845,12,,,1,82,,7844,12,,,1,42,,7843,12,,,1,84,,7842,12,,,1,82,,7841,12,,,1,42,,7840,12,,,1,59,,7839,12,,,1,18,,7838,12,,,1,18,,7889,12,,,1,59,,7888,12,,,1,19,,7887,12,,,1,18,,7886,12,,,1,58,,7885,12,,,1,22,,7884,12,,,1,16,,7883,12,,,1,58,,7882,12,,,1,18,,7881,12,,,1,20,,7880,12,,,1,16,,7879,12,,,1,58,,7878,12,,,1,14,,7877,12,,,1,18,,7876,12,,,1,79,,7875,12,,,1,81,,7874,12,,,1,39,,7873,12,,,1,80,,7872,12,,,1,74,,7871,12,,,1,34,,7870,12,,,1,74,,7869,12,,,1,34,,7868,12,,,1,74,,7867,12,,,1,34,,7866,12,,,1,74,,7865,12,,,1,34,,7864,12,,,1,71,,7863,12,,,1,74,,7862,12,,,1
10700,'2',628,,7892,12,,,1,78,,7891,12,,,1,37,,7890,12,,,1,77,,7893,12,,,1,37,,7894,12,,,1,77,,7895,12,,,1,77,,7896,12,,,1,37,,7897,12,,,1,77,,7898,12,,,1,77,,7899,12,,,1,36,,7900,12,,,1,77,,7901,12,,,1,37,,7902,12,,,1,77,,7903,12,,,1,77,,7904,12,,,1,37,,7905,12,,,1,76,,7906,12,,,1,37,,7907,12,,,1,77,,7908,12,,,1,77,,7909,12,,,1,37,,7910,12,,,1,77,,7911,12,,,1,77,,7912,12,,,1,37,,7913,12,,,1,77,,7914,12,,,1,37,,7915,12,,,1,77,,7916,12,,,1,77,,7917,12,,,1,37,,7918,12,,,1,77,,7919,12,,,1,37,,7920,12,,,1,76,,7921,12,,,1,77,,7923,12,,,1,37,,7922,12,,,1
10700,'3',818,,7937,12,,,1,37,,7938,12,,,1,77,,7939,12,,,1,77,,7940,12,,,1,37,,7941,12,,,1,77,,7942,12,,,1,77,,7943,12,,,1,37,,7944,12,,,1,77,,7945,12,,,1,37,,7946,12,,,1,76,,7947,12,,,1,77,,7948,12,,,1,37,,7952,12,,,1,77,,7951,12,,,1,37,,7953,12,,,1,77,,7954,12,,,1,77,,7955,12,,,1,37,,7956,12,,,1,77,,7924,12,,,1,77,,7925,12,,,1,37,,7926,12,,,1,77,,7949,12,,,1,37,,7927,12,,,1,77,,7928,12,,,1,77,,7929,12,,,1,37,,7930,12,,,1,77,,7931,12,,,1,37,,7932,12,,,1,77,,7933,12,,,1,77,,7950,12,,,1,37,,7934,12,,,1
10700,'80',818,,7970,12,,,1,37,,7971,12,,,1,77,,7972,12,,,1,77,,7973,12,,,1,37,,7974,12,,,1,77,,7975,12,,,1,77,,7976,12,,,1,37,,7977,12,,,1,77,,7978,12,,,1,37,,7979,12,,,1,76,,7980,12,,,1,77,,7981,12,,,1,37,,7985,12,,,1,77,,7984,12,,,1,37,,7986,12,,,1,77,,7987,12,,,1,77,,7988,12,,,1,37,,7989,12,,,1,77,,7957,12,,,1,77,,7958,12,,,1,37,,7959,12,,,1,77,,7982,12,,,1,37,,7960,12,,,1,77,,7961,12,,,1,77,,7962,12,,,1,37,,7963,12,,,1,77,,7964,12,,,1,37,,7965,12,,,1,77,,7966,12,,,1,77,,7983,12,,,1,37,,7967,12,,,1
10700,'81',818,,7995,12,,,1,37,,7996,12,,,1,77,,7997,12,,,1,77,,7998,12,,,1,37,,7999,12,,,1,77,,8000,12,,,1,77,,8001,12,,,1,37,,8002,12,,,1,77,,8003,12,,,1,37,,8004,12,,,1,76,,8005,12,,,1,77,,8006,12,,,1,37,,8009,12,,,1,77,,8008,12,,,1,37,,8010,12,,,1,77,,8011,12,,,1,77,,8012,12,,,1,37,,8013,12,,,1,77,,7990,12,,,1,77,,7991,12,,,1,37,,7992,12,,,1,77,,8007,12,,,1,37,,8014,12,,,1,77,,8015,12,,,1,77,,8016,12,,,1,37,,8017,12,,,1,77,,8018,12,,,1,37,,8019,12,,,1,77,,8020,12,,,1,77,,8022,12,,,1,37,,8021,12,,,1
