9901,'1',411,,7366,22,,,1,41,,7367,22,,,1,80,,7368,22,,,1,82,,7369,22,,,1,38,,7370,22,,,1,75,,7371,22,,,1,29,,7372,22,,,1,83,,7373,22,,,1,75,,7374,22,,,1,35,,7375,22,,,1,94,,7376,22,,,1,98,,7377,22,,,1,94,,7378,22,,,1,94,,7379,22,,,1,100,,7380,22,,,1,25,,7381,22,,,1,70,,7382,22,,,1,30,,7383,22,,,1,70,,7384,22,,,1,30,,7385,22,,,1,70,,7386,22,,,1,30,,7387,22,,,1,69,,7388,22,,,1,30,,7389,22,,,1,66,,7390,22,,,1,30,,7391,22,,,1,70,,7392,22,,,1,25,,7393,22,,,1,72,,7394,22,,,1,85,,7395,22,,,1
9901,'2',533,,7396,22,,,1,77,,7397,22,,,1,37,,7398,22,,,1,77,,7399,22,,,1,87,,7400,22,,,1,91,,7401,22,,,1,48,,7402,22,,,1,87,,7403,22,,,1,101,,7404,22,,,1,98,,7405,22,,,1,95,,7406,22,,,1,95,,7407,22,,,1,95,,7408,22,,,1,95,,7409,22,,,1,91,,7410,22,,,1,94,,7411,22,,,1,55,,7412,22,,,1,92,,7413,22,,,1,85,,7414,22,,,1,85,,7415,22,,,1
9901,'3',537,,7416,22,,,1,81,,7417,22,,,1,38,,7418,22,,,1,78,,7419,22,,,1,78,,7420,22,,,1,92,,7421,22,,,1,49,,7422,22,,,1,89,,7423,22,,,1,89,,7424,22,,,1,92,,7425,22,,,1,89,,7426,22,,,1,89,,7427,22,,,1,49,,7428,22,,,1,89,,7429,22,,,1,89,,7430,22,,,1,89,,7431,22,,,1,85,,7432,22,,,1,49,,7433,22,,,1,89,,7434,22,,,1,87,,7435,22,,,1,89,,7436,22,,,1,39,,7437,22,,,1
9901,'80',537,,7438,22,,,1,81,,7439,22,,,1,38,,7440,22,,,1,78,,7441,22,,,1,78,,7442,22,,,1,92,,7443,22,,,1,49,,7444,22,,,1,89,,7445,22,,,1,89,,7446,22,,,1,92,,7447,22,,,1,89,,7448,22,,,1,89,,7449,22,,,1,49,,7450,22,,,1,89,,7451,22,,,1,89,,7452,22,,,1,89,,7453,22,,,1,85,,7454,22,,,1,49,,7455,22,,,1,89,,7456,22,,,1,87,,7457,22,,,1,89,,7458,22,,,1,39,,7459,22,,,1
9901,'81',537,,7460,22,,,1,81,,7461,22,,,1,38,,7462,22,,,1,78,,7463,22,,,1,78,,7464,22,,,1,92,,7465,22,,,1,49,,7466,22,,,1,89,,7467,22,,,1,89,,7468,22,,,1,92,,7469,22,,,1,89,,7470,22,,,1,89,,7471,22,,,1,49,,7472,22,,,1,89,,7473,22,,,1,89,,7474,22,,,1,89,,7475,22,,,1,85,,7476,22,,,1,49,,7477,22,,,1,89,,7478,22,,,1,87,,7479,22,,,1,89,,7480,22,,,1,39,,7481,22,,,1
989901,'1',2236,,11627,77,,,1,70,,11628,77,,,1,38,,11629,77,,,1,75,,11630,77,,,1,35,,11631,77,,,1,70,,11632,77,,,1,35,,11633,77,,,1,75,,11634,77,,,1
989901,'2',2244,,11635,77,,,1,88,,11636,77,,,1,81,,11637,77,,,1,91,,11640,77,,,1,45,,11638,77,,,1,86,,11639,77,,,1
989901,'3',2253,,11641,77,,,1,87,,11642,77,,,1,83,,11643,77,,,1,87,,11644,77,,,1,39,,11645,77,,,1,83,,11646,77,,,1
989901,'80',2253,,11647,77,,,1,87,,11648,77,,,1,83,,11649,77,,,1,87,,11650,77,,,1,39,,11651,77,,,1,83,,11652,77,,,1
989901,'81',2253,,11653,77,,,1,87,,11654,77,,,1,83,,11655,77,,,1,87,,11656,77,,,1,39,,11657,77,,,1,83,,11658,77,,,1
