800,'1',538,,25474,7,,,1,16,,25460,7,,,1,56,,25461,7,,,1,16,,25462,7,,,1,16,,25463,7,,,1,16,,25464,7,,,1,56,,25465,7,,,1,16,,25466,7,,,1,16,,25467,7,,,1,57,,25468,7,,,1,16,,25469,7,,,1,16,,25470,7,,,1,16,,25471,7,,,1,56,,25472,7,,,1,15,,25473,7,,,1,11,,25506,7,,,1,69,,25475,7,,,1,29,,25476,7,,,1,69,,25477,7,,,1,29,,25478,7,,,1,29,,25479,7,,,1,69,,25480,7,,,1,29,,25481,7,,,1,69,,25482,7,,,1,29,,25483,7,,,1,69,,25484,7,,,1,13,,25508,7,,,1,16,,25507,7,,,1,56,,25485,7,,,1,16,,25486,7,,,1,16,,25487,7,,,1,16,,25488,7,,,1,56,,25489,7,,,1,16,,25490,7,,,1,16,,25491,7,,,1,56,,25492,7,,,1,16,,25493,7,,,1,16,,25494,7,,,1,16,,25495,7,,,1,56,,25496,7,,,1,16,,25497,7,,,1,16,,25498,7,,,1,16,,25499,7,,,1,55,,25500,7,,,1,16,,25501,7,,,1,16,,25502,7,,,1,16,,25503,7,,,1,56,,25504,7,,,1,24,,25505,7,,,1,65,,25509,7,,,1,25,,25510,7,,,1,24,,25511,7,,,1,65,,25512,7,,,1,25,,25513,7,,,1,65,,25514,7,,,1,25,,25515,7,,,1,25,,25516,7,,,1,65,,25517,7,,,1
800,'74',804,,25521,7,,,1,28,,25522,7,,,1,68,,25523,7,,,1,28,,25524,7,,,1,28,,25525,7,,,1,70,,25526,7,,,1,28,,25527,7,,,1,68,,25528,7,,,1,28,,25529,7,,,1,68,,25530,7,,,1,28,,25531,7,,,1,68,,25532,7,,,1,28,,25533,7,,,1,68,,25534,7,,,1,28,,25535,7,,,1,68,,25536,7,,,1,28,,25537,7,,,1,68,,25538,7,,,1,28,,25539,7,,,1,28,,25540,7,,,1,68,,25541,7,,,1,28,,25542,7,,,1,66,,25543,7,,,1,28,,25544,7,,,1,68,,25545,7,,,1,28,,25546,7,,,1,68,,25547,7,,,1,28,,25548,7,,,1,68,,25549,7,,,1,30,,25550,7,,,1,70,,25551,7,,,1,30,,25552,7,,,1,70,,25553,7,,,1,30,,25554,7,,,1,70,,25555,7,,,1
800,'80',759,,25556,7,,,1,94,,25557,7,,,1,67,,25558,7,,,1,27,,25559,7,,,1,67,,25560,7,,,1,27,,25561,7,,,1,67,,25562,7,,,1,27,,25563,7,,,1,67,,25564,7,,,1,27,,25565,7,,,1,27,,25566,7,,,1,67,,25567,7,,,1,27,,25568,7,,,1,67,,25569,7,,,1,27,,25570,7,,,1,67,,25571,7,,,1,27,,25572,7,,,1,67,,25573,7,,,1,27,,25574,7,,,1,27,,25575,7,,,1,67,,25576,7,,,1,27,,25577,7,,,1,67,,25578,7,,,1,27,,25579,7,,,1,94,,25580,7,,,1,113,,25581,7,,,1
800,'35296.2',804,,25582,7,,,1,28,,25583,7,,,1,68,,25584,7,,,1,28,,25585,7,,,1,28,,25586,7,,,1,70,,25587,7,,,1,28,,25588,7,,,1,68,,25589,7,,,1,28,,25590,7,,,1,68,,25591,7,,,1,28,,25592,7,,,1,68,,25593,7,,,1,28,,25594,7,,,1,68,,25595,7,,,1,28,,25596,7,,,1,68,,25597,7,,,1,28,,25598,7,,,1,68,,25599,7,,,1,28,,25600,7,,,1,28,,25601,7,,,1,68,,25602,7,,,1,28,,25603,7,,,1,66,,25604,7,,,1,28,,25605,7,,,1,68,,25606,7,,,1,28,,25607,7,,,1,68,,25608,7,,,1,28,,25609,7,,,1,68,,25610,7,,,1,30,,25611,7,,,1,70,,25612,7,,,1,30,,25613,7,,,1,70,,25614,7,,,1,30,,25615,7,,,1,70,,25616,7,,,1
800,'35296.3',759,,25617,7,,,1,94,,25618,7,,,1,67,,25619,7,,,1,27,,25620,7,,,1,67,,25621,7,,,1,27,,25622,7,,,1,67,,25623,7,,,1,27,,25624,7,,,1,67,,25625,7,,,1,27,,25626,7,,,1,27,,25627,7,,,1,67,,25628,7,,,1,27,,25629,7,,,1,67,,25630,7,,,1,27,,25631,7,,,1,67,,25632,7,,,1,27,,25633,7,,,1,67,,25634,7,,,1,27,,25635,7,,,1,27,,25636,7,,,1,67,,25637,7,,,1,27,,25638,7,,,1,67,,25639,7,,,1,27,,25640,7,,,1,94,,25641,7,,,1,113,,25642,7,,,1
800,'35298.2',712,,25643,7,,,1,15,,25644,7,,,1,15,,25645,7,,,1,15,,25646,7,,,1,55,,25647,7,,,1,15,,25648,7,,,1,15,,25649,7,,,1,15,,25650,7,,,1,55,,25651,7,,,1,15,,25652,7,,,1,15,,25653,7,,,1,15,,25654,7,,,1,57,,25655,7,,,1,15,,25656,7,,,1,15,,25657,7,,,1,15,,25658,7,,,1,55,,25659,7,,,1,15,,25660,7,,,1,15,,25661,7,,,1,15,,25662,7,,,1,55,,25663,7,,,1,15,,25664,7,,,1,15,,25665,7,,,1,15,,25666,7,,,1,55,,25667,7,,,1,15,,25668,7,,,1,15,,25669,7,,,1,15,,25670,7,,,1,55,,25671,7,,,1,15,,25672,7,,,1,15,,25673,7,,,1,15,,25674,7,,,1,55,,25675,7,,,1,15,,25676,7,,,1,15,,25677,7,,,1,15,,25678,7,,,1,55,,25679,7,,,1,15,,25680,7,,,1,15,,25681,7,,,1,15,,25682,7,,,1,55,,25683,7,,,1,15,,25684,7,,,1,15,,25685,7,,,1,15,,25686,7,,,1,53,,25687,7,,,1,15,,25688,7,,,1,15,,25689,7,,,1,15,,25690,7,,,1,55,,25691,7,,,1,32,,25692,7,,,1,68,,25693,7,,,1,28,,25694,7,,,1,68,,25695,7,,,1,30,,25696,7,,,1,70,,25697,7,,,1,30,,25698,7,,,1,70,,25699,7,,,1,30,,25700,7,,,1,70,,25701,7,,,1
800,'35298.3',713,,25702,7,,,1,15,,25703,7,,,1,15,,25704,7,,,1,15,,25705,7,,,1,55,,25706,7,,,1,15,,25707,7,,,1,15,,25708,7,,,1,15,,25709,7,,,1,55,,25710,7,,,1,15,,25711,7,,,1,15,,25712,7,,,1,15,,25713,7,,,1,55,,25714,7,,,1,15,,25715,7,,,1,15,,25716,7,,,1,15,,25717,7,,,1,55,,25718,7,,,1,15,,25719,7,,,1,15,,25720,7,,,1,15,,25721,7,,,1,55,,25722,7,,,1,15,,25723,7,,,1,15,,25724,7,,,1,15,,25725,7,,,1,55,,25726,7,,,1,15,,25727,7,,,1,15,,25728,7,,,1,15,,25729,7,,,1,55,,25730,7,,,1,15,,25731,7,,,1,15,,25732,7,,,1,15,,25733,7,,,1,55,,25734,7,,,1,15,,25735,7,,,1,15,,25736,7,,,1,15,,25737,7,,,1,55,,25738,7,,,1,15,,25739,7,,,1,15,,25740,7,,,1,15,,25741,7,,,1,55,,25742,7,,,1,15,,25743,7,,,1,15,,25744,7,,,1,15,,25745,7,,,1,55,,25746,7,,,1,15,,25747,7,,,1,15,,25748,7,,,1,15,,25749,7,,,1,55,,25750,7,,,1,28,,25751,7,,,1,113,,25752,7,,,1
801,'1',2011,,25799,38,4,,1,422,,25810,38,4,,1
801,'80',1859,,25870,38,4,,1,94,,25872,38,4,,1,204,,25874,38,4,,1
801,'35296.3',1859,,25936,38,4,,1,94,,25938,38,4,,1,204,,25940,38,4,,1
801,'35298.2',1912,,25988,38,4,,1,503,,25999,38,4,,1
801,'35298.3',1910,,26047,38,4,,1,43,,26049,38,4,,1,204,,26051,38,4,,1
