8100,'1',534,,29504,33,,,1,71,,29506,33,,,1,31,,29508,33,,,1,74,,29509,33,,,1,34,,29507,33,,,1,80,,29510,33,,,1,80,,29505,33,,,1
8101,'1',1525,,29518,33,,,1,86,,29517,33,,,1,39,,29516,33,,,1,79,,29515,33,,,1,77,,29514,33,,,1,37,,29513,33,,,1,75,,29512,33,,,1,38,,29511,33,,,1
9801,'1',543,,31521,51,,,1,75,,31520,51,,,1,38,,31519,51,,,1,75,,31518,51,,,1,76,,31517,51,,,1,35,,31516,51,,,1,75,,31515,51,,,1,35,,31514,51,,,1,75,,31525,51,,,1,101,,31524,51,,,1,98,,31523,51,,,1,98,,31522,51,,,1,102,,31537,51,,,1,80,,31536,51,,,1,40,,31535,51,,,1,80,,31534,51,,,1,80,,31533,51,,,1,40,,31532,51,,,1,80,,31531,51,,,1,76,,31530,51,,,1,38,,31529,51,,,1,91,,31528,51,,,1,86,,31527,51,,,1,88,,31526,51,,,1
9801,'2',550,,31556,51,,,1,86,,31555,51,,,1,86,,31554,51,,,1,86,,31553,51,,,1,48,,31552,51,,,1,97,,31551,51,,,1,94,,31550,51,,,1,98,,31549,51,,,1,94,,31548,51,,,1,102,,31547,51,,,1,98,,31546,51,,,1,98,,31545,51,,,1,95,,31544,51,,,1,98,,31543,51,,,1,98,,31542,51,,,1,94,,31541,51,,,1,85,,31540,51,,,1,49,,31539,51,,,1,87,,31538,51,,,1
9801,'3',733,,31573,51,,,1,88,,31574,51,,,1,90,,31572,51,,,1,48,,31571,51,,,1,88,,31570,51,,,1,96,,31569,51,,,1,93,,31568,51,,,1,93,,31567,51,,,1,95,,31566,51,,,1,93,,31565,51,,,1,93,,31564,51,,,1,93,,31563,51,,,1,53,,31562,51,,,1,90,,31561,51,,,1,85,,31560,51,,,1,86,,31559,51,,,1,87,,31558,51,,,1,48,,31557,51,,,1
9801,'74',550,,31593,51,,,1,86,,31592,51,,,1,86,,31591,51,,,1,86,,31590,51,,,1,48,,31589,51,,,1,97,,31588,51,,,1,94,,31587,51,,,1,98,,31586,51,,,1,94,,31585,51,,,1,102,,31584,51,,,1,98,,31583,51,,,1,98,,31582,51,,,1,95,,31581,51,,,1,98,,31580,51,,,1,98,,31579,51,,,1,94,,31578,51,,,1,85,,31577,51,,,1,49,,31576,51,,,1,87,,31575,51,,,1
9801,'80',733,,31610,51,,,1,88,,31611,51,,,1,90,,31609,51,,,1,48,,31608,51,,,1,88,,31607,51,,,1,96,,31606,51,,,1,93,,31605,51,,,1,93,,31604,51,,,1,95,,31603,51,,,1,93,,31602,51,,,1,93,,31601,51,,,1,93,,31600,51,,,1,53,,31599,51,,,1,90,,31598,51,,,1,85,,31597,51,,,1,86,,31596,51,,,1,87,,31595,51,,,1,48,,31594,51,,,1
989901,'1',2222,,36877,51,,,1,31,,36878,51,,,1,78,,36879,51,,,1,75,,36880,51,,,1,35,,36881,51,,,1,71,,36882,51,,,1,35,,36883,51,,,1,75,,36884,51,,,1
989901,'2',2228,,36885,51,,,1,91,,36886,51,,,1,82,,36887,51,,,1,51,,36890,51,,,1,85,,36888,51,,,1,86,,36889,51,,,1
989901,'3',2240,,36891,51,,,1,87,,36892,51,,,1,83,,36893,51,,,1,49,,36894,51,,,1,79,,36895,51,,,1,83,,36896,51,,,1
989901,'74',2228,,36897,51,,,1,91,,36898,51,,,1,82,,36899,51,,,1,51,,36902,51,,,1,85,,36900,51,,,1,86,,36901,51,,,1
989901,'80',2240,,36903,51,,,1,87,,36904,51,,,1,83,,36905,51,,,1,49,,36906,51,,,1,79,,36907,51,,,1,83,,36908,51,,,1
