9900,'1',345,,31638,5,,,1,80,,31639,5,,,1,32,,31612,25,,,1,81,,31613,25,,,1,80,,31614,25,,,1,83,,31615,25,,,1,54,,31616,25,,,1,75,,31617,25,,,1,78,,31618,25,,,1,31,,31619,25,,,1,75,,31620,25,,,1,35,,31621,25,,,1,98,,31622,25,,,1,94,,31623,25,,,1,94,,31624,25,,,1,94,,31625,25,,,1,74,,31637,25,,,1,31,,31636,25,,,1,69,,31626,25,,,1,30,,31627,25,,,1,70,,31628,25,,,1,30,,31629,25,,,1,70,,31630,25,,,1,27,,31631,25,,,1,70,,31632,25,,,1,25,,31633,25,,,1,30,,31634,25,,,1,68,,31635,25,,,1
9900,'2',505,,31658,5,,,1,37,,31659,5,,,1,73,,31640,25,,,1,39,,31641,25,,,1,78,,31655,25,,,1,90,,31654,25,,,1,87,,31642,25,,,1,47,,31643,25,,,1,87,,31644,25,,,1,88,,31645,25,,,1,106,,31646,25,,,1,95,,31647,25,,,1,95,,31648,25,,,1,95,,31649,25,,,1,95,,31650,25,,,1,95,,31651,25,,,1,95,,31652,25,,,1,95,,31653,25,,,1,46,,31657,25,,,1,90,,31656,25,,,1
9900,'3',507,,31678,5,,,1,38,,31679,5,,,1,79,,31660,25,,,1,78,,31661,25,,,1,38,,31662,25,,,1,78,,31663,25,,,1,92,,31680,25,,,1,49,,31664,25,,,1,89,,31665,25,,,1,89,,31666,25,,,1,92,,31667,25,,,1,89,,31668,25,,,1,89,,31669,25,,,1,49,,31670,25,,,1,89,,31671,25,,,1,89,,31672,25,,,1,89,,31673,25,,,1,87,,31674,25,,,1,49,,31675,25,,,1,89,,31676,25,,,1,84,,31677,25,,,1
9900,'74',505,,31699,5,,,1,37,,31700,5,,,1,73,,31681,25,,,1,39,,31682,25,,,1,78,,31696,25,,,1,90,,31695,25,,,1,87,,31683,25,,,1,47,,31684,25,,,1,87,,31685,25,,,1,88,,31686,25,,,1,106,,31687,25,,,1,95,,31688,25,,,1,95,,31689,25,,,1,95,,31690,25,,,1,95,,31691,25,,,1,95,,31692,25,,,1,95,,31693,25,,,1,95,,31694,25,,,1,46,,31698,25,,,1,90,,31697,25,,,1
9900,'80',507,,31719,5,,,1,38,,31720,5,,,1,79,,31701,25,,,1,78,,31702,25,,,1,38,,31703,25,,,1,78,,31704,25,,,1,92,,31721,25,,,1,49,,31705,25,,,1,89,,31706,25,,,1,89,,31707,25,,,1,92,,31708,25,,,1,89,,31709,25,,,1,89,,31710,25,,,1,49,,31711,25,,,1,89,,31712,25,,,1,89,,31713,25,,,1,89,,31714,25,,,1,87,,31715,25,,,1,49,,31716,25,,,1,89,,31717,25,,,1,84,,31718,25,,,1
989900,'1',2055,,36830,25,,,1,76,,36831,25,,,1,78,,36832,25,,,1,38,,36833,25,,,1,75,,36834,25,,,1,33,,36835,25,,,1,75,,36836,25,,,1,75,,36837,25,,,1,35,,36838,25,0,5 6,1,75,,36839,25,0,5 6,1,41,,36840,25,0,5 6,1
989900,'2',2058,,36841,25,,,1,94,,36842,25,,,1,90,,36843,25,,,1,93,,36844,25,,,1,86,,36845,25,,,1,86,,36846,25,,,1,45,,36847,25,0,5 6,1,86,,36848,25,0,5 6,1,86,,36849,25,0,5 6,1
989900,'3',2115,,36850,25,,,1,90,,36851,25,,,1,48,,36852,25,,,1,90,,36853,25,,,1,82,,36854,25,,,1,83,,36855,25,,,1,40,,36856,25,0,5 6,1,83,,36857,25,0,5 6,1,83,,36858,25,0,5 6,1
989900,'74',2058,,36859,25,,,1,94,,36860,25,,,1,90,,36861,25,,,1,93,,36862,25,,,1,86,,36863,25,,,1,86,,36864,25,,,1,45,,36865,25,0,5 6,1,86,,36866,25,0,5 6,1,86,,36867,25,0,5 6,1
989900,'80',2115,,36868,25,,,1,90,,36869,25,,,1,48,,36870,25,,,1,90,,36871,25,,,1,82,,36872,25,,,1,83,,36873,25,,,1,40,,36874,25,0,5 6,1,83,,36875,25,0,5 6,1,83,,36876,25,0,5 6,1
