9600,'1',710,,18524,85,,,1,47,,18523,85,,,1,71,,18522,85,,,1,77,,18521,85,,,1,27,,18520,85,,,1,73,,18517,85,,,1,34,,18518,85,,,1,70,,18519,85,,,1,32,,18532,85,,,1,68,,18531,81,,,1,39,,18525,81,,,1,79,,18526,81,,,1,79,,18527,81,,,1,46,,18528,81,,,1,65,,18529,81,,,1,92,,18530,85,,,1,43,,18538,85,,,1,67,,18537,85,,,1,32,,18536,85,,,1,62,,18533,85,,,1,27,,18534,85,,,1,61,,18535,85,,,1,27,,18541,85,,,1,18,,18542,85,,,1,12,,18552,85,,,1,51,,18540,85,,,1,25,,18539,85,,,1,70,,18549,81,,,1,30,,18548,81,,,1,15,,18551,81,,,1,52,,18543,81,,,1,30,,18544,81,,,1,69,,18545,81,,,1,28,,18546,81,,,1,30,,18547,81,,,1,57,,18550,81,,,1
9600,'2',1031,,18553,81,,,1,102,,18554,81,,,1,99,,18555,81,,,1,95,,18556,81,,,1,99,,18557,81,,,1,99,,18558,81,,,1,99,,18559,81,,,1,99,,18560,81,,,1,93,,18561,81,,,1,97,,18562,81,,,1,87,,18563,81,,,1,42,,18564,81,,,1,97,,18565,81,,,1
9600,'3',1121,,18566,81,,,1,94,,18567,81,,,1,94,,18568,81,,,1,94,,18569,81,,,1,54,,18570,81,,,1,94,,18571,81,,,1,94,,18572,81,,,1,94,,18573,81,,,1,91,,18574,81,,,1,94,,18575,81,,,1,94,,18576,81,,,1,90,,18577,81,,,1
9600,'80',1121,,18578,81,,,1,94,,18579,81,,,1,94,,18580,81,,,1,94,,18581,81,,,1,54,,18582,81,,,1,94,,18583,81,,,1,94,,18584,81,,,1,94,,18585,81,,,1,91,,18586,81,,,1,94,,18587,81,,,1,94,,18588,81,,,1,90,,18589,81,,,1
9800,'1',626,,18683,37,,,1,75,,18682,37,,,1,33,,18681,37,,,1,75,,18680,37,,,1,35,,18679,37,,,1,75,,18678,37,,,1,98,,18674,37,,,1,98,,18671,37,,,1,96,,18676,37,,,1,98,,18675,37,,,1,40,,18663,37,,,1,79,,18673,37,,,1,80,,18672,37,,,1,40,,18670,37,,,1,80,,18669,37,,,1,80,,18668,37,,,1,44,,18667,37,,,1,80,,18666,37,,,1,93,,18665,37,,,1,91,,18664,37,,,1,88,,18677,37,,,1
9800,'2',625,,18701,37,,,1,86,,18700,37,,,1,44,,18699,37,,,1,94,,18698,37,,,1,93,,18697,37,,,1,91,,18696,37,,,1,94,,18695,37,,,1,98,,18694,37,,,1,98,,18693,37,,,1,97,,18692,37,,,1,98,,18691,37,,,1,98,,18690,37,,,1,99,,18689,37,,,1,101,,18688,37,,,1,89,,18687,37,,,1,53,,18686,37,,,1,89,,18685,37,,,1,85,,18684,37,,,1
9800,'3',809,,18717,37,,,1,48,,18716,37,,,1,88,,18715,37,,,1,92,,18714,37,,,1,93,,18713,37,,,1,90,,18712,37,,,1,93,,18711,37,,,1,93,,18710,37,,,1,53,,18709,37,,,1,93,,18708,37,,,1,93,,18707,37,,,1,96,,18706,37,,,1,88,,18705,37,,,1,91,,18704,37,,,1,87,,18703,37,,,1,48,,18702,37,,,1
9800,'80',809,,18733,37,,,1,48,,18732,37,,,1,88,,18731,37,,,1,92,,18730,37,,,1,93,,18729,37,,,1,90,,18728,37,,,1,93,,18727,37,,,1,93,,18726,37,,,1,53,,18725,37,,,1,93,,18724,37,,,1,93,,18723,37,,,1,96,,18722,37,,,1,88,,18721,37,,,1,91,,18720,37,,,1,87,,18719,37,,,1,48,,18718,37,,,1
989900,'1',2130,,22653,80,,,1,73,,22654,80,,,1,38,,22655,80,,,1,78,,22656,80,,,1,35,,22657,80,,,1,72,,22658,80,,,1,75,,22659,80,,,1,35,,22660,80,,,1,74,,22661,80,0,5 6,1,35,,22662,80,0,5 6,1,79,,22663,80,0,5 6,1
989900,'2',2134,,22664,80,,,1,94,,22665,80,,,1,86,,22666,80,,,1,91,,22667,80,,,1,46,,22668,80,,,1,86,,22669,80,,,1,82,,22670,80,0,5 6,1,86,,22671,80,0,5 6,1,46,,22672,80,0,5 6,1
989900,'3',2149,,22673,80,,,1,90,,22674,80,,,1,85,,22675,80,,,1,90,,22676,80,,,1,40,,22677,80,,,1,83,,22678,80,,,1,78,,22679,80,0,5 6,1,43,,22680,80,0,5 6,1,83,,22681,80,0,5 6,1
989900,'80',2149,,22682,80,,,1,90,,22683,80,,,1,85,,22684,80,,,1,90,,22685,80,,,1,40,,22686,80,,,1,83,,22687,80,,,1,78,,22688,80,0,5 6,1,43,,22689,80,0,5 6,1,83,,22690,80,0,5 6,1
