8500,'1',546,,29617,10,,,1,56,,29618,10,,,1,16,,29619,10,,,1,16,,29620,10,,,1,16,,29621,10,,,1,56,,29622,10,,,1,16,,29623,10,,,1,16,,29624,10,,,1,16,,29625,10,,,1,56,,29626,10,,,1,16,,29627,10,,,1,16,,29628,10,,,1,16,,29629,10,,,1,65,,29630,10,,,1,25,,29631,10,,,1,64,,29632,10,,,1,25,,29633,10,,,1,65,,29634,10,,,1,25,,29635,10,,,1,25,,29636,10,,,1,65,,29637,10,,,1,25,,29638,10,,,1,65,,29639,10,,,1,25,,29640,10,,,1,20,,29641,10,,,1
8500,'2',634,,29697,10,,,1,70,,29698,10,,,1,30,,29699,10,,,1,68,,29700,10,,,1,31,,29701,10,,,1,70,,29702,10,,,1,30,,29703,10,,,1,72,,29704,10,,,1,30,,29705,10,,,1,71,,29669,10,,,1,22,,29670,10,,,1,23,,29671,10,,,1,63,,29672,10,,,1,23,,29673,10,,,1,63,,29674,10,,,1,23,,29675,10,,,1,23,,29676,10,,,1,63,,29677,10,,,1,23,,29678,10,,,1,23,,29679,10,,,1,63,,29680,10,,,1,23,,29681,10,,,1,63,,29682,10,,,1,23,,29683,10,,,1,21,,29684,10,,,1,65,,29685,10,,,1,17,,29686,10,,,1,21,,29687,10,,,1,61,,29688,10,,,1,21,,29689,10,,,1,21,,29690,10,,,1,61,,29691,10,,,1,21,,29692,10,,,1,21,,29693,10,,,1,61,,29694,10,,,1,21,,29695,10,,,1,61,,29696,10,,,1,30,,29706,10,,,1,70,,29707,10,,,1,30,,29708,10,,,1
8500,'3',924,,29709,10,,,1,80,,29710,10,,,1,40,,29711,10,,,1,80,,29712,10,,,1,91,,29713,10,,,1,43,,29714,10,,,1,83,,29715,10,,,1,83,,29716,10,,,1,82,,29717,10,,,1,43,,29718,10,,,1,82,,29719,10,,,1,74,,29720,10,,,1,41,,29721,10,,,1,85,,29722,10,,,1,77,,29723,10,,,1,41,,29724,10,,,1,81,,29725,10,,,1
8500,'74',634,,29756,10,,,1,70,,29757,10,,,1,30,,29758,10,,,1,68,,29759,10,,,1,31,,29760,10,,,1,70,,29761,10,,,1,30,,29762,10,,,1,72,,29763,10,,,1,30,,29764,10,,,1,71,,29728,10,,,1,22,,29729,10,,,1,23,,29730,10,,,1,63,,29731,10,,,1,23,,29732,10,,,1,63,,29733,10,,,1,23,,29734,10,,,1,23,,29735,10,,,1,63,,29736,10,,,1,23,,29737,10,,,1,23,,29738,10,,,1,63,,29739,10,,,1,23,,29740,10,,,1,63,,29741,10,,,1,23,,29742,10,,,1,21,,29743,10,,,1,65,,29744,10,,,1,17,,29745,10,,,1,21,,29746,10,,,1,61,,29747,10,,,1,21,,29748,10,,,1,21,,29749,10,,,1,61,,29750,10,,,1,21,,29751,10,,,1,21,,29752,10,,,1,61,,29753,10,,,1,21,,29754,10,,,1,61,,29755,10,,,1,30,,29765,10,,,1,70,,29766,10,,,1,30,,29767,10,,,1
8500,'80',924,,29768,10,,,1,80,,29769,10,,,1,40,,29770,10,,,1,80,,29771,10,,,1,91,,29772,10,,,1,43,,29773,10,,,1,83,,29774,10,,,1,83,,29775,10,,,1,82,,29776,10,,,1,43,,29777,10,,,1,82,,29778,10,,,1,74,,29779,10,,,1,41,,29780,10,,,1,85,,29781,10,,,1,77,,29782,10,,,1,41,,29783,10,,,1,81,,29784,10,,,1
8501,'1',1358,,29808,61,,,1,65,,29812,61,,,1,25,,29813,61,,,1,66,,29814,61,,,1,16,,29841,61,,,1,16,,29842,61,,,1,56,,29831,61,,,1,16,,29830,61,,,1,16,,29829,61,,,1,72,,29828,61,,,1,25,,29827,61,,,1,16,,29815,61,,,1,59,,29816,61,,,1,13,,29817,61,,,1,6,,29818,61,,,1,16,,29819,61,,,1,11,,29820,61,,,1,59,,29821,61,,,1,13,,29822,61,,,1,16,,29823,61,,,1,16,,29824,61,,,1,56,,29825,61,,,1,12,,29826,61,,,1,32,,29834,61,,,1,63,,29833,61,,,1,25,,29832,61,,,1,62,,29838,61,,,1,29,,29837,61,,,1,71,,29835,61,,,1,32,,29836,61,,,1
8501,'2',2249,,29881,61,,,1,70,,29882,61,,,1
8501,'3',2104,,29883,61,,,1,41,,29884,61,,,1
8501,'74',2249,,29940,61,,,1,70,,29941,61,,,1
8501,'80',2104,,29956,61,,,1,41,,29957,61,,,1
