60301,'1',600,,10162,14,,,1,20,,10163,14,,,1,16,,10164,14,,,1,18,,10165,14,,,1,58,,10166,14,,,1,21,,10167,14,,,1,18,,10168,14,,,1,60,,10169,14,,,1,23,,10170,14,,,1,18,,10171,14,,,1,58,,10172,14,,,1,13,,10173,14,,,1,19,,10174,14,,,1,62,,10175,14,,,1,22,,10176,14,,,1,22,,10177,14,,,1,64,,10178,14,,,1,22,,10179,14,,,1,22,,10180,14,,,1,62,,10181,14,,,1,22,,10182,14,,,1,62,,10183,14,,,1,22,,10184,14,,,1,22,,10185,14,,,1,62,,10186,14,,,1,22,,10187,14,,,1,22,,10188,14,,,1,63,,10189,14,,,1,16,,10190,14,,,1,16,,10191,14,,,1,56,,10192,14,,,1,16,,10193,14,,,1,16,,10194,14,,,1,16,,10195,14,,,1,56,,10196,14,,,1,16,,10197,14,,,1,16,,10198,14,,,1,16,,10199,14,,,1,56,,10200,14,,,1,16,,10201,14,,,1,12,,10202,14,,,1,16,,10203,14,,,1,56,,10204,14,,,1,16,,10205,14,,,1,26,,10206,14,,,1,67,,10207,14,,,1,30,,10208,14,,,1,70,,10209,14,,,1,30,,10210,14,,,1,70,,10211,14,,,1,34,,10212,14,,,1,82,,10213,14,,,1,77,,10214,14,,,1
60301,'2',607,,10217,14,,,1,40,,10218,14,,,1,84,,10219,14,,,1,80,,10220,14,,,1,38,,10221,14,,,1,84,,10222,14,,,1,80,,10223,14,,,1,38,,10224,14,,,1,88,,10225,14,,,1,77,,10226,14,,,1,38,,10227,14,,,1,79,,10228,14,,,1,78,,10229,14,,,1,37,,10230,14,,,1,81,,10231,14,,,1,77,,10232,14,,,1,38,,10233,14,,,1,75,,10234,14,,,1,38,,10235,14,,,1,77,,10236,14,,,1,78,,10237,14,,,1,36,,10238,14,,,1,91,,10239,14,,,1,78,,10240,14,,,1,38,,10241,14,,,1,80,,10242,14,,,1,96,,10243,14,,,1,92,,10244,14,,,1,92,,10245,14,,,1
60301,'3',821,,10249,14,,,1,80,,10250,14,,,1,36,,10251,14,,,1,89,,10252,14,,,1,81,,10253,14,,,1,42,,10254,14,,,1,81,,10255,14,,,1,85,,10256,14,,,1,42,,10257,14,,,1,82,,10258,14,,,1,82,,10259,14,,,1,81,,10260,14,,,1,39,,10261,14,,,1,76,,10262,14,,,1,37,,10263,14,,,1,75,,10264,14,,,1,73,,10265,14,,,1,36,,10266,14,,,1,75,,10267,14,,,1,35,,10268,14,,,1,76,,10269,14,,,1,80,,10270,14,,,1,103,,10271,14,,,1,103,,10272,14,,,1,106,,10273,14,,,1
60301,'80',821,,10277,14,,,1,80,,10278,14,,,1,36,,10279,14,,,1,89,,10280,14,,,1,81,,10281,14,,,1,42,,10282,14,,,1,81,,10283,14,,,1,85,,10284,14,,,1,42,,10285,14,,,1,82,,10286,14,,,1,82,,10287,14,,,1,81,,10288,14,,,1,39,,10289,14,,,1,76,,10290,14,,,1,37,,10291,14,,,1,75,,10292,14,,,1,73,,10293,14,,,1,36,,10294,14,,,1,75,,10295,14,,,1,35,,10296,14,,,1,76,,10297,14,,,1,80,,10298,14,,,1,103,,10299,14,,,1,103,,10300,14,,,1,106,,10301,14,,,1
60301,'81',821,,10305,14,,,1,80,,10306,14,,,1,36,,10307,14,,,1,89,,10308,14,,,1,81,,10309,14,,,1,42,,10310,14,,,1,81,,10311,14,,,1,85,,10312,14,,,1,42,,10313,14,,,1,82,,10314,14,,,1,82,,10315,14,,,1,81,,10316,14,,,1,39,,10317,14,,,1,76,,10318,14,,,1,37,,10319,14,,,1,75,,10320,14,,,1,73,,10321,14,,,1,36,,10322,14,,,1,75,,10323,14,,,1,35,,10324,14,,,1,76,,10325,14,,,1,80,,10326,14,,,1,103,,10327,14,,,1,103,,10328,14,,,1,106,,10329,14,,,1
6030101,'1',617,,12362,14,,,1,17,,12363,14,,,1,18,,12364,14,,,1,58,,12365,14,,,1,18,,12366,14,,,1,22,,12367,14,,,1,58,,12368,14,,,1,23,,12369,14,,,1,18,,12370,14,,,1,58,,12371,14,,,1,13,,12372,14,,,1,18,,12373,14,,,1,21,,12374,14,,,1,62,,12375,14,,,1,22,,12376,14,,,1,64,,12377,14,,,1,22,,12378,14,,,1,22,,12379,14,,,1,62,,12380,14,,,1,22,,12381,14,,,1,22,,12382,14,,,1,62,,12383,14,,,1,23,,12384,14,,,1,62,,12385,14,,,1,22,,12386,14,,,1,22,,12387,14,,,1,62,,12388,14,,,1,19,,12389,14,,,1,16,,12390,14,,,1,56,,12391,14,,,1,16,,12392,14,,,1,16,,12393,14,,,1,16,,12394,14,,,1,56,,12395,14,,,1,16,,12396,14,,,1,16,,12397,14,,,1,16,,12398,14,,,1,56,,12399,14,,,1,16,,12400,14,,,1,12,,12401,14,,,1,16,,12402,14,,,1,56,,12403,14,,,1,16,,12404,14,,,1,19,,12405,14,,,1,70,,12406,14,,,1,28,,12407,14,,,1,70,,12408,14,,,1,30,,12409,14,,,1,70,,12410,14,,,1,29,,12411,14,,,1,80,,12412,14,,,1,80,,12413,14,,,1,38,,12414,14,,,1
6030101,'2',632,,12415,14,,,1,80,,12416,14,,,1,41,,12417,14,,,1,80,,12418,14,,,1,81,,12419,14,,,1,44,,12420,14,,,1,78,,12421,14,,,1,88,,12435,14,,,1,78,,12434,14,,,1,41,,12422,14,,,1,78,,12423,14,,,1,38,,12424,14,,,1,78,,12425,14,,,1,78,,12426,14,,,1,42,,12427,14,,,1,78,,12428,14,,,1,78,,12429,14,,,1,32,,12430,14,,,1,85,,12431,14,,,1,71,,12432,14,,,1,36,,12433,14,,,1,90,,12437,14,,,1,76,,12436,14,,,1,40,,12441,14,,,1,82,,12442,14,,,1,90,,12446,14,,,1,88,,12443,14,,,1,52,,12444,14,,,1,92,,12445,14,,,1
6030101,'3',808,,12447,14,,,1,36,,12448,14,,,1,79,,12449,14,,,1,83,,12458,14,,,1,44,,12450,14,,,1,84,,12451,14,,,1,82,,12452,14,,,1,41,,12453,14,,,1,86,,12454,14,,,1,82,,12455,14,,,1,79,,12456,14,,,1,42,,12457,14,,,1,82,,12468,14,,,1,78,,12459,14,,,1,37,,12460,14,,,1,76,,12461,14,,,1,33,,12462,14,,,1,76,,12463,14,,,1,76,,12464,14,,,1,31,,12465,14,,,1,78,,12466,14,,,1,33,,12467,14,,,1,94,,12469,14,,,1,106,,12470,14,,,1,105,,12471,14,,,1,106,,12475,14,,,1
6030101,'80',808,,12476,14,,,1,36,,12477,14,,,1,79,,12478,14,,,1,83,,12487,14,,,1,44,,12479,14,,,1,84,,12480,14,,,1,82,,12481,14,,,1,41,,12482,14,,,1,86,,12483,14,,,1,82,,12484,14,,,1,79,,12485,14,,,1,42,,12486,14,,,1,82,,12497,14,,,1,78,,12488,14,,,1,37,,12489,14,,,1,76,,12490,14,,,1,33,,12491,14,,,1,76,,12492,14,,,1,76,,12493,14,,,1,31,,12494,14,,,1,78,,12495,14,,,1,33,,12496,14,,,1,94,,12498,14,,,1,106,,12499,14,,,1,105,,12500,14,,,1,106,,12504,14,,,1
6030101,'81',808,,12505,14,,,1,36,,12506,14,,,1,79,,12507,14,,,1,83,,12516,14,,,1,44,,12508,14,,,1,84,,12509,14,,,1,82,,12510,14,,,1,41,,12511,14,,,1,86,,12512,14,,,1,82,,12513,14,,,1,79,,12514,14,,,1,42,,12515,14,,,1,82,,12526,14,,,1,78,,12517,14,,,1,37,,12518,14,,,1,76,,12519,14,,,1,33,,12520,14,,,1,76,,12521,14,,,1,76,,12522,14,,,1,31,,12523,14,,,1,78,,12524,14,,,1,33,,12525,14,,,1,94,,12527,14,,,1,106,,12528,14,,,1,105,,12529,14,,,1,106,,12533,14,,,1
