9601,'1',501,,6986,32,,,1,28,,6987,32,,,1,29,,6988,32,,,1,70,,6989,32,,,1,77,,6990,32,,,1,34,,6991,32,,,1,78,,6992,32,,,1,32,,6993,32,,,1,74,,6994,32,,,1,32,,6995,32,,,1,79,,6996,32,,,1,80,,6997,32,,,1,43,,6998,32,,,1,75,,6999,32,,,1,72,,7000,32,,,1,46,,7001,32,,,1,80,,7002,32,,,1,18,,7021,32,,,1,61,,7003,32,,,1,28,,7004,32,,,1,67,,7005,32,,,1,27,,7006,32,,,1,27,,7007,32,,,1,67,,7008,32,,,1,26,,7009,32,,,1,62,,7010,32,,,1,25,,7011,32,,,1,65,,7012,32,,,1,25,,7013,32,,,1,25,,7014,32,,,1,65,,7015,32,,,1,28,,7016,32,,,1,70,,7017,32,,,1,30,,7018,32,,,1,70,,7019,32,,,1,24,,7020,32,,,1
9601,'2',827,,7022,32,,,1,99,,7023,32,,,1,100,,7024,32,,,1,99,,7025,32,,,1,99,,7026,32,,,1,99,,7027,32,,,1,99,,7028,32,,,1,99,,7029,32,,,1,99,,7030,32,,,1,99,,7031,32,,,1,89,,7032,32,,,1,51,,7033,32,,,1,97,,7034,32,,,1
9601,'3',927,,7035,32,,,1,94,,7036,32,,,1,94,,7037,32,,,1,94,,7038,32,,,1,94,,7039,32,,,1,54,,7040,32,,,1,94,,7041,32,,,1,94,,7042,32,,,1,92,,7043,32,,,1,94,,7044,32,,,1,93,,7045,32,,,1,94,,7046,32,,,1
9601,'80',927,,7047,32,,,1,94,,7048,32,,,1,94,,7049,32,,,1,94,,7050,32,,,1,94,,7051,32,,,1,54,,7052,32,,,1,94,,7053,32,,,1,94,,7054,32,,,1,92,,7055,32,,,1,94,,7056,32,,,1,93,,7057,32,,,1,94,,7058,32,,,1
9601,'81',927,,7059,32,,,1,94,,7060,32,,,1,94,,7061,32,,,1,94,,7062,32,,,1,94,,7063,32,,,1,54,,7064,32,,,1,94,,7065,32,,,1,94,,7066,32,,,1,92,,7067,32,,,1,94,,7068,32,,,1,93,,7069,32,,,1,94,,7070,32,,,1
9801,'1',536,,7165,41,,,1,75,,7164,41,,,1,37,,7163,41,,,1,75,,7162,41,,,1,36,,7161,41,,,1,75,,7160,41,,,1,75,,7159,41,,,1,35,,7158,41,,,1,75,,7171,41,,,1,100,,7170,41,,,1,98,,7169,41,,,1,98,,7168,41,,,1,101,,7167,41,,,1,40,,7166,41,,,1,80,,7181,41,,,1,80,,7180,41,,,1,40,,7179,41,,,1,80,,7178,41,,,1,80,,7177,41,,,1,38,,7176,41,,,1,78,,7175,41,,,1,91,,7174,41,,,1,87,,7173,41,,,1,48,,7172,41,,,1
9801,'2',543,,7200,41,,,1,86,,7199,41,,,1,86,,7198,41,,,1,86,,7197,41,,,1,48,,7196,41,,,1,96,,7195,41,,,1,94,,7194,41,,,1,98,,7193,41,,,1,94,,7192,41,,,1,101,,7191,41,,,1,98,,7190,41,,,1,98,,7189,41,,,1,96,,7188,41,,,1,98,,7187,41,,,1,98,,7186,41,,,1,94,,7185,41,,,1,86,,7184,41,,,1,49,,7183,41,,,1,87,,7182,41,,,1
9801,'3',726,,7217,41,,,1,88,,7218,41,,,1,89,,7216,41,,,1,48,,7215,41,,,1,88,,7214,41,,,1,96,,7213,41,,,1,93,,7212,41,,,1,93,,7211,41,,,1,95,,7210,41,,,1,93,,7209,41,,,1,93,,7208,41,,,1,53,,7207,41,,,1,93,,7206,41,,,1,90,,7205,41,,,1,86,,7204,41,,,1,86,,7203,41,,,1,47,,7202,41,,,1,88,,7201,41,,,1
9801,'80',726,,7235,41,,,1,88,,7236,41,,,1,89,,7234,41,,,1,48,,7233,41,,,1,88,,7232,41,,,1,96,,7231,41,,,1,93,,7230,41,,,1,93,,7229,41,,,1,95,,7228,41,,,1,93,,7227,41,,,1,93,,7226,41,,,1,53,,7225,41,,,1,93,,7224,41,,,1,90,,7223,41,,,1,86,,7222,41,,,1,86,,7221,41,,,1,47,,7220,41,,,1,88,,7219,41,,,1
9801,'81',726,,7253,41,,,1,88,,7254,41,,,1,89,,7252,41,,,1,48,,7251,41,,,1,88,,7250,41,,,1,96,,7249,41,,,1,93,,7248,41,,,1,93,,7247,41,,,1,95,,7246,41,,,1,93,,7245,41,,,1,93,,7244,41,,,1,53,,7243,41,,,1,93,,7242,41,,,1,90,,7241,41,,,1,86,,7240,41,,,1,86,,7239,41,,,1,47,,7238,41,,,1,88,,7237,41,,,1
910201,'1',637,,11574,15,,,1,85,,11575,15,,,1,85,,11576,15,,,1,45,,11577,15,,,1
989901,'1',2216,,11627,41,,,1,31,,11628,41,,,1,78,,11629,41,,,1,76,,11630,41,,,1,35,,11631,41,,,1,71,,11632,41,,,1,35,,11633,41,,,1,75,,11634,41,,,1
989901,'2',2222,,11635,41,,,1,91,,11636,41,,,1,43,,11637,41,,,1,91,,11640,41,,,1,85,,11638,41,,,1,86,,11639,41,,,1
989901,'3',2234,,11641,41,,,1,88,,11642,41,,,1,83,,11643,41,,,1,49,,11644,41,,,1,79,,11645,41,,,1,83,,11646,41,,,1
989901,'80',2234,,11647,41,,,1,88,,11648,41,,,1,83,,11649,41,,,1,49,,11650,41,,,1,79,,11651,41,,,1,83,,11652,41,,,1
989901,'81',2234,,11653,41,,,1,88,,11654,41,,,1,83,,11655,41,,,1,49,,11656,41,,,1,79,,11657,41,,,1,83,,11658,41,,,1
