9600,'1',658,,6908,70,,,1,87,,6907,70,,,1,71,,6906,70,,,1,37,,6905,70,,,1,67,,6904,70,,,1,33,,6901,70,,,1,74,,6902,70,,,1,30,,6903,70,,,1,72,,6916,70,,,1,28,,6915,66,,,1,79,,6909,66,,,1,79,,6910,66,,,1,39,,6911,66,,,1,85,,6912,66,,,1,65,,6913,66,,,1,52,,6914,70,,,1,83,,6922,70,,,1,67,,6921,70,,,1,32,,6920,70,,,1,63,,6917,70,,,1,27,,6918,70,,,1,21,,6919,70,,,1,67,,6925,70,,,1,20,,6926,70,,,1,13,,6936,70,,,1,51,,6924,70,,,1,25,,6923,70,,,1,30,,6933,66,,,1,70,,6932,66,,,1,15,,6935,66,,,1,12,,6927,66,,,1,70,,6928,66,,,1,30,,6929,66,,,1,68,,6930,66,,,1,30,,6931,66,,,1,57,,6934,66,,,1
9600,'2',1019,,6937,66,,,1,101,,6938,66,,,1,99,,6939,66,,,1,96,,6940,66,,,1,99,,6941,66,,,1,99,,6942,66,,,1,99,,6943,66,,,1,99,,6944,66,,,1,95,,6945,66,,,1,97,,6946,66,,,1,47,,6947,66,,,1,83,,6948,66,,,1,97,,6949,66,,,1
9600,'3',1110,,6950,66,,,1,94,,6951,66,,,1,54,,6952,66,,,1,94,,6953,66,,,1,94,,6954,66,,,1,94,,6955,66,,,1,94,,6956,66,,,1,94,,6957,66,,,1,92,,6958,66,,,1,94,,6959,66,,,1,94,,6960,66,,,1,51,,6961,66,,,1
9600,'80',1110,,6962,66,,,1,94,,6963,66,,,1,54,,6964,66,,,1,94,,6965,66,,,1,94,,6966,66,,,1,94,,6967,66,,,1,94,,6968,66,,,1,94,,6969,66,,,1,92,,6970,66,,,1,94,,6971,66,,,1,94,,6972,66,,,1,51,,6973,66,,,1
9600,'81',1110,,6974,66,,,1,94,,6975,66,,,1,54,,6976,66,,,1,94,,6977,66,,,1,94,,6978,66,,,1,94,,6979,66,,,1,94,,6980,66,,,1,94,,6981,66,,,1,92,,6982,66,,,1,94,,6983,66,,,1,94,,6984,66,,,1,51,,6985,66,,,1
9800,'1',617,,7091,22,,,1,35,,7090,22,,,1,73,,7089,22,,,1,75,,7088,22,,,1,35,,7087,22,,,1,75,,7086,22,,,1,98,,7082,22,,,1,98,,7079,22,,,1,94,,7084,22,,,1,58,,7083,22,,,1,80,,7071,22,,,1,78,,7081,22,,,1,40,,7080,22,,,1,80,,7078,22,,,1,80,,7077,22,,,1,40,,7076,22,,,1,85,,7075,22,,,1,80,,7074,22,,,1,94,,7073,22,,,1,91,,7072,22,,,1,50,,7085,22,,,1
9800,'2',616,,7109,22,,,1,86,,7108,22,,,1,44,,7107,22,,,1,94,,7106,22,,,1,93,,7105,22,,,1,90,,7104,22,,,1,94,,7103,22,,,1,98,,7102,22,,,1,98,,7101,22,,,1,96,,7100,22,,,1,98,,7099,22,,,1,98,,7098,22,,,1,100,,7097,22,,,1,102,,7096,22,,,1,49,,7095,22,,,1,93,,7094,22,,,1,89,,7093,22,,,1,85,,7092,22,,,1
9800,'3',801,,7125,22,,,1,48,,7124,22,,,1,88,,7123,22,,,1,91,,7122,22,,,1,93,,7121,22,,,1,90,,7120,22,,,1,93,,7119,22,,,1,53,,7118,22,,,1,93,,7117,22,,,1,93,,7116,22,,,1,93,,7115,22,,,1,97,,7114,22,,,1,88,,7113,22,,,1,91,,7112,22,,,1,47,,7111,22,,,1,88,,7110,22,,,1
9800,'80',801,,7141,22,,,1,48,,7140,22,,,1,88,,7139,22,,,1,91,,7138,22,,,1,93,,7137,22,,,1,90,,7136,22,,,1,93,,7135,22,,,1,53,,7134,22,,,1,93,,7133,22,,,1,93,,7132,22,,,1,93,,7131,22,,,1,97,,7130,22,,,1,88,,7129,22,,,1,91,,7128,22,,,1,47,,7127,22,,,1,88,,7126,22,,,1
9800,'81',801,,7157,22,,,1,48,,7156,22,,,1,88,,7155,22,,,1,91,,7154,22,,,1,93,,7153,22,,,1,90,,7152,22,,,1,93,,7151,22,,,1,53,,7150,22,,,1,93,,7149,22,,,1,93,,7148,22,,,1,93,,7147,22,,,1,97,,7146,22,,,1,88,,7145,22,,,1,91,,7144,22,,,1,47,,7143,22,,,1,88,,7142,22,,,1
989900,'1',2121,,11580,65,,,1,34,,11581,65,,,1,78,,11582,65,,,1,78,,11583,65,,,1,35,,11584,65,,,1,71,,11585,65,,,1,35,,11586,65,,,1,75,,11587,65,,,1,76,,11588,65,0,5 6,1,35,,11589,65,0,5 6,1,79,,11590,65,0,5 6,1
989900,'2',2125,,11591,65,,,1,94,,11592,65,,,1,86,,11593,65,,,1,52,,11594,65,,,1,86,,11595,65,,,1,86,,11596,65,,,1,84,,11597,65,0,5 6,1,46,,11598,65,0,5 6,1,86,,11599,65,0,5 6,1
989900,'3',2141,,11600,65,,,1,90,,11601,65,,,1,85,,11602,65,,,1,90,,11603,65,,,1,40,,11604,65,,,1,83,,11605,65,,,1,79,,11606,65,0,5 6,1,43,,11607,65,0,5 6,1,83,,11608,65,0,5 6,1
989900,'80',2141,,11609,65,,,1,90,,11610,65,,,1,85,,11611,65,,,1,90,,11612,65,,,1,40,,11613,65,,,1,83,,11614,65,,,1,79,,11615,65,0,5 6,1,43,,11616,65,0,5 6,1,83,,11617,65,0,5 6,1
989900,'81',2141,,11618,65,,,1,90,,11619,65,,,1,85,,11620,65,,,1,90,,11621,65,,,1,40,,11622,65,,,1,83,,11623,65,,,1,79,,11624,65,0,5 6,1,43,,11625,65,0,5 6,1,83,,11626,65,0,5 6,1
