1601,'1',517,,2587,6,,,1,22,,2588,6,,,1,62,,2589,6,,,1,19,,2590,6,,,1,7,,2555,46,,,1,25,,2554,46,,,1,62,,2546,46,,,1,22,,2547,46,,,1,70,,2548,46,,,1,22,,2549,46,,,1,22,,2550,46,,,1,62,,2551,46,,,1,9,,2552,46,,,1,26,,2553,46,,,1,61,,2566,46,,,1,24,,2565,46,,,1,68,,2556,46,,,1,32,,2557,46,,,1,71,,2558,46,,,1,29,,2559,46,,,1,71,,2560,46,,,1,31,,2561,46,,,1,69,,2562,46,,,1,22,,2591,6,,,1,13,,2563,46,,,1,70,,2564,46,,,1,21,,2583,46,,,1,23,,2582,46,,,1,63,,2567,46,,,1,17,,2568,46,,,1,69,,2569,46,,,1,24,,2570,46,,,1,23,,2571,46,,,1,63,,2572,46,,,1,21,,2573,46,,,1,23,,2574,46,,,1,57,,2575,46,,,1,23,,2576,46,,,1,23,,2577,46,,,1,63,,2578,46,,,1,23,,2579,46,,,1,63,,2580,46,,,1,20,,2581,46,,,1,28,,2586,46,,,1,74,,2584,46,,,1,30,,2585,46,,,1,74,,2592,46,,,1
1601,'2',625,,2597,6,,,1,78,,2598,6,,,1,30,,2596,46,,,1,80,,2593,46,,,1,38,,2594,46,,,1,78,,2595,46,,,1,78,,2599,46,,,1,38,,2600,46,,,1,78,,2601,46,,,1,79,,2602,46,,,1,38,,2603,46,,,1,78,,2604,46,,,1,82,,2613,46,,,1,42,,2605,46,,,1,81,,2606,46,,,1,81,,2607,46,,,1,40,,2608,46,,,1,81,,2609,46,,,1,81,,2610,46,,,1,41,,2611,46,,,1,77,,2612,46,,,1,81,,2620,46,,,1,32,,2614,46,,,1,76,,2615,46,,,1,38,,2616,46,,,1,72,,2617,46,,,1,36,,2618,46,,,1,73,,2619,46,,,1
1601,'3',813,,2621,46,,,1,95,,2622,46,,,1,96,,2623,46,,,1,55,,2624,46,,,1,95,,2625,46,,,1,95,,2626,46,,,1,98,,2627,46,,,1,96,,2628,46,,,1,98,,2629,46,,,1,98,,2630,46,,,1,99,,2631,46,,,1,92,,2632,46,,,1,90,,2633,46,,,1,92,,2634,46,,,1,92,,2635,46,,,1,49,,2636,46,,,1
1601,'80',813,,2637,46,,,1,95,,2638,46,,,1,96,,2639,46,,,1,55,,2640,46,,,1,95,,2641,46,,,1,95,,2642,46,,,1,98,,2643,46,,,1,96,,2644,46,,,1,98,,2645,46,,,1,98,,2646,46,,,1,99,,2647,46,,,1,92,,2648,46,,,1,90,,2649,46,,,1,92,,2650,46,,,1,92,,2651,46,,,1,49,,2652,46,,,1
1601,'81',813,,2653,46,,,1,95,,2654,46,,,1,96,,2655,46,,,1,55,,2656,46,,,1,95,,2657,46,,,1,95,,2658,46,,,1,98,,2659,46,,,1,96,,2660,46,,,1,98,,2661,46,,,1,98,,2662,46,,,1,99,,2663,46,,,1,92,,2664,46,,,1,90,,2665,46,,,1,92,,2666,46,,,1,92,,2667,46,,,1,49,,2668,46,,,1
8501,'1',511,,5559,6,,,1,16,,5558,6,,,1,16,,5557,6,,,1,16,,5556,6,,,1,56,,5555,6,,,1,16,,5554,6,,,1,16,,5553,6,,,1,56,,5545,6,,,1,16,,5546,6,,,1,16,,5547,6,,,1,16,,5548,6,,,1,56,,5549,6,,,1,16,,5550,6,,,1,16,,5551,6,,,1,15,,5552,6,,,1,66,,5569,6,,,1,25,,5568,6,,,1,64,,5567,6,,,1,25,,5560,6,,,1,25,,5561,6,,,1,65,,5562,6,,,1,25,,5563,6,,,1,65,,5564,6,,,1,25,,5565,6,,,1,65,,5566,6,,,1,25,,5570,6,,,1,25,,5571,6,,,1,60,,5572,6,,,1,16,,5599,6,,,1,16,,5600,6,,,1,56,,5589,6,,,1,15,,5588,6,,,1,16,,5587,6,,,1,20,,5586,6,,,1,57,,5585,6,,,1,16,,5573,6,,,1,19,,5574,6,,,1,13,,5575,6,,,1,60,,5576,6,,,1,16,,5577,6,,,1,11,,5578,6,,,1,59,,5579,6,,,1,13,,5580,6,,,1,16,,5581,6,,,1,16,,5582,6,,,1,57,,5583,6,,,1,19,,5584,6,,,1,32,,5592,6,,,1,69,,5591,6,,,1,25,,5590,6,,,1,62,,5596,6,,,1,29,,5595,6,,,1,72,,5593,6,,,1,32,,5594,6,,,1
8501,'2',634,,5629,6,,,1,70,,5630,6,,,1,30,,5631,6,,,1,70,,5632,6,,,1,30,,5633,6,,,1,70,,5634,6,,,1,30,,5635,6,,,1,70,,5636,6,,,1,30,,5637,6,,,1,70,,5601,6,,,1,23,,5602,6,,,1,24,,5603,6,,,1,63,,5604,6,,,1,23,,5605,6,,,1,63,,5606,6,,,1,23,,5607,6,,,1,23,,5608,6,,,1,63,,5609,6,,,1,23,,5610,6,,,1,23,,5611,6,,,1,63,,5612,6,,,1,23,,5613,6,,,1,63,,5614,6,,,1,22,,5615,6,,,1,21,,5616,6,,,1,62,,5617,6,,,1,23,,5618,6,,,1,21,,5619,6,,,1,61,,5620,6,,,1,18,,5621,6,,,1,21,,5622,6,,,1,61,,5623,6,,,1,21,,5624,6,,,1,21,,5625,6,,,1,61,,5626,6,,,1,21,,5627,6,,,1,21,,5628,6,,,1,70,,5638,6,,,1,30,,5639,6,,,1,70,,5640,6,,,1
8501,'3',826,,5643,6,,,1,81,,5644,6,,,1,40,,5645,6,,,1,80,,5646,6,,,1,83,,5647,6,,,1,43,,5648,6,,,1,83,,5649,6,,,1,83,,5650,6,,,1,83,,5651,6,,,1,43,,5652,6,,,1,83,,5653,6,,,1,81,,5654,6,,,1,42,,5655,6,,,1,84,,5656,6,,,1,76,,5657,6,,,1,41,,5658,6,,,1,83,,5659,6,,,1,79,,5641,6,,,1,41,,5642,6,,,1
8501,'80',826,,5662,6,,,1,81,,5663,6,,,1,40,,5664,6,,,1,80,,5665,6,,,1,83,,5666,6,,,1,43,,5667,6,,,1,83,,5668,6,,,1,83,,5669,6,,,1,83,,5670,6,,,1,43,,5671,6,,,1,83,,5672,6,,,1,81,,5673,6,,,1,42,,5674,6,,,1,84,,5675,6,,,1,76,,5676,6,,,1,41,,5677,6,,,1,83,,5678,6,,,1,79,,5660,6,,,1,41,,5661,6,,,1
8501,'81',826,,5681,6,,,1,81,,5682,6,,,1,40,,5683,6,,,1,80,,5684,6,,,1,83,,5685,6,,,1,43,,5686,6,,,1,83,,5687,6,,,1,83,,5688,6,,,1,83,,5689,6,,,1,43,,5690,6,,,1,83,,5691,6,,,1,81,,5692,6,,,1,42,,5693,6,,,1,84,,5694,6,,,1,76,,5695,6,,,1,41,,5696,6,,,1,83,,5697,6,,,1,79,,5679,6,,,1,41,,5680,6,,,1
