9900,'1',350,,31638,15,,,1,80,,31639,15,,,1,72,,31612,35,,,1,42,,31613,35,,,1,80,,31614,35,,,1,84,,31615,35,,,1,96,,31616,35,,,1,35,,31617,35,,,1,77,,31618,35,,,1,32,,31619,35,,,1,75,,31620,35,,,1,35,,31621,35,,,1,99,,31622,35,,,1,94,,31623,35,,,1,94,,31624,35,,,1,94,,31625,35,,,1,76,,31637,35,,,1,31,,31636,35,,,1,69,,31626,35,,,1,30,,31627,35,,,1,70,,31628,35,,,1,30,,31629,35,,,1,70,,31630,35,,,1,25,,31631,35,,,1,70,,31632,35,,,1,24,,31633,35,,,1,70,,31634,35,,,1,27,,31635,35,,,1
9900,'2',510,,31658,15,,,1,37,,31659,15,,,1,74,,31640,35,,,1,79,,31641,35,,,1,38,,31655,35,,,1,91,,31654,35,,,1,87,,31642,35,,,1,87,,31643,35,,,1,47,,31644,35,,,1,89,,31645,35,,,1,107,,31646,35,,,1,95,,31647,35,,,1,95,,31648,35,,,1,98,,31649,35,,,1,95,,31650,35,,,1,92,,31651,35,,,1,95,,31652,35,,,1,95,,31653,35,,,1,46,,31657,35,,,1,90,,31656,35,,,1
9900,'3',512,,31678,15,,,1,38,,31679,15,,,1,81,,31660,35,,,1,78,,31661,35,,,1,38,,31662,35,,,1,78,,31663,35,,,1,93,,31680,35,,,1,89,,31664,35,,,1,49,,31665,35,,,1,89,,31666,35,,,1,93,,31667,35,,,1,89,,31668,35,,,1,89,,31669,35,,,1,89,,31670,35,,,1,49,,31671,35,,,1,89,,31672,35,,,1,89,,31673,35,,,1,87,,31674,35,,,1,89,,31675,35,,,1,49,,31676,35,,,1,81,,31677,35,,,1
9900,'74',510,,31699,15,,,1,37,,31700,15,,,1,74,,31681,35,,,1,79,,31682,35,,,1,38,,31696,35,,,1,91,,31695,35,,,1,87,,31683,35,,,1,87,,31684,35,,,1,47,,31685,35,,,1,89,,31686,35,,,1,107,,31687,35,,,1,95,,31688,35,,,1,95,,31689,35,,,1,98,,31690,35,,,1,95,,31691,35,,,1,92,,31692,35,,,1,95,,31693,35,,,1,95,,31694,35,,,1,46,,31698,35,,,1,90,,31697,35,,,1
9900,'80',512,,31719,15,,,1,38,,31720,15,,,1,81,,31701,35,,,1,78,,31702,35,,,1,38,,31703,35,,,1,78,,31704,35,,,1,93,,31721,35,,,1,89,,31705,35,,,1,49,,31706,35,,,1,89,,31707,35,,,1,93,,31708,35,,,1,89,,31709,35,,,1,89,,31710,35,,,1,89,,31711,35,,,1,49,,31712,35,,,1,89,,31713,35,,,1,89,,31714,35,,,1,87,,31715,35,,,1,89,,31716,35,,,1,49,,31717,35,,,1,81,,31718,35,,,1
989900,'1',2102,,36830,35,,,1,35,,36831,35,,,1,78,,36832,35,,,1,38,,36833,35,,,1,75,,36834,35,,,1,73,,36835,35,,,1,35,,36836,35,,,1,75,,36837,35,,,1,35,,36838,35,0,5 6,1,75,,36839,35,0,5 6,1,80,,36840,35,0,5 6,1
989900,'2',2106,,36841,35,,,1,94,,36842,35,,,1,48,,36843,35,,,1,93,,36844,35,,,1,86,,36845,35,,,1,86,,36846,35,,,1,45,,36847,35,0,5 6,1,86,,36848,35,0,5 6,1,86,,36849,35,0,5 6,1
989900,'3',2124,,36850,35,,,1,90,,36851,35,,,1,86,,36852,35,,,1,50,,36853,35,,,1,81,,36854,35,,,1,83,,36855,35,,,1,40,,36856,35,0,5 6,1,83,,36857,35,0,5 6,1,83,,36858,35,0,5 6,1
989900,'74',2106,,36859,35,,,1,94,,36860,35,,,1,48,,36861,35,,,1,93,,36862,35,,,1,86,,36863,35,,,1,86,,36864,35,,,1,45,,36865,35,0,5 6,1,86,,36866,35,0,5 6,1,86,,36867,35,0,5 6,1
989900,'80',2124,,36868,35,,,1,90,,36869,35,,,1,86,,36870,35,,,1,50,,36871,35,,,1,81,,36872,35,,,1,83,,36873,35,,,1,40,,36874,35,0,5 6,1,83,,36875,35,0,5 6,1,83,,36876,35,0,5 6,1
