100,'1',408,,23457,32,,,1,38,,23456,32,,,1,71,,23455,32,,,1,42,,23483,47,,,1,78,,23482,47,,,1,81,,23480,47,,,1,38,,23481,47,,,1,73,,23479,47,,,1,75,,23478,47,,,1,35,,23477,47,,,1,109,,23476,47,,,1,153,,23475,47,,,1,112,,23474,47,,,1,116,,23473,47,,,1,87,,23484,47,,,1,43,,23472,47,,,1,71,,23471,47,,,1,77,,23470,47,,,1,31,,23469,47,,,1,74,,23468,47,,,1,34,,23467,47,,,1,65,,23466,47,,,1,24,,23465,47,,,1,98,,23464,47,,,1,102,,23463,47,,,1,100,,23462,47,,,1,91,,23461,47,,,1,95,,23460,47,,,1,89,,23459,47,,,1,95,,23458,47,,,1
100,'74',608,,23507,32,,,1,96,,23485,47,,,1,103,,23486,47,,,1,107,,23487,47,,,1,103,,23488,47,,,1,111,,23489,47,,,1,95,,23490,47,,,1,87,,23491,47,,,1,103,,23492,47,,,1,92,,23493,47,,,1,52,,23494,47,,,1,92,,23495,47,,,1,86,,23496,47,,,1,92,,23497,47,,,1,91,,23498,47,,,1,82,,23499,47,,,1,52,,23500,47,,,1,90,,23501,47,,,1,97,,23502,47,,,1,97,,23503,47,,,1,94,,23504,47,,,1,92,,23505,47,,,1,96,,23506,47,,,1
100,'80',758,,23523,32,,,1,91,,23508,47,,,1,159,,23509,47,,,1,115,,23510,47,,,1,115,,23511,47,,,1,115,,23512,47,,,1,152,,23513,47,,,1,107,,23514,47,,,1,112,,23515,47,,,1,110,,23516,47,,,1,108,,23517,47,,,1,95,,23518,47,,,1,99,,23519,47,,,1,99,,23520,47,,,1,94,,23521,47,,,1,99,,23522,47,,,1
100,'35296.2',608,,23546,32,,,1,96,,23524,47,,,1,103,,23525,47,,,1,107,,23526,47,,,1,103,,23527,47,,,1,111,,23528,47,,,1,95,,23529,47,,,1,87,,23530,47,,,1,103,,23531,47,,,1,92,,23532,47,,,1,52,,23533,47,,,1,92,,23534,47,,,1,86,,23535,47,,,1,92,,23536,47,,,1,91,,23537,47,,,1,82,,23538,47,,,1,52,,23539,47,,,1,90,,23540,47,,,1,97,,23541,47,,,1,97,,23542,47,,,1,94,,23543,47,,,1,92,,23544,47,,,1,96,,23545,47,,,1
100,'35296.3',758,,23562,32,,,1,91,,23547,47,,,1,159,,23548,47,,,1,115,,23549,47,,,1,115,,23550,47,,,1,115,,23551,47,,,1,152,,23552,47,,,1,107,,23553,47,,,1,112,,23554,47,,,1,110,,23555,47,,,1,108,,23556,47,,,1,95,,23557,47,,,1,99,,23558,47,,,1,99,,23559,47,,,1,94,,23560,47,,,1,99,,23561,47,,,1
100,'35298.2',608,,23615,32,,,1,96,,23614,47,,,1,37,,23563,47,,,1,17,,23564,47,,,1,61,,23565,47,,,1,17,,23566,47,,,1,17,,23567,47,,,1,57,,23568,47,,,1,17,,23569,47,,,1,17,,23570,47,,,1,57,,23571,47,,,1,17,,23572,47,,,1,17,,23573,47,,,1,65,,23574,47,,,1,17,,23575,47,,,1,17,,23576,47,,,1,17,,23577,47,,,1,60,,23578,47,,,1,17,,23579,47,,,1,17,,23580,47,,,1,57,,23581,47,,,1,23,,23582,47,,,1,17,,23583,47,,,1,17,,23584,47,,,1,57,,23585,47,,,1,17,,23586,47,,,1,17,,23587,47,,,1,57,,23588,47,,,1,17,,23589,47,,,1,17,,23590,47,,,1,17,,23591,47,,,1,57,,23592,47,,,1,17,,23593,47,,,1,17,,23594,47,,,1,51,,23595,47,,,1,17,,23596,47,,,1,17,,23597,47,,,1,17,,23598,47,,,1,57,,23599,47,,,1,17,,23600,47,,,1,17,,23601,47,,,1,16,,23602,47,,,1,57,,23603,47,,,1,17,,23604,47,,,1,17,,23605,47,,,1,51,,23606,47,,,1,52,,23607,47,,,1,90,,23608,47,,,1,97,,23609,47,,,1,97,,23610,47,,,1,94,,23611,47,,,1,92,,23612,47,,,1,96,,23613,47,,,1
100,'35298.3',739,,23616,47,,,1,17,,23617,47,,,1,57,,23618,47,,,1,17,,23619,47,,,1,17,,23620,47,,,1,57,,23621,47,,,1,17,,23622,47,,,1,24,,23623,47,,,1,57,,23624,47,,,1,17,,23625,47,,,1,17,,23626,47,,,1,20,,23627,47,,,1,57,,23628,47,,,1,17,,23629,47,,,1,17,,23630,47,,,1,60,,23631,47,,,1,17,,23632,47,,,1,17,,23633,47,,,1,17,,23634,47,,,1,57,,23635,47,,,1,20,,23636,47,,,1,17,,23637,47,,,1,57,,23638,47,,,1,17,,23639,47,,,1,17,,23640,47,,,1,57,,23641,47,,,1,17,,23642,47,,,1,17,,23643,47,,,1,17,,23644,47,,,1,52,,23645,47,,,1,17,,23646,47,,,1,17,,23647,47,,,1,17,,23648,47,,,1,57,,23649,47,,,1,17,,23650,47,,,1,17,,23651,47,,,1,57,,23652,47,,,1,17,,23653,47,,,1,15,,23654,47,,,1,17,,23655,47,,,1,57,,23656,47,,,1,17,,23657,47,,,1,13,,23658,47,,,1,99,,23659,47,,,1,99,,23660,47,,,1,99,,23661,47,,,1,94,,23662,47,,,1,99,,23663,47,,,1
1601,'1',550,,26588,5,,,1,62,,26587,5,,,1,22,,26579,5,,,1,22,,26580,5,,,1,62,,26581,5,,,1,22,,26582,5,,,1,62,,26583,5,,,1,22,,26584,5,,,1,17,,26585,5,,,1,66,,26586,5,,,1,21,,26599,5,,,1,24,,26598,5,,,1,68,,26589,5,,,1,32,,26590,5,,,1,71,,26591,5,,,1,31,,26592,5,,,1,71,,26593,5,,,1,31,,26594,5,,,1,69,,26595,5,,,1,33,,26596,5,,,1,67,,26597,5,,,1,21,,26616,5,,,1,63,,26615,5,,,1,23,,26600,5,,,1,17,,26601,5,,,1,69,,26602,5,,,1,23,,26603,5,,,1,63,,26604,5,,,1,23,,26605,5,,,1,23,,26606,5,,,1,63,,26607,5,,,1,23,,26608,5,,,1,23,,26609,5,,,1,63,,26610,5,,,1,23,,26611,5,,,1,63,,26612,5,,,1,23,,26613,5,,,1,22,,26614,5,,,1,68,,26619,5,,,1,34,,26617,5,,,1,74,,26618,5,,,1,74,,26625,5,,,1
1601,'2',658,,26635,5,,,1,78,,26626,5,,,1,78,,26627,5,,,1,38,,26628,5,,,1,78,,26629,5,,,1,78,,26630,5,,,1,38,,26631,5,,,1,78,,26632,5,,,1,78,,26633,5,,,1,38,,26634,5,,,1,84,,26644,5,,,1,81,,26636,5,,,1,41,,26637,5,,,1,81,,26638,5,,,1,81,,26639,5,,,1,41,,26640,5,,,1,81,,26641,5,,,1,81,,26642,5,,,1,37,,26643,5,,,1,81,,26651,5,,,1,72,,26645,5,,,1,36,,26646,5,,,1,78,,26647,5,,,1,34,,26648,5,,,1,76,,26649,5,,,1,33,,26650,5,,,1
1601,'3',738,,26654,5,,,1,95,,26655,5,,,1,95,,26656,5,,,1,95,,26657,5,,,1,95,,26658,5,,,1,95,,26659,5,,,1,98,,26660,5,,,1,98,,26661,5,,,1,98,,26662,5,,,1,98,,26663,5,,,1,98,,26664,5,,,1,52,,26665,5,,,1,92,,26666,5,,,1,92,,26667,5,,,1,92,,26668,5,,,1,92,,26669,5,,,1
1601,'74',658,,26679,5,,,1,78,,26670,5,,,1,78,,26671,5,,,1,38,,26672,5,,,1,78,,26673,5,,,1,78,,26674,5,,,1,38,,26675,5,,,1,78,,26676,5,,,1,78,,26677,5,,,1,38,,26678,5,,,1,84,,26688,5,,,1,81,,26680,5,,,1,41,,26681,5,,,1,81,,26682,5,,,1,81,,26683,5,,,1,41,,26684,5,,,1,81,,26685,5,,,1,81,,26686,5,,,1,37,,26687,5,,,1,81,,26695,5,,,1,72,,26689,5,,,1,36,,26690,5,,,1,78,,26691,5,,,1,34,,26692,5,,,1,76,,26693,5,,,1,33,,26694,5,,,1
1601,'80',738,,26698,5,,,1,95,,26699,5,,,1,95,,26700,5,,,1,95,,26701,5,,,1,95,,26702,5,,,1,95,,26703,5,,,1,98,,26704,5,,,1,98,,26705,5,,,1,98,,26706,5,,,1,98,,26707,5,,,1,98,,26708,5,,,1,52,,26709,5,,,1,92,,26710,5,,,1,92,,26711,5,,,1,92,,26712,5,,,1,92,,26713,5,,,1
30301,'1',1627,,32980,7,,,1,31,,32977,7,,,1,60,,32978,7,,,1,10,,32979,7,,,1,17,,32981,7,,,1,10,,32976,7,,,1,53,,32982,7,,,1,12,,32983,7,,,1,15,,32975,7,,,1
52201,'1',901,,34051,5,,,1,121,,34045,5,,,1,119,,34046,5,,,1,159,,34047,5,,,1,119,,34048,5,,,1,120,,34049,5,,,1,119,,34050,5,,,1
60300,'1',521,,34741,22,,,1,20,,34742,22,,,1,63,,34743,22,,,1,22,,34744,22,,,1,23,,34745,22,,,1,58,,34746,22,,,1,25,,34747,22,,,1,18,,34748,22,,,1,58,,34749,22,,,1,22,,34750,22,,,1,18,,34751,22,,,1,58,,34752,22,,,1,18,,34753,22,,,1,18,,34754,22,,,1,58,,34755,22,,,1,22,,34756,22,,,1,22,,34757,22,,,1,62,,34758,22,,,1,24,,34759,22,,,1,22,,34760,22,,,1,62,,34761,22,,,1,22,,34762,22,,,1,22,,34763,22,,,1,62,,34764,22,,,1,23,,34765,22,,,1,62,,34766,22,,,1,22,,34767,22,,,1,22,,34768,22,,,1,62,,34769,22,,,1,24,,34770,22,,,1,16,,34771,22,,,1,56,,34772,22,,,1,16,,34773,22,,,1,16,,34774,22,,,1,16,,34775,22,,,1,56,,34776,22,,,1,16,,34777,22,,,1,16,,34778,22,,,1,57,,34779,22,,,1,16,,34780,22,,,1,14,,34781,22,,,1,16,,34782,22,,,1,9,,34783,22,,,1,56,,34784,22,,,1,16,,34785,22,,,1,12,,34786,22,,,1,70,,34787,22,,,1,30,,34788,22,,,1,70,,34789,22,,,1,28,,34790,22,,,1,66,,34791,22,,,1,30,,34792,22,,,1,80,,34793,22,,,1,38,,34794,22,,,1,82,,34795,22,,,1,87,,34796,22,,,1
60300,'74',553,,34797,22,,,1,82,,34798,22,,,1,80,,34799,22,,,1,42,,34800,22,,,1,80,,34801,22,,,1,85,,34802,22,,,1,85,,34803,22,,,1,42,,34804,22,,,1,77,,34805,22,,,1,78,,34806,22,,,1,44,,34807,22,,,1,74,,34808,22,,,1,78,,34809,22,,,1,38,,34810,22,,,1,78,,34811,22,,,1,38,,34812,22,,,1,78,,34813,22,,,1,78,,34814,22,,,1,34,,34815,22,,,1,81,,34816,22,,,1,76,,34817,22,,,1,38,,34818,22,,,1,76,,34819,22,,,1,40,,34820,22,,,1,79,,34821,22,,,1,76,,34822,22,,,1,44,,34823,22,,,1,89,,34824,22,,,1,92,,34825,22,,,1
60300,'80',736,,34826,22,,,1,76,,34827,22,,,1,40,,34828,22,,,1,78,,34829,22,,,1,82,,34830,22,,,1,46,,34831,22,,,1,85,,34832,22,,,1,82,,34833,22,,,1,82,,34834,22,,,1,42,,34835,22,,,1,83,,34836,22,,,1,84,,34837,22,,,1,39,,34838,22,,,1,76,,34839,22,,,1,75,,34840,22,,,1,36,,34841,22,,,1,74,,34842,22,,,1,35,,34843,22,,,1,72,,34844,22,,,1,36,,34845,22,,,1,74,,34846,22,,,1,75,,34847,22,,,1,51,,34848,22,,,1,145,,34849,22,,,1,101,,34850,22,,,1,106,,34851,22,,,1
60300,'35296.2',553,,34852,22,,,1,82,,34853,22,,,1,80,,34854,22,,,1,42,,34855,22,,,1,80,,34856,22,,,1,85,,34857,22,,,1,85,,34858,22,,,1,42,,34859,22,,,1,77,,34860,22,,,1,78,,34861,22,,,1,44,,34862,22,,,1,74,,34863,22,,,1,78,,34864,22,,,1,38,,34865,22,,,1,78,,34866,22,,,1,38,,34867,22,,,1,78,,34868,22,,,1,78,,34869,22,,,1,34,,34870,22,,,1,81,,34871,22,,,1,76,,34872,22,,,1,38,,34873,22,,,1,76,,34874,22,,,1,40,,34875,22,,,1,79,,34876,22,,,1,76,,34877,22,,,1,44,,34878,22,,,1,89,,34879,22,,,1,92,,34880,22,,,1
60300,'35296.3',736,,34881,22,,,1,76,,34882,22,,,1,40,,34883,22,,,1,78,,34884,22,,,1,82,,34885,22,,,1,46,,34886,22,,,1,85,,34887,22,,,1,82,,34888,22,,,1,82,,34889,22,,,1,42,,34890,22,,,1,83,,34891,22,,,1,84,,34892,22,,,1,39,,34893,22,,,1,76,,34894,22,,,1,75,,34895,22,,,1,36,,34896,22,,,1,74,,34897,22,,,1,35,,34898,22,,,1,72,,34899,22,,,1,36,,34900,22,,,1,74,,34901,22,,,1,75,,34902,22,,,1,51,,34903,22,,,1,145,,34904,22,,,1,101,,34905,22,,,1,106,,34906,22,,,1
60300,'35297.2',543,,34998,22,,,1,62,,34999,22,,,1,22,,35000,22,,,1,24,,35001,22,,,1,62,,35002,22,,,1,24,,34907,22,,,1,7,,34908,22,,,1,7,,34909,22,,,1,7,,34910,22,,,1,47,,34911,22,,,1,7,,34912,22,,,1,7,,34913,22,,,1,7,,34914,22,,,1,7,,34915,22,,,1,7,,34916,22,,,1,7,,34917,22,,,1,12,,34918,22,,,1,47,,34919,22,,,1,7,,34920,22,,,1,7,,34921,22,,,1,7,,34922,22,,,1,7,,34923,22,,,1,7,,34924,22,,,1,12,,34925,22,,,1,47,,34926,22,,,1,7,,34927,22,,,1,7,,34928,22,,,1,7,,34929,22,,,1,7,,34930,22,,,1,9,,34931,22,,,1,7,,34932,22,,,1,7,,34933,22,,,1,7,,34934,22,,,1,47,,34935,22,,,1,7,,34936,22,,,1,5,,34937,22,,,1,7,,34938,22,,,1,7,,34939,22,,,1,7,,34940,22,,,1,7,,34941,22,,,1,7,,34942,22,,,1,7,,34943,22,,,1,47,,34944,22,,,1,7,,34945,22,,,1,13,,34946,22,,,1,7,,34947,22,,,1,7,,34948,22,,,1,7,,34949,22,,,1,7,,34950,22,,,1,47,,34951,22,,,1,7,,34952,22,,,1,7,,34953,22,,,1,7,,34954,22,,,1,3,,34955,22,,,1,7,,34956,22,,,1,7,,34957,22,,,1,7,,34958,22,,,1,7,,34959,22,,,1,47,,34960,22,,,1,7,,34961,22,,,1,7,,34962,22,,,1,7,,34963,22,,,1,7,,34964,22,,,1,7,,34965,22,,,1,7,,34966,22,,,1,7,,34967,22,,,1,7,,34968,22,,,1,47,,34969,22,,,1,7,,34970,22,,,1,7,,34971,22,,,1,13,,34972,22,,,1,7,,34973,22,,,1,7,,34974,22,,,1,7,,34975,22,,,1,1,,34976,22,,,1,7,,34977,22,,,1,47,,34978,22,,,1,7,,34979,22,,,1,7,,34980,22,,,1,7,,34981,22,,,1,7,,34982,22,,,1,7,,34983,22,,,1,7,,34984,22,,,1,7,,34985,22,,,1,47,,34986,22,,,1,7,,34987,22,,,1,7,,34988,22,,,1,7,,34989,22,,,1,7,,34990,22,,,1,3,,34991,22,,,1,7,,34992,22,,,1,7,,34993,22,,,1,7,,34994,22,,,1,47,,34995,22,,,1,7,,34996,22,,,1,10,,34997,22,,,1,7,,35003,22,,,1,7,,35004,22,,,1,7,,35005,22,,,1,7,,35006,22,,,1,5,,35007,22,,,1,7,,35008,22,,,1,47,,35009,22,,,1,7,,35010,22,,,1,7,,35011,22,,,1,7,,35012,22,,,1,7,,35013,22,,,1,7,,35014,22,,,1,5,,35015,22,,,1,7,,35016,22,,,1,7,,35017,22,,,1,47,,35018,22,,,1,22,,35019,22,,,1,22,,35020,22,,,1,62,,35021,22,,,1,21,,35022,22,,,1,22,,35023,22,,,1,58,,35024,22,,,1,22,,35025,22,,,1,20,,35026,22,,,1,62,,35027,22,,,1,19,,35028,22,,,1,22,,35029,22,,,1,62,,35030,22,,,1,22,,35031,22,,,1,62,,35032,22,,,1
60300,'35297.3',733,,35033,22,,,1,7,,35034,22,,,1,7,,35035,22,,,1,7,,35036,22,,,1,47,,35037,22,,,1,7,,35038,22,,,1,7,,35039,22,,,1,11,,35040,22,,,1,7,,35041,22,,,1,7,,35042,22,,,1,7,,35043,22,,,1,7,,35044,22,,,1,47,,35045,22,,,1,9,,35046,22,,,1,7,,35047,22,,,1,7,,35048,22,,,1,7,,35049,22,,,1,7,,35050,22,,,1,7,,35051,22,,,1,7,,35052,22,,,1,7,,35053,22,,,1,47,,35054,22,,,1,7,,35055,22,,,1,11,,35056,22,,,1,7,,35057,22,,,1,7,,35058,22,,,1,7,,35059,22,,,1,7,,35060,22,,,1,7,,35061,22,,,1,47,,35062,22,,,1,10,,35063,22,,,1,7,,35064,22,,,1,7,,35065,22,,,1,7,,35066,22,,,1,7,,35067,22,,,1,7,,35068,22,,,1,7,,35069,22,,,1,47,,35070,22,,,1,7,,35071,22,,,1,7,,35072,22,,,1,7,,35073,22,,,1,7,,35074,22,,,1,7,,35075,22,,,1,7,,35076,22,,,1,7,,35077,22,,,1,47,,35078,22,,,1,7,,35079,22,,,1,7,,35080,22,,,1,7,,35081,22,,,1,7,,35082,22,,,1,7,,35083,22,,,1,7,,35084,22,,,1,7,,35085,22,,,1,7,,35086,22,,,1,48,,35087,22,,,1,7,,35088,22,,,1,7,,35089,22,,,1,7,,35090,22,,,1,7,,35091,22,,,1,7,,35092,22,,,1,9,,35093,22,,,1,7,,35094,22,,,1,47,,35095,22,,,1,7,,35096,22,,,1,7,,35097,22,,,1,7,,35098,22,,,1,7,,35099,22,,,1,7,,35100,22,,,1,7,,35101,22,,,1,7,,35102,22,,,1,7,,35103,22,,,1,47,,35104,22,,,1,7,,35105,22,,,1,7,,35106,22,,,1,7,,35107,22,,,1,7,,35108,22,,,1,7,,35109,22,,,1,7,,35110,22,,,1,6,,35111,22,,,1,47,,35112,22,,,1,7,,35113,22,,,1,7,,35114,22,,,1,7,,35115,22,,,1,7,,35116,22,,,1,7,,35117,22,,,1,7,,35118,22,,,1,5,,35119,22,,,1,7,,35120,22,,,1,47,,35121,22,,,1,7,,35122,22,,,1,7,,35123,22,,,1,7,,35124,22,,,1,7,,35125,22,,,1,6,,35126,22,,,1,7,,35127,22,,,1,7,,35128,22,,,1,7,,35129,22,,,1,47,,35130,22,,,1,7,,35131,22,,,1,3,,35132,22,,,1,7,,35133,22,,,1,7,,35134,22,,,1,7,,35135,22,,,1,7,,35136,22,,,1,7,,35137,22,,,1,7,,35138,22,,,1,47,,35139,22,,,1,7,,35140,22,,,1,20,,35141,22,,,1,22,,35142,22,,,1,61,,35143,22,,,1,22,,35144,22,,,1,22,,35145,22,,,1,62,,35146,22,,,1,21,,35147,22,,,1,62,,35148,22,,,1,22,,35149,22,,,1,22,,35150,22,,,1,57,,35151,22,,,1,22,,35152,22,,,1,22,,35153,22,,,1,62,,35154,22,,,1
6030100,'1',537,,37453,22,,,1,20,,37454,22,,,1,65,,37455,22,,,1,24,,37456,22,,,1,58,,37457,22,,,1,18,,37458,22,,,1,24,,37459,22,,,1,58,,37460,22,,,1,23,,37461,22,,,1,18,,37462,22,,,1,58,,37463,22,,,1,18,,37464,22,,,1,18,,37465,22,,,1,15,,37466,22,,,1,62,,37467,22,,,1,22,,37468,22,,,1,62,,37469,22,,,1,22,,37470,22,,,1,22,,37471,22,,,1,62,,37472,22,,,1,22,,37473,22,,,1,22,,37474,22,,,1,62,,37475,22,,,1,24,,37476,22,,,1,22,,37477,22,,,1,62,,37478,22,,,1,22,,37479,22,,,1,62,,37480,22,,,1,25,,37481,22,,,1,16,,37482,22,,,1,56,,37483,22,,,1,16,,37484,22,,,1,16,,37485,22,,,1,16,,37486,22,,,1,56,,37487,22,,,1,16,,37488,22,,,1,16,,37489,22,,,1,16,,37490,22,,,1,59,,37491,22,,,1,16,,37492,22,,,1,16,,37493,22,,,1,56,,37494,22,,,1,7,,37495,22,,,1,16,,37496,22,,,1,13,,37497,22,,,1,23,,37498,22,,,1,70,,37499,22,,,1,30,,37500,22,,,1,70,,37501,22,,,1,26,,37502,22,,,1,70,,37503,22,,,1,76,,37504,22,,,1,39,,37505,22,,,1,78,,37506,22,,,1,82,,37507,22,,,1
6030100,'74',536,,37508,22,,,1,80,,37509,22,,,1,85,,37510,22,,,1,44,,37511,22,,,1,80,,37512,22,,,1,80,,37513,22,,,1,42,,37514,22,,,1,80,,37515,22,,,1,85,,37516,22,,,1,39,,37517,22,,,1,79,,37518,22,,,1,78,,37519,22,,,1,35,,37520,22,,,1,78,,37521,22,,,1,81,,37522,22,,,1,38,,37523,22,,,1,77,,37524,22,,,1,38,,37525,22,,,1,78,,37526,22,,,1,79,,37527,22,,,1,38,,37528,22,,,1,80,,37529,22,,,1,71,,37530,22,,,1,39,,37531,22,,,1,80,,37532,22,,,1,80,,37533,22,,,1,38,,37534,22,,,1,90,,37535,22,,,1,86,,37536,22,,,1,92,,37537,22,,,1
6030100,'80',723,,37538,22,,,1,36,,37539,22,,,1,79,,37540,22,,,1,77,,37541,22,,,1,39,,37542,22,,,1,89,,37543,22,,,1,82,,37544,22,,,1,82,,37545,22,,,1,45,,37546,22,,,1,83,,37547,22,,,1,80,,37548,22,,,1,44,,37549,22,,,1,82,,37550,22,,,1,76,,37551,22,,,1,35,,37552,22,,,1,76,,37553,22,,,1,75,,37554,22,,,1,35,,37555,22,,,1,76,,37556,22,,,1,33,,37557,22,,,1,76,,37558,22,,,1,36,,37559,22,,,1,72,,37560,22,,,1,105,,37561,22,,,1,103,,37562,22,,,1,102,,37563,22,,,1
6030100,'35296.3',723,,37594,22,,,1,36,,37595,22,,,1,79,,37596,22,,,1,77,,37597,22,,,1,39,,37598,22,,,1,89,,37599,22,,,1,82,,37600,22,,,1,82,,37601,22,,,1,45,,37602,22,,,1,83,,37603,22,,,1,80,,37604,22,,,1,44,,37605,22,,,1,82,,37606,22,,,1,76,,37607,22,,,1,35,,37608,22,,,1,76,,37609,22,,,1,75,,37610,22,,,1,35,,37611,22,,,1,76,,37612,22,,,1,33,,37613,22,,,1,76,,37614,22,,,1,36,,37615,22,,,1,72,,37616,22,,,1,105,,37617,22,,,1,103,,37618,22,,,1,102,,37619,22,,,1
