8500,'1',623,,5396,42,,,1,16,,5397,42,,,1,16,,5398,42,,,1,56,,5399,42,,,1,16,,5400,42,,,1,21,,5401,42,,,1,56,,5402,42,,,1,16,,5403,42,,,1,16,,5404,42,,,1,16,,5405,42,,,1,56,,5406,42,,,1,10,,5407,41,,,1,16,,5408,41,,,1,25,,5409,41,,,1,65,,5410,41,,,1,20,,5411,41,,,1,65,,5412,41,,,1,25,,5413,41,,,1,25,,5414,41,,,1,65,,5415,41,,,1,26,,5416,41,,,1,65,,5417,41,,,1,26,,5418,41,,,1,65,,5419,41,,,1,20,,5420,41,,,1,16,,5447,27,,,1,58,,5421,27,,,1,20,,5422,27,,,1,16,,5423,27,,,1,17,,5424,27,,,1,56,,5425,27,,,1,24,,5426,28,,,1,13,,5427,28,,,1,56,,5428,28,,,1,16,,5429,28,,,1,18,,5430,28,,,1,16,,5431,28,,,1,56,,5432,28,,,1,16,,5433,28,,,1,10,,5434,28,,,1,16,,5435,28,,,1,56,,5436,28,,,1,16,,5437,28,,,1,16,,5438,28,,,1,13,,5439,27,,,1,65,,5440,27,,,1,27,,5441,27,,,1,65,,5442,27,,,1,32,,5443,27,,,1,72,,5444,27,,,1,32,,5445,27,,,1,72,,5446,27,,,1
8500,'2',701,,5476,41,,,1,30,,5477,41,,,1,70,,5478,41,,,1,28,,5479,41,,,1,75,,5480,41,,,1,30,,5481,41,,,1,70,,5482,41,,,1,34,,5483,41,,,1,70,,5484,41,,,1,31,,5448,41,,,1,62,,5449,41,,,1,25,,5450,41,,,1,23,,5451,41,,,1,63,,5452,41,,,1,23,,5453,41,,,1,23,,5454,41,,,1,63,,5455,41,,,1,23,,5456,41,,,1,63,,5457,41,,,1,23,,5458,41,,,1,23,,5459,41,,,1,63,,5460,41,,,1,23,,5461,41,,,1,63,,5462,41,,,1,21,,5463,41,,,1,21,,5464,41,,,1,57,,5465,41,,,1,21,,5466,41,,,1,21,,5467,41,,,1,61,,5468,41,,,1,21,,5469,41,,,1,21,,5470,41,,,1,59,,5471,41,,,1,21,,5472,41,,,1,21,,5473,41,,,1,61,,5474,41,,,1,21,,5475,41,,,1,30,,5485,41,,,1,70,,5486,41,,,1,30,,5487,41,,,1
8500,'3',836,,5505,13,,,1,80,,5506,13,,,1,39,,5488,41,,,1,80,,5489,41,,,1,81,,5490,41,,,1,40,,5491,41,,,1,91,,5492,41,,,1,83,,5493,41,,,1,83,,5494,41,,,1,43,,5495,41,,,1,82,,5496,41,,,1,83,,5497,41,,,1,83,,5498,41,,,1,34,,5499,41,,,1,81,,5500,41,,,1,85,,5501,41,,,1,37,,5502,41,,,1,81,,5503,41,,,1,81,,5504,41,,,1
8500,'80',836,,5524,13,,,1,80,,5525,13,,,1,39,,5507,41,,,1,80,,5508,41,,,1,81,,5509,41,,,1,40,,5510,41,,,1,91,,5511,41,,,1,83,,5512,41,,,1,83,,5513,41,,,1,43,,5514,41,,,1,82,,5515,41,,,1,83,,5516,41,,,1,83,,5517,41,,,1,34,,5518,41,,,1,81,,5519,41,,,1,85,,5520,41,,,1,37,,5521,41,,,1,81,,5522,41,,,1,81,,5523,41,,,1
8500,'81',836,,5543,13,,,1,80,,5544,13,,,1,39,,5526,41,,,1,80,,5527,41,,,1,81,,5528,41,,,1,40,,5529,41,,,1,91,,5530,41,,,1,83,,5531,41,,,1,83,,5532,41,,,1,43,,5533,41,,,1,82,,5534,41,,,1,83,,5535,41,,,1,83,,5536,41,,,1,34,,5537,41,,,1,81,,5538,41,,,1,85,,5539,41,,,1,37,,5540,41,,,1,81,,5541,41,,,1,81,,5542,41,,,1
10501,'1',2150,,7714,9,,,1,65,,7708,9,,,1,29,,7704,9,,,1,69,,7709,9,,,1,28,,7705,9,,,1,69,,7706,9,,,1,29,,7707,9,,,1
10501,'2',537,,7717,9,,,1,72,,7718,9,,,1,32,,7719,9,,,1,73,,7720,9,,,1,32,,7721,9,,,1,72,,7722,9,,,1,33,,7723,9,,,1,72,,7724,9,,,1,36,,7725,9,,,1,76,,7726,9,,,1,76,,7727,9,,,1,36,,7728,9,,,1,76,,7729,9,,,1,36,,7730,9,,,1,76,,7731,9,,,1,76,,7732,9,,,1,36,,7733,9,,,1,76,,7734,9,,,1,36,,7735,9,,,1,75,,7736,9,,,1,76,,7737,9,,,1,36,,7738,9,,,1,76,,7739,9,,,1,36,,7740,9,,,1,76,,7741,9,,,1,76,,7742,9,,,1,36,,7743,9,,,1,76,,7744,9,,,1,36,,7745,9,,,1,67,,7749,9,0,107 108,1,75,,7746,9,,,1,102,,7747,9,,,1,55,,7748,9,,,1
10501,'3',746,,7751,9,,,1,73,,7750,9,,,1,35,,7753,9,,,1,74,,7754,9,,,1,74,,7755,9,,,1,33,,7756,9,,,1,74,,7757,9,,,1,34,,7758,9,,,1,74,,7759,9,,,1,34,,7760,9,,,1,74,,7761,9,,,1,34,,7762,9,,,1,74,,7763,9,,,1,74,,7764,9,,,1,34,,7765,9,,,1,74,,7766,9,,,1,34,,7767,9,,,1,74,,7768,9,,,1,34,,7769,9,,,1,75,,7770,9,,,1,74,,7771,9,,,1,34,,7772,9,,,1,74,,7773,9,,,1,34,,7774,9,,,1,73,,7775,9,,,1,34,,7776,9,,,1,99,,7777,9,,,1,99,,7778,9,,,1,94,,7752,9,0,107 108,1
10501,'80',746,,7780,9,,,1,73,,7779,9,,,1,35,,7782,9,,,1,74,,7783,9,,,1,74,,7784,9,,,1,33,,7785,9,,,1,74,,7786,9,,,1,34,,7787,9,,,1,74,,7788,9,,,1,34,,7789,9,,,1,74,,7790,9,,,1,34,,7791,9,,,1,74,,7792,9,,,1,74,,7793,9,,,1,34,,7794,9,,,1,74,,7795,9,,,1,34,,7796,9,,,1,74,,7797,9,,,1,34,,7798,9,,,1,75,,7799,9,,,1,74,,7800,9,,,1,34,,7801,9,,,1,74,,7802,9,,,1,34,,7803,9,,,1,73,,7804,9,,,1,34,,7805,9,,,1,99,,7806,9,,,1,99,,7807,9,,,1,94,,7781,9,0,107 108,1
10501,'81',746,,7809,9,,,1,73,,7808,9,,,1,35,,7811,9,,,1,74,,7812,9,,,1,74,,7813,9,,,1,33,,7814,9,,,1,74,,7815,9,,,1,34,,7816,9,,,1,74,,7817,9,,,1,34,,7818,9,,,1,74,,7819,9,,,1,34,,7820,9,,,1,74,,7821,9,,,1,74,,7822,9,,,1,34,,7823,9,,,1,74,,7824,9,,,1,34,,7825,9,,,1,74,,7826,9,,,1,34,,7827,9,,,1,75,,7828,9,,,1,74,,7829,9,,,1,34,,7830,9,,,1,74,,7831,9,,,1,34,,7832,9,,,1,73,,7833,9,,,1,34,,7834,9,,,1,99,,7835,9,,,1,99,,7836,9,,,1,94,,7810,9,0,107 108,1
