7701,'1',436,,29118,9,,,1,17,,29119,9,,,1,53,,29120,9,,,1,15,,29121,9,,,1,16,,29122,9,,,1,15,,29123,9,,,1,55,,29124,9,,,1,16,,29125,9,,,1,16,,29126,9,,,1,16,,29127,9,,,1,57,,29128,9,,,1,16,,29129,9,,,1,16,,29130,9,,,1,56,,29131,9,,,1,16,,29132,9,,,1,16,,29133,9,,,1,17,,29134,9,,,1,56,,29135,9,,,1,15,,29136,9,,,1,16,,29137,9,,,1,16,,29138,9,,,1,56,,29139,9,,,1,31,,29140,9,,,1,70,,29141,9,,,1,30,,29142,9,,,1,70,,29143,9,,,1,30,,29144,9,,,1,71,,29145,9,,,1,30,,29146,9,,,1,70,,29147,9,,,1,19,,29148,9,,,1,19,,29149,9,,,1,59,,29150,9,,,1,19,,29151,9,,,1,19,,29152,9,,,1,59,,29153,9,,,1,19,,29154,9,,,1,19,,29155,9,,,1,59,,29156,9,,,1,19,,29157,9,,,1,19,,29158,9,,,1,19,,29159,9,,,1,58,,29160,9,,,1,19,,29161,9,,,1,18,,29162,9,,,1,58,,29163,9,,,1,19,,29164,9,,,1,19,,29165,9,,,1,67,,29166,9,,,1,27,,29167,9,,,1,67,,29168,9,,,1,27,,29169,9,,,1,67,,29170,9,,,1,33,,29171,9,,,1,72,,29172,9,,,1,33,,29173,9,,,1,72,,29174,9,,,1,33,,29175,9,,,1,73,,29176,9,,,1,33,,29177,9,,,1,75,,29178,9,,,1
7701,'2',518,,29187,9,,,1,35,,29188,9,,,1,75,,29189,9,,,1,75,,29190,9,,,1,35,,29191,9,,,1,75,,29192,9,,,1,35,,29193,9,,,1,75,,29194,9,,,1,86,,29195,9,,,1,42,,29196,9,,,1,81,,29197,9,,,1,81,,29198,9,,,1,41,,29199,9,,,1,82,,29200,9,,,1,81,,29201,9,,,1,42,,29220,9,,,1,73,,29202,9,,,1,73,,29203,9,,,1,33,,29204,9,,,1,73,,29205,9,,,1,31,,29206,9,,,1,73,,29207,9,,,1,30,,29208,9,,,1,70,,29209,9,,,1,30,,29210,9,,,1,70,,29211,9,,,1,30,,29212,9,,,1,70,,29213,9,,,1,30,,29214,9,,,1,70,,29215,9,,,1,30,,29216,9,,,1,69,,29217,9,,,1,30,,29218,9,,,1,76,,29219,9,,,1,36,,29221,9,,,1,70,,29222,9,,,1,33,,29223,9,,,1,73,,29224,9,,,1
7701,'3',917,,29225,9,,,1,92,,29226,9,,,1,92,,29227,9,,,1,53,,29228,9,,,1,92,,29229,9,,,1,92,,29230,9,,,1,93,,29231,9,,,1,90,,29232,9,,,1,92,,29233,9,,,1,92,,29234,9,,,1,53,,29235,9,,,1,93,,29236,9,,,1,91,,29237,9,,,1,86,,29238,9,,,1,89,,29243,9,,,1,84,,29239,9,,,1,48,,29240,9,,,1,88,,29241,9,,,1,83,,29242,9,,,1,87,,29246,9,,,1,39,,29244,9,,,1,80,,29245,9,,,1
7701,'74',518,,29253,9,,,1,35,,29254,9,,,1,75,,29255,9,,,1,75,,29256,9,,,1,35,,29257,9,,,1,75,,29258,9,,,1,35,,29259,9,,,1,75,,29260,9,,,1,86,,29261,9,,,1,42,,29262,9,,,1,81,,29263,9,,,1,81,,29264,9,,,1,41,,29265,9,,,1,82,,29266,9,,,1,81,,29267,9,,,1,42,,29286,9,,,1,73,,29268,9,,,1,73,,29269,9,,,1,33,,29270,9,,,1,73,,29271,9,,,1,31,,29272,9,,,1,73,,29273,9,,,1,30,,29274,9,,,1,70,,29275,9,,,1,30,,29276,9,,,1,70,,29277,9,,,1,30,,29278,9,,,1,70,,29279,9,,,1,30,,29280,9,,,1,70,,29281,9,,,1,30,,29282,9,,,1,69,,29283,9,,,1,30,,29284,9,,,1,76,,29285,9,,,1,36,,29287,9,,,1,70,,29288,9,,,1,33,,29289,9,,,1,73,,29290,9,,,1
7701,'80',917,,29291,9,,,1,92,,29292,9,,,1,92,,29293,9,,,1,53,,29294,9,,,1,92,,29295,9,,,1,92,,29296,9,,,1,93,,29297,9,,,1,90,,29298,9,,,1,92,,29299,9,,,1,92,,29300,9,,,1,53,,29301,9,,,1,93,,29302,9,,,1,91,,29303,9,,,1,86,,29304,9,,,1,89,,29309,9,,,1,84,,29305,9,,,1,48,,29306,9,,,1,88,,29307,9,,,1,83,,29308,9,,,1,87,,29312,9,,,1,39,,29310,9,,,1,80,,29311,9,,,1
9900,'1',446,,31612,9,,,1,80,,31613,9,,,1,80,,31614,9,,,1,41,,31615,9,,,1,91,,31616,9,,,1,75,,31617,9,,,1,36,,31618,9,,,1,74,,31619,9,,,1,35,,31620,9,,,1,75,,31621,9,,,1,96,,31622,9,,,1,94,,31623,9,,,1,94,,31624,9,,,1,94,,31625,9,,,1,29,,31637,9,,,1,71,,31636,9,,,1,29,,31626,9,,,1,70,,31627,9,,,1,30,,31628,9,,,1,70,,31629,9,,,1,30,,31630,9,,,1,70,,31631,9,,,1,30,,31632,9,,,1,68,,31633,9,,,1,30,,31634,9,,,1,70,,31635,9,,,1
9900,'2',604,,31640,9,,,1,38,,31641,9,,,1,78,,31655,9,,,1,88,,31654,9,,,1,47,,31642,9,,,1,87,,31643,9,,,1,87,,31644,9,,,1,87,,31645,9,,,1,104,,31646,9,,,1,95,,31647,9,,,1,95,,31648,9,,,1,95,,31649,9,,,1,95,,31650,9,,,1,55,,31651,9,,,1,95,,31652,9,,,1,95,,31653,9,,,1,88,,31657,9,,,1,90,,31656,9,,,1
9900,'3',611,,31660,9,,,1,38,,31661,9,,,1,78,,31662,9,,,1,78,,31663,9,,,1,51,,31680,9,,,1,89,,31664,9,,,1,89,,31665,9,,,1,89,,31666,9,,,1,89,,31667,9,,,1,89,,31668,9,,,1,49,,31669,9,,,1,89,,31670,9,,,1,89,,31671,9,,,1,89,,31672,9,,,1,89,,31673,9,,,1,49,,31674,9,,,1,89,,31675,9,,,1,89,,31676,9,,,1,87,,31677,9,,,1
9900,'74',604,,31681,9,,,1,38,,31682,9,,,1,78,,31696,9,,,1,88,,31695,9,,,1,47,,31683,9,,,1,87,,31684,9,,,1,87,,31685,9,,,1,87,,31686,9,,,1,104,,31687,9,,,1,95,,31688,9,,,1,95,,31689,9,,,1,95,,31690,9,,,1,95,,31691,9,,,1,55,,31692,9,,,1,95,,31693,9,,,1,95,,31694,9,,,1,88,,31698,9,,,1,90,,31697,9,,,1
9900,'80',611,,31701,9,,,1,38,,31702,9,,,1,78,,31703,9,,,1,78,,31704,9,,,1,51,,31721,9,,,1,89,,31705,9,,,1,89,,31706,9,,,1,89,,31707,9,,,1,89,,31708,9,,,1,89,,31709,9,,,1,49,,31710,9,,,1,89,,31711,9,,,1,89,,31712,9,,,1,89,,31713,9,,,1,89,,31714,9,,,1,49,,31715,9,,,1,89,,31716,9,,,1,89,,31717,9,,,1,87,,31718,9,,,1
36000,'1',838,,33649,9,,,1,69,,33650,9,,,1,29,,33651,9,,,1,69,,33652,9,,,1,28,,33653,9,,,1,69,,33654,9,,,1,44,,33655,9,,,1,84,,33656,9,,,1,85,,33657,9,,,1,44,,33658,9,,,1,84,,33659,9,,,1,84,,33660,9,,,1,84,,33661,9,,,1,44,,33662,9,,,1,83,,33663,9,,,1,84,,33664,9,,,1,83,,33665,9,,,1,44,,33666,9,,,1,84,,33667,9,,,1,26,,33668,9,,,1,66,,33669,9,,,1,26,,33670,9,,,1,66,,33671,9,,,1
36000,'2',837,,33672,9,,,1,63,,33673,9,,,1,23,,33674,9,,,1,23,,33675,9,,,1,63,,33676,9,,,1,23,,33677,9,,,1,23,,33678,9,,,1,63,,33679,9,,,1,23,,33680,9,,,1,63,,33681,9,,,1,23,,33682,9,,,1,23,,33683,9,,,1,63,,33684,9,,,1,23,,33685,9,,,1,23,,33686,9,,,1,63,,33687,9,,,1,24,,33688,9,,,1,63,,33689,9,,,1,23,,33690,9,,,1,23,,33691,9,,,1,61,,33692,9,,,1,23,,33693,9,,,1,63,,33694,9,,,1,23,,33695,9,,,1,24,,33696,9,,,1,63,,33697,9,,,1,24,,33698,9,,,1,64,,33699,9,,,1,24,,33700,9,,,1,24,,33701,9,,,1,64,,33702,9,,,1,25,,33703,9,,,1,64,,33704,9,,,1,24,,33705,9,,,1,24,,33706,9,,,1,64,,33707,9,,,1
36000,'3',836,,33708,9,,,1,22,,33709,9,,,1,62,,33710,9,,,1,22,,33711,9,,,1,62,,33712,9,,,1,22,,33713,9,,,1,22,,33714,9,,,1,62,,33715,9,,,1,22,,33716,9,,,1,22,,33717,9,,,1,62,,33718,9,,,1,22,,33719,9,,,1,62,,33720,9,,,1,22,,33721,9,,,1,22,,33722,9,,,1,62,,33723,9,,,1,22,,33724,9,,,1,22,,33725,9,,,1,62,,33726,9,,,1,22,,33727,9,,,1,22,,33728,9,,,1,62,,33729,9,,,1,22,,33730,9,,,1,62,,33731,9,,,1,22,,33732,9,,,1,22,,33733,9,,,1,62,,33734,9,,,1,22,,33735,9,,,1,23,,33736,9,,,1,63,,33737,9,,,1,23,,33738,9,,,1,63,,33739,9,,,1,23,,33740,9,,,1,23,,33741,9,,,1,63,,33742,9,,,1,23,,33743,9,,,1,23,,33744,9,,,1,63,,33745,9,,,1
36000,'74',837,,33746,9,,,1,63,,33747,9,,,1,23,,33748,9,,,1,23,,33749,9,,,1,63,,33750,9,,,1,23,,33751,9,,,1,23,,33752,9,,,1,63,,33753,9,,,1,23,,33754,9,,,1,63,,33755,9,,,1,23,,33756,9,,,1,23,,33757,9,,,1,63,,33758,9,,,1,23,,33759,9,,,1,23,,33760,9,,,1,63,,33761,9,,,1,24,,33762,9,,,1,63,,33763,9,,,1,23,,33764,9,,,1,23,,33765,9,,,1,61,,33766,9,,,1,23,,33767,9,,,1,63,,33768,9,,,1,23,,33769,9,,,1,24,,33770,9,,,1,63,,33771,9,,,1,24,,33772,9,,,1,64,,33773,9,,,1,24,,33774,9,,,1,24,,33775,9,,,1,64,,33776,9,,,1,25,,33777,9,,,1,64,,33778,9,,,1,24,,33779,9,,,1,24,,33780,9,,,1,64,,33781,9,,,1,24,,33782,9,,,1
36000,'80',836,,33783,9,,,1,22,,33784,9,,,1,62,,33785,9,,,1,22,,33786,9,,,1,62,,33787,9,,,1,22,,33788,9,,,1,22,,33789,9,,,1,62,,33790,9,,,1,22,,33791,9,,,1,22,,33792,9,,,1,62,,33793,9,,,1,22,,33794,9,,,1,62,,33795,9,,,1,22,,33796,9,,,1,22,,33797,9,,,1,62,,33798,9,,,1,22,,33799,9,,,1,22,,33800,9,,,1,62,,33801,9,,,1,22,,33802,9,,,1,22,,33803,9,,,1,62,,33804,9,,,1,22,,33805,9,,,1,62,,33806,9,,,1,22,,33807,9,,,1,22,,33808,9,,,1,62,,33809,9,,,1,22,,33810,9,,,1,23,,33811,9,,,1,63,,33812,9,,,1,23,,33813,9,,,1,63,,33814,9,,,1,23,,33815,9,,,1,23,,33816,9,,,1,63,,33817,9,,,1,23,,33818,9,,,1,23,,33819,9,,,1,63,,33820,9,,,1
989900,'1',2042,,36830,9,,,1,77,,36831,9,,,1,38,,36832,9,,,1,78,,36833,9,,,1,75,,36834,9,,,1,34,,36835,9,,,1,75,,36836,9,,,1,35,,36837,9,,,1,75,,36838,9,0,5 6,1,75,,36839,9,0,5 6,1,41,,36840,9,0,5 6,1
989900,'2',2043,,36841,9,,,1,94,,36842,9,,,1,93,,36843,9,,,1,94,,36844,9,,,1,86,,36845,9,,,1,46,,36846,9,,,1,86,,36847,9,0,5 6,1,86,,36848,9,0,5 6,1,86,,36849,9,0,5 6,1
989900,'3',2101,,36850,9,,,1,50,,36851,9,,,1,91,,36852,9,,,1,90,,36853,9,,,1,82,,36854,9,,,1,43,,36855,9,,,1,82,,36856,9,0,5 6,1,83,,36857,9,0,5 6,1,83,,36858,9,0,5 6,1
989900,'74',2043,,36859,9,,,1,94,,36860,9,,,1,93,,36861,9,,,1,94,,36862,9,,,1,86,,36863,9,,,1,46,,36864,9,,,1,86,,36865,9,0,5 6,1,86,,36866,9,0,5 6,1,86,,36867,9,0,5 6,1
989900,'80',2101,,36868,9,,,1,50,,36869,9,,,1,91,,36870,9,,,1,90,,36871,9,,,1,82,,36872,9,,,1,43,,36873,9,,,1,82,,36874,9,0,5 6,1,83,,36875,9,0,5 6,1,83,,36876,9,0,5 6,1
