100,'1',355,,3,18,,,1,78,,2,18,,,1,71,,1,18,,,1,43,,29,33,,,1,78,,28,33,,,1,78,,26,33,,,1,38,,27,33,,,1,74,,25,33,,,1,35,,24,33,,,1,75,,23,33,,,1,109,,22,33,,,1,113,,21,33,,,1,112,,20,33,,,1,155,,19,33,,,1,87,,30,33,,,1,42,,18,33,,,1,71,,17,33,,,1,37,,16,33,,,1,71,,15,33,,,1,34,,14,33,,,1,74,,13,33,,,1,27,,12,33,,,1,65,,11,33,,,1,98,,10,33,,,1,103,,9,33,,,1,100,,8,33,,,1,92,,7,33,,,1,95,,6,33,,,1,49,,5,33,,,1,95,,4,33,,,1
100,'2',556,,53,18,,,1,97,,31,33,,,1,103,,32,33,,,1,147,,33,33,,,1,103,,34,33,,,1,109,,35,33,,,1,95,,36,33,,,1,47,,37,33,,,1,143,,38,33,,,1,52,,39,33,,,1,92,,40,33,,,1,92,,41,33,,,1,86,,42,33,,,1,92,,43,33,,,1,91,,44,33,,,1,44,,45,33,,,1,92,,46,33,,,1,90,,47,33,,,1,97,,48,33,,,1,97,,49,33,,,1,94,,50,33,,,1,93,,51,33,,,1,97,,52,33,,,1
100,'3',746,,69,18,,,1,92,,54,33,,,1,118,,55,33,,,1,155,,56,33,,,1,114,,57,33,,,1,115,,58,33,,,1,112,,59,33,,,1,107,,60,33,,,1,152,,61,33,,,1,111,,62,33,,,1,109,,63,33,,,1,96,,64,33,,,1,99,,65,33,,,1,99,,66,33,,,1,95,,67,33,,,1,99,,68,33,,,1
100,'80',746,,85,18,,,1,92,,70,33,,,1,118,,71,33,,,1,155,,72,33,,,1,114,,73,33,,,1,115,,74,33,,,1,112,,75,33,,,1,107,,76,33,,,1,152,,77,33,,,1,111,,78,33,,,1,109,,79,33,,,1,96,,80,33,,,1,99,,81,33,,,1,99,,82,33,,,1,95,,83,33,,,1,99,,84,33,,,1
100,'81',746,,101,18,,,1,92,,86,33,,,1,118,,87,33,,,1,155,,88,33,,,1,114,,89,33,,,1,115,,90,33,,,1,112,,91,33,,,1,107,,92,33,,,1,152,,93,33,,,1,111,,94,33,,,1,109,,95,33,,,1,96,,96,33,,,1,99,,97,33,,,1,99,,98,33,,,1,95,,99,33,,,1,99,,100,33,,,1
60300,'1',514,,9994,18,,,1,20,,9995,18,,,1,21,,9996,18,,,1,62,,9997,18,,,1,23,,9998,18,,,1,18,,9999,18,,,1,63,,10000,18,,,1,18,,10001,18,,,1,18,,10002,18,,,1,61,,10003,18,,,1,18,,10004,18,,,1,18,,10005,18,,,1,58,,10006,18,,,1,18,,10007,18,,,1,19,,10008,18,,,1,62,,10009,18,,,1,22,,10010,18,,,1,22,,10011,18,,,1,64,,10012,18,,,1,22,,10013,18,,,1,62,,10014,18,,,1,22,,10015,18,,,1,22,,10016,18,,,1,62,,10017,18,,,1,23,,10018,18,,,1,22,,10019,18,,,1,62,,10020,18,,,1,22,,10021,18,,,1,62,,10022,18,,,1,22,,10023,18,,,1,16,,10024,18,,,1,16,,10025,18,,,1,56,,10026,18,,,1,16,,10027,18,,,1,16,,10028,18,,,1,16,,10029,18,,,1,56,,10030,18,,,1,16,,10031,18,,,1,17,,10032,18,,,1,56,,10033,18,,,1,14,,10034,18,,,1,16,,10035,18,,,1,11,,10036,18,,,1,56,,10037,18,,,1,16,,10038,18,,,1,13,,10039,18,,,1,30,,10040,18,,,1,70,,10041,18,,,1,30,,10042,18,,,1,68,,10043,18,,,1,27,,10044,18,,,1,70,,10045,18,,,1,81,,10046,18,,,1,38,,10047,18,,,1,82,,10048,18,,,1,87,,10049,18,,,1
60300,'2',545,,10050,18,,,1,82,,10051,18,,,1,80,,10052,18,,,1,41,,10053,18,,,1,80,,10054,18,,,1,85,,10055,18,,,1,45,,10056,18,,,1,81,,10057,18,,,1,77,,10058,18,,,1,38,,10059,18,,,1,83,,10060,18,,,1,74,,10061,18,,,1,38,,10062,18,,,1,78,,10063,18,,,1,78,,10064,18,,,1,39,,10065,18,,,1,78,,10066,18,,,1,78,,10067,18,,,1,34,,10068,18,,,1,81,,10069,18,,,1,35,,10070,18,,,1,78,,10071,18,,,1,77,,10072,18,,,1,40,,10073,18,,,1,79,,10074,18,,,1,77,,10075,18,,,1,45,,10076,18,,,1,89,,10077,18,,,1,92,,10078,18,,,1
60300,'3',729,,10079,18,,,1,76,,10080,18,,,1,39,,10081,18,,,1,78,,10082,18,,,1,82,,10083,18,,,1,45,,10084,18,,,1,85,,10085,18,,,1,82,,10086,18,,,1,41,,10087,18,,,1,82,,10088,18,,,1,82,,10089,18,,,1,84,,10090,18,,,1,39,,10091,18,,,1,76,,10092,18,,,1,36,,10093,18,,,1,76,,10094,18,,,1,74,,10095,18,,,1,36,,10096,18,,,1,72,,10097,18,,,1,36,,10098,18,,,1,74,,10099,18,,,1,76,,10100,18,,,1,51,,10101,18,,,1,105,,10102,18,,,1,102,,10103,18,,,1,146,,10104,18,,,1
60300,'80',729,,10105,18,,,1,76,,10106,18,,,1,39,,10107,18,,,1,78,,10108,18,,,1,82,,10109,18,,,1,45,,10110,18,,,1,85,,10111,18,,,1,82,,10112,18,,,1,41,,10113,18,,,1,82,,10114,18,,,1,82,,10115,18,,,1,84,,10116,18,,,1,39,,10117,18,,,1,76,,10118,18,,,1,36,,10119,18,,,1,76,,10120,18,,,1,74,,10121,18,,,1,36,,10122,18,,,1,72,,10123,18,,,1,36,,10124,18,,,1,74,,10125,18,,,1,76,,10126,18,,,1,51,,10127,18,,,1,105,,10128,18,,,1,102,,10129,18,,,1,146,,10130,18,,,1
60300,'81',729,,10131,18,,,1,76,,10132,18,,,1,39,,10133,18,,,1,78,,10134,18,,,1,82,,10135,18,,,1,45,,10136,18,,,1,85,,10137,18,,,1,82,,10138,18,,,1,41,,10139,18,,,1,82,,10140,18,,,1,82,,10141,18,,,1,84,,10142,18,,,1,39,,10143,18,,,1,76,,10144,18,,,1,36,,10145,18,,,1,76,,10146,18,,,1,74,,10147,18,,,1,36,,10148,18,,,1,72,,10149,18,,,1,36,,10150,18,,,1,74,,10151,18,,,1,76,,10152,18,,,1,51,,10153,18,,,1,105,,10154,18,,,1,102,,10155,18,,,1,146,,10156,18,,,1
6030100,'1',530,,12194,18,,,1,20,,12195,18,,,1,63,,12196,18,,,1,24,,12197,18,,,1,18,,12198,18,,,1,58,,12199,18,,,1,22,,12200,18,,,1,18,,12201,18,,,1,62,,12202,18,,,1,18,,12203,18,,,1,18,,12204,18,,,1,58,,12205,18,,,1,18,,12206,18,,,1,16,,12207,18,,,1,62,,12208,18,,,1,22,,12209,18,,,1,22,,12210,18,,,1,62,,12211,18,,,1,22,,12212,18,,,1,22,,12213,18,,,1,62,,12214,18,,,1,22,,12215,18,,,1,62,,12216,18,,,1,24,,12217,18,,,1,22,,12218,18,,,1,62,,12219,18,,,1,22,,12220,18,,,1,22,,12221,18,,,1,63,,12222,18,,,1,16,,12223,18,,,1,16,,12224,18,,,1,56,,12225,18,,,1,16,,12226,18,,,1,16,,12227,18,,,1,16,,12228,18,,,1,56,,12229,18,,,1,16,,12230,18,,,1,16,,12231,18,,,1,19,,12232,18,,,1,56,,12233,18,,,1,16,,12234,18,,,1,16,,12235,18,,,1,9,,12236,18,,,1,56,,12237,18,,,1,14,,12238,18,,,1,23,,12239,18,,,1,70,,12240,18,,,1,30,,12241,18,,,1,70,,12242,18,,,1,27,,12243,18,,,1,70,,12244,18,,,1,36,,12245,18,,,1,80,,12246,18,,,1,78,,12247,18,,,1,42,,12248,18,,,1
6030100,'2',528,,12249,18,,,1,80,,12250,18,,,1,45,,12251,18,,,1,83,,12252,18,,,1,80,,12253,18,,,1,40,,12254,18,,,1,82,,12255,18,,,1,80,,12256,18,,,1,84,,12257,18,,,1,39,,12258,18,,,1,78,,12259,18,,,1,38,,12260,18,,,1,75,,12261,18,,,1,78,,12262,18,,,1,41,,12263,18,,,1,78,,12264,18,,,1,78,,12265,18,,,1,38,,12266,18,,,1,78,,12267,18,,,1,79,,12268,18,,,1,38,,12269,18,,,1,79,,12270,18,,,1,32,,12271,18,,,1,79,,12272,18,,,1,80,,12273,18,,,1,40,,12274,18,,,1,79,,12275,18,,,1,91,,12276,18,,,1,86,,12277,18,,,1,52,,12278,18,,,1
6030100,'3',716,,12279,18,,,1,36,,12280,18,,,1,78,,12281,18,,,1,77,,12282,18,,,1,39,,12283,18,,,1,88,,12284,18,,,1,82,,12285,18,,,1,42,,12286,18,,,1,84,,12287,18,,,1,83,,12288,18,,,1,79,,12289,18,,,1,44,,12290,18,,,1,82,,12291,18,,,1,76,,12292,18,,,1,36,,12293,18,,,1,76,,12294,18,,,1,35,,12295,18,,,1,76,,12296,18,,,1,76,,12297,18,,,1,33,,12298,18,,,1,76,,12299,18,,,1,36,,12300,18,,,1,73,,12301,18,,,1,105,,12302,18,,,1,103,,12303,18,,,1,103,,12304,18,,,1
6030100,'80',716,,12305,18,,,1,36,,12306,18,,,1,78,,12307,18,,,1,77,,12308,18,,,1,39,,12309,18,,,1,88,,12310,18,,,1,82,,12311,18,,,1,42,,12312,18,,,1,84,,12313,18,,,1,83,,12314,18,,,1,79,,12315,18,,,1,44,,12316,18,,,1,82,,12317,18,,,1,76,,12318,18,,,1,36,,12319,18,,,1,76,,12320,18,,,1,35,,12321,18,,,1,76,,12322,18,,,1,76,,12323,18,,,1,33,,12324,18,,,1,76,,12325,18,,,1,36,,12326,18,,,1,73,,12327,18,,,1,105,,12328,18,,,1,103,,12329,18,,,1,103,,12330,18,,,1
6030100,'81',716,,12331,18,,,1,36,,12332,18,,,1,78,,12333,18,,,1,77,,12334,18,,,1,39,,12335,18,,,1,88,,12336,18,,,1,82,,12337,18,,,1,42,,12338,18,,,1,84,,12339,18,,,1,83,,12340,18,,,1,79,,12341,18,,,1,44,,12342,18,,,1,82,,12343,18,,,1,76,,12344,18,,,1,36,,12345,18,,,1,76,,12346,18,,,1,35,,12347,18,,,1,76,,12348,18,,,1,76,,12349,18,,,1,33,,12350,18,,,1,76,,12351,18,,,1,36,,12352,18,,,1,73,,12353,18,,,1,105,,12354,18,,,1,103,,12355,18,,,1,103,,12356,18,,,1
