201,'1',529,,24021,33,4,,1,21,,24022,33,4,,1,61,,24023,33,4,,1,21,,24024,33,4,,1,3,,23991,84,4,,1,21,,23992,84,4,,1,65,,23993,84,4,,1,24,,23994,84,4,,1,61,,23995,84,4,,1,29,,23996,92,4,,1,22,,23997,84,4,,1,61,,23998,84,4,,1,21,,23999,84,4,,1,12,,24000,84,4,,1,71,,24001,84,4,,1,35,,24002,84,4,,1,75,,24003,84,4,,1,75,,24004,84,4,,1,35,,24005,84,4,,1,75,,24006,84,4,,1,35,,24007,84,4,,1,75,,24008,84,4,,1,83,,24009,84,4,,1,23,,24010,84,4,,1,23,,24011,84,4,,1,64,,24012,84,4,,1,21,,24013,84,4,,1,67,,24014,84,4,,1,25,,24015,84,4,,1,23,,24016,84,4,,1,63,,24017,84,4,,1,17,,24018,84,4,,1,23,,24019,84,4,,1,59,,24020,84,4,,1,23,,24025,84,4,,1,17,,24026,84,4,,1,80,,24027,84,4,,1,80,,24028,84,4,,1,36,,24029,84,4,,1,80,,24030,84,4,,1,80,,24031,84,4,,1,35,,24032,84,4,,1
201,'2',900,,24035,100,4,,1,40,,24036,100,4,,1,85,,24037,100,4,,1,80,,24038,100,4,,1,40,,24039,100,4,,1,81,,24040,100,4,,1,80,,24041,100,4,,1,40,,24042,100,4,,1,80,,24043,100,4,,1,80,,24044,100,4,,1,37,,24045,100,4,,1,80,,24046,100,4,,1,80,,24047,100,4,,1,40,,24048,100,4,,1,80,,24049,100,4,,1,80,,24050,100,4,,1,36,,24051,100,4,,1,80,,24052,100,4,,1,40,,24053,100,4,,1,80,,24054,100,4,,1,74,,24055,100,4,,1,33,,24056,100,4,,1,73,,24057,100,4,,1,33,,24058,100,4,,1,69,,24059,100,4,,1,33,,24060,100,4,,1
201,'3',952,,24071,100,4,,1,152,,24061,100,4,,1,117,,24062,100,4,,1,120,,24063,100,4,,1,117,,24064,100,4,,1,155,,24065,100,4,,1,117,,24066,100,4,,1,117,,24067,100,4,,1,157,,24068,100,4,,1,113,,24069,100,4,,1,110,,24070,100,4,,1,105,,24072,100,4,,1,108,,24073,100,4,,1
201,'74',900,,24074,100,4,,1,40,,24075,100,4,,1,85,,24076,100,4,,1,80,,24077,100,4,,1,40,,24078,100,4,,1,81,,24079,100,4,,1,80,,24080,100,4,,1,40,,24081,100,4,,1,80,,24082,100,4,,1,80,,24083,100,4,,1,37,,24084,100,4,,1,80,,24085,100,4,,1,80,,24086,100,4,,1,40,,24087,100,4,,1,80,,24088,100,4,,1,80,,24089,100,4,,1,36,,24090,100,4,,1,80,,24091,100,4,,1,40,,24092,100,4,,1,80,,24093,100,4,,1,74,,24094,100,4,,1,33,,24095,100,4,,1,73,,24096,100,4,,1,33,,24097,100,4,,1,69,,24098,100,4,,1,33,,24099,100,4,,1
201,'80',952,,24110,100,4,,1,152,,24100,100,4,,1,117,,24101,100,4,,1,120,,24102,100,4,,1,117,,24103,100,4,,1,155,,24104,100,4,,1,117,,24105,100,4,,1,117,,24106,100,4,,1,157,,24107,100,4,,1,113,,24108,100,4,,1,110,,24109,100,4,,1,105,,24111,100,4,,1,108,,24112,100,4,,1
500,'1',532,,24761,37,4,,1,22,,24777,37,4,,1,62,,24776,37,4,,1,22,,24775,37,4,,1,62,,24774,37,4,,1,25,,24773,37,4,,1,22,,24772,37,4,,1,67,,24771,37,4,,1,19,,24770,37,4,,1,22,,24769,37,4,,1,62,,24768,37,4,,1,22,,24766,37,4,,1,72,,24765,24,4,,1,32,,24767,24,4,,1,72,,24764,24,4,,1,32,,24763,24,4,,1,72,,24762,24,4,,1,32,,24760,24,4,,1,72,,24741,24,4,,1,32,,24759,24,4,,1,72,,24758,24,4,,1,32,,24757,24,4,,1,66,,24756,24,4,,1,23,,24755,24,4,,1,61,,24754,24,4,,1,23,,24753,24,4,,1,23,,24752,24,4,,1,62,,24751,24,4,,1,23,,24750,24,4,,1,63,,24749,24,4,,1,23,,24748,24,4,,1,20,,24747,24,4,,1,63,,24746,24,4,,1,23,,24745,24,4,,1,68,,24743,24,4,,1,28,,24742,24,4,,1,28,,24744,24,4,,1,68,,24740,24,4,,1,26,,24739,24,4,,1,68,,24738,24,4,,1,23,,24737,24,4,,1
500,'2',707,,24793,24,4,,1,28,,24795,24,4,,1,68,,24796,24,4,,1,28,,24797,24,4,,1,28,,24798,24,4,,1,68,,24799,24,4,,1,28,,24800,24,4,,1,68,,24801,24,4,,1,28,,24802,24,4,,1,68,,24803,24,4,,1,30,,24804,24,4,,1,68,,24805,24,4,,1,28,,24806,24,4,,1,68,,24778,24,4,,1,30,,24779,24,4,,1,70,,24780,24,4,,1,29,,24781,24,4,,1,69,,24782,24,4,,1,29,,24783,24,4,,1,69,,24784,24,4,,1,29,,24785,24,4,,1,69,,24786,24,4,,1,29,,24787,24,4,,1,67,,24788,24,4,,1,26,,24789,24,4,,1,26,,24790,24,4,,1,67,,24791,24,4,,1,24,,24792,24,4,,1,65,,24794,24,4,,1
500,'74',707,,24822,24,4,,1,28,,24824,24,4,,1,68,,24825,24,4,,1,28,,24826,24,4,,1,28,,24827,24,4,,1,68,,24828,24,4,,1,28,,24829,24,4,,1,68,,24830,24,4,,1,28,,24831,24,4,,1,68,,24832,24,4,,1,30,,24833,24,4,,1,68,,24834,24,4,,1,28,,24835,24,4,,1,68,,24807,24,4,,1,30,,24808,24,4,,1,70,,24809,24,4,,1,29,,24810,24,4,,1,69,,24811,24,4,,1,29,,24812,24,4,,1,69,,24813,24,4,,1,29,,24814,24,4,,1,69,,24815,24,4,,1,29,,24816,24,4,,1,67,,24817,24,4,,1,26,,24818,24,4,,1,26,,24819,24,4,,1,67,,24820,24,4,,1,24,,24821,24,4,,1,65,,24823,24,4,,1
2301,'1',605,,27579,54,4,,1,106,,27578,54,4,,1,113,,27577,54,4,,1,106,,27576,54,4,,1,618,,27575,54,4,,1,76,,27574,54,4,,1,90,,27573,54,4,,1,90,,27572,54,4,,1,47,,27571,54,4,,1,86,,27570,54,4,,1
7700,'1',423,,28964,36,4,,1,15,,28965,36,4,,1,15,,28966,36,4,,1,55,,28967,36,4,,1,15,,28968,36,4,,1,9,,28926,49,4,,1,17,,28925,49,4,,1,53,,28924,49,4,,1,21,,28923,49,4,,1,15,,28921,49,4,,1,62,,28922,49,4,,1,13,,28941,49,4,,1,16,,28940,49,4,,1,16,,28939,49,4,,1,66,,28938,49,4,,1,16,,28937,49,4,,1,16,,28936,49,4,,1,16,,28927,49,4,,1,53,,28928,49,4,,1,16,,28929,49,4,,1,16,,28930,49,4,,1,56,,28931,49,4,,1,13,,28932,49,4,,1,12,,28933,49,4,,1,16,,28934,49,4,,1,71,,28935,49,4,,1,35,,28949,49,4,,1,70,,28948,49,4,,1,30,,28947,49,4,,1,70,,28942,49,4,,1,33,,28943,49,4,,1,61,,28969,36,4,,1,9,,28944,49,4,,1,29,,28970,36,4,,1,1,,28945,49,4,,1,76,,28946,49,4,,1,20,,28971,36,4,,1,3,,28963,49,4,,1,59,,28962,49,4,,1,26,,28961,49,4,,1,24,,28960,49,4,,1,59,,28959,49,4,,1,19,,28950,49,4,,1,19,,28951,49,4,,1,59,,28952,49,4,,1,13,,28953,49,4,,1,12,,28954,49,4,,1,19,,28955,49,4,,1,50,,28956,49,4,,1,19,,28957,49,4,,1,15,,28958,49,4,,1,13,,28972,49,4,,1,59,,28973,49,4,,1,19,,28974,49,4,,1,19,,28975,49,4,,1,69,,28978,49,4,,1,27,,28977,49,4,,1,67,,28976,49,4,,1,40,,28987,49,4,,1,73,,28986,49,4,,1,26,,28985,49,4,,1,73,,28979,49,4,,1,73,,28980,49,4,,1,33,,28981,49,4,,1,73,,28982,49,4,,1,33,,28983,49,4,,1,73,,28984,49,4,,1
7700,'2',504,,28988,36,4,,1,30,,28989,49,4,,1,75,,28990,49,4,,1,35,,28991,49,4,,1,76,,28992,49,4,,1,35,,28993,49,4,,1,75,,28994,49,4,,1,76,,28995,49,4,,1,35,,28996,49,4,,1,75,,28997,49,4,,1,90,,28998,49,4,,1,41,,28999,49,4,,1,81,,29000,49,4,,1,89,,29001,49,4,,1,41,,29002,49,4,,1,81,,29003,49,4,,1,76,,29005,49,4,,1,33,,29006,49,4,,1,73,,29007,49,4,,1,29,,29008,49,4,,1,73,,29009,49,4,,1,33,,29010,49,4,,1,70,,29011,49,4,,1,33,,29012,49,4,,1,70,,29013,49,4,,1,29,,29014,49,4,,1,70,,29015,49,4,,1,30,,29016,49,4,,1,63,,29017,49,4,,1,30,,29018,49,4,,1,74,,29019,49,4,,1,30,,29020,49,4,,1,70,,29021,49,4,,1,25,,29022,49,4,,1,70,,29023,49,4,,1,23,,29004,49,4,,1,69,,29024,49,4,,1,33,,29025,49,4,,1,73,,29026,49,4,,1,33,,29027,49,4,,1,73,,29028,49,4,,1
7700,'3',849,,29029,50,4,,1,92,,29030,50,4,,1,91,,29031,50,4,,1,97,,29032,50,4,,1,97,,29033,50,4,,1,89,,29034,50,4,,1,92,,29035,50,4,,1,95,,29036,50,4,,1,52,,29037,50,4,,1,89,,29038,50,4,,1,92,,29039,50,4,,1,97,,29040,50,4,,1,88,,29041,50,4,,1,90,,29042,50,4,,1,91,,29043,50,4,,1,44,,29044,50,4,,1,87,,29045,50,4,,1,88,,29046,50,4,,1,86,,29047,50,4,,1,47,,29048,50,4,,1,80,,29049,50,4,,1,80,,29050,50,4,,1,36,,29051,50,4,,1,80,,29052,50,4,,1
7700,'74',504,,29053,36,4,,1,30,,29054,49,4,,1,75,,29055,49,4,,1,35,,29056,49,4,,1,76,,29057,49,4,,1,35,,29058,49,4,,1,75,,29059,49,4,,1,76,,29060,49,4,,1,35,,29061,49,4,,1,75,,29062,49,4,,1,90,,29063,49,4,,1,41,,29064,49,4,,1,81,,29065,49,4,,1,89,,29066,49,4,,1,41,,29067,49,4,,1,81,,29068,49,4,,1,76,,29070,49,4,,1,33,,29071,49,4,,1,73,,29072,49,4,,1,29,,29073,49,4,,1,73,,29074,49,4,,1,33,,29075,49,4,,1,70,,29076,49,4,,1,33,,29077,49,4,,1,70,,29078,49,4,,1,29,,29079,49,4,,1,70,,29080,49,4,,1,30,,29081,49,4,,1,63,,29082,49,4,,1,30,,29083,49,4,,1,74,,29084,49,4,,1,30,,29085,49,4,,1,70,,29086,49,4,,1,25,,29087,49,4,,1,70,,29088,49,4,,1,23,,29069,49,4,,1,69,,29089,49,4,,1,33,,29090,49,4,,1,73,,29091,49,4,,1,33,,29092,49,4,,1,73,,29093,49,4,,1
7700,'80',849,,29094,50,4,,1,92,,29095,50,4,,1,91,,29096,50,4,,1,97,,29097,50,4,,1,97,,29098,50,4,,1,89,,29099,50,4,,1,92,,29100,50,4,,1,95,,29101,50,4,,1,52,,29102,50,4,,1,89,,29103,50,4,,1,92,,29104,50,4,,1,97,,29105,50,4,,1,88,,29106,50,4,,1,90,,29107,50,4,,1,91,,29108,50,4,,1,44,,29109,50,4,,1,87,,29110,50,4,,1,88,,29111,50,4,,1,86,,29112,50,4,,1,47,,29113,50,4,,1,80,,29114,50,4,,1,80,,29115,50,4,,1,36,,29116,50,4,,1,80,,29117,50,4,,1
8801,'1',533,,30341,19,4,,1,69,,30342,42,4,,1,28,,30343,61,4,,1,27,,30312,61,4,,1,55,,30311,61,4,,1,22,,30310,61,4,,1,15,,30307,61,4,,1,59,,30308,61,4,,1,22,,30309,61,4,,1,14,,30326,61,4,,1,64,,30325,61,4,,1,9,,30324,61,4,,1,14,,30313,61,4,,1,14,,30314,61,4,,1,10,,30315,61,4,,1,54,,30316,61,4,,1,9,,30317,61,4,,1,14,,30318,61,4,,1,14,,30319,61,4,,1,54,,30320,61,4,,1,14,,30321,61,4,,1,21,,30322,61,4,,1,14,,30323,61,4,,1,62,,30331,61,4,,1,30,,30330,61,4,,1,70,,30327,61,4,,1,30,,30328,61,4,,1,70,,30329,61,4,,1,38,,30340,61,4,,1,70,,30339,61,4,,1,20,,30338,61,4,,1,18,,30337,61,4,,1,52,,30336,61,4,,1,15,,30332,61,4,,1,15,,30333,61,4,,1,13,,30334,61,4,,1,55,,30335,61,4,,1,15,,30344,61,4,,1,15,,30345,61,4,,1,15,,30346,61,4,,1,55,,30347,61,4,,1,10,,30348,61,4,,1,15,,30349,61,4,,1,15,,30350,61,4,,1,55,,30351,61,4,,1,8,,30352,61,4,,1,19,,30359,61,4,,1,14,,30358,61,4,,1,14,,30357,61,4,,1,54,,30356,61,4,,1,14,,30353,61,4,,1,14,,30354,61,4,,1,11,,30355,61,4,,1,60,,30364,61,4,,1,41,,30363,61,4,,1,74,,30360,61,4,,1,81,,30361,61,4,,1,38,,30362,61,4,,1
8801,'2',635,,30365,61,4,,1,69,,30366,61,4,,1,29,,30367,61,4,,1,69,,30368,61,4,,1,41,,30369,61,4,,1,74,,30370,61,4,,1,38,,30371,61,4,,1,74,,30372,61,4,,1,74,,30373,61,4,,1,29,,30374,61,4,,1,69,,30375,61,4,,1,33,,30376,61,4,,1,69,,30377,61,4,,1,29,,30378,61,4,,1,69,,30379,61,4,,1,29,,30380,61,4,,1,29,,30381,61,4,,1,69,,30382,61,4,,1,29,,30383,61,4,,1,69,,30384,61,4,,1,29,,30385,61,4,,1,69,,30386,61,4,,1,29,,30387,61,4,,1,69,,30388,61,4,,1,23,,30389,61,4,,1,69,,30390,61,4,,1,29,,30391,61,4,,1,62,,30392,61,4,,1,29,,30393,61,4,,1,23,,30394,61,4,,1,66,,30395,61,4,,1,22,,30396,61,4,,1,66,,30397,61,4,,1,26,,30398,61,4,,1,66,,30399,61,4,,1,26,,30400,61,4,,1,26,,30401,61,4,,1
8801,'3',832,,30402,61,4,,1,71,,30403,61,4,,1,34,,30404,61,4,,1,71,,30405,61,4,,1,35,,30406,61,4,,1,75,,30407,61,4,,1,40,,30408,61,4,,1,79,,30409,61,4,,1,69,,30410,61,4,,1,29,,30411,61,4,,1,69,,30412,61,4,,1,29,,30413,61,4,,1,69,,30414,61,4,,1,29,,30415,61,4,,1,69,,30416,61,4,,1,29,,30417,61,4,,1,29,,30418,61,4,,1,69,,30419,61,4,,1,26,,30420,61,4,,1,69,,30421,61,4,,1,21,,30422,61,4,,1,65,,30423,61,4,,1,25,,30424,61,4,,1,25,,30425,61,4,,1,65,,30426,61,4,,1,25,,30427,61,4,,1,59,,30428,61,4,,1,25,,30429,61,4,,1
8801,'74',635,,30430,61,4,,1,69,,30431,61,4,,1,29,,30432,61,4,,1,69,,30433,61,4,,1,41,,30434,61,4,,1,74,,30435,61,4,,1,38,,30436,61,4,,1,74,,30437,61,4,,1,74,,30438,61,4,,1,29,,30439,61,4,,1,69,,30440,61,4,,1,33,,30441,61,4,,1,69,,30442,61,4,,1,29,,30443,61,4,,1,69,,30444,61,4,,1,29,,30445,61,4,,1,29,,30446,61,4,,1,69,,30447,61,4,,1,29,,30448,61,4,,1,69,,30449,61,4,,1,29,,30450,61,4,,1,69,,30451,61,4,,1,29,,30452,61,4,,1,69,,30453,61,4,,1,23,,30454,61,4,,1,69,,30455,61,4,,1,29,,30456,61,4,,1,62,,30457,61,4,,1,29,,30458,61,4,,1,23,,30459,61,4,,1,66,,30460,61,4,,1,22,,30461,61,4,,1,66,,30462,61,4,,1,26,,30463,61,4,,1,66,,30464,61,4,,1,26,,30465,61,4,,1,26,,30466,61,4,,1
8801,'80',832,,30467,61,4,,1,71,,30468,61,4,,1,34,,30469,61,4,,1,71,,30470,61,4,,1,35,,30471,61,4,,1,75,,30472,61,4,,1,40,,30473,61,4,,1,79,,30474,61,4,,1,69,,30475,61,4,,1,29,,30476,61,4,,1,69,,30477,61,4,,1,29,,30478,61,4,,1,69,,30479,61,4,,1,29,,30480,61,4,,1,69,,30481,61,4,,1,29,,30482,61,4,,1,29,,30483,61,4,,1,69,,30484,61,4,,1,26,,30485,61,4,,1,69,,30486,61,4,,1,21,,30487,61,4,,1,65,,30488,61,4,,1,25,,30489,61,4,,1,25,,30490,61,4,,1,65,,30491,61,4,,1,25,,30492,61,4,,1,59,,30493,61,4,,1,25,,30494,61,4,,1
9101,'1',553,,31116,51,4,,1,51,,31115,51,4,,1,11,,31114,51,4,,1,11,,31113,51,4,,1,13,,31112,51,4,,1,11,,31111,51,4,,1,51,,31110,51,4,,1,13,,31046,51,4,,1,11,,31047,51,4,,1,14,,31048,51,4,,1,16,,31063,51,4,,1,52,,31062,51,4,,1,22,,31061,51,4,,1,12,,31060,51,4,,1,12,,31049,51,4,,1,52,,31050,51,4,,1,12,,31051,51,4,,1,9,,31052,51,4,,1,12,,31053,51,4,,1,4,,31054,51,4,,1,12,,31055,51,4,,1,52,,31056,51,4,,1,12,,31057,51,4,,1,12,,31058,51,4,,1,12,,31059,51,4,,1,13,,31071,51,4,,1,65,,31070,51,4,,1,29,,31064,51,4,,1,65,,31065,51,4,,1,25,,31066,51,4,,1,65,,31067,51,4,,1,25,,31068,51,4,,1,24,,31069,51,4,,1,62,,31083,51,4,,1,13,,31082,51,4,,1,18,,31081,51,4,,1,13,,31080,51,4,,1,53,,31072,51,4,,1,13,,31073,51,4,,1,11,,31074,51,4,,1,13,,31075,51,4,,1,53,,31076,51,4,,1,13,,31077,51,4,,1,13,,31078,51,4,,1,13,,31079,51,4,,1,60,,31096,51,4,,1,14,,31095,51,4,,1,14,,31094,51,4,,1,14,,31093,51,4,,1,14,,31092,51,4,,1,54,,31084,51,4,,1,14,,31085,51,4,,1,7,,31086,51,4,,1,14,,31087,51,4,,1,54,,31088,51,4,,1,12,,31089,51,4,,1,14,,31090,51,4,,1,11,,31091,51,4,,1,67,,31109,51,4,,1,22,,31108,51,4,,1,23,,31097,51,4,,1,63,,31098,51,4,,1,23,,31099,51,4,,1,23,,31100,51,4,,1,61,,31101,51,4,,1,23,,31102,51,4,,1,59,,31103,51,4,,1,23,,31104,51,4,,1,23,,31105,51,4,,1,63,,31106,51,4,,1,23,,31107,51,4,,1
9101,'2',801,,31117,51,4,,1,22,,31118,51,4,,1,26,,31119,51,4,,1,62,,31120,51,4,,1,22,,31121,51,4,,1,22,,31122,51,4,,1,62,,31123,51,4,,1,26,,31124,51,4,,1,67,,31144,51,4,,1,25,,31125,51,4,,1,24,,31126,51,4,,1,65,,31127,51,4,,1,25,,31128,51,4,,1,65,,31129,51,4,,1,29,,31130,51,4,,1,65,,31131,51,4,,1,25,,31132,51,4,,1,25,,31133,51,4,,1,65,,31134,51,4,,1,20,,31135,51,4,,1,65,,31136,51,4,,1,25,,31137,51,4,,1,25,,31138,51,4,,1,65,,31139,51,4,,1,25,,31140,51,4,,1,65,,31141,51,4,,1,25,,31142,51,4,,1,65,,31143,51,4,,1,25,,31145,51,4,,1,23,,31146,51,4,,1,65,,31147,51,4,,1,25,,31148,51,4,,1,88,,31149,51,4,,1,29,,31150,51,4,,1,69,,31151,51,4,,1,21,,31152,51,4,,1,69,,31153,51,4,,1,29,,31154,51,4,,1,63,,31155,51,4,,1
9101,'3',757,,31156,51,4,,1,163,,31157,51,4,,1,91,,31158,51,4,,1,37,,31159,51,4,,1,75,,31160,51,4,,1,32,,31161,51,4,,1,72,,31162,51,4,,1,32,,31163,51,4,,1,72,,31164,51,4,,1,72,,31165,51,4,,1,32,,31166,51,4,,1,71,,31167,51,4,,1,32,,31168,51,4,,1,69,,31169,51,4,,1,32,,31170,51,4,,1,72,,31171,51,4,,1,32,,31172,51,4,,1,72,,31173,51,4,,1,32,,31174,51,4,,1,69,,31175,51,4,,1,96,,31180,51,4,,1,42,,31176,51,4,,1,82,,31177,51,4,,1,81,,31178,51,4,,1,42,,31179,51,4,,1,75,,31184,51,4,,1,76,,31181,51,4,,1,36,,31182,51,4,,1,68,,31183,51,4,,1
9101,'74',801,,31185,51,4,,1,22,,31186,51,4,,1,26,,31187,51,4,,1,62,,31188,51,4,,1,22,,31189,51,4,,1,22,,31190,51,4,,1,62,,31191,51,4,,1,26,,31192,51,4,,1,67,,31212,51,4,,1,25,,31193,51,4,,1,24,,31194,51,4,,1,65,,31195,51,4,,1,25,,31196,51,4,,1,65,,31197,51,4,,1,29,,31198,51,4,,1,65,,31199,51,4,,1,25,,31200,51,4,,1,25,,31201,51,4,,1,65,,31202,51,4,,1,20,,31203,51,4,,1,65,,31204,51,4,,1,25,,31205,51,4,,1,25,,31206,51,4,,1,65,,31207,51,4,,1,25,,31208,51,4,,1,65,,31209,51,4,,1,25,,31210,51,4,,1,65,,31211,51,4,,1,25,,31213,51,4,,1,23,,31214,51,4,,1,65,,31215,51,4,,1,25,,31216,51,4,,1,88,,31217,51,4,,1,29,,31218,51,4,,1,69,,31219,51,4,,1,21,,31220,51,4,,1,69,,31221,51,4,,1,29,,31222,51,4,,1,63,,31223,51,4,,1
9101,'80',757,,31224,51,4,,1,163,,31225,51,4,,1,91,,31226,51,4,,1,37,,31227,51,4,,1,75,,31228,51,4,,1,32,,31229,51,4,,1,72,,31230,51,4,,1,32,,31231,51,4,,1,72,,31232,51,4,,1,72,,31233,51,4,,1,32,,31234,51,4,,1,71,,31235,51,4,,1,32,,31236,51,4,,1,69,,31237,51,4,,1,32,,31238,51,4,,1,72,,31239,51,4,,1,32,,31240,51,4,,1,72,,31241,51,4,,1,32,,31242,51,4,,1,69,,31243,51,4,,1,96,,31248,51,4,,1,42,,31244,51,4,,1,82,,31245,51,4,,1,81,,31246,51,4,,1,42,,31247,51,4,,1,75,,31252,51,4,,1,76,,31249,51,4,,1,36,,31250,51,4,,1,68,,31251,51,4,,1
9901,'1',427,,31722,46,4,,1,81,,31723,46,4,,1,40,,31724,46,4,,1,84,,31725,46,4,,1,82,,31726,46,4,,1,35,,31727,46,4,,1,73,,31728,46,4,,1,83,,31729,46,4,,1,31,,31730,46,4,,1,75,,31731,46,4,,1,94,,31732,46,4,,1,99,,31733,46,4,,1,54,,31734,46,4,,1,94,,31735,46,4,,1,100,,31736,46,4,,1,68,,31737,46,4,,1,30,,31738,46,4,,1,70,,31739,46,4,,1,30,,31740,46,4,,1,70,,31741,46,4,,1,30,,31742,46,4,,1,70,,31743,46,4,,1,25,,31744,46,4,,1,70,,31745,46,4,,1,25,,31746,46,4,,1,70,,31747,46,4,,1,30,,31748,46,4,,1,65,,31749,46,4,,1,30,,31750,46,4,,1,85,,31751,46,4,,1
9901,'2',550,,31752,46,4,,1,77,,31753,46,4,,1,77,,31754,46,4,,1,37,,31755,46,4,,1,87,,31756,46,4,,1,93,,31757,46,4,,1,89,,31758,46,4,,1,47,,31759,46,4,,1,144,,31760,46,4,,1,57,,31761,46,4,,1,95,,31762,46,4,,1,95,,31763,46,4,,1,95,,31764,46,4,,1,95,,31765,46,4,,1,92,,31766,46,4,,1,93,,31767,46,4,,1,95,,31768,46,4,,1,90,,31769,46,4,,1,45,,31770,46,4,,1,85,,31771,46,4,,1
9901,'3',554,,31772,46,4,,1,81,,31773,46,4,,1,78,,31774,46,4,,1,38,,31775,46,4,,1,78,,31776,46,4,,1,94,,31777,46,4,,1,89,,31778,46,4,,1,89,,31779,46,4,,1,49,,31780,46,4,,1,94,,31781,46,4,,1,89,,31782,46,4,,1,89,,31783,46,4,,1,89,,31784,46,4,,1,89,,31785,46,4,,1,49,,31786,46,4,,1,89,,31787,46,4,,1,84,,31788,46,4,,1,89,,31789,46,4,,1,89,,31790,46,4,,1,44,,31791,46,4,,1,89,,31792,46,4,,1,79,,31793,46,4,,1
9901,'74',550,,31794,46,4,,1,77,,31795,46,4,,1,77,,31796,46,4,,1,37,,31797,46,4,,1,87,,31798,46,4,,1,93,,31799,46,4,,1,89,,31800,46,4,,1,47,,31801,46,4,,1,144,,31802,46,4,,1,57,,31803,46,4,,1,95,,31804,46,4,,1,95,,31805,46,4,,1,95,,31806,46,4,,1,95,,31807,46,4,,1,92,,31808,46,4,,1,93,,31809,46,4,,1,95,,31810,46,4,,1,90,,31811,46,4,,1,45,,31812,46,4,,1,85,,31813,46,4,,1
9901,'80',554,,31814,46,4,,1,81,,31815,46,4,,1,78,,31816,46,4,,1,38,,31817,46,4,,1,78,,31818,46,4,,1,94,,31819,46,4,,1,89,,31820,46,4,,1,89,,31821,46,4,,1,49,,31822,46,4,,1,94,,31823,46,4,,1,89,,31824,46,4,,1,89,,31825,46,4,,1,89,,31826,46,4,,1,89,,31827,46,4,,1,49,,31828,46,4,,1,89,,31829,46,4,,1,84,,31830,46,4,,1,89,,31831,46,4,,1,89,,31832,46,4,,1,44,,31833,46,4,,1,89,,31834,46,4,,1,79,,31835,46,4,,1
36001,'1',1015,,33821,27,4,,1,29,,33822,27,4,,1,70,,33823,27,4,,1,27,,33824,27,4,,1,65,,33837,27,4,,1,43,,33836,27,4,,1,84,,33825,27,4,,1,84,,33826,27,4,,1,84,,33827,27,4,,1,49,,33828,27,4,,1,84,,33829,27,4,,1,88,,33830,27,4,,1,82,,33831,27,4,,1,40,,33832,27,4,,1,84,,33833,27,4,,1,85,,33834,27,4,,1,41,,33835,27,4,,1,84,,33843,27,4,,1,66,,33842,27,4,,1,26,,33838,27,4,,1,26,,33839,27,4,,1,66,,33840,27,4,,1,26,,33841,27,4,,1
36001,'2',1014,,33844,27,4,,1,23,,33845,27,4,,1,63,,33846,27,4,,1,23,,33847,27,4,,1,23,,33848,27,4,,1,61,,33849,27,4,,1,23,,33850,27,4,,1,25,,33851,27,4,,1,63,,33852,27,4,,1,23,,33853,27,4,,1,63,,33854,27,4,,1,22,,33855,27,4,,1,23,,33856,27,4,,1,63,,33857,27,4,,1,23,,33858,27,4,,1,23,,33859,27,4,,1,63,,33860,27,4,,1,23,,33861,27,4,,1,65,,33862,27,4,,1,23,,33863,27,4,,1,20,,33864,27,4,,1,64,,33865,27,4,,1,23,,33866,27,4,,1,69,,33879,27,4,,1,24,,33878,27,4,,1,19,,33867,27,4,,1,64,,33868,27,4,,1,24,,33869,27,4,,1,67,,33870,27,4,,1,22,,33871,27,4,,1,21,,33872,27,4,,1,64,,33873,27,4,,1,24,,33874,27,4,,1,64,,33875,27,4,,1,24,,33876,27,4,,1,24,,33877,27,4,,1
36001,'3',1007,,33880,27,4,,1,22,,33881,27,4,,1,22,,33882,27,4,,1,62,,33883,27,4,,1,19,,33884,27,4,,1,22,,33885,27,4,,1,64,,33886,27,4,,1,22,,33887,27,4,,1,62,,33888,27,4,,1,22,,33889,27,4,,1,23,,33890,27,4,,1,62,,33891,27,4,,1,22,,33892,27,4,,1,20,,33893,27,4,,1,66,,33894,27,4,,1,22,,33895,27,4,,1,62,,33896,27,4,,1,22,,33897,27,4,,1,22,,33898,27,4,,1,62,,33899,27,4,,1,22,,33900,27,4,,1,22,,33901,27,4,,1,63,,33902,27,4,,1,22,,33903,27,4,,1,22,,33904,27,4,,1,67,,33905,27,4,,1,21,,33917,27,4,,1,56,,33916,27,4,,1,23,,33906,27,4,,1,23,,33907,27,4,,1,63,,33908,27,4,,1,23,,33909,27,4,,1,23,,33910,27,4,,1,60,,33911,27,4,,1,23,,33912,27,4,,1,63,,33913,27,4,,1,23,,33914,27,4,,1,23,,33915,27,4,,1
36001,'74',1014,,33918,27,4,,1,23,,33919,27,4,,1,63,,33920,27,4,,1,23,,33921,27,4,,1,23,,33922,27,4,,1,61,,33923,27,4,,1,23,,33924,27,4,,1,25,,33925,27,4,,1,63,,33926,27,4,,1,23,,33927,27,4,,1,63,,33928,27,4,,1,22,,33929,27,4,,1,23,,33930,27,4,,1,63,,33931,27,4,,1,23,,33932,27,4,,1,23,,33933,27,4,,1,63,,33934,27,4,,1,23,,33935,27,4,,1,65,,33936,27,4,,1,23,,33937,27,4,,1,20,,33938,27,4,,1,64,,33939,27,4,,1,23,,33940,27,4,,1,69,,33942,27,4,,1,24,,33941,27,4,,1,19,,33943,27,4,,1,64,,33944,27,4,,1,24,,33945,27,4,,1,67,,33946,27,4,,1,22,,33947,27,4,,1,21,,33948,27,4,,1,64,,33949,27,4,,1,24,,33950,27,4,,1,64,,33951,27,4,,1,24,,33952,27,4,,1,24,,33953,27,4,,1,64,,33954,27,4,,1
36001,'80',1007,,33955,27,4,,1,22,,33956,27,4,,1,22,,33957,27,4,,1,62,,33958,27,4,,1,19,,33959,27,4,,1,22,,33960,27,4,,1,64,,33961,27,4,,1,22,,33962,27,4,,1,62,,33963,27,4,,1,22,,33964,27,4,,1,23,,33965,27,4,,1,62,,33966,27,4,,1,22,,33967,27,4,,1,20,,33968,27,4,,1,66,,33969,27,4,,1,22,,33970,27,4,,1,62,,33971,27,4,,1,22,,33972,27,4,,1,22,,33973,27,4,,1,62,,33974,27,4,,1,22,,33975,27,4,,1,22,,33976,27,4,,1,63,,33977,27,4,,1,22,,33978,27,4,,1,22,,33979,27,4,,1,67,,33980,27,4,,1,21,,33992,27,4,,1,56,,33991,27,4,,1,23,,33981,27,4,,1,23,,33982,27,4,,1,63,,33983,27,4,,1,23,,33984,27,4,,1,23,,33985,27,4,,1,60,,33986,27,4,,1,23,,33987,27,4,,1,63,,33988,27,4,,1,23,,33989,27,4,,1,23,,33990,27,4,,1
989901,'1',2254,,36877,101,4,,1,68,,36878,101,4,,1,78,,36879,101,4,,1,34,,36880,101,4,,1,75,,36881,101,4,,1,29,,36882,101,4,,1,75,,36883,101,4,,1,35,,36884,101,4,,1
989901,'2',2303,,36885,101,4,,1,46,,36886,101,4,,1,81,,36887,101,4,,1,91,,36890,101,4,,1,83,,36888,101,4,,1,46,,36889,101,4,,1
989901,'3',2310,,36891,101,4,,1,47,,36892,101,4,,1,83,,36893,101,4,,1,84,,36894,101,4,,1,79,,36895,101,4,,1,43,,36896,101,4,,1
989901,'74',2303,,36897,101,4,,1,46,,36898,101,4,,1,81,,36899,101,4,,1,91,,36902,101,4,,1,83,,36900,101,4,,1,46,,36901,101,4,,1
989901,'80',2310,,36903,101,4,,1,47,,36904,101,4,,1,83,,36905,101,4,,1,84,,36906,101,4,,1,79,,36907,101,4,,1,43,,36908,101,4,,1
