200,'1',538,,212,1,0,12 13,1,21,,211,1,0,12 13,1,61,,210,1,0,12 13,1,21,,209,1,0,12 13,1,61,,202,1,0,12 13,1,21,,203,1,0,12 13,1,21,,204,1,0,12 13,1,61,,205,1,0,12 13,1,21,,206,1,0,12 13,1,21,,207,1,0,12 13,1,61,,208,1,0,12 13,1,21,,213,1,0,12 13,1,77,,221,1,0,12 13,1,35,,214,1,0,12 13,1,75,,215,1,0,12 13,1,35,,216,1,0,12 13,1,75,,217,1,0,12 13,1,75,,218,1,0,12 13,1,35,,219,1,0,12 13,1,72,,220,1,0,12 13,1,34,,234,1,0,12 13,1,63,,233,1,0,12 13,1,23,,232,1,0,12 13,1,23,,222,1,0,12 13,1,63,,223,1,0,12 13,1,23,,224,1,0,12 13,1,63,,225,1,0,12 13,1,23,,226,1,0,12 13,1,23,,227,1,0,12 13,1,63,,228,1,0,12 13,1,23,,229,1,0,12 13,1,23,,230,1,0,12 13,1,63,,231,1,0,12 13,1,90,,240,1,0,12 13,1,40,,235,1,0,12 13,1,80,,236,1,0,12 13,1,80,,237,1,0,12 13,1,40,,238,1,0,12 13,1,80,,239,1,0,12 13,1
200,'2',757,,269,1,0,208 209 6,1,80,,268,1,0,208 209 6,1,80,,244,1,0,208 209 6,1,40,,245,1,0,208 209 6,1,80,,246,1,0,208 209 6,1,80,,247,1,0,208 209 6,1,40,,248,1,0,208 209 6,1,80,,249,1,0,208 209 6,1,80,,250,1,0,208 209 6,1,40,,251,1,0,208 209 6,1,80,,252,1,0,208 209 6,1,80,,253,1,0,208 209 6,1,40,,254,1,0,208 209 6,1,80,,255,1,0,208 209 6,1,80,,256,1,0,208 209 6,1,40,,257,1,0,208 209 6,1,80,,258,1,0,208 209 6,1,80,,259,1,0,208 209 6,1,40,,260,1,0,208 209 6,1,80,,261,1,0,208 209 6,1,80,,262,1,0,208 209 6,1,32,,267,1,0,208 209 6,1,73,,266,1,0,208 209 6,1,33,,263,1,0,208 209 6,1,73,,264,1,0,208 209 6,1,73,,265,1,0,208 209 6,1
200,'3',845,,270,1,0,208 209 6,1,157,,271,1,0,208 209 6,1,117,,272,1,0,208 209 6,1,117,,273,1,0,208 209 6,1,117,,274,1,0,208 209 6,1,157,,275,1,0,208 209 6,1,117,,276,1,0,208 209 6,1,117,,277,1,0,208 209 6,1,157,,278,1,0,208 209 6,1,117,,279,1,0,208 209 6,1,108,,280,1,0,208 209 6,1,108,,281,1,0,208 209 6,1,108,,282,1,0,208 209 6,1
200,'80',845,,283,1,0,208 209 6,1,157,,284,1,0,208 209 6,1,117,,285,1,0,208 209 6,1,117,,286,1,0,208 209 6,1,117,,287,1,0,208 209 6,1,157,,288,1,0,208 209 6,1,117,,289,1,0,208 209 6,1,117,,290,1,0,208 209 6,1,157,,291,1,0,208 209 6,1,117,,292,1,0,208 209 6,1,108,,293,1,0,208 209 6,1,108,,294,1,0,208 209 6,1,108,,295,1,0,208 209 6,1
200,'81',845,,296,1,0,208 209 6,1,157,,297,1,0,208 209 6,1,117,,298,1,0,208 209 6,1,117,,299,1,0,208 209 6,1,117,,300,1,0,208 209 6,1,157,,301,1,0,208 209 6,1,117,,302,1,0,208 209 6,1,117,,303,1,0,208 209 6,1,157,,304,1,0,208 209 6,1,117,,305,1,0,208 209 6,1,108,,306,1,0,208 209 6,1,108,,307,1,0,208 209 6,1,108,,308,1,0,208 209 6,1
201,'1',532,,339,34,4,,1,21,,340,34,4,,1,61,,341,34,4,,1,21,,342,34,4,,1,3,,309,85,4,,1,21,,310,85,4,,1,65,,311,85,4,,1,24,,312,85,4,,1,61,,313,85,4,,1,29,,314,93,4,,1,62,,315,85,4,,1,21,,316,85,4,,1,21,,317,85,4,,1,12,,318,85,4,,1,71,,319,85,4,,1,75,,320,85,4,,1,35,,321,85,4,,1,75,,322,85,4,,1,35,,323,85,4,,1,75,,324,85,4,,1,35,,325,85,4,,1,75,,326,85,4,,1,83,,327,85,4,,1,23,,328,85,4,,1,23,,329,85,4,,1,64,,330,85,4,,1,21,,331,85,4,,1,67,,332,85,4,,1,25,,333,85,4,,1,23,,334,85,4,,1,63,,335,85,4,,1,17,,336,85,4,,1,63,,337,85,4,,1,19,,338,85,4,,1,23,,343,85,4,,1,57,,344,85,4,,1,40,,345,85,4,,1,80,,346,85,4,,1,35,,347,85,4,,1,80,,348,85,4,,1,80,,349,85,4,,1,35,,350,85,4,,1
201,'2',903,,353,101,4,,1,40,,354,101,4,,1,85,,355,101,4,,1,80,,356,101,4,,1,40,,357,101,4,,1,81,,358,101,4,,1,80,,359,101,4,,1,40,,360,101,4,,1,80,,361,101,4,,1,80,,362,101,4,,1,37,,363,101,4,,1,80,,364,101,4,,1,80,,365,101,4,,1,40,,366,101,4,,1,80,,367,101,4,,1,80,,368,101,4,,1,36,,369,101,4,,1,80,,370,101,4,,1,80,,371,101,4,,1,40,,372,101,4,,1,73,,373,101,4,,1,33,,374,101,4,,1,73,,375,101,4,,1,33,,376,101,4,,1,69,,377,101,4,,1,33,,378,101,4,,1
201,'3',955,,389,101,4,,1,152,,379,101,4,,1,117,,380,101,4,,1,120,,381,101,4,,1,157,,382,101,4,,1,115,,383,101,4,,1,117,,384,101,4,,1,117,,385,101,4,,1,157,,386,101,4,,1,113,,387,101,4,,1,109,,388,101,4,,1,105,,390,101,4,,1,108,,391,101,4,,1
201,'80',955,,402,101,4,,1,152,,392,101,4,,1,117,,393,101,4,,1,120,,394,101,4,,1,157,,395,101,4,,1,115,,396,101,4,,1,117,,397,101,4,,1,117,,398,101,4,,1,157,,399,101,4,,1,113,,400,101,4,,1,109,,401,101,4,,1,105,,403,101,4,,1,108,,404,101,4,,1
201,'81',955,,415,101,4,,1,152,,405,101,4,,1,117,,406,101,4,,1,120,,407,101,4,,1,157,,408,101,4,,1,115,,409,101,4,,1,117,,410,101,4,,1,117,,411,101,4,,1,157,,412,101,4,,1,113,,413,101,4,,1,109,,414,101,4,,1,105,,416,101,4,,1,108,,417,101,4,,1
30301,'1',1600,,8600,1,,,1,100,,8599,1,,,1,40,,8602,1,,,1
30501,'1',1648,,8626,1,,,1,66,,8625,1,,,1,86,,8623,1,,,1
