300,'1',1020,,24142,2,4,,1,1186,,24143,2,4,,1
300,'2',2242,,24144,2,4,,1
300,'3',2221,,24159,2,4,,1
300,'74',2242,,24173,2,4,,1
300,'80',2221,,24188,2,4,,1
301,'1',515,,24203,4,,,1,32,,24204,4,,,1,72,,24205,4,,,1,32,,24206,4,,,1,72,,24207,4,,,1,33,,24208,4,,,1,72,,24209,4,,,1,31,,24210,4,,,1,72,,24202,4,,,1,77,,24226,4,,,1,46,,24211,4,,,1,86,,24212,4,,,1,86,,24213,4,,,1,86,,24214,4,,,1,46,,24215,4,,,1,87,,24216,4,,,1,67,,24217,4,,,1,32,,24218,4,,,1,72,,24219,4,,,1,32,,24220,4,,,1,72,,24221,4,,,1,32,,24222,4,,,1,71,,24223,4,,,1,32,,24224,4,,,1,66,,24225,4,,,1,29,,24231,4,,,1,66,,24228,4,,,1,43,,24229,4,,,1,80,,24230,4,0,25 26,1
301,'2',753,,24234,4,,,1,103,,24233,4,,,1,103,,24238,4,,,1,145,,24235,4,,,1,105,,24236,4,,,1,105,,24237,4,,,1,105,,24239,4,,,1,106,,24240,4,,,1,106,,24241,4,,,1,106,,24242,4,,,1,106,,24243,4,,,1,102,,24244,4,,,1,102,,24245,4,,,1,102,,24232,4,0,25 26,1
301,'3',913,,24253,4,,,1,102,,24252,4,,,1,102,,24251,4,,,1,102,,24250,4,,,1,102,,24249,4,,,1,102,,24248,4,,,1,102,,24247,4,,,1,102,,24246,4,,,1,102,,24258,4,,,1,102,,24257,4,,,1,102,,24256,4,,,1,98,,24255,4,,,1,98,,24254,4,0,25 26,1
301,'74',753,,24261,4,,,1,103,,24260,4,,,1,103,,24265,4,,,1,145,,24262,4,,,1,105,,24263,4,,,1,105,,24264,4,,,1,105,,24266,4,,,1,106,,24267,4,,,1,106,,24268,4,,,1,106,,24269,4,,,1,106,,24270,4,,,1,102,,24271,4,,,1,102,,24272,4,,,1,102,,24259,4,0,25 26,1
301,'80',913,,24276,4,,,1,102,,24275,4,,,1,102,,24274,4,,,1,102,,24273,4,,,1,102,,24280,4,,,1,102,,24279,4,,,1,102,,24278,4,,,1,102,,24277,4,,,1,102,,24285,4,,,1,102,,24284,4,,,1,102,,24283,4,,,1,98,,24282,4,,,1,98,,24281,4,0,25 26,1
