9600,'1',659,,31260,71,,,1,87,,31259,71,,,1,71,,31258,71,,,1,37,,31257,71,,,1,67,,31256,71,,,1,33,,31253,71,,,1,74,,31254,71,,,1,30,,31255,71,,,1,72,,31268,71,,,1,28,,31267,67,,,1,79,,31261,67,,,1,79,,31262,67,,,1,39,,31263,67,,,1,85,,31264,67,,,1,65,,31265,67,,,1,52,,31266,71,,,1,83,,31274,71,,,1,67,,31273,71,,,1,32,,31272,71,,,1,63,,31269,71,,,1,27,,31270,71,,,1,21,,31271,71,,,1,67,,31277,71,,,1,19,,31278,71,,,1,13,,31288,71,,,1,51,,31276,71,,,1,25,,31275,71,,,1,30,,31285,67,,,1,70,,31284,67,,,1,15,,31287,67,,,1,13,,31279,67,,,1,70,,31280,67,,,1,30,,31281,67,,,1,68,,31282,67,,,1,30,,31283,67,,,1,57,,31286,67,,,1
9600,'2',1020,,31289,67,,,1,101,,31290,67,,,1,99,,31291,67,,,1,96,,31292,67,,,1,99,,31293,67,,,1,99,,31294,67,,,1,99,,31295,67,,,1,99,,31296,67,,,1,94,,31297,67,,,1,97,,31298,67,,,1,47,,31299,67,,,1,83,,31300,67,,,1,97,,31301,67,,,1
9600,'3',1111,,31302,67,,,1,94,,31303,67,,,1,54,,31304,67,,,1,94,,31305,67,,,1,94,,31306,67,,,1,94,,31307,67,,,1,94,,31308,67,,,1,94,,31309,67,,,1,91,,31310,67,,,1,94,,31311,67,,,1,94,,31312,67,,,1,51,,31313,67,,,1
9600,'74',1020,,31314,67,,,1,101,,31315,67,,,1,99,,31316,67,,,1,96,,31317,67,,,1,99,,31318,67,,,1,99,,31319,67,,,1,99,,31320,67,,,1,99,,31321,67,,,1,94,,31322,67,,,1,97,,31323,67,,,1,47,,31324,67,,,1,83,,31325,67,,,1,97,,31326,67,,,1
9600,'80',1111,,31327,67,,,1,94,,31328,67,,,1,54,,31329,67,,,1,94,,31330,67,,,1,94,,31331,67,,,1,94,,31332,67,,,1,94,,31333,67,,,1,94,,31334,67,,,1,91,,31335,67,,,1,94,,31336,67,,,1,94,,31337,67,,,1,51,,31338,67,,,1
9800,'1',617,,31445,23,,,1,35,,31444,23,,,1,73,,31443,23,,,1,75,,31442,23,,,1,35,,31441,23,,,1,75,,31440,23,,,1,98,,31436,23,,,1,98,,31433,23,,,1,95,,31438,23,,,1,58,,31437,23,,,1,80,,31425,23,,,1,78,,31435,23,,,1,40,,31434,23,,,1,80,,31432,23,,,1,80,,31431,23,,,1,40,,31430,23,,,1,85,,31429,23,,,1,80,,31428,23,,,1,94,,31427,23,,,1,91,,31426,23,,,1,49,,31439,23,,,1
9800,'2',616,,31463,23,,,1,86,,31462,23,,,1,44,,31461,23,,,1,94,,31460,23,,,1,93,,31459,23,,,1,90,,31458,23,,,1,94,,31457,23,,,1,98,,31456,23,,,1,98,,31455,23,,,1,96,,31454,23,,,1,98,,31453,23,,,1,98,,31452,23,,,1,100,,31451,23,,,1,102,,31450,23,,,1,49,,31449,23,,,1,93,,31448,23,,,1,89,,31447,23,,,1,85,,31446,23,,,1
9800,'3',801,,31479,23,,,1,48,,31478,23,,,1,88,,31477,23,,,1,91,,31476,23,,,1,93,,31475,23,,,1,90,,31474,23,,,1,93,,31473,23,,,1,53,,31472,23,,,1,93,,31471,23,,,1,93,,31470,23,,,1,93,,31469,23,,,1,97,,31468,23,,,1,88,,31467,23,,,1,91,,31466,23,,,1,47,,31465,23,,,1,88,,31464,23,,,1
9800,'74',616,,31497,23,,,1,86,,31496,23,,,1,44,,31495,23,,,1,94,,31494,23,,,1,93,,31493,23,,,1,90,,31492,23,,,1,94,,31491,23,,,1,98,,31490,23,,,1,98,,31489,23,,,1,96,,31488,23,,,1,98,,31487,23,,,1,98,,31486,23,,,1,100,,31485,23,,,1,102,,31484,23,,,1,49,,31483,23,,,1,93,,31482,23,,,1,89,,31481,23,,,1,85,,31480,23,,,1
9800,'80',801,,31513,23,,,1,48,,31512,23,,,1,88,,31511,23,,,1,91,,31510,23,,,1,93,,31509,23,,,1,90,,31508,23,,,1,93,,31507,23,,,1,53,,31506,23,,,1,93,,31505,23,,,1,93,,31504,23,,,1,93,,31503,23,,,1,97,,31502,23,,,1,88,,31501,23,,,1,91,,31500,23,,,1,47,,31499,23,,,1,88,,31498,23,,,1
989900,'1',2121,,36830,66,,,1,34,,36831,66,,,1,78,,36832,66,,,1,78,,36833,66,,,1,35,,36834,66,,,1,71,,36835,66,,,1,35,,36836,66,,,1,75,,36837,66,,,1,76,,36838,66,0,5 6,1,35,,36839,66,0,5 6,1,79,,36840,66,0,5 6,1
989900,'2',2125,,36841,66,,,1,94,,36842,66,,,1,86,,36843,66,,,1,52,,36844,66,,,1,86,,36845,66,,,1,86,,36846,66,,,1,84,,36847,66,0,5 6,1,46,,36848,66,0,5 6,1,86,,36849,66,0,5 6,1
989900,'3',2141,,36850,66,,,1,90,,36851,66,,,1,85,,36852,66,,,1,90,,36853,66,,,1,40,,36854,66,,,1,83,,36855,66,,,1,79,,36856,66,0,5 6,1,43,,36857,66,0,5 6,1,83,,36858,66,0,5 6,1
989900,'74',2125,,36859,66,,,1,94,,36860,66,,,1,86,,36861,66,,,1,52,,36862,66,,,1,86,,36863,66,,,1,86,,36864,66,,,1,84,,36865,66,0,5 6,1,46,,36866,66,0,5 6,1,86,,36867,66,0,5 6,1
989900,'80',2141,,36868,66,,,1,90,,36869,66,,,1,85,,36870,66,,,1,90,,36871,66,,,1,40,,36872,66,,,1,83,,36873,66,,,1,79,,36874,66,0,5 6,1,43,,36875,66,0,5 6,1,83,,36876,66,0,5 6,1
