8100,'1',537,,29504,37,,,1,71,,29506,37,,,1,31,,29508,37,,,1,74,,29509,37,,,1,34,,29507,37,,,1,160,,29505,37,,,1
8101,'1',1528,,29518,37,,,1,87,,29517,37,,,1,39,,29516,37,,,1,79,,29515,37,,,1,77,,29514,37,,,1,37,,29513,37,,,1,74,,29512,37,,,1,38,,29511,37,,,1
8301,'1',832,,29597,3,,,1,718,,29589,3,,,1
9801,'1',546,,31521,55,,,1,75,,31520,55,,,1,38,,31519,55,,,1,75,,31518,55,,,1,76,,31517,55,,,1,35,,31516,55,,,1,75,,31515,55,,,1,35,,31514,55,,,1,75,,31525,55,,,1,101,,31524,55,,,1,98,,31523,55,,,1,98,,31522,55,,,1,102,,31537,55,,,1,80,,31536,55,,,1,40,,31535,55,,,1,80,,31534,55,,,1,80,,31533,55,,,1,40,,31532,55,,,1,80,,31531,55,,,1,76,,31530,55,,,1,38,,31529,55,,,1,91,,31528,55,,,1,86,,31527,55,,,1,88,,31526,55,,,1
9801,'2',552,,31556,55,,,1,86,,31555,55,,,1,86,,31554,55,,,1,86,,31553,55,,,1,49,,31552,55,,,1,97,,31551,55,,,1,94,,31550,55,,,1,98,,31549,55,,,1,94,,31548,55,,,1,102,,31547,55,,,1,98,,31546,55,,,1,98,,31545,55,,,1,95,,31544,55,,,1,98,,31543,55,,,1,98,,31542,55,,,1,94,,31541,55,,,1,85,,31540,55,,,1,49,,31539,55,,,1,87,,31538,55,,,1
9801,'3',735,,31573,55,,,1,88,,31574,55,,,1,91,,31572,55,,,1,88,,31571,55,,,1,48,,31570,55,,,1,96,,31569,55,,,1,93,,31568,55,,,1,93,,31567,55,,,1,95,,31566,55,,,1,93,,31565,55,,,1,93,,31564,55,,,1,93,,31563,55,,,1,53,,31562,55,,,1,90,,31561,55,,,1,85,,31560,55,,,1,86,,31559,55,,,1,87,,31558,55,,,1,48,,31557,55,,,1
9801,'74',552,,31593,55,,,1,86,,31592,55,,,1,86,,31591,55,,,1,86,,31590,55,,,1,49,,31589,55,,,1,97,,31588,55,,,1,94,,31587,55,,,1,98,,31586,55,,,1,94,,31585,55,,,1,102,,31584,55,,,1,98,,31583,55,,,1,98,,31582,55,,,1,95,,31581,55,,,1,98,,31580,55,,,1,98,,31579,55,,,1,94,,31578,55,,,1,85,,31577,55,,,1,49,,31576,55,,,1,87,,31575,55,,,1
9801,'80',735,,31610,55,,,1,88,,31611,55,,,1,91,,31609,55,,,1,88,,31608,55,,,1,48,,31607,55,,,1,96,,31606,55,,,1,93,,31605,55,,,1,93,,31604,55,,,1,95,,31603,55,,,1,93,,31602,55,,,1,93,,31601,55,,,1,93,,31600,55,,,1,53,,31599,55,,,1,90,,31598,55,,,1,85,,31597,55,,,1,86,,31596,55,,,1,87,,31595,55,,,1,48,,31594,55,,,1
989901,'1',2224,,36877,55,,,1,31,,36878,55,,,1,78,,36879,55,,,1,75,,36880,55,,,1,35,,36881,55,,,1,71,,36882,55,,,1,35,,36883,55,,,1,75,,36884,55,,,1
989901,'2',2230,,36885,55,,,1,91,,36886,55,,,1,82,,36887,55,,,1,51,,36890,55,,,1,85,,36888,55,,,1,86,,36889,55,,,1
989901,'3',2242,,36891,55,,,1,87,,36892,55,,,1,83,,36893,55,,,1,89,,36894,55,,,1,39,,36895,55,,,1,83,,36896,55,,,1
989901,'74',2230,,36897,55,,,1,91,,36898,55,,,1,82,,36899,55,,,1,51,,36902,55,,,1,85,,36900,55,,,1,86,,36901,55,,,1
989901,'80',2242,,36903,55,,,1,87,,36904,55,,,1,83,,36905,55,,,1,89,,36906,55,,,1,39,,36907,55,,,1,83,,36908,55,,,1
