9600,'1',558,,31260,1,,,1,82,,31259,1,,,1,71,,31258,1,,,1,37,,31257,1,,,1,67,,31256,1,,,1,41,,31253,1,,,1,74,,31254,1,,,1,70,,31255,1,,,1,32,,31268,1,,,1,69,,31267,1,,,1,39,,31261,1,,,1,79,,31262,1,,,1,39,,31263,1,,,1,79,,31264,1,,,1,65,,31265,1,,,1,46,,31266,1,,,1,83,,31274,1,,,1,27,,31273,1,,,1,67,,31272,1,,,1,27,,31269,1,,,1,67,,31270,1,,,1,27,,31271,1,,,1,67,,31277,1,,,1,26,,31278,1,,,1,14,,31288,1,,,1,55,,31276,1,,,1,25,,31275,1,,,1,76,,31285,1,,,1,30,,31284,1,,,1,15,,31287,1,,,1,55,,31279,1,,,1,30,,31280,1,,,1,70,,31281,1,,,1,30,,31282,1,,,1,70,,31283,1,,,1,17,,31286,1,,,1
9600,'2',925,,31289,1,,,1,99,,31290,1,,,1,99,,31291,1,,,1,99,,31292,1,,,1,99,,31293,1,,,1,99,,31294,1,,,1,99,,31295,1,,,1,99,,31296,1,,,1,96,,31297,1,,,1,97,,31298,1,,,1,47,,31299,1,,,1,89,,31300,1,,,1,97,,31301,1,,,1
9600,'3',1019,,31302,1,,,1,94,,31303,1,,,1,94,,31304,1,,,1,94,,31305,1,,,1,54,,31306,1,,,1,94,,31307,1,,,1,94,,31308,1,,,1,94,,31309,1,,,1,94,,31310,1,,,1,94,,31311,1,,,1,94,,31312,1,,,1,94,,31313,1,,,1
9600,'74',925,,31314,1,,,1,99,,31315,1,,,1,99,,31316,1,,,1,99,,31317,1,,,1,99,,31318,1,,,1,99,,31319,1,,,1,99,,31320,1,,,1,99,,31321,1,,,1,96,,31322,1,,,1,97,,31323,1,,,1,47,,31324,1,,,1,89,,31325,1,,,1,97,,31326,1,,,1
9600,'80',1019,,31327,1,,,1,94,,31328,1,,,1,94,,31329,1,,,1,94,,31330,1,,,1,54,,31331,1,,,1,94,,31332,1,,,1,94,,31333,1,,,1,94,,31334,1,,,1,94,,31335,1,,,1,94,,31336,1,,,1,94,,31337,1,,,1,94,,31338,1,,,1
9601,'1',549,,31339,94,4,,1,75,,31340,94,4,,1,29,,31341,94,4,,1,70,,31342,94,4,,1,82,,31343,94,4,,1,37,,31344,94,4,,1,78,,31345,94,4,,1,26,,31346,94,4,,1,70,,31347,94,4,,1,31,,31348,94,4,,1,79,,31349,94,4,,1,78,,31350,90,4,,1,43,,31351,90,4,,1,75,,31352,90,4,,1,32,,31353,90,4,,1,86,,31354,90,4,,1,84,,31355,90,4,,1,25,,31374,90,4,,1,54,,31356,90,4,,1,35,,31357,90,4,,1,67,,31358,90,4,,1,31,,31359,94,4,,1,67,,31360,94,4,,1,19,,31361,94,4,,1,21,,31362,94,4,,1,16,,31363,94,4,,1,65,,31364,94,4,,1,25,,31365,94,4,,1,65,,31366,94,4,,1,21,,31367,90,4,,1,65,,31368,90,4,,1,26,,31369,90,4,,1,30,,31370,90,4,,1,70,,31371,90,4,,1,30,,31372,90,4,,1,64,,31373,90,4,,1
9601,'2',912,,31375,90,4,,1,99,,31376,90,4,,1,103,,31377,90,4,,1,99,,31378,90,4,,1,99,,31379,90,4,,1,96,,31380,90,4,,1,99,,31381,90,4,,1,99,,31382,90,4,,1,99,,31383,90,4,,1,99,,31384,90,4,,1,47,,31385,90,4,,1,89,,31386,90,4,,1,97,,31387,90,4,,1
9601,'3',1012,,31388,90,4,,1,94,,31389,90,4,,1,94,,31390,90,4,,1,54,,31391,90,4,,1,94,,31392,90,4,,1,94,,31393,90,4,,1,96,,31394,90,4,,1,94,,31395,90,4,,1,87,,31396,90,4,,1,94,,31397,90,4,,1,92,,31398,90,4,,1,54,,31399,90,4,,1
9601,'74',912,,31400,90,4,,1,99,,31401,90,4,,1,103,,31402,90,4,,1,99,,31403,90,4,,1,99,,31404,90,4,,1,96,,31405,90,4,,1,99,,31406,90,4,,1,99,,31407,90,4,,1,99,,31408,90,4,,1,99,,31409,90,4,,1,47,,31410,90,4,,1,89,,31411,90,4,,1,97,,31412,90,4,,1
9601,'80',1012,,31413,90,4,,1,94,,31414,90,4,,1,94,,31415,90,4,,1,54,,31416,90,4,,1,94,,31417,90,4,,1,94,,31418,90,4,,1,96,,31419,90,4,,1,94,,31420,90,4,,1,87,,31421,90,4,,1,94,,31422,90,4,,1,92,,31423,90,4,,1,54,,31424,90,4,,1
