9601,'1',532,,31339,72,,,1,72,,31340,72,,,1,29,,31341,72,,,1,70,,31342,72,,,1,42,,31343,72,,,1,76,,31344,72,,,1,38,,31345,72,,,1,67,,31346,72,,,1,32,,31347,72,,,1,71,,31348,72,,,1,79,,31349,72,,,1,38,,31350,68,,,1,83,,31351,68,,,1,75,,31352,68,,,1,32,,31353,68,,,1,86,,31354,68,,,1,82,,31355,68,,,1,21,,31374,68,,,1,18,,31356,68,,,1,71,,31357,68,,,1,27,,31358,68,,,1,71,,31359,72,,,1,27,,31360,72,,,1,65,,31361,72,,,1,22,,31362,72,,,1,17,,31363,72,,,1,65,,31364,72,,,1,25,,31365,72,,,1,25,,31366,72,,,1,61,,31367,68,,,1,25,,31368,68,,,1,67,,31369,68,,,1,30,,31370,68,,,1,70,,31371,68,,,1,30,,31372,68,,,1,64,,31373,68,,,1
9601,'2',857,,31375,68,,,1,99,,31376,68,,,1,102,,31377,68,,,1,99,,31378,68,,,1,99,,31379,68,,,1,96,,31380,68,,,1,99,,31381,68,,,1,99,,31382,68,,,1,99,,31383,68,,,1,99,,31384,68,,,1,88,,31385,68,,,1,90,,31386,68,,,1,97,,31387,68,,,1
9601,'3',957,,31388,68,,,1,94,,31389,68,,,1,94,,31390,68,,,1,94,,31391,68,,,1,94,,31392,68,,,1,94,,31393,68,,,1,96,,31394,68,,,1,94,,31395,68,,,1,88,,31396,68,,,1,54,,31397,68,,,1,92,,31398,68,,,1,94,,31399,68,,,1
9601,'74',857,,31400,68,,,1,99,,31401,68,,,1,102,,31402,68,,,1,99,,31403,68,,,1,99,,31404,68,,,1,96,,31405,68,,,1,99,,31406,68,,,1,99,,31407,68,,,1,99,,31408,68,,,1,99,,31409,68,,,1,88,,31410,68,,,1,90,,31411,68,,,1,97,,31412,68,,,1
9601,'80',957,,31413,68,,,1,94,,31414,68,,,1,94,,31415,68,,,1,94,,31416,68,,,1,94,,31417,68,,,1,94,,31418,68,,,1,96,,31419,68,,,1,94,,31420,68,,,1,88,,31421,68,,,1,54,,31422,68,,,1,92,,31423,68,,,1,94,,31424,68,,,1
10701,'1',526,,32420,15,,,1,24,,32419,15,,,1,67,,32418,15,,,1,24,,32417,15,,,1,64,,32416,15,,,1,17,,32415,15,,,1,20,,32414,15,,,1,12,,32413,15,,,1,61,,32412,15,,,1,16,,32411,15,,,1,16,,32410,15,,,1,10,,32409,15,,,1,85,,32398,15,,,1,80,,32405,15,,,1,82,,32404,15,,,1,42,,32403,15,,,1,82,,32402,15,,,1,87,,32401,15,,,1,42,,32400,15,,,1,68,,32408,15,,,1,14,,32399,15,,,1,63,,32397,15,,,1,18,,32396,15,,,1,18,,32395,15,,,1,18,,32394,15,,,1,62,,32393,15,,,1,18,,32392,15,,,1,18,,32391,15,,,1,63,,32390,15,,,1,18,,32389,15,,,1,18,,32388,15,,,1,55,,32387,15,,,1,17,,32386,15,,,1,18,,32434,15,,,1,66,,32433,15,,,1,18,,32421,15,,,1,78,,32435,15,,,1,41,,32432,15,,,1,76,,32431,15,,,1,78,,32430,15,,,1,32,,32429,15,,,1,74,,32428,15,,,1,34,,32427,15,,,1,74,,32426,15,,,1,34,,32425,15,,,1,74,,32424,15,,,1,34,,32423,15,,,1,74,,32422,15,,,1
10701,'2',701,,32463,15,,,1,39,,32464,15,,,1,77,,32465,15,,,1,37,,32466,15,,,1,77,,32467,15,,,1,77,,32468,15,,,1,37,,32469,15,,,1,77,,32470,15,,,1,37,,32471,15,,,1,77,,32472,15,,,1,76,,32440,15,,,1,37,,32441,15,,,1,76,,32443,15,,,1,77,,32444,15,,,1,37,,32445,15,,,1,77,,32446,15,,,1,35,,32447,15,,,1,77,,32448,15,,,1,77,,32449,15,,,1,37,,32450,15,,,1,77,,32451,15,,,1,37,,32452,15,,,1,77,,32453,15,,,1,77,,32454,15,,,1,37,,32455,15,,,1,77,,32442,15,,,1,77,,32456,15,,,1,37,,32457,15,,,1,77,,32458,15,,,1,37,,32459,15,,,1,76,,32439,15,,,1,75,,32460,15,,,1
10701,'3',740,,32485,15,,,1,77,,32486,15,,,1,34,,32487,15,,,1,77,,32488,15,,,1,78,,32489,15,,,1,37,,32490,15,,,1,77,,32484,15,,,1,37,,32491,15,,,1,77,,32492,15,,,1,77,,32493,15,,,1,37,,32494,15,,,1,77,,32495,15,,,1,75,,32496,15,,,1,37,,32497,15,,,1,77,,32498,15,,,1,37,,32500,15,,,1,77,,32501,15,,,1,77,,32499,15,,,1,37,,32481,15,,,1,77,,32502,15,,,1,37,,32503,15,,,1,77,,32504,15,,,1,77,,32505,15,,,1,37,,32473,15,,,1,77,,32474,15,,,1,77,,32475,15,,,1,37,,32476,15,,,1,77,,32477,15,,,1,36,,32478,15,,,1,77,,32479,15,,,1,77,,32480,15,,,1
10701,'74',701,,32530,15,,,1,39,,32531,15,,,1,77,,32532,15,,,1,37,,32533,15,,,1,77,,32534,15,,,1,77,,32535,15,,,1,37,,32536,15,,,1,77,,32537,15,,,1,37,,32538,15,,,1,77,,32539,15,,,1,76,,32507,15,,,1,37,,32508,15,,,1,76,,32510,15,,,1,77,,32511,15,,,1,37,,32512,15,,,1,77,,32513,15,,,1,35,,32514,15,,,1,77,,32515,15,,,1,77,,32516,15,,,1,37,,32517,15,,,1,77,,32518,15,,,1,37,,32519,15,,,1,77,,32520,15,,,1,77,,32521,15,,,1,37,,32522,15,,,1,77,,32509,15,,,1,77,,32523,15,,,1,37,,32524,15,,,1,77,,32525,15,,,1,37,,32526,15,,,1,76,,32506,15,,,1,75,,32527,15,,,1
10701,'80',740,,32552,15,,,1,77,,32553,15,,,1,34,,32554,15,,,1,77,,32555,15,,,1,78,,32556,15,,,1,37,,32557,15,,,1,77,,32551,15,,,1,37,,32558,15,,,1,77,,32559,15,,,1,77,,32560,15,,,1,37,,32561,15,,,1,77,,32562,15,,,1,75,,32563,15,,,1,37,,32564,15,,,1,77,,32565,15,,,1,37,,32567,15,,,1,77,,32568,15,,,1,77,,32566,15,,,1,37,,32548,15,,,1,77,,32569,15,,,1,37,,32570,15,,,1,77,,32571,15,,,1,77,,32572,15,,,1,37,,32540,15,,,1,77,,32541,15,,,1,77,,32542,15,,,1,37,,32543,15,,,1,77,,32544,15,,,1,36,,32545,15,,,1,77,,32546,15,,,1,77,,32547,15,,,1
46201,'35294.1',1606,,34037,34,,,1,5,,34038,34,,,1
