9600,'1',722,,6908,98,4,,1,88,,6907,98,4,,1,31,,6906,98,4,,1,77,,6905,98,4,,1,27,,6904,98,4,,1,73,,6901,98,4,,1,34,,6902,98,4,,1,70,,6903,98,4,,1,32,,6916,98,4,,1,69,,6915,94,4,,1,79,,6909,94,4,,1,39,,6910,94,4,,1,79,,6911,94,4,,1,88,,6912,94,4,,1,25,,6913,94,4,,1,90,,6914,98,4,,1,83,,6922,98,4,,1,27,,6921,98,4,,1,72,,6920,98,4,,1,20,,6917,98,4,,1,27,,6918,98,4,,1,61,,6919,98,4,,1,27,,6925,98,4,,1,18,,6926,98,4,,1,51,,6936,98,4,,1,11,,6924,98,4,,1,25,,6923,98,4,,1,70,,6933,94,4,,1,30,,6932,94,4,,1,55,,6935,94,4,,1,11,,6927,94,4,,1,30,,6928,94,4,,1,68,,6929,94,4,,1,28,,6930,94,4,,1,70,,6931,94,4,,1,17,,6934,94,4,,1
9600,'2',1043,,6937,94,4,,1,104,,6938,94,4,,1,99,,6939,94,4,,1,95,,6940,94,4,,1,99,,6941,94,4,,1,99,,6942,94,4,,1,97,,6943,94,4,,1,99,,6944,94,4,,1,93,,6945,94,4,,1,97,,6946,94,4,,1,87,,6947,94,4,,1,40,,6948,94,4,,1,97,,6949,94,4,,1
9600,'3',1133,,6950,94,4,,1,94,,6951,94,4,,1,94,,6952,94,4,,1,94,,6953,94,4,,1,94,,6954,94,4,,1,94,,6955,94,4,,1,54,,6956,94,4,,1,94,,6957,94,4,,1,91,,6958,94,4,,1,94,,6959,94,4,,1,94,,6960,94,4,,1,88,,6961,94,4,,1
9600,'80',1133,,6962,94,4,,1,94,,6963,94,4,,1,94,,6964,94,4,,1,94,,6965,94,4,,1,94,,6966,94,4,,1,94,,6967,94,4,,1,54,,6968,94,4,,1,94,,6969,94,4,,1,91,,6970,94,4,,1,94,,6971,94,4,,1,94,,6972,94,4,,1,88,,6973,94,4,,1
9600,'81',1133,,6974,94,4,,1,94,,6975,94,4,,1,94,,6976,94,4,,1,94,,6977,94,4,,1,94,,6978,94,4,,1,94,,6979,94,4,,1,54,,6980,94,4,,1,94,,6981,94,4,,1,91,,6982,94,4,,1,94,,6983,94,4,,1,94,,6984,94,4,,1,88,,6985,94,4,,1
9601,'1',438,,6986,1,,,1,66,,6987,1,,,1,29,,6988,1,,,1,70,,6989,1,,,1,35,,6990,1,,,1,70,,6991,1,,,1,38,,6992,1,,,1,74,,6993,1,,,1,34,,6994,1,,,1,74,,6995,1,,,1,79,,6996,1,,,1,39,,6997,1,,,1,83,,6998,1,,,1,75,,6999,1,,,1,32,,7000,1,,,1,86,,7001,1,,,1,79,,7002,1,,,1,17,,7021,1,,,1,22,,7003,1,,,1,67,,7004,1,,,1,27,,7005,1,,,1,67,,7006,1,,,1,27,,7007,1,,,1,27,,7008,1,,,1,67,,7009,1,,,1,27,,7010,1,,,1,65,,7011,1,,,1,25,,7012,1,,,1,65,,7013,1,,,1,25,,7014,1,,,1,25,,7015,1,,,1,70,,7016,1,,,1,30,,7017,1,,,1,70,,7018,1,,,1,30,,7019,1,,,1,64,,7020,1,,,1
9601,'2',800,,7022,1,,,1,59,,7023,1,,,1,99,,7024,1,,,1,99,,7025,1,,,1,99,,7026,1,,,1,99,,7027,1,,,1,99,,7028,1,,,1,99,,7029,1,,,1,99,,7030,1,,,1,99,,7031,1,,,1,92,,7032,1,,,1,92,,7033,1,,,1,97,,7034,1,,,1
9601,'3',900,,7035,1,,,1,54,,7036,1,,,1,94,,7037,1,,,1,94,,7038,1,,,1,94,,7039,1,,,1,94,,7040,1,,,1,94,,7041,1,,,1,94,,7042,1,,,1,94,,7043,1,,,1,94,,7044,1,,,1,94,,7045,1,,,1,54,,7046,1,,,1
9601,'80',900,,7047,1,,,1,54,,7048,1,,,1,94,,7049,1,,,1,94,,7050,1,,,1,94,,7051,1,,,1,94,,7052,1,,,1,94,,7053,1,,,1,94,,7054,1,,,1,94,,7055,1,,,1,94,,7056,1,,,1,94,,7057,1,,,1,54,,7058,1,,,1
9601,'81',900,,7059,1,,,1,54,,7060,1,,,1,94,,7061,1,,,1,94,,7062,1,,,1,94,,7063,1,,,1,94,,7064,1,,,1,94,,7065,1,,,1,94,,7066,1,,,1,94,,7067,1,,,1,94,,7068,1,,,1,94,,7069,1,,,1,54,,7070,1,,,1
