1600,'1',543,,26443,14,,,1,62,,26444,14,,,1,24,,26445,14,,,1,22,,26446,14,,,1,62,,26447,14,,,1,22,,26448,14,,,1,18,,26449,14,,,1,66,,26450,14,,,1,22,,26451,14,,,1,62,,26452,14,,,1,31,,26453,14,,,1,70,,26454,14,,,1,35,,26455,14,,,1,67,,26456,14,,,1,31,,26457,14,,,1,71,,26458,14,,,1,31,,26459,14,,,1,71,,26460,14,,,1,31,,26461,14,,,1,75,,26462,14,,,1,21,,26463,14,,,1,63,,26464,14,,,1,23,,26465,14,,,1,23,,26466,14,,,1,63,,26467,14,,,1,25,,26468,14,,,1,23,,26469,14,,,1,63,,26470,14,,,1,23,,26471,14,,,1,63,,26472,14,,,1,22,,26473,14,,,1,20,,26474,14,,,1,63,,26475,14,,,1,23,,26476,14,,,1,23,,26477,14,,,1,63,,26478,14,,,1,22,,26479,14,,,1,74,,26480,14,,,1,34,,26481,14,,,1,74,,26482,14,,,1,34,,26483,14,,,1,74,,26484,14,,,1,74,,26488,14,,,1
1600,'2',652,,26489,14,,,1,78,,26490,14,,,1,79,,26491,14,,,1,38,,26492,14,,,1,78,,26493,14,,,1,78,,26494,14,,,1,38,,26495,14,,,1,78,,26496,14,,,1,38,,26497,14,,,1,78,,26498,14,,,1,81,,26499,14,,,1,41,,26500,14,,,1,82,,26501,14,,,1,81,,26502,14,,,1,82,,26503,14,,,1,41,,26504,14,,,1,81,,26505,14,,,1,81,,26506,14,,,1,41,,26507,14,,,1,74,,26508,14,,,1,36,,26509,14,,,1,79,,26510,14,,,1,73,,26511,14,,,1,35,,26512,14,,,1,77,,26513,14,,,1,35,,26515,14,,,1,76,,26516,14,,,1
1600,'3',845,,26517,14,,,1,96,,26518,14,,,1,95,,26519,14,,,1,95,,26520,14,,,1,95,,26521,14,,,1,99,,26526,14,,,1,98,,26522,14,,,1,98,,26523,14,,,1,98,,26524,14,,,1,94,,26525,14,,,1,95,,26531,14,,,1,92,,26527,14,,,1,51,,26528,14,,,1,92,,26529,14,,,1,92,,26530,14,,,1
1600,'74',652,,26534,14,,,1,78,,26535,14,,,1,79,,26536,14,,,1,38,,26537,14,,,1,78,,26538,14,,,1,78,,26539,14,,,1,38,,26540,14,,,1,78,,26541,14,,,1,38,,26542,14,,,1,78,,26543,14,,,1,81,,26544,14,,,1,41,,26545,14,,,1,82,,26546,14,,,1,81,,26547,14,,,1,82,,26548,14,,,1,41,,26549,14,,,1,81,,26550,14,,,1,81,,26551,14,,,1,41,,26552,14,,,1,74,,26553,14,,,1,36,,26554,14,,,1,79,,26555,14,,,1,73,,26556,14,,,1,35,,26558,14,,,1,77,,26559,14,,,1,35,,26560,14,,,1,76,,26561,14,,,1
1600,'80',845,,26562,14,,,1,96,,26563,14,,,1,95,,26564,14,,,1,95,,26565,14,,,1,95,,26566,14,,,1,99,,26571,14,,,1,98,,26567,14,,,1,98,,26568,14,,,1,98,,26569,14,,,1,94,,26570,14,,,1,95,,26576,14,,,1,92,,26572,14,,,1,51,,26573,14,,,1,92,,26574,14,,,1,92,,26575,14,,,1
8500,'1',639,,29617,58,,,1,16,,29618,58,,,1,56,,29619,58,,,1,16,,29620,58,,,1,16,,29621,58,,,1,60,,29622,58,,,1,16,,29623,58,,,1,16,,29624,58,,,1,16,,29625,58,,,1,56,,29626,58,,,1,16,,29627,58,,,1,10,,29628,57,,,1,16,,29629,57,,,1,65,,29630,57,,,1,25,,29631,57,,,1,18,,29632,57,,,1,65,,29633,57,,,1,25,,29634,57,,,1,65,,29635,57,,,1,25,,29636,57,,,1,67,,29637,57,,,1,25,,29638,57,,,1,27,,29639,57,,,1,65,,29640,57,,,1,20,,29641,57,,,1,16,,29668,43,,,1,58,,29642,43,,,1,20,,29643,43,,,1,16,,29644,43,,,1,57,,29645,43,,,1,16,,29646,43,,,1,24,,29647,44,,,1,53,,29648,44,,,1,16,,29649,44,,,1,16,,29650,44,,,1,19,,29651,44,,,1,56,,29652,44,,,1,16,,29653,44,,,1,16,,29654,44,,,1,10,,29655,44,,,1,56,,29656,44,,,1,16,,29657,44,,,1,16,,29658,44,,,1,16,,29659,44,,,1,52,,29660,43,,,1,25,,29661,43,,,1,26,,29662,43,,,1,65,,29663,43,,,1,32,,29664,43,,,1,72,,29665,43,,,1,32,,29666,43,,,1,72,,29667,43,,,1
8500,'2',714,,29697,57,,,1,31,,29698,57,,,1,70,,29699,57,,,1,28,,29700,57,,,1,74,,29701,57,,,1,30,,29702,57,,,1,70,,29703,57,,,1,34,,29704,57,,,1,70,,29705,57,,,1,31,,29669,57,,,1,62,,29670,57,,,1,25,,29671,57,,,1,63,,29672,57,,,1,23,,29673,57,,,1,23,,29674,57,,,1,63,,29675,57,,,1,23,,29676,57,,,1,23,,29677,57,,,1,63,,29678,57,,,1,23,,29679,57,,,1,63,,29680,57,,,1,23,,29681,57,,,1,23,,29682,57,,,1,63,,29683,57,,,1,21,,29684,57,,,1,21,,29685,57,,,1,57,,29686,57,,,1,21,,29687,57,,,1,21,,29688,57,,,1,61,,29689,57,,,1,21,,29690,57,,,1,21,,29691,57,,,1,59,,29692,57,,,1,21,,29693,57,,,1,61,,29694,57,,,1,21,,29695,57,,,1,21,,29696,57,,,1,70,,29706,57,,,1,30,,29707,57,,,1,70,,29708,57,,,1
8500,'3',849,,29726,29,,,1,80,,29727,29,,,1,79,,29709,57,,,1,40,,29710,57,,,1,81,,29711,57,,,1,80,,29712,57,,,1,91,,29713,57,,,1,43,,29714,57,,,1,83,,29715,57,,,1,83,,29716,57,,,1,42,,29717,57,,,1,83,,29718,57,,,1,84,,29719,57,,,1,34,,29720,57,,,1,81,,29721,57,,,1,85,,29722,57,,,1,37,,29723,57,,,1,81,,29724,57,,,1,81,,29725,57,,,1
8500,'74',714,,29756,57,,,1,31,,29757,57,,,1,70,,29758,57,,,1,28,,29759,57,,,1,74,,29760,57,,,1,30,,29761,57,,,1,70,,29762,57,,,1,34,,29763,57,,,1,70,,29764,57,,,1,31,,29728,57,,,1,62,,29729,57,,,1,25,,29730,57,,,1,63,,29731,57,,,1,23,,29732,57,,,1,23,,29733,57,,,1,63,,29734,57,,,1,23,,29735,57,,,1,23,,29736,57,,,1,63,,29737,57,,,1,23,,29738,57,,,1,63,,29739,57,,,1,23,,29740,57,,,1,23,,29741,57,,,1,63,,29742,57,,,1,21,,29743,57,,,1,21,,29744,57,,,1,57,,29745,57,,,1,21,,29746,57,,,1,21,,29747,57,,,1,61,,29748,57,,,1,21,,29749,57,,,1,21,,29750,57,,,1,59,,29751,57,,,1,21,,29752,57,,,1,61,,29753,57,,,1,21,,29754,57,,,1,21,,29755,57,,,1,70,,29765,57,,,1,30,,29766,57,,,1,70,,29767,57,,,1
8500,'80',849,,29785,29,,,1,80,,29786,29,,,1,79,,29768,57,,,1,40,,29769,57,,,1,81,,29770,57,,,1,80,,29771,57,,,1,91,,29772,57,,,1,43,,29773,57,,,1,83,,29774,57,,,1,83,,29775,57,,,1,42,,29776,57,,,1,83,,29777,57,,,1,84,,29778,57,,,1,34,,29779,57,,,1,81,,29780,57,,,1,85,,29781,57,,,1,37,,29782,57,,,1,81,,29783,57,,,1,81,,29784,57,,,1
