5000,'1',622,,28302,53,,,1,27,,28303,53,,,1,67,,28295,53,,,1,28,,28296,53,,,1,68,,28297,53,,,1,25,,28298,53,,,1,65,,28299,53,,,1,25,,28300,53,,,1,25,,28301,53,,,1,70,,28304,53,,,1,29,,28305,53,,,1,69,,28306,53,,,1,29,,28307,53,,,1,69,,28308,53,,,1,32,,28309,53,,,1,69,,28310,53,,,1,29,,28311,53,,,1,69,,28312,53,,,1,29,,28313,53,,,1,71,,28314,53,,,1,29,,28315,53,,,1,69,,28316,53,,,1,33,,28317,53,,,1,72,,28318,53,,,1,31,,28319,53,,,1,65,,28320,53,,,1,20,,28321,53,,,1,66,,28322,53,,,1,26,,28323,53,,,1,29,,28324,53,,,1,79,,28325,53,,,1,71,,28326,53,,,1,36,,28327,53,,,1,73,,28328,53,,,1,36,,28329,53,,,1,77,,28330,53,,,1
5000,'2',648,,28331,53,,,1,77,,28332,53,,,1,77,,28333,53,,,1,37,,28334,53,,,1,79,,28335,53,,,1,39,,28336,53,,,1,79,,28337,53,,,1,79,,28338,53,,,1,39,,28339,53,,,1,83,,28340,53,,,1,79,,28341,53,,,1,39,,28342,53,,,1,76,,28343,53,,,1,78,,28344,53,,,1,39,,28345,53,,,1,79,,28346,53,,,1,76,,28347,53,,,1,30,,28348,53,,,1,77,,28349,53,,,1,38,,28350,53,,,1,79,,28351,53,,,1,74,,28352,53,,,1,34,,28353,53,,,1,74,,28354,53,,,1,34,,28355,53,,,1,74,,28356,53,,,1,29,,28357,53,,,1,72,,28358,53,,,1
5000,'3',646,,28359,53,,,1,84,,28360,53,,,1,84,,28361,53,,,1,44,,28362,53,,,1,84,,28363,53,,,1,90,,28364,53,,,1,87,,28365,53,,,1,87,,28366,53,,,1,49,,28367,53,,,1,87,,28368,53,,,1,87,,28369,53,,,1,87,,28370,53,,,1,87,,28371,53,,,1,47,,28372,53,,,1,88,,28373,53,,,1,82,,28374,53,,,1,85,,28375,53,,,1,45,,28376,53,,,1,85,,28377,53,,,1,84,,28378,53,,,1,40,,28381,53,,,1,81,,28380,53,,,1,81,,28379,53,,,1
5000,'74',648,,28382,53,,,1,77,,28383,53,,,1,77,,28384,53,,,1,37,,28385,53,,,1,79,,28386,53,,,1,39,,28387,53,,,1,79,,28388,53,,,1,79,,28389,53,,,1,39,,28390,53,,,1,83,,28391,53,,,1,79,,28392,53,,,1,39,,28393,53,,,1,76,,28394,53,,,1,78,,28395,53,,,1,39,,28396,53,,,1,79,,28397,53,,,1,76,,28398,53,,,1,30,,28399,53,,,1,77,,28400,53,,,1,38,,28401,53,,,1,79,,28402,53,,,1,74,,28403,53,,,1,34,,28404,53,,,1,74,,28405,53,,,1,34,,28406,53,,,1,74,,28407,53,,,1,29,,28408,53,,,1,72,,28409,53,,,1
5000,'80',646,,28410,53,,,1,84,,28411,53,,,1,84,,28412,53,,,1,44,,28413,53,,,1,84,,28414,53,,,1,90,,28415,53,,,1,87,,28416,53,,,1,87,,28417,53,,,1,49,,28418,53,,,1,87,,28419,53,,,1,87,,28420,53,,,1,87,,28421,53,,,1,87,,28422,53,,,1,47,,28423,53,,,1,88,,28424,53,,,1,82,,28425,53,,,1,85,,28426,53,,,1,45,,28427,53,,,1,85,,28428,53,,,1,84,,28429,53,,,1,40,,28432,53,,,1,81,,28431,53,,,1,81,,28430,53,,,1
5001,'1',435,,28440,56,,,1,71,,28441,56,,,1,24,,28433,56,,,1,24,,28434,56,,,1,65,,28435,56,,,1,25,,28436,56,,,1,65,,28437,56,,,1,25,,28438,56,,,1,25,,28439,56,,,1,69,,28442,56,,,1,29,,28443,56,,,1,69,,28444,56,,,1,29,,28445,56,,,1,69,,28446,56,,,1,29,,28447,56,,,1,69,,28448,56,,,1,28,,28449,56,,,1,69,,28450,56,,,1,29,,28451,56,,,1,69,,28452,56,,,1,29,,28453,56,,,1,71,,28454,56,,,1,29,,28455,56,,,1,70,,28456,56,,,1,28,,28457,56,,,1,69,,28458,56,,,1,24,,28459,56,,,1,65,,28460,56,,,1,26,,28461,56,,,1,85,,28462,56,,,1,39,,28463,56,,,1,76,,28464,56,,,1,76,,28465,56,,,1,36,,28466,56,,,1,76,,28467,56,,,1,39,,28468,56,,,1,71,,28469,56,,,1,74,,28470,56,,,1
5001,'2',656,,28497,56,,,1,77,,28498,56,,,1,77,,28471,56,,,1,37,,28472,56,,,1,77,,28473,56,,,1,79,,28474,56,,,1,37,,28475,56,,,1,84,,28476,56,,,1,79,,28477,56,,,1,39,,28478,56,,,1,79,,28479,56,,,1,79,,28480,56,,,1,39,,28481,56,,,1,79,,28482,56,,,1,32,,28483,56,,,1,78,,28484,56,,,1,79,,28485,56,,,1,39,,28486,56,,,1,75,,28487,56,,,1,33,,28488,56,,,1,73,,28489,56,,,1,77,,28490,56,,,1,37,,28491,56,,,1,74,,28492,56,,,1,34,,28493,56,,,1,74,,28494,56,,,1,34,,28495,56,,,1,74,,28496,56,,,1
5001,'3',723,,28504,56,,,1,84,,28499,56,,,1,44,,28500,56,,,1,84,,28501,56,,,1,85,,28502,56,,,1,84,,28503,56,,,1,53,,28505,56,,,1,87,,28506,56,,,1,87,,28507,56,,,1,87,,28508,56,,,1,87,,28509,56,,,1,47,,28510,56,,,1,87,,28511,56,,,1,83,,28512,56,,,1,87,,28513,56,,,1,49,,28514,56,,,1,85,,28515,56,,,1,85,,28516,56,,,1,82,,28517,56,,,1,45,,28518,56,,,1,80,,28519,56,,,1,80,,28520,56,,,1
5001,'74',656,,28547,56,,,1,77,,28548,56,,,1,77,,28521,56,,,1,37,,28522,56,,,1,77,,28523,56,,,1,79,,28524,56,,,1,37,,28525,56,,,1,84,,28526,56,,,1,79,,28527,56,,,1,39,,28528,56,,,1,79,,28529,56,,,1,79,,28530,56,,,1,39,,28531,56,,,1,79,,28532,56,,,1,32,,28533,56,,,1,78,,28534,56,,,1,79,,28535,56,,,1,39,,28536,56,,,1,75,,28537,56,,,1,33,,28538,56,,,1,73,,28539,56,,,1,77,,28540,56,,,1,37,,28541,56,,,1,74,,28542,56,,,1,34,,28543,56,,,1,74,,28544,56,,,1,34,,28545,56,,,1,74,,28546,56,,,1
5001,'80',723,,28570,56,,,1,84,,28549,56,,,1,44,,28550,56,,,1,84,,28551,56,,,1,85,,28552,56,,,1,84,,28553,56,,,1,53,,28554,56,,,1,87,,28555,56,,,1,87,,28556,56,,,1,87,,28557,56,,,1,87,,28558,56,,,1,47,,28559,56,,,1,87,,28560,56,,,1,83,,28561,56,,,1,87,,28562,56,,,1,49,,28563,56,,,1,85,,28564,56,,,1,85,,28565,56,,,1,82,,28566,56,,,1,45,,28567,56,,,1,80,,28568,56,,,1,80,,28569,56,,,1
