7701,'1',438,,29118,11,,,1,17,,29119,11,,,1,53,,29120,11,,,1,15,,29121,11,,,1,16,,29122,11,,,1,15,,29123,11,,,1,55,,29124,11,,,1,16,,29125,11,,,1,16,,29126,11,,,1,16,,29127,11,,,1,57,,29128,11,,,1,16,,29129,11,,,1,16,,29130,11,,,1,56,,29131,11,,,1,16,,29132,11,,,1,16,,29133,11,,,1,17,,29134,11,,,1,56,,29135,11,,,1,15,,29136,11,,,1,16,,29137,11,,,1,16,,29138,11,,,1,56,,29139,11,,,1,31,,29140,11,,,1,70,,29141,11,,,1,30,,29142,11,,,1,70,,29143,11,,,1,30,,29144,11,,,1,72,,29145,11,,,1,30,,29146,11,,,1,70,,29147,11,,,1,19,,29148,11,,,1,19,,29149,11,,,1,59,,29150,11,,,1,19,,29151,11,,,1,19,,29152,11,,,1,59,,29153,11,,,1,19,,29154,11,,,1,19,,29155,11,,,1,59,,29156,11,,,1,19,,29157,11,,,1,19,,29158,11,,,1,59,,29159,11,,,1,17,,29160,11,,,1,19,,29161,11,,,1,18,,29162,11,,,1,58,,29163,11,,,1,19,,29164,11,,,1,19,,29165,11,,,1,67,,29166,11,,,1,27,,29167,11,,,1,67,,29168,11,,,1,27,,29169,11,,,1,67,,29170,11,,,1,33,,29171,11,,,1,72,,29172,11,,,1,33,,29173,11,,,1,72,,29174,11,,,1,32,,29175,11,,,1,73,,29176,11,,,1,33,,29177,11,,,1,75,,29178,11,,,1
7701,'2',520,,29187,11,,,1,35,,29188,11,,,1,75,,29189,11,,,1,75,,29190,11,,,1,35,,29191,11,,,1,75,,29192,11,,,1,35,,29193,11,,,1,75,,29194,11,,,1,86,,29195,11,,,1,42,,29196,11,,,1,81,,29197,11,,,1,81,,29198,11,,,1,41,,29199,11,,,1,83,,29200,11,,,1,80,,29201,11,,,1,82,,29220,11,,,1,33,,29202,11,,,1,73,,29203,11,,,1,33,,29204,11,,,1,74,,29205,11,,,1,30,,29206,11,,,1,73,,29207,11,,,1,30,,29208,11,,,1,70,,29209,11,,,1,30,,29210,11,,,1,70,,29211,11,,,1,30,,29212,11,,,1,70,,29213,11,,,1,30,,29214,11,,,1,70,,29215,11,,,1,30,,29216,11,,,1,69,,29217,11,,,1,30,,29218,11,,,1,76,,29219,11,,,1,36,,29221,11,,,1,70,,29222,11,,,1,73,,29223,11,,,1,33,,29224,11,,,1
7701,'74',520,,29253,11,,,1,35,,29254,11,,,1,75,,29255,11,,,1,75,,29256,11,,,1,35,,29257,11,,,1,75,,29258,11,,,1,35,,29259,11,,,1,75,,29260,11,,,1,86,,29261,11,,,1,42,,29262,11,,,1,81,,29263,11,,,1,81,,29264,11,,,1,41,,29265,11,,,1,83,,29266,11,,,1,80,,29267,11,,,1,82,,29286,11,,,1,33,,29268,11,,,1,73,,29269,11,,,1,33,,29270,11,,,1,74,,29271,11,,,1,30,,29272,11,,,1,73,,29273,11,,,1,30,,29274,11,,,1,70,,29275,11,,,1,30,,29276,11,,,1,70,,29277,11,,,1,30,,29278,11,,,1,70,,29279,11,,,1,30,,29280,11,,,1,70,,29281,11,,,1,30,,29282,11,,,1,69,,29283,11,,,1,30,,29284,11,,,1,76,,29285,11,,,1,36,,29287,11,,,1,70,,29288,11,,,1,73,,29289,11,,,1,33,,29290,11,,,1
9900,'1',447,,31612,11,,,1,81,,31613,11,,,1,80,,31614,11,,,1,41,,31615,11,,,1,91,,31616,11,,,1,75,,31617,11,,,1,37,,31618,11,,,1,73,,31619,11,,,1,75,,31620,11,,,1,35,,31621,11,,,1,96,,31622,11,,,1,94,,31623,11,,,1,94,,31624,11,,,1,94,,31625,11,,,1,30,,31637,11,,,1,71,,31636,11,,,1,29,,31626,11,,,1,70,,31627,11,,,1,30,,31628,11,,,1,70,,31629,11,,,1,30,,31630,11,,,1,69,,31631,11,,,1,30,,31632,11,,,1,68,,31633,11,,,1,30,,31634,11,,,1,70,,31635,11,,,1
9900,'2',605,,31640,11,,,1,38,,31641,11,,,1,78,,31655,11,,,1,89,,31654,11,,,1,47,,31642,11,,,1,87,,31643,11,,,1,87,,31644,11,,,1,87,,31645,11,,,1,104,,31646,11,,,1,95,,31647,11,,,1,95,,31648,11,,,1,95,,31649,11,,,1,95,,31650,11,,,1,55,,31651,11,,,1,95,,31652,11,,,1,95,,31653,11,,,1,88,,31657,11,,,1,90,,31656,11,,,1
9900,'3',613,,31660,11,,,1,38,,31661,11,,,1,78,,31662,11,,,1,78,,31663,11,,,1,51,,31680,11,,,1,89,,31664,11,,,1,89,,31665,11,,,1,89,,31666,11,,,1,89,,31667,11,,,1,89,,31668,11,,,1,49,,31669,11,,,1,89,,31670,11,,,1,89,,31671,11,,,1,89,,31672,11,,,1,89,,31673,11,,,1,49,,31674,11,,,1,89,,31675,11,,,1,89,,31676,11,,,1,86,,31677,11,,,1
9900,'74',605,,31681,11,,,1,38,,31682,11,,,1,78,,31696,11,,,1,89,,31695,11,,,1,47,,31683,11,,,1,87,,31684,11,,,1,87,,31685,11,,,1,87,,31686,11,,,1,104,,31687,11,,,1,95,,31688,11,,,1,95,,31689,11,,,1,95,,31690,11,,,1,95,,31691,11,,,1,55,,31692,11,,,1,95,,31693,11,,,1,95,,31694,11,,,1,88,,31698,11,,,1,90,,31697,11,,,1
9900,'80',613,,31701,11,,,1,38,,31702,11,,,1,78,,31703,11,,,1,78,,31704,11,,,1,51,,31721,11,,,1,89,,31705,11,,,1,89,,31706,11,,,1,89,,31707,11,,,1,89,,31708,11,,,1,89,,31709,11,,,1,49,,31710,11,,,1,89,,31711,11,,,1,89,,31712,11,,,1,89,,31713,11,,,1,89,,31714,11,,,1,49,,31715,11,,,1,89,,31716,11,,,1,89,,31717,11,,,1,86,,31718,11,,,1
36000,'1',839,,33649,11,,,1,69,,33650,11,,,1,29,,33651,11,,,1,69,,33652,11,,,1,28,,33653,11,,,1,70,,33654,11,,,1,44,,33655,11,,,1,84,,33656,11,,,1,84,,33657,11,,,1,84,,33658,11,,,1,44,,33659,11,,,1,85,,33660,11,,,1,83,,33661,11,,,1,44,,33662,11,,,1,84,,33663,11,,,1,84,,33664,11,,,1,83,,33665,11,,,1,44,,33666,11,,,1,84,,33667,11,,,1,66,,33668,11,,,1,26,,33669,11,,,1,25,,33670,11,,,1,66,,33671,11,,,1
36000,'2',838,,33672,11,,,1,63,,33673,11,,,1,23,,33674,11,,,1,23,,33675,11,,,1,63,,33676,11,,,1,23,,33677,11,,,1,23,,33678,11,,,1,64,,33679,11,,,1,23,,33680,11,,,1,63,,33681,11,,,1,23,,33682,11,,,1,23,,33683,11,,,1,63,,33684,11,,,1,23,,33685,11,,,1,62,,33686,11,,,1,23,,33687,11,,,1,24,,33688,11,,,1,64,,33689,11,,,1,23,,33690,11,,,1,23,,33691,11,,,1,61,,33692,11,,,1,23,,33693,11,,,1,63,,33694,11,,,1,23,,33695,11,,,1,24,,33696,11,,,1,63,,33697,11,,,1,24,,33698,11,,,1,64,,33699,11,,,1,24,,33700,11,,,1,24,,33701,11,,,1,63,,33702,11,,,1,25,,33703,11,,,1,64,,33704,11,,,1,24,,33705,11,,,1,24,,33706,11,,,1,64,,33707,11,,,1
36000,'3',837,,33708,11,,,1,22,,33709,11,,,1,62,,33710,11,,,1,22,,33711,11,,,1,62,,33712,11,,,1,22,,33713,11,,,1,23,,33714,11,,,1,62,,33715,11,,,1,22,,33716,11,,,1,22,,33717,11,,,1,62,,33718,11,,,1,22,,33719,11,,,1,62,,33720,11,,,1,22,,33721,11,,,1,22,,33722,11,,,1,62,,33723,11,,,1,22,,33724,11,,,1,22,,33725,11,,,1,62,,33726,11,,,1,22,,33727,11,,,1,22,,33728,11,,,1,62,,33729,11,,,1,22,,33730,11,,,1,62,,33731,11,,,1,22,,33732,11,,,1,22,,33733,11,,,1,62,,33734,11,,,1,22,,33735,11,,,1,23,,33736,11,,,1,63,,33737,11,,,1,22,,33738,11,,,1,63,,33739,11,,,1,23,,33740,11,,,1,24,,33741,11,,,1,63,,33742,11,,,1,23,,33743,11,,,1,23,,33744,11,,,1,63,,33745,11,,,1
36000,'74',838,,33746,11,,,1,63,,33747,11,,,1,23,,33748,11,,,1,23,,33749,11,,,1,63,,33750,11,,,1,23,,33751,11,,,1,23,,33752,11,,,1,64,,33753,11,,,1,23,,33754,11,,,1,63,,33755,11,,,1,23,,33756,11,,,1,23,,33757,11,,,1,63,,33758,11,,,1,23,,33759,11,,,1,62,,33760,11,,,1,23,,33761,11,,,1,24,,33762,11,,,1,64,,33763,11,,,1,23,,33764,11,,,1,23,,33765,11,,,1,61,,33766,11,,,1,23,,33767,11,,,1,63,,33768,11,,,1,23,,33769,11,,,1,24,,33770,11,,,1,63,,33771,11,,,1,24,,33772,11,,,1,64,,33773,11,,,1,24,,33774,11,,,1,24,,33775,11,,,1,63,,33776,11,,,1,25,,33777,11,,,1,64,,33778,11,,,1,24,,33779,11,,,1,24,,33780,11,,,1,64,,33781,11,,,1,24,,33782,11,,,1
36000,'80',837,,33783,11,,,1,22,,33784,11,,,1,62,,33785,11,,,1,22,,33786,11,,,1,62,,33787,11,,,1,22,,33788,11,,,1,23,,33789,11,,,1,62,,33790,11,,,1,22,,33791,11,,,1,22,,33792,11,,,1,62,,33793,11,,,1,22,,33794,11,,,1,62,,33795,11,,,1,22,,33796,11,,,1,22,,33797,11,,,1,62,,33798,11,,,1,22,,33799,11,,,1,22,,33800,11,,,1,62,,33801,11,,,1,22,,33802,11,,,1,22,,33803,11,,,1,62,,33804,11,,,1,22,,33805,11,,,1,62,,33806,11,,,1,22,,33807,11,,,1,22,,33808,11,,,1,62,,33809,11,,,1,22,,33810,11,,,1,23,,33811,11,,,1,63,,33812,11,,,1,22,,33813,11,,,1,63,,33814,11,,,1,23,,33815,11,,,1,24,,33816,11,,,1,63,,33817,11,,,1,23,,33818,11,,,1,23,,33819,11,,,1,63,,33820,11,,,1
989900,'1',2044,,36830,11,,,1,76,,36831,11,,,1,38,,36832,11,,,1,78,,36833,11,,,1,75,,36834,11,,,1,34,,36835,11,,,1,75,,36836,11,,,1,35,,36837,11,,,1,75,,36838,11,0,5 6,1,75,,36839,11,0,5 6,1,41,,36840,11,0,5 6,1
989900,'2',2045,,36841,11,,,1,94,,36842,11,,,1,92,,36843,11,,,1,94,,36844,11,,,1,86,,36845,11,,,1,46,,36846,11,,,1,86,,36847,11,0,5 6,1,86,,36848,11,0,5 6,1,86,,36849,11,0,5 6,1
989900,'3',2103,,36850,11,,,1,50,,36851,11,,,1,90,,36852,11,,,1,90,,36853,11,,,1,82,,36854,11,,,1,43,,36855,11,,,1,82,,36856,11,0,5 6,1,83,,36857,11,0,5 6,1,83,,36858,11,0,5 6,1
989900,'74',2045,,36859,11,,,1,94,,36860,11,,,1,92,,36861,11,,,1,94,,36862,11,,,1,86,,36863,11,,,1,46,,36864,11,,,1,86,,36865,11,0,5 6,1,86,,36866,11,0,5 6,1,86,,36867,11,0,5 6,1
989900,'80',2103,,36868,11,,,1,50,,36869,11,,,1,90,,36870,11,,,1,90,,36871,11,,,1,82,,36872,11,,,1,43,,36873,11,,,1,82,,36874,11,0,5 6,1,83,,36875,11,0,5 6,1,83,,36876,11,0,5 6,1
