9901,'1',419,,7366,32,,,1,81,,7367,32,,,1,40,,7368,32,,,1,82,,7369,32,,,1,80,,7370,32,,,1,35,,7371,32,,,1,70,,7372,32,,,1,43,,7373,32,,,1,74,,7374,32,,,1,35,,7375,32,,,1,94,,7376,32,,,1,98,,7377,32,,,1,94,,7378,32,,,1,94,,7379,32,,,1,100,,7380,32,,,1,66,,7381,32,,,1,30,,7382,32,,,1,70,,7383,32,,,1,30,,7384,32,,,1,70,,7385,32,,,1,30,,7386,32,,,1,70,,7387,32,,,1,28,,7388,32,,,1,70,,7389,32,,,1,26,,7390,32,,,1,30,,7391,32,,,1,70,,7392,32,,,1,25,,7393,32,,,1,71,,7394,32,,,1,85,,7395,32,,,1
9901,'2',541,,7396,32,,,1,77,,7397,32,,,1,37,,7398,32,,,1,77,,7399,32,,,1,87,,7400,32,,,1,92,,7401,32,,,1,48,,7402,32,,,1,87,,7403,32,,,1,102,,7404,32,,,1,97,,7405,32,,,1,95,,7406,32,,,1,95,,7407,32,,,1,95,,7408,32,,,1,95,,7409,32,,,1,92,,7410,32,,,1,94,,7411,32,,,1,95,,7412,32,,,1,51,,7413,32,,,1,85,,7414,32,,,1,85,,7415,32,,,1
9901,'3',545,,7416,32,,,1,81,,7417,32,,,1,78,,7418,32,,,1,38,,7419,32,,,1,78,,7420,32,,,1,93,,7421,32,,,1,89,,7422,32,,,1,49,,7423,32,,,1,89,,7424,32,,,1,93,,7425,32,,,1,89,,7426,32,,,1,89,,7427,32,,,1,89,,7428,32,,,1,49,,7429,32,,,1,89,,7430,32,,,1,89,,7431,32,,,1,85,,7432,32,,,1,89,,7433,32,,,1,49,,7434,32,,,1,86,,7435,32,,,1,89,,7436,32,,,1,79,,7437,32,,,1
9901,'80',545,,7438,32,,,1,81,,7439,32,,,1,78,,7440,32,,,1,38,,7441,32,,,1,78,,7442,32,,,1,93,,7443,32,,,1,89,,7444,32,,,1,49,,7445,32,,,1,89,,7446,32,,,1,93,,7447,32,,,1,89,,7448,32,,,1,89,,7449,32,,,1,89,,7450,32,,,1,49,,7451,32,,,1,89,,7452,32,,,1,89,,7453,32,,,1,85,,7454,32,,,1,89,,7455,32,,,1,49,,7456,32,,,1,86,,7457,32,,,1,89,,7458,32,,,1,79,,7459,32,,,1
9901,'81',545,,7460,32,,,1,81,,7461,32,,,1,78,,7462,32,,,1,38,,7463,32,,,1,78,,7464,32,,,1,93,,7465,32,,,1,89,,7466,32,,,1,49,,7467,32,,,1,89,,7468,32,,,1,93,,7469,32,,,1,89,,7470,32,,,1,89,,7471,32,,,1,89,,7472,32,,,1,49,,7473,32,,,1,89,,7474,32,,,1,89,,7475,32,,,1,85,,7476,32,,,1,89,,7477,32,,,1,49,,7478,32,,,1,86,,7479,32,,,1,89,,7480,32,,,1,79,,7481,32,,,1
36001,'2',958,,9097,13,,,1,76,,9098,13,,,1,76,,9099,13,,,1,30,,9100,13,,,1,78,,9113,13,,,1,34,,9101,13,,,1,68,,9102,13,,,1,28,,9103,13,,,1,66,,9104,13,,,1,28,,9105,13,,,1,69,,9106,13,,,1,28,,9107,13,,,1,68,,9108,13,,,1,30,,9109,13,,,1,68,,9110,13,,,1,28,,9111,13,,,1,25,,9112,13,,,1,69,,9117,13,,,1,86,,9114,13,,,1,36,,9115,13,,,1,79,,9116,13,,,1,79,,9121,13,,,1,29,,9118,13,,,1,66,,9119,13,,,1,29,,9120,13,,,1
36001,'80',1054,,9122,13,,,1,72,,9123,13,,,1,74,,9124,13,,,1,30,,9125,13,,,1,28,,9126,13,,,1,68,,9127,13,,,1,29,,9128,13,,,1,68,,9129,13,,,1,26,,9130,13,,,1,71,,9131,13,,,1,28,,9132,13,,,1,68,,9133,13,,,1,28,,9134,13,,,1,68,,9135,13,,,1,28,,9136,13,,,1,69,,9137,13,,,1,28,,9138,13,,,1,73,,9139,13,,,1,28,,9140,13,,,1,63,,9141,13,,,1,27,,9142,13,,,1
36001,'32681.3',1054,,9143,13,,,1,72,,9144,13,,,1,74,,9145,13,,,1,30,,9146,13,,,1,28,,9147,13,,,1,68,,9148,13,,,1,29,,9149,13,,,1,68,,9150,13,,,1,26,,9151,13,,,1,71,,9152,13,,,1,28,,9153,13,,,1,68,,9154,13,,,1,28,,9155,13,,,1,68,,9156,13,,,1,28,,9157,13,,,1,69,,9158,13,,,1,28,,9159,13,,,1,73,,9160,13,,,1,28,,9161,13,,,1,63,,9162,13,,,1,27,,9163,13,,,1
989901,'1',2245,,11627,87,,,1,69,,11628,87,,,1,38,,11629,87,,,1,74,,11630,87,,,1,75,,11631,87,,,1,30,,11632,87,,,1,75,,11633,87,,,1,35,,11634,87,,,1
989901,'2',2253,,11635,87,,,1,87,,11636,87,,,1,81,,11637,87,,,1,91,,11640,87,,,1,45,,11638,87,,,1,86,,11639,87,,,1
989901,'3',2301,,11641,87,,,1,47,,11642,87,,,1,83,,11643,87,,,1,85,,11644,87,,,1,39,,11645,87,,,1,83,,11646,87,,,1
989901,'80',2301,,11647,87,,,1,47,,11648,87,,,1,83,,11649,87,,,1,85,,11650,87,,,1,39,,11651,87,,,1,83,,11652,87,,,1
989901,'81',2301,,11653,87,,,1,47,,11654,87,,,1,83,,11655,87,,,1,85,,11656,87,,,1,39,,11657,87,,,1,83,,11658,87,,,1
