200,'1',540,,23881,4,0,12 13,1,61,,23880,4,0,12 13,1,21,,23879,4,0,12 13,1,21,,23878,4,0,12 13,1,61,,23871,4,0,12 13,1,21,,23872,4,0,12 13,1,22,,23873,4,0,12 13,1,61,,23874,4,0,12 13,1,21,,23875,4,0,12 13,1,20,,23876,4,0,12 13,1,61,,23877,4,0,12 13,1,21,,23882,4,0,12 13,1,77,,23890,4,0,12 13,1,35,,23883,4,0,12 13,1,76,,23884,4,0,12 13,1,35,,23885,4,0,12 13,1,75,,23886,4,0,12 13,1,75,,23887,4,0,12 13,1,35,,23888,4,0,12 13,1,72,,23889,4,0,12 13,1,34,,23903,4,0,12 13,1,63,,23902,4,0,12 13,1,23,,23901,4,0,12 13,1,23,,23891,4,0,12 13,1,63,,23892,4,0,12 13,1,23,,23893,4,0,12 13,1,18,,23894,4,0,12 13,1,68,,23895,4,0,12 13,1,23,,23896,4,0,12 13,1,62,,23897,4,0,12 13,1,23,,23898,4,0,12 13,1,24,,23899,4,0,12 13,1,63,,23900,4,0,12 13,1,90,,23909,4,0,12 13,1,39,,23904,4,0,12 13,1,80,,23905,4,0,12 13,1,80,,23906,4,0,12 13,1,39,,23907,4,0,12 13,1,80,,23908,4,0,12 13,1
200,'2',759,,23938,4,,,1,80,,23937,4,,,1,80,,23913,4,,,1,40,,23914,4,,,1,80,,23915,4,,,1,80,,23916,4,,,1,40,,23917,4,,,1,80,,23918,4,,,1,80,,23919,4,,,1,40,,23920,4,,,1,80,,23921,4,,,1,80,,23922,4,,,1,40,,23923,4,,,1,80,,23924,4,,,1,80,,23925,4,,,1,40,,23926,4,,,1,80,,23927,4,,,1,80,,23928,4,,,1,40,,23929,4,,,1,80,,23930,4,,,1,80,,23931,4,,,1,32,,23936,4,,,1,73,,23935,4,,,1,33,,23932,4,,,1,73,,23933,4,,,1,73,,23934,4,,,1
200,'3',847,,23939,4,,,1,157,,23940,4,,,1,117,,23941,4,,,1,117,,23942,4,,,1,117,,23943,4,,,1,157,,23944,4,,,1,117,,23945,4,,,1,117,,23946,4,,,1,157,,23947,4,,,1,117,,23948,4,,,1,108,,23949,4,,,1,108,,23950,4,,,1,108,,23951,4,,,1
200,'74',759,,23977,4,,,1,80,,23976,4,,,1,80,,23952,4,,,1,40,,23953,4,,,1,80,,23954,4,,,1,80,,23955,4,,,1,40,,23956,4,,,1,80,,23957,4,,,1,80,,23958,4,,,1,40,,23959,4,,,1,80,,23960,4,,,1,80,,23961,4,,,1,40,,23962,4,,,1,80,,23963,4,,,1,80,,23964,4,,,1,40,,23965,4,,,1,80,,23966,4,,,1,80,,23967,4,,,1,40,,23968,4,,,1,80,,23969,4,,,1,80,,23970,4,,,1,32,,23975,4,,,1,73,,23974,4,,,1,33,,23971,4,,,1,73,,23972,4,,,1,73,,23973,4,,,1
200,'80',847,,23978,4,,,1,157,,23979,4,,,1,117,,23980,4,,,1,117,,23981,4,,,1,117,,23982,4,,,1,157,,23983,4,,,1,117,,23984,4,,,1,117,,23985,4,,,1,157,,23986,4,,,1,117,,23987,4,,,1,108,,23988,4,,,1,108,,23989,4,,,1,108,,23990,4,,,1
501,'1',550,,24862,4,,,1,62,,24861,4,,,1,22,,24860,4,,,1,22,,24859,4,,,1,62,,24858,4,,,1,22,,24857,4,,,1,62,,24856,4,,,1,22,,24855,4,,,1,22,,24854,4,,,1,62,,24853,4,,,1,41,,24842,4,,,1,72,,24852,4,,,1,32,,24851,4,,,1,72,,24850,4,,,1,32,,24849,4,,,1,72,,24848,4,,,1,72,,24847,4,,,1,32,,24846,4,,,1,72,,24845,4,,,1,37,,24844,4,,,1,67,,24843,4,,,1,27,,24841,4,,,1,23,,24840,4,,,1,63,,24839,4,,,1,23,,24838,4,,,1,62,,24864,4,,,1,23,,24877,4,,,1,23,,24876,4,,,1,63,,24875,4,,,1,26,,24874,4,,,1,63,,24873,4,,,1,23,,24872,4,,,1,23,,24871,4,,,1,59,,24870,4,,,1,28,,24869,4,,,1,68,,24868,4,,,1,28,,24867,4,,,1,66,,24866,4,,,1,30,,24865,4,,,1,21,,24863,4,,,1
501,'2',652,,24894,4,,,1,68,,24895,4,,,1,28,,24896,4,,,1,68,,24897,4,,,1,28,,24898,4,,,1,68,,24904,4,,,1,28,,24899,4,,,1,68,,24900,4,,,1,28,,24901,4,,,1,68,,24902,4,,,1,28,,24903,4,,,1,68,,24878,4,,,1,28,,24879,4,,,1,28,,24880,4,,,1,69,,24881,4,,,1,29,,24882,4,,,1,69,,24883,4,,,1,29,,24884,4,,,1,69,,24885,4,,,1,29,,24886,4,,,1,69,,24887,4,,,1,29,,24888,4,,,1,69,,24889,4,,,1,29,,24905,4,,,1,67,,24890,4,,,1,27,,24891,4,,,1,67,,24892,4,,,1,26,,24893,4,,,1
501,'74',652,,24910,4,,,1,68,,24911,4,,,1,28,,24912,4,,,1,68,,24913,4,,,1,28,,24914,4,,,1,68,,24920,4,,,1,28,,24915,4,,,1,68,,24916,4,,,1,28,,24917,4,,,1,68,,24918,4,,,1,28,,24919,4,,,1,68,,24906,4,,,1,28,,24907,4,,,1,28,,24908,4,,,1,69,,24909,4,,,1,29,,24921,4,,,1,69,,24922,4,,,1,29,,24923,4,,,1,69,,24924,4,,,1,29,,24925,4,,,1,69,,24926,4,,,1,29,,24927,4,,,1,69,,24928,4,,,1,29,,24933,4,,,1,67,,24929,4,,,1,27,,24930,4,,,1,67,,24931,4,,,1,26,,24932,4,,,1
2300,'1',629,,27566,4,,,1,107,,27565,4,,,1,106,,27564,4,,,1,762,,27563,4,,,1,50,,27562,4,,,1,90,,27561,4,,,1,90,,27569,4,,,1,90,,27568,4,,,1
7701,'1',432,,29118,4,,,1,17,,29119,4,,,1,53,,29120,4,,,1,15,,29121,4,,,1,15,,29122,4,,,1,15,,29123,4,,,1,55,,29124,4,,,1,16,,29125,4,,,1,16,,29126,4,,,1,16,,29127,4,,,1,57,,29128,4,,,1,16,,29129,4,,,1,16,,29130,4,,,1,16,,29131,4,,,1,56,,29132,4,,,1,16,,29133,4,,,1,16,,29134,4,,,1,16,,29135,4,,,1,56,,29136,4,,,1,16,,29137,4,,,1,16,,29138,4,,,1,56,,29139,4,,,1,30,,29140,4,,,1,70,,29141,4,,,1,30,,29142,4,,,1,70,,29143,4,,,1,30,,29144,4,,,1,70,,29145,4,,,1,30,,29146,4,,,1,70,,29147,4,,,1,19,,29148,4,,,1,19,,29149,4,,,1,59,,29150,4,,,1,19,,29151,4,,,1,19,,29152,4,,,1,19,,29153,4,,,1,59,,29154,4,,,1,19,,29155,4,,,1,19,,29156,4,,,1,59,,29157,4,,,1,19,,29158,4,,,1,19,,29159,4,,,1,59,,29160,4,,,1,19,,29161,4,,,1,19,,29162,4,,,1,58,,29163,4,,,1,19,,29164,4,,,1,19,,29165,4,,,1,67,,29166,4,,,1,27,,29167,4,,,1,67,,29168,4,,,1,27,,29169,4,,,1,27,,29170,4,,,1,73,,29171,4,,,1,73,,29172,4,,,1,33,,29173,4,,,1,73,,29174,4,,,1,32,,29175,4,,,1,73,,29176,4,,,1,33,,29177,4,,,1,75,,29178,4,,,1
7701,'2',513,,29187,4,,,1,35,,29188,4,,,1,75,,29189,4,,,1,35,,29190,4,,,1,75,,29191,4,,,1,75,,29192,4,,,1,35,,29193,4,,,1,75,,29194,4,,,1,86,,29195,4,,,1,42,,29196,4,,,1,81,,29197,4,,,1,81,,29198,4,,,1,41,,29199,4,,,1,81,,29200,4,,,1,81,,29201,4,,,1,42,,29220,4,,,1,73,,29202,4,,,1,33,,29203,4,,,1,73,,29204,4,,,1,73,,29205,4,,,1,32,,29206,4,,,1,73,,29207,4,,,1,30,,29208,4,,,1,70,,29209,4,,,1,30,,29210,4,,,1,70,,29211,4,,,1,30,,29212,4,,,1,70,,29213,4,,,1,30,,29214,4,,,1,70,,29215,4,,,1,30,,29216,4,,,1,70,,29217,4,,,1,30,,29218,4,,,1,76,,29219,4,,,1,36,,29221,4,,,1,70,,29222,4,,,1,33,,29223,4,,,1,73,,29224,4,,,1
7701,'3',912,,29225,4,,,1,92,,29226,4,,,1,52,,29227,4,,,1,93,,29228,4,,,1,92,,29229,4,,,1,92,,29230,4,,,1,92,,29231,4,,,1,91,,29232,4,,,1,92,,29233,4,,,1,92,,29234,4,,,1,53,,29235,4,,,1,92,,29236,4,,,1,92,,29237,4,,,1,86,,29238,4,,,1,89,,29243,4,,,1,44,,29239,4,,,1,88,,29240,4,,,1,88,,29241,4,,,1,83,,29242,4,,,1,87,,29246,4,,,1,40,,29244,4,,,1,80,,29245,4,,,1
7701,'74',513,,29253,4,,,1,35,,29254,4,,,1,75,,29255,4,,,1,35,,29256,4,,,1,75,,29257,4,,,1,75,,29258,4,,,1,35,,29259,4,,,1,75,,29260,4,,,1,86,,29261,4,,,1,42,,29262,4,,,1,81,,29263,4,,,1,81,,29264,4,,,1,41,,29265,4,,,1,81,,29266,4,,,1,81,,29267,4,,,1,42,,29286,4,,,1,73,,29268,4,,,1,33,,29269,4,,,1,73,,29270,4,,,1,73,,29271,4,,,1,32,,29272,4,,,1,73,,29273,4,,,1,30,,29274,4,,,1,70,,29275,4,,,1,30,,29276,4,,,1,70,,29277,4,,,1,30,,29278,4,,,1,70,,29279,4,,,1,30,,29280,4,,,1,70,,29281,4,,,1,30,,29282,4,,,1,70,,29283,4,,,1,30,,29284,4,,,1,76,,29285,4,,,1,36,,29287,4,,,1,70,,29288,4,,,1,33,,29289,4,,,1,73,,29290,4,,,1
7701,'80',912,,29291,4,,,1,92,,29292,4,,,1,52,,29293,4,,,1,93,,29294,4,,,1,92,,29295,4,,,1,92,,29296,4,,,1,92,,29297,4,,,1,91,,29298,4,,,1,92,,29299,4,,,1,92,,29300,4,,,1,53,,29301,4,,,1,92,,29302,4,,,1,92,,29303,4,,,1,86,,29304,4,,,1,89,,29309,4,,,1,44,,29305,4,,,1,88,,29306,4,,,1,88,,29307,4,,,1,83,,29308,4,,,1,87,,29312,4,,,1,40,,29310,4,,,1,80,,29311,4,,,1
8800,'1',547,,30108,4,,,1,55,,30109,4,,,1,15,,30110,4,,,1,15,,30111,4,,,1,15,,30112,4,,,1,55,,30113,4,,,1,11,,30114,4,,,1,18,,30115,4,,,1,7,,30167,4,,,1,7,,30116,4,,,1,14,,30117,4,,,1,54,,30118,4,,,1,14,,30119,4,,,1,14,,30120,4,,,1,14,,30121,4,,,1,53,,30122,4,,,1,14,,30123,4,,,1,14,,30124,4,,,1,14,,30125,4,,,1,54,,30126,4,,,1,14,,30127,4,,,1,14,,30128,4,,,1,70,,30129,4,,,1,30,,30130,4,,,1,70,,30131,4,,,1,31,,30132,4,,,1,70,,30133,4,,,1,40,,30134,4,,,1,10,,30135,4,,,1,70,,30136,4,,,1,15,,30137,4,,,1,15,,30138,4,,,1,56,,30139,4,,,1,15,,30140,4,,,1,15,,30141,4,,,1,15,,30142,4,,,1,57,,30143,4,,,1,13,,30144,4,,,1,15,,30145,4,,,1,15,,30146,4,,,1,55,,30147,4,,,1,15,,30148,4,,,1,15,,30149,4,,,1,15,,30150,4,,,1,55,,30151,4,,,1,14,,30152,4,,,1,13,,30153,4,,,1,14,,30154,4,,,1,54,,30155,4,,,1,14,,30156,4,,,1,14,,30157,4,,,1,14,,30158,4,,,1,54,,30159,4,,,1,41,,30160,4,,,1,80,,30161,4,,,1,81,,30162,4,,,1,41,,30163,4,,,1,72,,30168,4,,,1
8800,'2',647,,30169,4,,,1,69,,30170,4,,,1,35,,30176,4,,,1,74,,30175,4,,,1,34,,30171,4,,,1,72,,30172,4,,,1,77,,30173,4,,,1,34,,30174,4,,,1,79,,30192,4,,,1,29,,30177,4,,,1,69,,30178,4,,,1,29,,30179,4,,,1,69,,30180,4,,,1,29,,30181,4,,,1,69,,30182,4,,,1,29,,30183,4,,,1,69,,30184,4,,,1,29,,30185,4,,,1,69,,30186,4,,,1,29,,30187,4,,,1,69,,30188,4,,,1,29,,30189,4,,,1,69,,30190,4,,,1,29,,30191,4,,,1,65,,30202,4,,,1,26,,30201,4,,,1,27,,30200,4,,,1,64,,30193,4,,,1,27,,30194,4,,,1,65,,30195,4,,,1,26,,30196,4,,,1,66,,30197,4,,,1,26,,30198,4,,,1,26,,30199,4,,,1
8800,'3',816,,30209,4,,,1,31,,30207,4,,,1,71,,30208,4,,,1,37,,30214,4,,,1,75,,30213,4,,,1,75,,30210,4,,,1,35,,30211,4,,,1,75,,30212,4,,,1,35,,30228,4,,,1,69,,30218,4,,,1,30,,30219,4,,,1,69,,30220,4,,,1,29,,30221,4,,,1,69,,30222,4,,,1,29,,30223,4,,,1,69,,30224,4,,,1,29,,30225,4,,,1,68,,30226,4,,,1,27,,30227,4,,,1,69,,30237,4,,,1,26,,30236,4,,,1,23,,30235,4,,,1,65,,30229,4,,,1,25,,30230,4,,,1,65,,30231,4,,,1,25,,30232,4,,,1,65,,30233,4,,,1,25,,30234,4,,,1
8800,'74',647,,30238,4,,,1,69,,30239,4,,,1,35,,30245,4,,,1,74,,30244,4,,,1,34,,30240,4,,,1,72,,30241,4,,,1,77,,30242,4,,,1,34,,30243,4,,,1,79,,30261,4,,,1,29,,30246,4,,,1,69,,30247,4,,,1,29,,30248,4,,,1,69,,30249,4,,,1,29,,30250,4,,,1,69,,30251,4,,,1,29,,30252,4,,,1,69,,30253,4,,,1,29,,30254,4,,,1,69,,30255,4,,,1,29,,30256,4,,,1,69,,30257,4,,,1,29,,30258,4,,,1,69,,30259,4,,,1,29,,30260,4,,,1,65,,30271,4,,,1,26,,30270,4,,,1,27,,30269,4,,,1,64,,30262,4,,,1,27,,30263,4,,,1,65,,30264,4,,,1,26,,30265,4,,,1,66,,30266,4,,,1,26,,30267,4,,,1,26,,30268,4,,,1
8800,'80',816,,30278,4,,,1,31,,30276,4,,,1,71,,30277,4,,,1,37,,30283,4,,,1,75,,30282,4,,,1,75,,30279,4,,,1,35,,30280,4,,,1,75,,30281,4,,,1,35,,30294,4,,,1,69,,30284,4,,,1,30,,30285,4,,,1,69,,30286,4,,,1,29,,30287,4,,,1,69,,30288,4,,,1,29,,30289,4,,,1,69,,30290,4,,,1,29,,30291,4,,,1,68,,30292,4,,,1,27,,30293,4,,,1,69,,30303,4,,,1,26,,30302,4,,,1,23,,30301,4,,,1,65,,30295,4,,,1,25,,30296,4,,,1,65,,30297,4,,,1,25,,30298,4,,,1,65,,30299,4,,,1,25,,30300,4,,,1
9100,'1',547,,30826,4,,,1,11,,30827,4,,,1,51,,30828,4,,,1,11,,30829,4,,,1,11,,30837,4,,,1,11,,30838,4,,,1,11,,30839,4,,,1,52,,30840,4,,,1,12,,30841,4,,,1,12,,30842,4,,,1,13,,30843,4,,,1,12,,30844,4,,,1,52,,30845,4,,,1,12,,30846,4,,,1,12,,30847,4,,,1,12,,30848,4,,,1,12,,30849,4,,,1,52,,30850,4,,,1,12,,30851,4,,,1,12,,30852,4,,,1,12,,30853,4,,,1,12,,30854,4,,,1,65,,30855,4,,,1,25,,30856,4,,,1,65,,30857,4,,,1,25,,30858,4,,,1,25,,30859,4,,,1,65,,30860,4,,,1,25,,30861,4,,,1,65,,30862,4,,,1,13,,30863,4,,,1,13,,30864,4,,,1,13,,30865,4,,,1,53,,30866,4,,,1,13,,30867,4,,,1,13,,30868,4,,,1,13,,30869,4,,,1,13,,30870,4,,,1,53,,30871,4,,,1,13,,30872,4,,,1,13,,30873,4,,,1,13,,30874,4,,,1,53,,30875,4,,,1,14,,30876,4,,,1,14,,30877,4,,,1,14,,30878,4,,,1,14,,30879,4,,,1,54,,30880,4,,,1,14,,30881,4,,,1,14,,30882,4,,,1,14,,30883,4,,,1,54,,30884,4,,,1,14,,30885,4,,,1,14,,30886,4,,,1,14,,30887,4,,,1,54,,30888,4,,,1,23,,30889,4,,,1,22,,30890,4,,,1,63,,30891,4,,,1,23,,30892,4,,,1,23,,30893,4,,,1,63,,30894,4,,,1,23,,30895,4,,,1,63,,30896,4,,,1,23,,30897,4,,,1,23,,30898,4,,,1,63,,30899,4,,,1,23,,30900,4,,,1,63,,30901,4,,,1,23,,30902,4,,,1,23,,30903,4,,,1
9100,'2',647,,30906,4,,,1,62,,30907,4,,,1,22,,30908,4,,,1,22,,30909,4,,,1,62,,30910,4,,,1,22,,30911,4,,,1,22,,30912,4,,,1,62,,30913,4,,,1,22,,30914,4,,,1,65,,30915,4,,,1,25,,30916,4,,,1,25,,30917,4,,,1,66,,30918,4,,,1,25,,30919,4,,,1,65,,30920,4,,,1,25,,30921,4,,,1,65,,30922,4,,,1,25,,30923,4,,,1,25,,30924,4,,,1,65,,30925,4,,,1,25,,30926,4,,,1,65,,30927,4,,,1,25,,30928,4,,,1,25,,30929,4,,,1,65,,30930,4,,,1,25,,30931,4,,,1,65,,30932,4,,,1,25,,30933,4,,,1,65,,30934,4,,,1,25,,30935,4,,,1,25,,30936,4,,,1,64,,30937,4,,,1,25,,30938,4,,,1,69,,30939,4,,,1,29,,30940,4,,,1,69,,30941,4,,,1,29,,30942,4,,,1,69,,30943,4,,,1,29,,30944,4,,,1,69,,30945,4,,,1
9100,'3',650,,30946,4,,,1,156,,30947,4,,,1,46,,30948,4,,,1,77,,30949,4,,,1,27,,30950,4,,,1,72,,30951,4,,,1,73,,30952,4,,,1,32,,30953,4,,,1,72,,30954,4,,,1,32,,30955,4,,,1,72,,30956,4,,,1,32,,30957,4,,,1,72,,30958,4,,,1,32,,30959,4,,,1,72,,30960,4,,,1,32,,30961,4,,,1,72,,30962,4,,,1,32,,30963,4,,,1,72,,30964,4,,,1,32,,30965,4,,,1,72,,30966,4,,,1,71,,30967,4,,,1,42,,30968,4,,,1,82,,30969,4,,,1,82,,30970,4,,,1,42,,30971,4,,,1,82,,30972,4,,,1,78,,30973,4,,,1,35,,30974,4,,,1,76,,30975,4,,,1
9100,'74',647,,30976,4,,,1,62,,30977,4,,,1,22,,30978,4,,,1,22,,30979,4,,,1,62,,30980,4,,,1,22,,30981,4,,,1,22,,30982,4,,,1,62,,30983,4,,,1,22,,30984,4,,,1,65,,30985,4,,,1,25,,30986,4,,,1,25,,30987,4,,,1,66,,30988,4,,,1,25,,30989,4,,,1,65,,30990,4,,,1,25,,30991,4,,,1,65,,30992,4,,,1,25,,30993,4,,,1,25,,30994,4,,,1,65,,30995,4,,,1,25,,30996,4,,,1,65,,30997,4,,,1,25,,30998,4,,,1,25,,30999,4,,,1,65,,31000,4,,,1,25,,31001,4,,,1,65,,31002,4,,,1,25,,31003,4,,,1,65,,31004,4,,,1,25,,31005,4,,,1,25,,31006,4,,,1,64,,31007,4,,,1,25,,31008,4,,,1,69,,31009,4,,,1,29,,31010,4,,,1,69,,31011,4,,,1,29,,31012,4,,,1,69,,31013,4,,,1,29,,31014,4,,,1,69,,31015,4,,,1
9100,'80',650,,31016,4,,,1,156,,31017,4,,,1,46,,31018,4,,,1,77,,31019,4,,,1,27,,31020,4,,,1,72,,31021,4,,,1,73,,31022,4,,,1,32,,31023,4,,,1,72,,31024,4,,,1,32,,31025,4,,,1,72,,31026,4,,,1,32,,31027,4,,,1,72,,31028,4,,,1,32,,31029,4,,,1,72,,31030,4,,,1,32,,31031,4,,,1,72,,31032,4,,,1,32,,31033,4,,,1,72,,31034,4,,,1,32,,31035,4,,,1,72,,31036,4,,,1,71,,31037,4,,,1,42,,31038,4,,,1,82,,31039,4,,,1,82,,31040,4,,,1,42,,31041,4,,,1,82,,31042,4,,,1,78,,31043,4,,,1,35,,31044,4,,,1,76,,31045,4,,,1
9900,'1',442,,31612,4,,,1,80,,31613,4,,,1,80,,31614,4,,,1,40,,31615,4,,,1,90,,31616,4,,,1,75,,31617,4,,,1,36,,31618,4,,,1,74,,31619,4,,,1,35,,31620,4,,,1,75,,31621,4,,,1,96,,31622,4,,,1,94,,31623,4,,,1,94,,31624,4,,,1,94,,31625,4,,,1,29,,31637,4,,,1,71,,31636,4,,,1,29,,31626,4,,,1,70,,31627,4,,,1,30,,31628,4,,,1,70,,31629,4,,,1,30,,31630,4,,,1,70,,31631,4,,,1,30,,31632,4,,,1,69,,31633,4,,,1,30,,31634,4,,,1,70,,31635,4,,,1
9900,'2',600,,31640,4,,,1,38,,31641,4,,,1,78,,31655,4,,,1,87,,31654,4,,,1,47,,31642,4,,,1,87,,31643,4,,,1,87,,31644,4,,,1,87,,31645,4,,,1,104,,31646,4,,,1,95,,31647,4,,,1,95,,31648,4,,,1,95,,31649,4,,,1,55,,31650,4,,,1,95,,31651,4,,,1,95,,31652,4,,,1,95,,31653,4,,,1,89,,31657,4,,,1,90,,31656,4,,,1
9900,'3',607,,31660,4,,,1,38,,31661,4,,,1,78,,31662,4,,,1,78,,31663,4,,,1,50,,31680,4,,,1,89,,31664,4,,,1,89,,31665,4,,,1,89,,31666,4,,,1,89,,31667,4,,,1,49,,31668,4,,,1,89,,31669,4,,,1,89,,31670,4,,,1,89,,31671,4,,,1,89,,31672,4,,,1,89,,31673,4,,,1,49,,31674,4,,,1,89,,31675,4,,,1,89,,31676,4,,,1,88,,31677,4,,,1
9900,'74',600,,31681,4,,,1,38,,31682,4,,,1,78,,31696,4,,,1,87,,31695,4,,,1,47,,31683,4,,,1,87,,31684,4,,,1,87,,31685,4,,,1,87,,31686,4,,,1,104,,31687,4,,,1,95,,31688,4,,,1,95,,31689,4,,,1,95,,31690,4,,,1,55,,31691,4,,,1,95,,31692,4,,,1,95,,31693,4,,,1,95,,31694,4,,,1,89,,31698,4,,,1,90,,31697,4,,,1
9900,'80',607,,31701,4,,,1,38,,31702,4,,,1,78,,31703,4,,,1,78,,31704,4,,,1,50,,31721,4,,,1,89,,31705,4,,,1,89,,31706,4,,,1,89,,31707,4,,,1,89,,31708,4,,,1,49,,31709,4,,,1,89,,31710,4,,,1,89,,31711,4,,,1,89,,31712,4,,,1,89,,31713,4,,,1,89,,31714,4,,,1,49,,31715,4,,,1,89,,31716,4,,,1,89,,31717,4,,,1,88,,31718,4,,,1
36000,'1',832,,33649,4,,,1,69,,33650,4,,,1,29,,33651,4,,,1,29,,33652,4,,,1,69,,33653,4,,,1,29,,33654,4,,,1,84,,33655,4,,,1,84,,33656,4,,,1,84,,33657,4,,,1,44,,33658,4,,,1,84,,33659,4,,,1,85,,33660,4,,,1,83,,33661,4,,,1,44,,33662,4,,,1,84,,33663,4,,,1,84,,33664,4,,,1,84,,33665,4,,,1,44,,33666,4,,,1,84,,33667,4,,,1,26,,33668,4,,,1,66,,33669,4,,,1,26,,33670,4,,,1,66,,33671,4,,,1
36000,'2',832,,33672,4,,,1,23,,33673,4,,,1,63,,33674,4,,,1,23,,33675,4,,,1,63,,33676,4,,,1,23,,33677,4,,,1,23,,33678,4,,,1,63,,33679,4,,,1,23,,33680,4,,,1,23,,33681,4,,,1,63,,33682,4,,,1,23,,33683,4,,,1,63,,33684,4,,,1,23,,33685,4,,,1,23,,33686,4,,,1,63,,33687,4,,,1,23,,33688,4,,,1,64,,33689,4,,,1,23,,33690,4,,,1,23,,33691,4,,,1,62,,33692,4,,,1,23,,33693,4,,,1,23,,33694,4,,,1,63,,33695,4,,,1,23,,33696,4,,,1,64,,33697,4,,,1,24,,33698,4,,,1,24,,33699,4,,,1,64,,33700,4,,,1,24,,33701,4,,,1,64,,33702,4,,,1,24,,33703,4,,,1,24,,33704,4,,,1,64,,33705,4,,,1,24,,33706,4,,,1,64,,33707,4,,,1
36000,'3',832,,33708,4,,,1,22,,33709,4,,,1,62,,33710,4,,,1,22,,33711,4,,,1,62,,33712,4,,,1,22,,33713,4,,,1,22,,33714,4,,,1,62,,33715,4,,,1,22,,33716,4,,,1,22,,33717,4,,,1,62,,33718,4,,,1,22,,33719,4,,,1,22,,33720,4,,,1,62,,33721,4,,,1,22,,33722,4,,,1,62,,33723,4,,,1,22,,33724,4,,,1,22,,33725,4,,,1,62,,33726,4,,,1,22,,33727,4,,,1,22,,33728,4,,,1,62,,33729,4,,,1,22,,33730,4,,,1,22,,33731,4,,,1,62,,33732,4,,,1,22,,33733,4,,,1,62,,33734,4,,,1,22,,33735,4,,,1,23,,33736,4,,,1,63,,33737,4,,,1,23,,33738,4,,,1,23,,33739,4,,,1,63,,33740,4,,,1,23,,33741,4,,,1,63,,33742,4,,,1,23,,33743,4,,,1,23,,33744,4,,,1,63,,33745,4,,,1
36000,'74',832,,33746,4,,,1,23,,33747,4,,,1,63,,33748,4,,,1,23,,33749,4,,,1,63,,33750,4,,,1,23,,33751,4,,,1,23,,33752,4,,,1,63,,33753,4,,,1,23,,33754,4,,,1,23,,33755,4,,,1,63,,33756,4,,,1,23,,33757,4,,,1,63,,33758,4,,,1,23,,33759,4,,,1,23,,33760,4,,,1,63,,33761,4,,,1,23,,33762,4,,,1,64,,33763,4,,,1,23,,33764,4,,,1,23,,33765,4,,,1,62,,33766,4,,,1,23,,33767,4,,,1,23,,33768,4,,,1,63,,33769,4,,,1,23,,33770,4,,,1,64,,33771,4,,,1,24,,33772,4,,,1,24,,33773,4,,,1,64,,33774,4,,,1,24,,33775,4,,,1,64,,33776,4,,,1,24,,33777,4,,,1,24,,33778,4,,,1,64,,33779,4,,,1,24,,33780,4,,,1,64,,33781,4,,,1,24,,33782,4,,,1
36000,'80',832,,33783,4,,,1,22,,33784,4,,,1,62,,33785,4,,,1,22,,33786,4,,,1,62,,33787,4,,,1,22,,33788,4,,,1,22,,33789,4,,,1,62,,33790,4,,,1,22,,33791,4,,,1,22,,33792,4,,,1,62,,33793,4,,,1,22,,33794,4,,,1,22,,33795,4,,,1,62,,33796,4,,,1,22,,33797,4,,,1,62,,33798,4,,,1,22,,33799,4,,,1,22,,33800,4,,,1,62,,33801,4,,,1,22,,33802,4,,,1,22,,33803,4,,,1,62,,33804,4,,,1,22,,33805,4,,,1,22,,33806,4,,,1,62,,33807,4,,,1,22,,33808,4,,,1,62,,33809,4,,,1,22,,33810,4,,,1,23,,33811,4,,,1,63,,33812,4,,,1,23,,33813,4,,,1,23,,33814,4,,,1,63,,33815,4,,,1,23,,33816,4,,,1,63,,33817,4,,,1,23,,33818,4,,,1,23,,33819,4,,,1,63,,33820,4,,,1
989900,'1',2037,,36830,4,,,1,78,,36831,4,,,1,38,,36832,4,,,1,78,,36833,4,,,1,75,,36834,4,,,1,34,,36835,4,,,1,75,,36836,4,,,1,35,,36837,4,,,1,75,,36838,4,0,5 6,1,75,,36839,4,0,5 6,1,42,,36840,4,0,5 6,1
989900,'2',2039,,36841,4,,,1,94,,36842,4,,,1,93,,36843,4,,,1,94,,36844,4,,,1,86,,36845,4,,,1,46,,36846,4,,,1,86,,36847,4,0,5 6,1,86,,36848,4,0,5 6,1,86,,36849,4,0,5 6,1
989900,'3',2057,,36850,4,,,1,90,,36851,4,,,1,91,,36852,4,,,1,90,,36853,4,,,1,82,,36854,4,,,1,43,,36855,4,,,1,83,,36856,4,0,5 6,1,83,,36857,4,0,5 6,1,83,,36858,4,0,5 6,1
989900,'74',2039,,36859,4,,,1,94,,36860,4,,,1,93,,36861,4,,,1,94,,36862,4,,,1,86,,36863,4,,,1,46,,36864,4,,,1,86,,36865,4,0,5 6,1,86,,36866,4,0,5 6,1,86,,36867,4,0,5 6,1
989900,'80',2057,,36868,4,,,1,90,,36869,4,,,1,91,,36870,4,,,1,90,,36871,4,,,1,82,,36872,4,,,1,43,,36873,4,,,1,83,,36874,4,0,5 6,1,83,,36875,4,0,5 6,1,83,,36876,4,0,5 6,1
