1600,'1',547,,26443,17,,,1,62,,26444,17,,,1,24,,26445,17,,,1,22,,26446,17,,,1,63,,26447,17,,,1,22,,26448,17,,,1,18,,26449,17,,,1,66,,26450,17,,,1,22,,26451,17,,,1,62,,26452,17,,,1,30,,26453,17,,,1,70,,26454,17,,,1,35,,26455,17,,,1,67,,26456,17,,,1,31,,26457,17,,,1,71,,26458,17,,,1,31,,26459,17,,,1,71,,26460,17,,,1,31,,26461,17,,,1,75,,26462,17,,,1,22,,26463,17,,,1,63,,26464,17,,,1,23,,26465,17,,,1,23,,26466,17,,,1,63,,26467,17,,,1,25,,26468,17,,,1,63,,26469,17,,,1,23,,26470,17,,,1,23,,26471,17,,,1,63,,26472,17,,,1,21,,26473,17,,,1,20,,26474,17,,,1,63,,26475,17,,,1,23,,26476,17,,,1,63,,26477,17,,,1,23,,26478,17,,,1,21,,26479,17,,,1,74,,26480,17,,,1,34,,26481,17,,,1,74,,26482,17,,,1,74,,26483,17,,,1,34,,26484,17,,,1,74,,26488,17,,,1
1600,'2',655,,26489,17,,,1,78,,26490,17,,,1,80,,26491,17,,,1,38,,26492,17,,,1,78,,26493,17,,,1,78,,26494,17,,,1,38,,26495,17,,,1,78,,26496,17,,,1,78,,26497,17,,,1,38,,26498,17,,,1,82,,26499,17,,,1,81,,26500,17,,,1,41,,26501,17,,,1,81,,26502,17,,,1,82,,26503,17,,,1,41,,26504,17,,,1,81,,26505,17,,,1,81,,26506,17,,,1,41,,26507,17,,,1,74,,26508,17,,,1,76,,26509,17,,,1,39,,26510,17,,,1,73,,26511,17,,,1,35,,26512,17,,,1,77,,26513,17,,,1,35,,26515,17,,,1,76,,26516,17,,,1
1600,'3',849,,26517,17,,,1,96,,26518,17,,,1,95,,26519,17,,,1,95,,26520,17,,,1,95,,26521,17,,,1,99,,26526,17,,,1,98,,26522,17,,,1,98,,26523,17,,,1,98,,26524,17,,,1,94,,26525,17,,,1,94,,26531,17,,,1,92,,26527,17,,,1,51,,26528,17,,,1,92,,26529,17,,,1,92,,26530,17,,,1
1600,'74',655,,26534,17,,,1,78,,26535,17,,,1,80,,26536,17,,,1,38,,26537,17,,,1,78,,26538,17,,,1,78,,26539,17,,,1,38,,26540,17,,,1,78,,26541,17,,,1,78,,26542,17,,,1,38,,26543,17,,,1,82,,26544,17,,,1,81,,26545,17,,,1,41,,26546,17,,,1,81,,26547,17,,,1,82,,26548,17,,,1,41,,26549,17,,,1,81,,26550,17,,,1,81,,26551,17,,,1,41,,26552,17,,,1,74,,26553,17,,,1,76,,26554,17,,,1,39,,26555,17,,,1,73,,26556,17,,,1,35,,26558,17,,,1,77,,26559,17,,,1,35,,26560,17,,,1,76,,26561,17,,,1
1600,'80',849,,26562,17,,,1,96,,26563,17,,,1,95,,26564,17,,,1,95,,26565,17,,,1,95,,26566,17,,,1,99,,26571,17,,,1,98,,26567,17,,,1,98,,26568,17,,,1,98,,26569,17,,,1,94,,26570,17,,,1,94,,26576,17,,,1,92,,26572,17,,,1,51,,26573,17,,,1,92,,26574,17,,,1,92,,26575,17,,,1
8500,'1',643,,29617,61,,,1,16,,29618,61,,,1,56,,29619,61,,,1,16,,29620,61,,,1,16,,29621,61,,,1,60,,29622,61,,,1,16,,29623,61,,,1,16,,29624,61,,,1,16,,29625,61,,,1,56,,29626,61,,,1,16,,29627,61,,,1,10,,29628,60,,,1,16,,29629,60,,,1,65,,29630,60,,,1,25,,29631,60,,,1,58,,29632,60,,,1,25,,29633,60,,,1,25,,29634,60,,,1,65,,29635,60,,,1,25,,29636,60,,,1,66,,29637,60,,,1,25,,29638,60,,,1,27,,29639,60,,,1,65,,29640,60,,,1,20,,29641,60,,,1,57,,29668,46,,,1,18,,29642,46,,,1,20,,29643,46,,,1,16,,29644,46,,,1,57,,29645,46,,,1,16,,29646,46,,,1,24,,29647,47,,,1,53,,29648,47,,,1,16,,29649,47,,,1,16,,29650,47,,,1,19,,29651,47,,,1,56,,29652,47,,,1,16,,29653,47,,,1,16,,29654,47,,,1,10,,29655,47,,,1,56,,29656,47,,,1,16,,29657,47,,,1,16,,29658,47,,,1,16,,29659,47,,,1,52,,29660,46,,,1,25,,29661,46,,,1,65,,29662,46,,,1,25,,29663,46,,,1,32,,29664,46,,,1,72,,29665,46,,,1,72,,29666,46,,,1,32,,29667,46,,,1
8500,'2',717,,29697,60,,,1,32,,29698,60,,,1,70,,29699,60,,,1,28,,29700,60,,,1,74,,29701,60,,,1,30,,29702,60,,,1,70,,29703,60,,,1,34,,29704,60,,,1,70,,29705,60,,,1,31,,29669,60,,,1,62,,29670,60,,,1,25,,29671,60,,,1,63,,29672,60,,,1,23,,29673,60,,,1,23,,29674,60,,,1,63,,29675,60,,,1,23,,29676,60,,,1,63,,29677,60,,,1,23,,29678,60,,,1,23,,29679,60,,,1,63,,29680,60,,,1,23,,29681,60,,,1,23,,29682,60,,,1,63,,29683,60,,,1,21,,29684,60,,,1,61,,29685,60,,,1,17,,29686,60,,,1,21,,29687,60,,,1,61,,29688,60,,,1,21,,29689,60,,,1,21,,29690,60,,,1,61,,29691,60,,,1,18,,29692,60,,,1,21,,29693,60,,,1,61,,29694,60,,,1,21,,29695,60,,,1,21,,29696,60,,,1,70,,29706,60,,,1,30,,29707,60,,,1,70,,29708,60,,,1
8500,'3',853,,29726,32,,,1,80,,29727,32,,,1,79,,29709,60,,,1,40,,29710,60,,,1,81,,29711,60,,,1,80,,29712,60,,,1,91,,29713,60,,,1,43,,29714,60,,,1,83,,29715,60,,,1,83,,29716,60,,,1,42,,29717,60,,,1,83,,29718,60,,,1,84,,29719,60,,,1,34,,29720,60,,,1,81,,29721,60,,,1,85,,29722,60,,,1,37,,29723,60,,,1,81,,29724,60,,,1,81,,29725,60,,,1
8500,'74',717,,29756,60,,,1,32,,29757,60,,,1,70,,29758,60,,,1,28,,29759,60,,,1,74,,29760,60,,,1,30,,29761,60,,,1,70,,29762,60,,,1,34,,29763,60,,,1,70,,29764,60,,,1,31,,29728,60,,,1,62,,29729,60,,,1,25,,29730,60,,,1,63,,29731,60,,,1,23,,29732,60,,,1,23,,29733,60,,,1,63,,29734,60,,,1,23,,29735,60,,,1,63,,29736,60,,,1,23,,29737,60,,,1,23,,29738,60,,,1,63,,29739,60,,,1,23,,29740,60,,,1,23,,29741,60,,,1,63,,29742,60,,,1,21,,29743,60,,,1,61,,29744,60,,,1,17,,29745,60,,,1,21,,29746,60,,,1,61,,29747,60,,,1,21,,29748,60,,,1,21,,29749,60,,,1,61,,29750,60,,,1,18,,29751,60,,,1,21,,29752,60,,,1,61,,29753,60,,,1,21,,29754,60,,,1,21,,29755,60,,,1,70,,29765,60,,,1,30,,29766,60,,,1,70,,29767,60,,,1
8500,'80',853,,29785,32,,,1,80,,29786,32,,,1,79,,29768,60,,,1,40,,29769,60,,,1,81,,29770,60,,,1,80,,29771,60,,,1,91,,29772,60,,,1,43,,29773,60,,,1,83,,29774,60,,,1,83,,29775,60,,,1,42,,29776,60,,,1,83,,29777,60,,,1,84,,29778,60,,,1,34,,29779,60,,,1,81,,29780,60,,,1,85,,29781,60,,,1,37,,29782,60,,,1,81,,29783,60,,,1,81,,29784,60,,,1
