600,'1',421,,24934,9,,,1,30,,24935,9,,,1,62,,24936,9,,,1,22,,24937,9,,,1,22,,24938,9,,,1,62,,24939,9,,,1,22,,24940,9,,,1,69,,24941,9,,,1,23,,24942,9,,,1,71,,24943,9,,,1,26,,24944,9,,,1,27,,24945,9,,,1,66,,24946,9,,,1,36,,24947,9,,,1,76,,24948,9,,,1,76,,24949,9,,,1,36,,24950,9,,,1,76,,24951,9,,,1,36,,24952,9,,,1,76,,24953,9,,,1,67,,24954,9,,,1,27,,24955,9,,,1,28,,24956,9,,,1,68,,24957,9,,,1,27,,24958,9,,,1,67,,24959,9,,,1,27,,24960,9,,,1,67,,24961,9,,,1,27,,24962,9,,,1,66,,24963,9,,,1,27,,24964,9,,,1,67,,24965,9,,,1,26,,24966,9,,,1,74,,24967,9,,,1,34,,24968,9,,,1,74,,24969,9,,,1,34,,24970,9,,,1,103,,24971,9,,,1,103,,24972,9,,,1,103,,24973,9,,,1
600,'2',547,,24974,9,,,1,69,,24975,9,,,1,26,,24976,9,,,1,70,,24977,9,,,1,33,,24978,9,,,1,82,,24979,9,,,1,75,,24980,9,,,1,32,,24981,9,,,1,72,,24982,9,,,1,32,,24983,9,,,1,72,,24984,9,,,1,32,,24985,9,,,1,72,,24986,9,,,1,32,,24987,9,,,1,72,,24988,9,,,1,32,,24989,9,,,1,78,,24990,9,,,1,77,,24991,9,,,1,36,,24992,9,,,1,78,,24993,9,,,1,36,,24994,9,,,1,78,,24995,9,,,1,76,,24996,9,,,1,35,,24997,9,,,1,70,,24998,9,,,1,33,,24999,9,,,1,100,,25000,9,,,1,95,,25001,9,,,1,95,,25002,9,,,1,95,,25003,9,,,1
600,'3',602,,25004,9,,,1,26,,25005,9,,,1,29,,25006,9,,,1,74,,25007,9,,,1,69,,25008,9,,,1,42,,25009,9,,,1,75,,25010,9,,,1,32,,25011,9,,,1,72,,25012,9,,,1,32,,25013,9,,,1,72,,25014,9,,,1,32,,25015,9,,,1,72,,25016,9,,,1,72,,25017,9,,,1,32,,25018,9,,,1,73,,25019,9,,,1,39,,25020,9,,,1,75,,25021,9,,,1,37,,25022,9,,,1,77,,25023,9,,,1,77,,25024,9,,,1,37,,25025,9,,,1,74,,25026,9,,,1,37,,25027,9,,,1,70,,25028,9,,,1,100,,25029,9,,,1,98,,25030,9,,,1,98,,25031,9,,,1,98,,25032,9,,,1
600,'74',547,,25033,9,,,1,69,,25034,9,,,1,26,,25035,9,,,1,70,,25036,9,,,1,33,,25037,9,,,1,82,,25038,9,,,1,75,,25039,9,,,1,32,,25040,9,,,1,72,,25041,9,,,1,32,,25042,9,,,1,72,,25043,9,,,1,32,,25044,9,,,1,72,,25045,9,,,1,32,,25046,9,,,1,72,,25047,9,,,1,32,,25048,9,,,1,78,,25049,9,,,1,77,,25050,9,,,1,36,,25051,9,,,1,78,,25052,9,,,1,36,,25053,9,,,1,78,,25054,9,,,1,76,,25055,9,,,1,35,,25056,9,,,1,70,,25057,9,,,1,33,,25058,9,,,1,100,,25059,9,,,1,95,,25060,9,,,1,95,,25061,9,,,1,95,,25062,9,,,1
600,'80',602,,25063,9,,,1,26,,25064,9,,,1,29,,25065,9,,,1,74,,25066,9,,,1,69,,25067,9,,,1,42,,25068,9,,,1,75,,25069,9,,,1,32,,25070,9,,,1,72,,25071,9,,,1,32,,25072,9,,,1,72,,25073,9,,,1,32,,25074,9,,,1,72,,25075,9,,,1,72,,25076,9,,,1,32,,25077,9,,,1,73,,25078,9,,,1,39,,25079,9,,,1,75,,25080,9,,,1,37,,25081,9,,,1,77,,25082,9,,,1,77,,25083,9,,,1,37,,25084,9,,,1,74,,25085,9,,,1,37,,25086,9,,,1,70,,25087,9,,,1,100,,25088,9,,,1,98,,25089,9,,,1,98,,25090,9,,,1,98,,25091,9,,,1
601,'1',2209,,25124,20,4,,1,347,,25129,20,4,,1
601,'2',2012,,25153,20,4,,1,413,,25159,20,4,,1
601,'3',2000,,25183,20,4,,1,419,,25189,20,4,,1
601,'74',2012,,25213,20,4,,1,413,,25219,20,4,,1
601,'80',2000,,25243,20,4,,1,419,,25249,20,4,,1
36101,'1',601,,34011,9,,,1,24,,34012,9,,,1,32,,34013,9,,,1,63,,34014,9,,,1,26,,34015,9,,,1,66,,34016,9,,,1,26,,34017,9,,,1,20,,34018,9,,,1,65,,34019,9,,,1,581,,34020,9,,,1,25,,34021,9,,,1,25,,34022,9,,,1,67,,34023,9,,,1,24,,34024,9,,,1,69,,34025,9,,,1,23,,34026,9,,,1,65,,34027,9,,,1,23,,34028,9,,,1
