9601,'1',450,,31339,18,,,1,67,,31340,18,,,1,29,,31341,18,,,1,70,,31342,18,,,1,36,,31343,18,,,1,73,,31344,18,,,1,78,,31345,18,,,1,33,,31346,18,,,1,74,,31347,18,,,1,32,,31348,18,,,1,79,,31349,18,,,1,80,,31350,18,,,1,43,,31351,18,,,1,75,,31352,18,,,1,32,,31353,18,,,1,86,,31354,18,,,1,80,,31355,18,,,1,17,,31374,18,,,1,22,,31356,18,,,1,67,,31357,18,,,1,27,,31358,18,,,1,67,,31359,18,,,1,27,,31360,18,,,1,67,,31361,18,,,1,27,,31362,18,,,1,64,,31363,18,,,1,25,,31364,18,,,1,25,,31365,18,,,1,65,,31366,18,,,1,24,,31367,18,,,1,65,,31368,18,,,1,30,,31369,18,,,1,70,,31370,18,,,1,30,,31371,18,,,1,70,,31372,18,,,1,24,,31373,18,,,1
9601,'2',814,,31375,18,,,1,99,,31376,18,,,1,100,,31377,18,,,1,99,,31378,18,,,1,99,,31379,18,,,1,99,,31380,18,,,1,99,,31381,18,,,1,99,,31382,18,,,1,99,,31383,18,,,1,99,,31384,18,,,1,50,,31385,18,,,1,92,,31386,18,,,1,97,,31387,18,,,1
9601,'3',914,,31388,18,,,1,94,,31389,18,,,1,94,,31390,18,,,1,54,,31391,18,,,1,94,,31392,18,,,1,94,,31393,18,,,1,94,,31394,18,,,1,94,,31395,18,,,1,93,,31396,18,,,1,94,,31397,18,,,1,94,,31398,18,,,1,94,,31399,18,,,1
9601,'74',814,,31400,18,,,1,99,,31401,18,,,1,100,,31402,18,,,1,99,,31403,18,,,1,99,,31404,18,,,1,99,,31405,18,,,1,99,,31406,18,,,1,99,,31407,18,,,1,99,,31408,18,,,1,99,,31409,18,,,1,50,,31410,18,,,1,92,,31411,18,,,1,97,,31412,18,,,1
9601,'80',914,,31413,18,,,1,94,,31414,18,,,1,94,,31415,18,,,1,54,,31416,18,,,1,94,,31417,18,,,1,94,,31418,18,,,1,94,,31419,18,,,1,94,,31420,18,,,1,93,,31421,18,,,1,94,,31422,18,,,1,94,,31423,18,,,1,94,,31424,18,,,1
9801,'1',527,,31521,27,,,1,75,,31520,27,,,1,36,,31519,27,,,1,75,,31518,27,,,1,35,,31517,27,,,1,75,,31516,27,,,1,35,,31515,27,,,1,75,,31514,27,,,1,75,,31525,27,,,1,100,,31524,27,,,1,98,,31523,27,,,1,98,,31522,27,,,1,101,,31537,27,,,1,40,,31536,27,,,1,80,,31535,27,,,1,80,,31534,27,,,1,40,,31533,27,,,1,80,,31532,27,,,1,80,,31531,27,,,1,38,,31530,27,,,1,78,,31529,27,,,1,91,,31528,27,,,1,88,,31527,27,,,1,48,,31526,27,,,1
9801,'2',534,,31556,27,,,1,86,,31555,27,,,1,86,,31554,27,,,1,46,,31553,27,,,1,88,,31552,27,,,1,96,,31551,27,,,1,94,,31550,27,,,1,97,,31549,27,,,1,94,,31548,27,,,1,100,,31547,27,,,1,98,,31546,27,,,1,98,,31545,27,,,1,96,,31544,27,,,1,98,,31543,27,,,1,98,,31542,27,,,1,96,,31541,27,,,1,46,,31540,27,,,1,89,,31539,27,,,1,87,,31538,27,,,1
9801,'3',717,,31573,27,,,1,88,,31574,27,,,1,48,,31572,27,,,1,88,,31571,27,,,1,88,,31570,27,,,1,96,,31569,27,,,1,93,,31568,27,,,1,93,,31567,27,,,1,95,,31566,27,,,1,53,,31565,27,,,1,93,,31564,27,,,1,93,,31563,27,,,1,93,,31562,27,,,1,90,,31561,27,,,1,87,,31560,27,,,1,87,,31559,27,,,1,47,,31558,27,,,1,88,,31557,27,,,1
9801,'74',534,,31593,27,,,1,86,,31592,27,,,1,86,,31591,27,,,1,46,,31590,27,,,1,88,,31589,27,,,1,96,,31588,27,,,1,94,,31587,27,,,1,97,,31586,27,,,1,94,,31585,27,,,1,100,,31584,27,,,1,98,,31583,27,,,1,98,,31582,27,,,1,96,,31581,27,,,1,98,,31580,27,,,1,98,,31579,27,,,1,96,,31578,27,,,1,46,,31577,27,,,1,89,,31576,27,,,1,87,,31575,27,,,1
9801,'80',717,,31610,27,,,1,88,,31611,27,,,1,48,,31609,27,,,1,88,,31608,27,,,1,88,,31607,27,,,1,96,,31606,27,,,1,93,,31605,27,,,1,93,,31604,27,,,1,95,,31603,27,,,1,53,,31602,27,,,1,93,,31601,27,,,1,93,,31600,27,,,1,93,,31599,27,,,1,90,,31598,27,,,1,87,,31597,27,,,1,87,,31596,27,,,1,47,,31595,27,,,1,88,,31594,27,,,1
60101,'1',453,,34498,7,,,1,51,,34497,7,,,1,11,,34496,7,,,1,11,,34495,7,,,1,11,,34494,7,,,1,11,,34493,7,,,1,9,,34492,7,,,1,50,,34491,7,,,1,11,,34490,7,,,1,12,,34489,7,,,1,10,,34488,7,,,1,11,,34487,7,,,1,49,,34411,7,,,1,10,,34412,7,,,1,11,,34413,7,,,1,11,,34414,7,,,1,11,,34415,7,,,1,13,,34416,7,,,1,51,,34417,7,,,1,11,,34418,7,,,1,11,,34419,7,,,1,12,,34420,7,,,1,9,,34421,7,,,1,51,,34422,7,,,1,11,,34423,7,,,1,11,,34424,7,,,1,11,,34425,7,,,1,12,,34426,7,,,1,11,,34427,7,,,1,50,,34428,7,,,1,11,,34429,7,,,1,11,,34445,7,,,1,16,,34444,7,,,1,56,,34443,7,,,1,16,,34442,7,,,1,16,,34441,7,,,1,16,,34440,7,,,1,56,,34430,7,,,1,16,,34431,7,,,1,16,,34432,7,,,1,16,,34433,7,,,1,56,,34434,7,,,1,16,,34435,7,,,1,16,,34436,7,,,1,16,,34437,7,,,1,57,,34438,7,,,1,16,,34439,7,,,1,14,,34472,7,,,1,12,,34471,7,,,1,53,,34470,7,,,1,12,,34469,7,,,1,12,,34468,7,,,1,12,,34467,7,,,1,12,,34446,7,,,1,52,,34447,7,,,1,12,,34448,7,,,1,12,,34449,7,,,1,12,,34450,7,,,1,12,,34451,7,,,1,52,,34452,7,,,1,12,,34453,7,,,1,12,,34454,7,,,1,11,,34455,7,,,1,13,,34456,7,,,1,51,,34457,7,,,1,12,,34458,7,,,1,12,,34459,7,,,1,12,,34460,7,,,1,12,,34461,7,,,1,52,,34462,7,,,1,12,,34463,7,,,1,10,,34464,7,,,1,12,,34465,7,,,1,12,,34466,7,,,1,65,,34480,7,,,1,17,,34479,7,,,1,18,,34478,7,,,1,58,,34477,7,,,1,17,,34476,7,,,1,18,,34473,7,,,1,58,,34474,7,,,1,18,,34475,7,,,1,15,,34486,7,,,1,17,,34485,7,,,1,59,,34484,7,,,1,19,,34481,7,,,1,17,,34482,7,,,1,56,,34483,7,,,1
60101,'2',615,,34567,7,,,1,17,,34499,7,,,1,17,,34500,7,,,1,57,,34501,7,,,1,17,,34502,7,,,1,15,,34520,7,,,1,16,,34519,7,,,1,57,,34518,7,,,1,16,,34517,7,,,1,16,,34516,7,,,1,15,,34503,7,,,1,58,,34504,7,,,1,16,,34505,7,,,1,16,,34506,7,,,1,56,,34507,7,,,1,16,,34508,7,,,1,16,,34509,7,,,1,17,,34510,7,,,1,56,,34511,7,,,1,16,,34512,7,,,1,16,,34513,7,,,1,16,,34514,7,,,1,55,,34515,7,,,1,14,,34552,7,,,1,15,,34551,7,,,1,15,,34550,7,,,1,55,,34549,7,,,1,15,,34548,7,,,1,15,,34547,7,,,1,15,,34521,7,,,1,55,,34522,7,,,1,15,,34523,7,,,1,15,,34524,7,,,1,15,,34525,7,,,1,55,,34526,7,,,1,15,,34527,7,,,1,15,,34528,7,,,1,15,,34529,7,,,1,55,,34530,7,,,1,15,,34531,7,,,1,15,,34532,7,,,1,15,,34533,7,,,1,55,,34534,7,,,1,15,,34535,7,,,1,15,,34536,7,,,1,15,,34537,7,,,1,55,,34538,7,,,1,15,,34539,7,,,1,14,,34540,7,,,1,15,,34541,7,,,1,55,,34542,7,,,1,15,,34543,7,,,1,15,,34544,7,,,1,15,,34545,7,,,1,55,,34546,7,,,1,20,,34558,7,,,1,18,,34557,7,,,1,58,,34556,7,,,1,18,,34555,7,,,1,16,,34553,7,,,1,18,,34554,7,,,1,60,,34566,7,,,1,16,,34565,7,,,1,16,,34564,7,,,1,55,,34563,7,,,1,16,,34562,7,,,1,16,,34559,7,,,1,16,,34560,7,,,1,55,,34561,7,,,1
60101,'3',703,,34568,7,,,1,21,,34569,7,,,1,20,,34570,7,,,1,60,,34571,7,,,1,20,,34572,7,,,1,20,,34573,7,,,1,60,,34574,7,,,1,21,,34575,7,,,1,21,,34576,7,,,1,60,,34577,7,,,1,21,,34578,7,,,1,21,,34579,7,,,1,61,,34580,7,,,1,21,,34581,7,,,1,22,,34582,7,,,1,60,,34583,7,,,1,21,,34584,7,,,1,21,,34585,7,,,1,61,,34586,7,,,1,22,,34587,7,,,1,21,,34588,7,,,1,61,,34589,7,,,1,21,,34590,7,,,1,61,,34591,7,,,1,21,,34592,7,,,1,21,,34593,7,,,1,60,,34594,7,,,1,21,,34595,7,,,1,21,,34596,7,,,1,61,,34597,7,,,1,21,,34598,7,,,1,21,,34599,7,,,1,60,,34600,7,,,1,21,,34601,7,,,1,21,,34602,7,,,1,61,,34603,7,,,1,21,,34604,7,,,1,21,,34605,7,,,1,61,,34606,7,,,1,19,,34607,7,,,1,20,,34608,7,,,1,60,,34609,7,,,1,20,,34610,7,,,1,20,,34611,7,,,1,60,,34612,7,,,1,18,,34613,7,,,1,20,,34614,7,,,1,60,,34615,7,,,1,20,,34616,7,,,1,20,,34617,7,,,1,60,,34618,7,,,1,20,,34619,7,,,1
60101,'74',615,,34648,7,,,1,17,,34620,7,,,1,17,,34621,7,,,1,57,,34622,7,,,1,17,,34623,7,,,1,15,,34641,7,,,1,16,,34640,7,,,1,57,,34639,7,,,1,16,,34638,7,,,1,16,,34637,7,,,1,15,,34624,7,,,1,58,,34625,7,,,1,16,,34626,7,,,1,16,,34627,7,,,1,56,,34628,7,,,1,16,,34629,7,,,1,16,,34630,7,,,1,17,,34631,7,,,1,56,,34632,7,,,1,16,,34633,7,,,1,16,,34634,7,,,1,16,,34635,7,,,1,55,,34636,7,,,1,14,,34647,7,,,1,15,,34646,7,,,1,15,,34645,7,,,1,55,,34644,7,,,1,15,,34643,7,,,1,15,,34642,7,,,1,15,,34649,7,,,1,55,,34650,7,,,1,15,,34651,7,,,1,15,,34652,7,,,1,15,,34653,7,,,1,55,,34654,7,,,1,15,,34655,7,,,1,15,,34656,7,,,1,15,,34657,7,,,1,55,,34658,7,,,1,15,,34659,7,,,1,15,,34660,7,,,1,15,,34661,7,,,1,55,,34662,7,,,1,15,,34663,7,,,1,15,,34664,7,,,1,15,,34665,7,,,1,55,,34666,7,,,1,15,,34667,7,,,1,14,,34668,7,,,1,15,,34669,7,,,1,55,,34670,7,,,1,15,,34671,7,,,1,15,,34672,7,,,1,15,,34673,7,,,1,55,,34674,7,,,1,20,,34680,7,,,1,18,,34679,7,,,1,58,,34678,7,,,1,18,,34677,7,,,1,16,,34675,7,,,1,18,,34676,7,,,1,60,,34688,7,,,1,16,,34687,7,,,1,16,,34686,7,,,1,55,,34685,7,,,1,16,,34684,7,,,1,16,,34681,7,,,1,16,,34682,7,,,1,55,,34683,7,,,1
60101,'80',703,,34689,7,,,1,21,,34690,7,,,1,20,,34691,7,,,1,60,,34692,7,,,1,20,,34693,7,,,1,20,,34694,7,,,1,60,,34695,7,,,1,21,,34696,7,,,1,21,,34697,7,,,1,60,,34698,7,,,1,21,,34699,7,,,1,21,,34700,7,,,1,61,,34701,7,,,1,21,,34702,7,,,1,22,,34703,7,,,1,60,,34704,7,,,1,21,,34705,7,,,1,21,,34706,7,,,1,61,,34707,7,,,1,22,,34708,7,,,1,21,,34709,7,,,1,61,,34710,7,,,1,21,,34711,7,,,1,61,,34712,7,,,1,21,,34713,7,,,1,21,,34714,7,,,1,60,,34715,7,,,1,21,,34716,7,,,1,21,,34717,7,,,1,61,,34718,7,,,1,21,,34719,7,,,1,21,,34720,7,,,1,60,,34721,7,,,1,21,,34722,7,,,1,21,,34723,7,,,1,61,,34724,7,,,1,21,,34725,7,,,1,21,,34726,7,,,1,61,,34727,7,,,1,19,,34728,7,,,1,20,,34729,7,,,1,60,,34730,7,,,1,20,,34731,7,,,1,20,,34732,7,,,1,60,,34733,7,,,1,18,,34734,7,,,1,20,,34735,7,,,1,60,,34736,7,,,1,20,,34737,7,,,1,20,,34738,7,,,1,60,,34739,7,,,1,20,,34740,7,,,1
989901,'1',2207,,36877,27,,,1,32,,36878,27,,,1,78,,36879,27,,,1,36,,36880,27,,,1,75,,36881,27,,,1,31,,36882,27,,,1,75,,36883,27,,,1,75,,36884,27,,,1
989901,'2',2213,,36885,27,,,1,92,,36886,27,,,1,43,,36887,27,,,1,91,,36890,27,,,1,85,,36888,27,,,1,86,,36889,27,,,1
989901,'3',2225,,36891,27,,,1,89,,36892,27,,,1,43,,36893,27,,,1,89,,36894,27,,,1,79,,36895,27,,,1,83,,36896,27,,,1
989901,'74',2213,,36897,27,,,1,92,,36898,27,,,1,43,,36899,27,,,1,91,,36902,27,,,1,85,,36900,27,,,1,86,,36901,27,,,1
989901,'80',2225,,36903,27,,,1,89,,36904,27,,,1,43,,36905,27,,,1,89,,36906,27,,,1,79,,36907,27,,,1,83,,36908,27,,,1
