9600,'1',708,,31260,83,,,1,47,,31259,83,,,1,71,,31258,83,,,1,77,,31257,83,,,1,27,,31256,83,,,1,73,,31253,83,,,1,34,,31254,83,,,1,70,,31255,83,,,1,32,,31268,83,,,1,68,,31267,79,,,1,39,,31261,79,,,1,79,,31262,79,,,1,79,,31263,79,,,1,46,,31264,79,,,1,65,,31265,79,,,1,91,,31266,83,,,1,43,,31274,83,,,1,67,,31273,83,,,1,32,,31272,83,,,1,63,,31269,83,,,1,27,,31270,83,,,1,21,,31271,83,,,1,67,,31277,83,,,1,18,,31278,83,,,1,13,,31288,83,,,1,51,,31276,83,,,1,25,,31275,83,,,1,70,,31285,79,,,1,30,,31284,79,,,1,15,,31287,79,,,1,52,,31279,79,,,1,30,,31280,79,,,1,29,,31281,79,,,1,68,,31282,79,,,1,30,,31283,79,,,1,57,,31286,79,,,1
9600,'2',1029,,31289,79,,,1,101,,31290,79,,,1,99,,31291,79,,,1,96,,31292,79,,,1,99,,31293,79,,,1,99,,31294,79,,,1,99,,31295,79,,,1,99,,31296,79,,,1,93,,31297,79,,,1,97,,31298,79,,,1,47,,31299,79,,,1,83,,31300,79,,,1,97,,31301,79,,,1
9600,'3',1119,,31302,79,,,1,94,,31303,79,,,1,94,,31304,79,,,1,94,,31305,79,,,1,54,,31306,79,,,1,94,,31307,79,,,1,94,,31308,79,,,1,94,,31309,79,,,1,91,,31310,79,,,1,94,,31311,79,,,1,94,,31312,79,,,1,91,,31313,79,,,1
9600,'74',1029,,31314,79,,,1,101,,31315,79,,,1,99,,31316,79,,,1,96,,31317,79,,,1,99,,31318,79,,,1,99,,31319,79,,,1,99,,31320,79,,,1,99,,31321,79,,,1,93,,31322,79,,,1,97,,31323,79,,,1,47,,31324,79,,,1,83,,31325,79,,,1,97,,31326,79,,,1
9600,'80',1119,,31327,79,,,1,94,,31328,79,,,1,94,,31329,79,,,1,94,,31330,79,,,1,54,,31331,79,,,1,94,,31332,79,,,1,94,,31333,79,,,1,94,,31334,79,,,1,91,,31335,79,,,1,94,,31336,79,,,1,94,,31337,79,,,1,91,,31338,79,,,1
9800,'1',625,,31445,35,,,1,75,,31444,35,,,1,33,,31443,35,,,1,75,,31442,35,,,1,35,,31441,35,,,1,75,,31440,35,,,1,98,,31436,35,,,1,98,,31433,35,,,1,96,,31438,35,,,1,98,,31437,35,,,1,40,,31425,35,,,1,79,,31435,35,,,1,80,,31434,35,,,1,40,,31432,35,,,1,80,,31431,35,,,1,80,,31430,35,,,1,44,,31429,35,,,1,80,,31428,35,,,1,93,,31427,35,,,1,91,,31426,35,,,1,88,,31439,35,,,1
9800,'2',624,,31463,35,,,1,86,,31462,35,,,1,44,,31461,35,,,1,94,,31460,35,,,1,93,,31459,35,,,1,91,,31458,35,,,1,94,,31457,35,,,1,98,,31456,35,,,1,98,,31455,35,,,1,97,,31454,35,,,1,98,,31453,35,,,1,98,,31452,35,,,1,99,,31451,35,,,1,101,,31450,35,,,1,89,,31449,35,,,1,53,,31448,35,,,1,89,,31447,35,,,1,85,,31446,35,,,1
9800,'3',808,,31479,35,,,1,48,,31478,35,,,1,88,,31477,35,,,1,92,,31476,35,,,1,93,,31475,35,,,1,90,,31474,35,,,1,93,,31473,35,,,1,93,,31472,35,,,1,53,,31471,35,,,1,93,,31470,35,,,1,93,,31469,35,,,1,96,,31468,35,,,1,88,,31467,35,,,1,91,,31466,35,,,1,87,,31465,35,,,1,48,,31464,35,,,1
9800,'74',624,,31497,35,,,1,86,,31496,35,,,1,44,,31495,35,,,1,94,,31494,35,,,1,93,,31493,35,,,1,91,,31492,35,,,1,94,,31491,35,,,1,98,,31490,35,,,1,98,,31489,35,,,1,97,,31488,35,,,1,98,,31487,35,,,1,98,,31486,35,,,1,99,,31485,35,,,1,101,,31484,35,,,1,89,,31483,35,,,1,53,,31482,35,,,1,89,,31481,35,,,1,85,,31480,35,,,1
9800,'80',808,,31513,35,,,1,48,,31512,35,,,1,88,,31511,35,,,1,92,,31510,35,,,1,93,,31509,35,,,1,90,,31508,35,,,1,93,,31507,35,,,1,93,,31506,35,,,1,53,,31505,35,,,1,93,,31504,35,,,1,93,,31503,35,,,1,96,,31502,35,,,1,88,,31501,35,,,1,91,,31500,35,,,1,87,,31499,35,,,1,48,,31498,35,,,1
989900,'1',2129,,36830,78,,,1,73,,36831,78,,,1,38,,36832,78,,,1,78,,36833,78,,,1,35,,36834,78,,,1,72,,36835,78,,,1,75,,36836,78,,,1,35,,36837,78,,,1,74,,36838,78,0,5 6,1,35,,36839,78,0,5 6,1,79,,36840,78,0,5 6,1
989900,'2',2133,,36841,78,,,1,94,,36842,78,,,1,86,,36843,78,,,1,91,,36844,78,,,1,46,,36845,78,,,1,86,,36846,78,,,1,82,,36847,78,0,5 6,1,86,,36848,78,0,5 6,1,46,,36849,78,0,5 6,1
989900,'3',2148,,36850,78,,,1,90,,36851,78,,,1,85,,36852,78,,,1,90,,36853,78,,,1,40,,36854,78,,,1,83,,36855,78,,,1,78,,36856,78,0,5 6,1,43,,36857,78,0,5 6,1,83,,36858,78,0,5 6,1
989900,'74',2133,,36859,78,,,1,94,,36860,78,,,1,86,,36861,78,,,1,91,,36862,78,,,1,46,,36863,78,,,1,86,,36864,78,,,1,82,,36865,78,0,5 6,1,86,,36866,78,0,5 6,1,46,,36867,78,0,5 6,1
989900,'80',2148,,36868,78,,,1,90,,36869,78,,,1,85,,36870,78,,,1,90,,36871,78,,,1,40,,36872,78,,,1,83,,36873,78,,,1,78,,36874,78,0,5 6,1,43,,36875,78,0,5 6,1,83,,36876,78,0,5 6,1
