9100,'1',519,,6499,4,,1,11,,6500,4,,1,11,,6501,4,,1,11,,6502,4,,1,51,,6503,4,,1,11,,6504,4,,1,6,,6505,4,,1,4,,6492,4,,1,11,,6493,4,,1,16,,6494,4,,1,51,,6495,4,,1,11,,6496,4,,1,10,,6497,4,,1,11,,6498,4,,1,15,,6506,4,,1,52,,6507,4,,1,12,,6508,4,,1,19,,6509,4,,1,12,,6510,4,,1,12,,6511,4,,1,52,,6512,4,,1,12,,6513,4,,1,7,,6514,4,,1,12,,6515,4,,1,10,,6516,4,,1,52,,6517,4,,1,12,,6518,4,,1,11,,6519,4,,1,12,,6520,4,,1,66,,6521,4,,1,25,,6522,4,,1,26,,6523,4,,1,65,,6524,4,,1,25,,6525,4,,1,65,,6526,4,,1,19,,6572,4,,1,6,,6527,4,,1,20,,6573,4,,1,5,,6528,4,,1,53,,6529,4,,1,13,,6530,4,,1,13,,6531,4,,1,15,,6532,4,,1,53,,6533,4,,1,13,,6534,4,,1,13,,6535,4,,1,12,,6570,4,,1,2,,6571,4,,1,6,,6536,4,,1,53,,6537,4,,1,13,,6538,4,,1,13,,6539,4,,1,13,,6540,4,,1,62,,6541,4,,1,14,,6542,4,,1,14,,6543,4,,1,14,,6544,4,,1,53,,6545,4,,1,14,,6546,4,,1,9,,6547,4,,1,14,,6548,4,,1,12,,6549,4,,1,54,,6550,4,,1,14,,6551,4,,1,7,,6552,4,,1,14,,6553,4,,1,10,,6554,4,,1,63,,6555,4,,1,18,,6556,4,,1,23,,6557,4,,1,63,,6558,4,,1,20,,6559,4,,1,23,,6560,4,,1,61,,6561,4,,1,23,,6562,4,,1,63,,6563,4,,1,22,,6564,4,,1,23,,6565,4,,1,63,,6566,4,,1,23,,6567,4,,1,23,,6568,4,,1,63,,6569,4,,1
9100,'2',722,,6574,4,,1,22,,6575,4,,1,62,,6576,4,,1,22,,6577,4,,1,27,,6578,4,,1,62,,6579,4,,1,22,,6580,4,,1,62,,6581,4,,1,22,,6582,4,,1,25,,6583,4,,1,65,,6584,4,,1,25,,6585,4,,1,70,,6586,4,,1,25,,6587,4,,1,25,,6588,4,,1,65,,6589,4,,1,25,,6590,4,,1,65,,6591,4,,1,25,,6592,4,,1,65,,6593,4,,1,25,,6594,4,,1,25,,6595,4,,1,65,,6596,4,,1,25,,6597,4,,1,65,,6598,4,,1,25,,6599,4,,1,25,,6600,4,,1,65,,6601,4,,1,25,,6602,4,,1,65,,6603,4,,1,25,,6604,4,,1,20,,6605,4,,1,65,,6606,4,,1,29,,6607,4,,1,69,,6608,4,,1,29,,6609,4,,1,69,,6610,4,,1,29,,6611,4,,1,63,,6612,4,,1,29,,6613,4,,1
9100,'3',724,,6614,4,,1,116,,6615,4,,1,91,,6616,4,,1,77,,6617,4,,1,27,,6618,4,,1,72,,6619,4,,1,35,,6620,4,,1,72,,6621,4,,1,34,,6622,4,,1,72,,6623,4,,1,32,,6624,4,,1,72,,6625,4,,1,32,,6626,4,,1,72,,6627,4,,1,72,,6628,4,,1,32,,6629,4,,1,72,,6630,4,,1,32,,6631,4,,1,72,,6632,4,,1,32,,6633,4,,1,72,,6634,4,,1,26,,6635,4,,1,80,,6636,4,,1,82,,6637,4,,1,42,,6638,4,,1,81,,6639,4,,1,82,,6640,4,,1,37,,6641,4,,1,68,,6642,4,,1,36,,6643,4,,1
9100,'80',724,,6644,4,,1,116,,6645,4,,1,91,,6646,4,,1,77,,6647,4,,1,27,,6648,4,,1,72,,6649,4,,1,35,,6650,4,,1,72,,6651,4,,1,34,,6652,4,,1,72,,6653,4,,1,32,,6654,4,,1,72,,6655,4,,1,32,,6656,4,,1,72,,6657,4,,1,72,,6658,4,,1,32,,6659,4,,1,72,,6660,4,,1,32,,6661,4,,1,72,,6662,4,,1,32,,6663,4,,1,72,,6664,4,,1,26,,6665,4,,1,80,,6666,4,,1,82,,6667,4,,1,42,,6668,4,,1,81,,6669,4,,1,82,,6670,4,,1,37,,6671,4,,1,68,,6672,4,,1,36,,6673,4,,1
9100,'81',724,,6674,4,,1,116,,6675,4,,1,91,,6676,4,,1,77,,6677,4,,1,27,,6678,4,,1,72,,6679,4,,1,35,,6680,4,,1,72,,6681,4,,1,34,,6682,4,,1,72,,6683,4,,1,32,,6684,4,,1,72,,6685,4,,1,32,,6686,4,,1,72,,6687,4,,1,72,,6688,4,,1,32,,6689,4,,1,72,,6690,4,,1,32,,6691,4,,1,72,,6692,4,,1,32,,6693,4,,1,72,,6694,4,,1,26,,6695,4,,1,80,,6696,4,,1,82,,6697,4,,1,42,,6698,4,,1,81,,6699,4,,1,82,,6700,4,,1,37,,6701,4,,1,68,,6702,4,,1,36,,6703,4,,1
9101,'1',522,,6774,,,1,11,,6773,,,1,11,,6772,,,1,11,,6771,,,1,51,,6770,,,1,11,,6769,,,1,11,,6768,,,1,11,,6704,,,1,11,,6705,,,1,51,,6706,,,1,16,,6721,,,1,12,,6720,,,1,12,,6719,,,1,12,,6718,,,1,52,,6707,,,1,12,,6708,,,1,12,,6709,,,1,12,,6710,,,1,12,,6711,,,1,52,,6712,,,1,12,,6713,,,1,12,,6714,,,1,12,,6715,,,1,12,,6716,,,1,52,,6717,,,1,13,,6729,,,1,25,,6728,,,1,65,,6722,,,1,25,,6723,,,1,25,,6724,,,1,65,,6725,,,1,25,,6726,,,1,65,,6727,,,1,22,,6741,,,1,13,,6740,,,1,53,,6739,,,1,13,,6738,,,1,13,,6730,,,1,13,,6731,,,1,13,,6732,,,1,53,,6733,,,1,13,,6734,,,1,13,,6735,,,1,13,,6736,,,1,13,,6737,,,1,58,,6754,,,1,14,,6753,,,1,14,,6752,,,1,14,,6751,,,1,54,,6750,,,1,14,,6742,,,1,14,,6743,,,1,14,,6744,,,1,54,,6745,,,1,14,,6746,,,1,14,,6747,,,1,14,,6748,,,1,54,,6749,,,1,27,,6767,,,1,23,,6766,,,1,63,,6755,,,1,23,,6756,,,1,63,,6757,,,1,23,,6758,,,1,23,,6759,,,1,63,,6760,,,1,23,,6761,,,1,23,,6762,,,1,63,,6763,,,1,23,,6764,,,1,63,,6765,,,1
9101,'2',733,,6775,,,1,22,,6776,,,1,62,,6777,,,1,22,,6778,,,1,62,,6779,,,1,22,,6780,,,1,22,,6781,,,1,62,,6782,,,1,27,,6802,,,1,25,,6783,,,1,65,,6784,,,1,25,,6785,,,1,65,,6786,,,1,25,,6787,,,1,65,,6788,,,1,25,,6789,,,1,25,,6790,,,1,65,,6791,,,1,25,,6792,,,1,65,,6793,,,1,25,,6794,,,1,25,,6795,,,1,65,,6796,,,1,25,,6797,,,1,65,,6798,,,1,25,,6799,,,1,65,,6800,,,1,25,,6801,,,1,25,,6803,,,1,65,,6804,,,1,25,,6805,,,1,65,,6806,,,1,48,,6807,,,1,69,,6808,,,1,29,,6809,,,1,69,,6810,,,1,29,,6811,,,1,69,,6812,,,1,23,,6813,,,1
9101,'3',729,,6814,,,1,116,,6815,,,1,91,,6816,,,1,77,,6817,,,1,32,,6818,,,1,72,,6819,,,1,32,,6820,,,1,72,,6821,,,1,32,,6822,,,1,72,,6823,,,1,32,,6824,,,1,72,,6825,,,1,72,,6826,,,1,32,,6827,,,1,72,,6828,,,1,32,,6829,,,1,72,,6830,,,1,32,,6831,,,1,72,,6832,,,1,32,,6833,,,1,98,,6838,,,1,82,,6834,,,1,82,,6835,,,1,42,,6836,,,1,82,,6837,,,1,79,,6842,,,1,37,,6839,,,1,76,,6840,,,1,28,,6841,,,1
9101,'80',729,,6843,,,1,116,,6844,,,1,91,,6845,,,1,77,,6846,,,1,32,,6847,,,1,72,,6848,,,1,32,,6849,,,1,72,,6850,,,1,32,,6851,,,1,72,,6852,,,1,32,,6853,,,1,72,,6854,,,1,72,,6855,,,1,32,,6856,,,1,72,,6857,,,1,32,,6858,,,1,72,,6859,,,1,32,,6860,,,1,72,,6861,,,1,32,,6862,,,1,98,,6867,,,1,82,,6863,,,1,82,,6864,,,1,42,,6865,,,1,82,,6866,,,1,79,,6871,,,1,37,,6868,,,1,76,,6869,,,1,28,,6870,,,1
9101,'81',729,,6872,,,1,116,,6873,,,1,91,,6874,,,1,77,,6875,,,1,32,,6876,,,1,72,,6877,,,1,32,,6878,,,1,72,,6879,,,1,32,,6880,,,1,72,,6881,,,1,32,,6882,,,1,72,,6883,,,1,72,,6884,,,1,32,,6885,,,1,72,,6886,,,1,32,,6887,,,1,72,,6888,,,1,32,,6889,,,1,72,,6890,,,1,32,,6891,,,1,98,,6896,,,1,82,,6892,,,1,82,,6893,,,1,42,,6894,,,1,82,,6895,,,1,79,,6900,,,1,37,,6897,,,1,76,,6898,,,1,28,,6899,,,1
39101,'1',703,,9200,,,1,20,,9201,,,1,20,,9202,,,1
