9901,'1',417,,31722,28,,,1,41,,31723,28,,,1,80,,31724,28,,,1,82,,31725,28,,,1,80,,31726,28,,,1,35,,31727,28,,,1,70,,31728,28,,,1,43,,31729,28,,,1,74,,31730,28,,,1,35,,31731,28,,,1,94,,31732,28,,,1,98,,31733,28,,,1,94,,31734,28,,,1,94,,31735,28,,,1,100,,31736,28,,,1,66,,31737,28,,,1,30,,31738,28,,,1,70,,31739,28,,,1,30,,31740,28,,,1,70,,31741,28,,,1,30,,31742,28,,,1,70,,31743,28,,,1,28,,31744,28,,,1,70,,31745,28,,,1,26,,31746,28,,,1,30,,31747,28,,,1,70,,31748,28,,,1,25,,31749,28,,,1,71,,31750,28,,,1,85,,31751,28,,,1
9901,'2',539,,31752,28,,,1,77,,31753,28,,,1,37,,31754,28,,,1,77,,31755,28,,,1,87,,31756,28,,,1,92,,31757,28,,,1,48,,31758,28,,,1,87,,31759,28,,,1,102,,31760,28,,,1,97,,31761,28,,,1,95,,31762,28,,,1,95,,31763,28,,,1,95,,31764,28,,,1,95,,31765,28,,,1,92,,31766,28,,,1,94,,31767,28,,,1,95,,31768,28,,,1,51,,31769,28,,,1,85,,31770,28,,,1,85,,31771,28,,,1
9901,'3',543,,31772,28,,,1,81,,31773,28,,,1,78,,31774,28,,,1,38,,31775,28,,,1,78,,31776,28,,,1,93,,31777,28,,,1,89,,31778,28,,,1,49,,31779,28,,,1,89,,31780,28,,,1,93,,31781,28,,,1,89,,31782,28,,,1,89,,31783,28,,,1,49,,31784,28,,,1,89,,31785,28,,,1,89,,31786,28,,,1,89,,31787,28,,,1,85,,31788,28,,,1,49,,31789,28,,,1,89,,31790,28,,,1,86,,31791,28,,,1,89,,31792,28,,,1,79,,31793,28,,,1
9901,'74',539,,31794,28,,,1,77,,31795,28,,,1,37,,31796,28,,,1,77,,31797,28,,,1,87,,31798,28,,,1,92,,31799,28,,,1,48,,31800,28,,,1,87,,31801,28,,,1,102,,31802,28,,,1,97,,31803,28,,,1,95,,31804,28,,,1,95,,31805,28,,,1,95,,31806,28,,,1,95,,31807,28,,,1,92,,31808,28,,,1,94,,31809,28,,,1,95,,31810,28,,,1,51,,31811,28,,,1,85,,31812,28,,,1,85,,31813,28,,,1
9901,'80',543,,31814,28,,,1,81,,31815,28,,,1,78,,31816,28,,,1,38,,31817,28,,,1,78,,31818,28,,,1,93,,31819,28,,,1,89,,31820,28,,,1,49,,31821,28,,,1,89,,31822,28,,,1,93,,31823,28,,,1,89,,31824,28,,,1,89,,31825,28,,,1,49,,31826,28,,,1,89,,31827,28,,,1,89,,31828,28,,,1,89,,31829,28,,,1,85,,31830,28,,,1,49,,31831,28,,,1,89,,31832,28,,,1,86,,31833,28,,,1,89,,31834,28,,,1,79,,31835,28,,,1
36001,'1',1002,,33821,9,,,1,29,,33822,9,,,1,69,,33823,9,,,1,27,,33824,9,,,1,25,,33837,9,,,1,83,,33836,9,,,1,84,,33825,9,,,1,84,,33826,9,,,1,44,,33827,9,,,1,87,,33828,9,,,1,84,,33829,9,,,1,87,,33830,9,,,1,43,,33831,9,,,1,81,,33832,9,,,1,85,,33833,9,,,1,45,,33834,9,,,1,82,,33835,9,,,1,84,,33843,9,,,1,26,,33842,9,,,1,66,,33838,9,,,1,26,,33839,9,,,1,66,,33840,9,,,1,26,,33841,9,,,1
36001,'2',1000,,33844,9,,,1,23,,33845,9,,,1,23,,33846,9,,,1,63,,33847,9,,,1,23,,33848,9,,,1,21,,33849,9,,,1,63,,33850,9,,,1,25,,33851,9,,,1,63,,33852,9,,,1,23,,33853,9,,,1,23,,33854,9,,,1,62,,33855,9,,,1,23,,33856,9,,,1,23,,33857,9,,,1,63,,33858,9,,,1,22,,33859,9,,,1,63,,33860,9,,,1,23,,33861,9,,,1,26,,33862,9,,,1,63,,33863,9,,,1,20,,33864,9,,,1,64,,33865,9,,,1,23,,33866,9,,,1,27,,33879,9,,,1,64,,33878,9,,,1,22,,33867,9,,,1,64,,33868,9,,,1,24,,33869,9,,,1,24,,33870,9,,,1,64,,33871,9,,,1,21,,33872,9,,,1,24,,33873,9,,,1,64,,33874,9,,,1,24,,33875,9,,,1,64,,33876,9,,,1,24,,33877,9,,,1
36001,'3',954,,33880,9,,,1,62,,33881,9,,,1,22,,33882,9,,,1,62,,33883,9,,,1,20,,33884,9,,,1,22,,33885,9,,,1,63,,33886,9,,,1,22,,33887,9,,,1,22,,33888,9,,,1,62,,33889,9,,,1,23,,33890,9,,,1,22,,33891,9,,,1,62,,33892,9,,,1,20,,33893,9,,,1,65,,33894,9,,,1,22,,33895,9,,,1,22,,33896,9,,,1,62,,33897,9,,,1,22,,33898,9,,,1,22,,33899,9,,,1,62,,33900,9,,,1,22,,33901,9,,,1,63,,33902,9,,,1,22,,33903,9,,,1,22,,33904,9,,,1,67,,33905,9,,,1,21,,33917,9,,,1,18,,33916,9,,,1,62,,33906,9,,,1,23,,33907,9,,,1,23,,33908,9,,,1,63,,33909,9,,,1,23,,33910,9,,,1,61,,33911,9,,,1,23,,33912,9,,,1,23,,33913,9,,,1,63,,33914,9,,,1,23,,33915,9,,,1
36001,'74',1000,,33918,9,,,1,23,,33919,9,,,1,23,,33920,9,,,1,63,,33921,9,,,1,23,,33922,9,,,1,21,,33923,9,,,1,63,,33924,9,,,1,25,,33925,9,,,1,63,,33926,9,,,1,23,,33927,9,,,1,23,,33928,9,,,1,62,,33929,9,,,1,23,,33930,9,,,1,23,,33931,9,,,1,63,,33932,9,,,1,22,,33933,9,,,1,63,,33934,9,,,1,23,,33935,9,,,1,26,,33936,9,,,1,63,,33937,9,,,1,20,,33938,9,,,1,64,,33939,9,,,1,23,,33940,9,,,1,27,,33942,9,,,1,64,,33941,9,,,1,22,,33943,9,,,1,64,,33944,9,,,1,24,,33945,9,,,1,24,,33946,9,,,1,64,,33947,9,,,1,21,,33948,9,,,1,24,,33949,9,,,1,64,,33950,9,,,1,24,,33951,9,,,1,64,,33952,9,,,1,24,,33953,9,,,1,24,,33954,9,,,1
36001,'80',954,,33955,9,,,1,62,,33956,9,,,1,22,,33957,9,,,1,62,,33958,9,,,1,20,,33959,9,,,1,22,,33960,9,,,1,63,,33961,9,,,1,22,,33962,9,,,1,22,,33963,9,,,1,62,,33964,9,,,1,23,,33965,9,,,1,22,,33966,9,,,1,62,,33967,9,,,1,20,,33968,9,,,1,65,,33969,9,,,1,22,,33970,9,,,1,22,,33971,9,,,1,62,,33972,9,,,1,22,,33973,9,,,1,22,,33974,9,,,1,62,,33975,9,,,1,22,,33976,9,,,1,63,,33977,9,,,1,22,,33978,9,,,1,22,,33979,9,,,1,67,,33980,9,,,1,21,,33992,9,,,1,18,,33991,9,,,1,62,,33981,9,,,1,23,,33982,9,,,1,23,,33983,9,,,1,63,,33984,9,,,1,23,,33985,9,,,1,61,,33986,9,,,1,23,,33987,9,,,1,23,,33988,9,,,1,63,,33989,9,,,1,23,,33990,9,,,1
989901,'1',2243,,36877,83,,,1,69,,36878,83,,,1,38,,36879,83,,,1,75,,36880,83,,,1,75,,36881,83,,,1,30,,36882,83,,,1,75,,36883,83,,,1,35,,36884,83,,,1
989901,'2',2251,,36885,83,,,1,87,,36886,83,,,1,81,,36887,83,,,1,91,,36890,83,,,1,45,,36888,83,,,1,86,,36889,83,,,1
989901,'3',2259,,36891,83,,,1,87,,36892,83,,,1,83,,36893,83,,,1,86,,36894,83,,,1,39,,36895,83,,,1,83,,36896,83,,,1
989901,'74',2251,,36897,83,,,1,87,,36898,83,,,1,81,,36899,83,,,1,91,,36902,83,,,1,45,,36900,83,,,1,86,,36901,83,,,1
989901,'80',2259,,36903,83,,,1,87,,36904,83,,,1,83,,36905,83,,,1,86,,36906,83,,,1,39,,36907,83,,,1,83,,36908,83,,,1
