701,'1',514,,25360,4,,,1,24,,25357,4,,,1,64,,25358,4,,,1,24,,25359,4,,,1,27,,25367,4,,,1,77,,25366,4,,,1,21,,25361,4,,,1,69,,25362,4,,,1,29,,25363,4,,,1,77,,25364,4,,,1,21,,25365,4,,,1,68,,25375,4,,,1,23,,25374,4,,,1,72,,25368,4,,,1,32,,25369,4,,,1,72,,25370,4,,,1,32,,25371,4,,,1,72,,25372,4,,,1,23,,25381,4,,,1,69,,25373,4,,,1,23,,25380,4,,,1,69,,25376,4,,,1,29,,25377,4,,,1,69,,25378,4,,,1,29,,25379,4,,,1,29,,25382,4,,,1,69,,25383,4,,,1,29,,25384,4,,,1,68,,25385,4,,,1,29,,25386,4,,,1,69,,25387,4,,,1,25,,25388,4,,,1,86,,25393,4,,,1,84,,25389,4,,,1,84,,25390,4,,,1,43,,25391,4,,,1,94,,25392,4,,,1
701,'2',851,,25394,4,,,1,88,,25395,4,,,1,88,,25396,4,,,1,88,,25397,4,,,1,88,,25398,4,,,1,48,,25399,4,,,1,88,,25400,4,,,1,88,,25401,4,,,1,88,,25402,4,,,1,88,,25403,4,,,1,48,,25404,4,,,1,88,,25405,4,,,1,88,,25406,4,,,1,88,,25407,4,,,1,88,,25408,4,,,1,42,,25411,4,,,1,82,,25409,4,,,1,82,,25410,4,,,1
701,'3',850,,25412,4,,,1,87,,25413,4,,,1,87,,25414,4,,,1,87,,25415,4,,,1,47,,25416,4,,,1,87,,25417,4,,,1,87,,25418,4,,,1,87,,25419,4,,,1,87,,25420,4,,,1,47,,25421,4,,,1,87,,25422,4,,,1,87,,25423,4,,,1,87,,25424,4,,,1,87,,25425,4,,,1,47,,25426,4,,,1
701,'74',851,,25427,4,,,1,88,,25428,4,,,1,88,,25429,4,,,1,88,,25430,4,,,1,88,,25431,4,,,1,48,,25432,4,,,1,88,,25433,4,,,1,88,,25434,4,,,1,88,,25435,4,,,1,88,,25436,4,,,1,48,,25437,4,,,1,88,,25438,4,,,1,88,,25439,4,,,1,88,,25440,4,,,1,88,,25441,4,,,1,42,,25444,4,,,1,82,,25442,4,,,1,82,,25443,4,,,1
701,'80',850,,25445,4,,,1,87,,25446,4,,,1,87,,25447,4,,,1,87,,25448,4,,,1,47,,25449,4,,,1,87,,25450,4,,,1,87,,25451,4,,,1,87,,25452,4,,,1,87,,25453,4,,,1,47,,25454,4,,,1,87,,25455,4,,,1,87,,25456,4,,,1,87,,25457,4,,,1,87,,25458,4,,,1,47,,25459,4,,,1
8501,'1',533,,29840,38,,,1,16,,29839,38,,,1,55,,29801,50,,,1,16,,29800,50,,,1,16,,29799,50,,,1,16,,29798,50,,,1,56,,29797,50,,,1,16,,29796,50,,,1,16,,29795,50,,,1,16,,29787,50,,,1,56,,29788,50,,,1,16,,29789,50,,,1,16,,29790,50,,,1,56,,29791,50,,,1,16,,29792,50,,,1,16,,29793,50,,,1,15,,29794,50,,,1,66,,29811,50,,,1,25,,29810,50,,,1,62,,29809,50,,,1,25,,29802,50,,,1,25,,29803,50,,,1,65,,29804,50,,,1,25,,29805,50,,,1,69,,29806,50,,,1,25,,29807,50,,,1,19,,29808,50,,,1,65,,29812,50,,,1,25,,29813,50,,,1,66,,29814,50,,,1,16,,29841,50,,,1,16,,29842,50,,,1,16,,29831,50,,,1,56,,29830,50,,,1,16,,29829,50,,,1,29,,29828,50,,,1,64,,29827,50,,,1,16,,29815,50,,,1,19,,29816,50,,,1,53,,29817,50,,,1,7,,29818,50,,,1,16,,29819,50,,,1,11,,29820,50,,,1,59,,29821,50,,,1,13,,29822,50,,,1,16,,29823,50,,,1,16,,29824,50,,,1,55,,29825,50,,,1,15,,29826,50,,,1,32,,29834,50,,,1,63,,29833,50,,,1,25,,29832,50,,,1,62,,29838,50,,,1,29,,29837,50,,,1,29,,29835,50,,,1,72,,29836,50,,,1
8501,'2',711,,29858,50,,,1,35,,29859,50,,,1,70,,29860,50,,,1,34,,29861,50,,,1,70,,29862,50,,,1,30,,29863,50,,,1,70,,29864,50,,,1,34,,29865,50,,,1,70,,29866,50,,,1,30,,29843,50,,,1,63,,29844,50,,,1,29,,29845,50,,,1,63,,29846,50,,,1,23,,29847,50,,,1,23,,29848,50,,,1,63,,29849,50,,,1,23,,29850,50,,,1,63,,29851,50,,,1,23,,29852,50,,,1,23,,29853,50,,,1,63,,29854,50,,,1,23,,29855,50,,,1,23,,29856,50,,,1,58,,29857,50,,,1,21,,29867,50,,,1,19,,29868,50,,,1,63,,29869,50,,,1,21,,29870,50,,,1,61,,29871,50,,,1,18,,29872,50,,,1,21,,29873,50,,,1,61,,29874,50,,,1,17,,29875,50,,,1,21,,29876,50,,,1,61,,29877,50,,,1,21,,29878,50,,,1,21,,29879,50,,,1,70,,29880,50,,,1,30,,29881,50,,,1,70,,29882,50,,,1
8501,'3',907,,29885,50,,,1,44,,29886,50,,,1,80,,29887,50,,,1,80,,29888,50,,,1,47,,29889,50,,,1,83,,29890,50,,,1,83,,29891,50,,,1,87,,29892,50,,,1,43,,29893,50,,,1,83,,29894,50,,,1,83,,29895,50,,,1,33,,29896,50,,,1,82,,29897,50,,,1,84,,29898,50,,,1,36,,29899,50,,,1,81,,29900,50,,,1,83,,29901,50,,,1,39,,29883,50,,,1,81,,29884,50,,,1
8501,'74',711,,29902,50,,,1,35,,29903,50,,,1,70,,29904,50,,,1,34,,29905,50,,,1,70,,29906,50,,,1,30,,29907,50,,,1,70,,29908,50,,,1,34,,29909,50,,,1,70,,29910,50,,,1,30,,29911,50,,,1,63,,29912,50,,,1,29,,29913,50,,,1,63,,29914,50,,,1,23,,29915,50,,,1,23,,29916,50,,,1,63,,29917,50,,,1,23,,29918,50,,,1,63,,29919,50,,,1,23,,29920,50,,,1,23,,29921,50,,,1,63,,29922,50,,,1,23,,29923,50,,,1,23,,29924,50,,,1,58,,29925,50,,,1,21,,29926,50,,,1,19,,29927,50,,,1,63,,29928,50,,,1,21,,29929,50,,,1,61,,29930,50,,,1,18,,29931,50,,,1,21,,29932,50,,,1,61,,29933,50,,,1,17,,29934,50,,,1,21,,29935,50,,,1,61,,29936,50,,,1,21,,29937,50,,,1,21,,29938,50,,,1,70,,29939,50,,,1,30,,29940,50,,,1,70,,29941,50,,,1
8501,'80',907,,29942,50,,,1,44,,29943,50,,,1,80,,29944,50,,,1,80,,29945,50,,,1,47,,29946,50,,,1,83,,29947,50,,,1,83,,29948,50,,,1,87,,29949,50,,,1,43,,29950,50,,,1,83,,29951,50,,,1,83,,29952,50,,,1,33,,29953,50,,,1,82,,29954,50,,,1,84,,29955,50,,,1,36,,29958,50,,,1,81,,29959,50,,,1,83,,29960,50,,,1,39,,29956,50,,,1,81,,29957,50,,,1
