9901,'1',407,,7366,14,,,1,41,,7367,14,,,1,80,,7368,14,,,1,81,,7369,14,,,1,37,,7370,14,,,1,75,,7371,14,,,1,29,,7372,14,,,1,83,,7373,14,,,1,75,,7374,14,,,1,35,,7375,14,,,1,94,,7376,14,,,1,97,,7377,14,,,1,94,,7378,14,,,1,94,,7379,14,,,1,100,,7380,14,,,1,25,,7381,14,,,1,70,,7382,14,,,1,30,,7383,14,,,1,70,,7384,14,,,1,30,,7385,14,,,1,70,,7386,14,,,1,30,,7387,14,,,1,69,,7388,14,,,1,30,,7389,14,,,1,67,,7390,14,,,1,30,,7391,14,,,1,70,,7392,14,,,1,25,,7393,14,,,1,72,,7394,14,,,1,45,,7395,14,,,1
9901,'2',529,,7396,14,,,1,77,,7397,14,,,1,37,,7398,14,,,1,77,,7399,14,,,1,87,,7400,14,,,1,49,,7401,14,,,1,88,,7402,14,,,1,87,,7403,14,,,1,100,,7404,14,,,1,97,,7405,14,,,1,95,,7406,14,,,1,95,,7407,14,,,1,95,,7408,14,,,1,95,,7409,14,,,1,92,,7410,14,,,1,54,,7411,14,,,1,95,,7412,14,,,1,93,,7413,14,,,1,85,,7414,14,,,1,85,,7415,14,,,1
9901,'3',533,,7416,14,,,1,80,,7417,14,,,1,38,,7418,14,,,1,78,,7419,14,,,1,78,,7420,14,,,1,51,,7421,14,,,1,89,,7422,14,,,1,89,,7423,14,,,1,89,,7424,14,,,1,91,,7425,14,,,1,89,,7426,14,,,1,49,,7427,14,,,1,89,,7428,14,,,1,89,,7429,14,,,1,89,,7430,14,,,1,89,,7431,14,,,1,46,,7432,14,,,1,89,,7433,14,,,1,89,,7434,14,,,1,88,,7435,14,,,1,89,,7436,14,,,1,39,,7437,14,,,1
9901,'80',533,,7438,14,,,1,80,,7439,14,,,1,38,,7440,14,,,1,78,,7441,14,,,1,78,,7442,14,,,1,51,,7443,14,,,1,89,,7444,14,,,1,89,,7445,14,,,1,89,,7446,14,,,1,91,,7447,14,,,1,89,,7448,14,,,1,49,,7449,14,,,1,89,,7450,14,,,1,89,,7451,14,,,1,89,,7452,14,,,1,89,,7453,14,,,1,46,,7454,14,,,1,89,,7455,14,,,1,89,,7456,14,,,1,88,,7457,14,,,1,89,,7458,14,,,1,39,,7459,14,,,1
9901,'81',533,,7460,14,,,1,80,,7461,14,,,1,38,,7462,14,,,1,78,,7463,14,,,1,78,,7464,14,,,1,51,,7465,14,,,1,89,,7466,14,,,1,89,,7467,14,,,1,89,,7468,14,,,1,91,,7469,14,,,1,89,,7470,14,,,1,49,,7471,14,,,1,89,,7472,14,,,1,89,,7473,14,,,1,89,,7474,14,,,1,89,,7475,14,,,1,46,,7476,14,,,1,89,,7477,14,,,1,89,,7478,14,,,1,88,,7479,14,,,1,89,,7480,14,,,1,39,,7481,14,,,1
989901,'1',2232,,11627,69,,,1,70,,11628,69,,,1,38,,11629,69,,,1,75,,11630,69,,,1,35,,11631,69,,,1,71,,11632,69,,,1,35,,11633,69,,,1,75,,11634,69,,,1
989901,'2',2239,,11635,69,,,1,88,,11636,69,,,1,82,,11637,69,,,1,91,,11640,69,,,1,45,,11638,69,,,1,86,,11639,69,,,1
989901,'3',2249,,11641,69,,,1,87,,11642,69,,,1,83,,11643,69,,,1,88,,11644,69,,,1,39,,11645,69,,,1,83,,11646,69,,,1
989901,'80',2249,,11647,69,,,1,87,,11648,69,,,1,83,,11649,69,,,1,88,,11650,69,,,1,39,,11651,69,,,1,83,,11652,69,,,1
989901,'81',2249,,11653,69,,,1,87,,11654,69,,,1,83,,11655,69,,,1,88,,11656,69,,,1,39,,11657,69,,,1,83,,11658,69,,,1
