301,'1',533,,24203,30,,,1,72,,24204,30,,,1,34,,24205,30,,,1,73,,24206,30,,,1,32,,24207,30,,,1,77,,24208,30,,,1,32,,24209,30,,,1,67,,24210,30,,,1,32,,24202,30,,,1,77,,24226,30,,,1,86,,24211,30,,,1,86,,24212,30,,,1,46,,24213,30,,,1,86,,24214,30,,,1,86,,24215,30,,,1,89,,24216,30,,,1,27,,24217,30,,,1,72,,24218,30,,,1,32,,24219,30,,,1,72,,24220,30,,,1,32,,24221,30,,,1,72,,24222,30,,,1,28,,24223,30,,,1,72,,24224,30,,,1,26,,24225,30,,,1,69,,24231,30,,,1,26,,24228,30,,,1,83,,24229,30,,,1,39,,24230,30,0,25 26,1
301,'2',812,,24234,30,,,1,103,,24233,30,,,1,104,,24238,30,,,1,105,,24235,30,,,1,105,,24236,30,,,1,105,,24237,30,,,1,105,,24239,30,,,1,106,,24240,30,,,1,106,,24241,30,,,1,106,,24242,30,,,1,145,,24243,30,,,1,102,,24244,30,,,1,102,,24245,30,,,1,102,,24232,30,0,25 26,1
301,'3',932,,24253,30,,,1,102,,24252,30,,,1,102,,24251,30,,,1,102,,24250,30,,,1,102,,24249,30,,,1,102,,24248,30,,,1,102,,24247,30,,,1,102,,24246,30,,,1,102,,24258,30,,,1,102,,24257,30,,,1,100,,24256,30,,,1,98,,24255,30,,,1,96,,24254,30,0,25 26,1
301,'74',812,,24261,30,,,1,103,,24260,30,,,1,104,,24265,30,,,1,105,,24262,30,,,1,105,,24263,30,,,1,105,,24264,30,,,1,105,,24266,30,,,1,106,,24267,30,,,1,106,,24268,30,,,1,106,,24269,30,,,1,145,,24270,30,,,1,102,,24271,30,,,1,102,,24272,30,,,1,102,,24259,30,0,25 26,1
301,'80',932,,24276,30,,,1,102,,24275,30,,,1,102,,24274,30,,,1,102,,24273,30,,,1,102,,24280,30,,,1,102,,24279,30,,,1,102,,24278,30,,,1,102,,24277,30,,,1,102,,24285,30,,,1,102,,24284,30,,,1,100,,24283,30,,,1,98,,24282,30,,,1,96,,24281,30,0,25 26,1
9101,'1',543,,31116,32,,,1,11,,31115,32,,,1,51,,31114,32,,,1,11,,31113,32,,,1,13,,31112,32,,,1,11,,31111,32,,,1,11,,31110,32,,,1,52,,31046,32,,,1,11,,31047,32,,,1,11,,31048,32,,,1,16,,31063,32,,,1,12,,31062,32,,,1,62,,31061,32,,,1,12,,31060,32,,,1,12,,31049,32,,,1,12,,31050,32,,,1,52,,31051,32,,,1,9,,31052,32,,,1,12,,31053,32,,,1,5,,31054,32,,,1,12,,31055,32,,,1,12,,31056,32,,,1,52,,31057,32,,,1,12,,31058,32,,,1,12,,31059,32,,,1,13,,31071,32,,,1,65,,31070,32,,,1,28,,31064,32,,,1,65,,31065,32,,,1,25,,31066,32,,,1,25,,31067,32,,,1,65,,31068,32,,,1,24,,31069,32,,,1,62,,31083,32,,,1,13,,31082,32,,,1,17,,31081,32,,,1,13,,31080,32,,,1,13,,31072,32,,,1,53,,31073,32,,,1,11,,31074,32,,,1,13,,31075,32,,,1,13,,31076,32,,,1,53,,31077,32,,,1,13,,31078,32,,,1,13,,31079,32,,,1,20,,31096,32,,,1,54,,31095,32,,,1,14,,31094,32,,,1,14,,31093,32,,,1,14,,31092,32,,,1,14,,31084,32,,,1,54,,31085,32,,,1,9,,31086,32,,,1,14,,31087,32,,,1,14,,31088,32,,,1,12,,31089,32,,,1,54,,31090,32,,,1,13,,31091,32,,,1,27,,31109,32,,,1,62,,31108,32,,,1,23,,31097,32,,,1,63,,31098,32,,,1,23,,31099,32,,,1,23,,31100,32,,,1,62,,31101,32,,,1,23,,31102,32,,,1,20,,31103,32,,,1,63,,31104,32,,,1,23,,31105,32,,,1,63,,31106,32,,,1,23,,31107,32,,,1
9101,'2',752,,31117,32,,,1,62,,31118,32,,,1,26,,31119,32,,,1,62,,31120,32,,,1,22,,31121,32,,,1,22,,31122,32,,,1,62,,31123,32,,,1,22,,31124,32,,,1,27,,31144,32,,,1,65,,31125,32,,,1,24,,31126,32,,,1,65,,31127,32,,,1,25,,31128,32,,,1,65,,31129,32,,,1,28,,31130,32,,,1,25,,31131,32,,,1,65,,31132,32,,,1,25,,31133,32,,,1,65,,31134,32,,,1,21,,31135,32,,,1,25,,31136,32,,,1,65,,31137,32,,,1,25,,31138,32,,,1,65,,31139,32,,,1,25,,31140,32,,,1,65,,31141,32,,,1,25,,31142,32,,,1,25,,31143,32,,,1,65,,31145,32,,,1,24,,31146,32,,,1,65,,31147,32,,,1,25,,31148,32,,,1,88,,31149,32,,,1,29,,31150,32,,,1,69,,31151,32,,,1,24,,31152,32,,,1,69,,31153,32,,,1,29,,31154,32,,,1,63,,31155,32,,,1
9101,'3',747,,31156,32,,,1,162,,31157,32,,,1,91,,31158,32,,,1,37,,31159,32,,,1,74,,31160,32,,,1,32,,31161,32,,,1,72,,31162,32,,,1,30,,31163,32,,,1,72,,31164,32,,,1,32,,31165,32,,,1,72,,31166,32,,,1,33,,31167,32,,,1,71,,31168,32,,,1,30,,31169,32,,,1,72,,31170,32,,,1,32,,31171,32,,,1,72,,31172,32,,,1,72,,31173,32,,,1,32,,31174,32,,,1,70,,31175,32,,,1,98,,31180,32,,,1,42,,31176,32,,,1,82,,31177,32,,,1,80,,31178,32,,,1,42,,31179,32,,,1,76,,31184,32,,,1,76,,31181,32,,,1,36,,31182,32,,,1,68,,31183,32,,,1
9101,'74',752,,31185,32,,,1,62,,31186,32,,,1,26,,31187,32,,,1,62,,31188,32,,,1,22,,31189,32,,,1,22,,31190,32,,,1,62,,31191,32,,,1,22,,31192,32,,,1,27,,31212,32,,,1,65,,31193,32,,,1,24,,31194,32,,,1,65,,31195,32,,,1,25,,31196,32,,,1,65,,31197,32,,,1,28,,31198,32,,,1,25,,31199,32,,,1,65,,31200,32,,,1,25,,31201,32,,,1,65,,31202,32,,,1,21,,31203,32,,,1,25,,31204,32,,,1,65,,31205,32,,,1,25,,31206,32,,,1,65,,31207,32,,,1,25,,31208,32,,,1,65,,31209,32,,,1,25,,31210,32,,,1,25,,31211,32,,,1,65,,31213,32,,,1,24,,31214,32,,,1,65,,31215,32,,,1,25,,31216,32,,,1,88,,31217,32,,,1,29,,31218,32,,,1,69,,31219,32,,,1,24,,31220,32,,,1,69,,31221,32,,,1,29,,31222,32,,,1,63,,31223,32,,,1
9101,'80',747,,31224,32,,,1,162,,31225,32,,,1,91,,31226,32,,,1,37,,31227,32,,,1,74,,31228,32,,,1,32,,31229,32,,,1,72,,31230,32,,,1,30,,31231,32,,,1,72,,31232,32,,,1,32,,31233,32,,,1,72,,31234,32,,,1,33,,31235,32,,,1,71,,31236,32,,,1,30,,31237,32,,,1,72,,31238,32,,,1,32,,31239,32,,,1,72,,31240,32,,,1,72,,31241,32,,,1,32,,31242,32,,,1,70,,31243,32,,,1,98,,31248,32,,,1,42,,31244,32,,,1,82,,31245,32,,,1,80,,31246,32,,,1,42,,31247,32,,,1,76,,31252,32,,,1,76,,31249,32,,,1,36,,31250,32,,,1,68,,31251,32,,,1
