8100,'1',537,,29504,36,,,1,71,,29506,36,,,1,31,,29508,36,,,1,74,,29509,36,,,1,34,,29507,36,,,1,160,,29505,36,,,1
8101,'1',1528,,29518,36,,,1,86,,29517,36,,,1,39,,29516,36,,,1,79,,29515,36,,,1,77,,29514,36,,,1,37,,29513,36,,,1,75,,29512,36,,,1,38,,29511,36,,,1
8301,'1',830,,29597,2,,,1,718,,29589,2,,,1
9801,'1',545,,31521,54,,,1,75,,31520,54,,,1,38,,31519,54,,,1,75,,31518,54,,,1,77,,31517,54,,,1,35,,31516,54,,,1,75,,31515,54,,,1,35,,31514,54,,,1,75,,31525,54,,,1,101,,31524,54,,,1,98,,31523,54,,,1,98,,31522,54,,,1,102,,31537,54,,,1,80,,31536,54,,,1,40,,31535,54,,,1,80,,31534,54,,,1,80,,31533,54,,,1,40,,31532,54,,,1,80,,31531,54,,,1,76,,31530,54,,,1,37,,31529,54,,,1,91,,31528,54,,,1,86,,31527,54,,,1,88,,31526,54,,,1
9801,'2',551,,31556,54,,,1,86,,31555,54,,,1,86,,31554,54,,,1,86,,31553,54,,,1,49,,31552,54,,,1,97,,31551,54,,,1,94,,31550,54,,,1,98,,31549,54,,,1,94,,31548,54,,,1,103,,31547,54,,,1,98,,31546,54,,,1,98,,31545,54,,,1,95,,31544,54,,,1,98,,31543,54,,,1,98,,31542,54,,,1,93,,31541,54,,,1,85,,31540,54,,,1,49,,31539,54,,,1,87,,31538,54,,,1
9801,'3',734,,31573,54,,,1,88,,31574,54,,,1,91,,31572,54,,,1,88,,31571,54,,,1,48,,31570,54,,,1,96,,31569,54,,,1,93,,31568,54,,,1,93,,31567,54,,,1,95,,31566,54,,,1,93,,31565,54,,,1,93,,31564,54,,,1,93,,31563,54,,,1,53,,31562,54,,,1,90,,31561,54,,,1,85,,31560,54,,,1,86,,31559,54,,,1,87,,31558,54,,,1,48,,31557,54,,,1
9801,'74',551,,31593,54,,,1,86,,31592,54,,,1,86,,31591,54,,,1,86,,31590,54,,,1,49,,31589,54,,,1,97,,31588,54,,,1,94,,31587,54,,,1,98,,31586,54,,,1,94,,31585,54,,,1,103,,31584,54,,,1,98,,31583,54,,,1,98,,31582,54,,,1,95,,31581,54,,,1,98,,31580,54,,,1,98,,31579,54,,,1,93,,31578,54,,,1,85,,31577,54,,,1,49,,31576,54,,,1,87,,31575,54,,,1
9801,'80',734,,31610,54,,,1,88,,31611,54,,,1,91,,31609,54,,,1,88,,31608,54,,,1,48,,31607,54,,,1,96,,31606,54,,,1,93,,31605,54,,,1,93,,31604,54,,,1,95,,31603,54,,,1,93,,31602,54,,,1,93,,31601,54,,,1,93,,31600,54,,,1,53,,31599,54,,,1,90,,31598,54,,,1,85,,31597,54,,,1,86,,31596,54,,,1,87,,31595,54,,,1,48,,31594,54,,,1
989901,'1',2223,,36877,54,,,1,31,,36878,54,,,1,78,,36879,54,,,1,76,,36880,54,,,1,35,,36881,54,,,1,71,,36882,54,,,1,35,,36883,54,,,1,75,,36884,54,,,1
989901,'2',2229,,36885,54,,,1,91,,36886,54,,,1,83,,36887,54,,,1,51,,36890,54,,,1,85,,36888,54,,,1,86,,36889,54,,,1
989901,'3',2241,,36891,54,,,1,88,,36892,54,,,1,83,,36893,54,,,1,89,,36894,54,,,1,39,,36895,54,,,1,83,,36896,54,,,1
989901,'74',2229,,36897,54,,,1,91,,36898,54,,,1,83,,36899,54,,,1,51,,36902,54,,,1,85,,36900,54,,,1,86,,36901,54,,,1
989901,'80',2241,,36903,54,,,1,88,,36904,54,,,1,83,,36905,54,,,1,89,,36906,54,,,1,39,,36907,54,,,1,83,,36908,54,,,1
