36000,'1',923,,33649,26,4,,1,29,,33650,26,4,,1,69,,33651,26,4,,1,29,,33652,26,4,,1,66,,33653,26,4,,1,27,,33654,26,4,,1,88,,33655,26,4,,1,84,,33656,26,4,,1,43,,33657,26,4,,1,84,,33658,26,4,,1,84,,33659,26,4,,1,92,,33660,26,4,,1,87,,33661,26,4,,1,44,,33662,26,4,,1,73,,33663,26,4,,1,84,,33664,26,4,,1,41,,33665,26,4,,1,84,,33666,26,4,,1,84,,33667,26,4,,1,26,,33668,26,4,,1,63,,33669,26,4,,1,26,,33670,26,4,,1,26,,33671,26,4,,1
36000,'2',918,,33672,26,4,,1,23,,33673,26,4,,1,63,,33674,26,4,,1,23,,33675,26,4,,1,23,,33676,26,4,,1,63,,33677,26,4,,1,23,,33678,26,4,,1,65,,33679,26,4,,1,23,,33680,26,4,,1,23,,33681,26,4,,1,63,,33682,26,4,,1,23,,33683,26,4,,1,23,,33684,26,4,,1,63,,33685,26,4,,1,23,,33686,26,4,,1,63,,33687,26,4,,1,23,,33688,26,4,,1,23,,33689,26,4,,1,63,,33690,26,4,,1,23,,33691,26,4,,1,22,,33692,26,4,,1,63,,33693,26,4,,1,23,,33694,26,4,,1,61,,33695,26,4,,1,27,,33696,26,4,,1,21,,33697,26,4,,1,64,,33698,26,4,,1,24,,33699,26,4,,1,64,,33700,26,4,,1,24,,33701,26,4,,1,24,,33702,26,4,,1,67,,33703,26,4,,1,24,,33704,26,4,,1,63,,33705,26,4,,1,24,,33706,26,4,,1,24,,33707,26,4,,1
36000,'3',914,,33708,26,4,,1,22,,33709,26,4,,1,22,,33710,26,4,,1,62,,33711,26,4,,1,22,,33712,26,4,,1,62,,33713,26,4,,1,24,,33714,26,4,,1,22,,33715,26,4,,1,62,,33716,26,4,,1,20,,33717,26,4,,1,22,,33718,26,4,,1,62,,33719,26,4,,1,22,,33720,26,4,,1,62,,33721,26,4,,1,22,,33722,26,4,,1,24,,33723,26,4,,1,62,,33724,26,4,,1,22,,33725,26,4,,1,22,,33726,26,4,,1,62,,33727,26,4,,1,20,,33728,26,4,,1,22,,33729,26,4,,1,62,,33730,26,4,,1,22,,33731,26,4,,1,64,,33732,26,4,,1,22,,33733,26,4,,1,22,,33734,26,4,,1,62,,33735,26,4,,1,23,,33736,26,4,,1,23,,33737,26,4,,1,60,,33738,26,4,,1,23,,33739,26,4,,1,63,,33740,26,4,,1,26,,33741,26,4,,1,23,,33742,26,4,,1,63,,33743,26,4,,1,23,,33744,26,4,,1,63,,33745,26,4,,1
36000,'74',918,,33746,26,4,,1,23,,33747,26,4,,1,63,,33748,26,4,,1,23,,33749,26,4,,1,23,,33750,26,4,,1,63,,33751,26,4,,1,23,,33752,26,4,,1,65,,33753,26,4,,1,23,,33754,26,4,,1,23,,33755,26,4,,1,63,,33756,26,4,,1,23,,33757,26,4,,1,23,,33758,26,4,,1,63,,33759,26,4,,1,23,,33760,26,4,,1,63,,33761,26,4,,1,23,,33762,26,4,,1,23,,33763,26,4,,1,63,,33764,26,4,,1,23,,33765,26,4,,1,22,,33766,26,4,,1,63,,33767,26,4,,1,23,,33768,26,4,,1,61,,33769,26,4,,1,27,,33770,26,4,,1,21,,33771,26,4,,1,64,,33772,26,4,,1,24,,33773,26,4,,1,64,,33774,26,4,,1,24,,33775,26,4,,1,24,,33776,26,4,,1,67,,33777,26,4,,1,24,,33778,26,4,,1,63,,33779,26,4,,1,24,,33780,26,4,,1,24,,33781,26,4,,1,64,,33782,26,4,,1
36000,'80',914,,33783,26,4,,1,22,,33784,26,4,,1,22,,33785,26,4,,1,62,,33786,26,4,,1,22,,33787,26,4,,1,62,,33788,26,4,,1,24,,33789,26,4,,1,22,,33790,26,4,,1,62,,33791,26,4,,1,20,,33792,26,4,,1,22,,33793,26,4,,1,62,,33794,26,4,,1,22,,33795,26,4,,1,62,,33796,26,4,,1,22,,33797,26,4,,1,24,,33798,26,4,,1,62,,33799,26,4,,1,22,,33800,26,4,,1,22,,33801,26,4,,1,62,,33802,26,4,,1,20,,33803,26,4,,1,22,,33804,26,4,,1,62,,33805,26,4,,1,22,,33806,26,4,,1,64,,33807,26,4,,1,22,,33808,26,4,,1,22,,33809,26,4,,1,62,,33810,26,4,,1,23,,33811,26,4,,1,23,,33812,26,4,,1,60,,33813,26,4,,1,23,,33814,26,4,,1,63,,33815,26,4,,1,26,,33816,26,4,,1,23,,33817,26,4,,1,63,,33818,26,4,,1,23,,33819,26,4,,1,63,,33820,26,4,,1
36001,'1',930,,33821,1,,,1,29,,33822,1,,,1,69,,33823,1,,,1,29,,33824,1,,,1,65,,33837,1,,,1,82,,33836,1,,,1,44,,33825,1,,,1,84,,33826,1,,,1,84,,33827,1,,,1,84,,33828,1,,,1,44,,33829,1,,,1,84,,33830,1,,,1,84,,33831,1,,,1,44,,33832,1,,,1,84,,33833,1,,,1,84,,33834,1,,,1,84,,33835,1,,,1,44,,33843,1,,,1,69,,33842,1,,,1,26,,33838,1,,,1,66,,33839,1,,,1,26,,33840,1,,,1,66,,33841,1,,,1
36001,'2',927,,33844,1,,,1,23,,33845,1,,,1,63,,33846,1,,,1,23,,33847,1,,,1,23,,33848,1,,,1,63,,33849,1,,,1,23,,33850,1,,,1,63,,33851,1,,,1,23,,33852,1,,,1,23,,33853,1,,,1,63,,33854,1,,,1,23,,33855,1,,,1,63,,33856,1,,,1,23,,33857,1,,,1,23,,33858,1,,,1,63,,33859,1,,,1,23,,33860,1,,,1,23,,33861,1,,,1,63,,33862,1,,,1,23,,33863,1,,,1,63,,33864,1,,,1,23,,33865,1,,,1,23,,33866,1,,,1,62,,33879,1,,,1,24,,33878,1,,,1,64,,33867,1,,,1,24,,33868,1,,,1,24,,33869,1,,,1,64,,33870,1,,,1,24,,33871,1,,,1,64,,33872,1,,,1,24,,33873,1,,,1,24,,33874,1,,,1,64,,33875,1,,,1,24,,33876,1,,,1,64,,33877,1,,,1
36001,'3',923,,33880,1,,,1,22,,33881,1,,,1,62,,33882,1,,,1,22,,33883,1,,,1,22,,33884,1,,,1,62,,33885,1,,,1,22,,33886,1,,,1,22,,33887,1,,,1,62,,33888,1,,,1,22,,33889,1,,,1,62,,33890,1,,,1,22,,33891,1,,,1,22,,33892,1,,,1,62,,33893,1,,,1,22,,33894,1,,,1,22,,33895,1,,,1,62,,33896,1,,,1,22,,33897,1,,,1,22,,33898,1,,,1,62,,33899,1,,,1,22,,33900,1,,,1,62,,33901,1,,,1,22,,33902,1,,,1,22,,33903,1,,,1,62,,33904,1,,,1,22,,33905,1,,,1,21,,33917,1,,,1,63,,33916,1,,,1,23,,33906,1,,,1,63,,33907,1,,,1,23,,33908,1,,,1,23,,33909,1,,,1,63,,33910,1,,,1,23,,33911,1,,,1,23,,33912,1,,,1,63,,33913,1,,,1,23,,33914,1,,,1,63,,33915,1,,,1
36001,'74',927,,33918,1,,,1,23,,33919,1,,,1,63,,33920,1,,,1,23,,33921,1,,,1,23,,33922,1,,,1,63,,33923,1,,,1,23,,33924,1,,,1,63,,33925,1,,,1,23,,33926,1,,,1,23,,33927,1,,,1,63,,33928,1,,,1,23,,33929,1,,,1,63,,33930,1,,,1,23,,33931,1,,,1,23,,33932,1,,,1,63,,33933,1,,,1,23,,33934,1,,,1,23,,33935,1,,,1,63,,33936,1,,,1,23,,33937,1,,,1,63,,33938,1,,,1,23,,33939,1,,,1,23,,33940,1,,,1,62,,33942,1,,,1,24,,33941,1,,,1,64,,33943,1,,,1,24,,33944,1,,,1,24,,33945,1,,,1,64,,33946,1,,,1,24,,33947,1,,,1,64,,33948,1,,,1,24,,33949,1,,,1,24,,33950,1,,,1,64,,33951,1,,,1,24,,33952,1,,,1,64,,33953,1,,,1,24,,33954,1,,,1
36001,'80',923,,33955,1,,,1,22,,33956,1,,,1,62,,33957,1,,,1,22,,33958,1,,,1,22,,33959,1,,,1,62,,33960,1,,,1,22,,33961,1,,,1,22,,33962,1,,,1,62,,33963,1,,,1,22,,33964,1,,,1,62,,33965,1,,,1,22,,33966,1,,,1,22,,33967,1,,,1,62,,33968,1,,,1,22,,33969,1,,,1,22,,33970,1,,,1,62,,33971,1,,,1,22,,33972,1,,,1,22,,33973,1,,,1,62,,33974,1,,,1,22,,33975,1,,,1,62,,33976,1,,,1,22,,33977,1,,,1,22,,33978,1,,,1,62,,33979,1,,,1,22,,33980,1,,,1,21,,33992,1,,,1,63,,33991,1,,,1,23,,33981,1,,,1,63,,33982,1,,,1,23,,33983,1,,,1,23,,33984,1,,,1,63,,33985,1,,,1,23,,33986,1,,,1,23,,33987,1,,,1,63,,33988,1,,,1,23,,33989,1,,,1,63,,33990,1,,,1
