9601,'1',500,,6986,31,,,1,28,,6987,31,,,1,29,,6988,31,,,1,70,,6989,31,,,1,77,,6990,31,,,1,35,,6991,31,,,1,78,,6992,31,,,1,31,,6993,31,,,1,74,,6994,31,,,1,32,,6995,31,,,1,79,,6996,31,,,1,80,,6997,31,,,1,43,,6998,31,,,1,75,,6999,31,,,1,72,,7000,31,,,1,46,,7001,31,,,1,81,,7002,31,,,1,18,,7021,31,,,1,61,,7003,31,,,1,28,,7004,31,,,1,67,,7005,31,,,1,27,,7006,31,,,1,27,,7007,31,,,1,67,,7008,31,,,1,25,,7009,31,,,1,62,,7010,31,,,1,25,,7011,31,,,1,65,,7012,31,,,1,25,,7013,31,,,1,25,,7014,31,,,1,65,,7015,31,,,1,28,,7016,31,,,1,70,,7017,31,,,1,30,,7018,31,,,1,70,,7019,31,,,1,24,,7020,31,,,1
9601,'2',826,,7022,31,,,1,99,,7023,31,,,1,100,,7024,31,,,1,99,,7025,31,,,1,99,,7026,31,,,1,99,,7027,31,,,1,99,,7028,31,,,1,99,,7029,31,,,1,99,,7030,31,,,1,99,,7031,31,,,1,89,,7032,31,,,1,51,,7033,31,,,1,97,,7034,31,,,1
9601,'3',926,,7035,31,,,1,94,,7036,31,,,1,94,,7037,31,,,1,94,,7038,31,,,1,94,,7039,31,,,1,54,,7040,31,,,1,95,,7041,31,,,1,94,,7042,31,,,1,91,,7043,31,,,1,94,,7044,31,,,1,93,,7045,31,,,1,94,,7046,31,,,1
9601,'80',926,,7047,31,,,1,94,,7048,31,,,1,94,,7049,31,,,1,94,,7050,31,,,1,94,,7051,31,,,1,54,,7052,31,,,1,95,,7053,31,,,1,94,,7054,31,,,1,91,,7055,31,,,1,94,,7056,31,,,1,93,,7057,31,,,1,94,,7058,31,,,1
9601,'81',926,,7059,31,,,1,94,,7060,31,,,1,94,,7061,31,,,1,94,,7062,31,,,1,94,,7063,31,,,1,54,,7064,31,,,1,95,,7065,31,,,1,94,,7066,31,,,1,91,,7067,31,,,1,94,,7068,31,,,1,93,,7069,31,,,1,94,,7070,31,,,1
9801,'1',536,,7165,40,,,1,75,,7164,40,,,1,36,,7163,40,,,1,75,,7162,40,,,1,36,,7161,40,,,1,75,,7160,40,,,1,75,,7159,40,,,1,35,,7158,40,,,1,75,,7171,40,,,1,101,,7170,40,,,1,98,,7169,40,,,1,98,,7168,40,,,1,101,,7167,40,,,1,40,,7166,40,,,1,80,,7181,40,,,1,80,,7180,40,,,1,40,,7179,40,,,1,80,,7178,40,,,1,80,,7177,40,,,1,37,,7176,40,,,1,78,,7175,40,,,1,91,,7174,40,,,1,87,,7173,40,,,1,48,,7172,40,,,1
9801,'2',543,,7200,40,,,1,86,,7199,40,,,1,86,,7198,40,,,1,86,,7197,40,,,1,48,,7196,40,,,1,96,,7195,40,,,1,94,,7194,40,,,1,97,,7193,40,,,1,94,,7192,40,,,1,102,,7191,40,,,1,98,,7190,40,,,1,98,,7189,40,,,1,95,,7188,40,,,1,98,,7187,40,,,1,98,,7186,40,,,1,95,,7185,40,,,1,86,,7184,40,,,1,49,,7183,40,,,1,87,,7182,40,,,1
9801,'3',726,,7217,40,,,1,88,,7218,40,,,1,88,,7216,40,,,1,48,,7215,40,,,1,88,,7214,40,,,1,96,,7213,40,,,1,93,,7212,40,,,1,93,,7211,40,,,1,95,,7210,40,,,1,93,,7209,40,,,1,93,,7208,40,,,1,53,,7207,40,,,1,93,,7206,40,,,1,90,,7205,40,,,1,87,,7204,40,,,1,86,,7203,40,,,1,47,,7202,40,,,1,88,,7201,40,,,1
9801,'80',726,,7235,40,,,1,88,,7236,40,,,1,88,,7234,40,,,1,48,,7233,40,,,1,88,,7232,40,,,1,96,,7231,40,,,1,93,,7230,40,,,1,93,,7229,40,,,1,95,,7228,40,,,1,93,,7227,40,,,1,93,,7226,40,,,1,53,,7225,40,,,1,93,,7224,40,,,1,90,,7223,40,,,1,87,,7222,40,,,1,86,,7221,40,,,1,47,,7220,40,,,1,88,,7219,40,,,1
9801,'81',726,,7253,40,,,1,88,,7254,40,,,1,88,,7252,40,,,1,48,,7251,40,,,1,88,,7250,40,,,1,96,,7249,40,,,1,93,,7248,40,,,1,93,,7247,40,,,1,95,,7246,40,,,1,93,,7245,40,,,1,93,,7244,40,,,1,53,,7243,40,,,1,93,,7242,40,,,1,90,,7241,40,,,1,87,,7240,40,,,1,86,,7239,40,,,1,47,,7238,40,,,1,88,,7237,40,,,1
910201,'1',637,,11574,14,,,1,85,,11575,14,,,1,85,,11576,14,,,1,45,,11577,14,,,1
989901,'1',2216,,11627,40,,,1,31,,11628,40,,,1,78,,11629,40,,,1,76,,11630,40,,,1,35,,11631,40,,,1,71,,11632,40,,,1,35,,11633,40,,,1,75,,11634,40,,,1
989901,'2',2222,,11635,40,,,1,91,,11636,40,,,1,43,,11637,40,,,1,91,,11640,40,,,1,85,,11638,40,,,1,86,,11639,40,,,1
989901,'3',2234,,11641,40,,,1,88,,11642,40,,,1,83,,11643,40,,,1,49,,11644,40,,,1,79,,11645,40,,,1,83,,11646,40,,,1
989901,'80',2234,,11647,40,,,1,88,,11648,40,,,1,83,,11649,40,,,1,49,,11650,40,,,1,79,,11651,40,,,1,83,,11652,40,,,1
989901,'81',2234,,11653,40,,,1,88,,11654,40,,,1,83,,11655,40,,,1,49,,11656,40,,,1,79,,11657,40,,,1,83,,11658,40,,,1
