5200,'1',703,,4410,3,,,1,100,,4413,3,,,1,104,,4412,5,,,1,500,,4418,5,,,1,100,,4417,5,,,1,100,,4416,5,,,1,100,,4415,5,,,1,100,,4414,5,,,1
9800,'1',642,,7091,53,,,1,75,,7090,53,,,1,35,,7089,53,,,1,75,,7088,53,,,1,75,,7087,53,,,1,35,,7086,53,,,1,98,,7082,53,,,1,98,,7079,53,,,1,97,,7084,53,,,1,98,,7083,53,,,1,80,,7071,53,,,1,40,,7081,53,,,1,80,,7080,53,,,1,80,,7078,53,,,1,40,,7077,53,,,1,80,,7076,53,,,1,81,,7075,53,,,1,40,,7074,53,,,1,92,,7073,53,,,1,91,,7072,53,,,1,88,,7085,53,,,1
9800,'2',641,,7109,53,,,1,86,,7108,53,,,1,85,,7107,53,,,1,94,,7106,53,,,1,53,,7105,53,,,1,93,,7104,53,,,1,94,,7103,53,,,1,98,,7102,53,,,1,98,,7101,53,,,1,98,,7100,53,,,1,98,,7099,53,,,1,98,,7098,53,,,1,98,,7097,53,,,1,99,,7096,53,,,1,89,,7095,53,,,1,91,,7094,53,,,1,89,,7093,53,,,1,45,,7092,53,,,1
9800,'3',825,,7125,53,,,1,88,,7124,53,,,1,88,,7123,53,,,1,53,,7122,53,,,1,93,,7121,53,,,1,92,,7120,53,,,1,93,,7119,53,,,1,93,,7118,53,,,1,93,,7117,53,,,1,93,,7116,53,,,1,93,,7115,53,,,1,54,,7114,53,,,1,88,,7113,53,,,1,90,,7112,53,,,1,87,,7111,53,,,1,88,,7110,53,,,1
9800,'80',825,,7141,53,,,1,88,,7140,53,,,1,88,,7139,53,,,1,53,,7138,53,,,1,93,,7137,53,,,1,92,,7136,53,,,1,93,,7135,53,,,1,93,,7134,53,,,1,93,,7133,53,,,1,93,,7132,53,,,1,93,,7131,53,,,1,54,,7130,53,,,1,88,,7129,53,,,1,90,,7128,53,,,1,87,,7127,53,,,1,88,,7126,53,,,1
9800,'81',825,,7157,53,,,1,88,,7156,53,,,1,88,,7155,53,,,1,53,,7154,53,,,1,93,,7153,53,,,1,92,,7152,53,,,1,93,,7151,53,,,1,93,,7150,53,,,1,93,,7149,53,,,1,93,,7148,53,,,1,93,,7147,53,,,1,54,,7146,53,,,1,88,,7145,53,,,1,90,,7144,53,,,1,87,,7143,53,,,1,88,,7142,53,,,1
989900,'1',2143,,11580,96,,,1,72,,11581,96,,,1,38,,11582,96,,,1,78,,11583,96,,,1,75,,11584,96,,,1,32,,11585,96,,,1,75,,11586,96,,,1,35,,11587,96,,,1
989900,'2',2148,,11591,96,,,1,94,,11592,96,,,1,84,,11593,96,,,1,91,,11594,96,,,1,86,,11595,96,,,1,46,,11596,96,,,1
989900,'3',2202,,11600,96,,,1,50,,11601,96,,,1,83,,11602,96,,,1,90,,11603,96,,,1,79,,11604,96,,,1,43,,11605,96,,,1
989900,'80',2202,,11609,96,,,1,50,,11610,96,,,1,83,,11611,96,,,1,90,,11612,96,,,1,79,,11613,96,,,1,43,,11614,96,,,1
989900,'81',2202,,11618,96,,,1,50,,11619,96,,,1,83,,11620,96,,,1,90,,11621,96,,,1,79,,11622,96,,,1,43,,11623,96,,,1
