9601,'1',537,,31339,80,,,1,72,,31340,80,,,1,29,,31341,80,,,1,70,,31342,80,,,1,42,,31343,80,,,1,77,,31344,80,,,1,78,,31345,80,,,1,26,,31346,80,,,1,72,,31347,80,,,1,31,,31348,80,,,1,79,,31349,80,,,1,38,,31350,76,,,1,83,,31351,76,,,1,75,,31352,76,,,1,32,,31353,76,,,1,86,,31354,76,,,1,82,,31355,76,,,1,22,,31374,76,,,1,17,,31356,76,,,1,72,,31357,76,,,1,27,,31358,76,,,1,71,,31359,80,,,1,27,,31360,80,,,1,64,,31361,80,,,1,22,,31362,80,,,1,16,,31363,80,,,1,65,,31364,80,,,1,25,,31365,80,,,1,65,,31366,80,,,1,21,,31367,76,,,1,25,,31368,76,,,1,67,,31369,76,,,1,30,,31370,76,,,1,70,,31371,76,,,1,30,,31372,76,,,1,64,,31373,76,,,1
9601,'2',901,,31375,76,,,1,99,,31376,76,,,1,102,,31377,76,,,1,99,,31378,76,,,1,99,,31379,76,,,1,56,,31380,76,,,1,99,,31381,76,,,1,99,,31382,76,,,1,99,,31383,76,,,1,99,,31384,76,,,1,88,,31385,76,,,1,90,,31386,76,,,1,97,,31387,76,,,1
9601,'3',1001,,31388,76,,,1,54,,31389,76,,,1,94,,31390,76,,,1,94,,31391,76,,,1,94,,31392,76,,,1,94,,31393,76,,,1,96,,31394,76,,,1,94,,31395,76,,,1,88,,31396,76,,,1,94,,31397,76,,,1,52,,31398,76,,,1,94,,31399,76,,,1
9601,'74',901,,31400,76,,,1,99,,31401,76,,,1,102,,31402,76,,,1,99,,31403,76,,,1,99,,31404,76,,,1,56,,31405,76,,,1,99,,31406,76,,,1,99,,31407,76,,,1,99,,31408,76,,,1,99,,31409,76,,,1,88,,31410,76,,,1,90,,31411,76,,,1,97,,31412,76,,,1
9601,'80',1001,,31413,76,,,1,54,,31414,76,,,1,94,,31415,76,,,1,94,,31416,76,,,1,94,,31417,76,,,1,94,,31418,76,,,1,96,,31419,76,,,1,94,,31420,76,,,1,88,,31421,76,,,1,94,,31422,76,,,1,52,,31423,76,,,1,94,,31424,76,,,1
10701,'1',530,,32420,23,,,1,24,,32419,23,,,1,68,,32418,23,,,1,24,,32417,23,,,1,64,,32416,23,,,1,18,,32415,23,,,1,20,,32414,23,,,1,52,,32413,23,,,1,21,,32412,23,,,1,16,,32411,23,,,1,16,,32410,23,,,1,50,,32409,23,,,1,43,,32398,23,,,1,80,,32405,23,,,1,82,,32404,23,,,1,42,,32403,23,,,1,82,,32402,23,,,1,87,,32401,23,,,1,82,,32400,23,,,1,28,,32408,23,,,1,14,,32399,23,,,1,63,,32397,23,,,1,19,,32396,23,,,1,18,,32395,23,,,1,58,,32394,23,,,1,22,,32393,23,,,1,18,,32392,23,,,1,18,,32391,23,,,1,63,,32390,23,,,1,18,,32389,23,,,1,18,,32388,23,,,1,55,,32387,23,,,1,17,,32386,23,,,1,18,,32434,23,,,1,66,,32433,23,,,1,18,,32421,23,,,1,78,,32435,23,,,1,41,,32432,23,,,1,75,,32431,23,,,1,78,,32430,23,,,1,32,,32429,23,,,1,74,,32428,23,,,1,34,,32427,23,,,1,74,,32426,23,,,1,34,,32425,23,,,1,74,,32424,23,,,1,74,,32423,23,,,1,34,,32422,23,,,1
10701,'2',705,,32463,23,,,1,39,,32464,23,,,1,77,,32465,23,,,1,37,,32466,23,,,1,77,,32467,23,,,1,77,,32468,23,,,1,37,,32469,23,,,1,77,,32470,23,,,1,77,,32471,23,,,1,37,,32472,23,,,1,76,,32440,23,,,1,37,,32441,23,,,1,76,,32443,23,,,1,77,,32444,23,,,1,37,,32445,23,,,1,77,,32446,23,,,1,35,,32447,23,,,1,77,,32448,23,,,1,77,,32449,23,,,1,37,,32450,23,,,1,77,,32451,23,,,1,77,,32452,23,,,1,37,,32453,23,,,1,77,,32454,23,,,1,37,,32455,23,,,1,77,,32442,23,,,1,77,,32456,23,,,1,37,,32457,23,,,1,77,,32458,23,,,1,37,,32459,23,,,1,76,,32439,23,,,1,75,,32460,23,,,1
10701,'3',744,,32485,23,,,1,77,,32486,23,,,1,34,,32487,23,,,1,77,,32488,23,,,1,78,,32489,23,,,1,37,,32490,23,,,1,77,,32484,23,,,1,77,,32491,23,,,1,37,,32492,23,,,1,77,,32493,23,,,1,37,,32494,23,,,1,76,,32495,23,,,1,75,,32496,23,,,1,37,,32497,23,,,1,77,,32498,23,,,1,37,,32500,23,,,1,77,,32501,23,,,1,77,,32499,23,,,1,37,,32481,23,,,1,77,,32502,23,,,1,37,,32503,23,,,1,77,,32504,23,,,1,77,,32505,23,,,1,37,,32473,23,,,1,77,,32474,23,,,1,77,,32475,23,,,1,37,,32476,23,,,1,77,,32477,23,,,1,36,,32478,23,,,1,77,,32479,23,,,1,77,,32480,23,,,1
10701,'74',705,,32530,23,,,1,39,,32531,23,,,1,77,,32532,23,,,1,37,,32533,23,,,1,77,,32534,23,,,1,77,,32535,23,,,1,37,,32536,23,,,1,77,,32537,23,,,1,77,,32538,23,,,1,37,,32539,23,,,1,76,,32507,23,,,1,37,,32508,23,,,1,76,,32510,23,,,1,77,,32511,23,,,1,37,,32512,23,,,1,77,,32513,23,,,1,35,,32514,23,,,1,77,,32515,23,,,1,77,,32516,23,,,1,37,,32517,23,,,1,77,,32518,23,,,1,77,,32519,23,,,1,37,,32520,23,,,1,77,,32521,23,,,1,37,,32522,23,,,1,77,,32509,23,,,1,77,,32523,23,,,1,37,,32524,23,,,1,77,,32525,23,,,1,37,,32526,23,,,1,76,,32506,23,,,1,75,,32527,23,,,1
10701,'80',744,,32552,23,,,1,77,,32553,23,,,1,34,,32554,23,,,1,77,,32555,23,,,1,78,,32556,23,,,1,37,,32557,23,,,1,77,,32551,23,,,1,77,,32558,23,,,1,37,,32559,23,,,1,77,,32560,23,,,1,37,,32561,23,,,1,76,,32562,23,,,1,75,,32563,23,,,1,37,,32564,23,,,1,77,,32565,23,,,1,37,,32567,23,,,1,77,,32568,23,,,1,77,,32566,23,,,1,37,,32548,23,,,1,77,,32569,23,,,1,37,,32570,23,,,1,77,,32571,23,,,1,77,,32572,23,,,1,37,,32540,23,,,1,77,,32541,23,,,1,77,,32542,23,,,1,37,,32543,23,,,1,77,,32544,23,,,1,36,,32545,23,,,1,77,,32546,23,,,1,77,,32547,23,,,1
