9800,'1',603,,31445,1,,,1,35,,31444,1,,,1,72,,31443,1,,,1,35,,31442,1,,,1,75,,31441,1,,,1,35,,31440,1,,,1,98,,31436,1,,,1,98,,31433,1,,,1,94,,31438,1,,,1,98,,31437,1,,,1,80,,31425,1,,,1,35,,31435,1,,,1,80,,31434,1,,,1,80,,31432,1,,,1,40,,31431,1,,,1,80,,31430,1,,,1,87,,31429,1,,,1,80,,31428,1,,,1,96,,31427,1,,,1,51,,31426,1,,,1,91,,31439,1,,,1
9800,'2',604,,31463,1,,,1,46,,31462,1,,,1,84,,31461,1,,,1,94,,31460,1,,,1,91,,31459,1,,,1,89,,31458,1,,,1,94,,31457,1,,,1,98,,31456,1,,,1,58,,31455,1,,,1,95,,31454,1,,,1,98,,31453,1,,,1,98,,31452,1,,,1,102,,31451,1,,,1,103,,31450,1,,,1,89,,31449,1,,,1,93,,31448,1,,,1,89,,31447,1,,,1,85,,31446,1,,,1
9800,'3',749,,31479,1,,,1,88,,31478,1,,,1,88,,31477,1,,,1,90,,31476,1,,,1,93,,31475,1,,,1,48,,31474,1,,,1,93,,31473,1,,,1,93,,31472,1,,,1,93,,31471,1,,,1,93,,31470,1,,,1,93,,31469,1,,,1,99,,31468,1,,,1,88,,31467,1,,,1,92,,31466,1,,,1,47,,31465,1,,,1,88,,31464,1,,,1
9800,'74',604,,31497,1,,,1,46,,31496,1,,,1,84,,31495,1,,,1,94,,31494,1,,,1,91,,31493,1,,,1,89,,31492,1,,,1,94,,31491,1,,,1,98,,31490,1,,,1,58,,31489,1,,,1,95,,31488,1,,,1,98,,31487,1,,,1,98,,31486,1,,,1,102,,31485,1,,,1,103,,31484,1,,,1,89,,31483,1,,,1,93,,31482,1,,,1,89,,31481,1,,,1,85,,31480,1,,,1
9800,'80',749,,31513,1,,,1,88,,31512,1,,,1,88,,31511,1,,,1,90,,31510,1,,,1,93,,31509,1,,,1,48,,31508,1,,,1,93,,31507,1,,,1,93,,31506,1,,,1,93,,31505,1,,,1,93,,31504,1,,,1,93,,31503,1,,,1,99,,31502,1,,,1,88,,31501,1,,,1,92,,31500,1,,,1,47,,31499,1,,,1,88,,31498,1,,,1
9801,'1',548,,31521,56,4,,1,75,,31520,56,4,,1,78,,31519,56,4,,1,35,,31518,56,4,,1,77,,31517,56,4,,1,35,,31516,56,4,,1,75,,31515,56,4,,1,35,,31514,56,4,,1,75,,31525,56,4,,1,101,,31524,56,4,,1,98,,31523,56,4,,1,98,,31522,56,4,,1,102,,31537,56,4,,1,80,,31536,56,4,,1,40,,31535,56,4,,1,80,,31534,56,4,,1,80,,31533,56,4,,1,40,,31532,56,4,,1,80,,31531,56,4,,1,76,,31530,56,4,,1,37,,31529,56,4,,1,91,,31528,56,4,,1,86,,31527,56,4,,1,88,,31526,56,4,,1
9801,'2',554,,31556,56,4,,1,86,,31555,56,4,,1,86,,31554,56,4,,1,86,,31553,56,4,,1,89,,31552,56,4,,1,57,,31551,56,4,,1,94,,31550,56,4,,1,98,,31549,56,4,,1,94,,31548,56,4,,1,103,,31547,56,4,,1,98,,31546,56,4,,1,98,,31545,56,4,,1,95,,31544,56,4,,1,98,,31543,56,4,,1,98,,31542,56,4,,1,93,,31541,56,4,,1,85,,31540,56,4,,1,89,,31539,56,4,,1,47,,31538,56,4,,1
9801,'3',737,,31573,56,4,,1,88,,31574,56,4,,1,91,,31572,56,4,,1,88,,31571,56,4,,1,48,,31570,56,4,,1,96,,31569,56,4,,1,93,,31568,56,4,,1,93,,31567,56,4,,1,95,,31566,56,4,,1,93,,31565,56,4,,1,93,,31564,56,4,,1,93,,31563,56,4,,1,93,,31562,56,4,,1,50,,31561,56,4,,1,85,,31560,56,4,,1,86,,31559,56,4,,1,87,,31558,56,4,,1,48,,31557,56,4,,1
9801,'74',554,,31593,56,4,,1,86,,31592,56,4,,1,86,,31591,56,4,,1,86,,31590,56,4,,1,89,,31589,56,4,,1,57,,31588,56,4,,1,94,,31587,56,4,,1,98,,31586,56,4,,1,94,,31585,56,4,,1,103,,31584,56,4,,1,98,,31583,56,4,,1,98,,31582,56,4,,1,95,,31581,56,4,,1,98,,31580,56,4,,1,98,,31579,56,4,,1,93,,31578,56,4,,1,85,,31577,56,4,,1,89,,31576,56,4,,1,47,,31575,56,4,,1
9801,'80',737,,31610,56,4,,1,88,,31611,56,4,,1,91,,31609,56,4,,1,88,,31608,56,4,,1,48,,31607,56,4,,1,96,,31606,56,4,,1,93,,31605,56,4,,1,93,,31604,56,4,,1,95,,31603,56,4,,1,93,,31602,56,4,,1,93,,31601,56,4,,1,93,,31600,56,4,,1,93,,31599,56,4,,1,50,,31598,56,4,,1,85,,31597,56,4,,1,86,,31596,56,4,,1,87,,31595,56,4,,1,48,,31594,56,4,,1
