'145.0.2',700,80200,,'',1,11900,,'',1,11900,,'',1,11900,,'',1,15900,,'',1,11900,,'',1,11900,,'',1,15900,,'',1,11900,,'',1,11100,,'',1,11100,,'',1,15100,,'',1
'145.0.2',701,91200,4,'',1,11900,4,'',1,11900,4,'',1,16300,4,'',1,11900,4,'',1,11900,4,'',1,15900,4,'',1,11700,4,'',1,11300,4,'',1,11100,4,'',1,15100,4,'',1
'145.0.3',700,80000,,'',1,11900,,'',1,11900,,'',1,11900,,'',1,15900,,'',1,11900,,'',1,11900,,'',1,15900,,'',1,11900,,'',1,11900,,'',1
'145.0.3',701,90800,4,'',1,11900,4,'',1,11900,4,'',1,16500,4,'',1,11900,4,'',1,11900,4,'',1,15900,4,'',1,11700,4,'',1,11400,4,'',1
'145.0.74',700,80200,,'',1,11900,,'',1,11900,,'',1,11900,,'',1,15900,,'',1,11900,,'',1,11900,,'',1,15900,,'',1,11900,,'',1,11100,,'',1,11100,,'',1,15100,,'',1
'145.0.74',701,91200,4,'',1,11900,4,'',1,11900,4,'',1,16300,4,'',1,11900,4,'',1,11900,4,'',1,15900,4,'',1,11700,4,'',1,11300,4,'',1,11100,4,'',1,15100,4,'',1
'145.0.75',700,80200,,'',1,11900,,'',1,11900,,'',1,11900,,'',1,15900,,'',1,11900,,'',1,11900,,'',1,15900,,'',1,11900,,'',1,11100,,'',1,11100,,'',1,15100,,'',1
'145.0.75',701,91200,4,'',1,11900,4,'',1,11900,4,'',1,16300,4,'',1,11900,4,'',1,11900,4,'',1,15900,4,'',1,11700,4,'',1,11300,4,'',1,11100,4,'',1,15100,4,'',1
'145.0.80',700,80000,,'',1,11900,,'',1,11900,,'',1,11900,,'',1,15900,,'',1,11900,,'',1,11900,,'',1,15900,,'',1,11900,,'',1,11900,,'',1
'145.0.80',701,90800,4,'',1,11900,4,'',1,11900,4,'',1,16500,4,'',1,11900,4,'',1,11900,4,'',1,15900,4,'',1,11700,4,'',1,11400,4,'',1
'145.0.1',1200,53800,,'',1,7000,,'',1,3400,,'',1,7500,,'',1,3500,,'',1,7500,,'',1,59200,,'',1,8100,,'',1,4100,,'',1,8100,,'',1,8100,,'',1,4100,,'',1,7200,,'',1
'145.0.1',1201,53200,4,'',1,7000,4,'',1,3000,4,'',1,8000,4,'',1,3500,4,'',1,7500,4,'',1,3500,4,'',1,67300,4,'',1,8600,4,'',1,4100,4,'',1,8100,4,'',1,7200,4,'',1,3200,4,'',1,7200,4,'',1
'145.0.1',1300,63100,,'',1,7100,,'',1,3100,,'',1,7100,,'',1,3100,,'',1,7100,,'',1,9800,,'',1,9700,,'',1,5700,,'',1,9700,,'',1,9700,,'',1,7300,,'',1,3300,,'',1,7300,,'',1,7300,,'',1,3300,,'',1,7300,,'',1,2500,,'',1,7600,,'',1,3300,,'',1,7300,,'',1,2600,,'',1,9000,,'',1,9000,,'',1,9000,,'',1
'145.0.1',1301,65300,4,'',1,7100,4,'',1,3100,4,'',1,7100,4,'',1,3100,4,'',1,7100,4,'',1,3100,4,'',1,9400,4,'',1,9700,4,'',1,9700,4,'',1,9700,4,'',1,9700,4,'',1,7300,4,'',1,3300,4,'',1,7300,4,'',1,3300,4,'',1,7300,4,'',1,7600,4,'',1,3300,4,'',1,7300,4,'',1,2700,4,'',1,9000,4,'',1,9000,4,'',1,9000,4,'',1
