800,'1',552,,1702,,,1,55,,1717,,,1,16,,1705,,,1,16,,1706,,,1,17,,1707,,,1,56,,1708,,,1,16,,1709,,,1,18,,1710,,,1,56,,1711,,,1,16,,1712,,,1,16,,1713,,,1,16,,1714,,,1,56,,1715,,,1,16,,1716,,,1,17,,1728,,,1,68,,1718,,,1,28,,1719,,,1,68,,1720,,,1,28,,1721,,,1,28,,1722,,,1,68,,1723,,,1,28,,1724,,,1,68,,1725,,,1,28,,1726,,,1,68,,1727,,,1,16,,1751,,,1,16,,1746,,,1,58,,1747,,,1,16,,1748,,,1,16,,1749,,,1,18,,1729,,,1,53,,1750,,,1,16,,1730,,,1,16,,1731,,,1,57,,1732,,,1,16,,1733,,,1,16,,1734,,,1,16,,1735,,,1,56,,1736,,,1,16,,1737,,,1,14,,1738,,,1,16,,1739,,,1,55,,1740,,,1,16,,1741,,,1,16,,1742,,,1,16,,1743,,,1,56,,1744,,,1,25,,1745,,,1,65,,1752,,,1,25,,1753,,,1,25,,1754,,,1,65,,1755,,,1,25,,1758,,,1,65,,1759,,,1,25,,1760,,,1,25,,1761,,,1,65,,1762,,,1
800,'2',815,,1763,,,1,28,,1764,,,1,68,,1765,,,1,28,,1766,,,1,68,,1767,,,1,31,,1768,,,1,68,,1769,,,1,28,,1770,,,1,68,,1771,,,1,28,,1772,,,1,28,,1773,,,1,68,,1774,,,1,28,,1775,,,1,68,,1776,,,1,28,,1777,,,1,68,,1778,,,1,28,,1779,,,1,68,,1780,,,1,28,,1781,,,1,68,,1782,,,1,28,,1783,,,1,68,,1784,,,1,27,,1785,,,1,68,,1786,,,1,28,,1787,,,1,28,,1788,,,1,68,,1789,,,1,28,,1790,,,1,68,,1791,,,1,30,,1792,,,1,70,,1793,,,1,30,,1794,,,1,70,,1795,,,1,30,,1796,,,1,70,,1797,,,1
800,'3',809,,1798,,,1,96,,1799,,,1,27,,1800,,,1,27,,1801,,,1,65,,1802,,,1,27,,1803,,,1,67,,1804,,,1,27,,1805,,,1,67,,1806,,,1,27,,1807,,,1,67,,1808,,,1,29,,1809,,,1,67,,1810,,,1,26,,1811,,,1,27,,1812,,,1,67,,1813,,,1,27,,1814,,,1,67,,1815,,,1,27,,1816,,,1,67,,1817,,,1,27,,1818,,,1,66,,1819,,,1,27,,1820,,,1,27,,1821,,,1,94,,1822,,,1,153,,1823,,,1
800,'80',809,,1824,,,1,96,,1825,,,1,27,,1826,,,1,27,,1827,,,1,65,,1828,,,1,27,,1829,,,1,67,,1830,,,1,27,,1831,,,1,67,,1832,,,1,27,,1833,,,1,67,,1834,,,1,29,,1835,,,1,67,,1836,,,1,26,,1837,,,1,27,,1838,,,1,67,,1839,,,1,27,,1840,,,1,67,,1841,,,1,27,,1842,,,1,67,,1843,,,1,27,,1844,,,1,66,,1845,,,1,27,,1846,,,1,27,,1847,,,1,94,,1848,,,1,153,,1849,,,1
800,'81',809,,1850,,,1,96,,1851,,,1,27,,1852,,,1,27,,1853,,,1,65,,1854,,,1,27,,1855,,,1,67,,1856,,,1,27,,1857,,,1,67,,1858,,,1,27,,1859,,,1,67,,1860,,,1,29,,1861,,,1,67,,1862,,,1,26,,1863,,,1,27,,1864,,,1,67,,1865,,,1,27,,1866,,,1,67,,1867,,,1,27,,1868,,,1,67,,1869,,,1,27,,1870,,,1,66,,1871,,,1,27,,1872,,,1,27,,1873,,,1,94,,1874,,,1,153,,1875,,,1
801,'1',514,,1877,0,19 20,1,15,,1878,0,19 20,1,16,,1876,0,19 20,1,56,,1879,0,19 20,1,16,,1880,0,19 20,1,16,,1881,0,19 20,1,16,,1882,0,19 20,1,56,,1883,0,19 20,1,16,,1884,0,19 20,1,14,,1929,0,19 20,1,5,,1885,0,19 20,1,16,,1886,0,19 20,1,56,,1887,0,19 20,1,19,,1888,0,19 20,1,15,,1889,,,1,12,,1890,0,19 20,1,68,,1891,0,19 20,1,28,,1892,0,19 20,1,68,,1893,0,19 20,1,28,,1894,0,19 20,1,68,,1895,0,19 20,1,28,,1896,0,19 20,1,68,,1897,0,19 20,1,28,,1898,0,19 20,1,68,,1899,0,19 20,1,28,,1900,0,19 20,1,16,,1930,0,19 20,1,52,,1901,0,19 20,1,17,,1931,0,19 20,1,11,,1902,0,19 20,1,21,,1903,0,19 20,1,56,,1904,0,19 20,1,16,,1905,0,19 20,1,16,,1906,0,19 20,1,16,,1907,0,19 20,1,56,,1908,0,19 20,1,16,,1909,0,19 20,1,16,,1910,0,19 20,1,56,,1911,0,19 20,1,15,,1912,0,19 20,1,16,,1913,0,19 20,1,16,,1914,0,19 20,1,56,,1915,0,19 20,1,16,,1916,0,19 20,1,16,,1917,0,19 20,1,15,,1918,0,19 20,1,56,,1919,0,19 20,1,16,,1920,0,19 20,1,16,,1921,,,1,16,,1922,0,19 20,1,65,,1923,0,19 20,1,25,,1928,0,19 20,1,65,,1924,0,19 20,1,25,,1925,0,19 20,1,65,,1926,0,19 20,1,25,,1927,0,19 20,1,25,,1932,0,19 20,1,65,,1933,0,19 20,1,25,,1934,0,19 20,1,65,,1935,,,1
801,'2',736,,1937,0,19 20,1,68,,1936,0,19 20,1,14,,1969,0,19 20,1,33,,1938,0,19 20,1,68,,1939,0,19 20,1,28,,1940,0,19 20,1,68,,1941,0,19 20,1,28,,1942,0,19 20,1,73,,1943,0,19 20,1,28,,1944,0,19 20,1,68,,1945,0,19 20,1,28,,1946,0,19 20,1,68,,1947,0,19 20,1,28,,1948,0,19 20,1,68,,1949,0,19 20,1,28,,1950,0,19 20,1,68,,1951,0,19 20,1,28,,1952,0,19 20,1,28,,1953,0,19 20,1,68,,1954,0,19 20,1,28,,1955,0,19 20,1,68,,1956,0,19 20,1,28,,1957,0,19 20,1,69,,1958,0,19 20,1,28,,1959,0,19 20,1,68,,1960,0,19 20,1,28,,1961,0,19 20,1,68,,1962,0,19 20,1,28,,1963,0,19 20,1,68,,1964,0,19 20,1,28,,1965,0,19 20,1,68,,1966,0,19 20,1,28,,1967,0,19 20,1,29,,1968,0,19 20,1,70,,1970,0,19 20,1,30,,1971,0,19 20,1
801,'3',731,,1972,0,19 20,1,94,,1990,0,19 20,1,20,,1973,0,19 20,1,73,,1991,0,19 20,1,24,,1974,0,19 20,1,67,,1975,0,19 20,1,28,,1976,0,19 20,1,67,,1977,0,19 20,1,27,,1978,0,19 20,1,27,,1979,0,19 20,1,67,,1980,0,19 20,1,27,,1981,0,19 20,1,65,,1982,0,19 20,1,27,,1983,0,19 20,1,68,,1984,0,19 20,1,27,,1985,0,19 20,1,66,,1986,0,19 20,1,27,,1987,0,19 20,1,27,,1988,0,19 20,1,67,,1989,0,19 20,1,27,,1992,0,19 20,1,67,,1993,0,19 20,1,27,,1994,0,19 20,1,67,,1995,0,19 20,1,27,,1996,,,1,67,,1997,0,19 20,1,27,,1998,,,1,91,,1999,0,19 20,1,113,,2000,,,1
801,'80',731,,2001,0,19 20,1,94,,2028,0,19 20,1,20,,2002,0,19 20,1,73,,2029,0,19 20,1,24,,2003,0,19 20,1,67,,2004,0,19 20,1,28,,2005,0,19 20,1,67,,2006,0,19 20,1,27,,2007,0,19 20,1,27,,2008,0,19 20,1,67,,2009,0,19 20,1,27,,2010,0,19 20,1,65,,2011,0,19 20,1,27,,2012,0,19 20,1,68,,2013,0,19 20,1,27,,2014,0,19 20,1,66,,2015,0,19 20,1,27,,2016,0,19 20,1,27,,2017,0,19 20,1,67,,2018,0,19 20,1,27,,2019,0,19 20,1,67,,2020,0,19 20,1,27,,2021,0,19 20,1,67,,2022,0,19 20,1,27,,2023,,,1,67,,2024,0,19 20,1,27,,2025,,,1,91,,2026,0,19 20,1,113,,2027,,,1
801,'81',731,,2030,0,19 20,1,94,,2057,0,19 20,1,20,,2031,0,19 20,1,73,,2058,0,19 20,1,24,,2032,0,19 20,1,67,,2033,0,19 20,1,28,,2034,0,19 20,1,67,,2035,0,19 20,1,27,,2036,0,19 20,1,27,,2037,0,19 20,1,67,,2038,0,19 20,1,27,,2039,0,19 20,1,65,,2040,0,19 20,1,27,,2041,0,19 20,1,68,,2042,0,19 20,1,27,,2043,0,19 20,1,66,,2044,0,19 20,1,27,,2045,0,19 20,1,27,,2046,0,19 20,1,67,,2047,0,19 20,1,27,,2048,0,19 20,1,67,,2049,0,19 20,1,27,,2050,0,19 20,1,67,,2051,0,19 20,1,27,,2052,,,1,67,,2053,0,19 20,1,27,,2054,,,1,91,,2055,0,19 20,1,113,,2056,,,1
