16500,'1',550,,8209,1,,,1,55,,8210,1,,,1,15,,8211,1,,,1,15,,8212,1,,,1,15,,8213,1,,,1,54,,8214,1,,,1,14,,8215,1,,,1,14,,8216,1,,,1,14,,8217,1,,,1,54,,8218,1,,,1,14,,8219,1,,,1,14,,8220,1,,,1,14,,8221,1,,,1,14,,8222,1,,,1,54,,8223,1,,,1,14,,8224,1,,,1,14,,8225,1,,,1,14,,8226,1,,,1,72,,8227,1,,,1,32,,8228,1,,,1,72,,8229,1,,,1,72,,8230,1,,,1,32,,8231,1,,,1,72,,8232,1,,,1,32,,8233,1,,,1,16,,8261,1,,,1,56,,8262,1,,,1,14,,8263,1,,,1,14,,8264,1,,,1,14,,8265,1,,,1,54,,8266,1,,,1,14,,8267,1,,,1,17,,8234,1,,,1,16,,8235,1,,,1,56,,8236,1,,,1,16,,8237,1,,,1,16,,8238,1,,,1,16,,8239,1,,,1,56,,8240,1,,,1,16,,8241,1,,,1,16,,8242,1,,,1,15,,8243,1,,,1,54,,8244,1,,,1,13,,8245,1,,,1,15,,8246,1,,,1,11,,8247,1,,,1,53,,8248,1,,,1,13,,8249,1,,,1,13,,8250,1,,,1,13,,8251,1,,,1,13,,8252,1,,,1,66,,8253,1,,,1,28,,8254,1,,,1,67,,8255,1,,,1,25,,8256,1,,,1,81,,8257,1,,,1,79,,8258,1,,,1,39,,8259,1,,,1,79,,8260,1,,,1
16500,'2',608,,8268,1,,,1,38,,8269,1,,,1,78,,8270,1,,,1,76,,8271,1,,,1,25,,8282,1,,,1,25,,8283,1,,,1,65,,8284,1,,,1,25,,8285,1,,,1,65,,8286,1,,,1,25,,8287,1,,,1,25,,8288,1,,,1,68,,8289,1,,,1,28,,8290,1,,,1,68,,8291,1,,,1,31,,8292,1,,,1,71,,8293,1,,,1,31,,8294,1,,,1,71,,8295,1,,,1,31,,8296,1,,,1,71,,8297,1,,,1,31,,8298,1,,,1,71,,8299,1,,,1,31,,8300,1,,,1,71,,8301,1,,,1,85,,8302,1,,,1,86,,8272,1,,,1,38,,8273,1,,,1,78,,8274,1,,,1,38,,8275,1,,,1,78,,8276,1,,,1,78,,8277,1,,,1,38,,8278,1,,,1,76,,8279,1,,,1,76,,8280,1,,,1,33,,8281,1,,,1
16500,'3',749,,8303,1,,,1,77,,8304,1,,,1,77,,8305,1,,,1,37,,8306,1,,,1,77,,8307,1,,,1,37,,8308,1,,,1,77,,8309,1,,,1,77,,8310,1,,,1,37,,8311,1,,,1,77,,8312,1,,,1,37,,8313,1,,,1,77,,8314,1,,,1,81,,8315,1,,,1,41,,8316,1,,,1,81,,8317,1,,,1,81,,8318,1,,,1,81,,8319,1,,,1,41,,8320,1,,,1,81,,8321,1,,,1,81,,8322,1,,,1,39,,8323,1,,,1,76,,8324,1,,,1,34,,8325,1,,,1,74,,8326,1,,,1,74,,8327,1,,,1,34,,8328,1,,,1,74,,8329,1,,,1
16500,'80',749,,8330,1,,,1,77,,8331,1,,,1,77,,8332,1,,,1,37,,8333,1,,,1,77,,8334,1,,,1,37,,8335,1,,,1,77,,8336,1,,,1,77,,8337,1,,,1,37,,8338,1,,,1,77,,8339,1,,,1,37,,8340,1,,,1,77,,8341,1,,,1,81,,8342,1,,,1,41,,8343,1,,,1,81,,8344,1,,,1,81,,8345,1,,,1,81,,8346,1,,,1,41,,8347,1,,,1,81,,8348,1,,,1,81,,8349,1,,,1,39,,8350,1,,,1,76,,8351,1,,,1,34,,8352,1,,,1,74,,8353,1,,,1,74,,8354,1,,,1,34,,8355,1,,,1,74,,8356,1,,,1
16500,'81',749,,8357,1,,,1,77,,8358,1,,,1,77,,8359,1,,,1,37,,8360,1,,,1,77,,8361,1,,,1,37,,8362,1,,,1,77,,8363,1,,,1,77,,8364,1,,,1,37,,8365,1,,,1,77,,8366,1,,,1,37,,8367,1,,,1,77,,8368,1,,,1,81,,8369,1,,,1,41,,8370,1,,,1,81,,8371,1,,,1,81,,8372,1,,,1,81,,8373,1,,,1,41,,8374,1,,,1,81,,8375,1,,,1,81,,8376,1,,,1,39,,8377,1,,,1,76,,8378,1,,,1,34,,8379,1,,,1,74,,8380,1,,,1,74,,8381,1,,,1,34,,8382,1,,,1,74,,8383,1,,,1
16501,'1',540,,8391,33,4,,1,15,,8390,33,4,,1,55,,8389,33,4,,1,15,,8388,33,4,,1,15,,8387,33,4,,1,15,,8386,33,4,,1,55,,8384,33,4,,1,17,,8385,33,4,,1,23,,8404,33,4,,1,54,,8403,33,4,,1,14,,8402,33,4,,1,16,,8392,33,4,,1,14,,8393,33,4,,1,54,,8394,33,4,,1,11,,8395,33,4,,1,14,,8396,33,4,,1,14,,8397,33,4,,1,10,,8398,33,4,,1,54,,8399,33,4,,1,14,,8400,33,4,,1,14,,8401,33,4,,1,12,,8411,33,4,,1,72,,8410,33,4,,1,35,,8405,33,4,,1,72,,8406,33,4,,1,32,,8407,33,4,,1,74,,8408,33,4,,1,72,,8409,33,4,,1,37,,8413,33,4,,1,67,,8412,33,4,,1,18,,8437,33,4,,1,18,,8438,33,4,,1,60,,8439,33,4,,1,14,,8440,33,4,,1,14,,8441,33,4,,1,14,,8442,33,4,,1,57,,8443,33,4,,1,17,,8414,33,4,,1,18,,8415,33,4,,1,16,,8416,33,4,,1,52,,8417,33,4,,1,16,,8418,33,4,,1,15,,8419,33,4,,1,10,,8428,33,4,,1,11,,8427,33,4,,1,54,,8426,33,4,,1,15,,8425,33,4,,1,10,,8420,33,4,,1,13,,8421,33,4,,1,53,,8422,33,4,,1,11,,8423,33,4,,1,13,,8424,33,4,,1,20,,8433,33,4,,1,66,,8432,33,4,,1,26,,8429,33,4,,1,68,,8430,33,4,,1,27,,8431,33,4,,1,25,,8436,33,4,,1,74,,8434,33,4,,1,79,,8435,33,4,,1
16501,'2',711,,8444,33,4,,1,39,,8445,33,4,,1,81,,8446,33,4,,1,78,,8447,33,4,,1,23,,8456,33,4,,1,25,,8457,33,4,,1,68,,8458,33,4,,1,25,,8459,33,4,,1,65,,8460,33,4,,1,25,,8461,33,4,,1,68,,8462,33,4,,1,33,,8463,33,4,,1,68,,8464,33,4,,1,28,,8465,33,4,,1,77,,8466,33,4,,1,31,,8467,33,4,,1,74,,8468,33,4,,1,31,,8469,33,4,,1,71,,8470,33,4,,1,31,,8471,33,4,,1,71,,8472,33,4,,1,31,,8473,33,4,,1,68,,8474,33,4,,1,31,,8475,33,4,,1,80,,8476,33,4,,1,78,,8453,33,4,,1,38,,8448,33,4,,1,76,,8449,33,4,,1,78,,8450,33,4,,1,38,,8451,33,4,,1,78,,8452,33,4,,1,36,,8455,33,4,,1,70,,8454,33,4,,1
16501,'3',854,,8477,33,4,,1,77,,8478,33,4,,1,77,,8479,33,4,,1,37,,8480,33,4,,1,77,,8481,33,4,,1,37,,8482,33,4,,1,77,,8483,33,4,,1,80,,8484,33,4,,1,37,,8485,33,4,,1,77,,8486,33,4,,1,77,,8487,33,4,,1,37,,8488,33,4,,1,89,,8489,33,4,,1,81,,8490,33,4,,1,39,,8491,33,4,,1,81,,8492,33,4,,1,79,,8493,33,4,,1,41,,8494,33,4,,1,81,,8495,33,4,,1,79,,8496,33,4,,1,34,,8497,33,4,,1,74,,8498,33,4,,1,34,,8499,33,4,,1,74,,8500,33,4,,1,74,,8501,33,4,,1
16501,'80',854,,8502,33,4,,1,77,,8503,33,4,,1,77,,8504,33,4,,1,37,,8505,33,4,,1,77,,8506,33,4,,1,37,,8507,33,4,,1,77,,8508,33,4,,1,80,,8509,33,4,,1,37,,8510,33,4,,1,77,,8511,33,4,,1,77,,8512,33,4,,1,37,,8513,33,4,,1,89,,8514,33,4,,1,81,,8515,33,4,,1,39,,8516,33,4,,1,81,,8517,33,4,,1,79,,8518,33,4,,1,41,,8519,33,4,,1,81,,8520,33,4,,1,79,,8521,33,4,,1,34,,8522,33,4,,1,74,,8523,33,4,,1,34,,8524,33,4,,1,74,,8525,33,4,,1,74,,8526,33,4,,1
16501,'81',854,,8527,33,4,,1,77,,8528,33,4,,1,77,,8529,33,4,,1,37,,8530,33,4,,1,77,,8531,33,4,,1,37,,8532,33,4,,1,77,,8533,33,4,,1,80,,8534,33,4,,1,37,,8535,33,4,,1,77,,8536,33,4,,1,77,,8537,33,4,,1,37,,8538,33,4,,1,89,,8539,33,4,,1,81,,8540,33,4,,1,39,,8541,33,4,,1,81,,8542,33,4,,1,79,,8543,33,4,,1,41,,8544,33,4,,1,81,,8545,33,4,,1,79,,8546,33,4,,1,34,,8547,33,4,,1,74,,8548,33,4,,1,34,,8549,33,4,,1,74,,8550,33,4,,1,74,,8551,33,4,,1
