10700,'152.0.1',511,,7861,4,,1,24,,7860,4,,1,24,,7859,4,,1,64,,7858,4,,1,22,,7857,4,,1,56,,7856,4,,1,21,,7855,4,,1,11,,7854,4,,1,17,,7853,4,,1,59,,7852,4,,1,16,,7851,4,,1,12,,7850,4,,1,14,,7849,4,,1,56,,7848,4,,1,15,,7847,4,,1,81,,7846,4,,1,42,,7845,4,,1,82,,7844,4,,1,82,,7843,4,,1,48,,7842,4,,1,80,,7841,4,,1,68,,7837,4,,1,14,,7840,4,,1,23,,7839,4,,1,58,,7838,4,,1,18,,7889,4,,1,19,,7888,4,,1,21,,7887,4,,1,58,,7886,4,,1,18,,7885,4,,1,25,,7884,4,,1,56,,7883,4,,1,18,,7882,4,,1,15,,7881,4,,1,60,,7880,4,,1,16,,7879,4,,1,18,,7878,4,,1,11,,7877,4,,1,58,,7876,4,,1,37,,7875,4,,1,81,,7874,4,,1,77,,7873,4,,1,39,,7872,4,,1,74,,7871,4,,1,33,,7870,4,,1,74,,7869,4,,1,74,,7868,4,,1,34,,7867,4,,1,74,,7866,4,,1,34,,7865,4,,1,74,,7864,4,,1,29,,7863,4,,1,74,,7862,4,,1
10700,'152.0.2',644,,7892,4,,1,79,,7891,4,,1,77,,7890,4,,1,37,,7893,4,,1,77,,7894,4,,1,37,,7895,4,,1,77,,7896,4,,1,77,,7897,4,,1,37,,7898,4,,1,77,,7899,4,,1,36,,7900,4,,1,77,,7901,4,,1,77,,7902,4,,1,37,,7903,4,,1,77,,7904,4,,1,77,,7905,4,,1,35,,7906,4,,1,77,,7907,4,,1,37,,7908,4,,1,77,,7909,4,,1,77,,7910,4,,1,37,,7911,4,,1,77,,7912,4,,1,37,,7913,4,,1,77,,7914,4,,1,77,,7915,4,,1,37,,7916,4,,1,77,,7917,4,,1,37,,7918,4,,1,77,,7919,4,,1,77,,7920,4,,1,35,,7921,4,,1,77,,7923,4,,1,77,,7922,4,,1
10700,'152.0.3',729,,7935,4,,1,77,,7936,4,,1,28,,7937,4,,1,77,,7938,4,,1,38,,7939,4,,1,77,,7940,4,,1,77,,7941,4,,1,37,,7942,4,,1,77,,7943,4,,1,37,,7944,4,,1,77,,7945,4,,1,77,,7946,4,,1,35,,7947,4,,1,77,,7948,4,,1,37,,7952,4,,1,77,,7951,4,,1,77,,7953,4,,1,37,,7954,4,,1,77,,7955,4,,1,77,,7956,4,,1,37,,7924,4,,1,77,,7925,4,,1,37,,7926,4,,1,77,,7949,4,,1,77,,7927,4,,1,37,,7928,4,,1,77,,7929,4,,1,37,,7930,4,,1,77,,7931,4,,1,77,,7932,4,,1,37,,7933,4,,1,77,,7950,4,,1,77,,7934,4,,1
10700,'152.0.80',729,,7968,4,,1,77,,7969,4,,1,28,,7970,4,,1,77,,7971,4,,1,38,,7972,4,,1,77,,7973,4,,1,77,,7974,4,,1,37,,7975,4,,1,77,,7976,4,,1,37,,7977,4,,1,77,,7978,4,,1,77,,7979,4,,1,35,,7980,4,,1,77,,7981,4,,1,37,,7985,4,,1,77,,7984,4,,1,77,,7986,4,,1,37,,7987,4,,1,77,,7988,4,,1,77,,7989,4,,1,37,,7957,4,,1,77,,7958,4,,1,37,,7959,4,,1,77,,7982,4,,1,77,,7960,4,,1,37,,7961,4,,1,77,,7962,4,,1,37,,7963,4,,1,77,,7964,4,,1,77,,7965,4,,1,37,,7966,4,,1,77,,7983,4,,1,77,,7967,4,,1
10700,'152.0.81',729,,7993,4,,1,77,,7994,4,,1,28,,7995,4,,1,77,,7996,4,,1,38,,7997,4,,1,77,,7998,4,,1,77,,7999,4,,1,37,,8000,4,,1,77,,8001,4,,1,37,,8002,4,,1,77,,8003,4,,1,77,,8004,4,,1,35,,8005,4,,1,77,,8006,4,,1,37,,8009,4,,1,77,,8008,4,,1,77,,8010,4,,1,37,,8011,4,,1,77,,8012,4,,1,77,,8013,4,,1,37,,7990,4,,1,77,,7991,4,,1,37,,7992,4,,1,77,,8007,4,,1,77,,8014,4,,1,37,,8015,4,,1,77,,8016,4,,1,37,,8017,4,,1,77,,8018,4,,1,77,,8019,4,,1,37,,8020,4,,1,77,,8022,4,,1,77,,8021,4,,1
10701,'152.0.1',516,,8063,,,1,24,,8062,,,1,64,,8061,,,1,24,,8060,,,1,24,,8059,,,1,56,,8058,,,1,20,,8057,,,1,12,,8056,,,1,60,,8055,,,1,16,,8054,,,1,16,,8053,,,1,10,,8052,,,1,13,,8050,0,145 15,1,56,,8049,0,145 15,1,19,,8039,,,1,80,,8047,,,1,42,,8045,,,1,82,,8044,,,1,82,,8043,,,1,86,,8042,,,1,42,,8041,,,1,68,,8051,,,1,14,,8040,,,1,23,,8038,,,1,58,,8037,,,1,18,,8036,,,1,18,,8035,,,1,62,,8034,,,1,18,,8033,,,1,18,,8032,,,1,64,,8031,,,1,18,,8030,,,1,18,,8029,,,1,15,,8028,,,1,58,,8027,,,1,18,,8026,,,1,15,,8048,0,145 15,1,11,,8025,,,1,58,,8023,,,1,38,,8046,,,1,81,,8024,,,1,77,,8073,,,1,38,,8072,,,1,74,,8071,,,1,34,,8070,,,1,74,,8069,,,1,74,,8068,,,1,34,,8067,,,1,74,,8066,,,1,34,,8065,,,1,74,,8064,,,1,26,,8074,0,145 15,1,74,,8075,0,145 15,1
10701,'152.0.2',650,,8100,,,1,79,,8101,,,1,77,,8102,,,1,37,,8103,,,1,77,,8104,,,1,37,,8105,,,1,77,,8106,,,1,77,,8107,,,1,37,,8108,,,1,77,,8109,,,1,76,,8077,,,1,37,,8078,,,1,77,,8080,,,1,37,,8081,,,1,77,,8082,,,1,77,,8083,,,1,35,,8084,,,1,77,,8085,,,1,37,,8086,,,1,77,,8087,,,1,77,,8088,,,1,37,,8089,,,1,77,,8090,,,1,77,,8091,,,1,37,,8092,,,1,77,,8079,,,1,37,,8093,,,1,77,,8094,,,1,77,,8095,,,1,37,,8096,,,1,77,,8076,,,1,35,,8097,,,1,71,,8098,0,145 15,1,77,,8099,0,145 15,1
10701,'152.0.3',730,,8122,,,1,77,,8123,,,1,34,,8124,,,1,77,,8125,,,1,38,,8126,,,1,77,,8127,,,1,77,,8121,,,1,37,,8128,,,1,77,,8129,,,1,77,,8130,,,1,37,,8131,,,1,77,,8132,,,1,35,,8133,,,1,77,,8134,,,1,77,,8135,,,1,37,,8137,,,1,77,,8138,,,1,37,,8136,,,1,77,,8118,,,1,77,,8139,,,1,37,,8140,,,1,77,,8141,,,1,77,,8142,,,1,37,,8110,,,1,77,,8111,,,1,37,,8112,,,1,77,,8113,,,1,77,,8114,,,1,37,,8115,,,1,77,,8116,,,1,37,,8117,,,1,70,,8119,0,145 15,1,77,,8120,0,145 15,1
10701,'152.0.80',730,,8155,,,1,77,,8156,,,1,34,,8157,,,1,77,,8158,,,1,38,,8159,,,1,77,,8160,,,1,77,,8154,,,1,37,,8161,,,1,77,,8162,,,1,77,,8163,,,1,37,,8164,,,1,77,,8165,,,1,35,,8166,,,1,77,,8167,,,1,77,,8168,,,1,37,,8170,,,1,77,,8171,,,1,37,,8169,,,1,77,,8151,,,1,77,,8172,,,1,37,,8173,,,1,77,,8174,,,1,77,,8175,,,1,37,,8143,,,1,77,,8144,,,1,37,,8145,,,1,77,,8146,,,1,77,,8147,,,1,37,,8148,,,1,77,,8149,,,1,37,,8150,,,1,70,,8152,0,145 15,1,77,,8153,0,145 15,1
10701,'152.0.81',730,,8188,,,1,77,,8189,,,1,34,,8190,,,1,77,,8191,,,1,38,,8192,,,1,77,,8193,,,1,77,,8187,,,1,37,,8194,,,1,77,,8195,,,1,77,,8196,,,1,37,,8197,,,1,77,,8198,,,1,35,,8199,,,1,77,,8200,,,1,77,,8201,,,1,37,,8203,,,1,77,,8204,,,1,37,,8202,,,1,77,,8184,,,1,77,,8205,,,1,37,,8206,,,1,77,,8207,,,1,77,,8208,,,1,37,,8176,,,1,77,,8177,,,1,37,,8178,,,1,77,,8179,,,1,77,,8180,,,1,37,,8181,,,1,77,,8182,,,1,37,,8183,,,1,70,,8185,0,145 15,1,77,,8186,0,145 15,1
