9601,'1',441,,31339,9,,,1,67,,31340,9,,,1,29,,31341,9,,,1,70,,31342,9,,,1,35,,31343,9,,,1,71,,31344,9,,,1,38,,31345,9,,,1,73,,31346,9,,,1,34,,31347,9,,,1,74,,31348,9,,,1,79,,31349,9,,,1,39,,31350,9,,,1,83,,31351,9,,,1,75,,31352,9,,,1,32,,31353,9,,,1,86,,31354,9,,,1,79,,31355,9,,,1,18,,31374,9,,,1,21,,31356,9,,,1,68,,31357,9,,,1,27,,31358,9,,,1,67,,31359,9,,,1,27,,31360,9,,,1,67,,31361,9,,,1,26,,31362,9,,,1,27,,31363,9,,,1,65,,31364,9,,,1,25,,31365,9,,,1,65,,31366,9,,,1,24,,31367,9,,,1,25,,31368,9,,,1,70,,31369,9,,,1,30,,31370,9,,,1,70,,31371,9,,,1,30,,31372,9,,,1,64,,31373,9,,,1
9601,'2',804,,31375,9,,,1,99,,31376,9,,,1,99,,31377,9,,,1,99,,31378,9,,,1,99,,31379,9,,,1,59,,31380,9,,,1,99,,31381,9,,,1,99,,31382,9,,,1,99,,31383,9,,,1,99,,31384,9,,,1,92,,31385,9,,,1,92,,31386,9,,,1,97,,31387,9,,,1
9601,'3',904,,31388,9,,,1,54,,31389,9,,,1,94,,31390,9,,,1,94,,31391,9,,,1,94,,31392,9,,,1,94,,31393,9,,,1,94,,31394,9,,,1,94,,31395,9,,,1,94,,31396,9,,,1,94,,31397,9,,,1,94,,31398,9,,,1,54,,31399,9,,,1
9601,'74',804,,31400,9,,,1,99,,31401,9,,,1,99,,31402,9,,,1,99,,31403,9,,,1,99,,31404,9,,,1,59,,31405,9,,,1,99,,31406,9,,,1,99,,31407,9,,,1,99,,31408,9,,,1,99,,31409,9,,,1,92,,31410,9,,,1,92,,31411,9,,,1,97,,31412,9,,,1
9601,'80',904,,31413,9,,,1,54,,31414,9,,,1,94,,31415,9,,,1,94,,31416,9,,,1,94,,31417,9,,,1,94,,31418,9,,,1,94,,31419,9,,,1,94,,31420,9,,,1,94,,31421,9,,,1,94,,31422,9,,,1,94,,31423,9,,,1,54,,31424,9,,,1
9801,'1',518,,31521,18,,,1,35,,31520,18,,,1,75,,31519,18,,,1,75,,31518,18,,,1,35,,31517,18,,,1,75,,31516,18,,,1,35,,31515,18,,,1,75,,31514,18,,,1,35,,31525,18,,,1,100,,31524,18,,,1,98,,31523,18,,,1,98,,31522,18,,,1,100,,31537,18,,,1,80,,31536,18,,,1,80,,31535,18,,,1,40,,31534,18,,,1,80,,31533,18,,,1,80,,31532,18,,,1,40,,31531,18,,,1,79,,31530,18,,,1,79,,31529,18,,,1,91,,31528,18,,,1,49,,31527,18,,,1,88,,31526,18,,,1
9801,'2',526,,31556,18,,,1,86,,31555,18,,,1,46,,31554,18,,,1,86,,31553,18,,,1,87,,31552,18,,,1,95,,31551,18,,,1,94,,31550,18,,,1,97,,31549,18,,,1,94,,31548,18,,,1,100,,31547,18,,,1,98,,31546,18,,,1,98,,31545,18,,,1,97,,31544,18,,,1,98,,31543,18,,,1,98,,31542,18,,,1,56,,31541,18,,,1,86,,31540,18,,,1,89,,31539,18,,,1,88,,31538,18,,,1
9801,'3',708,,31573,18,,,1,48,,31574,18,,,1,88,,31572,18,,,1,88,,31571,18,,,1,88,,31570,18,,,1,95,,31569,18,,,1,93,,31568,18,,,1,93,,31567,18,,,1,55,,31566,18,,,1,93,,31565,18,,,1,93,,31564,18,,,1,93,,31563,18,,,1,93,,31562,18,,,1,91,,31561,18,,,1,87,,31560,18,,,1,48,,31559,18,,,1,87,,31558,18,,,1,88,,31557,18,,,1
9801,'74',526,,31593,18,,,1,86,,31592,18,,,1,46,,31591,18,,,1,86,,31590,18,,,1,87,,31589,18,,,1,95,,31588,18,,,1,94,,31587,18,,,1,97,,31586,18,,,1,94,,31585,18,,,1,100,,31584,18,,,1,98,,31583,18,,,1,98,,31582,18,,,1,97,,31581,18,,,1,98,,31580,18,,,1,98,,31579,18,,,1,56,,31578,18,,,1,86,,31577,18,,,1,89,,31576,18,,,1,88,,31575,18,,,1
9801,'80',708,,31610,18,,,1,48,,31611,18,,,1,88,,31609,18,,,1,88,,31608,18,,,1,88,,31607,18,,,1,95,,31606,18,,,1,93,,31605,18,,,1,93,,31604,18,,,1,55,,31603,18,,,1,93,,31602,18,,,1,93,,31601,18,,,1,93,,31600,18,,,1,93,,31599,18,,,1,91,,31598,18,,,1,87,,31597,18,,,1,48,,31596,18,,,1,87,,31595,18,,,1,88,,31594,18,,,1
989901,'1',2200,,36877,18,,,1,32,,36878,18,,,1,78,,36879,18,,,1,36,,36880,18,,,1,75,,36881,18,,,1,32,,36882,18,,,1,75,,36883,18,,,1,75,,36884,18,,,1
989901,'2',2205,,36885,18,,,1,54,,36886,18,,,1,83,,36887,18,,,1,91,,36890,18,,,1,85,,36888,18,,,1,86,,36889,18,,,1
989901,'3',2218,,36891,18,,,1,90,,36892,18,,,1,43,,36893,18,,,1,89,,36894,18,,,1,79,,36895,18,,,1,83,,36896,18,,,1
989901,'74',2205,,36897,18,,,1,54,,36898,18,,,1,83,,36899,18,,,1,91,,36902,18,,,1,85,,36900,18,,,1,86,,36901,18,,,1
989901,'80',2218,,36903,18,,,1,90,,36904,18,,,1,43,,36905,18,,,1,89,,36906,18,,,1,79,,36907,18,,,1,83,,36908,18,,,1
