9900,'1',351,,7281,18,,,1,80,,7282,18,,,1,72,,7255,38,,,1,42,,7256,38,,,1,80,,7257,38,,,1,85,,7258,38,,,1,96,,7259,38,,,1,35,,7260,38,,,1,77,,7261,38,,,1,32,,7262,38,,,1,75,,7263,38,,,1,75,,7264,38,,,1,59,,7265,38,,,1,94,,7266,38,,,1,94,,7267,38,,,1,94,,7268,38,,,1,76,,7280,38,,,1,31,,7279,38,,,1,69,,7269,38,,,1,30,,7270,38,,,1,70,,7271,38,,,1,30,,7272,38,,,1,70,,7273,38,,,1,25,,7274,38,,,1,70,,7275,38,,,1,24,,7276,38,,,1,70,,7277,38,,,1,27,,7278,38,,,1
9900,'2',511,,7301,18,,,1,37,,7302,18,,,1,74,,7283,38,,,1,79,,7284,38,,,1,38,,7298,38,,,1,92,,7297,38,,,1,87,,7285,38,,,1,87,,7286,38,,,1,47,,7287,38,,,1,89,,7288,38,,,1,108,,7289,38,,,1,95,,7290,38,,,1,95,,7291,38,,,1,98,,7292,38,,,1,95,,7293,38,,,1,91,,7294,38,,,1,95,,7295,38,,,1,95,,7296,38,,,1,46,,7300,38,,,1,90,,7299,38,,,1
9900,'3',513,,7321,18,,,1,38,,7322,18,,,1,81,,7303,38,,,1,78,,7304,38,,,1,38,,7305,38,,,1,78,,7306,38,,,1,94,,7323,38,,,1,89,,7307,38,,,1,49,,7308,38,,,1,89,,7309,38,,,1,93,,7310,38,,,1,89,,7311,38,,,1,89,,7312,38,,,1,89,,7313,38,,,1,49,,7314,38,,,1,89,,7315,38,,,1,89,,7316,38,,,1,87,,7317,38,,,1,89,,7318,38,,,1,49,,7319,38,,,1,80,,7320,38,,,1
9900,'80',513,,7342,18,,,1,38,,7343,18,,,1,81,,7324,38,,,1,78,,7325,38,,,1,38,,7326,38,,,1,78,,7327,38,,,1,94,,7344,38,,,1,89,,7328,38,,,1,49,,7329,38,,,1,89,,7330,38,,,1,93,,7331,38,,,1,89,,7332,38,,,1,89,,7333,38,,,1,89,,7334,38,,,1,49,,7335,38,,,1,89,,7336,38,,,1,89,,7337,38,,,1,87,,7338,38,,,1,89,,7339,38,,,1,49,,7340,38,,,1,80,,7341,38,,,1
9900,'81',513,,7363,18,,,1,38,,7364,18,,,1,81,,7345,38,,,1,78,,7346,38,,,1,38,,7347,38,,,1,78,,7348,38,,,1,94,,7365,38,,,1,89,,7349,38,,,1,49,,7350,38,,,1,89,,7351,38,,,1,93,,7352,38,,,1,89,,7353,38,,,1,89,,7354,38,,,1,89,,7355,38,,,1,49,,7356,38,,,1,89,,7357,38,,,1,89,,7358,38,,,1,87,,7359,38,,,1,89,,7360,38,,,1,49,,7361,38,,,1,80,,7362,38,,,1
989900,'1',2104,,11580,38,0,198 199,1,34,,11581,38,0,198 199,1,78,,11582,38,0,198 199,1,38,,11583,38,0,198 199,1,75,,11584,38,0,198 199,1,73,,11585,38,0,198 199,1,35,,11586,38,0,198 199,1,75,,11587,38,0,198 199,1,35,,11588,38,0,5 6,1,75,,11589,38,0,5 6,1,80,,11590,38,0,5 6,1
989900,'2',2108,,11591,38,0,198 199,1,94,,11592,38,0,198 199,1,47,,11593,38,0,198 199,1,93,,11594,38,0,198 199,1,86,,11595,38,0,198 199,1,86,,11596,38,0,198 199,1,45,,11597,38,0,5 6,1,86,,11598,38,0,5 6,1,86,,11599,38,0,5 6,1
989900,'3',2125,,11600,38,0,198 199,1,90,,11601,38,0,198 199,1,86,,11602,38,0,198 199,1,50,,11603,38,0,198 199,1,81,,11604,38,0,198 199,1,83,,11605,38,0,198 199,1,40,,11606,38,0,5 6,1,83,,11607,38,0,5 6,1,83,,11608,38,0,5 6,1
989900,'80',2125,,11609,38,0,198 199,1,90,,11610,38,0,198 199,1,86,,11611,38,0,198 199,1,50,,11612,38,0,198 199,1,81,,11613,38,0,198 199,1,83,,11614,38,0,198 199,1,40,,11615,38,0,5 6,1,83,,11616,38,0,5 6,1,83,,11617,38,0,5 6,1
989900,'81',2125,,11618,38,0,198 199,1,90,,11619,38,0,198 199,1,86,,11620,38,0,198 199,1,50,,11621,38,0,198 199,1,81,,11622,38,0,198 199,1,83,,11623,38,0,198 199,1,40,,11624,38,0,5 6,1,83,,11625,38,0,5 6,1,83,,11626,38,0,5 6,1
