1601,'1',526,,26620,19,,,1,22,,26621,19,,,1,62,,26622,19,,,1,21,,26623,19,,,1,5,,26588,60,,,1,67,,26587,60,,,1,22,,26579,60,,,1,22,,26580,60,,,1,69,,26581,60,,,1,22,,26582,60,,,1,62,,26583,60,,,1,22,,26584,60,,,1,9,,26585,60,,,1,26,,26586,60,,,1,61,,26599,60,,,1,24,,26598,60,,,1,68,,26589,60,,,1,32,,26590,60,,,1,71,,26591,60,,,1,29,,26592,60,,,1,71,,26593,60,,,1,31,,26594,60,,,1,69,,26595,60,,,1,26,,26624,19,,,1,12,,26596,60,,,1,71,,26597,60,,,1,21,,26616,60,,,1,63,,26615,60,,,1,23,,26600,60,,,1,17,,26601,60,,,1,69,,26602,60,,,1,24,,26603,60,,,1,63,,26604,60,,,1,23,,26605,60,,,1,20,,26606,60,,,1,63,,26607,60,,,1,14,,26608,60,,,1,23,,26609,60,,,1,63,,26610,60,,,1,23,,26611,60,,,1,23,,26612,60,,,1,63,,26613,60,,,1,19,,26614,60,,,1,68,,26619,60,,,1,34,,26617,60,,,1,70,,26618,60,,,1,34,,26625,60,,,1
1601,'2',634,,26652,19,,,1,78,,26653,19,,,1,30,,26635,60,,,1,80,,26626,60,,,1,78,,26627,60,,,1,40,,26628,60,,,1,78,,26629,60,,,1,38,,26630,60,,,1,78,,26631,60,,,1,80,,26632,60,,,1,38,,26633,60,,,1,78,,26634,60,,,1,83,,26644,60,,,1,43,,26636,60,,,1,81,,26637,60,,,1,81,,26638,60,,,1,38,,26639,60,,,1,81,,26640,60,,,1,81,,26641,60,,,1,41,,26642,60,,,1,77,,26643,60,,,1,79,,26651,60,,,1,32,,26645,60,,,1,76,,26646,60,,,1,78,,26647,60,,,1,31,,26648,60,,,1,76,,26649,60,,,1,33,,26650,60,,,1
1601,'3',823,,26654,60,,,1,95,,26655,60,,,1,97,,26656,60,,,1,95,,26657,60,,,1,95,,26658,60,,,1,95,,26659,60,,,1,100,,26660,60,,,1,55,,26661,60,,,1,98,,26662,60,,,1,98,,26663,60,,,1,97,,26664,60,,,1,92,,26665,60,,,1,89,,26666,60,,,1,92,,26667,60,,,1,92,,26668,60,,,1,89,,26669,60,,,1
1601,'74',634,,26696,19,,,1,78,,26697,19,,,1,30,,26679,60,,,1,80,,26670,60,,,1,78,,26671,60,,,1,40,,26672,60,,,1,78,,26673,60,,,1,38,,26674,60,,,1,78,,26675,60,,,1,80,,26676,60,,,1,38,,26677,60,,,1,78,,26678,60,,,1,83,,26688,60,,,1,43,,26680,60,,,1,81,,26681,60,,,1,81,,26682,60,,,1,38,,26683,60,,,1,81,,26684,60,,,1,81,,26685,60,,,1,41,,26686,60,,,1,77,,26687,60,,,1,79,,26695,60,,,1,32,,26689,60,,,1,76,,26690,60,,,1,78,,26691,60,,,1,31,,26692,60,,,1,76,,26693,60,,,1,33,,26694,60,,,1
1601,'80',823,,26698,60,,,1,95,,26699,60,,,1,97,,26700,60,,,1,95,,26701,60,,,1,95,,26702,60,,,1,95,,26703,60,,,1,100,,26704,60,,,1,55,,26705,60,,,1,98,,26706,60,,,1,98,,26707,60,,,1,97,,26708,60,,,1,92,,26709,60,,,1,89,,26710,60,,,1,92,,26711,60,,,1,92,,26712,60,,,1,89,,26713,60,,,1
8501,'1',451,,29840,7,,,1,56,,29839,7,,,1,15,,29801,19,,,1,16,,29800,19,,,1,16,,29799,19,,,1,56,,29798,19,,,1,16,,29797,19,,,1,16,,29796,19,,,1,16,,29795,19,,,1,56,,29787,19,,,1,16,,29788,19,,,1,16,,29789,19,,,1,56,,29790,19,,,1,16,,29791,19,,,1,16,,29792,19,,,1,16,,29793,19,,,1,55,,29794,19,,,1,26,,29811,19,,,1,25,,29810,19,,,1,64,,29809,19,,,1,25,,29802,19,,,1,65,,29803,19,,,1,25,,29804,19,,,1,65,,29805,19,,,1,26,,29806,19,,,1,25,,29807,19,,,1,65,,29808,19,,,1,25,,29812,19,,,1,65,,29813,19,,,1,22,,29814,19,,,1,16,,29841,19,,,1,56,,29842,19,,,1,16,,29831,19,,,1,14,,29830,19,,,1,16,,29829,19,,,1,62,,29828,19,,,1,18,,29827,19,,,1,16,,29815,19,,,1,59,,29816,19,,,1,13,,29817,19,,,1,18,,29818,19,,,1,16,,29819,19,,,1,11,,29820,19,,,1,59,,29821,19,,,1,13,,29822,19,,,1,16,,29823,19,,,1,56,,29824,19,,,1,16,,29825,19,,,1,20,,29826,19,,,1,72,,29834,19,,,1,28,,29833,19,,,1,65,,29832,19,,,1,22,,29838,19,,,1,29,,29837,19,,,1,71,,29835,19,,,1,32,,29836,19,,,1
8501,'2',644,,29858,19,,,1,70,,29859,19,,,1,30,,29860,19,,,1,72,,29861,19,,,1,30,,29862,19,,,1,70,,29863,19,,,1,30,,29864,19,,,1,70,,29865,19,,,1,30,,29866,19,,,1,70,,29843,19,,,1,23,,29844,19,,,1,65,,29845,19,,,1,23,,29846,19,,,1,23,,29847,19,,,1,63,,29848,19,,,1,23,,29849,19,,,1,23,,29850,19,,,1,63,,29851,19,,,1,23,,29852,19,,,1,63,,29853,19,,,1,23,,29854,19,,,1,23,,29855,19,,,1,63,,29856,19,,,1,21,,29857,19,,,1,21,,29867,19,,,1,62,,29868,19,,,1,23,,29869,19,,,1,61,,29870,19,,,1,21,,29871,19,,,1,18,,29872,19,,,1,61,,29873,19,,,1,21,,29874,19,,,1,21,,29875,19,,,1,61,,29876,19,,,1,21,,29877,19,,,1,21,,29878,19,,,1,61,,29879,19,,,1,30,,29880,19,,,1,70,,29881,19,,,1,30,,29882,19,,,1
8501,'3',837,,29885,19,,,1,82,,29886,19,,,1,40,,29887,19,,,1,80,,29888,19,,,1,83,,29889,19,,,1,83,,29890,19,,,1,43,,29891,19,,,1,83,,29892,19,,,1,83,,29893,19,,,1,43,,29894,19,,,1,83,,29895,19,,,1,80,,29896,19,,,1,82,,29897,19,,,1,44,,29898,19,,,1,76,,29899,19,,,1,81,,29900,19,,,1,43,,29901,19,,,1,79,,29883,19,,,1,81,,29884,19,,,1
8501,'74',644,,29902,19,,,1,70,,29903,19,,,1,30,,29904,19,,,1,72,,29905,19,,,1,30,,29906,19,,,1,70,,29907,19,,,1,30,,29908,19,,,1,70,,29909,19,,,1,30,,29910,19,,,1,70,,29911,19,,,1,23,,29912,19,,,1,65,,29913,19,,,1,23,,29914,19,,,1,23,,29915,19,,,1,63,,29916,19,,,1,23,,29917,19,,,1,23,,29918,19,,,1,63,,29919,19,,,1,23,,29920,19,,,1,63,,29921,19,,,1,23,,29922,19,,,1,23,,29923,19,,,1,63,,29924,19,,,1,21,,29925,19,,,1,21,,29926,19,,,1,62,,29927,19,,,1,23,,29928,19,,,1,61,,29929,19,,,1,21,,29930,19,,,1,18,,29931,19,,,1,61,,29932,19,,,1,21,,29933,19,,,1,21,,29934,19,,,1,61,,29935,19,,,1,21,,29936,19,,,1,21,,29937,19,,,1,61,,29938,19,,,1,30,,29939,19,,,1,70,,29940,19,,,1,30,,29941,19,,,1
8501,'80',837,,29942,19,,,1,82,,29943,19,,,1,40,,29944,19,,,1,80,,29945,19,,,1,83,,29946,19,,,1,83,,29947,19,,,1,43,,29948,19,,,1,83,,29949,19,,,1,83,,29950,19,,,1,43,,29951,19,,,1,83,,29952,19,,,1,80,,29953,19,,,1,82,,29954,19,,,1,44,,29955,19,,,1,76,,29958,19,,,1,81,,29959,19,,,1,43,,29960,19,,,1,79,,29956,19,,,1,81,,29957,19,,,1
