9801,'1',516,,7165,15,,,1,35,,7164,15,,,1,75,,7163,15,,,1,75,,7162,15,,,1,35,,7161,15,,,1,75,,7160,15,,,1,35,,7159,15,,,1,75,,7158,15,,,1,35,,7171,15,,,1,100,,7170,15,,,1,98,,7169,15,,,1,98,,7168,15,,,1,99,,7167,15,,,1,80,,7166,15,,,1,80,,7181,15,,,1,40,,7180,15,,,1,80,,7179,15,,,1,80,,7178,15,,,1,40,,7177,15,,,1,79,,7176,15,,,1,80,,7175,15,,,1,91,,7174,15,,,1,49,,7173,15,,,1,88,,7172,15,,,1
9801,'2',525,,7200,15,,,1,86,,7199,15,,,1,46,,7198,15,,,1,86,,7197,15,,,1,86,,7196,15,,,1,95,,7195,15,,,1,94,,7194,15,,,1,96,,7193,15,,,1,94,,7192,15,,,1,100,,7191,15,,,1,98,,7190,15,,,1,98,,7189,15,,,1,97,,7188,15,,,1,58,,7187,15,,,1,98,,7186,15,,,1,97,,7185,15,,,1,86,,7184,15,,,1,89,,7183,15,,,1,89,,7182,15,,,1
9801,'3',706,,7217,15,,,1,48,,7218,15,,,1,88,,7216,15,,,1,88,,7215,15,,,1,88,,7214,15,,,1,95,,7213,15,,,1,93,,7212,15,,,1,53,,7211,15,,,1,94,,7210,15,,,1,93,,7209,15,,,1,93,,7208,15,,,1,93,,7207,15,,,1,93,,7206,15,,,1,92,,7205,15,,,1,87,,7204,15,,,1,48,,7203,15,,,1,87,,7202,15,,,1,88,,7201,15,,,1
9801,'80',706,,7235,15,,,1,48,,7236,15,,,1,88,,7234,15,,,1,88,,7233,15,,,1,88,,7232,15,,,1,95,,7231,15,,,1,93,,7230,15,,,1,53,,7229,15,,,1,94,,7228,15,,,1,93,,7227,15,,,1,93,,7226,15,,,1,93,,7225,15,,,1,93,,7224,15,,,1,92,,7223,15,,,1,87,,7222,15,,,1,48,,7221,15,,,1,87,,7220,15,,,1,88,,7219,15,,,1
9801,'81',706,,7253,15,,,1,48,,7254,15,,,1,88,,7252,15,,,1,88,,7251,15,,,1,88,,7250,15,,,1,95,,7249,15,,,1,93,,7248,15,,,1,53,,7247,15,,,1,94,,7246,15,,,1,93,,7245,15,,,1,93,,7244,15,,,1,93,,7243,15,,,1,93,,7242,15,,,1,92,,7241,15,,,1,87,,7240,15,,,1,48,,7239,15,,,1,87,,7238,15,,,1,88,,7237,15,,,1
989901,'1',2158,,11627,15,,,1,72,,11628,15,,,1,78,,11629,15,,,1,36,,11630,15,,,1,75,,11631,15,,,1,32,,11632,15,,,1,75,,11633,15,,,1,75,,11634,15,,,1
989901,'2',2203,,11635,15,,,1,54,,11636,15,,,1,83,,11637,15,,,1,91,,11640,15,,,1,85,,11638,15,,,1,86,,11639,15,,,1
989901,'3',2216,,11641,15,,,1,90,,11642,15,,,1,43,,11643,15,,,1,89,,11644,15,,,1,79,,11645,15,,,1,83,,11646,15,,,1
989901,'80',2216,,11647,15,,,1,90,,11648,15,,,1,43,,11649,15,,,1,89,,11650,15,,,1,79,,11651,15,,,1,83,,11652,15,,,1
989901,'81',2216,,11653,15,,,1,90,,11654,15,,,1,43,,11655,15,,,1,89,,11656,15,,,1,79,,11657,15,,,1,83,,11658,15,,,1
