9900,'1',349,,7281,14,,,1,80,,7282,14,,,1,72,,7255,34,,,1,42,,7256,34,,,1,80,,7257,34,,,1,84,,7258,34,,,1,96,,7259,34,,,1,35,,7260,34,,,1,77,,7261,34,,,1,32,,7262,34,,,1,75,,7263,34,,,1,35,,7264,34,,,1,99,,7265,34,,,1,94,,7266,34,,,1,94,,7267,34,,,1,94,,7268,34,,,1,76,,7280,34,,,1,31,,7279,34,,,1,69,,7269,34,,,1,30,,7270,34,,,1,70,,7271,34,,,1,30,,7272,34,,,1,70,,7273,34,,,1,25,,7274,34,,,1,70,,7275,34,,,1,24,,7276,34,,,1,70,,7277,34,,,1,27,,7278,34,,,1
9900,'2',509,,7301,14,,,1,37,,7302,14,,,1,74,,7283,34,,,1,39,,7284,34,,,1,78,,7298,34,,,1,91,,7297,34,,,1,87,,7285,34,,,1,87,,7286,34,,,1,47,,7287,34,,,1,89,,7288,34,,,1,107,,7289,34,,,1,95,,7290,34,,,1,95,,7291,34,,,1,98,,7292,34,,,1,95,,7293,34,,,1,92,,7294,34,,,1,95,,7295,34,,,1,95,,7296,34,,,1,46,,7300,34,,,1,90,,7299,34,,,1
9900,'3',511,,7321,14,,,1,38,,7322,14,,,1,81,,7303,34,,,1,78,,7304,34,,,1,38,,7305,34,,,1,78,,7306,34,,,1,93,,7323,34,,,1,89,,7307,34,,,1,49,,7308,34,,,1,89,,7309,34,,,1,93,,7310,34,,,1,89,,7311,34,,,1,89,,7312,34,,,1,89,,7313,34,,,1,49,,7314,34,,,1,89,,7315,34,,,1,89,,7316,34,,,1,87,,7317,34,,,1,89,,7318,34,,,1,49,,7319,34,,,1,81,,7320,34,,,1
9900,'80',511,,7342,14,,,1,38,,7343,14,,,1,81,,7324,34,,,1,78,,7325,34,,,1,38,,7326,34,,,1,78,,7327,34,,,1,93,,7344,34,,,1,89,,7328,34,,,1,49,,7329,34,,,1,89,,7330,34,,,1,93,,7331,34,,,1,89,,7332,34,,,1,89,,7333,34,,,1,89,,7334,34,,,1,49,,7335,34,,,1,89,,7336,34,,,1,89,,7337,34,,,1,87,,7338,34,,,1,89,,7339,34,,,1,49,,7340,34,,,1,81,,7341,34,,,1
9900,'81',511,,7363,14,,,1,38,,7364,14,,,1,81,,7345,34,,,1,78,,7346,34,,,1,38,,7347,34,,,1,78,,7348,34,,,1,93,,7365,34,,,1,89,,7349,34,,,1,49,,7350,34,,,1,89,,7351,34,,,1,93,,7352,34,,,1,89,,7353,34,,,1,89,,7354,34,,,1,89,,7355,34,,,1,49,,7356,34,,,1,89,,7357,34,,,1,89,,7358,34,,,1,87,,7359,34,,,1,89,,7360,34,,,1,49,,7361,34,,,1,81,,7362,34,,,1
989900,'1',2101,,11580,34,,,1,35,,11581,34,,,1,78,,11582,34,,,1,38,,11583,34,,,1,75,,11584,34,,,1,73,,11585,34,,,1,35,,11586,34,,,1,75,,11587,34,,,1,35,,11588,34,0,5 6,1,75,,11589,34,0,5 6,1,80,,11590,34,0,5 6,1
989900,'2',2105,,11591,34,,,1,54,,11592,34,,,1,88,,11593,34,,,1,93,,11594,34,,,1,86,,11595,34,,,1,86,,11596,34,,,1,45,,11597,34,0,5 6,1,86,,11598,34,0,5 6,1,86,,11599,34,0,5 6,1
989900,'3',2123,,11600,34,,,1,90,,11601,34,,,1,46,,11602,34,,,1,90,,11603,34,,,1,81,,11604,34,,,1,83,,11605,34,,,1,40,,11606,34,0,5 6,1,83,,11607,34,0,5 6,1,83,,11608,34,0,5 6,1
989900,'80',2123,,11609,34,,,1,90,,11610,34,,,1,46,,11611,34,,,1,90,,11612,34,,,1,81,,11613,34,,,1,83,,11614,34,,,1,40,,11615,34,0,5 6,1,83,,11616,34,0,5 6,1,83,,11617,34,0,5 6,1
989900,'81',2123,,11618,34,,,1,90,,11619,34,,,1,46,,11620,34,,,1,90,,11621,34,,,1,81,,11622,34,,,1,83,,11623,34,,,1,40,,11624,34,0,5 6,1,83,,11625,34,0,5 6,1,83,,11626,34,0,5 6,1
