60300,'1',457,,9994,4,,,1,60,,9995,4,,,1,20,,9996,4,,,1,20,,9997,4,,,1,61,,9998,4,,,1,18,,9999,4,,,1,19,,10000,4,,,1,58,,10001,4,,,1,18,,10002,4,,,1,19,,10003,4,,,1,58,,10004,4,,,1,18,,10005,4,,,1,18,,10006,4,,,1,58,,10007,4,,,1,19,,10008,4,,,1,22,,10009,4,,,1,62,,10010,4,,,1,22,,10011,4,,,1,22,,10012,4,,,1,62,,10013,4,,,1,22,,10014,4,,,1,22,,10015,4,,,1,62,,10016,4,,,1,22,,10017,4,,,1,62,,10018,4,,,1,22,,10019,4,,,1,22,,10020,4,,,1,62,,10021,4,,,1,22,,10022,4,,,1,19,,10023,4,,,1,56,,10024,4,,,1,16,,10025,4,,,1,16,,10026,4,,,1,16,,10027,4,,,1,56,,10028,4,,,1,16,,10029,4,,,1,16,,10030,4,,,1,16,,10031,4,,,1,56,,10032,4,,,1,16,,10033,4,,,1,16,,10034,4,,,1,56,,10035,4,,,1,15,,10036,4,,,1,16,,10037,4,,,1,16,,10038,4,,,1,55,,10039,4,,,1,30,,10040,4,,,1,70,,10041,4,,,1,30,,10042,4,,,1,70,,10043,4,,,1,30,,10044,4,,,1,70,,10045,4,,,1,42,,10046,4,,,1,81,,10047,4,,,1,82,,10048,4,,,1,47,,10049,4,,,1
60300,'2',527,,10050,4,,,1,81,,10051,4,,,1,40,,10052,4,,,1,80,,10053,4,,,1,80,,10054,4,,,1,41,,10055,4,,,1,80,,10056,4,,,1,81,,10057,4,,,1,39,,10058,4,,,1,78,,10059,4,,,1,78,,10060,4,,,1,36,,10061,4,,,1,78,,10062,4,,,1,38,,10063,4,,,1,79,,10064,4,,,1,78,,10065,4,,,1,38,,10066,4,,,1,78,,10067,4,,,1,77,,10068,4,,,1,39,,10069,4,,,1,77,,10070,4,,,1,78,,10071,4,,,1,39,,10072,4,,,1,80,,10073,4,,,1,80,,10074,4,,,1,39,,10075,4,,,1,86,,10076,4,,,1,92,,10077,4,,,1,92,,10078,4,,,1
60300,'3',710,,10079,4,,,1,36,,10080,4,,,1,76,,10081,4,,,1,36,,10082,4,,,1,82,,10083,4,,,1,84,,10084,4,,,1,82,,10085,4,,,1,42,,10086,4,,,1,82,,10087,4,,,1,82,,10088,4,,,1,42,,10089,4,,,1,83,,10090,4,,,1,79,,10091,4,,,1,35,,10092,4,,,1,76,,10093,4,,,1,76,,10094,4,,,1,36,,10095,4,,,1,76,,10096,4,,,1,36,,10097,4,,,1,76,,10098,4,,,1,75,,10099,4,,,1,36,,10100,4,,,1,91,,10101,4,,,1,106,,10102,4,,,1,105,,10103,4,,,1,106,,10104,4,,,1
60300,'80',710,,10105,4,,,1,36,,10106,4,,,1,76,,10107,4,,,1,36,,10108,4,,,1,82,,10109,4,,,1,84,,10110,4,,,1,82,,10111,4,,,1,42,,10112,4,,,1,82,,10113,4,,,1,82,,10114,4,,,1,42,,10115,4,,,1,83,,10116,4,,,1,79,,10117,4,,,1,35,,10118,4,,,1,76,,10119,4,,,1,76,,10120,4,,,1,36,,10121,4,,,1,76,,10122,4,,,1,36,,10123,4,,,1,76,,10124,4,,,1,75,,10125,4,,,1,36,,10126,4,,,1,91,,10127,4,,,1,106,,10128,4,,,1,105,,10129,4,,,1,106,,10130,4,,,1
60300,'81',710,,10131,4,,,1,36,,10132,4,,,1,76,,10133,4,,,1,36,,10134,4,,,1,82,,10135,4,,,1,84,,10136,4,,,1,82,,10137,4,,,1,42,,10138,4,,,1,82,,10139,4,,,1,82,,10140,4,,,1,42,,10141,4,,,1,83,,10142,4,,,1,79,,10143,4,,,1,35,,10144,4,,,1,76,,10145,4,,,1,76,,10146,4,,,1,36,,10147,4,,,1,76,,10148,4,,,1,36,,10149,4,,,1,76,,10150,4,,,1,75,,10151,4,,,1,36,,10152,4,,,1,91,,10153,4,,,1,106,,10154,4,,,1,105,,10155,4,,,1,106,,10156,4,,,1
6030100,'1',507,,12194,4,,,1,20,,12195,4,,,1,20,,12196,4,,,1,61,,12197,4,,,1,18,,12198,4,,,1,18,,12199,4,,,1,60,,12200,4,,,1,18,,12201,4,,,1,19,,12202,4,,,1,18,,12203,4,,,1,58,,12204,4,,,1,18,,12205,4,,,1,18,,12206,4,,,1,57,,12207,4,,,1,22,,12208,4,,,1,22,,12209,4,,,1,62,,12210,4,,,1,22,,12211,4,,,1,62,,12212,4,,,1,22,,12213,4,,,1,22,,12214,4,,,1,62,,12215,4,,,1,22,,12216,4,,,1,22,,12217,4,,,1,62,,12218,4,,,1,22,,12219,4,,,1,22,,12220,4,,,1,62,,12221,4,,,1,22,,12222,4,,,1,16,,12223,4,,,1,56,,12224,4,,,1,16,,12225,4,,,1,16,,12226,4,,,1,56,,12227,4,,,1,16,,12228,4,,,1,16,,12229,4,,,1,16,,12230,4,,,1,56,,12231,4,,,1,16,,12232,4,,,1,16,,12233,4,,,1,16,,12234,4,,,1,56,,12235,4,,,1,15,,12236,4,,,1,16,,12237,4,,,1,15,,12238,4,,,1,63,,12239,4,,,1,30,,12240,4,,,1,70,,12241,4,,,1,30,,12242,4,,,1,70,,12243,4,,,1,30,,12244,4,,,1,76,,12245,4,,,1,82,,12246,4,,,1,41,,12247,4,,,1,82,,12248,4,,,1
6030100,'2',507,,12249,4,,,1,40,,12250,4,,,1,81,,12251,4,,,1,80,,12252,4,,,1,40,,12253,4,,,1,81,,12254,4,,,1,80,,12255,4,,,1,40,,12256,4,,,1,81,,12257,4,,,1,78,,12258,4,,,1,38,,12259,4,,,1,78,,12260,4,,,1,76,,12261,4,,,1,38,,12262,4,,,1,79,,12263,4,,,1,38,,12264,4,,,1,78,,12265,4,,,1,78,,12266,4,,,1,38,,12267,4,,,1,77,,12268,4,,,1,79,,12269,4,,,1,37,,12270,4,,,1,79,,12271,4,,,1,79,,12272,4,,,1,40,,12273,4,,,1,80,,12274,4,,,1,39,,12275,4,,,1,92,,12276,4,,,1,92,,12277,4,,,1,92,,12278,4,,,1
6030100,'3',652,,12279,4,,,1,76,,12280,4,,,1,76,,12281,4,,,1,36,,12282,4,,,1,79,,12283,4,,,1,84,,12284,4,,,1,42,,12285,4,,,1,82,,12286,4,,,1,82,,12287,4,,,1,42,,12288,4,,,1,82,,12289,4,,,1,83,,12290,4,,,1,42,,12291,4,,,1,75,,12292,4,,,1,76,,12293,4,,,1,36,,12294,4,,,1,76,,12295,4,,,1,36,,12296,4,,,1,76,,12297,4,,,1,76,,12298,4,,,1,36,,12299,4,,,1,75,,12300,4,,,1,36,,12301,4,,,1,146,,12302,4,,,1,106,,12303,4,,,1,105,,12304,4,,,1
6030100,'80',652,,12305,4,,,1,76,,12306,4,,,1,76,,12307,4,,,1,36,,12308,4,,,1,79,,12309,4,,,1,84,,12310,4,,,1,42,,12311,4,,,1,82,,12312,4,,,1,82,,12313,4,,,1,42,,12314,4,,,1,82,,12315,4,,,1,83,,12316,4,,,1,42,,12317,4,,,1,75,,12318,4,,,1,76,,12319,4,,,1,36,,12320,4,,,1,76,,12321,4,,,1,36,,12322,4,,,1,76,,12323,4,,,1,76,,12324,4,,,1,36,,12325,4,,,1,75,,12326,4,,,1,36,,12327,4,,,1,146,,12328,4,,,1,106,,12329,4,,,1,105,,12330,4,,,1
6030100,'81',652,,12331,4,,,1,76,,12332,4,,,1,76,,12333,4,,,1,36,,12334,4,,,1,79,,12335,4,,,1,84,,12336,4,,,1,42,,12337,4,,,1,82,,12338,4,,,1,82,,12339,4,,,1,42,,12340,4,,,1,82,,12341,4,,,1,83,,12342,4,,,1,42,,12343,4,,,1,75,,12344,4,,,1,76,,12345,4,,,1,36,,12346,4,,,1,76,,12347,4,,,1,36,,12348,4,,,1,76,,12349,4,,,1,76,,12350,4,,,1,36,,12351,4,,,1,75,,12352,4,,,1,36,,12353,4,,,1,146,,12354,4,,,1,106,,12355,4,,,1,105,,12356,4,,,1
