8200,'1',901,,5304,43,,,1,651,,5307,43,,,1
9000,'1',534,,6238,19,4,,1,11,,6239,19,4,,1,11,,6240,19,4,,1,51,,6241,19,4,,1,11,,6242,19,4,,1,29,,6184,45,4,,1,54,,6185,45,4,,1,10,,6186,45,4,,1,11,,6187,45,4,,1,11,,6188,45,4,,1,18,,6189,45,4,,1,52,,6190,45,4,,1,18,,6191,45,4,,1,11,,6192,45,4,,1,19,,6193,45,4,,1,53,,6194,45,4,,1,3,,6195,45,4,,1,15,,6196,45,4,,1,13,,6197,45,4,,1,10,,6198,45,4,,1,13,,6199,45,4,,1,53,,6200,45,4,,1,32,,6201,45,4,,1,72,,6202,45,4,,1,32,,6203,45,4,,1,71,,6204,45,4,,1,33,,6205,45,4,,1,72,,6206,45,4,,1,32,,6207,45,4,,1,73,,6208,45,4,,1,74,,6209,45,4,,1,5,,6243,29,4,,1,9,,6210,45,4,,1,16,,6211,45,4,,1,13,,6212,45,4,,1,14,,6213,45,4,,1,54,,6214,45,4,,1,14,,6215,45,4,,1,13,,6216,45,4,,1,16,,6217,45,4,,1,51,,6218,45,4,,1,16,,6219,45,4,,1,14,,6220,45,4,,1,14,,6221,45,4,,1,54,,6222,45,4,,1,12,,6223,45,4,,1,13,,6224,45,4,,1,14,,6225,45,4,,1,12,,6226,45,4,,1,51,,6227,45,4,,1,13,,6228,45,4,,1,13,,6229,45,4,,1,13,,6230,45,4,,1,54,,6231,45,4,,1,42,,6232,45,4,,1,82,,6233,45,4,,1,76,,6234,45,4,,1,43,,6235,45,4,,1,82,,6236,45,4,,1,82,,6237,45,4,,1
9000,'2',625,,6244,19,4,,1,81,,6245,45,4,,1,41,,6246,45,4,,1,84,,6247,45,4,,1,75,,6254,45,4,,1,32,,6255,45,4,,1,72,,6256,45,4,,1,32,,6257,45,4,,1,72,,6258,45,4,,1,32,,6259,45,4,,1,72,,6260,45,4,,1,32,,6261,45,4,,1,72,,6262,45,4,,1,32,,6263,45,4,,1,72,,6264,45,4,,1,32,,6265,45,4,,1,72,,6266,45,4,,1,72,,6267,45,4,,1,32,,6268,45,4,,1,70,,6269,45,4,,1,32,,6270,45,4,,1,72,,6271,45,4,,1,32,,6272,45,4,,1,72,,6273,45,4,,1,28,,6274,45,4,,1,69,,6275,45,4,,1,31,,6276,45,4,,1,80,,6248,45,4,,1,81,,6249,45,4,,1,41,,6250,45,4,,1,81,,6251,45,4,,1,81,,6252,45,4,,1,41,,6253,45,4,,1
9000,'3',832,,6278,19,4,,1,83,,6277,45,4,,1,85,,6279,45,4,,1,42,,6280,45,4,,1,82,,6281,45,4,,1,82,,6282,45,4,,1,45,,6283,45,4,,1,85,,6284,45,4,,1,85,,6285,45,4,,1,85,,6286,45,4,,1,45,,6287,45,4,,1,85,,6288,45,4,,1,85,,6289,45,4,,1,84,,6290,45,4,,1,44,,6291,45,4,,1,79,,6292,45,4,,1,84,,6293,45,4,,1,37,,6294,45,4,,1,81,,6295,45,4,,1,79,,6296,45,4,,1,39,,6297,45,4,,1
9000,'80',832,,6299,19,4,,1,83,,6298,45,4,,1,85,,6300,45,4,,1,42,,6301,45,4,,1,82,,6302,45,4,,1,82,,6303,45,4,,1,45,,6304,45,4,,1,85,,6305,45,4,,1,85,,6306,45,4,,1,85,,6307,45,4,,1,45,,6308,45,4,,1,85,,6309,45,4,,1,85,,6310,45,4,,1,84,,6311,45,4,,1,44,,6312,45,4,,1,79,,6313,45,4,,1,84,,6314,45,4,,1,37,,6315,45,4,,1,81,,6316,45,4,,1,79,,6317,45,4,,1,39,,6318,45,4,,1
9000,'81',832,,6320,19,4,,1,83,,6319,45,4,,1,85,,6321,45,4,,1,42,,6322,45,4,,1,82,,6323,45,4,,1,82,,6324,45,4,,1,45,,6325,45,4,,1,85,,6326,45,4,,1,85,,6327,45,4,,1,85,,6328,45,4,,1,45,,6329,45,4,,1,85,,6330,45,4,,1,85,,6331,45,4,,1,84,,6332,45,4,,1,44,,6333,45,4,,1,79,,6334,45,4,,1,84,,6335,45,4,,1,37,,6336,45,4,,1,81,,6337,45,4,,1,79,,6338,45,4,,1,39,,6339,45,4,,1
9001,'1',537,,6348,1,,,1,11,,6347,1,,,1,11,,6346,1,,,1,51,,6345,1,,,1,11,,6344,1,,,1,11,,6343,1,,,1,11,,6342,1,,,1,11,,6340,1,,,1,52,,6341,1,,,1,10,,6360,1,,,1,11,,6359,1,,,1,13,,6358,1,,,1,13,,6357,1,,,1,53,,6356,1,,,1,13,,6349,1,,,1,13,,6350,1,,,1,13,,6351,1,,,1,13,,6352,1,,,1,53,,6353,1,,,1,13,,6354,1,,,1,13,,6355,1,,,1,79,,6368,1,,,1,32,,6361,1,,,1,72,,6362,1,,,1,32,,6363,1,,,1,72,,6364,1,,,1,32,,6365,1,,,1,72,,6366,1,,,1,72,,6367,1,,,1,25,,6369,1,,,1,17,,6370,1,,,1,14,,6371,1,,,1,54,,6372,1,,,1,14,,6373,1,,,1,14,,6374,1,,,1,12,,6375,1,,,1,56,,6376,1,,,1,14,,6377,1,,,1,14,,6378,1,,,1,14,,6379,1,,,1,54,,6380,1,,,1,14,,6381,1,,,1,14,,6382,1,,,1,14,,6383,1,,,1,14,,6384,1,,,1,54,,6385,1,,,1,14,,6386,1,,,1,14,,6387,1,,,1,14,,6388,1,,,1,69,,6395,1,,,1,82,,6394,1,,,1,42,,6389,1,,,1,82,,6390,1,,,1,82,,6391,1,,,1,42,,6392,1,,,1,82,,6393,1,,,1,82,,6396,1,,,1
9001,'2',631,,6398,1,,,1,81,,6399,1,,,1,41,,6400,1,,,1,85,,6406,1,,,1,73,,6401,1,,,1,32,,6402,1,,,1,72,,6403,1,,,1,32,,6404,1,,,1,72,,6405,1,,,1,32,,6411,1,,,1,72,,6412,1,,,1,32,,6413,1,,,1,72,,6414,1,,,1,32,,6415,1,,,1,72,,6416,1,,,1,72,,6417,1,,,1,32,,6418,1,,,1,72,,6419,1,,,1,32,,6420,1,,,1,72,,6421,1,,,1,32,,6422,1,,,1,72,,6423,1,,,1,33,,6424,1,,,1,72,,6425,1,,,1,32,,6426,1,,,1,95,,6427,1,,,1,81,,6428,1,,,1,81,,6407,1,,,1,41,,6408,1,,,1,81,,6409,1,,,1,81,,6410,1,,,1
9001,'3',839,,6430,1,,,1,82,,6431,1,,,1,84,,6432,1,,,1,42,,6433,1,,,1,82,,6434,1,,,1,82,,6435,1,,,1,45,,6436,1,,,1,85,,6437,1,,,1,85,,6438,1,,,1,85,,6439,1,,,1,45,,6440,1,,,1,85,,6441,1,,,1,85,,6442,1,,,1,84,,6443,1,,,1,44,,6444,1,,,1,79,,6445,1,,,1,84,,6446,1,,,1,39,,6447,1,,,1,79,,6448,1,,,1,79,,6449,1,,,1
9001,'80',839,,6451,1,,,1,82,,6452,1,,,1,84,,6453,1,,,1,42,,6454,1,,,1,82,,6455,1,,,1,82,,6456,1,,,1,45,,6457,1,,,1,85,,6458,1,,,1,85,,6459,1,,,1,85,,6460,1,,,1,45,,6461,1,,,1,85,,6462,1,,,1,85,,6463,1,,,1,84,,6464,1,,,1,44,,6465,1,,,1,79,,6466,1,,,1,84,,6467,1,,,1,39,,6468,1,,,1,79,,6469,1,,,1,79,,6470,1,,,1
9001,'81',839,,6472,1,,,1,82,,6473,1,,,1,84,,6474,1,,,1,42,,6475,1,,,1,82,,6476,1,,,1,82,,6477,1,,,1,45,,6478,1,,,1,85,,6479,1,,,1,85,,6480,1,,,1,85,,6481,1,,,1,45,,6482,1,,,1,85,,6483,1,,,1,85,,6484,1,,,1,84,,6485,1,,,1,44,,6486,1,,,1,79,,6487,1,,,1,84,,6488,1,,,1,39,,6489,1,,,1,79,,6490,1,,,1,79,,6491,1,,,1
44901,'24612.1',1551,,9288,2,,,1
45201,'24612.1',1551,,9292,2,,,1
830101,'1',627,,11493,2,,,1,74,,11494,2,,,1,34,,11495,2,,,1,74,,11496,2,,,1,34,,11497,2,,,1,74,,11498,2,,,1,34,,11499,2,,,1,459,,11508,2,,,1,36,,11500,2,,,1,74,,11501,2,,,1,35,,11502,2,,,1,75,,11503,2,,,1,75,,11504,2,,,1,35,,11505,2,,,1,75,,11506,2,,,1,34,,11507,2,,,1
