2401,'1',621,,3729,55,4,,1,14,,3728,55,4,,1,14,,3727,55,4,,1,54,,3691,55,4,,1,14,,3692,55,4,,1,17,,3693,55,4,,1,15,,3706,55,4,,1,51,,3705,55,4,,1,17,,3704,55,4,,1,19,,3703,55,4,,1,11,,3702,55,4,,1,11,,3701,55,4,,1,51,,3694,55,4,,1,11,,3695,55,4,,1,3,,3696,55,4,,1,11,,3697,55,4,,1,11,,3698,55,4,,1,11,,3699,55,4,,1,51,,3700,55,4,,1,31,,3712,55,4,,1,21,,3711,55,4,,1,65,,3707,55,4,,1,25,,3708,55,4,,1,65,,3709,55,4,,1,25,,3710,55,4,,1,71,,3713,62,4,,1,25,,3714,62,4,,1,65,,3715,62,4,,1,25,,3716,62,4,,1,25,,3717,62,4,,1,61,,3726,71,4,,1,12,,3725,71,4,,1,12,,3724,71,4,,1,12,,3723,71,4,,1,12,,3722,71,4,,1,52,,3721,71,4,,1,12,,3720,71,4,,1,12,,3718,71,4,,1,12,,3719,71,4,,1,12,,3730,71,4,,1,61,,3731,71,4,,1,12,,3732,71,4,,1,12,,3733,71,4,,1,6,,3734,71,4,,1,52,,3735,71,4,,1,12,,3736,71,4,,1,3,,3737,71,4,,1,12,,3738,71,4,,1,12,,3739,71,4,,1,12,,3740,71,4,,1,52,,3741,71,4,,1,5,,3742,71,4,,1,12,,3743,71,4,,1,12,,3744,71,4,,1,12,,3745,71,4,,1,12,,3746,71,4,,1,47,,3752,62,4,,1,27,,3751,62,4,,1,21,,3747,62,4,,1,67,,3748,62,4,,1,25,,3749,62,4,,1,63,,3750,62,4,,1,28,,3753,62,4,,1,64,,3754,62,4,,1,22,,3758,62,4,,1,23,,3755,62,4,,1,63,,3756,62,4,,1,23,,3757,62,4,,1
2401,'2',808,,3759,55,4,,1,36,,3760,55,4,,1,74,,3761,55,4,,1,34,,3762,55,4,,1,74,,3763,55,4,,1,74,,3764,55,4,,1,35,,3765,55,4,,1,82,,3766,55,4,,1,37,,3767,55,4,,1,77,,3768,55,4,,1,77,,3769,55,4,,1,36,,3770,55,4,,1,81,,3771,55,4,,1,77,,3772,55,4,,1,37,,3773,55,4,,1,77,,3774,55,4,,1,36,,3775,55,4,,1,78,,3776,55,4,,1,76,,3777,55,4,,1,30,,3778,55,4,,1,74,,3779,55,4,,1,35,,3780,55,4,,1,73,,3781,55,4,,1,34,,3782,55,4,,1,74,,3783,55,4,,1,74,,3784,55,4,,1,34,,3785,55,4,,1,74,,3786,55,4,,1,34,,3787,55,4,,1
2401,'3',741,,3788,55,4,,1,72,,3789,55,4,,1,35,,3790,55,4,,1,74,,3791,55,4,,1,34,,3792,55,4,,1,74,,3793,55,4,,1,74,,3794,55,4,,1,34,,3795,55,4,,1,74,,3796,55,4,,1,35,,3797,55,4,,1,76,,3798,55,4,,1,34,,3799,55,4,,1,78,,3800,55,4,,1,75,,3801,55,4,,1,37,,3802,55,4,,1,77,,3803,55,4,,1,77,,3804,55,4,,1,37,,3805,55,4,,1,77,,3806,55,4,,1,37,,3807,55,4,,1,74,,3808,55,4,,1,76,,3809,55,4,,1,35,,3810,55,4,,1,75,,3811,55,4,,1,35,,3812,55,4,,1,75,,3813,55,4,,1
2401,'80',741,,3814,55,4,,1,72,,3815,55,4,,1,35,,3816,55,4,,1,74,,3817,55,4,,1,34,,3818,55,4,,1,74,,3819,55,4,,1,74,,3820,55,4,,1,34,,3821,55,4,,1,74,,3822,55,4,,1,35,,3823,55,4,,1,76,,3824,55,4,,1,34,,3825,55,4,,1,78,,3826,55,4,,1,75,,3827,55,4,,1,37,,3828,55,4,,1,77,,3829,55,4,,1,77,,3830,55,4,,1,37,,3831,55,4,,1,77,,3832,55,4,,1,37,,3833,55,4,,1,74,,3834,55,4,,1,76,,3835,55,4,,1,35,,3836,55,4,,1,75,,3837,55,4,,1,35,,3838,55,4,,1,75,,3839,55,4,,1
2401,'81',741,,3840,55,4,,1,72,,3841,55,4,,1,35,,3842,55,4,,1,74,,3843,55,4,,1,34,,3844,55,4,,1,74,,3845,55,4,,1,74,,3846,55,4,,1,34,,3847,55,4,,1,74,,3848,55,4,,1,35,,3849,55,4,,1,76,,3850,55,4,,1,34,,3851,55,4,,1,78,,3852,55,4,,1,75,,3853,55,4,,1,37,,3854,55,4,,1,77,,3855,55,4,,1,77,,3856,55,4,,1,37,,3857,55,4,,1,77,,3858,55,4,,1,37,,3859,55,4,,1,74,,3860,55,4,,1,76,,3861,55,4,,1,35,,3862,55,4,,1,75,,3863,55,4,,1,35,,3864,55,4,,1,75,,3865,55,4,,1
9001,'1',611,,6348,42,4,,1,11,,6347,42,4,,1,11,,6346,42,4,,1,11,,6345,42,4,,1,11,,6344,42,4,,1,51,,6343,42,4,,1,11,,6342,42,4,,1,14,,6340,42,4,,1,17,,6341,42,4,,1,10,,6360,42,4,,1,51,,6359,42,4,,1,19,,6358,42,4,,1,13,,6357,42,4,,1,13,,6356,42,4,,1,53,,6349,42,4,,1,13,,6350,42,4,,1,13,,6351,42,4,,1,13,,6352,42,4,,1,8,,6353,42,4,,1,49,,6354,42,4,,1,13,,6355,42,4,,1,39,,6368,42,4,,1,72,,6361,42,4,,1,32,,6362,42,4,,1,74,,6363,42,4,,1,72,,6364,42,4,,1,32,,6365,42,4,,1,72,,6366,42,4,,1,42,,6367,42,4,,1,65,,6369,42,4,,1,12,,6370,42,4,,1,14,,6371,42,4,,1,14,,6372,42,4,,1,57,,6373,42,4,,1,14,,6374,42,4,,1,12,,6375,42,4,,1,19,,6376,42,4,,1,54,,6377,42,4,,1,14,,6378,42,4,,1,14,,6379,42,4,,1,12,,6380,42,4,,1,54,,6381,42,4,,1,10,,6382,42,4,,1,14,,6383,42,4,,1,14,,6384,42,4,,1,14,,6385,42,4,,1,54,,6386,42,4,,1,14,,6387,42,4,,1,9,,6388,42,4,,1,65,,6395,42,4,,1,42,,6394,42,4,,1,79,,6389,42,4,,1,82,,6390,42,4,,1,42,,6391,42,4,,1,82,,6392,42,4,,1,79,,6393,42,4,,1,42,,6396,42,4,,1
9001,'2',623,,6397,25,4,,1,81,,6398,42,4,,1,41,,6399,42,4,,1,81,,6400,42,4,,1,88,,6406,42,4,,1,33,,6401,42,4,,1,72,,6402,42,4,,1,32,,6403,42,4,,1,75,,6404,42,4,,1,32,,6405,42,4,,1,72,,6411,42,4,,1,74,,6412,42,4,,1,32,,6413,42,4,,1,72,,6414,42,4,,1,32,,6415,42,4,,1,72,,6416,42,4,,1,32,,6417,42,4,,1,72,,6418,42,4,,1,34,,6419,42,4,,1,72,,6420,42,4,,1,32,,6421,42,4,,1,72,,6422,42,4,,1,32,,6423,42,4,,1,65,,6424,42,4,,1,32,,6425,42,4,,1,72,,6426,42,4,,1,95,,6427,42,4,,1,81,,6428,42,4,,1,41,,6407,42,4,,1,81,,6408,42,4,,1,81,,6409,42,4,,1,41,,6410,42,4,,1
9001,'3',833,,6429,25,4,,1,79,,6430,42,4,,1,42,,6431,42,4,,1,84,,6432,42,4,,1,82,,6433,42,4,,1,82,,6434,42,4,,1,47,,6435,42,4,,1,85,,6436,42,4,,1,85,,6437,42,4,,1,85,,6438,42,4,,1,45,,6439,42,4,,1,85,,6440,42,4,,1,85,,6441,42,4,,1,85,,6442,42,4,,1,42,,6443,42,4,,1,84,,6444,42,4,,1,77,,6445,42,4,,1,44,,6446,42,4,,1,79,,6447,42,4,,1,79,,6448,42,4,,1,39,,6449,42,4,,1
9001,'80',833,,6450,25,4,,1,79,,6451,42,4,,1,42,,6452,42,4,,1,84,,6453,42,4,,1,82,,6454,42,4,,1,82,,6455,42,4,,1,47,,6456,42,4,,1,85,,6457,42,4,,1,85,,6458,42,4,,1,85,,6459,42,4,,1,45,,6460,42,4,,1,85,,6461,42,4,,1,85,,6462,42,4,,1,85,,6463,42,4,,1,42,,6464,42,4,,1,84,,6465,42,4,,1,77,,6466,42,4,,1,44,,6467,42,4,,1,79,,6468,42,4,,1,79,,6469,42,4,,1,39,,6470,42,4,,1
9001,'81',833,,6471,25,4,,1,79,,6472,42,4,,1,42,,6473,42,4,,1,84,,6474,42,4,,1,82,,6475,42,4,,1,82,,6476,42,4,,1,47,,6477,42,4,,1,85,,6478,42,4,,1,85,,6479,42,4,,1,85,,6480,42,4,,1,45,,6481,42,4,,1,85,,6482,42,4,,1,85,,6483,42,4,,1,85,,6484,42,4,,1,42,,6485,42,4,,1,84,,6486,42,4,,1,77,,6487,42,4,,1,44,,6488,42,4,,1,79,,6489,42,4,,1,79,,6490,42,4,,1,39,,6491,42,4,,1
900201,'1',536,,11546,37,4,,1,19,,11547,37,4,,1,59,,11548,37,4,,1,19,,11549,37,4,,1,17,,11534,23,4,,1,59,,11535,23,4,,1,23,,11545,23,4,,1,69,,11544,23,4,,1,23,,11543,23,4,,1,21,,11536,23,4,,1,63,,11537,23,4,,1,20,,11538,23,4,,1,23,,11539,23,4,,1,63,,11540,23,4,,1,23,,11541,23,4,,1,63,,11542,23,4,,1,535,,11550,51,4,,1,23,,11551,51,4,,1,63,,11552,51,4,,1,23,,11553,51,4,,1,63,,11554,51,4,,1,19,,11555,51,4,,1,23,,11556,51,4,,1,56,,11557,51,4,,1,23,,11561,51,4,,1,17,,11558,51,4,,1,59,,11559,51,4,,1,19,,11560,51,4,,1
