9801,'1',516,,7165,14,,,1,35,,7164,14,,,1,75,,7163,14,,,1,75,,7162,14,,,1,35,,7161,14,,,1,75,,7160,14,,,1,35,,7159,14,,,1,75,,7158,14,,,1,35,,7171,14,,,1,99,,7170,14,,,1,98,,7169,14,,,1,98,,7168,14,,,1,100,,7167,14,,,1,80,,7166,14,,,1,80,,7181,14,,,1,40,,7180,14,,,1,80,,7179,14,,,1,80,,7178,14,,,1,40,,7177,14,,,1,79,,7176,14,,,1,79,,7175,14,,,1,91,,7174,14,,,1,50,,7173,14,,,1,88,,7172,14,,,1
9801,'2',524,,7200,14,,,1,86,,7199,14,,,1,46,,7198,14,,,1,86,,7197,14,,,1,87,,7196,14,,,1,94,,7195,14,,,1,94,,7194,14,,,1,97,,7193,14,,,1,94,,7192,14,,,1,100,,7191,14,,,1,98,,7190,14,,,1,98,,7189,14,,,1,97,,7188,14,,,1,58,,7187,14,,,1,98,,7186,14,,,1,96,,7185,14,,,1,87,,7184,14,,,1,89,,7183,14,,,1,88,,7182,14,,,1
9801,'3',706,,7217,14,,,1,48,,7218,14,,,1,88,,7216,14,,,1,88,,7215,14,,,1,88,,7214,14,,,1,94,,7213,14,,,1,93,,7212,14,,,1,53,,7211,14,,,1,95,,7210,14,,,1,93,,7209,14,,,1,93,,7208,14,,,1,93,,7207,14,,,1,93,,7206,14,,,1,92,,7205,14,,,1,87,,7204,14,,,1,48,,7203,14,,,1,87,,7202,14,,,1,88,,7201,14,,,1
9801,'80',706,,7235,14,,,1,48,,7236,14,,,1,88,,7234,14,,,1,88,,7233,14,,,1,88,,7232,14,,,1,94,,7231,14,,,1,93,,7230,14,,,1,53,,7229,14,,,1,95,,7228,14,,,1,93,,7227,14,,,1,93,,7226,14,,,1,93,,7225,14,,,1,93,,7224,14,,,1,92,,7223,14,,,1,87,,7222,14,,,1,48,,7221,14,,,1,87,,7220,14,,,1,88,,7219,14,,,1
9801,'81',706,,7253,14,,,1,48,,7254,14,,,1,88,,7252,14,,,1,88,,7251,14,,,1,88,,7250,14,,,1,94,,7249,14,,,1,93,,7248,14,,,1,53,,7247,14,,,1,95,,7246,14,,,1,93,,7245,14,,,1,93,,7244,14,,,1,93,,7243,14,,,1,93,,7242,14,,,1,92,,7241,14,,,1,87,,7240,14,,,1,48,,7239,14,,,1,87,,7238,14,,,1,88,,7237,14,,,1
989901,'1',2158,,11627,14,,,1,72,,11628,14,,,1,78,,11629,14,,,1,36,,11630,14,,,1,75,,11631,14,,,1,32,,11632,14,,,1,75,,11633,14,,,1,75,,11634,14,,,1
989901,'2',2203,,11635,14,,,1,54,,11636,14,,,1,83,,11637,14,,,1,91,,11640,14,,,1,85,,11638,14,,,1,86,,11639,14,,,1
989901,'3',2216,,11641,14,,,1,90,,11642,14,,,1,43,,11643,14,,,1,89,,11644,14,,,1,79,,11645,14,,,1,83,,11646,14,,,1
989901,'80',2216,,11647,14,,,1,90,,11648,14,,,1,43,,11649,14,,,1,89,,11650,14,,,1,79,,11651,14,,,1,83,,11652,14,,,1
989901,'81',2216,,11653,14,,,1,90,,11654,14,,,1,43,,11655,14,,,1,89,,11656,14,,,1,79,,11657,14,,,1,83,,11658,14,,,1
