60301,'1',559,,10162,13,,,1,60,,10163,13,,,1,16,,10164,13,,,1,18,,10165,13,,,1,58,,10166,13,,,1,20,,10167,13,,,1,18,,10168,13,,,1,60,,10169,13,,,1,23,,10170,13,,,1,18,,10171,13,,,1,58,,10172,13,,,1,13,,10173,13,,,1,19,,10174,13,,,1,62,,10175,13,,,1,22,,10176,13,,,1,22,,10177,13,,,1,64,,10178,13,,,1,22,,10179,13,,,1,22,,10180,13,,,1,62,,10181,13,,,1,22,,10182,13,,,1,62,,10183,13,,,1,22,,10184,13,,,1,22,,10185,13,,,1,62,,10186,13,,,1,22,,10187,13,,,1,22,,10188,13,,,1,63,,10189,13,,,1,16,,10190,13,,,1,16,,10191,13,,,1,56,,10192,13,,,1,16,,10193,13,,,1,16,,10194,13,,,1,16,,10195,13,,,1,56,,10196,13,,,1,16,,10197,13,,,1,16,,10198,13,,,1,16,,10199,13,,,1,56,,10200,13,,,1,16,,10201,13,,,1,12,,10202,13,,,1,16,,10203,13,,,1,56,,10204,13,,,1,16,,10205,13,,,1,26,,10206,13,,,1,67,,10207,13,,,1,30,,10208,13,,,1,70,,10209,13,,,1,30,,10210,13,,,1,70,,10211,13,,,1,34,,10212,13,,,1,82,,10213,13,,,1,78,,10214,13,,,1
60301,'2',606,,10217,13,,,1,39,,10218,13,,,1,84,,10219,13,,,1,80,,10220,13,,,1,38,,10221,13,,,1,84,,10222,13,,,1,80,,10223,13,,,1,38,,10224,13,,,1,88,,10225,13,,,1,77,,10226,13,,,1,38,,10227,13,,,1,79,,10228,13,,,1,78,,10229,13,,,1,37,,10230,13,,,1,81,,10231,13,,,1,77,,10232,13,,,1,38,,10233,13,,,1,75,,10234,13,,,1,38,,10235,13,,,1,77,,10236,13,,,1,78,,10237,13,,,1,36,,10238,13,,,1,91,,10239,13,,,1,78,,10240,13,,,1,39,,10241,13,,,1,80,,10242,13,,,1,96,,10243,13,,,1,92,,10244,13,,,1,92,,10245,13,,,1
60301,'3',819,,10249,13,,,1,40,,10250,13,,,1,76,,10251,13,,,1,89,,10252,13,,,1,81,,10253,13,,,1,42,,10254,13,,,1,81,,10255,13,,,1,85,,10256,13,,,1,42,,10257,13,,,1,82,,10258,13,,,1,82,,10259,13,,,1,81,,10260,13,,,1,39,,10261,13,,,1,76,,10262,13,,,1,37,,10263,13,,,1,75,,10264,13,,,1,73,,10265,13,,,1,36,,10266,13,,,1,75,,10267,13,,,1,35,,10268,13,,,1,76,,10269,13,,,1,80,,10270,13,,,1,104,,10271,13,,,1,103,,10272,13,,,1,106,,10273,13,,,1
60301,'80',819,,10277,13,,,1,40,,10278,13,,,1,76,,10279,13,,,1,89,,10280,13,,,1,81,,10281,13,,,1,42,,10282,13,,,1,81,,10283,13,,,1,85,,10284,13,,,1,42,,10285,13,,,1,82,,10286,13,,,1,82,,10287,13,,,1,81,,10288,13,,,1,39,,10289,13,,,1,76,,10290,13,,,1,37,,10291,13,,,1,75,,10292,13,,,1,73,,10293,13,,,1,36,,10294,13,,,1,75,,10295,13,,,1,35,,10296,13,,,1,76,,10297,13,,,1,80,,10298,13,,,1,104,,10299,13,,,1,103,,10300,13,,,1,106,,10301,13,,,1
60301,'81',819,,10305,13,,,1,40,,10306,13,,,1,76,,10307,13,,,1,89,,10308,13,,,1,81,,10309,13,,,1,42,,10310,13,,,1,81,,10311,13,,,1,85,,10312,13,,,1,42,,10313,13,,,1,82,,10314,13,,,1,82,,10315,13,,,1,81,,10316,13,,,1,39,,10317,13,,,1,76,,10318,13,,,1,37,,10319,13,,,1,75,,10320,13,,,1,73,,10321,13,,,1,36,,10322,13,,,1,75,,10323,13,,,1,35,,10324,13,,,1,76,,10325,13,,,1,80,,10326,13,,,1,104,,10327,13,,,1,103,,10328,13,,,1,106,,10329,13,,,1
6030101,'1',616,,12362,13,,,1,17,,12363,13,,,1,18,,12364,13,,,1,58,,12365,13,,,1,18,,12366,13,,,1,21,,12367,13,,,1,58,,12368,13,,,1,23,,12369,13,,,1,18,,12370,13,,,1,58,,12371,13,,,1,13,,12372,13,,,1,18,,12373,13,,,1,21,,12374,13,,,1,62,,12375,13,,,1,22,,12376,13,,,1,64,,12377,13,,,1,22,,12378,13,,,1,22,,12379,13,,,1,62,,12380,13,,,1,22,,12381,13,,,1,22,,12382,13,,,1,62,,12383,13,,,1,23,,12384,13,,,1,62,,12385,13,,,1,22,,12386,13,,,1,22,,12387,13,,,1,62,,12388,13,,,1,19,,12389,13,,,1,16,,12390,13,,,1,16,,12391,13,,,1,56,,12392,13,,,1,16,,12393,13,,,1,16,,12394,13,,,1,56,,12395,13,,,1,16,,12396,13,,,1,16,,12397,13,,,1,16,,12398,13,,,1,56,,12399,13,,,1,16,,12400,13,,,1,12,,12401,13,,,1,16,,12402,13,,,1,56,,12403,13,,,1,16,,12404,13,,,1,19,,12405,13,,,1,70,,12406,13,,,1,28,,12407,13,,,1,70,,12408,13,,,1,30,,12409,13,,,1,70,,12410,13,,,1,29,,12411,13,,,1,80,,12412,13,,,1,40,,12413,13,,,1,79,,12414,13,,,1
6030101,'2',630,,12415,13,,,1,80,,12416,13,,,1,41,,12417,13,,,1,80,,12418,13,,,1,81,,12419,13,,,1,44,,12420,13,,,1,78,,12421,13,,,1,88,,12435,13,,,1,78,,12434,13,,,1,41,,12422,13,,,1,78,,12423,13,,,1,38,,12424,13,,,1,78,,12425,13,,,1,78,,12426,13,,,1,42,,12427,13,,,1,78,,12428,13,,,1,78,,12429,13,,,1,32,,12430,13,,,1,85,,12431,13,,,1,31,,12432,13,,,1,76,,12433,13,,,1,90,,12437,13,,,1,76,,12436,13,,,1,40,,12441,13,,,1,83,,12442,13,,,1,90,,12446,13,,,1,88,,12443,13,,,1,52,,12444,13,,,1,92,,12445,13,,,1
6030101,'3',806,,12447,13,,,1,36,,12448,13,,,1,79,,12449,13,,,1,83,,12458,13,,,1,44,,12450,13,,,1,84,,12451,13,,,1,82,,12452,13,,,1,41,,12453,13,,,1,86,,12454,13,,,1,82,,12455,13,,,1,79,,12456,13,,,1,42,,12457,13,,,1,82,,12468,13,,,1,78,,12459,13,,,1,37,,12460,13,,,1,76,,12461,13,,,1,33,,12462,13,,,1,76,,12463,13,,,1,76,,12464,13,,,1,31,,12465,13,,,1,78,,12466,13,,,1,33,,12467,13,,,1,95,,12469,13,,,1,106,,12470,13,,,1,105,,12471,13,,,1,106,,12475,13,,,1
6030101,'80',806,,12476,13,,,1,36,,12477,13,,,1,79,,12478,13,,,1,83,,12487,13,,,1,44,,12479,13,,,1,84,,12480,13,,,1,82,,12481,13,,,1,41,,12482,13,,,1,86,,12483,13,,,1,82,,12484,13,,,1,79,,12485,13,,,1,42,,12486,13,,,1,82,,12497,13,,,1,78,,12488,13,,,1,37,,12489,13,,,1,76,,12490,13,,,1,33,,12491,13,,,1,76,,12492,13,,,1,76,,12493,13,,,1,31,,12494,13,,,1,78,,12495,13,,,1,33,,12496,13,,,1,95,,12498,13,,,1,106,,12499,13,,,1,105,,12500,13,,,1,106,,12504,13,,,1
6030101,'81',806,,12505,13,,,1,36,,12506,13,,,1,79,,12507,13,,,1,83,,12516,13,,,1,44,,12508,13,,,1,84,,12509,13,,,1,82,,12510,13,,,1,41,,12511,13,,,1,86,,12512,13,,,1,82,,12513,13,,,1,79,,12514,13,,,1,42,,12515,13,,,1,82,,12526,13,,,1,78,,12517,13,,,1,37,,12518,13,,,1,76,,12519,13,,,1,33,,12520,13,,,1,76,,12521,13,,,1,76,,12522,13,,,1,31,,12523,13,,,1,78,,12524,13,,,1,33,,12525,13,,,1,95,,12527,13,,,1,106,,12528,13,,,1,105,,12529,13,,,1,106,,12533,13,,,1
