9600,'1',656,,18524,66,,,1,86,,18523,66,,,1,71,,18522,66,,,1,37,,18521,66,,,1,67,,18520,66,,,1,34,,18517,66,,,1,74,,18518,66,,,1,30,,18519,66,,,1,72,,18532,66,,,1,27,,18531,62,,,1,79,,18525,62,,,1,79,,18526,62,,,1,39,,18527,62,,,1,85,,18528,62,,,1,65,,18529,62,,,1,53,,18530,66,,,1,83,,18538,66,,,1,67,,18537,66,,,1,31,,18536,66,,,1,24,,18533,66,,,1,67,,18534,66,,,1,21,,18535,66,,,1,67,,18541,66,,,1,20,,18542,66,,,1,13,,18552,66,,,1,11,,18540,66,,,1,65,,18539,66,,,1,30,,18549,62,,,1,70,,18548,62,,,1,15,,18551,62,,,1,12,,18543,62,,,1,70,,18544,62,,,1,30,,18545,62,,,1,68,,18546,62,,,1,30,,18547,62,,,1,57,,18550,62,,,1
9600,'2',1017,,18553,62,,,1,100,,18554,62,,,1,99,,18555,62,,,1,97,,18556,62,,,1,99,,18557,62,,,1,99,,18558,62,,,1,99,,18559,62,,,1,99,,18560,62,,,1,95,,18561,62,,,1,97,,18562,62,,,1,47,,18563,62,,,1,83,,18564,62,,,1,97,,18565,62,,,1
9600,'3',1108,,18566,62,,,1,94,,18567,62,,,1,54,,18568,62,,,1,94,,18569,62,,,1,94,,18570,62,,,1,94,,18571,62,,,1,94,,18572,62,,,1,94,,18573,62,,,1,92,,18574,62,,,1,94,,18575,62,,,1,94,,18576,62,,,1,51,,18577,62,,,1
9600,'80',1108,,18578,62,,,1,94,,18579,62,,,1,54,,18580,62,,,1,94,,18581,62,,,1,94,,18582,62,,,1,94,,18583,62,,,1,94,,18584,62,,,1,94,,18585,62,,,1,92,,18586,62,,,1,94,,18587,62,,,1,94,,18588,62,,,1,51,,18589,62,,,1
9800,'1',614,,18683,18,,,1,35,,18682,18,,,1,73,,18681,18,,,1,35,,18680,18,,,1,75,,18679,18,,,1,75,,18678,18,,,1,98,,18674,18,,,1,98,,18671,18,,,1,54,,18676,18,,,1,98,,18675,18,,,1,80,,18663,18,,,1,77,,18673,18,,,1,40,,18672,18,,,1,80,,18670,18,,,1,80,,18669,18,,,1,40,,18668,18,,,1,86,,18667,18,,,1,80,,18666,18,,,1,95,,18665,18,,,1,91,,18664,18,,,1,50,,18677,18,,,1
9800,'2',614,,18701,18,,,1,86,,18700,18,,,1,44,,18699,18,,,1,94,,18698,18,,,1,92,,18697,18,,,1,90,,18696,18,,,1,94,,18695,18,,,1,98,,18694,18,,,1,98,,18693,18,,,1,96,,18692,18,,,1,98,,18691,18,,,1,98,,18690,18,,,1,101,,18689,18,,,1,102,,18688,18,,,1,49,,18687,18,,,1,93,,18686,18,,,1,89,,18685,18,,,1,85,,18684,18,,,1
9800,'3',759,,18717,18,,,1,88,,18716,18,,,1,88,,18715,18,,,1,91,,18714,18,,,1,93,,18713,18,,,1,89,,18712,18,,,1,93,,18711,18,,,1,53,,18710,18,,,1,93,,18709,18,,,1,93,,18708,18,,,1,93,,18707,18,,,1,98,,18706,18,,,1,88,,18705,18,,,1,91,,18704,18,,,1,47,,18703,18,,,1,88,,18702,18,,,1
9800,'80',759,,18733,18,,,1,88,,18732,18,,,1,88,,18731,18,,,1,91,,18730,18,,,1,93,,18729,18,,,1,89,,18728,18,,,1,93,,18727,18,,,1,53,,18726,18,,,1,93,,18725,18,,,1,93,,18724,18,,,1,93,,18723,18,,,1,98,,18722,18,,,1,88,,18721,18,,,1,91,,18720,18,,,1,47,,18719,18,,,1,88,,18718,18,,,1
60100,'1',412,,20866,12,,,1,11,,20867,12,,,1,11,,20868,12,,,1,11,,20869,12,,,1,11,,20870,12,,,1,51,,20871,12,,,1,8,,20872,12,,,1,10,,20873,12,,,1,11,,20876,12,,,1,10,,20874,12,,,1,11,,20875,12,,,1,50,,20781,17,,,1,11,,20782,17,,,1,12,,20783,17,,,1,13,,20784,17,,,1,11,,20785,17,,,1,51,,20786,17,,,1,11,,20787,17,,,1,11,,20788,17,,,1,11,,20789,17,,,1,16,,20790,17,,,1,51,,20791,17,,,1,11,,20792,17,,,1,13,,20793,17,,,1,11,,20794,17,,,1,14,,20795,17,,,1,51,,20796,17,,,1,8,,20797,17,,,1,11,,20798,17,,,1,11,,20799,17,,,1,11,,20800,17,,,1,8,,20801,17,,,1,51,,20802,17,,,1,11,,20803,17,,,1,11,,20804,17,,,1,11,,20805,17,,,1,14,,20806,17,,,1,56,,20807,17,,,1,20,,20808,17,,,1,16,,20809,17,,,1,56,,20810,17,,,1,16,,20811,17,,,1,16,,20812,17,,,1,16,,20813,17,,,1,56,,20814,17,,,1,16,,20815,17,,,1,16,,20816,17,,,1,16,,20817,17,,,1,61,,20818,17,,,1,16,,20819,17,,,1,16,,20820,17,,,1,14,,20821,17,,,1,52,,20822,17,,,1,12,,20823,17,,,1,12,,20824,17,,,1,12,,20825,17,,,1,12,,20826,17,,,1,52,,20827,17,,,1,12,,20828,17,,,1,12,,20829,17,,,1,12,,20830,17,,,1,12,,20831,17,,,1,52,,20832,17,,,1,12,,20833,17,,,1,12,,20834,17,,,1,12,,20835,17,,,1,12,,20836,17,,,1,52,,20837,17,,,1,12,,20838,17,,,1,12,,20839,17,,,1,12,,20840,17,,,1,12,,20841,17,,,1,52,,20842,17,,,1,12,,20843,17,,,1,10,,20844,17,,,1,12,,20845,17,,,1,12,,20846,17,,,1,45,,20847,17,,,1,12,,20848,17,,,1,12,,20849,17,,,1,12,,20850,17,,,1,63,,20851,17,,,1,18,,20852,17,,,1,18,,20853,17,,,1,17,,20854,17,,,1,58,,20855,17,,,1,18,,20856,17,,,1,19,,20857,17,,,1,59,,20858,17,,,1,16,,20859,17,,,1,14,,20860,17,,,1,19,,20861,17,,,1,59,,20862,17,,,1,19,,20863,17,,,1,19,,20864,17,,,1,59,,20865,17,,,1
60100,'2',541,,20877,17,,,1,17,,20878,17,,,1,57,,20879,17,,,1,17,,20880,17,,,1,17,,20881,17,,,1,61,,20882,17,,,1,18,,20883,17,,,1,17,,20884,17,,,1,57,,20885,17,,,1,16,,20886,17,,,1,17,,20887,17,,,1,16,,20888,17,,,1,56,,20889,17,,,1,16,,20890,17,,,1,17,,20891,17,,,1,16,,20892,17,,,1,58,,20893,17,,,1,16,,20894,17,,,1,16,,20895,17,,,1,56,,20896,17,,,1,16,,20897,17,,,1,18,,20898,17,,,1,16,,20899,17,,,1,56,,20900,17,,,1,20,,20901,17,,,1,16,,20902,17,,,1,15,,20903,17,,,1,55,,20904,17,,,1,15,,20905,17,,,1,15,,20906,17,,,1,15,,20907,17,,,1,55,,20908,17,,,1,15,,20909,17,,,1,15,,20910,17,,,1,15,,20911,17,,,1,55,,20912,17,,,1,15,,20913,17,,,1,15,,20914,17,,,1,13,,20915,17,,,1,55,,20916,17,,,1,15,,20917,17,,,1,15,,20918,17,,,1,15,,20919,17,,,1,55,,20920,17,,,1,15,,20921,17,,,1,15,,20922,17,,,1,15,,20923,17,,,1,55,,20924,17,,,1,15,,20925,17,,,1,13,,20926,17,,,1,15,,20927,17,,,1,55,,20928,17,,,1,15,,20929,17,,,1,15,,20930,17,,,1,15,,20931,17,,,1,55,,20932,17,,,1,15,,20933,17,,,1,11,,20934,17,,,1,18,,20935,17,,,1,58,,20936,17,,,1,18,,20937,17,,,1,16,,20938,17,,,1,58,,20939,17,,,1,18,,20940,17,,,1,18,,20941,17,,,1,16,,20942,17,,,1,56,,20943,17,,,1,11,,20944,17,,,1,16,,20945,17,,,1,16,,20946,17,,,1,56,,20947,17,,,1,16,,20948,17,,,1,16,,20949,17,,,1,16,,20950,17,,,1,56,,20951,17,,,1
60100,'3',613,,20960,17,,,1,20,,20959,17,,,1,20,,20958,17,,,1,60,,20957,17,,,1,20,,20956,17,,,1,23,,20955,17,,,1,60,,20954,17,,,1,20,,20953,17,,,1,23,,20952,17,,,1,60,,20961,17,,,1,20,,20962,17,,,1,20,,20963,17,,,1,63,,20964,17,,,1,20,,20965,17,,,1,61,,20966,17,,,1,27,,20994,17,,,1,21,,20993,17,,,1,63,,20992,17,,,1,21,,20967,17,,,1,65,,20968,17,,,1,21,,20969,17,,,1,21,,20970,17,,,1,61,,20971,17,,,1,21,,20972,17,,,1,21,,20973,17,,,1,61,,20974,17,,,1,21,,20975,17,,,1,21,,20976,17,,,1,61,,20977,17,,,1,19,,20978,17,,,1,21,,20979,17,,,1,61,,20980,17,,,1,21,,20981,17,,,1,21,,20982,17,,,1,61,,20983,17,,,1,19,,20984,17,,,1,21,,20985,17,,,1,61,,20986,17,,,1,20,,20987,17,,,1,21,,20988,17,,,1,61,,20989,17,,,1,21,,20990,17,,,1,17,,20991,17,,,1,69,,21000,17,,,1,20,,20999,17,,,1,60,,20998,17,,,1,20,,20995,17,,,1,20,,20996,17,,,1,57,,20997,17,,,1,30,,21007,17,,,1,16,,21006,17,,,1,60,,21001,17,,,1,20,,21002,17,,,1,20,,21003,17,,,1,60,,21004,17,,,1,20,,21005,17,,,1
60100,'80',613,,21022,17,,,1,20,,21021,17,,,1,20,,21020,17,,,1,60,,21019,17,,,1,20,,21018,17,,,1,23,,21017,17,,,1,60,,21016,17,,,1,20,,21015,17,,,1,23,,21014,17,,,1,60,,21008,17,,,1,20,,21009,17,,,1,20,,21010,17,,,1,63,,21011,17,,,1,20,,21012,17,,,1,61,,21013,17,,,1,27,,21050,17,,,1,21,,21049,17,,,1,63,,21048,17,,,1,21,,21023,17,,,1,65,,21024,17,,,1,21,,21025,17,,,1,21,,21026,17,,,1,61,,21027,17,,,1,21,,21028,17,,,1,21,,21029,17,,,1,61,,21030,17,,,1,21,,21031,17,,,1,21,,21032,17,,,1,61,,21033,17,,,1,19,,21034,17,,,1,21,,21035,17,,,1,61,,21036,17,,,1,21,,21037,17,,,1,21,,21038,17,,,1,61,,21039,17,,,1,19,,21040,17,,,1,21,,21041,17,,,1,61,,21042,17,,,1,20,,21043,17,,,1,21,,21044,17,,,1,61,,21045,17,,,1,21,,21046,17,,,1,17,,21047,17,,,1,69,,21056,17,,,1,20,,21055,17,,,1,60,,21054,17,,,1,20,,21051,17,,,1,20,,21052,17,,,1,57,,21053,17,,,1,30,,21063,17,,,1,16,,21062,17,,,1,60,,21057,17,,,1,20,,21058,17,,,1,20,,21059,17,,,1,60,,21060,17,,,1,20,,21061,17,,,1
910200,'1',1603,,22635,40,,,1,43,,22643,40,,,1,85,,22639,40,,,1,85,,22640,40,,,1,43,,22641,40,,,1
989900,'1',2119,,22653,61,,,1,34,,22654,61,,,1,78,,22655,61,,,1,78,,22656,61,,,1,35,,22657,61,,,1,71,,22658,61,,,1,35,,22659,61,,,1,75,,22660,61,,,1,76,,22661,61,0,5 6,1,35,,22662,61,0,5 6,1,79,,22663,61,0,5 6,1
989900,'2',2123,,22664,61,,,1,94,,22665,61,,,1,86,,22666,61,,,1,52,,22667,61,,,1,86,,22668,61,,,1,86,,22669,61,,,1,84,,22670,61,0,5 6,1,46,,22671,61,0,5 6,1,86,,22672,61,0,5 6,1
989900,'3',2139,,22673,61,,,1,90,,22674,61,,,1,85,,22675,61,,,1,90,,22676,61,,,1,40,,22677,61,,,1,83,,22678,61,,,1,79,,22679,61,0,5 6,1,43,,22680,61,0,5 6,1,83,,22681,61,0,5 6,1
989900,'80',2139,,22682,61,,,1,90,,22683,61,,,1,85,,22684,61,,,1,90,,22685,61,,,1,40,,22686,61,,,1,83,,22687,61,,,1,79,,22688,61,0,5 6,1,43,,22689,61,0,5 6,1,83,,22690,61,0,5 6,1
