9600,'1',608,,31260,8,,,1,42,,31259,8,,,1,71,,31258,8,,,1,37,,31257,8,,,1,67,,31256,8,,,1,80,,31253,8,,,1,34,,31254,8,,,1,70,,31255,8,,,1,32,,31268,8,,,1,70,,31267,8,,,1,39,,31261,8,,,1,79,,31262,8,,,1,79,,31263,8,,,1,41,,31264,8,,,1,65,,31265,8,,,1,45,,31266,8,,,1,83,,31274,8,,,1,67,,31273,8,,,1,28,,31272,8,,,1,68,,31269,8,,,1,27,,31270,8,,,1,24,,31271,8,,,1,67,,31277,8,,,1,25,,31278,8,,,1,54,,31288,8,,,1,14,,31276,8,,,1,25,,31275,8,,,1,75,,31285,8,,,1,30,,31284,8,,,1,55,,31287,8,,,1,15,,31279,8,,,1,30,,31280,8,,,1,70,,31281,8,,,1,30,,31282,8,,,1,70,,31283,8,,,1,17,,31286,8,,,1
9600,'2',933,,31289,8,,,1,99,,31290,8,,,1,99,,31291,8,,,1,99,,31292,8,,,1,99,,31293,8,,,1,99,,31294,8,,,1,99,,31295,8,,,1,99,,31296,8,,,1,96,,31297,8,,,1,97,,31298,8,,,1,87,,31299,8,,,1,48,,31300,8,,,1,97,,31301,8,,,1
9600,'3',1027,,31302,8,,,1,94,,31303,8,,,1,94,,31304,8,,,1,94,,31305,8,,,1,94,,31306,8,,,1,54,,31307,8,,,1,94,,31308,8,,,1,94,,31309,8,,,1,93,,31310,8,,,1,94,,31311,8,,,1,94,,31312,8,,,1,94,,31313,8,,,1
9600,'74',933,,31314,8,,,1,99,,31315,8,,,1,99,,31316,8,,,1,99,,31317,8,,,1,99,,31318,8,,,1,99,,31319,8,,,1,99,,31320,8,,,1,99,,31321,8,,,1,96,,31322,8,,,1,97,,31323,8,,,1,87,,31324,8,,,1,48,,31325,8,,,1,97,,31326,8,,,1
9600,'80',1027,,31327,8,,,1,94,,31328,8,,,1,94,,31329,8,,,1,94,,31330,8,,,1,94,,31331,8,,,1,54,,31332,8,,,1,94,,31333,8,,,1,94,,31334,8,,,1,93,,31335,8,,,1,94,,31336,8,,,1,94,,31337,8,,,1,94,,31338,8,,,1
10700,'1',449,,32223,8,,,1,64,,32222,8,,,1,24,,32221,8,,,1,64,,32220,8,,,1,19,,32219,8,,,1,16,,32218,8,,,1,21,,32217,8,,,1,51,,32216,8,,,1,16,,32215,8,,,1,19,,32214,8,,,1,16,,32213,8,,,1,52,,32212,8,,,1,17,,32211,8,,,1,16,,32210,8,,,1,15,,32209,8,,,1,83,,32208,8,,,1,82,,32207,8,,,1,82,,32206,8,,,1,42,,32205,8,,,1,84,,32204,8,,,1,82,,32203,8,,,1,42,,32202,8,,,1,59,,32201,8,,,1,18,,32200,8,,,1,18,,32251,8,,,1,59,,32250,8,,,1,19,,32249,8,,,1,18,,32248,8,,,1,58,,32247,8,,,1,22,,32246,8,,,1,16,,32245,8,,,1,58,,32244,8,,,1,18,,32243,8,,,1,20,,32242,8,,,1,16,,32241,8,,,1,58,,32240,8,,,1,14,,32239,8,,,1,18,,32238,8,,,1,79,,32237,8,,,1,81,,32236,8,,,1,39,,32235,8,,,1,80,,32234,8,,,1,34,,32233,8,,,1,74,,32232,8,,,1,74,,32231,8,,,1,34,,32230,8,,,1,74,,32229,8,,,1,34,,32228,8,,,1,74,,32227,8,,,1,34,,32226,8,,,1,72,,32225,8,,,1,74,,32224,8,,,1
10700,'2',625,,32254,8,,,1,78,,32253,8,,,1,37,,32252,8,,,1,77,,32255,8,,,1,37,,32256,8,,,1,77,,32257,8,,,1,77,,32258,8,,,1,37,,32259,8,,,1,77,,32260,8,,,1,37,,32261,8,,,1,76,,32262,8,,,1,77,,32263,8,,,1,37,,32264,8,,,1,77,,32265,8,,,1,77,,32266,8,,,1,37,,32267,8,,,1,77,,32268,8,,,1,37,,32269,8,,,1,77,,32270,8,,,1,77,,32271,8,,,1,37,,32272,8,,,1,77,,32273,8,,,1,37,,32274,8,,,1,77,,32275,8,,,1,77,,32276,8,,,1,37,,32277,8,,,1,77,,32278,8,,,1,77,,32279,8,,,1,37,,32280,8,,,1,77,,32281,8,,,1,37,,32282,8,,,1,76,,32283,8,,,1,77,,32285,8,,,1,37,,32284,8,,,1
10700,'3',816,,32299,8,,,1,37,,32300,8,,,1,77,,32301,8,,,1,77,,32302,8,,,1,37,,32303,8,,,1,77,,32304,8,,,1,37,,32305,8,,,1,77,,32306,8,,,1,77,,32307,8,,,1,37,,32308,8,,,1,76,,32309,8,,,1,77,,32310,8,,,1,37,,32314,8,,,1,77,,32313,8,,,1,37,,32315,8,,,1,77,,32316,8,,,1,77,,32317,8,,,1,37,,32318,8,,,1,77,,32286,8,,,1,37,,32287,8,,,1,77,,32288,8,,,1,77,,32311,8,,,1,37,,32289,8,,,1,77,,32290,8,,,1,77,,32291,8,,,1,37,,32292,8,,,1,77,,32293,8,,,1,37,,32294,8,,,1,77,,32295,8,,,1,77,,32312,8,,,1,37,,32296,8,,,1
10700,'74',625,,32321,8,,,1,78,,32320,8,,,1,37,,32319,8,,,1,77,,32322,8,,,1,37,,32323,8,,,1,77,,32324,8,,,1,77,,32325,8,,,1,37,,32326,8,,,1,77,,32327,8,,,1,37,,32328,8,,,1,76,,32329,8,,,1,77,,32330,8,,,1,37,,32331,8,,,1,77,,32332,8,,,1,77,,32333,8,,,1,37,,32334,8,,,1,77,,32335,8,,,1,37,,32336,8,,,1,77,,32337,8,,,1,77,,32338,8,,,1,37,,32339,8,,,1,77,,32340,8,,,1,37,,32341,8,,,1,77,,32342,8,,,1,77,,32343,8,,,1,37,,32344,8,,,1,77,,32345,8,,,1,77,,32346,8,,,1,37,,32347,8,,,1,77,,32348,8,,,1,37,,32349,8,,,1,76,,32350,8,,,1,77,,32352,8,,,1,37,,32351,8,,,1
10700,'80',816,,32366,8,,,1,37,,32367,8,,,1,77,,32368,8,,,1,77,,32369,8,,,1,37,,32370,8,,,1,77,,32371,8,,,1,37,,32372,8,,,1,77,,32373,8,,,1,77,,32374,8,,,1,37,,32375,8,,,1,76,,32376,8,,,1,77,,32377,8,,,1,37,,32381,8,,,1,77,,32380,8,,,1,37,,32382,8,,,1,77,,32383,8,,,1,77,,32384,8,,,1,37,,32385,8,,,1,77,,32353,8,,,1,37,,32354,8,,,1,77,,32355,8,,,1,77,,32378,8,,,1,37,,32356,8,,,1,77,,32357,8,,,1,77,,32358,8,,,1,37,,32359,8,,,1,77,,32360,8,,,1,37,,32361,8,,,1,77,,32362,8,,,1,77,,32379,8,,,1,37,,32363,8,,,1
1070200,'1',512,,36926,8,,,1,12,,36925,8,,,1,12,,36924,8,,,1,12,,36923,8,,,1,52,,36922,8,,,1,12,,36921,8,,,1,12,,36920,8,,,1,16,,36919,8,,,1,8,,36918,8,,,1,53,,36917,8,,,1,13,,36916,8,,,1,12,,36915,8,,,1,12,,36914,8,,,1,12,,36913,8,,,1,52,,36912,8,,,1,11,,36911,8,,,1,12,,36910,8,,,1,12,,36909,8,,,1,67,,36938,8,,,1,25,,36937,8,,,1,26,,36936,8,,,1,65,,36935,8,,,1,26,,36934,8,,,1,66,,36933,8,,,1,26,,36932,8,,,1,66,,36931,8,,,1,30,,36930,8,,,1,22,,36929,8,,,1,66,,36928,8,,,1,26,,36927,8,,,1,70,,36939,8,,,1,16,,36940,8,,,1,16,,36941,8,,,1,56,,36942,8,,,1,16,,36943,8,,,1,16,,36944,8,,,1,16,,36945,8,,,1,56,,36946,8,,,1,20,,36947,8,,,1,19,,36948,8,,,1,59,,36949,8,,,1,19,,36950,8,,,1,19,,36951,8,,,1,59,,36952,8,,,1,27,,36953,8,,,1,22,,36954,8,,,1
