7700,'1',425,,4773,37,4,,1,15,,4774,37,4,,1,15,,4775,37,4,,1,55,,4776,37,4,,1,15,,4777,37,4,,1,9,,4731,50,4,,1,17,,4730,50,4,,1,53,,4729,50,4,,1,21,,4728,50,4,,1,15,,4726,50,4,,1,62,,4727,50,4,,1,13,,4746,50,4,,1,16,,4745,50,4,,1,16,,4744,50,4,,1,67,,4743,50,4,,1,16,,4742,50,4,,1,16,,4741,50,4,,1,56,,4732,50,4,,1,13,,4733,50,4,,1,16,,4734,50,4,,1,16,,4735,50,4,,1,56,,4736,50,4,,1,13,,4737,50,4,,1,12,,4738,50,4,,1,16,,4739,50,4,,1,71,,4740,50,4,,1,35,,4754,50,4,,1,70,,4753,50,4,,1,30,,4752,50,4,,1,70,,4747,50,4,,1,33,,4748,50,4,,1,61,,4778,37,4,,1,9,,4749,50,4,,1,29,,4779,37,4,,1,1,,4750,50,4,,1,76,,4751,50,4,,1,20,,4780,37,4,,1,3,,4772,50,4,,1,59,,4771,50,4,,1,26,,4770,50,4,,1,64,,4769,50,4,,1,19,,4768,50,4,,1,19,,4755,50,4,,1,19,,4756,50,4,,1,59,,4757,50,4,,1,13,,4758,50,4,,1,12,,4759,50,4,,1,59,,4760,50,4,,1,10,,4761,50,4,,1,19,,4762,50,4,,1,15,,4763,50,4,,1,13,,4764,50,4,,1,59,,4765,50,4,,1,19,,4766,50,4,,1,19,,4767,50,4,,1,69,,4783,50,4,,1,27,,4782,50,4,,1,67,,4781,50,4,,1,39,,4792,50,4,,1,73,,4791,50,4,,1,26,,4790,50,4,,1,73,,4784,50,4,,1,73,,4785,50,4,,1,33,,4786,50,4,,1,73,,4787,50,4,,1,33,,4788,50,4,,1,73,,4789,50,4,,1
7700,'2',506,,4793,37,4,,1,30,,4794,50,4,,1,75,,4795,50,4,,1,35,,4796,50,4,,1,76,,4797,50,4,,1,35,,4798,50,4,,1,75,,4799,50,4,,1,77,,4800,50,4,,1,35,,4801,50,4,,1,75,,4802,50,4,,1,90,,4803,50,4,,1,41,,4804,50,4,,1,81,,4805,50,4,,1,89,,4806,50,4,,1,81,,4807,50,4,,1,41,,4808,50,4,,1,76,,4809,50,4,,1,33,,4810,50,4,,1,73,,4811,50,4,,1,29,,4812,50,4,,1,73,,4813,50,4,,1,33,,4814,50,4,,1,70,,4815,50,4,,1,73,,4816,50,4,,1,30,,4817,50,4,,1,69,,4818,50,4,,1,30,,4819,50,4,,1,70,,4820,50,4,,1,23,,4821,50,4,,1,30,,4822,50,4,,1,74,,4823,50,4,,1,30,,4824,50,4,,1,70,,4826,50,4,,1,24,,4827,50,4,,1,70,,4828,50,4,,1,23,,4825,50,4,,1,70,,4829,50,4,,1,33,,4830,50,4,,1,73,,4831,50,4,,1,33,,4832,50,4,,1,73,,4833,50,4,,1
7700,'3',851,,4834,51,4,,1,92,,4835,51,4,,1,92,,4836,51,4,,1,97,,4837,51,4,,1,97,,4838,51,4,,1,89,,4839,51,4,,1,92,,4840,51,4,,1,95,,4841,51,4,,1,52,,4842,51,4,,1,89,,4843,51,4,,1,92,,4844,51,4,,1,97,,4845,51,4,,1,88,,4846,51,4,,1,90,,4847,51,4,,1,91,,4848,51,4,,1,43,,4849,51,4,,1,87,,4850,51,4,,1,88,,4851,51,4,,1,86,,4852,51,4,,1,47,,4853,51,4,,1,80,,4854,51,4,,1,80,,4855,51,4,,1,36,,4856,51,4,,1,80,,4857,51,4,,1
7700,'80',851,,4858,51,4,,1,92,,4859,51,4,,1,92,,4860,51,4,,1,97,,4861,51,4,,1,97,,4862,51,4,,1,89,,4863,51,4,,1,92,,4864,51,4,,1,95,,4865,51,4,,1,52,,4866,51,4,,1,89,,4867,51,4,,1,92,,4868,51,4,,1,97,,4869,51,4,,1,88,,4870,51,4,,1,90,,4871,51,4,,1,91,,4872,51,4,,1,43,,4873,51,4,,1,87,,4874,51,4,,1,88,,4875,51,4,,1,86,,4876,51,4,,1,47,,4877,51,4,,1,80,,4878,51,4,,1,80,,4879,51,4,,1,36,,4880,51,4,,1,80,,4881,51,4,,1
7700,'81',851,,4882,51,4,,1,92,,4883,51,4,,1,92,,4884,51,4,,1,97,,4885,51,4,,1,97,,4886,51,4,,1,89,,4887,51,4,,1,92,,4888,51,4,,1,95,,4889,51,4,,1,52,,4890,51,4,,1,89,,4891,51,4,,1,92,,4892,51,4,,1,97,,4893,51,4,,1,88,,4894,51,4,,1,90,,4895,51,4,,1,91,,4896,51,4,,1,43,,4897,51,4,,1,87,,4898,51,4,,1,88,,4899,51,4,,1,86,,4900,51,4,,1,47,,4901,51,4,,1,80,,4902,51,4,,1,80,,4903,51,4,,1,36,,4904,51,4,,1,80,,4905,51,4,,1
7701,'1',430,,4906,1,,,1,17,,4907,1,,,1,53,,4908,1,,,1,15,,4909,1,,,1,15,,4910,1,,,1,15,,4911,1,,,1,55,,4912,1,,,1,16,,4913,1,,,1,16,,4914,1,,,1,16,,4915,1,,,1,56,,4916,1,,,1,16,,4917,1,,,1,16,,4918,1,,,1,16,,4919,1,,,1,56,,4920,1,,,1,16,,4921,1,,,1,16,,4922,1,,,1,16,,4923,1,,,1,56,,4924,1,,,1,16,,4925,1,,,1,16,,4926,1,,,1,56,,4927,1,,,1,30,,4928,1,,,1,70,,4929,1,,,1,30,,4930,1,,,1,70,,4931,1,,,1,30,,4932,1,,,1,70,,4933,1,,,1,30,,4934,1,,,1,70,,4935,1,,,1,19,,4936,1,,,1,19,,4937,1,,,1,19,,4938,1,,,1,59,,4939,1,,,1,19,,4940,1,,,1,19,,4941,1,,,1,59,,4942,1,,,1,19,,4943,1,,,1,19,,4944,1,,,1,59,,4945,1,,,1,19,,4946,1,,,1,19,,4947,1,,,1,59,,4948,1,,,1,19,,4949,1,,,1,19,,4950,1,,,1,59,,4951,1,,,1,19,,4952,1,,,1,19,,4953,1,,,1,67,,4954,1,,,1,27,,4955,1,,,1,67,,4956,1,,,1,27,,4957,1,,,1,27,,4958,1,,,1,73,,4959,1,,,1,73,,4960,1,,,1,33,,4961,1,,,1,73,,4962,1,,,1,33,,4963,1,,,1,73,,4964,1,,,1,33,,4965,1,,,1,75,,4966,1,,,1
7701,'2',511,,4975,1,,,1,35,,4976,1,,,1,75,,4977,1,,,1,35,,4978,1,,,1,75,,4979,1,,,1,75,,4980,1,,,1,35,,4981,1,,,1,75,,4982,1,,,1,86,,4983,1,,,1,41,,4984,1,,,1,81,,4985,1,,,1,81,,4986,1,,,1,41,,4987,1,,,1,81,,4988,1,,,1,81,,4989,1,,,1,42,,5008,1,,,1,73,,4990,1,,,1,33,,4991,1,,,1,73,,4992,1,,,1,73,,4993,1,,,1,33,,4994,1,,,1,73,,4995,1,,,1,30,,4996,1,,,1,70,,4997,1,,,1,30,,4998,1,,,1,70,,4999,1,,,1,30,,5000,1,,,1,70,,5001,1,,,1,30,,5002,1,,,1,70,,5003,1,,,1,30,,5004,1,,,1,70,,5005,1,,,1,30,,5006,1,,,1,76,,5007,1,,,1,36,,5009,1,,,1,70,,5010,1,,,1,33,,5011,1,,,1,73,,5012,1,,,1
7701,'3',910,,5013,1,,,1,92,,5014,1,,,1,52,,5015,1,,,1,92,,5016,1,,,1,92,,5017,1,,,1,92,,5018,1,,,1,92,,5019,1,,,1,92,,5020,1,,,1,92,,5021,1,,,1,52,,5022,1,,,1,92,,5023,1,,,1,92,,5024,1,,,1,92,,5025,1,,,1,86,,5026,1,,,1,89,,5031,1,,,1,45,,5027,1,,,1,88,,5028,1,,,1,88,,5029,1,,,1,83,,5030,1,,,1,87,,5034,1,,,1,40,,5032,1,,,1,80,,5033,1,,,1
7701,'80',910,,5038,1,,,1,92,,5039,1,,,1,52,,5040,1,,,1,92,,5041,1,,,1,92,,5042,1,,,1,92,,5043,1,,,1,92,,5044,1,,,1,92,,5045,1,,,1,92,,5046,1,,,1,52,,5047,1,,,1,92,,5048,1,,,1,92,,5049,1,,,1,92,,5050,1,,,1,86,,5051,1,,,1,89,,5056,1,,,1,45,,5052,1,,,1,88,,5053,1,,,1,88,,5054,1,,,1,83,,5055,1,,,1,87,,5059,1,,,1,40,,5057,1,,,1,80,,5058,1,,,1
7701,'81',910,,5063,1,,,1,92,,5064,1,,,1,52,,5065,1,,,1,92,,5066,1,,,1,92,,5067,1,,,1,92,,5068,1,,,1,92,,5069,1,,,1,92,,5070,1,,,1,92,,5071,1,,,1,52,,5072,1,,,1,92,,5073,1,,,1,92,,5074,1,,,1,92,,5075,1,,,1,86,,5076,1,,,1,89,,5081,1,,,1,45,,5077,1,,,1,88,,5078,1,,,1,88,,5079,1,,,1,83,,5080,1,,,1,87,,5084,1,,,1,40,,5082,1,,,1,80,,5083,1,,,1
