8600,'1',541,,5698,1,,,1,75,,5699,1,,,1,24,,5700,1,,,1,70,,5701,1,,,1,19,,5702,1,,,1,28,,5703,1,,,1,76,,5704,1,,,1,83,,5716,1,,,1,39,,5705,1,,,1,94,,5706,1,,,1,94,,5707,1,,,1,90,,5708,1,,,1,96,,5709,1,,,1,75,,5710,1,,,1,107,,5711,1,,,1,48,,5712,1,,,1,68,,5717,1,,,1,84,,5714,1,,,1,35,,5713,1,,,1,68,,5715,1,,,1,19,,5718,1,,,1,83,,5719,1,,,1,89,,5720,1,,,1,40,,5722,1,,,1,81,,5721,1,,,1
8600,'2',741,,5723,1,,,1,86,,5724,1,,,1,86,,5725,1,,,1,46,,5726,1,,,1,86,,5727,1,,,1,86,,5728,1,,,1,86,,5729,1,,,1,86,,5730,1,,,1,46,,5731,1,,,1,86,,5732,1,,,1,86,,5733,1,,,1,86,,5734,1,,,1,46,,5735,1,,,1,86,,5736,1,,,1,86,,5737,1,,,1,86,,5738,1,,,1
8601,'1',623,,5743,50,4,,1,33,,5742,50,4,,1,68,,5739,50,4,,1,28,,5740,50,4,,1,76,,5741,53,4,,1,81,,5744,49,4,,1,33,,5747,49,4,,1,102,,5746,49,4,,1,86,,5745,49,4,,1,94,,5748,49,4,,1,93,,5749,49,4,,1,42,,5750,49,4,,1,144,,5751,53,4,,1,48,,5752,49,4,,1,71,,5762,49,4,,1,29,,5753,49,4,,1,89,,5754,49,4,,1,64,,5755,50,4,,1,24,,5757,50,4,,1,72,,5756,50,4,,1,28,,5758,49,4,,1,72,,5759,50,4,,1,40,,5760,49,4,,1,81,,5761,49,4,,1
8601,'2',819,,5763,49,4,,1,86,,5764,49,4,,1,49,,5765,49,4,,1,86,,5766,49,4,,1,86,,5767,49,4,,1,86,,5768,49,4,,1,44,,5769,49,4,,1,86,,5770,49,4,,1,86,,5771,49,4,,1,87,,5772,49,4,,1,86,,5773,49,4,,1,46,,5774,49,4,,1,86,,5775,49,4,,1,80,,5776,49,4,,1,46,,5777,49,4,,1,86,,5778,49,4,,1
9900,'1',343,,7281,1,,,1,80,,7282,1,,,1,32,,7255,21,,,1,81,,7256,21,,,1,80,,7257,21,,,1,42,,7258,21,,,1,93,,7259,21,,,1,75,,7260,21,,,1,78,,7261,21,,,1,31,,7262,21,,,1,75,,7263,21,,,1,35,,7264,21,,,1,97,,7265,21,,,1,94,,7266,21,,,1,94,,7267,21,,,1,94,,7268,21,,,1,32,,7280,21,,,1,71,,7279,21,,,1,29,,7269,21,,,1,70,,7270,21,,,1,30,,7271,21,,,1,70,,7272,21,,,1,30,,7273,21,,,1,69,,7274,21,,,1,30,,7275,21,,,1,65,,7276,21,,,1,30,,7277,21,,,1,69,,7278,21,,,1
9900,'2',503,,7301,1,,,1,37,,7302,1,,,1,73,,7283,21,,,1,38,,7284,21,,,1,78,,7298,21,,,1,89,,7297,21,,,1,87,,7285,21,,,1,47,,7286,21,,,1,87,,7287,21,,,1,88,,7288,21,,,1,105,,7289,21,,,1,95,,7290,21,,,1,95,,7291,21,,,1,95,,7292,21,,,1,95,,7293,21,,,1,95,,7294,21,,,1,95,,7295,21,,,1,55,,7296,21,,,1,87,,7300,21,,,1,90,,7299,21,,,1
9900,'3',505,,7321,1,,,1,38,,7322,1,,,1,78,,7303,21,,,1,38,,7304,21,,,1,78,,7305,21,,,1,78,,7306,21,,,1,92,,7323,21,,,1,49,,7307,21,,,1,89,,7308,21,,,1,89,,7309,21,,,1,90,,7310,21,,,1,89,,7311,21,,,1,89,,7312,21,,,1,49,,7313,21,,,1,89,,7314,21,,,1,89,,7315,21,,,1,89,,7316,21,,,1,87,,7317,21,,,1,49,,7318,21,,,1,89,,7319,21,,,1,86,,7320,21,,,1
9900,'80',505,,7342,1,,,1,38,,7343,1,,,1,78,,7324,21,,,1,38,,7325,21,,,1,78,,7326,21,,,1,78,,7327,21,,,1,92,,7344,21,,,1,49,,7328,21,,,1,89,,7329,21,,,1,89,,7330,21,,,1,90,,7331,21,,,1,89,,7332,21,,,1,89,,7333,21,,,1,49,,7334,21,,,1,89,,7335,21,,,1,89,,7336,21,,,1,89,,7337,21,,,1,87,,7338,21,,,1,49,,7339,21,,,1,89,,7340,21,,,1,86,,7341,21,,,1
9900,'81',505,,7363,1,,,1,38,,7364,1,,,1,78,,7345,21,,,1,38,,7346,21,,,1,78,,7347,21,,,1,78,,7348,21,,,1,92,,7365,21,,,1,49,,7349,21,,,1,89,,7350,21,,,1,89,,7351,21,,,1,90,,7352,21,,,1,89,,7353,21,,,1,89,,7354,21,,,1,49,,7355,21,,,1,89,,7356,21,,,1,89,,7357,21,,,1,89,,7358,21,,,1,87,,7359,21,,,1,49,,7360,21,,,1,89,,7361,21,,,1,86,,7362,21,,,1
989900,'1',2052,,11580,21,,,1,76,,11581,21,,,1,78,,11582,21,,,1,38,,11583,21,,,1,75,,11584,21,,,1,34,,11585,21,,,1,75,,11586,21,,,1,75,,11587,21,,,1,35,,11588,21,0,5 6,1,75,,11589,21,0,5 6,1,41,,11590,21,0,5 6,1
989900,'2',2055,,11591,21,,,1,94,,11592,21,,,1,90,,11593,21,,,1,94,,11594,21,,,1,86,,11595,21,,,1,86,,11596,21,,,1,45,,11597,21,0,5 6,1,86,,11598,21,0,5 6,1,86,,11599,21,0,5 6,1
989900,'3',2112,,11600,21,,,1,90,,11601,21,,,1,49,,11602,21,,,1,90,,11603,21,,,1,82,,11604,21,,,1,83,,11605,21,,,1,40,,11606,21,0,5 6,1,83,,11607,21,0,5 6,1,83,,11608,21,0,5 6,1
989900,'80',2112,,11609,21,,,1,90,,11610,21,,,1,49,,11611,21,,,1,90,,11612,21,,,1,82,,11613,21,,,1,83,,11614,21,,,1,40,,11615,21,0,5 6,1,83,,11616,21,0,5 6,1,83,,11617,21,0,5 6,1
989900,'81',2112,,11618,21,,,1,90,,11619,21,,,1,49,,11620,21,,,1,90,,11621,21,,,1,82,,11622,21,,,1,83,,11623,21,,,1,40,,11624,21,0,5 6,1,83,,11625,21,0,5 6,1,83,,11626,21,0,5 6,1
