901,'1',652,,2160,51,,,1,69,,2153,51,,,1,35,,2154,51,,,1,73,,2155,51,,,1,73,,2156,51,,,1,33,,2157,51,,,1,73,,2158,51,,,1,33,,2159,51,,,1,70,,2167,51,,,1,44,,2161,51,,,1,84,,2162,51,,,1,84,,2163,51,,,1,86,,2164,51,,,1,44,,2165,51,,,1,102,,2166,51,,,1,82,,2168,51,,,1,73,,2169,51,,,1,33,,2170,51,,,1,76,,2171,51,,,1,87,,2172,51,,,1,31,,2173,51,,,1,78,,2174,51,,,1,38,,2175,51,,,1,71,,2176,51,,,1
901,'2',756,,2177,51,,,1,87,,2178,51,,,1,87,,2179,51,,,1,87,,2180,51,,,1,87,,2181,51,,,1,47,,2182,51,,,1,87,,2183,51,,,1,87,,2184,51,,,1,87,,2185,51,,,1,47,,2186,51,,,1,87,,2187,51,,,1,87,,2188,51,,,1,87,,2189,51,,,1,87,,2190,51,,,1,47,,2191,51,,,1,87,,2192,51,,,1,87,,2193,51,,,1,87,,2194,51,,,1,87,,2195,51,,,1
901,'3',858,,2196,51,,,1,87,,2197,51,,,1,87,,2198,51,,,1,87,,2199,51,,,1,87,,2200,51,,,1,47,,2201,51,,,1,87,,2202,51,,,1,87,,2203,51,,,1,87,,2204,51,,,1,87,,2205,51,,,1,47,,2206,51,,,1,87,,2207,51,,,1,87,,2208,51,,,1,87,,2209,51,,,1,47,,2210,51,,,1,87,,2211,51,,,1
901,'80',858,,2212,51,,,1,87,,2213,51,,,1,87,,2214,51,,,1,87,,2215,51,,,1,87,,2216,51,,,1,47,,2217,51,,,1,87,,2218,51,,,1,87,,2219,51,,,1,87,,2220,51,,,1,87,,2221,51,,,1,47,,2222,51,,,1,87,,2223,51,,,1,87,,2224,51,,,1,87,,2225,51,,,1,47,,2226,51,,,1,87,,2227,51,,,1
901,'81',858,,2228,51,,,1,87,,2229,51,,,1,87,,2230,51,,,1,87,,2231,51,,,1,87,,2232,51,,,1,47,,2233,51,,,1,87,,2234,51,,,1,87,,2235,51,,,1,87,,2236,51,,,1,87,,2237,51,,,1,47,,2238,51,,,1,87,,2239,51,,,1,87,,2240,51,,,1,87,,2241,51,,,1,47,,2242,51,,,1,87,,2243,51,,,1
1600,'1',538,,2463,29,,,1,62,,2464,29,,,1,10,,2421,50,,,1,22,,2422,50,,,1,27,,2423,50,,,1,62,,2424,50,,,1,26,,2425,50,,,1,62,,2426,50,,,1,18,,2427,50,,,1,26,,2428,50,,,1,62,,2429,50,,,1,22,,2430,50,,,1,68,,2431,50,,,1,29,,2432,50,,,1,75,,2433,50,,,1,27,,2434,50,,,1,71,,2435,50,,,1,31,,2436,50,,,1,71,,2437,50,,,1,31,,2438,50,,,1,71,,2439,50,,,1,23,,2465,29,,,1,12,,2440,50,,,1,66,,2441,50,,,1,23,,2442,50,,,1,23,,2443,50,,,1,63,,2444,50,,,1,23,,2445,50,,,1,68,,2446,50,,,1,23,,2447,50,,,1,23,,2448,50,,,1,63,,2449,50,,,1,23,,2450,50,,,1,58,,2451,50,,,1,17,,2452,50,,,1,23,,2453,50,,,1,63,,2454,50,,,1,23,,2455,50,,,1,23,,2456,50,,,1,56,,2457,50,,,1,34,,2458,50,,,1,74,,2459,50,,,1,34,,2460,50,,,1,71,,2461,50,,,1,34,,2462,50,,,1,74,,2466,50,,,1
1600,'2',645,,2494,29,,,1,73,,2467,50,,,1,38,,2468,50,,,1,83,,2469,50,,,1,78,,2470,50,,,1,38,,2471,50,,,1,78,,2472,50,,,1,78,,2473,50,,,1,38,,2474,50,,,1,78,,2475,50,,,1,78,,2476,50,,,1,45,,2477,50,,,1,81,,2478,50,,,1,83,,2479,50,,,1,41,,2480,50,,,1,77,,2481,50,,,1,81,,2482,50,,,1,41,,2483,50,,,1,81,,2484,50,,,1,81,,2485,50,,,1,31,,2486,50,,,1,76,,2487,50,,,1,79,,2488,50,,,1,33,,2489,50,,,1,73,,2490,50,,,1,37,,2491,50,,,1,75,,2492,50,,,1,36,,2493,50,,,1
1600,'3',727,,2510,29,,,1,95,,2511,29,,,1,91,,2495,50,,,1,97,,2496,50,,,1,95,,2497,50,,,1,95,,2498,50,,,1,56,,2499,50,,,1,99,,2504,50,,,1,97,,2500,50,,,1,98,,2501,50,,,1,98,,2502,50,,,1,95,,2503,50,,,1,93,,2509,50,,,1,92,,2505,50,,,1,89,,2506,50,,,1,92,,2507,50,,,1,49,,2508,50,,,1
1600,'80',727,,2527,29,,,1,95,,2528,29,,,1,91,,2512,50,,,1,97,,2513,50,,,1,95,,2514,50,,,1,95,,2515,50,,,1,56,,2516,50,,,1,99,,2521,50,,,1,97,,2517,50,,,1,98,,2518,50,,,1,98,,2519,50,,,1,95,,2520,50,,,1,93,,2526,50,,,1,92,,2522,50,,,1,89,,2523,50,,,1,92,,2524,50,,,1,49,,2525,50,,,1
1600,'81',727,,2530,29,,,1,95,,2531,29,,,1,91,,2529,50,,,1,97,,2532,50,,,1,95,,2533,50,,,1,95,,2534,50,,,1,56,,2535,50,,,1,99,,2540,50,,,1,97,,2536,50,,,1,98,,2537,50,,,1,98,,2538,50,,,1,95,,2539,50,,,1,93,,2545,50,,,1,92,,2541,50,,,1,89,,2542,50,,,1,92,,2543,50,,,1,49,,2544,50,,,1
41700,'24612.1',834,,9233,57,,,1,1,,9234,57,,,1
