200,'1',541,,23881,6,0,12 13,1,61,,23880,6,0,12 13,1,21,,23879,6,0,12 13,1,21,,23878,6,0,12 13,1,61,,23871,6,0,12 13,1,21,,23872,6,0,12 13,1,23,,23873,6,0,12 13,1,61,,23874,6,0,12 13,1,21,,23875,6,0,12 13,1,20,,23876,6,0,12 13,1,61,,23877,6,0,12 13,1,21,,23882,6,0,12 13,1,77,,23890,6,0,12 13,1,35,,23883,6,0,12 13,1,76,,23884,6,0,12 13,1,35,,23885,6,0,12 13,1,75,,23886,6,0,12 13,1,75,,23887,6,0,12 13,1,35,,23888,6,0,12 13,1,72,,23889,6,0,12 13,1,34,,23903,6,0,12 13,1,63,,23902,6,0,12 13,1,23,,23901,6,0,12 13,1,23,,23891,6,0,12 13,1,63,,23892,6,0,12 13,1,23,,23893,6,0,12 13,1,58,,23894,6,0,12 13,1,28,,23895,6,0,12 13,1,23,,23896,6,0,12 13,1,62,,23897,6,0,12 13,1,23,,23898,6,0,12 13,1,64,,23899,6,0,12 13,1,23,,23900,6,0,12 13,1,90,,23909,6,0,12 13,1,38,,23904,6,0,12 13,1,80,,23905,6,0,12 13,1,80,,23906,6,0,12 13,1,39,,23907,6,0,12 13,1,80,,23908,6,0,12 13,1
200,'2',801,,23938,6,,,1,40,,23937,6,,,1,80,,23913,6,,,1,80,,23914,6,,,1,40,,23915,6,,,1,80,,23916,6,,,1,80,,23917,6,,,1,40,,23918,6,,,1,80,,23919,6,,,1,80,,23920,6,,,1,40,,23921,6,,,1,80,,23922,6,,,1,80,,23923,6,,,1,40,,23924,6,,,1,80,,23925,6,,,1,80,,23926,6,,,1,40,,23927,6,,,1,80,,23928,6,,,1,80,,23929,6,,,1,40,,23930,6,,,1,79,,23931,6,,,1,32,,23936,6,,,1,73,,23935,6,,,1,33,,23932,6,,,1,73,,23933,6,,,1,73,,23934,6,,,1
200,'3',848,,23939,6,,,1,158,,23940,6,,,1,117,,23941,6,,,1,117,,23942,6,,,1,117,,23943,6,,,1,157,,23944,6,,,1,117,,23945,6,,,1,117,,23946,6,,,1,157,,23947,6,,,1,117,,23948,6,,,1,107,,23949,6,,,1,108,,23950,6,,,1,108,,23951,6,,,1
200,'74',801,,23977,6,,,1,40,,23976,6,,,1,80,,23952,6,,,1,80,,23953,6,,,1,40,,23954,6,,,1,80,,23955,6,,,1,80,,23956,6,,,1,40,,23957,6,,,1,80,,23958,6,,,1,80,,23959,6,,,1,40,,23960,6,,,1,80,,23961,6,,,1,80,,23962,6,,,1,40,,23963,6,,,1,80,,23964,6,,,1,80,,23965,6,,,1,40,,23966,6,,,1,80,,23967,6,,,1,80,,23968,6,,,1,40,,23969,6,,,1,79,,23970,6,,,1,32,,23975,6,,,1,73,,23974,6,,,1,33,,23971,6,,,1,73,,23972,6,,,1,73,,23973,6,,,1
200,'80',848,,23978,6,,,1,158,,23979,6,,,1,117,,23980,6,,,1,117,,23981,6,,,1,117,,23982,6,,,1,157,,23983,6,,,1,117,,23984,6,,,1,117,,23985,6,,,1,157,,23986,6,,,1,117,,23987,6,,,1,107,,23988,6,,,1,108,,23989,6,,,1,108,,23990,6,,,1
501,'1',551,,24862,6,,,1,62,,24861,6,,,1,22,,24860,6,,,1,22,,24859,6,,,1,62,,24858,6,,,1,23,,24857,6,,,1,62,,24856,6,,,1,22,,24855,6,,,1,22,,24854,6,,,1,62,,24853,6,,,1,41,,24842,6,,,1,72,,24852,6,,,1,32,,24851,6,,,1,72,,24850,6,,,1,32,,24849,6,,,1,72,,24848,6,,,1,72,,24847,6,,,1,32,,24846,6,,,1,72,,24845,6,,,1,37,,24844,6,,,1,67,,24843,6,,,1,27,,24841,6,,,1,63,,24840,6,,,1,23,,24839,6,,,1,23,,24838,6,,,1,62,,24864,6,,,1,23,,24877,6,,,1,23,,24876,6,,,1,63,,24875,6,,,1,26,,24874,6,,,1,63,,24873,6,,,1,23,,24872,6,,,1,23,,24871,6,,,1,59,,24870,6,,,1,28,,24869,6,,,1,68,,24868,6,,,1,27,,24867,6,,,1,66,,24866,6,,,1,30,,24865,6,,,1,21,,24863,6,,,1
501,'2',653,,24894,6,,,1,68,,24895,6,,,1,28,,24896,6,,,1,68,,24897,6,,,1,28,,24898,6,,,1,68,,24904,6,,,1,28,,24899,6,,,1,68,,24900,6,,,1,28,,24901,6,,,1,68,,24902,6,,,1,28,,24903,6,,,1,68,,24878,6,,,1,28,,24879,6,,,1,29,,24880,6,,,1,69,,24881,6,,,1,29,,24882,6,,,1,69,,24883,6,,,1,29,,24884,6,,,1,69,,24885,6,,,1,29,,24886,6,,,1,69,,24887,6,,,1,29,,24888,6,,,1,69,,24889,6,,,1,29,,24905,6,,,1,67,,24890,6,,,1,27,,24891,6,,,1,67,,24892,6,,,1,25,,24893,6,,,1
501,'74',653,,24910,6,,,1,68,,24911,6,,,1,28,,24912,6,,,1,68,,24913,6,,,1,28,,24914,6,,,1,68,,24920,6,,,1,28,,24915,6,,,1,68,,24916,6,,,1,28,,24917,6,,,1,68,,24918,6,,,1,28,,24919,6,,,1,68,,24906,6,,,1,28,,24907,6,,,1,29,,24908,6,,,1,69,,24909,6,,,1,29,,24921,6,,,1,69,,24922,6,,,1,29,,24923,6,,,1,69,,24924,6,,,1,29,,24925,6,,,1,69,,24926,6,,,1,29,,24927,6,,,1,69,,24928,6,,,1,29,,24933,6,,,1,67,,24929,6,,,1,27,,24930,6,,,1,67,,24931,6,,,1,25,,24932,6,,,1
2300,'1',630,,27566,6,,,1,108,,27565,6,,,1,106,,27564,6,,,1,762,,27563,6,,,1,50,,27562,6,,,1,90,,27561,6,,,1,90,,27569,6,,,1,90,,27568,6,,,1
7701,'1',433,,29118,6,,,1,17,,29119,6,,,1,53,,29120,6,,,1,15,,29121,6,,,1,15,,29122,6,,,1,15,,29123,6,,,1,55,,29124,6,,,1,16,,29125,6,,,1,16,,29126,6,,,1,16,,29127,6,,,1,57,,29128,6,,,1,16,,29129,6,,,1,16,,29130,6,,,1,16,,29131,6,,,1,56,,29132,6,,,1,16,,29133,6,,,1,16,,29134,6,,,1,56,,29135,6,,,1,16,,29136,6,,,1,16,,29137,6,,,1,16,,29138,6,,,1,56,,29139,6,,,1,30,,29140,6,,,1,70,,29141,6,,,1,30,,29142,6,,,1,70,,29143,6,,,1,30,,29144,6,,,1,71,,29145,6,,,1,30,,29146,6,,,1,70,,29147,6,,,1,19,,29148,6,,,1,19,,29149,6,,,1,59,,29150,6,,,1,19,,29151,6,,,1,19,,29152,6,,,1,19,,29153,6,,,1,59,,29154,6,,,1,19,,29155,6,,,1,19,,29156,6,,,1,59,,29157,6,,,1,19,,29158,6,,,1,19,,29159,6,,,1,58,,29160,6,,,1,19,,29161,6,,,1,19,,29162,6,,,1,59,,29163,6,,,1,19,,29164,6,,,1,19,,29165,6,,,1,67,,29166,6,,,1,27,,29167,6,,,1,67,,29168,6,,,1,27,,29169,6,,,1,67,,29170,6,,,1,33,,29171,6,,,1,72,,29172,6,,,1,33,,29173,6,,,1,73,,29174,6,,,1,32,,29175,6,,,1,73,,29176,6,,,1,33,,29177,6,,,1,75,,29178,6,,,1
7701,'2',514,,29187,6,,,1,35,,29188,6,,,1,75,,29189,6,,,1,35,,29190,6,,,1,75,,29191,6,,,1,75,,29192,6,,,1,35,,29193,6,,,1,75,,29194,6,,,1,86,,29195,6,,,1,42,,29196,6,,,1,81,,29197,6,,,1,81,,29198,6,,,1,41,,29199,6,,,1,82,,29200,6,,,1,80,,29201,6,,,1,42,,29220,6,,,1,73,,29202,6,,,1,73,,29203,6,,,1,33,,29204,6,,,1,74,,29205,6,,,1,32,,29206,6,,,1,73,,29207,6,,,1,30,,29208,6,,,1,70,,29209,6,,,1,30,,29210,6,,,1,70,,29211,6,,,1,30,,29212,6,,,1,70,,29213,6,,,1,30,,29214,6,,,1,70,,29215,6,,,1,30,,29216,6,,,1,69,,29217,6,,,1,30,,29218,6,,,1,76,,29219,6,,,1,36,,29221,6,,,1,70,,29222,6,,,1,33,,29223,6,,,1,73,,29224,6,,,1
7701,'3',914,,29225,6,,,1,92,,29226,6,,,1,52,,29227,6,,,1,92,,29228,6,,,1,92,,29229,6,,,1,92,,29230,6,,,1,93,,29231,6,,,1,91,,29232,6,,,1,92,,29233,6,,,1,92,,29234,6,,,1,52,,29235,6,,,1,93,,29236,6,,,1,91,,29237,6,,,1,86,,29238,6,,,1,89,,29243,6,,,1,44,,29239,6,,,1,88,,29240,6,,,1,88,,29241,6,,,1,83,,29242,6,,,1,87,,29246,6,,,1,40,,29244,6,,,1,80,,29245,6,,,1
7701,'74',514,,29253,6,,,1,35,,29254,6,,,1,75,,29255,6,,,1,35,,29256,6,,,1,75,,29257,6,,,1,75,,29258,6,,,1,35,,29259,6,,,1,75,,29260,6,,,1,86,,29261,6,,,1,42,,29262,6,,,1,81,,29263,6,,,1,81,,29264,6,,,1,41,,29265,6,,,1,82,,29266,6,,,1,80,,29267,6,,,1,42,,29286,6,,,1,73,,29268,6,,,1,73,,29269,6,,,1,33,,29270,6,,,1,74,,29271,6,,,1,32,,29272,6,,,1,73,,29273,6,,,1,30,,29274,6,,,1,70,,29275,6,,,1,30,,29276,6,,,1,70,,29277,6,,,1,30,,29278,6,,,1,70,,29279,6,,,1,30,,29280,6,,,1,70,,29281,6,,,1,30,,29282,6,,,1,69,,29283,6,,,1,30,,29284,6,,,1,76,,29285,6,,,1,36,,29287,6,,,1,70,,29288,6,,,1,33,,29289,6,,,1,73,,29290,6,,,1
7701,'80',914,,29291,6,,,1,92,,29292,6,,,1,52,,29293,6,,,1,92,,29294,6,,,1,92,,29295,6,,,1,92,,29296,6,,,1,93,,29297,6,,,1,91,,29298,6,,,1,92,,29299,6,,,1,92,,29300,6,,,1,52,,29301,6,,,1,93,,29302,6,,,1,91,,29303,6,,,1,86,,29304,6,,,1,89,,29309,6,,,1,44,,29305,6,,,1,88,,29306,6,,,1,88,,29307,6,,,1,83,,29308,6,,,1,87,,29312,6,,,1,40,,29310,6,,,1,80,,29311,6,,,1
8800,'1',548,,30108,6,,,1,55,,30109,6,,,1,15,,30110,6,,,1,15,,30111,6,,,1,15,,30112,6,,,1,55,,30113,6,,,1,12,,30114,6,,,1,18,,30115,6,,,1,7,,30167,6,,,1,7,,30116,6,,,1,54,,30117,6,,,1,14,,30118,6,,,1,14,,30119,6,,,1,14,,30120,6,,,1,14,,30121,6,,,1,53,,30122,6,,,1,14,,30123,6,,,1,14,,30124,6,,,1,14,,30125,6,,,1,54,,30126,6,,,1,14,,30127,6,,,1,14,,30128,6,,,1,70,,30129,6,,,1,30,,30130,6,,,1,70,,30131,6,,,1,31,,30132,6,,,1,70,,30133,6,,,1,40,,30134,6,,,1,10,,30135,6,,,1,70,,30136,6,,,1,15,,30137,6,,,1,15,,30138,6,,,1,57,,30139,6,,,1,15,,30140,6,,,1,15,,30141,6,,,1,15,,30142,6,,,1,57,,30143,6,,,1,13,,30144,6,,,1,15,,30145,6,,,1,15,,30146,6,,,1,55,,30147,6,,,1,15,,30148,6,,,1,14,,30149,6,,,1,15,,30150,6,,,1,55,,30151,6,,,1,14,,30152,6,,,1,13,,30153,6,,,1,14,,30154,6,,,1,54,,30155,6,,,1,14,,30156,6,,,1,14,,30157,6,,,1,14,,30158,6,,,1,54,,30159,6,,,1,41,,30160,6,,,1,79,,30161,6,,,1,81,,30162,6,,,1,41,,30163,6,,,1,72,,30168,6,,,1
8800,'2',648,,30169,6,,,1,69,,30170,6,,,1,36,,30176,6,,,1,74,,30175,6,,,1,74,,30171,6,,,1,32,,30172,6,,,1,77,,30173,6,,,1,34,,30174,6,,,1,79,,30192,6,,,1,29,,30177,6,,,1,69,,30178,6,,,1,29,,30179,6,,,1,69,,30180,6,,,1,29,,30181,6,,,1,69,,30182,6,,,1,29,,30183,6,,,1,69,,30184,6,,,1,29,,30185,6,,,1,69,,30186,6,,,1,29,,30187,6,,,1,69,,30188,6,,,1,29,,30189,6,,,1,69,,30190,6,,,1,29,,30191,6,,,1,65,,30202,6,,,1,26,,30201,6,,,1,27,,30200,6,,,1,64,,30193,6,,,1,27,,30194,6,,,1,65,,30195,6,,,1,26,,30196,6,,,1,66,,30197,6,,,1,26,,30198,6,,,1,26,,30199,6,,,1
8800,'3',817,,30209,6,,,1,31,,30207,6,,,1,71,,30208,6,,,1,38,,30214,6,,,1,75,,30213,6,,,1,75,,30210,6,,,1,35,,30211,6,,,1,75,,30212,6,,,1,35,,30228,6,,,1,69,,30218,6,,,1,30,,30219,6,,,1,69,,30220,6,,,1,29,,30221,6,,,1,69,,30222,6,,,1,29,,30223,6,,,1,69,,30224,6,,,1,29,,30225,6,,,1,68,,30226,6,,,1,27,,30227,6,,,1,69,,30237,6,,,1,26,,30236,6,,,1,23,,30235,6,,,1,65,,30229,6,,,1,25,,30230,6,,,1,65,,30231,6,,,1,25,,30232,6,,,1,65,,30233,6,,,1,24,,30234,6,,,1
8800,'74',648,,30238,6,,,1,69,,30239,6,,,1,36,,30245,6,,,1,74,,30244,6,,,1,74,,30240,6,,,1,32,,30241,6,,,1,77,,30242,6,,,1,34,,30243,6,,,1,79,,30261,6,,,1,29,,30246,6,,,1,69,,30247,6,,,1,29,,30248,6,,,1,69,,30249,6,,,1,29,,30250,6,,,1,69,,30251,6,,,1,29,,30252,6,,,1,69,,30253,6,,,1,29,,30254,6,,,1,69,,30255,6,,,1,29,,30256,6,,,1,69,,30257,6,,,1,29,,30258,6,,,1,69,,30259,6,,,1,29,,30260,6,,,1,65,,30271,6,,,1,26,,30270,6,,,1,27,,30269,6,,,1,64,,30262,6,,,1,27,,30263,6,,,1,65,,30264,6,,,1,26,,30265,6,,,1,66,,30266,6,,,1,26,,30267,6,,,1,26,,30268,6,,,1
8800,'80',817,,30278,6,,,1,31,,30276,6,,,1,71,,30277,6,,,1,38,,30283,6,,,1,75,,30282,6,,,1,75,,30279,6,,,1,35,,30280,6,,,1,75,,30281,6,,,1,35,,30294,6,,,1,69,,30284,6,,,1,30,,30285,6,,,1,69,,30286,6,,,1,29,,30287,6,,,1,69,,30288,6,,,1,29,,30289,6,,,1,69,,30290,6,,,1,29,,30291,6,,,1,68,,30292,6,,,1,27,,30293,6,,,1,69,,30303,6,,,1,26,,30302,6,,,1,23,,30301,6,,,1,65,,30295,6,,,1,25,,30296,6,,,1,65,,30297,6,,,1,25,,30298,6,,,1,65,,30299,6,,,1,24,,30300,6,,,1
9100,'1',549,,30826,6,,,1,51,,30827,6,,,1,11,,30828,6,,,1,11,,30829,6,,,1,11,,30837,6,,,1,11,,30838,6,,,1,11,,30839,6,,,1,52,,30840,6,,,1,12,,30841,6,,,1,12,,30842,6,,,1,13,,30843,6,,,1,12,,30844,6,,,1,52,,30845,6,,,1,12,,30846,6,,,1,12,,30847,6,,,1,12,,30848,6,,,1,12,,30849,6,,,1,51,,30850,6,,,1,12,,30851,6,,,1,12,,30852,6,,,1,12,,30853,6,,,1,12,,30854,6,,,1,65,,30855,6,,,1,25,,30856,6,,,1,65,,30857,6,,,1,25,,30858,6,,,1,65,,30859,6,,,1,25,,30860,6,,,1,25,,30861,6,,,1,65,,30862,6,,,1,13,,30863,6,,,1,13,,30864,6,,,1,13,,30865,6,,,1,53,,30866,6,,,1,13,,30867,6,,,1,13,,30868,6,,,1,13,,30869,6,,,1,54,,30870,6,,,1,13,,30871,6,,,1,13,,30872,6,,,1,13,,30873,6,,,1,13,,30874,6,,,1,53,,30875,6,,,1,14,,30876,6,,,1,14,,30877,6,,,1,14,,30878,6,,,1,54,,30879,6,,,1,14,,30880,6,,,1,14,,30881,6,,,1,14,,30882,6,,,1,14,,30883,6,,,1,54,,30884,6,,,1,14,,30885,6,,,1,14,,30886,6,,,1,14,,30887,6,,,1,53,,30888,6,,,1,23,,30889,6,,,1,23,,30890,6,,,1,63,,30891,6,,,1,23,,30892,6,,,1,63,,30893,6,,,1,23,,30894,6,,,1,22,,30895,6,,,1,63,,30896,6,,,1,23,,30897,6,,,1,23,,30898,6,,,1,63,,30899,6,,,1,23,,30900,6,,,1,63,,30901,6,,,1,23,,30902,6,,,1,23,,30903,6,,,1
9100,'2',648,,30906,6,,,1,62,,30907,6,,,1,22,,30908,6,,,1,22,,30909,6,,,1,62,,30910,6,,,1,22,,30911,6,,,1,62,,30912,6,,,1,22,,30913,6,,,1,22,,30914,6,,,1,65,,30915,6,,,1,25,,30916,6,,,1,25,,30917,6,,,1,66,,30918,6,,,1,25,,30919,6,,,1,65,,30920,6,,,1,25,,30921,6,,,1,65,,30922,6,,,1,25,,30923,6,,,1,25,,30924,6,,,1,65,,30925,6,,,1,25,,30926,6,,,1,65,,30927,6,,,1,25,,30928,6,,,1,65,,30929,6,,,1,25,,30930,6,,,1,25,,30931,6,,,1,65,,30932,6,,,1,25,,30933,6,,,1,65,,30934,6,,,1,25,,30935,6,,,1,25,,30936,6,,,1,65,,30937,6,,,1,25,,30938,6,,,1,69,,30939,6,,,1,29,,30940,6,,,1,69,,30941,6,,,1,29,,30942,6,,,1,69,,30943,6,,,1,28,,30944,6,,,1,69,,30945,6,,,1
9100,'3',651,,30946,6,,,1,156,,30947,6,,,1,47,,30948,6,,,1,77,,30949,6,,,1,27,,30950,6,,,1,72,,30951,6,,,1,72,,30952,6,,,1,32,,30953,6,,,1,72,,30954,6,,,1,32,,30955,6,,,1,72,,30956,6,,,1,32,,30957,6,,,1,72,,30958,6,,,1,32,,30959,6,,,1,72,,30960,6,,,1,32,,30961,6,,,1,72,,30962,6,,,1,32,,30963,6,,,1,72,,30964,6,,,1,32,,30965,6,,,1,72,,30966,6,,,1,72,,30967,6,,,1,42,,30968,6,,,1,82,,30969,6,,,1,82,,30970,6,,,1,41,,30971,6,,,1,82,,30972,6,,,1,78,,30973,6,,,1,34,,30974,6,,,1,76,,30975,6,,,1
9100,'74',648,,30976,6,,,1,62,,30977,6,,,1,22,,30978,6,,,1,22,,30979,6,,,1,62,,30980,6,,,1,22,,30981,6,,,1,62,,30982,6,,,1,22,,30983,6,,,1,22,,30984,6,,,1,65,,30985,6,,,1,25,,30986,6,,,1,25,,30987,6,,,1,66,,30988,6,,,1,25,,30989,6,,,1,65,,30990,6,,,1,25,,30991,6,,,1,65,,30992,6,,,1,25,,30993,6,,,1,25,,30994,6,,,1,65,,30995,6,,,1,25,,30996,6,,,1,65,,30997,6,,,1,25,,30998,6,,,1,65,,30999,6,,,1,25,,31000,6,,,1,25,,31001,6,,,1,65,,31002,6,,,1,25,,31003,6,,,1,65,,31004,6,,,1,25,,31005,6,,,1,25,,31006,6,,,1,65,,31007,6,,,1,25,,31008,6,,,1,69,,31009,6,,,1,29,,31010,6,,,1,69,,31011,6,,,1,29,,31012,6,,,1,69,,31013,6,,,1,28,,31014,6,,,1,69,,31015,6,,,1
9100,'80',651,,31016,6,,,1,156,,31017,6,,,1,47,,31018,6,,,1,77,,31019,6,,,1,27,,31020,6,,,1,72,,31021,6,,,1,72,,31022,6,,,1,32,,31023,6,,,1,72,,31024,6,,,1,32,,31025,6,,,1,72,,31026,6,,,1,32,,31027,6,,,1,72,,31028,6,,,1,32,,31029,6,,,1,72,,31030,6,,,1,32,,31031,6,,,1,72,,31032,6,,,1,32,,31033,6,,,1,72,,31034,6,,,1,32,,31035,6,,,1,72,,31036,6,,,1,72,,31037,6,,,1,42,,31038,6,,,1,82,,31039,6,,,1,82,,31040,6,,,1,41,,31041,6,,,1,82,,31042,6,,,1,78,,31043,6,,,1,34,,31044,6,,,1,76,,31045,6,,,1
9900,'1',443,,31612,6,,,1,80,,31613,6,,,1,80,,31614,6,,,1,41,,31615,6,,,1,90,,31616,6,,,1,75,,31617,6,,,1,35,,31618,6,,,1,75,,31619,6,,,1,35,,31620,6,,,1,75,,31621,6,,,1,96,,31622,6,,,1,94,,31623,6,,,1,94,,31624,6,,,1,94,,31625,6,,,1,28,,31637,6,,,1,71,,31636,6,,,1,29,,31626,6,,,1,70,,31627,6,,,1,30,,31628,6,,,1,70,,31629,6,,,1,30,,31630,6,,,1,70,,31631,6,,,1,30,,31632,6,,,1,70,,31633,6,,,1,30,,31634,6,,,1,70,,31635,6,,,1
9900,'2',601,,31640,6,,,1,38,,31641,6,,,1,78,,31655,6,,,1,88,,31654,6,,,1,47,,31642,6,,,1,87,,31643,6,,,1,87,,31644,6,,,1,87,,31645,6,,,1,104,,31646,6,,,1,95,,31647,6,,,1,95,,31648,6,,,1,95,,31649,6,,,1,55,,31650,6,,,1,95,,31651,6,,,1,95,,31652,6,,,1,95,,31653,6,,,1,88,,31657,6,,,1,90,,31656,6,,,1
9900,'3',608,,31660,6,,,1,38,,31661,6,,,1,78,,31662,6,,,1,78,,31663,6,,,1,51,,31680,6,,,1,89,,31664,6,,,1,89,,31665,6,,,1,89,,31666,6,,,1,89,,31667,6,,,1,49,,31668,6,,,1,89,,31669,6,,,1,89,,31670,6,,,1,89,,31671,6,,,1,89,,31672,6,,,1,89,,31673,6,,,1,49,,31674,6,,,1,89,,31675,6,,,1,89,,31676,6,,,1,87,,31677,6,,,1
9900,'74',601,,31681,6,,,1,38,,31682,6,,,1,78,,31696,6,,,1,88,,31695,6,,,1,47,,31683,6,,,1,87,,31684,6,,,1,87,,31685,6,,,1,87,,31686,6,,,1,104,,31687,6,,,1,95,,31688,6,,,1,95,,31689,6,,,1,95,,31690,6,,,1,55,,31691,6,,,1,95,,31692,6,,,1,95,,31693,6,,,1,95,,31694,6,,,1,88,,31698,6,,,1,90,,31697,6,,,1
9900,'80',608,,31701,6,,,1,38,,31702,6,,,1,78,,31703,6,,,1,78,,31704,6,,,1,51,,31721,6,,,1,89,,31705,6,,,1,89,,31706,6,,,1,89,,31707,6,,,1,89,,31708,6,,,1,49,,31709,6,,,1,89,,31710,6,,,1,89,,31711,6,,,1,89,,31712,6,,,1,89,,31713,6,,,1,89,,31714,6,,,1,49,,31715,6,,,1,89,,31716,6,,,1,89,,31717,6,,,1,87,,31718,6,,,1
36000,'1',834,,33649,6,,,1,69,,33650,6,,,1,29,,33651,6,,,1,69,,33652,6,,,1,28,,33653,6,,,1,30,,33654,6,,,1,84,,33655,6,,,1,84,,33656,6,,,1,84,,33657,6,,,1,44,,33658,6,,,1,84,,33659,6,,,1,84,,33660,6,,,1,84,,33661,6,,,1,44,,33662,6,,,1,84,,33663,6,,,1,84,,33664,6,,,1,83,,33665,6,,,1,44,,33666,6,,,1,84,,33667,6,,,1,26,,33668,6,,,1,66,,33669,6,,,1,26,,33670,6,,,1,66,,33671,6,,,1
36000,'2',833,,33672,6,,,1,23,,33673,6,,,1,63,,33674,6,,,1,23,,33675,6,,,1,63,,33676,6,,,1,23,,33677,6,,,1,23,,33678,6,,,1,64,,33679,6,,,1,23,,33680,6,,,1,63,,33681,6,,,1,23,,33682,6,,,1,23,,33683,6,,,1,63,,33684,6,,,1,23,,33685,6,,,1,22,,33686,6,,,1,63,,33687,6,,,1,24,,33688,6,,,1,63,,33689,6,,,1,23,,33690,6,,,1,23,,33691,6,,,1,62,,33692,6,,,1,23,,33693,6,,,1,23,,33694,6,,,1,63,,33695,6,,,1,24,,33696,6,,,1,63,,33697,6,,,1,24,,33698,6,,,1,24,,33699,6,,,1,64,,33700,6,,,1,24,,33701,6,,,1,64,,33702,6,,,1,24,,33703,6,,,1,24,,33704,6,,,1,64,,33705,6,,,1,24,,33706,6,,,1,64,,33707,6,,,1
36000,'3',833,,33708,6,,,1,22,,33709,6,,,1,62,,33710,6,,,1,22,,33711,6,,,1,62,,33712,6,,,1,22,,33713,6,,,1,22,,33714,6,,,1,62,,33715,6,,,1,22,,33716,6,,,1,22,,33717,6,,,1,62,,33718,6,,,1,22,,33719,6,,,1,22,,33720,6,,,1,62,,33721,6,,,1,22,,33722,6,,,1,62,,33723,6,,,1,22,,33724,6,,,1,22,,33725,6,,,1,62,,33726,6,,,1,22,,33727,6,,,1,22,,33728,6,,,1,62,,33729,6,,,1,22,,33730,6,,,1,22,,33731,6,,,1,62,,33732,6,,,1,22,,33733,6,,,1,62,,33734,6,,,1,22,,33735,6,,,1,23,,33736,6,,,1,63,,33737,6,,,1,23,,33738,6,,,1,23,,33739,6,,,1,63,,33740,6,,,1,23,,33741,6,,,1,63,,33742,6,,,1,23,,33743,6,,,1,23,,33744,6,,,1,63,,33745,6,,,1
36000,'74',833,,33746,6,,,1,23,,33747,6,,,1,63,,33748,6,,,1,23,,33749,6,,,1,63,,33750,6,,,1,23,,33751,6,,,1,23,,33752,6,,,1,64,,33753,6,,,1,23,,33754,6,,,1,63,,33755,6,,,1,23,,33756,6,,,1,23,,33757,6,,,1,63,,33758,6,,,1,23,,33759,6,,,1,22,,33760,6,,,1,63,,33761,6,,,1,24,,33762,6,,,1,63,,33763,6,,,1,23,,33764,6,,,1,23,,33765,6,,,1,62,,33766,6,,,1,23,,33767,6,,,1,23,,33768,6,,,1,63,,33769,6,,,1,24,,33770,6,,,1,63,,33771,6,,,1,24,,33772,6,,,1,24,,33773,6,,,1,64,,33774,6,,,1,24,,33775,6,,,1,64,,33776,6,,,1,24,,33777,6,,,1,24,,33778,6,,,1,64,,33779,6,,,1,24,,33780,6,,,1,64,,33781,6,,,1,24,,33782,6,,,1
36000,'80',833,,33783,6,,,1,22,,33784,6,,,1,62,,33785,6,,,1,22,,33786,6,,,1,62,,33787,6,,,1,22,,33788,6,,,1,22,,33789,6,,,1,62,,33790,6,,,1,22,,33791,6,,,1,22,,33792,6,,,1,62,,33793,6,,,1,22,,33794,6,,,1,22,,33795,6,,,1,62,,33796,6,,,1,22,,33797,6,,,1,62,,33798,6,,,1,22,,33799,6,,,1,22,,33800,6,,,1,62,,33801,6,,,1,22,,33802,6,,,1,22,,33803,6,,,1,62,,33804,6,,,1,22,,33805,6,,,1,22,,33806,6,,,1,62,,33807,6,,,1,22,,33808,6,,,1,62,,33809,6,,,1,22,,33810,6,,,1,23,,33811,6,,,1,63,,33812,6,,,1,23,,33813,6,,,1,23,,33814,6,,,1,63,,33815,6,,,1,23,,33816,6,,,1,63,,33817,6,,,1,23,,33818,6,,,1,23,,33819,6,,,1,63,,33820,6,,,1
989900,'1',2039,,36830,6,,,1,77,,36831,6,,,1,38,,36832,6,,,1,78,,36833,6,,,1,75,,36834,6,,,1,34,,36835,6,,,1,75,,36836,6,,,1,35,,36837,6,,,1,75,,36838,6,0,5 6,1,75,,36839,6,0,5 6,1,41,,36840,6,0,5 6,1
989900,'2',2040,,36841,6,,,1,94,,36842,6,,,1,93,,36843,6,,,1,94,,36844,6,,,1,86,,36845,6,,,1,46,,36846,6,,,1,86,,36847,6,0,5 6,1,86,,36848,6,0,5 6,1,86,,36849,6,0,5 6,1
989900,'3',2058,,36850,6,,,1,90,,36851,6,,,1,91,,36852,6,,,1,90,,36853,6,,,1,82,,36854,6,,,1,43,,36855,6,,,1,82,,36856,6,0,5 6,1,83,,36857,6,0,5 6,1,83,,36858,6,0,5 6,1
989900,'74',2040,,36859,6,,,1,94,,36860,6,,,1,93,,36861,6,,,1,94,,36862,6,,,1,86,,36863,6,,,1,46,,36864,6,,,1,86,,36865,6,0,5 6,1,86,,36866,6,0,5 6,1,86,,36867,6,0,5 6,1
989900,'80',2058,,36868,6,,,1,90,,36869,6,,,1,91,,36870,6,,,1,90,,36871,6,,,1,82,,36872,6,,,1,43,,36873,6,,,1,82,,36874,6,0,5 6,1,83,,36875,6,0,5 6,1,83,,36876,6,0,5 6,1
