9600,'1',619,,6908,20,,,1,82,,6907,20,,,1,31,,6906,20,,,1,77,,6905,20,,,1,27,,6904,20,,,1,79,,6901,20,,,1,34,,6902,20,,,1,70,,6903,20,,,1,32,,6916,20,,,1,70,,6915,20,,,1,79,,6909,20,,,1,39,,6910,20,,,1,79,,6911,20,,,1,83,,6912,20,,,1,25,,6913,20,,,1,85,,6914,20,,,1,43,,6922,20,,,1,67,,6921,20,,,1,28,,6920,20,,,1,68,,6917,20,,,1,27,,6918,20,,,1,63,,6919,20,,,1,27,,6925,20,,,1,24,,6926,20,,,1,53,,6936,20,,,1,13,,6924,20,,,1,25,,6923,20,,,1,74,,6933,20,,,1,30,,6932,20,,,1,55,,6935,20,,,1,15,,6927,20,,,1,30,,6928,20,,,1,70,,6929,20,,,1,30,,6930,20,,,1,70,,6931,20,,,1,17,,6934,20,,,1
9600,'2',942,,6937,20,,,1,99,,6938,20,,,1,99,,6939,20,,,1,99,,6940,20,,,1,99,,6941,20,,,1,99,,6942,20,,,1,98,,6943,20,,,1,99,,6944,20,,,1,96,,6945,20,,,1,97,,6946,20,,,1,87,,6947,20,,,1,87,,6948,20,,,1,57,,6949,20,,,1
9600,'3',1035,,6950,20,,,1,94,,6951,20,,,1,94,,6952,20,,,1,94,,6953,20,,,1,94,,6954,20,,,1,94,,6955,20,,,1,54,,6956,20,,,1,94,,6957,20,,,1,93,,6958,20,,,1,94,,6959,20,,,1,94,,6960,20,,,1,93,,6961,20,,,1
9600,'80',1035,,6962,20,,,1,94,,6963,20,,,1,94,,6964,20,,,1,94,,6965,20,,,1,94,,6966,20,,,1,94,,6967,20,,,1,54,,6968,20,,,1,94,,6969,20,,,1,93,,6970,20,,,1,94,,6971,20,,,1,94,,6972,20,,,1,93,,6973,20,,,1
9600,'81',1035,,6974,20,,,1,94,,6975,20,,,1,94,,6976,20,,,1,94,,6977,20,,,1,94,,6978,20,,,1,94,,6979,20,,,1,54,,6980,20,,,1,94,,6981,20,,,1,93,,6982,20,,,1,94,,6983,20,,,1,94,,6984,20,,,1,93,,6985,20,,,1
10700,'1',457,,7861,20,,,1,64,,7860,20,,,1,24,,7859,20,,,1,64,,7858,20,,,1,21,,7857,20,,,1,16,,7856,20,,,1,61,,7855,20,,,1,11,,7854,20,,,1,16,,7853,20,,,1,19,,7852,20,,,1,56,,7851,20,,,1,12,,7850,20,,,1,15,,7849,20,,,1,16,,7848,20,,,1,55,,7847,20,,,1,42,,7846,20,,,1,82,,7845,20,,,1,82,,7844,20,,,1,42,,7843,20,,,1,85,,7842,20,,,1,81,,7841,20,,,1,82,,7840,20,,,1,21,,7839,20,,,1,18,,7838,20,,,1,58,,7889,20,,,1,19,,7888,20,,,1,20,,7887,20,,,1,18,,7886,20,,,1,58,,7885,20,,,1,23,,7884,20,,,1,16,,7883,20,,,1,58,,7882,20,,,1,17,,7881,20,,,1,20,,7880,20,,,1,56,,7879,20,,,1,18,,7878,20,,,1,13,,7877,20,,,1,18,,7876,20,,,1,78,,7875,20,,,1,81,,7874,20,,,1,38,,7873,20,,,1,80,,7872,20,,,1,74,,7871,20,,,1,34,,7870,20,,,1,74,,7869,20,,,1,34,,7868,20,,,1,74,,7867,20,,,1,34,,7866,20,,,1,74,,7865,20,,,1,74,,7864,20,,,1,31,,7863,20,,,1,74,,7862,20,,,1
10700,'2',632,,7892,20,,,1,78,,7891,20,,,1,37,,7890,20,,,1,77,,7893,20,,,1,77,,7894,20,,,1,37,,7895,20,,,1,77,,7896,20,,,1,37,,7897,20,,,1,77,,7898,20,,,1,77,,7899,20,,,1,36,,7900,20,,,1,77,,7901,20,,,1,37,,7902,20,,,1,77,,7903,20,,,1,77,,7904,20,,,1,37,,7905,20,,,1,76,,7906,20,,,1,77,,7907,20,,,1,37,,7908,20,,,1,77,,7909,20,,,1,37,,7910,20,,,1,77,,7911,20,,,1,77,,7912,20,,,1,37,,7913,20,,,1,77,,7914,20,,,1,37,,7915,20,,,1,77,,7916,20,,,1,77,,7917,20,,,1,37,,7918,20,,,1,77,,7919,20,,,1,77,,7920,20,,,1,36,,7921,20,,,1,77,,7923,20,,,1,37,,7922,20,,,1
10700,'3',822,,7937,20,,,1,37,,7938,20,,,1,77,,7939,20,,,1,77,,7940,20,,,1,37,,7941,20,,,1,77,,7942,20,,,1,77,,7943,20,,,1,37,,7944,20,,,1,77,,7945,20,,,1,37,,7946,20,,,1,76,,7947,20,,,1,77,,7948,20,,,1,37,,7952,20,,,1,77,,7951,20,,,1,37,,7953,20,,,1,77,,7954,20,,,1,77,,7955,20,,,1,37,,7956,20,,,1,77,,7924,20,,,1,77,,7925,20,,,1,37,,7926,20,,,1,77,,7949,20,,,1,37,,7927,20,,,1,77,,7928,20,,,1,77,,7929,20,,,1,37,,7930,20,,,1,77,,7931,20,,,1,77,,7932,20,,,1,37,,7933,20,,,1,77,,7950,20,,,1,37,,7934,20,,,1
10700,'80',822,,7970,20,,,1,37,,7971,20,,,1,77,,7972,20,,,1,77,,7973,20,,,1,37,,7974,20,,,1,77,,7975,20,,,1,77,,7976,20,,,1,37,,7977,20,,,1,77,,7978,20,,,1,37,,7979,20,,,1,76,,7980,20,,,1,77,,7981,20,,,1,37,,7985,20,,,1,77,,7984,20,,,1,37,,7986,20,,,1,77,,7987,20,,,1,77,,7988,20,,,1,37,,7989,20,,,1,77,,7957,20,,,1,77,,7958,20,,,1,37,,7959,20,,,1,77,,7982,20,,,1,37,,7960,20,,,1,77,,7961,20,,,1,77,,7962,20,,,1,37,,7963,20,,,1,77,,7964,20,,,1,77,,7965,20,,,1,37,,7966,20,,,1,77,,7983,20,,,1,37,,7967,20,,,1
10700,'81',822,,7995,20,,,1,37,,7996,20,,,1,77,,7997,20,,,1,77,,7998,20,,,1,37,,7999,20,,,1,77,,8000,20,,,1,77,,8001,20,,,1,37,,8002,20,,,1,77,,8003,20,,,1,37,,8004,20,,,1,76,,8005,20,,,1,77,,8006,20,,,1,37,,8009,20,,,1,77,,8008,20,,,1,37,,8010,20,,,1,77,,8011,20,,,1,77,,8012,20,,,1,37,,8013,20,,,1,77,,7990,20,,,1,77,,7991,20,,,1,37,,7992,20,,,1,77,,8007,20,,,1,37,,8014,20,,,1,77,,8015,20,,,1,77,,8016,20,,,1,37,,8017,20,,,1,77,,8018,20,,,1,77,,8019,20,,,1,37,,8020,20,,,1,77,,8022,20,,,1,37,,8021,20,,,1
