8500,'1',544,,29617,7,,,1,56,,29618,7,,,1,16,,29619,7,,,1,16,,29620,7,,,1,16,,29621,7,,,1,56,,29622,7,,,1,16,,29623,7,,,1,16,,29624,7,,,1,16,,29625,7,,,1,56,,29626,7,,,1,16,,29627,7,,,1,16,,29628,7,,,1,16,,29629,7,,,1,65,,29630,7,,,1,25,,29631,7,,,1,64,,29632,7,,,1,25,,29633,7,,,1,65,,29634,7,,,1,25,,29635,7,,,1,25,,29636,7,,,1,65,,29637,7,,,1,25,,29638,7,,,1,65,,29639,7,,,1,25,,29640,7,,,1,20,,29641,7,,,1
8500,'2',633,,29697,7,,,1,70,,29698,7,,,1,30,,29699,7,,,1,68,,29700,7,,,1,30,,29701,7,,,1,70,,29702,7,,,1,30,,29703,7,,,1,72,,29704,7,,,1,30,,29705,7,,,1,71,,29669,7,,,1,22,,29670,7,,,1,23,,29671,7,,,1,63,,29672,7,,,1,23,,29673,7,,,1,23,,29674,7,,,1,63,,29675,7,,,1,23,,29676,7,,,1,63,,29677,7,,,1,23,,29678,7,,,1,23,,29679,7,,,1,63,,29680,7,,,1,23,,29681,7,,,1,63,,29682,7,,,1,23,,29683,7,,,1,21,,29684,7,,,1,65,,29685,7,,,1,17,,29686,7,,,1,21,,29687,7,,,1,61,,29688,7,,,1,21,,29689,7,,,1,21,,29690,7,,,1,61,,29691,7,,,1,21,,29692,7,,,1,21,,29693,7,,,1,61,,29694,7,,,1,21,,29695,7,,,1,21,,29696,7,,,1,70,,29706,7,,,1,30,,29707,7,,,1,70,,29708,7,,,1
8500,'3',922,,29709,7,,,1,80,,29710,7,,,1,40,,29711,7,,,1,80,,29712,7,,,1,91,,29713,7,,,1,43,,29714,7,,,1,83,,29715,7,,,1,83,,29716,7,,,1,82,,29717,7,,,1,43,,29718,7,,,1,83,,29719,7,,,1,74,,29720,7,,,1,41,,29721,7,,,1,85,,29722,7,,,1,77,,29723,7,,,1,41,,29724,7,,,1,81,,29725,7,,,1
8500,'74',633,,29756,7,,,1,70,,29757,7,,,1,30,,29758,7,,,1,68,,29759,7,,,1,30,,29760,7,,,1,70,,29761,7,,,1,30,,29762,7,,,1,72,,29763,7,,,1,30,,29764,7,,,1,71,,29728,7,,,1,22,,29729,7,,,1,23,,29730,7,,,1,63,,29731,7,,,1,23,,29732,7,,,1,23,,29733,7,,,1,63,,29734,7,,,1,23,,29735,7,,,1,63,,29736,7,,,1,23,,29737,7,,,1,23,,29738,7,,,1,63,,29739,7,,,1,23,,29740,7,,,1,63,,29741,7,,,1,23,,29742,7,,,1,21,,29743,7,,,1,65,,29744,7,,,1,17,,29745,7,,,1,21,,29746,7,,,1,61,,29747,7,,,1,21,,29748,7,,,1,21,,29749,7,,,1,61,,29750,7,,,1,21,,29751,7,,,1,21,,29752,7,,,1,61,,29753,7,,,1,21,,29754,7,,,1,21,,29755,7,,,1,70,,29765,7,,,1,30,,29766,7,,,1,70,,29767,7,,,1
8500,'80',922,,29768,7,,,1,80,,29769,7,,,1,40,,29770,7,,,1,80,,29771,7,,,1,91,,29772,7,,,1,43,,29773,7,,,1,83,,29774,7,,,1,83,,29775,7,,,1,82,,29776,7,,,1,43,,29777,7,,,1,83,,29778,7,,,1,74,,29779,7,,,1,41,,29780,7,,,1,85,,29781,7,,,1,77,,29782,7,,,1,41,,29783,7,,,1,81,,29784,7,,,1
8501,'1',1357,,29808,58,,,1,65,,29812,58,,,1,25,,29813,58,,,1,66,,29814,58,,,1,16,,29841,58,,,1,16,,29842,58,,,1,56,,29831,58,,,1,16,,29830,58,,,1,16,,29829,58,,,1,71,,29828,58,,,1,24,,29827,58,,,1,16,,29815,58,,,1,59,,29816,58,,,1,13,,29817,58,,,1,7,,29818,58,,,1,16,,29819,58,,,1,11,,29820,58,,,1,59,,29821,58,,,1,13,,29822,58,,,1,16,,29823,58,,,1,16,,29824,58,,,1,55,,29825,58,,,1,13,,29826,58,,,1,32,,29834,58,,,1,63,,29833,58,,,1,25,,29832,58,,,1,62,,29838,58,,,1,29,,29837,58,,,1,71,,29835,58,,,1,32,,29836,58,,,1
8501,'2',2247,,29881,58,,,1,70,,29882,58,,,1
8501,'3',2103,,29883,58,,,1,41,,29884,58,,,1
8501,'74',2247,,29940,58,,,1,70,,29941,58,,,1
8501,'80',2103,,29956,58,,,1,41,,29957,58,,,1
