400,'152.0.1',531,,589,4,,1,27,,590,4,,1,56,,591,4,,1,16,,592,4,,1,16,,593,4,,1,58,,594,4,,1,15,,595,4,,1,16,,596,4,,1,15,,597,4,,1,60,,598,4,,1,18,,599,4,,1,13,,600,4,,1,15,,601,4,,1,49,,602,4,,1,15,,603,4,,1,12,,604,4,,1,15,,605,4,,1,55,,606,4,,1,22,,607,4,,1,22,,608,4,,1,66,,609,4,,1,22,,610,4,,1,22,,611,4,,1,62,,612,4,,1,22,,613,4,,1,62,,614,4,,1,22,,615,4,,1,22,,616,4,,1,57,,617,4,,1,17,,618,4,,1,17,,619,4,,1,21,,620,4,,1,57,,621,4,,1,25,,622,4,,1,17,,623,4,,1,52,,624,4,,1,17,,625,4,,1,17,,626,4,,1,14,,627,4,,1,54,,628,4,,1,14,,629,4,,1,14,,630,4,,1,14,,631,4,,1,54,,632,4,,1,14,,633,4,,1,14,,634,4,,1,8,,635,4,,1,14,,636,4,,1,54,,637,4,,1,11,,638,4,,1,13,,639,4,,1,17,,640,4,,1,57,,641,4,,1,17,,642,4,,1,17,,643,4,,1,57,,644,4,,1,13,,645,4,,1,17,,646,4,,1,17,,647,4,,1,57,,648,4,,1,17,,649,4,,1,17,,650,4,,1,19,,651,4,,1,58,,652,4,,1,18,,653,4,,1,15,,654,4,,1,58,,655,4,,1,18,,656,4,,1,18,,657,4,,1
400,'152.0.2',549,,695,4,,1,72,,696,4,,1,30,,658,4,,1,72,,659,4,,1,32,,660,4,,1,72,,661,4,,1,73,,662,4,,1,32,,663,4,,1,73,,664,4,,1,32,,665,4,,1,76,,666,4,,1,34,,667,4,,1,64,,668,4,,1,26,,669,4,,1,72,,670,4,,1,28,,671,4,,1,68,,672,4,,1,28,,673,4,,1,68,,674,4,,1,28,,675,4,,1,29,,676,4,,1,64,,677,4,,1,28,,678,4,,1,68,,679,4,,1,27,,680,4,,1,68,,681,4,,1,28,,682,4,,1,68,,683,4,,1,28,,684,4,,1,67,,685,4,,1,29,,686,4,,1,70,,687,4,,1,28,,688,4,,1,70,,689,4,,1,30,,690,4,,1,28,,691,4,,1,70,,692,4,,1,30,,693,4,,1,70,,694,4,,1
400,'152.0.3',557,,697,4,,1,70,,698,4,,1,76,,699,4,,1,30,,700,4,,1,70,,701,4,,1,30,,702,4,,1,74,,703,4,,1,30,,704,4,,1,70,,705,4,,1,30,,706,4,,1,70,,707,4,,1,30,,708,4,,1,74,,709,4,,1,30,,710,4,,1,61,,711,4,,1,25,,712,4,,1,26,,713,4,,1,66,,714,4,,1,27,,715,4,,1,66,,716,4,,1,27,,717,4,,1,66,,718,4,,1,28,,719,4,,1,26,,720,4,,1,66,,721,4,,1,23,,722,4,,1,67,,723,4,,1,26,,724,4,,1,66,,725,4,,1,23,,726,4,,1,27,,727,4,,1,69,,728,4,,1,29,,729,4,,1,69,,730,4,,1,29,,731,4,,1,69,,732,4,,1,28,,733,4,,1,69,,734,4,,1,29,,735,4,,1,69,,736,4,,1
400,'152.0.80',557,,737,4,,1,70,,738,4,,1,76,,739,4,,1,30,,740,4,,1,70,,741,4,,1,30,,742,4,,1,74,,743,4,,1,30,,744,4,,1,70,,745,4,,1,30,,746,4,,1,70,,747,4,,1,30,,748,4,,1,74,,749,4,,1,30,,750,4,,1,61,,751,4,,1,25,,752,4,,1,26,,753,4,,1,66,,754,4,,1,27,,755,4,,1,66,,756,4,,1,27,,757,4,,1,66,,758,4,,1,28,,759,4,,1,26,,760,4,,1,66,,761,4,,1,23,,762,4,,1,67,,763,4,,1,26,,764,4,,1,66,,765,4,,1,23,,766,4,,1,27,,767,4,,1,69,,768,4,,1,29,,769,4,,1,69,,770,4,,1,29,,771,4,,1,69,,772,4,,1,28,,773,4,,1,69,,774,4,,1,29,,775,4,,1,69,,776,4,,1
400,'152.0.81',557,,777,4,,1,70,,778,4,,1,76,,779,4,,1,30,,780,4,,1,70,,781,4,,1,30,,782,4,,1,74,,783,4,,1,30,,784,4,,1,70,,785,4,,1,30,,786,4,,1,70,,787,4,,1,30,,788,4,,1,74,,789,4,,1,30,,790,4,,1,61,,791,4,,1,25,,792,4,,1,26,,793,4,,1,66,,794,4,,1,27,,795,4,,1,66,,796,4,,1,27,,797,4,,1,66,,798,4,,1,28,,799,4,,1,26,,800,4,,1,66,,801,4,,1,23,,802,4,,1,67,,803,4,,1,26,,804,4,,1,66,,805,4,,1,23,,806,4,,1,27,,807,4,,1,69,,808,4,,1,29,,809,4,,1,69,,810,4,,1,29,,811,4,,1,69,,812,4,,1,28,,813,4,,1,69,,814,4,,1,29,,815,4,,1,69,,816,4,,1
401,'152.0.1',501,,848,,,1,16,,847,,,1,16,,846,,,1,16,,817,,,1,56,,818,,,1,16,,819,,,1,13,,832,,,1,15,,831,,,1,55,,830,,,1,15,,820,,,1,15,,821,,,1,15,,822,,,1,55,,823,,,1,15,,824,,,1,15,,825,,,1,15,,826,,,1,55,,827,,,1,15,,828,,,1,15,,829,,,1,16,,842,,,1,62,,841,,,1,22,,833,,,1,22,,834,,,1,62,,835,,,1,22,,836,,,1,62,,837,,,1,22,,838,,,1,22,,839,,,1,62,,840,,,1,22,,845,,,1,17,,844,,,1,57,,843,,,1,17,,849,,,1,17,,850,,,1,20,,851,,,1,54,,852,,,1,17,,853,,,1,17,,854,,,1,57,,855,,,1,18,,868,,,1,14,,867,,,1,14,,866,,,1,54,,856,,,1,14,,857,,,1,14,,858,,,1,14,,859,,,1,14,,860,,,1,54,,861,,,1,14,,862,,,1,14,,863,,,1,14,,864,,,1,54,,865,,,1,16,,879,,,1,17,,878,,,1,17,,869,,,1,57,,870,,,1,17,,871,,,1,17,,872,,,1,57,,873,,,1,17,,874,,,1,17,,875,,,1,17,,876,,,1,57,,877,,,1,30,,887,,,1,58,,880,,,1,18,,881,,,1,18,,882,,,1,18,,883,,,1,58,,884,,,1,18,,885,,,1,18,,886,,,1
401,'152.0.2',554,,925,,,1,72,,924,,,1,32,,889,,,1,72,,890,,,1,72,,891,,,1,32,,892,,,1,72,,893,,,1,32,,894,,,1,72,,895,,,1,18,,915,,,1,28,,914,,,1,68,,913,,,1,28,,896,,,1,68,,897,,,1,28,,898,,,1,68,,899,,,1,28,,900,,,1,68,,901,,,1,28,,902,,,1,68,,903,,,1,28,,904,,,1,68,,905,,,1,28,,906,,,1,68,,907,,,1,28,,908,,,1,28,,909,,,1,68,,910,,,1,28,,911,,,1,68,,912,,,1,88,,923,,,1,30,,916,,,1,70,,917,,,1,30,,918,,,1,70,,919,,,1,30,,920,,,1,70,,921,,,1,30,,922,,,1
401,'152.0.3',612,,935,,,1,30,,934,,,1,70,,926,,,1,30,,927,,,1,70,,928,,,1,30,,929,,,1,70,,930,,,1,30,,931,,,1,70,,932,,,1,30,,933,,,1,70,,936,,,1,30,,937,,,1,74,,938,,,1,30,,939,,,1,66,,940,,,1,26,,941,,,1,66,,942,,,1,26,,943,,,1,26,,944,,,1,66,,945,,,1,26,,946,,,1,66,,947,,,1,26,,948,,,1,66,,949,,,1,26,,950,,,1,26,,951,,,1,66,,952,,,1,26,,953,,,1,66,,954,,,1,19,,955,,,1,69,,956,,,1,29,,957,,,1,69,,958,,,1,29,,959,,,1,69,,960,,,1,29,,961,,,1,29,,962,,,1,69,,963,,,1,29,,964,,,1
401,'152.0.80',612,,976,,,1,30,,975,,,1,70,,965,,,1,30,,966,,,1,70,,967,,,1,30,,968,,,1,70,,969,,,1,30,,970,,,1,70,,971,,,1,30,,972,,,1,70,,973,,,1,30,,974,,,1,74,,977,,,1,30,,978,,,1,66,,979,,,1,26,,980,,,1,66,,981,,,1,26,,982,,,1,26,,983,,,1,66,,984,,,1,26,,985,,,1,66,,986,,,1,26,,987,,,1,66,,988,,,1,26,,989,,,1,26,,990,,,1,66,,991,,,1,26,,992,,,1,66,,993,,,1,19,,994,,,1,69,,995,,,1,29,,996,,,1,69,,997,,,1,29,,998,,,1,69,,999,,,1,29,,1000,,,1,29,,1001,,,1,69,,1002,,,1,29,,1003,,,1
401,'152.0.81',612,,1015,,,1,30,,1014,,,1,70,,1004,,,1,30,,1005,,,1,70,,1006,,,1,30,,1007,,,1,70,,1008,,,1,30,,1009,,,1,70,,1010,,,1,30,,1011,,,1,70,,1012,,,1,30,,1013,,,1,74,,1016,,,1,30,,1017,,,1,66,,1018,,,1,26,,1019,,,1,66,,1020,,,1,26,,1021,,,1,26,,1022,,,1,66,,1023,,,1,26,,1024,,,1,66,,1025,,,1,26,,1026,,,1,66,,1027,,,1,26,,1028,,,1,26,,1029,,,1,66,,1030,,,1,26,,1031,,,1,66,,1032,,,1,19,,1033,,,1,69,,1034,,,1,29,,1035,,,1,69,,1036,,,1,29,,1037,,,1,69,,1038,,,1,29,,1039,,,1,29,,1040,,,1,69,,1041,,,1,29,,1042,,,1
2401,'152.0.1',1232,,3713,,,1,25,,3714,,,1,65,,3715,,,1,25,,3716,,,1,65,,3717,,,1,12,,3726,,,1,12,,3725,,,1,12,,3724,,,1,52,,3723,,,1,12,,3722,,,1,12,,3721,,,1,12,,3720,,,1,12,,3718,,,1,52,,3719,,,1,12,,3730,,,1,13,,3731,,,1,12,,3732,,,1,12,,3733,,,1,51,,3734,,,1,12,,3735,,,1,12,,3736,,,1,12,,3737,,,1,12,,3738,,,1,52,,3739,,,1,12,,3740,,,1,12,,3741,,,1,11,,3742,,,1,12,,3743,,,1,12,,3744,,,1,52,,3745,,,1,12,,3746,,,1,12,,3752,,,1,67,,3751,,,1,24,,3747,,,1,27,,3748,,,1,65,,3749,,,1,25,,3750,,,1,68,,3753,,,1,24,,3754,,,1,22,,3758,,,1,63,,3755,,,1,23,,3756,,,1,63,,3757,,,1
