1600,'1',536,,2421,3,,,1,22,,2422,3,,,1,63,,2423,3,,,1,22,,2424,3,,,1,62,,2425,3,,,1,22,,2426,3,,,1,18,,2427,3,,,1,66,,2428,3,,,1,22,,2429,3,,,1,22,,2430,3,,,1,71,,2431,3,,,1,31,,2432,3,,,1,75,,2433,3,,,1,27,,2434,3,,,1,71,,2435,3,,,1,71,,2436,3,,,1,31,,2437,3,,,1,71,,2438,3,,,1,31,,2439,3,,,1,75,,2440,3,,,1,20,,2441,3,,,1,23,,2442,3,,,1,63,,2443,3,,,1,23,,2444,3,,,1,63,,2445,3,,,1,24,,2446,3,,,1,23,,2447,3,,,1,63,,2448,3,,,1,23,,2449,3,,,1,23,,2450,3,,,1,63,,2451,3,,,1,20,,2452,3,,,1,63,,2453,3,,,1,23,,2454,3,,,1,23,,2455,3,,,1,63,,2456,3,,,1,23,,2457,3,,,1,74,,2458,3,,,1,34,,2459,3,,,1,74,,2460,3,,,1,34,,2461,3,,,1,74,,2462,3,,,1,34,,2466,3,,,1
1600,'2',645,,2467,3,,,1,78,,2468,3,,,1,78,,2469,3,,,1,38,,2470,3,,,1,78,,2471,3,,,1,38,,2472,3,,,1,78,,2473,3,,,1,78,,2474,3,,,1,38,,2475,3,,,1,78,,2476,3,,,1,81,,2477,3,,,1,41,,2478,3,,,1,82,,2479,3,,,1,81,,2480,3,,,1,42,,2481,3,,,1,81,,2482,3,,,1,81,,2483,3,,,1,41,,2484,3,,,1,81,,2485,3,,,1,75,,2486,3,,,1,36,,2487,3,,,1,79,,2488,3,,,1,73,,2489,3,,,1,35,,2490,3,,,1,77,,2491,3,,,1,35,,2492,3,,,1,76,,2493,3,,,1
1600,'3',838,,2495,3,,,1,96,,2496,3,,,1,95,,2497,3,,,1,95,,2498,3,,,1,95,,2499,3,,,1,99,,2504,3,,,1,98,,2500,3,,,1,98,,2501,3,,,1,98,,2502,3,,,1,94,,2503,3,,,1,95,,2509,3,,,1,52,,2505,3,,,1,91,,2506,3,,,1,92,,2507,3,,,1,92,,2508,3,,,1
1600,'80',838,,2512,3,,,1,96,,2513,3,,,1,95,,2514,3,,,1,95,,2515,3,,,1,95,,2516,3,,,1,99,,2521,3,,,1,98,,2517,3,,,1,98,,2518,3,,,1,98,,2519,3,,,1,94,,2520,3,,,1,95,,2526,3,,,1,52,,2522,3,,,1,91,,2523,3,,,1,92,,2524,3,,,1,92,,2525,3,,,1
1600,'81',838,,2529,3,,,1,96,,2532,3,,,1,95,,2533,3,,,1,95,,2534,3,,,1,95,,2535,3,,,1,99,,2540,3,,,1,98,,2536,3,,,1,98,,2537,3,,,1,98,,2538,3,,,1,94,,2539,3,,,1,95,,2545,3,,,1,52,,2541,3,,,1,91,,2542,3,,,1,92,,2543,3,,,1,92,,2544,3,,,1
8500,'1',631,,5396,47,,,1,16,,5397,47,,,1,56,,5398,47,,,1,16,,5399,47,,,1,16,,5400,47,,,1,19,,5401,47,,,1,56,,5402,47,,,1,16,,5403,47,,,1,16,,5404,47,,,1,16,,5405,47,,,1,56,,5406,47,,,1,11,,5407,46,,,1,16,,5408,46,,,1,65,,5409,46,,,1,25,,5410,46,,,1,19,,5411,46,,,1,65,,5412,46,,,1,25,,5413,46,,,1,65,,5414,46,,,1,25,,5415,46,,,1,26,,5416,46,,,1,65,,5417,46,,,1,26,,5418,46,,,1,65,,5419,46,,,1,20,,5420,46,,,1,17,,5447,32,,,1,58,,5421,32,,,1,20,,5422,32,,,1,16,,5423,32,,,1,57,,5424,32,,,1,16,,5425,32,,,1,23,,5426,33,,,1,13,,5427,33,,,1,56,,5428,33,,,1,16,,5429,33,,,1,19,,5430,33,,,1,16,,5431,33,,,1,56,,5432,33,,,1,16,,5433,33,,,1,9,,5434,33,,,1,16,,5435,33,,,1,56,,5436,33,,,1,16,,5437,33,,,1,16,,5438,33,,,1,13,,5439,32,,,1,65,,5440,32,,,1,27,,5441,32,,,1,65,,5442,32,,,1,32,,5443,32,,,1,72,,5444,32,,,1,32,,5445,32,,,1,72,,5446,32,,,1
8500,'2',707,,5476,46,,,1,30,,5477,46,,,1,70,,5478,46,,,1,28,,5479,46,,,1,75,,5480,46,,,1,30,,5481,46,,,1,70,,5482,46,,,1,34,,5483,46,,,1,70,,5484,46,,,1,31,,5448,46,,,1,62,,5449,46,,,1,25,,5450,46,,,1,23,,5451,46,,,1,63,,5452,46,,,1,23,,5453,46,,,1,63,,5454,46,,,1,23,,5455,46,,,1,23,,5456,46,,,1,63,,5457,46,,,1,23,,5458,46,,,1,23,,5459,46,,,1,63,,5460,46,,,1,23,,5461,46,,,1,63,,5462,46,,,1,21,,5463,46,,,1,21,,5464,46,,,1,57,,5465,46,,,1,21,,5466,46,,,1,21,,5467,46,,,1,61,,5468,46,,,1,21,,5469,46,,,1,21,,5470,46,,,1,59,,5471,46,,,1,21,,5472,46,,,1,21,,5473,46,,,1,61,,5474,46,,,1,21,,5475,46,,,1,70,,5485,46,,,1,30,,5486,46,,,1,70,,5487,46,,,1
8500,'3',842,,5505,18,,,1,80,,5506,18,,,1,79,,5488,46,,,1,40,,5489,46,,,1,81,,5490,46,,,1,80,,5491,46,,,1,51,,5492,46,,,1,83,,5493,46,,,1,83,,5494,46,,,1,83,,5495,46,,,1,42,,5496,46,,,1,83,,5497,46,,,1,84,,5498,46,,,1,34,,5499,46,,,1,81,,5500,46,,,1,85,,5501,46,,,1,37,,5502,46,,,1,81,,5503,46,,,1,81,,5504,46,,,1
8500,'80',842,,5524,18,,,1,80,,5525,18,,,1,79,,5507,46,,,1,40,,5508,46,,,1,81,,5509,46,,,1,80,,5510,46,,,1,51,,5511,46,,,1,83,,5512,46,,,1,83,,5513,46,,,1,83,,5514,46,,,1,42,,5515,46,,,1,83,,5516,46,,,1,84,,5517,46,,,1,34,,5518,46,,,1,81,,5519,46,,,1,85,,5520,46,,,1,37,,5521,46,,,1,81,,5522,46,,,1,81,,5523,46,,,1
8500,'81',842,,5543,18,,,1,80,,5544,18,,,1,79,,5526,46,,,1,40,,5527,46,,,1,81,,5528,46,,,1,80,,5529,46,,,1,51,,5530,46,,,1,83,,5531,46,,,1,83,,5532,46,,,1,83,,5533,46,,,1,42,,5534,46,,,1,83,,5535,46,,,1,84,,5536,46,,,1,34,,5537,46,,,1,81,,5538,46,,,1,85,,5539,46,,,1,37,,5540,46,,,1,81,,5541,46,,,1,81,,5542,46,,,1
