9601,'1',534,,31339,75,,,1,72,,31340,75,,,1,29,,31341,75,,,1,70,,31342,75,,,1,42,,31343,75,,,1,76,,31344,75,,,1,78,,31345,75,,,1,27,,31346,75,,,1,72,,31347,75,,,1,31,,31348,75,,,1,79,,31349,75,,,1,38,,31350,71,,,1,83,,31351,71,,,1,75,,31352,71,,,1,32,,31353,71,,,1,86,,31354,71,,,1,82,,31355,71,,,1,21,,31374,71,,,1,18,,31356,71,,,1,71,,31357,71,,,1,27,,31358,71,,,1,71,,31359,75,,,1,27,,31360,75,,,1,65,,31361,75,,,1,22,,31362,75,,,1,17,,31363,75,,,1,65,,31364,75,,,1,25,,31365,75,,,1,65,,31366,75,,,1,21,,31367,71,,,1,25,,31368,71,,,1,67,,31369,71,,,1,30,,31370,71,,,1,70,,31371,71,,,1,30,,31372,71,,,1,64,,31373,71,,,1
9601,'2',859,,31375,71,,,1,99,,31376,71,,,1,142,,31377,71,,,1,59,,31378,71,,,1,99,,31379,71,,,1,96,,31380,71,,,1,99,,31381,71,,,1,99,,31382,71,,,1,99,,31383,71,,,1,99,,31384,71,,,1,88,,31385,71,,,1,90,,31386,71,,,1,97,,31387,71,,,1
9601,'3',959,,31388,71,,,1,94,,31389,71,,,1,94,,31390,71,,,1,94,,31391,71,,,1,94,,31392,71,,,1,94,,31393,71,,,1,96,,31394,71,,,1,94,,31395,71,,,1,88,,31396,71,,,1,94,,31397,71,,,1,52,,31398,71,,,1,94,,31399,71,,,1
9601,'74',859,,31400,71,,,1,99,,31401,71,,,1,142,,31402,71,,,1,59,,31403,71,,,1,99,,31404,71,,,1,96,,31405,71,,,1,99,,31406,71,,,1,99,,31407,71,,,1,99,,31408,71,,,1,99,,31409,71,,,1,88,,31410,71,,,1,90,,31411,71,,,1,97,,31412,71,,,1
9601,'80',959,,31413,71,,,1,94,,31414,71,,,1,94,,31415,71,,,1,94,,31416,71,,,1,94,,31417,71,,,1,94,,31418,71,,,1,96,,31419,71,,,1,94,,31420,71,,,1,88,,31421,71,,,1,94,,31422,71,,,1,52,,31423,71,,,1,94,,31424,71,,,1
10701,'1',528,,32420,18,,,1,24,,32419,18,,,1,67,,32418,18,,,1,24,,32417,18,,,1,64,,32416,18,,,1,18,,32415,18,,,1,20,,32414,18,,,1,12,,32413,18,,,1,61,,32412,18,,,1,16,,32411,18,,,1,16,,32410,18,,,1,50,,32409,18,,,1,44,,32398,18,,,1,80,,32405,18,,,1,82,,32404,18,,,1,42,,32403,18,,,1,82,,32402,18,,,1,87,,32401,18,,,1,42,,32400,18,,,1,68,,32408,18,,,1,14,,32399,18,,,1,63,,32397,18,,,1,18,,32396,18,,,1,18,,32395,18,,,1,18,,32394,18,,,1,62,,32393,18,,,1,18,,32392,18,,,1,18,,32391,18,,,1,63,,32390,18,,,1,18,,32389,18,,,1,18,,32388,18,,,1,55,,32387,18,,,1,17,,32386,18,,,1,18,,32434,18,,,1,66,,32433,18,,,1,18,,32421,18,,,1,78,,32435,18,,,1,41,,32432,18,,,1,76,,32431,18,,,1,78,,32430,18,,,1,32,,32429,18,,,1,74,,32428,18,,,1,34,,32427,18,,,1,74,,32426,18,,,1,34,,32425,18,,,1,74,,32424,18,,,1,34,,32423,18,,,1,74,,32422,18,,,1
10701,'2',703,,32463,18,,,1,39,,32464,18,,,1,77,,32465,18,,,1,37,,32466,18,,,1,77,,32467,18,,,1,77,,32468,18,,,1,37,,32469,18,,,1,77,,32470,18,,,1,77,,32471,18,,,1,37,,32472,18,,,1,76,,32440,18,,,1,37,,32441,18,,,1,76,,32443,18,,,1,77,,32444,18,,,1,37,,32445,18,,,1,77,,32446,18,,,1,35,,32447,18,,,1,77,,32448,18,,,1,77,,32449,18,,,1,37,,32450,18,,,1,77,,32451,18,,,1,37,,32452,18,,,1,77,,32453,18,,,1,77,,32454,18,,,1,37,,32455,18,,,1,77,,32442,18,,,1,77,,32456,18,,,1,37,,32457,18,,,1,77,,32458,18,,,1,37,,32459,18,,,1,76,,32439,18,,,1,75,,32460,18,,,1
10701,'3',742,,32485,18,,,1,77,,32486,18,,,1,34,,32487,18,,,1,77,,32488,18,,,1,78,,32489,18,,,1,37,,32490,18,,,1,77,,32484,18,,,1,37,,32491,18,,,1,77,,32492,18,,,1,77,,32493,18,,,1,37,,32494,18,,,1,76,,32495,18,,,1,75,,32496,18,,,1,37,,32497,18,,,1,77,,32498,18,,,1,37,,32500,18,,,1,77,,32501,18,,,1,77,,32499,18,,,1,37,,32481,18,,,1,77,,32502,18,,,1,37,,32503,18,,,1,77,,32504,18,,,1,77,,32505,18,,,1,37,,32473,18,,,1,77,,32474,18,,,1,77,,32475,18,,,1,37,,32476,18,,,1,77,,32477,18,,,1,36,,32478,18,,,1,77,,32479,18,,,1,77,,32480,18,,,1
10701,'74',703,,32530,18,,,1,39,,32531,18,,,1,77,,32532,18,,,1,37,,32533,18,,,1,77,,32534,18,,,1,77,,32535,18,,,1,37,,32536,18,,,1,77,,32537,18,,,1,77,,32538,18,,,1,37,,32539,18,,,1,76,,32507,18,,,1,37,,32508,18,,,1,76,,32510,18,,,1,77,,32511,18,,,1,37,,32512,18,,,1,77,,32513,18,,,1,35,,32514,18,,,1,77,,32515,18,,,1,77,,32516,18,,,1,37,,32517,18,,,1,77,,32518,18,,,1,37,,32519,18,,,1,77,,32520,18,,,1,77,,32521,18,,,1,37,,32522,18,,,1,77,,32509,18,,,1,77,,32523,18,,,1,37,,32524,18,,,1,77,,32525,18,,,1,37,,32526,18,,,1,76,,32506,18,,,1,75,,32527,18,,,1
10701,'80',742,,32552,18,,,1,77,,32553,18,,,1,34,,32554,18,,,1,77,,32555,18,,,1,78,,32556,18,,,1,37,,32557,18,,,1,77,,32551,18,,,1,37,,32558,18,,,1,77,,32559,18,,,1,77,,32560,18,,,1,37,,32561,18,,,1,76,,32562,18,,,1,75,,32563,18,,,1,37,,32564,18,,,1,77,,32565,18,,,1,37,,32567,18,,,1,77,,32568,18,,,1,77,,32566,18,,,1,37,,32548,18,,,1,77,,32569,18,,,1,37,,32570,18,,,1,77,,32571,18,,,1,77,,32572,18,,,1,37,,32540,18,,,1,77,,32541,18,,,1,77,,32542,18,,,1,37,,32543,18,,,1,77,,32544,18,,,1,36,,32545,18,,,1,77,,32546,18,,,1,77,,32547,18,,,1
