300,'1',447,,24137,36,0,21 22 23 3 24,1,68,,24138,36,0,21 22 23 3 24,1,87,,24113,36,0,21 22 23 3 24,1,32,,24114,36,0,21 22 23 3 24,1,74,,24115,36,0,21 22 23 3 24,1,35,,24116,36,0,21 22 23 3 24,1,72,,24117,36,0,21 22 23 3 24,1,36,,24118,36,0,21 22 23 3 24,1,67,,24119,36,0,21 22 23 3 24,1,32,,24120,36,0,21 22 23 3 24,1,68,,24121,36,0,21 22 23 3 24,1,88,,24122,36,0,21 22 23 3 24,1,46,,24123,36,0,21 22 23 3 24,1,86,,24124,36,0,21 22 23 3 24,1,86,,24125,36,0,21 22 23 3 24,1,86,,24126,36,0,21 22 23 3 24,1,47,,24127,36,0,21 22 23 3 24,1,78,,24128,36,0,21 22 23 3 24,1,72,,24129,36,0,21 22 23 3 24,1,32,,24130,36,0,21 22 23 3 24,1,72,,24131,36,0,21 22 23 3 24,1,32,,24132,36,0,21 22 23 3 24,1,72,,24133,36,0,21 22 23 3 24,1,29,,24134,36,0,21 22 23 3 24,1,72,,24135,36,0,21 22 23 3 24,1,28,,24136,36,0,21 22 23 3 24,1,72,,24139,36,0,21 22 23 3 24,1,43,,24140,36,0,21 22 23 3 24,1,81,,24141,36,0,21 22 23 3 24,1
300,'2',821,,24147,36,0,21 22 23 3 24,1,103,,24146,36,0,21 22 23 3 24,1,105,,24148,36,0,21 22 23 3 24,1,105,,24149,36,0,21 22 23 3 24,1,105,,24150,36,0,21 22 23 3 24,1,105,,24151,36,0,21 22 23 3 24,1,107,,24152,36,0,21 22 23 3 24,1,105,,24153,36,0,21 22 23 3 24,1,146,,24154,36,0,21 22 23 3 24,1,106,,24155,36,0,21 22 23 3 24,1,103,,24156,36,0,21 22 23 3 24,1,102,,24157,36,0,21 22 23 3 24,1,101,,24158,36,0,21 22 23 3 24,1,102,,24145,36,0,21 22 23 3 24,1
300,'3',943,,24160,36,0,21 22 23 3 24,1,100,,24172,36,0,21 22 23 3 24,1,104,,24171,36,0,21 22 23 3 24,1,102,,24170,36,0,21 22 23 3 24,1,102,,24169,36,0,21 22 23 3 24,1,100,,24168,36,0,21 22 23 3 24,1,102,,24167,36,0,21 22 23 3 24,1,102,,24166,36,0,21 22 23 3 24,1,102,,24165,36,0,21 22 23 3 24,1,102,,24164,36,0,21 22 23 3 24,1,100,,24163,36,0,21 22 23 3 24,1,99,,24162,36,0,21 22 23 3 24,1,98,,24161,36,0,21 22 23 3 24,1
300,'74',821,,24176,36,0,21 22 23 3 24,1,103,,24175,36,0,21 22 23 3 24,1,105,,24177,36,0,21 22 23 3 24,1,105,,24178,36,0,21 22 23 3 24,1,105,,24179,36,0,21 22 23 3 24,1,105,,24180,36,0,21 22 23 3 24,1,107,,24181,36,0,21 22 23 3 24,1,105,,24182,36,0,21 22 23 3 24,1,146,,24183,36,0,21 22 23 3 24,1,106,,24184,36,0,21 22 23 3 24,1,103,,24185,36,0,21 22 23 3 24,1,102,,24186,36,0,21 22 23 3 24,1,101,,24187,36,0,21 22 23 3 24,1,102,,24174,36,0,21 22 23 3 24,1
300,'80',943,,24189,36,0,21 22 23 3 24,1,100,,24201,36,0,21 22 23 3 24,1,104,,24200,36,0,21 22 23 3 24,1,102,,24199,36,0,21 22 23 3 24,1,102,,24198,36,0,21 22 23 3 24,1,100,,24197,36,0,21 22 23 3 24,1,102,,24196,36,0,21 22 23 3 24,1,102,,24195,36,0,21 22 23 3 24,1,102,,24194,36,0,21 22 23 3 24,1,102,,24193,36,0,21 22 23 3 24,1,100,,24192,36,0,21 22 23 3 24,1,99,,24191,36,0,21 22 23 3 24,1,98,,24190,36,0,21 22 23 3 24,1
9900,'1',450,,31612,14,,,1,81,,31613,14,,,1,80,,31614,14,,,1,41,,31615,14,,,1,92,,31616,14,,,1,75,,31617,14,,,1,38,,31618,14,,,1,72,,31619,14,,,1,75,,31620,14,,,1,35,,31621,14,,,1,97,,31622,14,,,1,94,,31623,14,,,1,94,,31624,14,,,1,94,,31625,14,,,1,30,,31637,14,,,1,71,,31636,14,,,1,29,,31626,14,,,1,70,,31627,14,,,1,30,,31628,14,,,1,70,,31629,14,,,1,30,,31630,14,,,1,69,,31631,14,,,1,30,,31632,14,,,1,67,,31633,14,,,1,30,,31634,14,,,1,69,,31635,14,,,1
9900,'2',608,,31640,14,,,1,38,,31641,14,,,1,78,,31655,14,,,1,89,,31654,14,,,1,87,,31642,14,,,1,47,,31643,14,,,1,87,,31644,14,,,1,88,,31645,14,,,1,104,,31646,14,,,1,95,,31647,14,,,1,95,,31648,14,,,1,95,,31649,14,,,1,95,,31650,14,,,1,95,,31651,14,,,1,55,,31652,14,,,1,95,,31653,14,,,1,87,,31657,14,,,1,90,,31656,14,,,1
9900,'3',616,,31660,14,,,1,38,,31661,14,,,1,78,,31662,14,,,1,78,,31663,14,,,1,91,,31680,14,,,1,49,,31664,14,,,1,89,,31665,14,,,1,89,,31666,14,,,1,90,,31667,14,,,1,89,,31668,14,,,1,49,,31669,14,,,1,89,,31670,14,,,1,89,,31671,14,,,1,89,,31672,14,,,1,89,,31673,14,,,1,88,,31674,14,,,1,49,,31675,14,,,1,89,,31676,14,,,1,86,,31677,14,,,1
9900,'74',608,,31681,14,,,1,38,,31682,14,,,1,78,,31696,14,,,1,89,,31695,14,,,1,87,,31683,14,,,1,47,,31684,14,,,1,87,,31685,14,,,1,88,,31686,14,,,1,104,,31687,14,,,1,95,,31688,14,,,1,95,,31689,14,,,1,95,,31690,14,,,1,95,,31691,14,,,1,95,,31692,14,,,1,55,,31693,14,,,1,95,,31694,14,,,1,87,,31698,14,,,1,90,,31697,14,,,1
9900,'80',616,,31701,14,,,1,38,,31702,14,,,1,78,,31703,14,,,1,78,,31704,14,,,1,91,,31721,14,,,1,49,,31705,14,,,1,89,,31706,14,,,1,89,,31707,14,,,1,90,,31708,14,,,1,89,,31709,14,,,1,49,,31710,14,,,1,89,,31711,14,,,1,89,,31712,14,,,1,89,,31713,14,,,1,89,,31714,14,,,1,88,,31715,14,,,1,49,,31716,14,,,1,89,,31717,14,,,1,86,,31718,14,,,1
36000,'1',843,,33649,14,,,1,69,,33650,14,,,1,29,,33651,14,,,1,69,,33652,14,,,1,28,,33653,14,,,1,70,,33654,14,,,1,44,,33655,14,,,1,84,,33656,14,,,1,84,,33657,14,,,1,84,,33658,14,,,1,44,,33659,14,,,1,86,,33660,14,,,1,82,,33661,14,,,1,84,,33662,14,,,1,44,,33663,14,,,1,84,,33664,14,,,1,82,,33665,14,,,1,44,,33666,14,,,1,84,,33667,14,,,1,66,,33668,14,,,1,26,,33669,14,,,1,25,,33670,14,,,1,66,,33671,14,,,1
36000,'2',842,,33672,14,,,1,63,,33673,14,,,1,23,,33674,14,,,1,23,,33675,14,,,1,63,,33676,14,,,1,23,,33677,14,,,1,63,,33678,14,,,1,24,,33679,14,,,1,23,,33680,14,,,1,63,,33681,14,,,1,23,,33682,14,,,1,23,,33683,14,,,1,63,,33684,14,,,1,23,,33685,14,,,1,62,,33686,14,,,1,23,,33687,14,,,1,24,,33688,14,,,1,64,,33689,14,,,1,23,,33690,14,,,1,63,,33691,14,,,1,20,,33692,14,,,1,23,,33693,14,,,1,63,,33694,14,,,1,23,,33695,14,,,1,25,,33696,14,,,1,62,,33697,14,,,1,24,,33698,14,,,1,64,,33699,14,,,1,24,,33700,14,,,1,24,,33701,14,,,1,63,,33702,14,,,1,26,,33703,14,,,1,64,,33704,14,,,1,24,,33705,14,,,1,24,,33706,14,,,1,64,,33707,14,,,1
36000,'3',840,,33708,14,,,1,62,,33709,14,,,1,22,,33710,14,,,1,22,,33711,14,,,1,62,,33712,14,,,1,22,,33713,14,,,1,23,,33714,14,,,1,62,,33715,14,,,1,22,,33716,14,,,1,22,,33717,14,,,1,62,,33718,14,,,1,22,,33719,14,,,1,62,,33720,14,,,1,22,,33721,14,,,1,22,,33722,14,,,1,62,,33723,14,,,1,22,,33724,14,,,1,22,,33725,14,,,1,62,,33726,14,,,1,22,,33727,14,,,1,62,,33728,14,,,1,22,,33729,14,,,1,22,,33730,14,,,1,62,,33731,14,,,1,22,,33732,14,,,1,22,,33733,14,,,1,62,,33734,14,,,1,22,,33735,14,,,1,23,,33736,14,,,1,63,,33737,14,,,1,22,,33738,14,,,1,63,,33739,14,,,1,23,,33740,14,,,1,24,,33741,14,,,1,63,,33742,14,,,1,23,,33743,14,,,1,63,,33744,14,,,1,23,,33745,14,,,1
36000,'74',842,,33746,14,,,1,63,,33747,14,,,1,23,,33748,14,,,1,23,,33749,14,,,1,63,,33750,14,,,1,23,,33751,14,,,1,63,,33752,14,,,1,24,,33753,14,,,1,23,,33754,14,,,1,63,,33755,14,,,1,23,,33756,14,,,1,23,,33757,14,,,1,63,,33758,14,,,1,23,,33759,14,,,1,62,,33760,14,,,1,23,,33761,14,,,1,24,,33762,14,,,1,64,,33763,14,,,1,23,,33764,14,,,1,63,,33765,14,,,1,20,,33766,14,,,1,23,,33767,14,,,1,63,,33768,14,,,1,23,,33769,14,,,1,25,,33770,14,,,1,62,,33771,14,,,1,24,,33772,14,,,1,64,,33773,14,,,1,24,,33774,14,,,1,24,,33775,14,,,1,63,,33776,14,,,1,26,,33777,14,,,1,64,,33778,14,,,1,24,,33779,14,,,1,24,,33780,14,,,1,64,,33781,14,,,1,24,,33782,14,,,1
36000,'80',840,,33783,14,,,1,62,,33784,14,,,1,22,,33785,14,,,1,22,,33786,14,,,1,62,,33787,14,,,1,22,,33788,14,,,1,23,,33789,14,,,1,62,,33790,14,,,1,22,,33791,14,,,1,22,,33792,14,,,1,62,,33793,14,,,1,22,,33794,14,,,1,62,,33795,14,,,1,22,,33796,14,,,1,22,,33797,14,,,1,62,,33798,14,,,1,22,,33799,14,,,1,22,,33800,14,,,1,62,,33801,14,,,1,22,,33802,14,,,1,62,,33803,14,,,1,22,,33804,14,,,1,22,,33805,14,,,1,62,,33806,14,,,1,22,,33807,14,,,1,22,,33808,14,,,1,62,,33809,14,,,1,22,,33810,14,,,1,23,,33811,14,,,1,63,,33812,14,,,1,22,,33813,14,,,1,63,,33814,14,,,1,23,,33815,14,,,1,24,,33816,14,,,1,63,,33817,14,,,1,23,,33818,14,,,1,63,,33819,14,,,1,23,,33820,14,,,1
60100,'1',536,,34053,5,,,1,11,,34054,5,,,1,12,,34055,5,,,1,51,,34056,5,,,1,11,,34057,5,,,1,11,,34058,5,,,1,11,,34059,5,,,1,11,,34060,5,,,1,51,,34061,5,,,1,12,,34062,5,,,1,11,,34063,5,,,1,11,,34064,5,,,1,12,,34065,5,,,1,51,,34066,5,,,1,12,,34067,5,,,1,11,,34068,5,,,1,11,,34069,5,,,1,11,,34070,5,,,1,11,,34071,5,,,1,51,,34072,5,,,1,10,,34073,5,,,1,11,,34074,5,,,1,11,,34075,5,,,1,11,,34076,5,,,1,51,,34077,5,,,1,14,,34078,5,,,1,16,,34079,5,,,1,16,,34080,5,,,1,56,,34081,5,,,1,16,,34082,5,,,1,16,,34083,5,,,1,16,,34084,5,,,1,56,,34085,5,,,1,16,,34086,5,,,1,16,,34087,5,,,1,16,,34088,5,,,1,56,,34089,5,,,1,18,,34090,5,,,1,16,,34091,5,,,1,56,,34092,5,,,1,14,,34093,5,,,1,12,,34094,5,,,1,12,,34095,5,,,1,12,,34096,5,,,1,52,,34097,5,,,1,12,,34098,5,,,1,12,,34099,5,,,1,12,,34100,5,,,1,12,,34101,5,,,1,52,,34102,5,,,1,12,,34103,5,,,1,12,,34104,5,,,1,12,,34105,5,,,1,12,,34106,5,,,1,52,,34107,5,,,1,12,,34108,5,,,1,12,,34109,5,,,1,12,,34110,5,,,1,12,,34111,5,,,1,52,,34112,5,,,1,12,,34113,5,,,1,12,,34114,5,,,1,12,,34115,5,,,1,12,,34116,5,,,1,52,,34117,5,,,1,12,,34118,5,,,1,9,,34119,5,,,1,12,,34120,5,,,1,12,,34121,5,,,1,52,,34122,5,,,1,24,,34123,5,,,1,18,,34124,5,,,1,58,,34125,5,,,1,18,,34126,5,,,1,18,,34127,5,,,1,18,,34128,5,,,1,59,,34129,5,,,1,19,,34130,5,,,1,18,,34131,5,,,1,58,,34132,5,,,1,19,,34133,5,,,1,19,,34134,5,,,1,59,,34135,5,,,1,19,,34136,5,,,1,19,,34137,5,,,1
60100,'2',513,,34149,5,,,1,17,,34150,5,,,1,17,,34151,5,,,1,57,,34152,5,,,1,17,,34153,5,,,1,17,,34154,5,,,1,17,,34155,5,,,1,57,,34156,5,,,1,16,,34157,5,,,1,16,,34158,5,,,1,57,,34159,5,,,1,16,,34160,5,,,1,16,,34161,5,,,1,16,,34162,5,,,1,56,,34163,5,,,1,16,,34164,5,,,1,17,,34165,5,,,1,16,,34166,5,,,1,56,,34167,5,,,1,16,,34168,5,,,1,16,,34169,5,,,1,16,,34170,5,,,1,56,,34171,5,,,1,16,,34172,5,,,1,17,,34173,5,,,1,56,,34174,5,,,1,15,,34175,5,,,1,15,,34176,5,,,1,15,,34177,5,,,1,55,,34178,5,,,1,15,,34179,5,,,1,15,,34180,5,,,1,15,,34181,5,,,1,55,,34182,5,,,1,15,,34183,5,,,1,15,,34184,5,,,1,15,,34185,5,,,1,55,,34186,5,,,1,15,,34187,5,,,1,15,,34188,5,,,1,15,,34189,5,,,1,55,,34190,5,,,1,15,,34191,5,,,1,15,,34192,5,,,1,15,,34193,5,,,1,55,,34194,5,,,1,15,,34195,5,,,1,15,,34196,5,,,1,15,,34197,5,,,1,55,,34198,5,,,1,15,,34199,5,,,1,15,,34200,5,,,1,15,,34201,5,,,1,55,,34202,5,,,1,15,,34203,5,,,1,15,,34204,5,,,1,15,,34205,5,,,1,53,,34206,5,,,1,18,,34207,5,,,1,18,,34208,5,,,1,18,,34209,5,,,1,58,,34210,5,,,1,18,,34211,5,,,1,18,,34212,5,,,1,58,,34213,5,,,1,16,,34214,5,,,1,16,,34215,5,,,1,15,,34216,5,,,1,56,,34217,5,,,1,16,,34218,5,,,1,16,,34219,5,,,1,16,,34220,5,,,1,56,,34221,5,,,1,16,,34222,5,,,1,16,,34223,5,,,1
60100,'3',544,,34238,5,,,1,60,,34237,5,,,1,20,,34236,5,,,1,20,,34235,5,,,1,60,,34234,5,,,1,20,,34233,5,,,1,20,,34232,5,,,1,60,,34231,5,,,1,21,,34230,5,,,1,20,,34224,5,,,1,60,,34225,5,,,1,20,,34226,5,,,1,21,,34227,5,,,1,60,,34228,5,,,1,20,,34229,5,,,1,27,,34265,5,,,1,61,,34264,5,,,1,21,,34263,5,,,1,21,,34239,5,,,1,63,,34240,5,,,1,21,,34241,5,,,1,61,,34242,5,,,1,21,,34243,5,,,1,21,,34244,5,,,1,61,,34245,5,,,1,21,,34246,5,,,1,21,,34247,5,,,1,61,,34248,5,,,1,21,,34249,5,,,1,20,,34250,5,,,1,61,,34251,5,,,1,21,,34252,5,,,1,21,,34253,5,,,1,61,,34254,5,,,1,21,,34255,5,,,1,21,,34256,5,,,1,61,,34257,5,,,1,21,,34258,5,,,1,21,,34259,5,,,1,61,,34260,5,,,1,21,,34261,5,,,1,61,,34262,5,,,1,20,,34266,5,,,1,29,,34272,5,,,1,60,,34271,5,,,1,20,,34270,5,,,1,20,,34267,5,,,1,60,,34268,5,,,1,19,,34269,5,,,1,30,,34279,5,,,1,59,,34278,5,,,1,20,,34273,5,,,1,20,,34274,5,,,1,60,,34275,5,,,1,20,,34276,5,,,1,20,,34277,5,,,1
60100,'74',513,,34280,5,,,1,17,,34281,5,,,1,17,,34282,5,,,1,57,,34283,5,,,1,17,,34284,5,,,1,17,,34285,5,,,1,17,,34286,5,,,1,57,,34287,5,,,1,16,,34288,5,,,1,16,,34289,5,,,1,57,,34290,5,,,1,16,,34291,5,,,1,16,,34292,5,,,1,16,,34293,5,,,1,56,,34294,5,,,1,16,,34295,5,,,1,17,,34296,5,,,1,16,,34297,5,,,1,56,,34298,5,,,1,16,,34299,5,,,1,16,,34300,5,,,1,16,,34301,5,,,1,56,,34302,5,,,1,16,,34303,5,,,1,17,,34304,5,,,1,56,,34305,5,,,1,15,,34306,5,,,1,15,,34307,5,,,1,15,,34308,5,,,1,55,,34309,5,,,1,15,,34310,5,,,1,15,,34311,5,,,1,15,,34312,5,,,1,55,,34313,5,,,1,15,,34314,5,,,1,15,,34315,5,,,1,15,,34316,5,,,1,55,,34317,5,,,1,15,,34318,5,,,1,15,,34319,5,,,1,15,,34320,5,,,1,55,,34321,5,,,1,15,,34322,5,,,1,15,,34323,5,,,1,15,,34324,5,,,1,55,,34325,5,,,1,15,,34326,5,,,1,15,,34327,5,,,1,15,,34328,5,,,1,55,,34329,5,,,1,15,,34330,5,,,1,15,,34331,5,,,1,15,,34332,5,,,1,55,,34333,5,,,1,15,,34334,5,,,1,15,,34335,5,,,1,15,,34336,5,,,1,53,,34337,5,,,1,18,,34338,5,,,1,18,,34339,5,,,1,18,,34340,5,,,1,58,,34341,5,,,1,18,,34342,5,,,1,18,,34343,5,,,1,58,,34344,5,,,1,16,,34345,5,,,1,16,,34346,5,,,1,15,,34347,5,,,1,56,,34348,5,,,1,16,,34349,5,,,1,16,,34350,5,,,1,16,,34351,5,,,1,56,,34352,5,,,1,16,,34353,5,,,1,16,,34354,5,,,1
60100,'80',544,,34369,5,,,1,60,,34368,5,,,1,20,,34367,5,,,1,20,,34366,5,,,1,60,,34365,5,,,1,20,,34364,5,,,1,20,,34363,5,,,1,60,,34362,5,,,1,21,,34361,5,,,1,20,,34355,5,,,1,60,,34356,5,,,1,20,,34357,5,,,1,21,,34358,5,,,1,60,,34359,5,,,1,20,,34360,5,,,1,27,,34397,5,,,1,61,,34396,5,,,1,21,,34395,5,,,1,21,,34370,5,,,1,63,,34371,5,,,1,21,,34372,5,,,1,61,,34373,5,,,1,21,,34374,5,,,1,21,,34375,5,,,1,61,,34376,5,,,1,21,,34377,5,,,1,21,,34378,5,,,1,61,,34379,5,,,1,21,,34380,5,,,1,20,,34381,5,,,1,61,,34382,5,,,1,21,,34383,5,,,1,21,,34384,5,,,1,61,,34385,5,,,1,21,,34386,5,,,1,21,,34387,5,,,1,61,,34388,5,,,1,21,,34389,5,,,1,21,,34390,5,,,1,61,,34391,5,,,1,21,,34392,5,,,1,61,,34393,5,,,1,20,,34394,5,,,1,29,,34403,5,,,1,60,,34402,5,,,1,20,,34401,5,,,1,20,,34398,5,,,1,60,,34399,5,,,1,19,,34400,5,,,1,30,,34410,5,,,1,59,,34409,5,,,1,20,,34404,5,,,1,20,,34405,5,,,1,60,,34406,5,,,1,20,,34407,5,,,1,20,,34408,5,,,1
989900,'1',2047,,36830,14,,,1,76,,36831,14,,,1,78,,36832,14,,,1,38,,36833,14,,,1,75,,36834,14,,,1,34,,36835,14,,,1,75,,36836,14,,,1,35,,36837,14,,,1,75,,36838,14,0,5 6,1,75,,36839,14,0,5 6,1,41,,36840,14,0,5 6,1
989900,'2',2049,,36841,14,,,1,94,,36842,14,,,1,91,,36843,14,,,1,94,,36844,14,,,1,86,,36845,14,,,1,86,,36846,14,,,1,45,,36847,14,0,5 6,1,86,,36848,14,0,5 6,1,86,,36849,14,0,5 6,1
989900,'3',2106,,36850,14,,,1,50,,36851,14,,,1,90,,36852,14,,,1,90,,36853,14,,,1,82,,36854,14,,,1,83,,36855,14,,,1,41,,36856,14,0,5 6,1,83,,36857,14,0,5 6,1,83,,36858,14,0,5 6,1
989900,'74',2049,,36859,14,,,1,94,,36860,14,,,1,91,,36861,14,,,1,94,,36862,14,,,1,86,,36863,14,,,1,86,,36864,14,,,1,45,,36865,14,0,5 6,1,86,,36866,14,0,5 6,1,86,,36867,14,0,5 6,1
989900,'80',2106,,36868,14,,,1,50,,36869,14,,,1,90,,36870,14,,,1,90,,36871,14,,,1,82,,36872,14,,,1,83,,36873,14,,,1,41,,36874,14,0,5 6,1,83,,36875,14,0,5 6,1,83,,36876,14,0,5 6,1
6010200,'1',542,,36998,5,,,1,11,,36999,5,,,1,52,,37000,5,,,1,11,,37001,5,,,1,11,,37002,5,,,1,11,,37003,5,,,1,11,,37004,5,,,1,51,,37005,5,,,1,12,,37006,5,,,1,11,,37007,5,,,1,11,,37008,5,,,1,12,,37009,5,,,1,11,,37010,5,,,1,51,,37011,5,,,1,12,,37012,5,,,1,11,,37013,5,,,1,11,,37014,5,,,1,11,,37015,5,,,1,51,,37016,5,,,1,10,,37017,5,,,1,11,,37018,5,,,1,11,,37019,5,,,1,11,,37020,5,,,1,11,,37021,5,,,1,51,,37022,5,,,1,16,,37023,5,,,1,16,,37024,5,,,1,16,,37025,5,,,1,56,,37026,5,,,1,16,,37027,5,,,1,16,,37028,5,,,1,56,,37029,5,,,1,16,,37030,5,,,1,16,,37031,5,,,1,16,,37032,5,,,1,56,,37033,5,,,1,16,,37034,5,,,1,18,,37035,5,,,1,16,,37036,5,,,1,56,,37037,5,,,1,12,,37038,5,,,1,12,,37039,5,,,1,12,,37040,5,,,1,12,,37041,5,,,1,52,,37042,5,,,1,12,,37043,5,,,1,12,,37044,5,,,1,12,,37045,5,,,1,12,,37046,5,,,1,52,,37047,5,,,1,12,,37048,5,,,1,12,,37049,5,,,1,12,,37050,5,,,1,12,,37051,5,,,1,52,,37052,5,,,1,12,,37053,5,,,1,12,,37054,5,,,1,12,,37055,5,,,1,12,,37056,5,,,1,52,,37057,5,,,1,12,,37058,5,,,1,12,,37059,5,,,1,12,,37060,5,,,1,12,,37061,5,,,1,52,,37062,5,,,1,12,,37063,5,,,1,9,,37064,5,,,1,12,,37065,5,,,1,12,,37066,5,,,1,52,,37067,5,,,1
6010200,'2',825,,37068,5,,,1,16,,37069,5,,,1,16,,37070,5,,,1,56,,37071,5,,,1,17,,37072,5,,,1,16,,37073,5,,,1,56,,37074,5,,,1,16,,37075,5,,,1,16,,37076,5,,,1,16,,37077,5,,,1,56,,37078,5,,,1,16,,37079,5,,,1,16,,37080,5,,,1,17,,37081,5,,,1,56,,37082,5,,,1,15,,37083,5,,,1,15,,37084,5,,,1,15,,37085,5,,,1,55,,37086,5,,,1,15,,37087,5,,,1,15,,37088,5,,,1,15,,37089,5,,,1,55,,37090,5,,,1,15,,37091,5,,,1,15,,37092,5,,,1,15,,37093,5,,,1,55,,37094,5,,,1,15,,37095,5,,,1,15,,37096,5,,,1,15,,37097,5,,,1,55,,37098,5,,,1,15,,37099,5,,,1,15,,37100,5,,,1,15,,37101,5,,,1,55,,37102,5,,,1,15,,37103,5,,,1,15,,37104,5,,,1,15,,37105,5,,,1,55,,37106,5,,,1,15,,37107,5,,,1,15,,37108,5,,,1,15,,37109,5,,,1,55,,37110,5,,,1,15,,37111,5,,,1,15,,37112,5,,,1,15,,37113,5,,,1
6010200,'3',855,,37114,5,,,1,60,,37115,5,,,1,20,,37116,5,,,1,21,,37117,5,,,1,60,,37118,5,,,1,24,,37119,5,,,1,64,,37120,5,,,1,20,,37121,5,,,1,21,,37122,5,,,1,61,,37123,5,,,1,22,,37124,5,,,1,21,,37125,5,,,1,61,,37126,5,,,1,22,,37127,5,,,1,21,,37128,5,,,1,61,,37129,5,,,1,21,,37130,5,,,1,21,,37131,5,,,1,61,,37132,5,,,1,21,,37133,5,,,1,20,,37134,5,,,1,61,,37135,5,,,1,21,,37136,5,,,1,61,,37137,5,,,1,21,,37138,5,,,1,21,,37139,5,,,1,61,,37140,5,,,1,21,,37141,5,,,1,21,,37142,5,,,1,61,,37143,5,,,1,21,,37144,5,,,1,21,,37145,5,,,1,61,,37146,5,,,1,19,,37147,5,,,1
6010200,'74',825,,37148,5,,,1,16,,37149,5,,,1,16,,37150,5,,,1,56,,37151,5,,,1,17,,37152,5,,,1,16,,37153,5,,,1,56,,37154,5,,,1,16,,37155,5,,,1,16,,37156,5,,,1,16,,37157,5,,,1,56,,37158,5,,,1,16,,37159,5,,,1,16,,37160,5,,,1,17,,37161,5,,,1,56,,37162,5,,,1,15,,37163,5,,,1,15,,37164,5,,,1,15,,37165,5,,,1,55,,37166,5,,,1,15,,37167,5,,,1,15,,37168,5,,,1,15,,37169,5,,,1,55,,37170,5,,,1,15,,37171,5,,,1,15,,37172,5,,,1,15,,37173,5,,,1,55,,37174,5,,,1,15,,37175,5,,,1,15,,37176,5,,,1,15,,37177,5,,,1,55,,37178,5,,,1,15,,37179,5,,,1,15,,37180,5,,,1,15,,37181,5,,,1,55,,37182,5,,,1,15,,37183,5,,,1,15,,37184,5,,,1,15,,37185,5,,,1,55,,37186,5,,,1,15,,37187,5,,,1,15,,37188,5,,,1,15,,37189,5,,,1,55,,37190,5,,,1,15,,37191,5,,,1,15,,37192,5,,,1,15,,37193,5,,,1
6010200,'80',855,,37194,5,,,1,60,,37195,5,,,1,20,,37196,5,,,1,21,,37197,5,,,1,60,,37198,5,,,1,24,,37199,5,,,1,64,,37200,5,,,1,20,,37201,5,,,1,21,,37202,5,,,1,61,,37203,5,,,1,22,,37204,5,,,1,21,,37205,5,,,1,61,,37206,5,,,1,22,,37207,5,,,1,21,,37208,5,,,1,61,,37209,5,,,1,21,,37210,5,,,1,21,,37211,5,,,1,61,,37212,5,,,1,21,,37213,5,,,1,20,,37214,5,,,1,61,,37215,5,,,1,21,,37216,5,,,1,61,,37217,5,,,1,21,,37218,5,,,1,21,,37219,5,,,1,61,,37220,5,,,1,21,,37221,5,,,1,21,,37222,5,,,1,61,,37223,5,,,1,21,,37224,5,,,1,21,,37225,5,,,1,61,,37226,5,,,1,19,,37227,5,,,1
