'149.0.1',400,50000,,'',1,1600,,'',1,1600,,'',1,1600,,'',1,5600,,'',1,1500,,'',1,1500,,'',1,1500,,'',1,5500,,'',1,1500,,'',1,1500,,'',1,1500,,'',1,5500,,'',1,1500,,'',1,1500,,'',1,1500,,'',1,5500,,'',1,1500,,'',1,2200,,'',1,6200,,'',1,2200,,'',1,2200,,'',1,6200,,'',1,2200,,'',1,2200,,'',1,6200,,'',1,2200,,'',1,2200,,'',1,5700,,'',1,1700,,'',1,1700,,'',1,5700,,'',1,1700,,'',1,1700,,'',1,1700,,'',1,5700,,'',1,1700,,'',1,1700,,'',1,5400,,'',1,1400,,'',1,1400,,'',1,1400,,'',1,1400,,'',1,5400,,'',1,1400,,'',1,1400,,'',1,1400,,'',1,5400,,'',1,1400,,'',1,1400,,'',1,1400,,'',1,5700,,'',1,1700,,'',1,1700,,'',1,1700,,'',1,5700,,'',1,1700,,'',1,1700,,'',1,5700,,'',1,1700,,'',1,1700,,'',1,1700,,'',1,5800,,'',1,1800,,'',1,1800,,'',1,5800,,'',1,1800,,'',1,1800,,'',1,5800,,'',1
'149.0.1',401,54000,4,'',1,1600,4,'',1,5600,4,'',1,1600,4,'',1,1600,4,'',1,6200,4,'',1,1300,4,'',1,1500,4,'',1,2300,4,'',1,5500,4,'',1,1500,4,'',1,1500,4,'',1,1400,4,'',1,5500,4,'',1,1100,4,'',1,1500,4,'',1,1500,4,'',1,5500,4,'',1,1400,4,'',1,1600,4,'',1,2200,4,'',1,6200,4,'',1,2200,4,'',1,6500,4,'',1,2200,4,'',1,2200,4,'',1,6200,4,'',1,2200,4,'',1,6400,4,'',1,2200,4,'',1,1700,4,'',1,1700,4,'',1,5700,4,'',1,2900,4,'',1,1500,4,'',1,4500,4,'',1,900,4,'',1,1700,4,'',1,1700,4,'',1,5700,4,'',1,1800,4,'',1,1400,4,'',1,1400,4,'',1,5400,4,'',1,400,4,'',1,1400,4,'',1,1400,4,'',1,1400,4,'',1,5400,4,'',1,1400,4,'',1,1400,4,'',1,1100,4,'',1,1100,4,'',1,5600,4,'',1,1400,4,'',1,1700,4,'',1,1700,4,'',1,5700,4,'',1,1700,4,'',1,1700,4,'',1,5700,4,'',1,1700,4,'',1,1500,4,'',1,1700,4,'',1,7000,4,'',1,1400,4,'',1,1800,4,'',1,5800,4,'',1,1800,4,'',1,1800,4,'',1,5800,4,'',1,1800,4,'',1
'149.0.2',400,61400,,'',1,3200,,'',1,7200,,'',1,3200,,'',1,7200,,'',1,3200,,'',1,7200,,'',1,3200,,'',1,7200,,'',1,7200,,'',1,2400,,'',1,2800,,'',1,6800,,'',1,2800,,'',1,6800,,'',1,2800,,'',1,6800,,'',1,2800,,'',1,6800,,'',1,2800,,'',1,6800,,'',1,2800,,'',1,6800,,'',1,2800,,'',1,2800,,'',1,6800,,'',1,2800,,'',1,6800,,'',1,3000,,'',1,7000,,'',1,3000,,'',1,7000,,'',1,3000,,'',1,7000,,'',1,3000,,'',1,7000,,'',1,3000,,'',1
'149.0.2',401,63300,4,'',1,7200,4,'',1,3200,4,'',1,7200,4,'',1,3600,4,'',1,7200,4,'',1,3500,4,'',1,7200,4,'',1,3200,4,'',1,5800,4,'',1,3400,4,'',1,6800,4,'',1,2800,4,'',1,6800,4,'',1,2800,4,'',1,6800,4,'',1,2800,4,'',1,6800,4,'',1,2800,4,'',1,6800,4,'',1,2800,4,'',1,2800,4,'',1,6300,4,'',1,2600,4,'',1,6800,4,'',1,2800,4,'',1,6300,4,'',1,2800,4,'',1,2700,4,'',1,8800,4,'',1,7000,4,'',1,3000,4,'',1,7000,4,'',1,3000,4,'',1,7000,4,'',1,2400,4,'',1,7000,4,'',1
'149.0.3',400,63000,,'',1,7000,,'',1,3000,,'',1,7000,,'',1,3000,,'',1,7000,,'',1,3000,,'',1,7000,,'',1,3000,,'',1,7000,,'',1,3000,,'',1,7100,,'',1,2100,,'',1,2600,,'',1,6600,,'',1,2600,,'',1,6600,,'',1,2600,,'',1,2600,,'',1,6600,,'',1,2600,,'',1,6600,,'',1,2600,,'',1,6600,,'',1,2600,,'',1,6600,,'',1,2600,,'',1,2600,,'',1,6900,,'',1,2900,,'',1,6900,,'',1,2900,,'',1,6900,,'',1,2900,,'',1,6900,,'',1,2900,,'',1,6900,,'',1,2900,,'',1
'149.0.3',401,65000,4,'',1,7000,4,'',1,3000,4,'',1,7500,4,'',1,3000,4,'',1,7000,4,'',1,3000,4,'',1,7000,4,'',1,3000,4,'',1,7000,4,'',1,3100,4,'',1,7000,4,'',1,7500,4,'',1,2800,4,'',1,2600,4,'',1,6600,4,'',1,3100,4,'',1,6300,4,'',1,2600,4,'',1,6600,4,'',1,2500,4,'',1,2600,4,'',1,6600,4,'',1,2600,4,'',1,6200,4,'',1,2600,4,'',1,6600,4,'',1,2500,4,'',1,2600,4,'',1,5900,4,'',1,2900,4,'',1,6800,4,'',1,2900,4,'',1,6800,4,'',1,2900,4,'',1,6800,4,'',1,2900,4,'',1,6900,4,'',1,2900,4,'',1
'149.0.80',400,63000,,'',1,7000,,'',1,3000,,'',1,7000,,'',1,3000,,'',1,7000,,'',1,3000,,'',1,7000,,'',1,3000,,'',1,7000,,'',1,3000,,'',1,7100,,'',1,2100,,'',1,2600,,'',1,6600,,'',1,2600,,'',1,6600,,'',1,2600,,'',1,2600,,'',1,6600,,'',1,2600,,'',1,6600,,'',1,2600,,'',1,6600,,'',1,2600,,'',1,6600,,'',1,2600,,'',1,2600,,'',1,6900,,'',1,2900,,'',1,6900,,'',1,2900,,'',1,6900,,'',1,2900,,'',1,6900,,'',1,2900,,'',1,6900,,'',1,2900,,'',1
'149.0.80',401,65000,4,'',1,7000,4,'',1,3000,4,'',1,7500,4,'',1,3000,4,'',1,7000,4,'',1,3000,4,'',1,7000,4,'',1,3000,4,'',1,7000,4,'',1,3100,4,'',1,7000,4,'',1,7500,4,'',1,2800,4,'',1,2600,4,'',1,6600,4,'',1,3100,4,'',1,6300,4,'',1,2600,4,'',1,6600,4,'',1,2500,4,'',1,2600,4,'',1,6600,4,'',1,2600,4,'',1,6200,4,'',1,2600,4,'',1,6600,4,'',1,2500,4,'',1,2600,4,'',1,5900,4,'',1,2900,4,'',1,6800,4,'',1,2900,4,'',1,6800,4,'',1,2900,4,'',1,6800,4,'',1,2900,4,'',1,6900,4,'',1,2900,4,'',1
'149.0.81',400,63000,,'',1,7000,,'',1,3000,,'',1,7000,,'',1,3000,,'',1,7000,,'',1,3000,,'',1,7000,,'',1,3000,,'',1,7000,,'',1,3000,,'',1,7100,,'',1,2100,,'',1,2600,,'',1,6600,,'',1,2600,,'',1,6600,,'',1,2600,,'',1,2600,,'',1,6600,,'',1,2600,,'',1,6600,,'',1,2600,,'',1,6600,,'',1,2600,,'',1,6600,,'',1,2600,,'',1,2600,,'',1,6900,,'',1,2900,,'',1,6900,,'',1,2900,,'',1,6900,,'',1,2900,,'',1,6900,,'',1,2900,,'',1,6900,,'',1,2900,,'',1
'149.0.81',401,65000,4,'',1,7000,4,'',1,3000,4,'',1,7500,4,'',1,3000,4,'',1,7000,4,'',1,3000,4,'',1,7000,4,'',1,3000,4,'',1,7000,4,'',1,3100,4,'',1,7000,4,'',1,7500,4,'',1,2800,4,'',1,2600,4,'',1,6600,4,'',1,3100,4,'',1,6300,4,'',1,2600,4,'',1,6600,4,'',1,2500,4,'',1,2600,4,'',1,6600,4,'',1,2600,4,'',1,6200,4,'',1,2600,4,'',1,6600,4,'',1,2500,4,'',1,2600,4,'',1,5900,4,'',1,2900,4,'',1,6800,4,'',1,2900,4,'',1,6800,4,'',1,2900,4,'',1,6800,4,'',1,2900,4,'',1,6900,4,'',1,2900,4,'',1
