7701,'1',439,,16783,12,,,1,17,,16784,12,,,1,53,,16785,12,,,1,15,,16786,12,,,1,16,,16787,12,,,1,15,,16788,12,,,1,55,,16789,12,,,1,16,,16790,12,,,1,16,,16791,12,,,1,16,,16792,12,,,1,57,,16793,12,,,1,16,,16794,12,,,1,16,,16795,12,,,1,56,,16796,12,,,1,16,,16797,12,,,1,16,,16798,12,,,1,17,,16799,12,,,1,56,,16800,12,,,1,15,,16801,12,,,1,16,,16802,12,,,1,16,,16803,12,,,1,56,,16804,12,,,1,31,,16805,12,,,1,70,,16806,12,,,1,30,,16807,12,,,1,70,,16808,12,,,1,30,,16809,12,,,1,72,,16810,12,,,1,30,,16811,12,,,1,70,,16812,12,,,1,19,,16813,12,,,1,19,,16814,12,,,1,59,,16815,12,,,1,19,,16816,12,,,1,19,,16817,12,,,1,59,,16818,12,,,1,19,,16819,12,,,1,19,,16820,12,,,1,59,,16821,12,,,1,19,,16822,12,,,1,19,,16823,12,,,1,59,,16824,12,,,1,17,,16825,12,,,1,19,,16826,12,,,1,18,,16827,12,,,1,58,,16828,12,,,1,19,,16829,12,,,1,19,,16830,12,,,1,67,,16831,12,,,1,27,,16832,12,,,1,67,,16833,12,,,1,27,,16834,12,,,1,67,,16835,12,,,1,33,,16836,12,,,1,72,,16837,12,,,1,33,,16838,12,,,1,72,,16839,12,,,1,32,,16840,12,,,1,73,,16841,12,,,1,33,,16842,12,,,1,75,,16843,12,,,1
7701,'2',521,,16852,12,,,1,35,,16853,12,,,1,75,,16854,12,,,1,75,,16855,12,,,1,35,,16856,12,,,1,75,,16857,12,,,1,35,,16858,12,,,1,75,,16859,12,,,1,86,,16860,12,,,1,42,,16861,12,,,1,81,,16862,12,,,1,81,,16863,12,,,1,41,,16864,12,,,1,83,,16865,12,,,1,80,,16866,12,,,1,82,,16885,12,,,1,33,,16867,12,,,1,73,,16868,12,,,1,33,,16869,12,,,1,74,,16870,12,,,1,30,,16871,12,,,1,73,,16872,12,,,1,30,,16873,12,,,1,70,,16874,12,,,1,30,,16875,12,,,1,70,,16876,12,,,1,30,,16877,12,,,1,70,,16878,12,,,1,30,,16879,12,,,1,70,,16880,12,,,1,30,,16881,12,,,1,69,,16882,12,,,1,30,,16883,12,,,1,76,,16884,12,,,1,36,,16886,12,,,1,70,,16887,12,,,1,73,,16888,12,,,1,33,,16889,12,,,1
9900,'1',448,,18813,12,,,1,80,,18814,12,,,1,80,,18815,12,,,1,41,,18816,12,,,1,92,,18817,12,,,1,75,,18818,12,,,1,37,,18819,12,,,1,73,,18820,12,,,1,75,,18821,12,,,1,35,,18822,12,,,1,96,,18823,12,,,1,94,,18824,12,,,1,94,,18825,12,,,1,94,,18826,12,,,1,30,,18838,12,,,1,71,,18837,12,,,1,29,,18827,12,,,1,70,,18828,12,,,1,30,,18829,12,,,1,70,,18830,12,,,1,30,,18831,12,,,1,69,,18832,12,,,1,30,,18833,12,,,1,68,,18834,12,,,1,30,,18835,12,,,1,69,,18836,12,,,1
9900,'2',606,,18841,12,,,1,38,,18842,12,,,1,78,,18856,12,,,1,88,,18855,12,,,1,47,,18843,12,,,1,87,,18844,12,,,1,87,,18845,12,,,1,88,,18846,12,,,1,104,,18847,12,,,1,95,,18848,12,,,1,95,,18849,12,,,1,95,,18850,12,,,1,95,,18851,12,,,1,55,,18852,12,,,1,95,,18853,12,,,1,95,,18854,12,,,1,87,,18858,12,,,1,90,,18857,12,,,1
9900,'3',613,,18861,12,,,1,38,,18862,12,,,1,78,,18863,12,,,1,78,,18864,12,,,1,51,,18881,12,,,1,89,,18865,12,,,1,89,,18866,12,,,1,89,,18867,12,,,1,90,,18868,12,,,1,89,,18869,12,,,1,49,,18870,12,,,1,89,,18871,12,,,1,89,,18872,12,,,1,89,,18873,12,,,1,89,,18874,12,,,1,48,,18875,12,,,1,89,,18876,12,,,1,89,,18877,12,,,1,87,,18878,12,,,1
9900,'80',613,,18882,12,,,1,38,,18883,12,,,1,78,,18884,12,,,1,78,,18885,12,,,1,51,,18902,12,,,1,89,,18886,12,,,1,89,,18887,12,,,1,89,,18888,12,,,1,90,,18889,12,,,1,89,,18890,12,,,1,49,,18891,12,,,1,89,,18892,12,,,1,89,,18893,12,,,1,89,,18894,12,,,1,89,,18895,12,,,1,48,,18896,12,,,1,89,,18897,12,,,1,89,,18898,12,,,1,87,,18899,12,,,1
36000,'2',839,,20438,12,,,1,68,,20439,12,,,1,28,,20440,12,,,1,68,,20441,12,,,1,28,,20442,12,,,1,28,,20443,12,,,1,69,,20444,12,,,1,28,,20445,12,,,1,68,,20446,12,,,1,28,,20447,12,,,1,68,,20448,12,,,1,27,,20449,12,,,1,68,,20450,12,,,1,29,,20451,12,,,1,69,,20452,12,,,1,28,,20453,12,,,1,68,,20454,12,,,1,27,,20455,12,,,1,70,,20456,12,,,1,30,,20457,12,,,1,72,,20458,12,,,1,29,,20459,12,,,1,70,,20460,12,,,1,30,,20461,12,,,1,70,,20462,12,,,1,29,,20463,12,,,1,71,,20464,12,,,1,30,,20465,12,,,1,70,,20466,12,,,1
36000,'80',838,,20467,12,,,1,68,,20468,12,,,1,28,,20469,12,,,1,68,,20470,12,,,1,28,,20471,12,,,1,29,,20472,12,,,1,68,,20473,12,,,1,27,,20474,12,,,1,68,,20475,12,,,1,28,,20476,12,,,1,68,,20477,12,,,1,28,,20478,12,,,1,69,,20479,12,,,1,28,,20480,12,,,1,68,,20481,12,,,1,28,,20482,12,,,1,67,,20483,12,,,1,28,,20484,12,,,1,68,,20485,12,,,1,28,,20486,12,,,1,28,,20487,12,,,1,68,,20488,12,,,1,28,,20489,12,,,1,68,,20490,12,,,1,28,,20491,12,,,1,66,,20492,12,,,1,27,,20493,12,,,1,66,,20494,12,,,1
36000,'24603.3',838,,20495,12,,,1,68,,20496,12,,,1,28,,20497,12,,,1,68,,20498,12,,,1,28,,20499,12,,,1,29,,20500,12,,,1,68,,20501,12,,,1,27,,20502,12,,,1,68,,20503,12,,,1,28,,20504,12,,,1,68,,20505,12,,,1,28,,20506,12,,,1,69,,20507,12,,,1,28,,20508,12,,,1,68,,20509,12,,,1,28,,20510,12,,,1,67,,20511,12,,,1,28,,20512,12,,,1,68,,20513,12,,,1,28,,20514,12,,,1,28,,20515,12,,,1,68,,20516,12,,,1,28,,20517,12,,,1,68,,20518,12,,,1,28,,20519,12,,,1,66,,20520,12,,,1,27,,20521,12,,,1,66,,20522,12,,,1
36000,'24604.3',2134,,20523,12,,,1,66,,20524,12,,,1,26,,20525,12,,,1
989900,'1',2044,,22653,12,,,1,77,,22654,12,,,1,38,,22655,12,,,1,78,,22656,12,,,1,75,,22657,12,,,1,34,,22658,12,,,1,75,,22659,12,,,1,35,,22660,12,,,1,75,,22661,12,0,5 6,1,75,,22662,12,0,5 6,1,41,,22663,12,0,5 6,1
989900,'2',2046,,22664,12,,,1,94,,22665,12,,,1,92,,22666,12,,,1,94,,22667,12,,,1,86,,22668,12,,,1,46,,22669,12,,,1,85,,22670,12,0,5 6,1,86,,22671,12,0,5 6,1,86,,22672,12,0,5 6,1
989900,'3',2103,,22673,12,,,1,50,,22674,12,,,1,91,,22675,12,,,1,90,,22676,12,,,1,82,,22677,12,,,1,43,,22678,12,,,1,81,,22679,12,0,5 6,1,83,,22680,12,0,5 6,1,83,,22681,12,0,5 6,1
989900,'80',2103,,22682,12,,,1,50,,22683,12,,,1,91,,22684,12,,,1,90,,22685,12,,,1,82,,22686,12,,,1,43,,22687,12,,,1,81,,22688,12,0,5 6,1,83,,22689,12,0,5 6,1,83,,22690,12,0,5 6,1
