9900,'1',450,,18813,15,,,1,81,,18814,15,,,1,80,,18815,15,,,1,41,,18816,15,,,1,92,,18817,15,,,1,75,,18818,15,,,1,38,,18819,15,,,1,72,,18820,15,,,1,75,,18821,15,,,1,35,,18822,15,,,1,97,,18823,15,,,1,94,,18824,15,,,1,94,,18825,15,,,1,94,,18826,15,,,1,30,,18838,15,,,1,71,,18837,15,,,1,29,,18827,15,,,1,70,,18828,15,,,1,30,,18829,15,,,1,70,,18830,15,,,1,30,,18831,15,,,1,69,,18832,15,,,1,30,,18833,15,,,1,67,,18834,15,,,1,30,,18835,15,,,1,69,,18836,15,,,1
9900,'2',608,,18841,15,,,1,38,,18842,15,,,1,78,,18856,15,,,1,89,,18855,15,,,1,87,,18843,15,,,1,47,,18844,15,,,1,87,,18845,15,,,1,88,,18846,15,,,1,104,,18847,15,,,1,95,,18848,15,,,1,95,,18849,15,,,1,95,,18850,15,,,1,95,,18851,15,,,1,95,,18852,15,,,1,55,,18853,15,,,1,95,,18854,15,,,1,87,,18858,15,,,1,90,,18857,15,,,1
9900,'3',616,,18861,15,,,1,38,,18862,15,,,1,78,,18863,15,,,1,78,,18864,15,,,1,91,,18881,15,,,1,49,,18865,15,,,1,89,,18866,15,,,1,89,,18867,15,,,1,90,,18868,15,,,1,89,,18869,15,,,1,49,,18870,15,,,1,89,,18871,15,,,1,89,,18872,15,,,1,89,,18873,15,,,1,89,,18874,15,,,1,88,,18875,15,,,1,49,,18876,15,,,1,89,,18877,15,,,1,86,,18878,15,,,1
9900,'80',616,,18882,15,,,1,38,,18883,15,,,1,78,,18884,15,,,1,78,,18885,15,,,1,91,,18902,15,,,1,49,,18886,15,,,1,89,,18887,15,,,1,89,,18888,15,,,1,90,,18889,15,,,1,89,,18890,15,,,1,49,,18891,15,,,1,89,,18892,15,,,1,89,,18893,15,,,1,89,,18894,15,,,1,89,,18895,15,,,1,88,,18896,15,,,1,49,,18897,15,,,1,89,,18898,15,,,1,86,,18899,15,,,1
36000,'2',843,,20438,15,,,1,68,,20439,15,,,1,28,,20440,15,,,1,68,,20441,15,,,1,28,,20442,15,,,1,68,,20443,15,,,1,28,,20444,15,,,1,28,,20445,15,,,1,68,,20446,15,,,1,28,,20447,15,,,1,68,,20448,15,,,1,28,,20449,15,,,1,68,,20450,15,,,1,29,,20451,15,,,1,69,,20452,15,,,1,28,,20453,15,,,1,68,,20454,15,,,1,26,,20455,15,,,1,70,,20456,15,,,1,30,,20457,15,,,1,72,,20458,15,,,1,29,,20459,15,,,1,70,,20460,15,,,1,30,,20461,15,,,1,70,,20462,15,,,1,29,,20463,15,,,1,72,,20464,15,,,1,30,,20465,15,,,1,70,,20466,15,,,1
36000,'80',841,,20467,15,,,1,68,,20468,15,,,1,28,,20469,15,,,1,68,,20470,15,,,1,28,,20471,15,,,1,69,,20472,15,,,1,28,,20473,15,,,1,27,,20474,15,,,1,68,,20475,15,,,1,28,,20476,15,,,1,68,,20477,15,,,1,28,,20478,15,,,1,69,,20479,15,,,1,28,,20480,15,,,1,68,,20481,15,,,1,28,,20482,15,,,1,67,,20483,15,,,1,28,,20484,15,,,1,68,,20485,15,,,1,28,,20486,15,,,1,68,,20487,15,,,1,28,,20488,15,,,1,28,,20489,15,,,1,68,,20490,15,,,1,28,,20491,15,,,1,66,,20492,15,,,1,27,,20493,15,,,1,66,,20494,15,,,1
36000,'24603.3',841,,20495,15,,,1,68,,20496,15,,,1,28,,20497,15,,,1,68,,20498,15,,,1,28,,20499,15,,,1,69,,20500,15,,,1,28,,20501,15,,,1,27,,20502,15,,,1,68,,20503,15,,,1,28,,20504,15,,,1,68,,20505,15,,,1,28,,20506,15,,,1,69,,20507,15,,,1,28,,20508,15,,,1,68,,20509,15,,,1,28,,20510,15,,,1,67,,20511,15,,,1,28,,20512,15,,,1,68,,20513,15,,,1,28,,20514,15,,,1,68,,20515,15,,,1,28,,20516,15,,,1,28,,20517,15,,,1,68,,20518,15,,,1,28,,20519,15,,,1,66,,20520,15,,,1,27,,20521,15,,,1,66,,20522,15,,,1
36000,'24604.3',2137,,20523,15,,,1,66,,20524,15,,,1,26,,20525,15,,,1
989900,'1',2047,,22653,15,,,1,76,,22654,15,,,1,78,,22655,15,,,1,38,,22656,15,,,1,75,,22657,15,,,1,34,,22658,15,,,1,75,,22659,15,,,1,35,,22660,15,,,1,75,,22661,15,0,5 6,1,75,,22662,15,0,5 6,1,41,,22663,15,0,5 6,1
989900,'2',2049,,22664,15,,,1,94,,22665,15,,,1,91,,22666,15,,,1,94,,22667,15,,,1,86,,22668,15,,,1,86,,22669,15,,,1,45,,22670,15,0,5 6,1,86,,22671,15,0,5 6,1,86,,22672,15,0,5 6,1
989900,'3',2106,,22673,15,,,1,50,,22674,15,,,1,90,,22675,15,,,1,90,,22676,15,,,1,82,,22677,15,,,1,83,,22678,15,,,1,41,,22679,15,0,5 6,1,83,,22680,15,0,5 6,1,83,,22681,15,0,5 6,1
989900,'80',2106,,22682,15,,,1,50,,22683,15,,,1,90,,22684,15,,,1,90,,22685,15,,,1,82,,22686,15,,,1,83,,22687,15,,,1,41,,22688,15,0,5 6,1,83,,22689,15,0,5 6,1,83,,22690,15,0,5 6,1
