100,'1',403,,3,28,,,1,38,,2,28,,,1,71,,1,28,,,1,43,,29,43,,,1,78,,28,43,,,1,80,,26,43,,,1,38,,27,43,,,1,73,,25,43,,,1,35,,24,43,,,1,75,,23,43,,,1,110,,22,43,,,1,113,,21,43,,,1,152,,20,43,,,1,116,,19,43,,,1,87,,30,43,,,1,42,,18,43,,,1,71,,17,43,,,1,77,,16,43,,,1,31,,15,43,,,1,74,,14,43,,,1,34,,13,43,,,1,66,,12,43,,,1,24,,11,43,,,1,98,,10,43,,,1,102,,9,43,,,1,100,,8,43,,,1,91,,7,43,,,1,95,,6,43,,,1,89,,5,43,,,1,95,,4,43,,,1
100,'2',604,,53,28,,,1,97,,31,43,,,1,103,,32,43,,,1,107,,33,43,,,1,103,,34,43,,,1,110,,35,43,,,1,95,,36,43,,,1,87,,37,43,,,1,103,,38,43,,,1,92,,39,43,,,1,52,,40,43,,,1,92,,41,43,,,1,86,,42,43,,,1,92,,43,43,,,1,91,,44,43,,,1,42,,45,43,,,1,92,,46,43,,,1,90,,47,43,,,1,97,,48,43,,,1,97,,49,43,,,1,94,,50,43,,,1,93,,51,43,,,1,96,,52,43,,,1
100,'3',754,,69,28,,,1,92,,54,43,,,1,158,,55,43,,,1,115,,56,43,,,1,115,,57,43,,,1,115,,58,43,,,1,152,,59,43,,,1,107,,60,43,,,1,112,,61,43,,,1,110,,62,43,,,1,109,,63,43,,,1,95,,64,43,,,1,99,,65,43,,,1,99,,66,43,,,1,94,,67,43,,,1,99,,68,43,,,1
100,'80',754,,85,28,,,1,92,,70,43,,,1,158,,71,43,,,1,115,,72,43,,,1,115,,73,43,,,1,115,,74,43,,,1,152,,75,43,,,1,107,,76,43,,,1,112,,77,43,,,1,110,,78,43,,,1,109,,79,43,,,1,95,,80,43,,,1,99,,81,43,,,1,99,,82,43,,,1,94,,83,43,,,1,99,,84,43,,,1
100,'81',754,,101,28,,,1,92,,86,43,,,1,158,,87,43,,,1,115,,88,43,,,1,115,,89,43,,,1,115,,90,43,,,1,152,,91,43,,,1,107,,92,43,,,1,112,,93,43,,,1,110,,94,43,,,1,109,,95,43,,,1,95,,96,43,,,1,99,,97,43,,,1,99,,98,43,,,1,94,,99,43,,,1,99,,100,43,,,1
900,'1',542,,2059,7,,,1,70,,2060,7,,,1,37,,2061,7,,,1,73,,2062,7,,,1,33,,2063,7,,,1,73,,2064,7,,,1,73,,2065,7,,,1,33,,2066,7,,,1,84,,2067,7,,,1,84,,2068,7,,,1,44,,2069,7,,,1,84,,2070,7,,,1,83,,2071,7,,,1,44,,2072,7,,,1,82,,2073,7,,,1,75,,2074,7,,,1,34,,2075,7,,,1,81,,2076,7,,,1,82,,2077,7,,,1,34,,2078,7,,,1,78,,2079,7,,,1,78,,2080,7,,,1,38,,2081,7,,,1,78,,2082,7,,,1
900,'2',658,,2101,7,,,1,87,,2100,7,,,1,87,,2083,7,,,1,87,,2084,7,,,1,87,,2085,7,,,1,47,,2086,7,,,1,87,,2087,7,,,1,87,,2088,7,,,1,87,,2089,7,,,1,87,,2090,7,,,1,47,,2091,7,,,1,87,,2092,7,,,1,87,,2093,7,,,1,87,,2094,7,,,1,47,,2095,7,,,1,87,,2096,7,,,1,87,,2097,7,,,1,87,,2098,7,,,1,87,,2099,7,,,1
900,'3',800,,2102,7,,,1,47,,2103,7,,,1,87,,2104,7,,,1,87,,2105,7,,,1,87,,2106,7,,,1,47,,2107,7,,,1,87,,2108,7,,,1,87,,2109,7,,,1,87,,2110,7,,,1,87,,2111,7,,,1,47,,2112,7,,,1,87,,2113,7,,,1,87,,2114,7,,,1,87,,2115,7,,,1,47,,2116,7,,,1,87,,2117,7,,,1,87,,2118,7,,,1
900,'80',800,,2119,7,,,1,47,,2120,7,,,1,87,,2121,7,,,1,87,,2122,7,,,1,87,,2123,7,,,1,47,,2124,7,,,1,87,,2125,7,,,1,87,,2126,7,,,1,87,,2127,7,,,1,87,,2128,7,,,1,47,,2129,7,,,1,87,,2130,7,,,1,87,,2131,7,,,1,87,,2132,7,,,1,47,,2133,7,,,1,87,,2134,7,,,1,87,,2135,7,,,1
900,'81',800,,2136,7,,,1,47,,2137,7,,,1,87,,2138,7,,,1,87,,2139,7,,,1,87,,2140,7,,,1,47,,2141,7,,,1,87,,2142,7,,,1,87,,2143,7,,,1,87,,2144,7,,,1,87,,2145,7,,,1,47,,2146,7,,,1,87,,2147,7,,,1,87,,2148,7,,,1,87,,2149,7,,,1,47,,2150,7,,,1,87,,2151,7,,,1,87,,2152,7,,,1
1400,'1',551,,2372,62,,,1,67,,2371,62,,,1,29,,2370,62,,,1,73,,2366,62,,,1,30,,2369,62,,,1,72,,2368,62,,,1,22,,2367,62,,,1,77,,2392,62,,,1,28,,2391,59,,,1,74,,2390,59,,,1,34,,2384,59,,,1,75,,2374,59,,,1,74,,2389,59,,,1,33,,2388,59,,,1,73,,2387,59,,,1,33,,2386,59,,,1,73,,2385,59,,,1,38,,2383,62,,,1,72,,2382,62,,,1,76,,2381,62,,,1,31,,2380,62,,,1,77,,2379,62,,,1,32,,2378,62,,,1,75,,2377,62,,,1,35,,2376,62,,,1,66,,2375,62,,,1,26,,2373,59,,,1,76,,2393,59,,,1,81,,2394,59,,,1
1601,'1',547,,2555,2,,,1,62,,2554,2,,,1,22,,2546,2,,,1,22,,2547,2,,,1,63,,2548,2,,,1,22,,2549,2,,,1,62,,2550,2,,,1,22,,2551,2,,,1,17,,2552,2,,,1,66,,2553,2,,,1,21,,2566,2,,,1,24,,2565,2,,,1,68,,2556,2,,,1,31,,2557,2,,,1,71,,2558,2,,,1,31,,2559,2,,,1,71,,2560,2,,,1,31,,2561,2,,,1,69,,2562,2,,,1,33,,2563,2,,,1,67,,2564,2,,,1,21,,2583,2,,,1,63,,2582,2,,,1,23,,2567,2,,,1,17,,2568,2,,,1,69,,2569,2,,,1,24,,2570,2,,,1,63,,2571,2,,,1,23,,2572,2,,,1,22,,2573,2,,,1,63,,2574,2,,,1,23,,2575,2,,,1,23,,2576,2,,,1,63,,2577,2,,,1,23,,2578,2,,,1,63,,2579,2,,,1,23,,2580,2,,,1,23,,2581,2,,,1,68,,2586,2,,,1,34,,2584,2,,,1,74,,2585,2,,,1,74,,2592,2,,,1
1601,'2',656,,2596,2,,,1,78,,2593,2,,,1,78,,2594,2,,,1,38,,2595,2,,,1,78,,2599,2,,,1,78,,2600,2,,,1,38,,2601,2,,,1,78,,2602,2,,,1,78,,2603,2,,,1,38,,2604,2,,,1,84,,2613,2,,,1,81,,2605,2,,,1,41,,2606,2,,,1,81,,2607,2,,,1,81,,2608,2,,,1,41,,2609,2,,,1,81,,2610,2,,,1,81,,2611,2,,,1,37,,2612,2,,,1,81,,2620,2,,,1,32,,2614,2,,,1,76,,2615,2,,,1,78,,2616,2,,,1,34,,2617,2,,,1,76,,2618,2,,,1,33,,2619,2,,,1
1601,'3',737,,2621,2,,,1,95,,2622,2,,,1,95,,2623,2,,,1,95,,2624,2,,,1,95,,2625,2,,,1,95,,2626,2,,,1,98,,2627,2,,,1,98,,2628,2,,,1,98,,2629,2,,,1,98,,2630,2,,,1,98,,2631,2,,,1,52,,2632,2,,,1,92,,2633,2,,,1,92,,2634,2,,,1,92,,2635,2,,,1,91,,2636,2,,,1
1601,'80',737,,2637,2,,,1,95,,2638,2,,,1,95,,2639,2,,,1,95,,2640,2,,,1,95,,2641,2,,,1,95,,2642,2,,,1,98,,2643,2,,,1,98,,2644,2,,,1,98,,2645,2,,,1,98,,2646,2,,,1,98,,2647,2,,,1,52,,2648,2,,,1,92,,2649,2,,,1,92,,2650,2,,,1,92,,2651,2,,,1,91,,2652,2,,,1
1601,'81',737,,2653,2,,,1,95,,2654,2,,,1,95,,2655,2,,,1,95,,2656,2,,,1,95,,2657,2,,,1,95,,2658,2,,,1,98,,2659,2,,,1,98,,2660,2,,,1,98,,2661,2,,,1,98,,2662,2,,,1,98,,2663,2,,,1,52,,2664,2,,,1,92,,2665,2,,,1,92,,2666,2,,,1,92,,2667,2,,,1,91,,2668,2,,,1
30301,'1',1626,,8600,4,,,1,31,,8597,4,,,1,60,,8598,4,,,1,10,,8599,4,,,1,17,,8601,4,,,1,10,,8596,4,,,1,53,,8602,4,,,1,12,,8603,4,,,1,15,,8595,4,,,1
40100,'24611.1',752,,9203,42,,,1
41100,'24612.1',747,,9217,38,,,1
52200,'1',1001,,9317,35,,,1,119,,9318,35,,,1,120,,9319,35,,,1,119,,9320,35,,,1,159,,9321,35,,,1,119,,9322,35,,,1
