9900,'1',350,,7281,16,,,1,80,,7282,16,,,1,72,,7255,36,,,1,42,,7256,36,,,1,80,,7257,36,,,1,84,,7258,36,,,1,97,,7259,36,,,1,35,,7260,36,,,1,77,,7261,36,,,1,32,,7262,36,,,1,75,,7263,36,,,1,35,,7264,36,,,1,99,,7265,36,,,1,94,,7266,36,,,1,94,,7267,36,,,1,94,,7268,36,,,1,76,,7280,36,,,1,31,,7279,36,,,1,69,,7269,36,,,1,30,,7270,36,,,1,70,,7271,36,,,1,30,,7272,36,,,1,70,,7273,36,,,1,25,,7274,36,,,1,70,,7275,36,,,1,24,,7276,36,,,1,70,,7277,36,,,1,26,,7278,36,,,1
9900,'2',510,,7301,16,,,1,37,,7302,16,,,1,74,,7283,36,,,1,79,,7284,36,,,1,38,,7298,36,,,1,91,,7297,36,,,1,87,,7285,36,,,1,87,,7286,36,,,1,47,,7287,36,,,1,90,,7288,36,,,1,107,,7289,36,,,1,95,,7290,36,,,1,95,,7291,36,,,1,98,,7292,36,,,1,95,,7293,36,,,1,92,,7294,36,,,1,95,,7295,36,,,1,95,,7296,36,,,1,45,,7300,36,,,1,90,,7299,36,,,1
9900,'3',512,,7321,16,,,1,38,,7322,16,,,1,81,,7303,36,,,1,78,,7304,36,,,1,38,,7305,36,,,1,78,,7306,36,,,1,94,,7323,36,,,1,89,,7307,36,,,1,49,,7308,36,,,1,89,,7309,36,,,1,93,,7310,36,,,1,89,,7311,36,,,1,89,,7312,36,,,1,89,,7313,36,,,1,49,,7314,36,,,1,89,,7315,36,,,1,89,,7316,36,,,1,87,,7317,36,,,1,89,,7318,36,,,1,49,,7319,36,,,1,80,,7320,36,,,1
9900,'80',512,,7342,16,,,1,38,,7343,16,,,1,81,,7324,36,,,1,78,,7325,36,,,1,38,,7326,36,,,1,78,,7327,36,,,1,94,,7344,36,,,1,89,,7328,36,,,1,49,,7329,36,,,1,89,,7330,36,,,1,93,,7331,36,,,1,89,,7332,36,,,1,89,,7333,36,,,1,89,,7334,36,,,1,49,,7335,36,,,1,89,,7336,36,,,1,89,,7337,36,,,1,87,,7338,36,,,1,89,,7339,36,,,1,49,,7340,36,,,1,80,,7341,36,,,1
9900,'81',512,,7363,16,,,1,38,,7364,16,,,1,81,,7345,36,,,1,78,,7346,36,,,1,38,,7347,36,,,1,78,,7348,36,,,1,94,,7365,36,,,1,89,,7349,36,,,1,49,,7350,36,,,1,89,,7351,36,,,1,93,,7352,36,,,1,89,,7353,36,,,1,89,,7354,36,,,1,89,,7355,36,,,1,49,,7356,36,,,1,89,,7357,36,,,1,89,,7358,36,,,1,87,,7359,36,,,1,89,,7360,36,,,1,49,,7361,36,,,1,80,,7362,36,,,1
989900,'1',2103,,11580,36,0,198 199,1,34,,11581,36,0,198 199,1,78,,11582,36,0,198 199,1,38,,11583,36,0,198 199,1,75,,11584,36,0,198 199,1,73,,11585,36,0,198 199,1,35,,11586,36,0,198 199,1,75,,11587,36,0,198 199,1,35,,11588,36,0,5 6,1,75,,11589,36,0,5 6,1,80,,11590,36,0,5 6,1
989900,'2',2107,,11591,36,0,198 199,1,94,,11592,36,0,198 199,1,47,,11593,36,0,198 199,1,93,,11594,36,0,198 199,1,86,,11595,36,0,198 199,1,86,,11596,36,0,198 199,1,45,,11597,36,0,5 6,1,86,,11598,36,0,5 6,1,86,,11599,36,0,5 6,1
989900,'3',2124,,11600,36,0,198 199,1,90,,11601,36,0,198 199,1,86,,11602,36,0,198 199,1,50,,11603,36,0,198 199,1,81,,11604,36,0,198 199,1,83,,11605,36,0,198 199,1,40,,11606,36,0,5 6,1,83,,11607,36,0,5 6,1,83,,11608,36,0,5 6,1
989900,'80',2124,,11609,36,0,198 199,1,90,,11610,36,0,198 199,1,86,,11611,36,0,198 199,1,50,,11612,36,0,198 199,1,81,,11613,36,0,198 199,1,83,,11614,36,0,198 199,1,40,,11615,36,0,5 6,1,83,,11616,36,0,5 6,1,83,,11617,36,0,5 6,1
989900,'81',2124,,11618,36,0,198 199,1,90,,11619,36,0,198 199,1,86,,11620,36,0,198 199,1,50,,11621,36,0,198 199,1,81,,11622,36,0,198 199,1,83,,11623,36,0,198 199,1,40,,11624,36,0,5 6,1,83,,11625,36,0,5 6,1,83,,11626,36,0,5 6,1
