9600,'1',625,,6908,30,,,1,83,,6907,30,,,1,31,,6906,30,,,1,77,,6905,30,,,1,27,,6904,30,,,1,79,,6901,30,,,1,34,,6902,30,,,1,70,,6903,30,,,1,32,,6916,30,,,1,70,,6915,30,,,1,79,,6909,30,,,1,39,,6910,30,,,1,79,,6911,30,,,1,83,,6912,30,,,1,25,,6913,30,,,1,86,,6914,30,,,1,83,,6922,30,,,1,27,,6921,30,,,1,30,,6920,30,,,1,67,,6917,30,,,1,27,,6918,30,,,1,62,,6919,30,,,1,27,,6925,30,,,1,64,,6926,30,,,1,13,,6936,30,,,1,12,,6924,30,,,1,25,,6923,30,,,1,74,,6933,30,,,1,70,,6932,30,,,1,15,,6935,30,,,1,14,,6927,30,,,1,30,,6928,30,,,1,70,,6929,30,,,1,30,,6930,30,,,1,70,,6931,30,,,1,17,,6934,30,,,1
9600,'2',950,,6937,30,,,1,99,,6938,30,,,1,99,,6939,30,,,1,99,,6940,30,,,1,99,,6941,30,,,1,99,,6942,30,,,1,98,,6943,30,,,1,99,,6944,30,,,1,95,,6945,30,,,1,97,,6946,30,,,1,87,,6947,30,,,1,86,,6948,30,,,1,97,,6949,30,,,1
9600,'3',1043,,6950,30,,,1,94,,6951,30,,,1,94,,6952,30,,,1,94,,6953,30,,,1,94,,6954,30,,,1,94,,6955,30,,,1,94,,6956,30,,,1,94,,6957,30,,,1,52,,6958,30,,,1,94,,6959,30,,,1,94,,6960,30,,,1,92,,6961,30,,,1
9600,'80',1043,,6962,30,,,1,94,,6963,30,,,1,94,,6964,30,,,1,94,,6965,30,,,1,94,,6966,30,,,1,94,,6967,30,,,1,94,,6968,30,,,1,94,,6969,30,,,1,52,,6970,30,,,1,94,,6971,30,,,1,94,,6972,30,,,1,92,,6973,30,,,1
9600,'81',1043,,6974,30,,,1,94,,6975,30,,,1,94,,6976,30,,,1,94,,6977,30,,,1,94,,6978,30,,,1,94,,6979,30,,,1,94,,6980,30,,,1,94,,6981,30,,,1,52,,6982,30,,,1,94,,6983,30,,,1,94,,6984,30,,,1,92,,6985,30,,,1
10700,'1',504,,7861,30,,,1,24,,7860,30,,,1,24,,7859,30,,,1,64,,7858,30,,,1,22,,7857,30,,,1,16,,7856,30,,,1,61,,7855,30,,,1,11,,7854,30,,,1,16,,7853,30,,,1,59,,7852,30,,,1,16,,7851,30,,,1,12,,7850,30,,,1,15,,7849,30,,,1,56,,7848,30,,,1,15,,7847,30,,,1,41,,7846,30,,,1,82,,7845,30,,,1,82,,7844,30,,,1,82,,7843,30,,,1,47,,7842,30,,,1,80,,7841,30,,,1,28,,7837,9,,,1,54,,7840,30,,,1,22,,7839,30,,,1,18,,7838,30,,,1,58,,7889,30,,,1,19,,7888,30,,,1,21,,7887,30,,,1,58,,7886,30,,,1,18,,7885,30,,,1,24,,7884,30,,,1,56,,7883,30,,,1,18,,7882,30,,,1,16,,7881,30,,,1,20,,7880,30,,,1,56,,7879,30,,,1,18,,7878,30,,,1,12,,7877,30,,,1,58,,7876,30,,,1,37,,7875,30,,,1,81,,7874,30,,,1,38,,7873,30,,,1,79,,7872,30,,,1,74,,7871,30,,,1,34,,7870,30,,,1,74,,7869,30,,,1,34,,7868,30,,,1,74,,7867,30,,,1,74,,7866,30,,,1,34,,7865,30,,,1,74,,7864,30,,,1,29,,7863,30,,,1,74,,7862,30,,,1
10700,'2',638,,7892,30,,,1,79,,7891,30,,,1,37,,7890,30,,,1,77,,7893,30,,,1,77,,7894,30,,,1,37,,7895,30,,,1,77,,7896,30,,,1,37,,7897,30,,,1,77,,7898,30,,,1,77,,7899,30,,,1,36,,7900,30,,,1,77,,7901,30,,,1,77,,7902,30,,,1,37,,7903,30,,,1,77,,7904,30,,,1,37,,7905,30,,,1,75,,7906,30,,,1,77,,7907,30,,,1,37,,7908,30,,,1,77,,7909,30,,,1,37,,7910,30,,,1,77,,7911,30,,,1,77,,7912,30,,,1,37,,7913,30,,,1,77,,7914,30,,,1,77,,7915,30,,,1,37,,7916,30,,,1,77,,7917,30,,,1,37,,7918,30,,,1,77,,7919,30,,,1,77,,7920,30,,,1,35,,7921,30,,,1,77,,7923,30,,,1,37,,7922,30,,,1
10700,'3',723,,7935,9,,,1,77,,7936,9,,,1,28,,7937,30,,,1,77,,7938,30,,,1,37,,7939,30,,,1,77,,7940,30,,,1,37,,7941,30,,,1,77,,7942,30,,,1,77,,7943,30,,,1,37,,7944,30,,,1,77,,7945,30,,,1,77,,7946,30,,,1,36,,7947,30,,,1,77,,7948,30,,,1,37,,7952,30,,,1,77,,7951,30,,,1,77,,7953,30,,,1,37,,7954,30,,,1,77,,7955,30,,,1,37,,7956,30,,,1,77,,7924,30,,,1,77,,7925,30,,,1,37,,7926,30,,,1,77,,7949,30,,,1,77,,7927,30,,,1,37,,7928,30,,,1,77,,7929,30,,,1,37,,7930,30,,,1,77,,7931,30,,,1,77,,7932,30,,,1,37,,7933,30,,,1,77,,7950,30,,,1,37,,7934,30,,,1
10700,'80',723,,7968,9,,,1,77,,7969,9,,,1,28,,7970,30,,,1,77,,7971,30,,,1,37,,7972,30,,,1,77,,7973,30,,,1,37,,7974,30,,,1,77,,7975,30,,,1,77,,7976,30,,,1,37,,7977,30,,,1,77,,7978,30,,,1,77,,7979,30,,,1,36,,7980,30,,,1,77,,7981,30,,,1,37,,7985,30,,,1,77,,7984,30,,,1,77,,7986,30,,,1,37,,7987,30,,,1,77,,7988,30,,,1,37,,7989,30,,,1,77,,7957,30,,,1,77,,7958,30,,,1,37,,7959,30,,,1,77,,7982,30,,,1,77,,7960,30,,,1,37,,7961,30,,,1,77,,7962,30,,,1,37,,7963,30,,,1,77,,7964,30,,,1,77,,7965,30,,,1,37,,7966,30,,,1,77,,7983,30,,,1,37,,7967,30,,,1
10700,'81',723,,7993,9,,,1,77,,7994,9,,,1,28,,7995,30,,,1,77,,7996,30,,,1,37,,7997,30,,,1,77,,7998,30,,,1,37,,7999,30,,,1,77,,8000,30,,,1,77,,8001,30,,,1,37,,8002,30,,,1,77,,8003,30,,,1,77,,8004,30,,,1,36,,8005,30,,,1,77,,8006,30,,,1,37,,8009,30,,,1,77,,8008,30,,,1,77,,8010,30,,,1,37,,8011,30,,,1,77,,8012,30,,,1,37,,8013,30,,,1,77,,7990,30,,,1,77,,7991,30,,,1,37,,7992,30,,,1,77,,8007,30,,,1,77,,8014,30,,,1,37,,8015,30,,,1,77,,8016,30,,,1,37,,8017,30,,,1,77,,8018,30,,,1,77,,8019,30,,,1,37,,8020,30,,,1,77,,8022,30,,,1,37,,8021,30,,,1
