8600,'1',552,,5698,9,,,1,75,,5699,9,,,1,25,,5700,9,,,1,70,,5701,9,,,1,20,,5702,9,,,1,67,,5703,9,,,1,38,,5704,9,,,1,83,,5716,9,,,1,79,,5705,9,,,1,94,,5706,9,,,1,54,,5707,9,,,1,87,,5708,9,,,1,96,,5709,9,,,1,78,,5710,9,,,1,106,,5711,9,,,1,89,,5712,9,,,1,28,,5717,9,,,1,85,,5714,9,,,1,33,,5713,9,,,1,67,,5715,9,,,1,19,,5718,9,,,1,82,,5719,9,,,1,88,,5720,9,,,1,40,,5722,9,,,1,81,,5721,9,,,1
8600,'2',753,,5723,9,,,1,86,,5724,9,,,1,85,,5725,9,,,1,86,,5726,9,,,1,46,,5727,9,,,1,86,,5728,9,,,1,88,,5729,9,,,1,86,,5730,9,,,1,86,,5731,9,,,1,44,,5732,9,,,1,86,,5733,9,,,1,86,,5734,9,,,1,86,,5735,9,,,1,45,,5736,9,,,1,86,,5737,9,,,1,86,,5738,9,,,1
9900,'1',347,,7281,7,,,1,80,,7282,7,,,1,32,,7255,27,,,1,81,,7256,27,,,1,80,,7257,27,,,1,83,,7258,27,,,1,54,,7259,27,,,1,75,,7260,27,,,1,78,,7261,27,,,1,31,,7262,27,,,1,75,,7263,27,,,1,35,,7264,27,,,1,98,,7265,27,,,1,94,,7266,27,,,1,94,,7267,27,,,1,94,,7268,27,,,1,75,,7280,27,,,1,31,,7279,27,,,1,69,,7269,27,,,1,30,,7270,27,,,1,70,,7271,27,,,1,30,,7272,27,,,1,70,,7273,27,,,1,27,,7274,27,,,1,70,,7275,27,,,1,24,,7276,27,,,1,30,,7277,27,,,1,68,,7278,27,,,1
9900,'2',507,,7301,7,,,1,37,,7302,7,,,1,73,,7283,27,,,1,39,,7284,27,,,1,78,,7298,27,,,1,90,,7297,27,,,1,87,,7285,27,,,1,47,,7286,27,,,1,87,,7287,27,,,1,88,,7288,27,,,1,106,,7289,27,,,1,95,,7290,27,,,1,95,,7291,27,,,1,96,,7292,27,,,1,95,,7293,27,,,1,94,,7294,27,,,1,95,,7295,27,,,1,95,,7296,27,,,1,46,,7300,27,,,1,90,,7299,27,,,1
9900,'3',509,,7321,7,,,1,38,,7322,7,,,1,79,,7303,27,,,1,78,,7304,27,,,1,38,,7305,27,,,1,78,,7306,27,,,1,92,,7323,27,,,1,89,,7307,27,,,1,49,,7308,27,,,1,89,,7309,27,,,1,92,,7310,27,,,1,89,,7311,27,,,1,89,,7312,27,,,1,49,,7313,27,,,1,89,,7314,27,,,1,89,,7315,27,,,1,89,,7316,27,,,1,87,,7317,27,,,1,89,,7318,27,,,1,49,,7319,27,,,1,84,,7320,27,,,1
9900,'80',509,,7342,7,,,1,38,,7343,7,,,1,79,,7324,27,,,1,78,,7325,27,,,1,38,,7326,27,,,1,78,,7327,27,,,1,92,,7344,27,,,1,89,,7328,27,,,1,49,,7329,27,,,1,89,,7330,27,,,1,92,,7331,27,,,1,89,,7332,27,,,1,89,,7333,27,,,1,49,,7334,27,,,1,89,,7335,27,,,1,89,,7336,27,,,1,89,,7337,27,,,1,87,,7338,27,,,1,89,,7339,27,,,1,49,,7340,27,,,1,84,,7341,27,,,1
9900,'81',509,,7363,7,,,1,38,,7364,7,,,1,79,,7345,27,,,1,78,,7346,27,,,1,38,,7347,27,,,1,78,,7348,27,,,1,92,,7365,27,,,1,89,,7349,27,,,1,49,,7350,27,,,1,89,,7351,27,,,1,92,,7352,27,,,1,89,,7353,27,,,1,89,,7354,27,,,1,49,,7355,27,,,1,89,,7356,27,,,1,89,,7357,27,,,1,89,,7358,27,,,1,87,,7359,27,,,1,89,,7360,27,,,1,49,,7361,27,,,1,84,,7362,27,,,1
989900,'1',2057,,11580,27,0,198 199,1,76,,11581,27,0,198 199,1,78,,11582,27,0,198 199,1,38,,11583,27,0,198 199,1,75,,11584,27,0,198 199,1,33,,11585,27,0,198 199,1,75,,11586,27,0,198 199,1,75,,11587,27,0,198 199,1,35,,11588,27,0,5 6,1,75,,11589,27,0,5 6,1,41,,11590,27,0,5 6,1
989900,'2',2100,,11591,27,0,198 199,1,54,,11592,27,0,198 199,1,90,,11593,27,0,198 199,1,93,,11594,27,0,198 199,1,86,,11595,27,0,198 199,1,86,,11596,27,0,198 199,1,45,,11597,27,0,5 6,1,86,,11598,27,0,5 6,1,86,,11599,27,0,5 6,1
989900,'3',2117,,11600,27,0,198 199,1,90,,11601,27,0,198 199,1,48,,11602,27,0,198 199,1,90,,11603,27,0,198 199,1,82,,11604,27,0,198 199,1,83,,11605,27,0,198 199,1,40,,11606,27,0,5 6,1,83,,11607,27,0,5 6,1,83,,11608,27,0,5 6,1
989900,'80',2117,,11609,27,0,198 199,1,90,,11610,27,0,198 199,1,48,,11611,27,0,198 199,1,90,,11612,27,0,198 199,1,82,,11613,27,0,198 199,1,83,,11614,27,0,198 199,1,40,,11615,27,0,5 6,1,83,,11616,27,0,5 6,1,83,,11617,27,0,5 6,1
989900,'81',2117,,11618,27,0,198 199,1,90,,11619,27,0,198 199,1,48,,11620,27,0,198 199,1,90,,11621,27,0,198 199,1,82,,11622,27,0,198 199,1,83,,11623,27,0,198 199,1,40,,11624,27,0,5 6,1,83,,11625,27,0,5 6,1,83,,11626,27,0,5 6,1
