701,'1',512,,25360,2,,,1,24,,25357,2,,,1,64,,25358,2,,,1,24,,25359,2,,,1,27,,25367,2,,,1,77,,25366,2,,,1,21,,25361,2,,,1,69,,25362,2,,,1,29,,25363,2,,,1,76,,25364,2,,,1,21,,25365,2,,,1,69,,25375,2,,,1,23,,25374,2,,,1,72,,25368,2,,,1,32,,25369,2,,,1,72,,25370,2,,,1,32,,25371,2,,,1,72,,25372,2,,,1,23,,25381,2,,,1,69,,25373,2,,,1,22,,25380,2,,,1,29,,25376,2,,,1,70,,25377,2,,,1,29,,25378,2,,,1,68,,25379,2,,,1,29,,25382,2,,,1,69,,25383,2,,,1,29,,25384,2,,,1,69,,25385,2,,,1,29,,25386,2,,,1,69,,25387,2,,,1,25,,25388,2,,,1,86,,25393,2,,,1,84,,25389,2,,,1,44,,25390,2,,,1,84,,25391,2,,,1,94,,25392,2,,,1
701,'2',849,,25394,2,,,1,88,,25395,2,,,1,88,,25396,2,,,1,88,,25397,2,,,1,88,,25398,2,,,1,48,,25399,2,,,1,88,,25400,2,,,1,88,,25401,2,,,1,88,,25402,2,,,1,88,,25403,2,,,1,48,,25404,2,,,1,88,,25405,2,,,1,88,,25406,2,,,1,88,,25407,2,,,1,88,,25408,2,,,1,42,,25411,2,,,1,82,,25409,2,,,1,82,,25410,2,,,1
701,'3',848,,25412,2,,,1,87,,25413,2,,,1,87,,25414,2,,,1,87,,25415,2,,,1,47,,25416,2,,,1,87,,25417,2,,,1,87,,25418,2,,,1,87,,25419,2,,,1,87,,25420,2,,,1,47,,25421,2,,,1,87,,25422,2,,,1,87,,25423,2,,,1,87,,25424,2,,,1,47,,25425,2,,,1,87,,25426,2,,,1
701,'74',849,,25427,2,,,1,88,,25428,2,,,1,88,,25429,2,,,1,88,,25430,2,,,1,88,,25431,2,,,1,48,,25432,2,,,1,88,,25433,2,,,1,88,,25434,2,,,1,88,,25435,2,,,1,88,,25436,2,,,1,48,,25437,2,,,1,88,,25438,2,,,1,88,,25439,2,,,1,88,,25440,2,,,1,88,,25441,2,,,1,42,,25444,2,,,1,82,,25442,2,,,1,82,,25443,2,,,1
701,'80',848,,25445,2,,,1,87,,25446,2,,,1,87,,25447,2,,,1,87,,25448,2,,,1,47,,25449,2,,,1,87,,25450,2,,,1,87,,25451,2,,,1,87,,25452,2,,,1,87,,25453,2,,,1,47,,25454,2,,,1,87,,25455,2,,,1,87,,25456,2,,,1,87,,25457,2,,,1,47,,25458,2,,,1,87,,25459,2,,,1
8501,'1',532,,29840,36,,,1,16,,29839,36,,,1,55,,29801,48,,,1,16,,29800,48,,,1,16,,29799,48,,,1,16,,29798,48,,,1,56,,29797,48,,,1,16,,29796,48,,,1,16,,29795,48,,,1,16,,29787,48,,,1,56,,29788,48,,,1,16,,29789,48,,,1,16,,29790,48,,,1,16,,29791,48,,,1,56,,29792,48,,,1,16,,29793,48,,,1,15,,29794,48,,,1,66,,29811,48,,,1,25,,29810,48,,,1,22,,29809,48,,,1,65,,29802,48,,,1,25,,29803,48,,,1,65,,29804,48,,,1,25,,29805,48,,,1,69,,29806,48,,,1,25,,29807,48,,,1,19,,29808,48,,,1,65,,29812,48,,,1,25,,29813,48,,,1,66,,29814,48,,,1,16,,29841,48,,,1,16,,29842,48,,,1,16,,29831,48,,,1,56,,29830,48,,,1,16,,29829,48,,,1,29,,29828,48,,,1,64,,29827,48,,,1,16,,29815,48,,,1,19,,29816,48,,,1,53,,29817,48,,,1,7,,29818,48,,,1,16,,29819,48,,,1,11,,29820,48,,,1,59,,29821,48,,,1,13,,29822,48,,,1,16,,29823,48,,,1,16,,29824,48,,,1,55,,29825,48,,,1,15,,29826,48,,,1,32,,29834,48,,,1,63,,29833,48,,,1,25,,29832,48,,,1,22,,29838,48,,,1,69,,29837,48,,,1,29,,29835,48,,,1,72,,29836,48,,,1
8501,'2',710,,29858,48,,,1,35,,29859,48,,,1,70,,29860,48,,,1,34,,29861,48,,,1,70,,29862,48,,,1,30,,29863,48,,,1,70,,29864,48,,,1,34,,29865,48,,,1,70,,29866,48,,,1,30,,29843,48,,,1,63,,29844,48,,,1,29,,29845,48,,,1,63,,29846,48,,,1,23,,29847,48,,,1,23,,29848,48,,,1,63,,29849,48,,,1,23,,29850,48,,,1,63,,29851,48,,,1,23,,29852,48,,,1,23,,29853,48,,,1,63,,29854,48,,,1,23,,29855,48,,,1,23,,29856,48,,,1,58,,29857,48,,,1,21,,29867,48,,,1,19,,29868,48,,,1,63,,29869,48,,,1,21,,29870,48,,,1,61,,29871,48,,,1,18,,29872,48,,,1,21,,29873,48,,,1,61,,29874,48,,,1,17,,29875,48,,,1,21,,29876,48,,,1,61,,29877,48,,,1,21,,29878,48,,,1,21,,29879,48,,,1,70,,29880,48,,,1,30,,29881,48,,,1,70,,29882,48,,,1
8501,'3',906,,29885,48,,,1,44,,29886,48,,,1,80,,29887,48,,,1,80,,29888,48,,,1,47,,29889,48,,,1,83,,29890,48,,,1,83,,29891,48,,,1,87,,29892,48,,,1,43,,29893,48,,,1,83,,29894,48,,,1,83,,29895,48,,,1,33,,29896,48,,,1,82,,29897,48,,,1,84,,29898,48,,,1,36,,29899,48,,,1,81,,29900,48,,,1,83,,29901,48,,,1,39,,29883,48,,,1,81,,29884,48,,,1
8501,'74',710,,29902,48,,,1,35,,29903,48,,,1,70,,29904,48,,,1,34,,29905,48,,,1,70,,29906,48,,,1,30,,29907,48,,,1,70,,29908,48,,,1,34,,29909,48,,,1,70,,29910,48,,,1,30,,29911,48,,,1,63,,29912,48,,,1,29,,29913,48,,,1,63,,29914,48,,,1,23,,29915,48,,,1,23,,29916,48,,,1,63,,29917,48,,,1,23,,29918,48,,,1,63,,29919,48,,,1,23,,29920,48,,,1,23,,29921,48,,,1,63,,29922,48,,,1,23,,29923,48,,,1,23,,29924,48,,,1,58,,29925,48,,,1,21,,29926,48,,,1,19,,29927,48,,,1,63,,29928,48,,,1,21,,29929,48,,,1,61,,29930,48,,,1,18,,29931,48,,,1,21,,29932,48,,,1,61,,29933,48,,,1,17,,29934,48,,,1,21,,29935,48,,,1,61,,29936,48,,,1,21,,29937,48,,,1,21,,29938,48,,,1,70,,29939,48,,,1,30,,29940,48,,,1,70,,29941,48,,,1
8501,'80',906,,29942,48,,,1,44,,29943,48,,,1,80,,29944,48,,,1,80,,29945,48,,,1,47,,29946,48,,,1,83,,29947,48,,,1,83,,29948,48,,,1,87,,29949,48,,,1,43,,29950,48,,,1,83,,29951,48,,,1,83,,29952,48,,,1,33,,29953,48,,,1,82,,29954,48,,,1,84,,29955,48,,,1,36,,29958,48,,,1,81,,29959,48,,,1,83,,29960,48,,,1,39,,29956,48,,,1,81,,29957,48,,,1
