8600,'1',610,,29961,32,,,1,35,,29962,32,,,1,66,,29963,32,,,1,30,,29964,32,,,1,67,,29965,34,,,1,18,,29966,31,,,1,77,,29967,31,,,1,43,,29977,31,,,1,79,,29968,31,,,1,94,,29969,31,,,1,94,,29970,31,,,1,87,,29971,31,,,1,56,,29972,31,,,1,88,,29973,34,,,1,99,,29974,31,,,1,91,,29975,31,,,1,68,,29978,31,,,1,45,,29976,32,,,1,74,,29979,32,,,1,26,,29980,32,,,1,57,,29981,31,,,1,43,,29982,32,,,1,83,,29983,31,,,1,80,,29985,31,,,1,41,,29984,31,,,1
8600,'2',806,,29986,31,,,1,46,,29987,31,,,1,89,,29988,31,,,1,86,,29989,31,,,1,86,,29990,31,,,1,46,,29991,31,,,1,89,,29992,31,,,1,86,,29993,31,,,1,86,,29994,31,,,1,82,,29995,31,,,1,46,,29996,31,,,1,86,,29997,31,,,1,86,,29998,31,,,1,84,,29999,31,,,1,46,,30000,31,,,1,86,,30001,31,,,1
8600,'74',806,,30002,31,,,1,46,,30003,31,,,1,89,,30004,31,,,1,86,,30005,31,,,1,86,,30006,31,,,1,46,,30007,31,,,1,89,,30008,31,,,1,86,,30009,31,,,1,86,,30010,31,,,1,82,,30011,31,,,1,46,,30012,31,,,1,86,,30013,31,,,1,86,,30014,31,,,1,84,,30015,31,,,1,46,,30016,31,,,1,86,,30017,31,,,1
9900,'1',353,,31638,23,,,1,80,,31639,23,,,1,73,,31612,43,,,1,42,,31613,43,,,1,80,,31614,43,,,1,85,,31615,43,,,1,97,,31616,43,,,1,35,,31617,43,,,1,78,,31618,43,,,1,31,,31619,43,,,1,75,,31620,43,,,1,75,,31621,43,,,1,100,,31622,43,,,1,54,,31623,43,,,1,94,,31624,43,,,1,94,,31625,43,,,1,76,,31637,43,,,1,31,,31636,43,,,1,69,,31626,43,,,1,30,,31627,43,,,1,70,,31628,43,,,1,30,,31629,43,,,1,70,,31630,43,,,1,24,,31631,43,,,1,70,,31632,43,,,1,24,,31633,43,,,1,70,,31634,43,,,1,26,,31635,43,,,1
9900,'2',513,,31658,23,,,1,37,,31659,23,,,1,74,,31640,43,,,1,80,,31641,43,,,1,38,,31655,43,,,1,92,,31654,43,,,1,87,,31642,43,,,1,87,,31643,43,,,1,47,,31644,43,,,1,91,,31645,43,,,1,108,,31646,43,,,1,95,,31647,43,,,1,95,,31648,43,,,1,97,,31649,43,,,1,95,,31650,43,,,1,92,,31651,43,,,1,95,,31652,43,,,1,95,,31653,43,,,1,84,,31657,43,,,1,50,,31656,43,,,1
9900,'3',515,,31678,23,,,1,38,,31679,23,,,1,81,,31660,43,,,1,78,,31661,43,,,1,38,,31662,43,,,1,78,,31663,43,,,1,96,,31680,43,,,1,89,,31664,43,,,1,89,,31665,43,,,1,49,,31666,43,,,1,93,,31667,43,,,1,89,,31668,43,,,1,89,,31669,43,,,1,89,,31670,43,,,1,89,,31671,43,,,1,49,,31672,43,,,1,89,,31673,43,,,1,87,,31674,43,,,1,89,,31675,43,,,1,89,,31676,43,,,1,39,,31677,43,,,1
9900,'74',513,,31699,23,,,1,37,,31700,23,,,1,74,,31681,43,,,1,80,,31682,43,,,1,38,,31696,43,,,1,92,,31695,43,,,1,87,,31683,43,,,1,87,,31684,43,,,1,47,,31685,43,,,1,91,,31686,43,,,1,108,,31687,43,,,1,95,,31688,43,,,1,95,,31689,43,,,1,97,,31690,43,,,1,95,,31691,43,,,1,92,,31692,43,,,1,95,,31693,43,,,1,95,,31694,43,,,1,84,,31698,43,,,1,50,,31697,43,,,1
9900,'80',515,,31719,23,,,1,38,,31720,23,,,1,81,,31701,43,,,1,78,,31702,43,,,1,38,,31703,43,,,1,78,,31704,43,,,1,96,,31721,43,,,1,89,,31705,43,,,1,89,,31706,43,,,1,49,,31707,43,,,1,93,,31708,43,,,1,89,,31709,43,,,1,89,,31710,43,,,1,89,,31711,43,,,1,89,,31712,43,,,1,49,,31713,43,,,1,89,,31714,43,,,1,87,,31715,43,,,1,89,,31716,43,,,1,89,,31717,43,,,1,39,,31718,43,,,1
989900,'1',2107,,36830,43,,,1,34,,36831,43,,,1,78,,36832,43,,,1,38,,36833,43,,,1,75,,36834,43,,,1,73,,36835,43,,,1,35,,36836,43,,,1,75,,36837,43,,,1,35,,36838,43,0,5 6,1,75,,36839,43,0,5 6,1,80,,36840,43,0,5 6,1
989900,'2',2111,,36841,43,,,1,94,,36842,43,,,1,47,,36843,43,,,1,93,,36844,43,,,1,86,,36845,43,,,1,86,,36846,43,,,1,85,,36847,43,0,5 6,1,46,,36848,43,0,5 6,1,86,,36849,43,0,5 6,1
989900,'3',2128,,36850,43,,,1,90,,36851,43,,,1,86,,36852,43,,,1,50,,36853,43,,,1,80,,36854,43,,,1,83,,36855,43,,,1,40,,36856,43,0,5 6,1,83,,36857,43,0,5 6,1,83,,36858,43,0,5 6,1
989900,'74',2111,,36859,43,,,1,94,,36860,43,,,1,47,,36861,43,,,1,93,,36862,43,,,1,86,,36863,43,,,1,86,,36864,43,,,1,85,,36865,43,0,5 6,1,46,,36866,43,0,5 6,1,86,,36867,43,0,5 6,1
989900,'80',2128,,36868,43,,,1,90,,36869,43,,,1,86,,36870,43,,,1,50,,36871,43,,,1,80,,36872,43,,,1,83,,36873,43,,,1,40,,36874,43,0,5 6,1,83,,36875,43,0,5 6,1,83,,36876,43,0,5 6,1
