8100,'1',535,,29504,34,,,1,71,,29506,34,,,1,31,,29508,34,,,1,74,,29509,34,,,1,34,,29507,34,,,1,81,,29510,34,,,1,79,,29505,34,,,1
8101,'1',1526,,29518,34,,,1,86,,29517,34,,,1,39,,29516,34,,,1,79,,29515,34,,,1,77,,29514,34,,,1,37,,29513,34,,,1,75,,29512,34,,,1,38,,29511,34,,,1
9801,'1',544,,31521,52,,,1,75,,31520,52,,,1,38,,31519,52,,,1,75,,31518,52,,,1,76,,31517,52,,,1,35,,31516,52,,,1,75,,31515,52,,,1,35,,31514,52,,,1,75,,31525,52,,,1,101,,31524,52,,,1,98,,31523,52,,,1,98,,31522,52,,,1,102,,31537,52,,,1,80,,31536,52,,,1,40,,31535,52,,,1,80,,31534,52,,,1,80,,31533,52,,,1,40,,31532,52,,,1,80,,31531,52,,,1,76,,31530,52,,,1,38,,31529,52,,,1,91,,31528,52,,,1,86,,31527,52,,,1,88,,31526,52,,,1
9801,'2',550,,31556,52,,,1,86,,31555,52,,,1,86,,31554,52,,,1,86,,31553,52,,,1,49,,31552,52,,,1,97,,31551,52,,,1,94,,31550,52,,,1,98,,31549,52,,,1,94,,31548,52,,,1,102,,31547,52,,,1,98,,31546,52,,,1,98,,31545,52,,,1,95,,31544,52,,,1,98,,31543,52,,,1,98,,31542,52,,,1,94,,31541,52,,,1,85,,31540,52,,,1,49,,31539,52,,,1,87,,31538,52,,,1
9801,'3',733,,31573,52,,,1,88,,31574,52,,,1,91,,31572,52,,,1,88,,31571,52,,,1,48,,31570,52,,,1,96,,31569,52,,,1,93,,31568,52,,,1,93,,31567,52,,,1,95,,31566,52,,,1,93,,31565,52,,,1,93,,31564,52,,,1,93,,31563,52,,,1,53,,31562,52,,,1,90,,31561,52,,,1,85,,31560,52,,,1,86,,31559,52,,,1,87,,31558,52,,,1,48,,31557,52,,,1
9801,'74',550,,31593,52,,,1,86,,31592,52,,,1,86,,31591,52,,,1,86,,31590,52,,,1,49,,31589,52,,,1,97,,31588,52,,,1,94,,31587,52,,,1,98,,31586,52,,,1,94,,31585,52,,,1,102,,31584,52,,,1,98,,31583,52,,,1,98,,31582,52,,,1,95,,31581,52,,,1,98,,31580,52,,,1,98,,31579,52,,,1,94,,31578,52,,,1,85,,31577,52,,,1,49,,31576,52,,,1,87,,31575,52,,,1
9801,'80',733,,31610,52,,,1,88,,31611,52,,,1,91,,31609,52,,,1,88,,31608,52,,,1,48,,31607,52,,,1,96,,31606,52,,,1,93,,31605,52,,,1,93,,31604,52,,,1,95,,31603,52,,,1,93,,31602,52,,,1,93,,31601,52,,,1,93,,31600,52,,,1,53,,31599,52,,,1,90,,31598,52,,,1,85,,31597,52,,,1,86,,31596,52,,,1,87,,31595,52,,,1,48,,31594,52,,,1
989901,'1',2222,,36877,52,,,1,31,,36878,52,,,1,78,,36879,52,,,1,76,,36880,52,,,1,35,,36881,52,,,1,71,,36882,52,,,1,35,,36883,52,,,1,75,,36884,52,,,1
989901,'2',2228,,36885,52,,,1,91,,36886,52,,,1,83,,36887,52,,,1,51,,36890,52,,,1,85,,36888,52,,,1,86,,36889,52,,,1
989901,'3',2240,,36891,52,,,1,88,,36892,52,,,1,83,,36893,52,,,1,89,,36894,52,,,1,39,,36895,52,,,1,83,,36896,52,,,1
989901,'74',2228,,36897,52,,,1,91,,36898,52,,,1,83,,36899,52,,,1,51,,36902,52,,,1,85,,36900,52,,,1,86,,36901,52,,,1
989901,'80',2240,,36903,52,,,1,88,,36904,52,,,1,83,,36905,52,,,1,89,,36906,52,,,1,39,,36907,52,,,1,83,,36908,52,,,1
