1600,'1',548,,26443,18,,,1,62,,26444,18,,,1,24,,26445,18,,,1,22,,26446,18,,,1,63,,26447,18,,,1,22,,26448,18,,,1,18,,26449,18,,,1,66,,26450,18,,,1,22,,26451,18,,,1,62,,26452,18,,,1,30,,26453,18,,,1,70,,26454,18,,,1,35,,26455,18,,,1,67,,26456,18,,,1,31,,26457,18,,,1,71,,26458,18,,,1,31,,26459,18,,,1,71,,26460,18,,,1,31,,26461,18,,,1,75,,26462,18,,,1,22,,26463,18,,,1,63,,26464,18,,,1,23,,26465,18,,,1,23,,26466,18,,,1,63,,26467,18,,,1,25,,26468,18,,,1,63,,26469,18,,,1,23,,26470,18,,,1,23,,26471,18,,,1,63,,26472,18,,,1,21,,26473,18,,,1,20,,26474,18,,,1,63,,26475,18,,,1,23,,26476,18,,,1,63,,26477,18,,,1,23,,26478,18,,,1,21,,26479,18,,,1,74,,26480,18,,,1,34,,26481,18,,,1,74,,26482,18,,,1,74,,26483,18,,,1,34,,26484,18,,,1,74,,26488,18,,,1
1600,'2',656,,26489,18,,,1,78,,26490,18,,,1,80,,26491,18,,,1,38,,26492,18,,,1,78,,26493,18,,,1,78,,26494,18,,,1,38,,26495,18,,,1,78,,26496,18,,,1,78,,26497,18,,,1,38,,26498,18,,,1,82,,26499,18,,,1,81,,26500,18,,,1,41,,26501,18,,,1,81,,26502,18,,,1,82,,26503,18,,,1,41,,26504,18,,,1,81,,26505,18,,,1,81,,26506,18,,,1,41,,26507,18,,,1,74,,26508,18,,,1,76,,26509,18,,,1,39,,26510,18,,,1,73,,26511,18,,,1,35,,26512,18,,,1,77,,26513,18,,,1,75,,26515,18,,,1,36,,26516,18,,,1
1600,'3',850,,26517,18,,,1,96,,26518,18,,,1,95,,26519,18,,,1,95,,26520,18,,,1,95,,26521,18,,,1,99,,26526,18,,,1,98,,26522,18,,,1,98,,26523,18,,,1,98,,26524,18,,,1,94,,26525,18,,,1,94,,26531,18,,,1,92,,26527,18,,,1,51,,26528,18,,,1,92,,26529,18,,,1,92,,26530,18,,,1
1600,'74',656,,26534,18,,,1,78,,26535,18,,,1,80,,26536,18,,,1,38,,26537,18,,,1,78,,26538,18,,,1,78,,26539,18,,,1,38,,26540,18,,,1,78,,26541,18,,,1,78,,26542,18,,,1,38,,26543,18,,,1,82,,26544,18,,,1,81,,26545,18,,,1,41,,26546,18,,,1,81,,26547,18,,,1,82,,26548,18,,,1,41,,26549,18,,,1,81,,26550,18,,,1,81,,26551,18,,,1,41,,26552,18,,,1,74,,26553,18,,,1,76,,26554,18,,,1,39,,26555,18,,,1,73,,26556,18,,,1,35,,26558,18,,,1,77,,26559,18,,,1,75,,26560,18,,,1,36,,26561,18,,,1
1600,'80',850,,26562,18,,,1,96,,26563,18,,,1,95,,26564,18,,,1,95,,26565,18,,,1,95,,26566,18,,,1,99,,26571,18,,,1,98,,26567,18,,,1,98,,26568,18,,,1,98,,26569,18,,,1,94,,26570,18,,,1,94,,26576,18,,,1,92,,26572,18,,,1,51,,26573,18,,,1,92,,26574,18,,,1,92,,26575,18,,,1
8500,'1',644,,29617,62,,,1,56,,29618,62,,,1,16,,29619,62,,,1,16,,29620,62,,,1,16,,29621,62,,,1,60,,29622,62,,,1,16,,29623,62,,,1,16,,29624,62,,,1,16,,29625,62,,,1,56,,29626,62,,,1,16,,29627,62,,,1,10,,29628,61,,,1,16,,29629,61,,,1,65,,29630,61,,,1,25,,29631,61,,,1,58,,29632,61,,,1,25,,29633,61,,,1,25,,29634,61,,,1,65,,29635,61,,,1,25,,29636,61,,,1,66,,29637,61,,,1,25,,29638,61,,,1,67,,29639,61,,,1,25,,29640,61,,,1,20,,29641,61,,,1,57,,29668,47,,,1,18,,29642,47,,,1,20,,29643,47,,,1,16,,29644,47,,,1,57,,29645,47,,,1,16,,29646,47,,,1,24,,29647,48,,,1,53,,29648,48,,,1,16,,29649,48,,,1,16,,29650,48,,,1,19,,29651,48,,,1,56,,29652,48,,,1,16,,29653,48,,,1,16,,29654,48,,,1,10,,29655,48,,,1,56,,29656,48,,,1,16,,29657,48,,,1,16,,29658,48,,,1,16,,29659,48,,,1,52,,29660,47,,,1,25,,29661,47,,,1,65,,29662,47,,,1,25,,29663,47,,,1,32,,29664,47,,,1,72,,29665,47,,,1,72,,29666,47,,,1,32,,29667,47,,,1
8500,'2',718,,29697,61,,,1,32,,29698,61,,,1,70,,29699,61,,,1,28,,29700,61,,,1,74,,29701,61,,,1,30,,29702,61,,,1,70,,29703,61,,,1,34,,29704,61,,,1,70,,29705,61,,,1,31,,29669,61,,,1,62,,29670,61,,,1,25,,29671,61,,,1,63,,29672,61,,,1,23,,29673,61,,,1,23,,29674,61,,,1,63,,29675,61,,,1,23,,29676,61,,,1,63,,29677,61,,,1,23,,29678,61,,,1,23,,29679,61,,,1,63,,29680,61,,,1,23,,29681,61,,,1,23,,29682,61,,,1,63,,29683,61,,,1,21,,29684,61,,,1,61,,29685,61,,,1,17,,29686,61,,,1,21,,29687,61,,,1,61,,29688,61,,,1,21,,29689,61,,,1,21,,29690,61,,,1,61,,29691,61,,,1,18,,29692,61,,,1,21,,29693,61,,,1,61,,29694,61,,,1,21,,29695,61,,,1,21,,29696,61,,,1,70,,29706,61,,,1,30,,29707,61,,,1,70,,29708,61,,,1
8500,'3',854,,29726,33,,,1,80,,29727,33,,,1,79,,29709,61,,,1,40,,29710,61,,,1,81,,29711,61,,,1,80,,29712,61,,,1,91,,29713,61,,,1,43,,29714,61,,,1,83,,29715,61,,,1,83,,29716,61,,,1,42,,29717,61,,,1,83,,29718,61,,,1,84,,29719,61,,,1,34,,29720,61,,,1,81,,29721,61,,,1,85,,29722,61,,,1,77,,29723,61,,,1,41,,29724,61,,,1,81,,29725,61,,,1
8500,'74',718,,29756,61,,,1,32,,29757,61,,,1,70,,29758,61,,,1,28,,29759,61,,,1,74,,29760,61,,,1,30,,29761,61,,,1,70,,29762,61,,,1,34,,29763,61,,,1,70,,29764,61,,,1,31,,29728,61,,,1,62,,29729,61,,,1,25,,29730,61,,,1,63,,29731,61,,,1,23,,29732,61,,,1,23,,29733,61,,,1,63,,29734,61,,,1,23,,29735,61,,,1,63,,29736,61,,,1,23,,29737,61,,,1,23,,29738,61,,,1,63,,29739,61,,,1,23,,29740,61,,,1,23,,29741,61,,,1,63,,29742,61,,,1,21,,29743,61,,,1,61,,29744,61,,,1,17,,29745,61,,,1,21,,29746,61,,,1,61,,29747,61,,,1,21,,29748,61,,,1,21,,29749,61,,,1,61,,29750,61,,,1,18,,29751,61,,,1,21,,29752,61,,,1,61,,29753,61,,,1,21,,29754,61,,,1,21,,29755,61,,,1,70,,29765,61,,,1,30,,29766,61,,,1,70,,29767,61,,,1
8500,'80',854,,29785,33,,,1,80,,29786,33,,,1,79,,29768,61,,,1,40,,29769,61,,,1,81,,29770,61,,,1,80,,29771,61,,,1,91,,29772,61,,,1,43,,29773,61,,,1,83,,29774,61,,,1,83,,29775,61,,,1,42,,29776,61,,,1,83,,29777,61,,,1,84,,29778,61,,,1,34,,29779,61,,,1,81,,29780,61,,,1,85,,29781,61,,,1,77,,29782,61,,,1,41,,29783,61,,,1,81,,29784,61,,,1
