9901,'1',405,,7366,9,,,1,41,,7367,9,,,1,80,,7368,9,,,1,80,,7369,9,,,1,36,,7370,9,,,1,75,,7371,9,,,1,29,,7372,9,,,1,83,,7373,9,,,1,75,,7374,9,,,1,35,,7375,9,,,1,94,,7376,9,,,1,95,,7377,9,,,1,94,,7378,9,,,1,94,,7379,9,,,1,100,,7380,9,,,1,25,,7381,9,,,1,70,,7382,9,,,1,30,,7383,9,,,1,70,,7384,9,,,1,30,,7385,9,,,1,70,,7386,9,,,1,30,,7387,9,,,1,69,,7388,9,,,1,30,,7389,9,,,1,69,,7390,9,,,1,30,,7391,9,,,1,70,,7392,9,,,1,25,,7393,9,,,1,73,,7394,9,,,1,45,,7395,9,,,1
9901,'2',526,,7396,9,,,1,77,,7397,9,,,1,37,,7398,9,,,1,77,,7399,9,,,1,87,,7400,9,,,1,49,,7401,9,,,1,87,,7402,9,,,1,87,,7403,9,,,1,99,,7404,9,,,1,95,,7405,9,,,1,95,,7406,9,,,1,95,,7407,9,,,1,95,,7408,9,,,1,95,,7409,9,,,1,53,,7410,9,,,1,94,,7411,9,,,1,95,,7412,9,,,1,95,,7413,9,,,1,85,,7414,9,,,1,85,,7415,9,,,1
9901,'3',531,,7416,9,,,1,79,,7417,9,,,1,38,,7418,9,,,1,78,,7419,9,,,1,78,,7420,9,,,1,51,,7421,9,,,1,89,,7422,9,,,1,89,,7423,9,,,1,89,,7424,9,,,1,89,,7425,9,,,1,89,,7426,9,,,1,49,,7427,9,,,1,89,,7428,9,,,1,89,,7429,9,,,1,89,,7430,9,,,1,89,,7431,9,,,1,48,,7432,9,,,1,89,,7433,9,,,1,89,,7434,9,,,1,88,,7435,9,,,1,89,,7436,9,,,1,39,,7437,9,,,1
9901,'80',531,,7438,9,,,1,79,,7439,9,,,1,38,,7440,9,,,1,78,,7441,9,,,1,78,,7442,9,,,1,51,,7443,9,,,1,89,,7444,9,,,1,89,,7445,9,,,1,89,,7446,9,,,1,89,,7447,9,,,1,89,,7448,9,,,1,49,,7449,9,,,1,89,,7450,9,,,1,89,,7451,9,,,1,89,,7452,9,,,1,89,,7453,9,,,1,48,,7454,9,,,1,89,,7455,9,,,1,89,,7456,9,,,1,88,,7457,9,,,1,89,,7458,9,,,1,39,,7459,9,,,1
9901,'81',531,,7460,9,,,1,79,,7461,9,,,1,38,,7462,9,,,1,78,,7463,9,,,1,78,,7464,9,,,1,51,,7465,9,,,1,89,,7466,9,,,1,89,,7467,9,,,1,89,,7468,9,,,1,89,,7469,9,,,1,89,,7470,9,,,1,49,,7471,9,,,1,89,,7472,9,,,1,89,,7473,9,,,1,89,,7474,9,,,1,89,,7475,9,,,1,48,,7476,9,,,1,89,,7477,9,,,1,89,,7478,9,,,1,88,,7479,9,,,1,89,,7480,9,,,1,39,,7481,9,,,1
989901,'1',2229,,11627,64,,,1,71,,11628,64,,,1,38,,11629,64,,,1,75,,11630,64,,,1,35,,11631,64,,,1,71,,11632,64,,,1,35,,11633,64,,,1,75,,11634,64,,,1
989901,'2',2237,,11635,64,,,1,88,,11636,64,,,1,82,,11637,64,,,1,51,,11640,64,,,1,85,,11638,64,,,1,86,,11639,64,,,1
989901,'3',2247,,11641,64,,,1,87,,11642,64,,,1,83,,11643,64,,,1,88,,11644,64,,,1,39,,11645,64,,,1,83,,11646,64,,,1
989901,'80',2247,,11647,64,,,1,87,,11648,64,,,1,83,,11649,64,,,1,88,,11650,64,,,1,39,,11651,64,,,1,83,,11652,64,,,1
989901,'81',2247,,11653,64,,,1,87,,11654,64,,,1,83,,11655,64,,,1,88,,11656,64,,,1,39,,11657,64,,,1,83,,11658,64,,,1
