8500,'1',542,,5396,4,,,1,16,,5397,4,,,1,56,,5398,4,,,1,16,,5399,4,,,1,16,,5400,4,,,1,56,,5401,4,,,1,16,,5402,4,,,1,16,,5403,4,,,1,16,,5404,4,,,1,56,,5405,4,,,1,16,,5406,4,,,1,16,,5407,4,,,1,16,,5408,4,,,1,65,,5409,4,,,1,25,,5410,4,,,1,64,,5411,4,,,1,25,,5412,4,,,1,25,,5413,4,,,1,65,,5414,4,,,1,25,,5415,4,,,1,65,,5416,4,,,1,25,,5417,4,,,1,65,,5418,4,,,1,25,,5419,4,,,1,20,,5420,4,,,1
8500,'2',631,,5476,4,,,1,70,,5477,4,,,1,30,,5478,4,,,1,28,,5479,4,,,1,70,,5480,4,,,1,30,,5481,4,,,1,70,,5482,4,,,1,72,,5483,4,,,1,30,,5484,4,,,1,71,,5448,4,,,1,22,,5449,4,,,1,23,,5450,4,,,1,63,,5451,4,,,1,23,,5452,4,,,1,23,,5453,4,,,1,63,,5454,4,,,1,23,,5455,4,,,1,63,,5456,4,,,1,23,,5457,4,,,1,23,,5458,4,,,1,63,,5459,4,,,1,23,,5460,4,,,1,63,,5461,4,,,1,23,,5462,4,,,1,21,,5463,4,,,1,65,,5464,4,,,1,17,,5465,4,,,1,21,,5466,4,,,1,61,,5467,4,,,1,21,,5468,4,,,1,21,,5469,4,,,1,61,,5470,4,,,1,21,,5471,4,,,1,21,,5472,4,,,1,61,,5473,4,,,1,21,,5474,4,,,1,21,,5475,4,,,1,70,,5485,4,,,1,30,,5486,4,,,1,70,,5487,4,,,1
8500,'3',920,,5488,4,,,1,80,,5489,4,,,1,40,,5490,4,,,1,80,,5491,4,,,1,91,,5492,4,,,1,43,,5493,4,,,1,83,,5494,4,,,1,83,,5495,4,,,1,82,,5496,4,,,1,43,,5497,4,,,1,83,,5498,4,,,1,74,,5499,4,,,1,41,,5500,4,,,1,85,,5501,4,,,1,77,,5502,4,,,1,41,,5503,4,,,1,81,,5504,4,,,1
8500,'80',920,,5507,4,,,1,80,,5508,4,,,1,40,,5509,4,,,1,80,,5510,4,,,1,91,,5511,4,,,1,43,,5512,4,,,1,83,,5513,4,,,1,83,,5514,4,,,1,82,,5515,4,,,1,43,,5516,4,,,1,83,,5517,4,,,1,74,,5518,4,,,1,41,,5519,4,,,1,85,,5520,4,,,1,77,,5521,4,,,1,41,,5522,4,,,1,81,,5523,4,,,1
8500,'81',920,,5526,4,,,1,80,,5527,4,,,1,40,,5528,4,,,1,80,,5529,4,,,1,91,,5530,4,,,1,43,,5531,4,,,1,83,,5532,4,,,1,83,,5533,4,,,1,82,,5534,4,,,1,43,,5535,4,,,1,83,,5536,4,,,1,74,,5537,4,,,1,41,,5538,4,,,1,85,,5539,4,,,1,77,,5540,4,,,1,41,,5541,4,,,1,81,,5542,4,,,1
8501,'1',1355,,5566,55,,,1,65,,5570,55,,,1,25,,5571,55,,,1,66,,5572,55,,,1,16,,5599,55,,,1,16,,5600,55,,,1,16,,5589,55,,,1,56,,5588,55,,,1,16,,5587,55,,,1,71,,5586,55,,,1,24,,5585,55,,,1,16,,5573,55,,,1,59,,5574,55,,,1,13,,5575,55,,,1,6,,5576,55,,,1,16,,5577,55,,,1,11,,5578,55,,,1,59,,5579,55,,,1,13,,5580,55,,,1,16,,5581,55,,,1,16,,5582,55,,,1,56,,5583,55,,,1,13,,5584,55,,,1,32,,5592,55,,,1,63,,5591,55,,,1,25,,5590,55,,,1,62,,5596,55,,,1,29,,5595,55,,,1,71,,5593,55,,,1,32,,5594,55,,,1
8501,'2',2246,,5639,55,,,1,70,,5640,55,,,1
8501,'3',2101,,5641,55,,,1,41,,5642,55,,,1
8501,'80',2101,,5660,55,,,1,41,,5661,55,,,1
8501,'81',2101,,5679,55,,,1,41,,5680,55,,,1
46100,'24612.1',731,,9294,20,,,1
