4400,'1',730,,4140,15,0,123,1,79,,4141,15,0,123,1,46,,4142,15,0,123,1,85,,4143,15,0,123,1,484,,4144,15,0,123,1,87,,4145,15,0,123,1,89,,4146,15,0,123,1,49,,4147,15,0,123,1,87,,4148,15,0,123,1,86,,4149,15,0,123,1
5201,'1',541,,4419,27,,,1,95,,4420,27,,,1,105,,4421,27,,,1,100,,4426,27,,,1,105,,4425,27,,,1,500,,4424,16,,,1,100,,4422,16,,,1,100,,4423,16,,,1,100,,4428,16,,,1,100,,4427,16,,,1
9801,'1',505,,7165,2,,,1,35,,7164,2,,,1,75,,7163,2,,,1,35,,7162,2,,,1,75,,7161,2,,,1,75,,7160,2,,,1,35,,7159,2,,,1,75,,7158,2,,,1,35,,7171,2,,,1,98,,7170,2,,,1,98,,7169,2,,,1,98,,7168,2,,,1,98,,7167,2,,,1,80,,7166,2,,,1,40,,7181,2,,,1,80,,7180,2,,,1,80,,7179,2,,,1,40,,7178,2,,,1,80,,7177,2,,,1,80,,7176,2,,,1,40,,7175,2,,,1,91,,7174,2,,,1,91,,7173,2,,,1,88,,7172,2,,,1
9801,'2',515,,7200,2,,,1,86,,7199,2,,,1,46,,7198,2,,,1,86,,7197,2,,,1,86,,7196,2,,,1,94,,7195,2,,,1,94,,7194,2,,,1,94,,7193,2,,,1,54,,7192,2,,,1,98,,7191,2,,,1,98,,7190,2,,,1,98,,7189,2,,,1,98,,7188,2,,,1,98,,7187,2,,,1,98,,7186,2,,,1,98,,7185,2,,,1,89,,7184,2,,,1,89,,7183,2,,,1,89,,7182,2,,,1
9801,'3',656,,7217,2,,,1,88,,7218,2,,,1,88,,7216,2,,,1,88,,7215,2,,,1,88,,7214,2,,,1,93,,7213,2,,,1,53,,7212,2,,,1,93,,7211,2,,,1,93,,7210,2,,,1,93,,7209,2,,,1,93,,7208,2,,,1,93,,7207,2,,,1,93,,7206,2,,,1,93,,7205,2,,,1,48,,7204,2,,,1,89,,7203,2,,,1,87,,7202,2,,,1,88,,7201,2,,,1
9801,'80',656,,7235,2,,,1,88,,7236,2,,,1,88,,7234,2,,,1,88,,7233,2,,,1,88,,7232,2,,,1,93,,7231,2,,,1,53,,7230,2,,,1,93,,7229,2,,,1,93,,7228,2,,,1,93,,7227,2,,,1,93,,7226,2,,,1,93,,7225,2,,,1,93,,7224,2,,,1,93,,7223,2,,,1,48,,7222,2,,,1,89,,7221,2,,,1,87,,7220,2,,,1,88,,7219,2,,,1
9801,'81',656,,7253,2,,,1,88,,7254,2,,,1,88,,7252,2,,,1,88,,7251,2,,,1,88,,7250,2,,,1,93,,7249,2,,,1,53,,7248,2,,,1,93,,7247,2,,,1,93,,7246,2,,,1,93,,7245,2,,,1,93,,7244,2,,,1,93,,7243,2,,,1,93,,7242,2,,,1,93,,7241,2,,,1,48,,7240,2,,,1,89,,7239,2,,,1,87,,7238,2,,,1,88,,7237,2,,,1
43000,'24611.1',734,,9259,14,,,1
989901,'1',2150,,11627,2,,,1,72,,11628,2,,,1,78,,11629,2,,,1,38,,11630,2,,,1,75,,11631,2,,,1,32,,11632,2,,,1,75,,11633,2,,,1,35,,11634,2,,,1
989901,'2',2155,,11635,2,,,1,94,,11636,2,,,1,84,,11637,2,,,1,91,,11640,2,,,1,86,,11638,2,,,1,46,,11639,2,,,1
989901,'3',2209,,11641,2,,,1,50,,11642,2,,,1,83,,11643,2,,,1,90,,11644,2,,,1,79,,11645,2,,,1,43,,11646,2,,,1
989901,'80',2209,,11647,2,,,1,50,,11648,2,,,1,83,,11649,2,,,1,90,,11650,2,,,1,79,,11651,2,,,1,43,,11652,2,,,1
989901,'81',2209,,11653,2,,,1,50,,11654,2,,,1,83,,11655,2,,,1,90,,11656,2,,,1,79,,11657,2,,,1,43,,11658,2,,,1
