5000,'1',620,,28302,51,,,1,27,,28303,51,,,1,67,,28295,51,,,1,28,,28296,51,,,1,68,,28297,51,,,1,25,,28298,51,,,1,65,,28299,51,,,1,25,,28300,51,,,1,25,,28301,51,,,1,70,,28304,51,,,1,29,,28305,51,,,1,69,,28306,51,,,1,29,,28307,51,,,1,69,,28308,51,,,1,32,,28309,51,,,1,69,,28310,51,,,1,29,,28311,51,,,1,69,,28312,51,,,1,29,,28313,51,,,1,71,,28314,51,,,1,29,,28315,51,,,1,69,,28316,51,,,1,33,,28317,51,,,1,72,,28318,51,,,1,31,,28319,51,,,1,65,,28320,51,,,1,20,,28321,51,,,1,66,,28322,51,,,1,26,,28323,51,,,1,29,,28324,51,,,1,79,,28325,51,,,1,71,,28326,51,,,1,36,,28327,51,,,1,74,,28328,51,,,1,36,,28329,51,,,1,77,,28330,51,,,1
5000,'2',647,,28331,51,,,1,77,,28332,51,,,1,77,,28333,51,,,1,37,,28334,51,,,1,78,,28335,51,,,1,39,,28336,51,,,1,79,,28337,51,,,1,79,,28338,51,,,1,39,,28339,51,,,1,83,,28340,51,,,1,79,,28341,51,,,1,39,,28342,51,,,1,76,,28343,51,,,1,78,,28344,51,,,1,39,,28345,51,,,1,79,,28346,51,,,1,76,,28347,51,,,1,30,,28348,51,,,1,77,,28349,51,,,1,38,,28350,51,,,1,79,,28351,51,,,1,34,,28352,51,,,1,74,,28353,51,,,1,74,,28354,51,,,1,34,,28355,51,,,1,74,,28356,51,,,1,30,,28357,51,,,1,72,,28358,51,,,1
5000,'3',645,,28359,51,,,1,84,,28360,51,,,1,84,,28361,51,,,1,44,,28362,51,,,1,84,,28363,51,,,1,89,,28364,51,,,1,87,,28365,51,,,1,87,,28366,51,,,1,49,,28367,51,,,1,87,,28368,51,,,1,87,,28369,51,,,1,87,,28370,51,,,1,87,,28371,51,,,1,47,,28372,51,,,1,88,,28373,51,,,1,82,,28374,51,,,1,85,,28375,51,,,1,45,,28376,51,,,1,85,,28377,51,,,1,84,,28378,51,,,1,41,,28381,51,,,1,81,,28380,51,,,1,81,,28379,51,,,1
5000,'74',647,,28382,51,,,1,77,,28383,51,,,1,77,,28384,51,,,1,37,,28385,51,,,1,78,,28386,51,,,1,39,,28387,51,,,1,79,,28388,51,,,1,79,,28389,51,,,1,39,,28390,51,,,1,83,,28391,51,,,1,79,,28392,51,,,1,39,,28393,51,,,1,76,,28394,51,,,1,78,,28395,51,,,1,39,,28396,51,,,1,79,,28397,51,,,1,76,,28398,51,,,1,30,,28399,51,,,1,77,,28400,51,,,1,38,,28401,51,,,1,79,,28402,51,,,1,34,,28403,51,,,1,74,,28404,51,,,1,74,,28405,51,,,1,34,,28406,51,,,1,74,,28407,51,,,1,30,,28408,51,,,1,72,,28409,51,,,1
5000,'80',645,,28410,51,,,1,84,,28411,51,,,1,84,,28412,51,,,1,44,,28413,51,,,1,84,,28414,51,,,1,89,,28415,51,,,1,87,,28416,51,,,1,87,,28417,51,,,1,49,,28418,51,,,1,87,,28419,51,,,1,87,,28420,51,,,1,87,,28421,51,,,1,87,,28422,51,,,1,47,,28423,51,,,1,88,,28424,51,,,1,82,,28425,51,,,1,85,,28426,51,,,1,45,,28427,51,,,1,85,,28428,51,,,1,84,,28429,51,,,1,41,,28432,51,,,1,81,,28431,51,,,1,81,,28430,51,,,1
5001,'1',434,,28440,54,,,1,71,,28441,54,,,1,24,,28433,54,,,1,24,,28434,54,,,1,65,,28435,54,,,1,25,,28436,54,,,1,65,,28437,54,,,1,25,,28438,54,,,1,25,,28439,54,,,1,69,,28442,54,,,1,29,,28443,54,,,1,69,,28444,54,,,1,29,,28445,54,,,1,69,,28446,54,,,1,29,,28447,54,,,1,69,,28448,54,,,1,28,,28449,54,,,1,69,,28450,54,,,1,29,,28451,54,,,1,69,,28452,54,,,1,29,,28453,54,,,1,71,,28454,54,,,1,29,,28455,54,,,1,70,,28456,54,,,1,28,,28457,54,,,1,69,,28458,54,,,1,24,,28459,54,,,1,65,,28460,54,,,1,26,,28461,54,,,1,85,,28462,54,,,1,39,,28463,54,,,1,76,,28464,54,,,1,76,,28465,54,,,1,36,,28466,54,,,1,76,,28467,54,,,1,39,,28468,54,,,1,71,,28469,54,,,1,34,,28470,54,,,1
5001,'2',655,,28497,54,,,1,77,,28498,54,,,1,77,,28471,54,,,1,37,,28472,54,,,1,77,,28473,54,,,1,79,,28474,54,,,1,37,,28475,54,,,1,84,,28476,54,,,1,79,,28477,54,,,1,39,,28478,54,,,1,79,,28479,54,,,1,39,,28480,54,,,1,79,,28481,54,,,1,79,,28482,54,,,1,32,,28483,54,,,1,78,,28484,54,,,1,79,,28485,54,,,1,39,,28486,54,,,1,75,,28487,54,,,1,33,,28488,54,,,1,73,,28489,54,,,1,77,,28490,54,,,1,37,,28491,54,,,1,74,,28492,54,,,1,34,,28493,54,,,1,74,,28494,54,,,1,34,,28495,54,,,1,74,,28496,54,,,1
5001,'3',722,,28504,54,,,1,84,,28499,54,,,1,44,,28500,54,,,1,84,,28501,54,,,1,85,,28502,54,,,1,84,,28503,54,,,1,53,,28505,54,,,1,87,,28506,54,,,1,87,,28507,54,,,1,87,,28508,54,,,1,87,,28509,54,,,1,47,,28510,54,,,1,87,,28511,54,,,1,83,,28512,54,,,1,87,,28513,54,,,1,49,,28514,54,,,1,85,,28515,54,,,1,85,,28516,54,,,1,82,,28517,54,,,1,45,,28518,54,,,1,80,,28519,54,,,1,80,,28520,54,,,1
5001,'74',655,,28547,54,,,1,77,,28548,54,,,1,77,,28521,54,,,1,37,,28522,54,,,1,77,,28523,54,,,1,79,,28524,54,,,1,37,,28525,54,,,1,84,,28526,54,,,1,79,,28527,54,,,1,39,,28528,54,,,1,79,,28529,54,,,1,39,,28530,54,,,1,79,,28531,54,,,1,79,,28532,54,,,1,32,,28533,54,,,1,78,,28534,54,,,1,79,,28535,54,,,1,39,,28536,54,,,1,75,,28537,54,,,1,33,,28538,54,,,1,73,,28539,54,,,1,77,,28540,54,,,1,37,,28541,54,,,1,74,,28542,54,,,1,34,,28543,54,,,1,74,,28544,54,,,1,34,,28545,54,,,1,74,,28546,54,,,1
5001,'80',722,,28570,54,,,1,84,,28549,54,,,1,44,,28550,54,,,1,84,,28551,54,,,1,85,,28552,54,,,1,84,,28553,54,,,1,53,,28554,54,,,1,87,,28555,54,,,1,87,,28556,54,,,1,87,,28557,54,,,1,87,,28558,54,,,1,47,,28559,54,,,1,87,,28560,54,,,1,83,,28561,54,,,1,87,,28562,54,,,1,49,,28563,54,,,1,85,,28564,54,,,1,85,,28565,54,,,1,82,,28566,54,,,1,45,,28567,54,,,1,80,,28568,54,,,1,80,,28569,54,,,1
5100,'1',1648,,28571,44,,,1,90,,28572,44,,,1,95,,28574,44,,,1,95,,28573,44,,,1
