101,'1',453,,120,19,,,1,78,,121,19,,,1,71,,122,19,,,1,48,,128,19,,,1,79,,130,19,,,1,71,,123,19,,,1,16,,129,19,,,1,85,,127,19,,,1,30,,126,19,,,1,72,,125,19,,,1,30,,124,19,,,1,109,,119,19,,,1,113,,118,19,,,1,153,,117,19,,,1,36,,131,19,,,1,78,,116,19,,,1,23,,108,19,,,1,75,,109,19,,,1,34,,110,19,,,1,74,,115,19,,,1,74,,114,19,,,1,35,,113,19,,,1,73,,112,19,,,1,31,,111,19,,,1,82,,104,19,,,1,99,,107,19,,,1,101,,106,19,,,1,99,,105,19,,,1,89,,103,19,,,1,95,,102,19,,,1
101,'2',647,,153,19,,,1,105,,132,19,,,1,103,,133,19,,,1,146,,134,19,,,1,110,,135,19,,,1,109,,146,19,,,1,102,,136,19,,,1,92,,137,19,,,1,92,,138,19,,,1,52,,139,19,,,1,92,,140,19,,,1,92,,141,19,,,1,89,,142,19,,,1,92,,143,19,,,1,92,,144,19,,,1,89,,145,19,,,1,121,,147,19,,,1,97,,148,19,,,1,94,,149,19,,,1,95,,150,19,,,1,97,,151,19,,,1
101,'3',838,,168,19,,,1,114,,167,19,,,1,154,,154,19,,,1,112,,155,19,,,1,113,,156,19,,,1,112,,157,19,,,1,111,,158,19,,,1,152,,159,19,,,1,111,,160,19,,,1,110,,161,19,,,1,96,,166,19,,,1,99,,162,19,,,1,99,,163,19,,,1,97,,164,19,,,1,99,,165,19,,,1
101,'80',838,,184,19,,,1,114,,183,19,,,1,154,,170,19,,,1,112,,171,19,,,1,113,,172,19,,,1,112,,173,19,,,1,111,,174,19,,,1,152,,175,19,,,1,111,,176,19,,,1,110,,177,19,,,1,96,,182,19,,,1,99,,178,19,,,1,99,,179,19,,,1,97,,180,19,,,1,99,,181,19,,,1
101,'81',838,,200,19,,,1,114,,199,19,,,1,154,,186,19,,,1,112,,187,19,,,1,113,,188,19,,,1,112,,189,19,,,1,111,,190,19,,,1,152,,191,19,,,1,111,,192,19,,,1,110,,193,19,,,1,96,,198,19,,,1,99,,194,19,,,1,99,,195,19,,,1,97,,196,19,,,1,99,,197,19,,,1
60301,'1',554,,10162,10,,,1,60,,10163,10,,,1,16,,10164,10,,,1,18,,10165,10,,,1,58,,10166,10,,,1,20,,10167,10,,,1,18,,10168,10,,,1,59,,10169,10,,,1,23,,10170,10,,,1,18,,10171,10,,,1,58,,10172,10,,,1,13,,10173,10,,,1,19,,10174,10,,,1,22,,10175,10,,,1,62,,10176,10,,,1,22,,10177,10,,,1,62,,10178,10,,,1,22,,10179,10,,,1,22,,10180,10,,,1,62,,10181,10,,,1,22,,10182,10,,,1,22,,10183,10,,,1,62,,10184,10,,,1,22,,10185,10,,,1,22,,10186,10,,,1,62,,10187,10,,,1,22,,10188,10,,,1,63,,10189,10,,,1,16,,10190,10,,,1,16,,10191,10,,,1,16,,10192,10,,,1,56,,10193,10,,,1,16,,10194,10,,,1,16,,10195,10,,,1,16,,10196,10,,,1,56,,10197,10,,,1,16,,10198,10,,,1,16,,10199,10,,,1,56,,10200,10,,,1,16,,10201,10,,,1,14,,10202,10,,,1,16,,10203,10,,,1,56,,10204,10,,,1,16,,10205,10,,,1,26,,10206,10,,,1,68,,10207,10,,,1,30,,10208,10,,,1,70,,10209,10,,,1,30,,10210,10,,,1,70,,10211,10,,,1,34,,10212,10,,,1,82,,10213,10,,,1,78,,10214,10,,,1
60301,'2',601,,10217,10,,,1,39,,10218,10,,,1,82,,10219,10,,,1,80,,10220,10,,,1,40,,10221,10,,,1,84,,10222,10,,,1,80,,10223,10,,,1,38,,10224,10,,,1,87,,10225,10,,,1,77,,10226,10,,,1,38,,10227,10,,,1,79,,10228,10,,,1,78,,10229,10,,,1,37,,10230,10,,,1,80,,10231,10,,,1,37,,10232,10,,,1,78,,10233,10,,,1,75,,10234,10,,,1,38,,10235,10,,,1,77,,10236,10,,,1,78,,10237,10,,,1,38,,10238,10,,,1,91,,10239,10,,,1,78,,10240,10,,,1,39,,10241,10,,,1,80,,10242,10,,,1,97,,10243,10,,,1,92,,10244,10,,,1,92,,10245,10,,,1
60301,'3',814,,10249,10,,,1,39,,10250,10,,,1,76,,10251,10,,,1,89,,10252,10,,,1,40,,10253,10,,,1,82,,10254,10,,,1,82,,10255,10,,,1,84,,10256,10,,,1,42,,10257,10,,,1,82,,10258,10,,,1,82,,10259,10,,,1,41,,10260,10,,,1,79,,10261,10,,,1,76,,10262,10,,,1,37,,10263,10,,,1,76,,10264,10,,,1,34,,10265,10,,,1,76,,10266,10,,,1,75,,10267,10,,,1,35,,10268,10,,,1,76,,10269,10,,,1,40,,10270,10,,,1,145,,10271,10,,,1,104,,10272,10,,,1,106,,10273,10,,,1
60301,'80',814,,10277,10,,,1,39,,10278,10,,,1,76,,10279,10,,,1,89,,10280,10,,,1,40,,10281,10,,,1,82,,10282,10,,,1,82,,10283,10,,,1,84,,10284,10,,,1,42,,10285,10,,,1,82,,10286,10,,,1,82,,10287,10,,,1,41,,10288,10,,,1,79,,10289,10,,,1,76,,10290,10,,,1,37,,10291,10,,,1,76,,10292,10,,,1,34,,10293,10,,,1,76,,10294,10,,,1,75,,10295,10,,,1,35,,10296,10,,,1,76,,10297,10,,,1,40,,10298,10,,,1,145,,10299,10,,,1,104,,10300,10,,,1,106,,10301,10,,,1
60301,'81',814,,10305,10,,,1,39,,10306,10,,,1,76,,10307,10,,,1,89,,10308,10,,,1,40,,10309,10,,,1,82,,10310,10,,,1,82,,10311,10,,,1,84,,10312,10,,,1,42,,10313,10,,,1,82,,10314,10,,,1,82,,10315,10,,,1,41,,10316,10,,,1,79,,10317,10,,,1,76,,10318,10,,,1,37,,10319,10,,,1,76,,10320,10,,,1,34,,10321,10,,,1,76,,10322,10,,,1,75,,10323,10,,,1,35,,10324,10,,,1,76,,10325,10,,,1,40,,10326,10,,,1,145,,10327,10,,,1,104,,10328,10,,,1,106,,10329,10,,,1
