300,'1',1020,,24142,3,4,,1,1187,,24143,3,4,,1
300,'2',2243,,24144,3,4,,1
300,'3',2221,,24159,3,4,,1
300,'74',2243,,24173,3,4,,1
300,'80',2221,,24188,3,4,,1
301,'1',515,,24203,5,,,1,32,,24204,5,,,1,72,,24205,5,,,1,33,,24206,5,,,1,72,,24207,5,,,1,33,,24208,5,,,1,72,,24209,5,,,1,71,,24210,5,,,1,32,,24202,5,,,1,77,,24226,5,,,1,46,,24211,5,,,1,86,,24212,5,,,1,86,,24213,5,,,1,86,,24214,5,,,1,46,,24215,5,,,1,86,,24216,5,,,1,67,,24217,5,,,1,32,,24218,5,,,1,72,,24219,5,,,1,32,,24220,5,,,1,72,,24221,5,,,1,32,,24222,5,,,1,72,,24223,5,,,1,32,,24224,5,,,1,66,,24225,5,,,1,29,,24231,5,,,1,66,,24228,5,,,1,83,,24229,5,,,1,40,,24230,5,0,25 26,1
301,'2',753,,24234,5,,,1,103,,24233,5,,,1,144,,24238,5,,,1,105,,24235,5,,,1,105,,24236,5,,,1,105,,24237,5,,,1,105,,24239,5,,,1,106,,24240,5,,,1,106,,24241,5,,,1,106,,24242,5,,,1,106,,24243,5,,,1,102,,24244,5,,,1,102,,24245,5,,,1,102,,24232,5,0,25 26,1
301,'3',913,,24253,5,,,1,102,,24252,5,,,1,102,,24251,5,,,1,102,,24250,5,,,1,102,,24249,5,,,1,102,,24248,5,,,1,102,,24247,5,,,1,102,,24246,5,,,1,102,,24258,5,,,1,102,,24257,5,,,1,102,,24256,5,,,1,98,,24255,5,,,1,98,,24254,5,0,25 26,1
301,'74',753,,24261,5,,,1,103,,24260,5,,,1,144,,24265,5,,,1,105,,24262,5,,,1,105,,24263,5,,,1,105,,24264,5,,,1,105,,24266,5,,,1,106,,24267,5,,,1,106,,24268,5,,,1,106,,24269,5,,,1,106,,24270,5,,,1,102,,24271,5,,,1,102,,24272,5,,,1,102,,24259,5,0,25 26,1
301,'80',913,,24276,5,,,1,102,,24275,5,,,1,102,,24274,5,,,1,102,,24273,5,,,1,102,,24280,5,,,1,102,,24279,5,,,1,102,,24278,5,,,1,102,,24277,5,,,1,102,,24285,5,,,1,102,,24284,5,,,1,102,,24283,5,,,1,98,,24282,5,,,1,98,,24281,5,0,25 26,1
