8100,'1',515,,29504,3,,,1,31,,29506,3,,,1,71,,29508,3,,,1,32,,29509,3,,,1,74,,29507,3,,,1,34,,29510,3,,,1,86,,29505,3,,,1
8101,'1',1504,,29518,3,,,1,121,,29516,3,,,1,79,,29515,3,,,1,39,,29514,3,,,1,77,,29513,3,,,1,37,,29512,3,,,1,79,,29511,3,,,1
9800,'1',604,,31445,3,,,1,35,,31444,3,,,1,72,,31443,3,,,1,35,,31442,3,,,1,75,,31441,3,,,1,35,,31440,3,,,1,98,,31436,3,,,1,98,,31433,3,,,1,94,,31438,3,,,1,98,,31437,3,,,1,80,,31425,3,,,1,76,,31435,3,,,1,40,,31434,3,,,1,80,,31432,3,,,1,80,,31431,3,,,1,40,,31430,3,,,1,86,,31429,3,,,1,80,,31428,3,,,1,96,,31427,3,,,1,51,,31426,3,,,1,91,,31439,3,,,1
9800,'2',605,,31463,3,,,1,46,,31462,3,,,1,84,,31461,3,,,1,94,,31460,3,,,1,91,,31459,3,,,1,89,,31458,3,,,1,94,,31457,3,,,1,98,,31456,3,,,1,58,,31455,3,,,1,95,,31454,3,,,1,98,,31453,3,,,1,98,,31452,3,,,1,102,,31451,3,,,1,103,,31450,3,,,1,89,,31449,3,,,1,93,,31448,3,,,1,89,,31447,3,,,1,85,,31446,3,,,1
9800,'3',750,,31479,3,,,1,88,,31478,3,,,1,88,,31477,3,,,1,90,,31476,3,,,1,93,,31475,3,,,1,48,,31474,3,,,1,93,,31473,3,,,1,93,,31472,3,,,1,93,,31471,3,,,1,93,,31470,3,,,1,93,,31469,3,,,1,99,,31468,3,,,1,88,,31467,3,,,1,92,,31466,3,,,1,47,,31465,3,,,1,88,,31464,3,,,1
9800,'74',605,,31497,3,,,1,46,,31496,3,,,1,84,,31495,3,,,1,94,,31494,3,,,1,91,,31493,3,,,1,89,,31492,3,,,1,94,,31491,3,,,1,98,,31490,3,,,1,58,,31489,3,,,1,95,,31488,3,,,1,98,,31487,3,,,1,98,,31486,3,,,1,102,,31485,3,,,1,103,,31484,3,,,1,89,,31483,3,,,1,93,,31482,3,,,1,89,,31481,3,,,1,85,,31480,3,,,1
9800,'80',750,,31513,3,,,1,88,,31512,3,,,1,88,,31511,3,,,1,90,,31510,3,,,1,93,,31509,3,,,1,48,,31508,3,,,1,93,,31507,3,,,1,93,,31506,3,,,1,93,,31505,3,,,1,93,,31504,3,,,1,93,,31503,3,,,1,99,,31502,3,,,1,88,,31501,3,,,1,92,,31500,3,,,1,47,,31499,3,,,1,88,,31498,3,,,1
989900,'1',2110,,36830,46,,,1,34,,36831,46,,,1,78,,36832,46,,,1,78,,36833,46,,,1,35,,36834,46,,,1,72,,36835,46,,,1,35,,36836,46,,,1,75,,36837,46,,,1,36,,36838,46,0,5 6,1,75,,36839,46,0,5 6,1,79,,36840,46,0,5 6,1
989900,'2',2114,,36841,46,,,1,94,,36842,46,,,1,47,,36843,46,,,1,92,,36844,46,,,1,86,,36845,46,,,1,86,,36846,46,,,1,84,,36847,46,0,5 6,1,46,,36848,46,0,5 6,1,86,,36849,46,0,5 6,1
989900,'3',2131,,36850,46,,,1,90,,36851,46,,,1,85,,36852,46,,,1,50,,36853,46,,,1,80,,36854,46,,,1,83,,36855,46,,,1,39,,36856,46,0,5 6,1,83,,36857,46,0,5 6,1,83,,36858,46,0,5 6,1
989900,'74',2114,,36859,46,,,1,94,,36860,46,,,1,47,,36861,46,,,1,92,,36862,46,,,1,86,,36863,46,,,1,86,,36864,46,,,1,84,,36865,46,0,5 6,1,46,,36866,46,0,5 6,1,86,,36867,46,0,5 6,1
989900,'80',2131,,36868,46,,,1,90,,36869,46,,,1,85,,36870,46,,,1,50,,36871,46,,,1,80,,36872,46,,,1,83,,36873,46,,,1,39,,36874,46,0,5 6,1,83,,36875,46,0,5 6,1,83,,36876,46,0,5 6,1
