2100,'1',542,,3472,44,0,128,1,67,,3473,44,0,128,1,22,,3474,44,0,128,1,22,,3475,44,0,128,1,62,,3476,44,0,128,1,28,,3477,44,0,128,1,65,,3478,44,0,128,1,26,,3479,44,0,128,1,25,,3480,44,0,128,1,62,,3481,44,0,128,1
2101,'1',1413,,3482,44,0,128,1,24,,3483,44,0,128,1,71,,3484,44,0,128,1,26,,3485,44,0,128,1,66,,3486,44,0,128,1,26,,3487,44,0,128,1,26,,3488,44,0,128,1,66,,3489,44,0,128,1,26,,3490,44,0,128,1,63,,3491,44,0,128,1,26,,3492,44,0,128,1,25,,3493,44,0,128,1,65,,3494,44,0,128,1,19,,3495,44,0,128,1
8500,'1',606,,5396,25,,,1,16,,5397,25,,,1,16,,5398,25,,,1,16,,5399,25,,,1,56,,5400,25,,,1,17,,5401,25,,,1,16,,5402,25,,,1,16,,5403,25,,,1,56,,5404,25,,,1,16,,5405,25,,,1,16,,5406,25,,,1,55,,5407,25,,,1,16,,5408,25,,,1,25,,5409,25,,,1,65,,5410,25,,,1,21,,5411,25,,,1,25,,5412,25,,,1,65,,5413,25,,,1,25,,5414,25,,,1,65,,5415,25,,,1,25,,5416,25,,,1,25,,5417,25,,,1,65,,5418,25,,,1,25,,5419,25,,,1,60,,5420,25,,,1,16,,5447,11,,,1,18,,5421,11,,,1,60,,5422,11,,,1,16,,5423,11,,,1,17,,5424,11,,,1,16,,5425,11,,,1,60,,5426,11,,,1,13,,5427,11,,,1,16,,5428,11,,,1,16,,5429,11,,,1,57,,5430,11,,,1,16,,5431,11,,,1,16,,5432,11,,,1,56,,5433,11,,,1,13,,5434,11,,,1,16,,5435,11,,,1,16,,5436,11,,,1,56,,5437,11,,,1,16,,5438,11,,,1,16,,5439,11,,,1,65,,5440,11,,,1,26,,5441,11,,,1,25,,5442,11,,,1,71,,5443,11,,,1,32,,5444,11,,,1,73,,5445,11,,,1,32,,5446,11,,,1
8500,'2',648,,5476,25,,,1,70,,5477,25,,,1,30,,5478,25,,,1,68,,5479,25,,,1,33,,5480,25,,,1,70,,5481,25,,,1,30,,5482,25,,,1,73,,5483,25,,,1,30,,5484,25,,,1,71,,5448,25,,,1,22,,5449,25,,,1,65,,5450,25,,,1,23,,5451,25,,,1,23,,5452,25,,,1,63,,5453,25,,,1,23,,5454,25,,,1,63,,5455,25,,,1,23,,5456,25,,,1,23,,5457,25,,,1,63,,5458,25,,,1,23,,5459,25,,,1,63,,5460,25,,,1,23,,5461,25,,,1,23,,5462,25,,,1,61,,5463,25,,,1,22,,5464,25,,,1,17,,5465,25,,,1,61,,5466,25,,,1,21,,5467,25,,,1,21,,5468,25,,,1,61,,5469,25,,,1,21,,5470,25,,,1,20,,5471,25,,,1,61,,5472,25,,,1,21,,5473,25,,,1,21,,5474,25,,,1,61,,5475,25,,,1,30,,5485,25,,,1,70,,5486,25,,,1,30,,5487,25,,,1
8500,'3',940,,5488,25,,,1,80,,5489,25,,,1,81,,5490,25,,,1,40,,5491,25,,,1,91,,5492,25,,,1,83,,5493,25,,,1,43,,5494,25,,,1,83,,5495,25,,,1,82,,5496,25,,,1,83,,5497,25,,,1,42,,5498,25,,,1,74,,5499,25,,,1,81,,5500,25,,,1,45,,5501,25,,,1,77,,5502,25,,,1,81,,5503,25,,,1,41,,5504,25,,,1
8500,'80',940,,5507,25,,,1,80,,5508,25,,,1,81,,5509,25,,,1,40,,5510,25,,,1,91,,5511,25,,,1,83,,5512,25,,,1,43,,5513,25,,,1,83,,5514,25,,,1,82,,5515,25,,,1,83,,5516,25,,,1,42,,5517,25,,,1,74,,5518,25,,,1,81,,5519,25,,,1,45,,5520,25,,,1,77,,5521,25,,,1,81,,5522,25,,,1,41,,5523,25,,,1
8500,'81',940,,5526,25,,,1,80,,5527,25,,,1,81,,5528,25,,,1,40,,5529,25,,,1,91,,5530,25,,,1,83,,5531,25,,,1,43,,5532,25,,,1,83,,5533,25,,,1,82,,5534,25,,,1,83,,5535,25,,,1,42,,5536,25,,,1,74,,5537,25,,,1,81,,5538,25,,,1,45,,5539,25,,,1,77,,5540,25,,,1,81,,5541,25,,,1,41,,5542,25,,,1
46601,'24612.1',1511,,9306,15,,,1
46701,'24612.1',1524,,9307,36,,,1
46901,'24611.1',1543,,9311,52,,,1
