1600,'1',542,,2421,12,,,1,62,,2422,12,,,1,23,,2423,12,,,1,22,,2424,12,,,1,62,,2425,12,,,1,22,,2426,12,,,1,18,,2427,12,,,1,66,,2428,12,,,1,22,,2429,12,,,1,62,,2430,12,,,1,31,,2431,12,,,1,71,,2432,12,,,1,35,,2433,12,,,1,67,,2434,12,,,1,31,,2435,12,,,1,71,,2436,12,,,1,31,,2437,12,,,1,71,,2438,12,,,1,31,,2439,12,,,1,75,,2440,12,,,1,20,,2441,12,,,1,23,,2442,12,,,1,63,,2443,12,,,1,23,,2444,12,,,1,63,,2445,12,,,1,24,,2446,12,,,1,23,,2447,12,,,1,63,,2448,12,,,1,23,,2449,12,,,1,63,,2450,12,,,1,23,,2451,12,,,1,20,,2452,12,,,1,63,,2453,12,,,1,23,,2454,12,,,1,23,,2455,12,,,1,63,,2456,12,,,1,22,,2457,12,,,1,74,,2458,12,,,1,34,,2459,12,,,1,74,,2460,12,,,1,34,,2461,12,,,1,74,,2462,12,,,1,74,,2466,12,,,1
1600,'2',650,,2467,12,,,1,78,,2468,12,,,1,79,,2469,12,,,1,38,,2470,12,,,1,78,,2471,12,,,1,78,,2472,12,,,1,38,,2473,12,,,1,78,,2474,12,,,1,38,,2475,12,,,1,78,,2476,12,,,1,81,,2477,12,,,1,41,,2478,12,,,1,82,,2479,12,,,1,81,,2480,12,,,1,82,,2481,12,,,1,41,,2482,12,,,1,81,,2483,12,,,1,81,,2484,12,,,1,41,,2485,12,,,1,75,,2486,12,,,1,36,,2487,12,,,1,79,,2488,12,,,1,73,,2489,12,,,1,35,,2490,12,,,1,77,,2491,12,,,1,35,,2492,12,,,1,76,,2493,12,,,1
1600,'3',844,,2495,12,,,1,96,,2496,12,,,1,95,,2497,12,,,1,95,,2498,12,,,1,95,,2499,12,,,1,99,,2504,12,,,1,98,,2500,12,,,1,98,,2501,12,,,1,98,,2502,12,,,1,94,,2503,12,,,1,94,,2509,12,,,1,52,,2505,12,,,1,91,,2506,12,,,1,92,,2507,12,,,1,92,,2508,12,,,1
1600,'80',844,,2512,12,,,1,96,,2513,12,,,1,95,,2514,12,,,1,95,,2515,12,,,1,95,,2516,12,,,1,99,,2521,12,,,1,98,,2517,12,,,1,98,,2518,12,,,1,98,,2519,12,,,1,94,,2520,12,,,1,94,,2526,12,,,1,52,,2522,12,,,1,91,,2523,12,,,1,92,,2524,12,,,1,92,,2525,12,,,1
1600,'81',844,,2529,12,,,1,96,,2532,12,,,1,95,,2533,12,,,1,95,,2534,12,,,1,95,,2535,12,,,1,99,,2540,12,,,1,98,,2536,12,,,1,98,,2537,12,,,1,98,,2538,12,,,1,94,,2539,12,,,1,94,,2545,12,,,1,52,,2541,12,,,1,91,,2542,12,,,1,92,,2543,12,,,1,92,,2544,12,,,1
8500,'1',637,,5396,56,,,1,16,,5397,56,,,1,56,,5398,56,,,1,16,,5399,56,,,1,16,,5400,56,,,1,60,,5401,56,,,1,16,,5402,56,,,1,16,,5403,56,,,1,16,,5404,56,,,1,56,,5405,56,,,1,16,,5406,56,,,1,10,,5407,55,,,1,16,,5408,55,,,1,65,,5409,55,,,1,25,,5410,55,,,1,18,,5411,55,,,1,65,,5412,55,,,1,25,,5413,55,,,1,65,,5414,55,,,1,25,,5415,55,,,1,67,,5416,55,,,1,25,,5417,55,,,1,27,,5418,55,,,1,65,,5419,55,,,1,20,,5420,55,,,1,16,,5447,41,,,1,58,,5421,41,,,1,20,,5422,41,,,1,16,,5423,41,,,1,57,,5424,41,,,1,16,,5425,41,,,1,24,,5426,42,,,1,13,,5427,42,,,1,56,,5428,42,,,1,16,,5429,42,,,1,19,,5430,42,,,1,56,,5431,42,,,1,16,,5432,42,,,1,16,,5433,42,,,1,10,,5434,42,,,1,56,,5435,42,,,1,16,,5436,42,,,1,16,,5437,42,,,1,16,,5438,42,,,1,52,,5439,41,,,1,25,,5440,41,,,1,26,,5441,41,,,1,65,,5442,41,,,1,32,,5443,41,,,1,72,,5444,41,,,1,32,,5445,41,,,1,72,,5446,41,,,1
8500,'2',712,,5476,55,,,1,31,,5477,55,,,1,70,,5478,55,,,1,28,,5479,55,,,1,74,,5480,55,,,1,30,,5481,55,,,1,70,,5482,55,,,1,34,,5483,55,,,1,70,,5484,55,,,1,31,,5448,55,,,1,62,,5449,55,,,1,25,,5450,55,,,1,63,,5451,55,,,1,23,,5452,55,,,1,23,,5453,55,,,1,63,,5454,55,,,1,23,,5455,55,,,1,23,,5456,55,,,1,63,,5457,55,,,1,23,,5458,55,,,1,63,,5459,55,,,1,23,,5460,55,,,1,23,,5461,55,,,1,63,,5462,55,,,1,21,,5463,55,,,1,21,,5464,55,,,1,57,,5465,55,,,1,21,,5466,55,,,1,21,,5467,55,,,1,61,,5468,55,,,1,21,,5469,55,,,1,21,,5470,55,,,1,59,,5471,55,,,1,21,,5472,55,,,1,21,,5473,55,,,1,61,,5474,55,,,1,21,,5475,55,,,1,70,,5485,55,,,1,30,,5486,55,,,1,70,,5487,55,,,1
8500,'3',847,,5505,27,,,1,80,,5506,27,,,1,79,,5488,55,,,1,40,,5489,55,,,1,81,,5490,55,,,1,80,,5491,55,,,1,51,,5492,55,,,1,83,,5493,55,,,1,83,,5494,55,,,1,83,,5495,55,,,1,42,,5496,55,,,1,83,,5497,55,,,1,84,,5498,55,,,1,34,,5499,55,,,1,81,,5500,55,,,1,85,,5501,55,,,1,37,,5502,55,,,1,81,,5503,55,,,1,81,,5504,55,,,1
8500,'80',847,,5524,27,,,1,80,,5525,27,,,1,79,,5507,55,,,1,40,,5508,55,,,1,81,,5509,55,,,1,80,,5510,55,,,1,51,,5511,55,,,1,83,,5512,55,,,1,83,,5513,55,,,1,83,,5514,55,,,1,42,,5515,55,,,1,83,,5516,55,,,1,84,,5517,55,,,1,34,,5518,55,,,1,81,,5519,55,,,1,85,,5520,55,,,1,37,,5521,55,,,1,81,,5522,55,,,1,81,,5523,55,,,1
8500,'81',847,,5543,27,,,1,80,,5544,27,,,1,79,,5526,55,,,1,40,,5527,55,,,1,81,,5528,55,,,1,80,,5529,55,,,1,51,,5530,55,,,1,83,,5531,55,,,1,83,,5532,55,,,1,83,,5533,55,,,1,42,,5534,55,,,1,83,,5535,55,,,1,84,,5536,55,,,1,34,,5537,55,,,1,81,,5538,55,,,1,85,,5539,55,,,1,37,,5540,55,,,1,81,,5541,55,,,1,81,,5542,55,,,1
