9600,'1',622,,6908,24,,,1,82,,6907,24,,,1,31,,6906,24,,,1,77,,6905,24,,,1,27,,6904,24,,,1,79,,6901,24,,,1,34,,6902,24,,,1,70,,6903,24,,,1,32,,6916,24,,,1,70,,6915,24,,,1,79,,6909,24,,,1,39,,6910,24,,,1,79,,6911,24,,,1,83,,6912,24,,,1,25,,6913,24,,,1,85,,6914,24,,,1,43,,6922,24,,,1,67,,6921,24,,,1,30,,6920,24,,,1,67,,6917,24,,,1,27,,6918,24,,,1,62,,6919,24,,,1,27,,6925,24,,,1,64,,6926,24,,,1,13,,6936,24,,,1,13,,6924,24,,,1,25,,6923,24,,,1,74,,6933,24,,,1,30,,6932,24,,,1,55,,6935,24,,,1,15,,6927,24,,,1,30,,6928,24,,,1,70,,6929,24,,,1,30,,6930,24,,,1,70,,6931,24,,,1,17,,6934,24,,,1
9600,'2',945,,6937,24,,,1,99,,6938,24,,,1,99,,6939,24,,,1,99,,6940,24,,,1,99,,6941,24,,,1,99,,6942,24,,,1,98,,6943,24,,,1,99,,6944,24,,,1,96,,6945,24,,,1,97,,6946,24,,,1,87,,6947,24,,,1,87,,6948,24,,,1,97,,6949,24,,,1
9600,'3',1038,,6950,24,,,1,94,,6951,24,,,1,94,,6952,24,,,1,94,,6953,24,,,1,94,,6954,24,,,1,94,,6955,24,,,1,94,,6956,24,,,1,54,,6957,24,,,1,93,,6958,24,,,1,94,,6959,24,,,1,94,,6960,24,,,1,93,,6961,24,,,1
9600,'80',1038,,6962,24,,,1,94,,6963,24,,,1,94,,6964,24,,,1,94,,6965,24,,,1,94,,6966,24,,,1,94,,6967,24,,,1,94,,6968,24,,,1,54,,6969,24,,,1,93,,6970,24,,,1,94,,6971,24,,,1,94,,6972,24,,,1,93,,6973,24,,,1
9600,'81',1038,,6974,24,,,1,94,,6975,24,,,1,94,,6976,24,,,1,94,,6977,24,,,1,94,,6978,24,,,1,94,,6979,24,,,1,94,,6980,24,,,1,54,,6981,24,,,1,93,,6982,24,,,1,94,,6983,24,,,1,94,,6984,24,,,1,93,,6985,24,,,1
10700,'1',500,,7861,24,,,1,24,,7860,24,,,1,24,,7859,24,,,1,64,,7858,24,,,1,21,,7857,24,,,1,16,,7856,24,,,1,61,,7855,24,,,1,11,,7854,24,,,1,16,,7853,24,,,1,19,,7852,24,,,1,56,,7851,24,,,1,12,,7850,24,,,1,15,,7849,24,,,1,16,,7848,24,,,1,55,,7847,24,,,1,42,,7846,24,,,1,82,,7845,24,,,1,82,,7844,24,,,1,42,,7843,24,,,1,85,,7842,24,,,1,81,,7841,24,,,1,28,,7837,3,,,1,54,,7840,24,,,1,21,,7839,24,,,1,18,,7838,24,,,1,58,,7889,24,,,1,19,,7888,24,,,1,21,,7887,24,,,1,58,,7886,24,,,1,18,,7885,24,,,1,24,,7884,24,,,1,16,,7883,24,,,1,58,,7882,24,,,1,16,,7881,24,,,1,20,,7880,24,,,1,56,,7879,24,,,1,18,,7878,24,,,1,12,,7877,24,,,1,18,,7876,24,,,1,78,,7875,24,,,1,81,,7874,24,,,1,38,,7873,24,,,1,80,,7872,24,,,1,74,,7871,24,,,1,34,,7870,24,,,1,74,,7869,24,,,1,34,,7868,24,,,1,74,,7867,24,,,1,34,,7866,24,,,1,74,,7865,24,,,1,74,,7864,24,,,1,30,,7863,24,,,1,74,,7862,24,,,1
10700,'2',635,,7892,24,,,1,78,,7891,24,,,1,37,,7890,24,,,1,77,,7893,24,,,1,77,,7894,24,,,1,37,,7895,24,,,1,77,,7896,24,,,1,37,,7897,24,,,1,77,,7898,24,,,1,77,,7899,24,,,1,36,,7900,24,,,1,77,,7901,24,,,1,37,,7902,24,,,1,77,,7903,24,,,1,77,,7904,24,,,1,37,,7905,24,,,1,75,,7906,24,,,1,77,,7907,24,,,1,37,,7908,24,,,1,77,,7909,24,,,1,37,,7910,24,,,1,77,,7911,24,,,1,77,,7912,24,,,1,37,,7913,24,,,1,77,,7914,24,,,1,37,,7915,24,,,1,77,,7916,24,,,1,77,,7917,24,,,1,37,,7918,24,,,1,77,,7919,24,,,1,77,,7920,24,,,1,36,,7921,24,,,1,77,,7923,24,,,1,37,,7922,24,,,1
10700,'3',719,,7935,3,,,1,37,,7936,3,,,1,68,,7937,24,,,1,77,,7938,24,,,1,37,,7939,24,,,1,77,,7940,24,,,1,37,,7941,24,,,1,77,,7942,24,,,1,77,,7943,24,,,1,37,,7944,24,,,1,77,,7945,24,,,1,37,,7946,24,,,1,76,,7947,24,,,1,77,,7948,24,,,1,37,,7952,24,,,1,77,,7951,24,,,1,77,,7953,24,,,1,37,,7954,24,,,1,77,,7955,24,,,1,37,,7956,24,,,1,77,,7924,24,,,1,77,,7925,24,,,1,37,,7926,24,,,1,77,,7949,24,,,1,37,,7927,24,,,1,77,,7928,24,,,1,77,,7929,24,,,1,37,,7930,24,,,1,77,,7931,24,,,1,77,,7932,24,,,1,37,,7933,24,,,1,77,,7950,24,,,1,37,,7934,24,,,1
10700,'80',719,,7968,3,,,1,37,,7969,3,,,1,68,,7970,24,,,1,77,,7971,24,,,1,37,,7972,24,,,1,77,,7973,24,,,1,37,,7974,24,,,1,77,,7975,24,,,1,77,,7976,24,,,1,37,,7977,24,,,1,77,,7978,24,,,1,37,,7979,24,,,1,76,,7980,24,,,1,77,,7981,24,,,1,37,,7985,24,,,1,77,,7984,24,,,1,77,,7986,24,,,1,37,,7987,24,,,1,77,,7988,24,,,1,37,,7989,24,,,1,77,,7957,24,,,1,77,,7958,24,,,1,37,,7959,24,,,1,77,,7982,24,,,1,37,,7960,24,,,1,77,,7961,24,,,1,77,,7962,24,,,1,37,,7963,24,,,1,77,,7964,24,,,1,77,,7965,24,,,1,37,,7966,24,,,1,77,,7983,24,,,1,37,,7967,24,,,1
10700,'81',719,,7993,3,,,1,37,,7994,3,,,1,68,,7995,24,,,1,77,,7996,24,,,1,37,,7997,24,,,1,77,,7998,24,,,1,37,,7999,24,,,1,77,,8000,24,,,1,77,,8001,24,,,1,37,,8002,24,,,1,77,,8003,24,,,1,37,,8004,24,,,1,76,,8005,24,,,1,77,,8006,24,,,1,37,,8009,24,,,1,77,,8008,24,,,1,77,,8010,24,,,1,37,,8011,24,,,1,77,,8012,24,,,1,37,,8013,24,,,1,77,,7990,24,,,1,77,,7991,24,,,1,37,,7992,24,,,1,77,,8007,24,,,1,37,,8014,24,,,1,77,,8015,24,,,1,77,,8016,24,,,1,37,,8017,24,,,1,77,,8018,24,,,1,77,,8019,24,,,1,37,,8020,24,,,1,77,,8022,24,,,1,37,,8021,24,,,1
46200,'24610.1',725,,9296,3,,,1
46501,'24611.1',1454,,9304,16,,,1
