301,'1',522,,507,16,,,1,32,,508,16,,,1,72,,509,16,,,1,33,,510,16,,,1,72,,511,16,,,1,75,,512,16,,,1,32,,513,16,,,1,70,,514,16,,,1,32,,506,16,,,1,77,,530,16,,,1,86,,515,16,,,1,46,,516,16,,,1,86,,517,16,,,1,86,,518,16,,,1,86,,519,16,,,1,47,,520,16,,,1,67,,521,16,,,1,32,,522,16,,,1,72,,523,16,,,1,32,,524,16,,,1,72,,525,16,,,1,72,,526,16,,,1,30,,527,16,,,1,72,,528,16,,,1,26,,529,16,,,1,29,,535,16,,,1,66,,532,16,,,1,83,,533,16,,,1,40,,534,16,0,25 26,1
301,'2',800,,538,16,,,1,103,,537,16,,,1,104,,542,16,,,1,105,,539,16,,,1,105,,540,16,,,1,105,,541,16,,,1,105,,543,16,,,1,106,,544,16,,,1,106,,545,16,,,1,106,,546,16,,,1,106,,547,16,,,1,102,,548,16,,,1,102,,549,16,,,1,102,,536,16,0,25 26,1
301,'3',920,,557,16,,,1,102,,556,16,,,1,102,,555,16,,,1,102,,554,16,,,1,102,,553,16,,,1,102,,552,16,,,1,102,,551,16,,,1,102,,550,16,,,1,102,,562,16,,,1,102,,561,16,,,1,102,,560,16,,,1,98,,559,16,,,1,97,,558,16,0,25 26,1
301,'80',920,,570,16,,,1,102,,569,16,,,1,102,,568,16,,,1,102,,567,16,,,1,102,,566,16,,,1,102,,565,16,,,1,102,,564,16,,,1,102,,563,16,,,1,102,,573,16,,,1,102,,572,16,,,1,102,,571,16,,,1,98,,575,16,,,1,97,,574,16,0,25 26,1
301,'81',920,,583,16,,,1,102,,582,16,,,1,102,,581,16,,,1,102,,580,16,,,1,102,,579,16,,,1,102,,578,16,,,1,102,,577,16,,,1,102,,576,16,,,1,102,,588,16,,,1,102,,587,16,,,1,102,,586,16,,,1,98,,585,16,,,1,97,,584,16,0,25 26,1
9000,'1',628,,6184,22,,,1,12,,6185,22,,,1,10,,6186,22,,,1,51,,6187,22,,,1,11,,6188,22,,,1,16,,6189,22,,,1,12,,6190,22,,,1,15,,6191,22,,,1,51,,6192,22,,,1,17,,6193,22,,,1,13,,6194,22,,,1,7,,6195,22,,,1,15,,6196,22,,,1,53,,6197,22,,,1,12,,6198,22,,,1,13,,6199,22,,,1,13,,6200,22,,,1,72,,6201,22,,,1,32,,6202,22,,,1,72,,6203,22,,,1,31,,6204,22,,,1,73,,6205,22,,,1,72,,6206,22,,,1,32,,6207,22,,,1,73,,6208,22,,,1,31,,6209,22,,,1,5,,6243,6,,,1,9,,6210,22,,,1,56,,6211,22,,,1,13,,6212,22,,,1,14,,6213,22,,,1,14,,6214,22,,,1,54,,6215,22,,,1,13,,6216,22,,,1,16,,6217,22,,,1,11,,6218,22,,,1,16,,6219,22,,,1,54,,6220,22,,,1,14,,6221,22,,,1,14,,6222,22,,,1,13,,6223,22,,,1,53,,6224,22,,,1,14,,6225,22,,,1,12,,6226,22,,,1,14,,6227,22,,,1,13,,6228,22,,,1,55,,6229,22,,,1,13,,6230,22,,,1,14,,6231,22,,,1,82,,6232,22,,,1,82,,6233,22,,,1,38,,6234,22,,,1,83,,6235,22,,,1,82,,6236,22,,,1,42,,6237,22,,,1
9000,'2',646,,6245,22,,,1,81,,6246,22,,,1,82,,6247,22,,,1,35,,6254,22,,,1,72,,6255,22,,,1,32,,6256,22,,,1,72,,6257,22,,,1,32,,6258,22,,,1,72,,6259,22,,,1,32,,6260,22,,,1,72,,6261,22,,,1,72,,6262,22,,,1,32,,6263,22,,,1,72,,6264,22,,,1,32,,6265,22,,,1,72,,6266,22,,,1,32,,6267,22,,,1,72,,6268,22,,,1,31,,6269,22,,,1,72,,6270,22,,,1,32,,6271,22,,,1,72,,6272,22,,,1,32,,6273,22,,,1,69,,6274,22,,,1,31,,6275,22,,,1,71,,6276,22,,,1,80,,6248,22,,,1,41,,6249,22,,,1,81,,6250,22,,,1,81,,6251,22,,,1,41,,6252,22,,,1,81,,6253,22,,,1
9000,'3',856,,6277,22,,,1,83,,6279,22,,,1,82,,6280,22,,,1,82,,6281,22,,,1,42,,6282,22,,,1,85,,6283,22,,,1,85,,6284,22,,,1,85,,6285,22,,,1,45,,6286,22,,,1,85,,6287,22,,,1,85,,6288,22,,,1,85,,6289,22,,,1,44,,6290,22,,,1,84,,6291,22,,,1,81,,6292,22,,,1,44,,6293,22,,,1,79,,6294,22,,,1,81,,6295,22,,,1,39,,6296,22,,,1,79,,6297,22,,,1
9000,'80',856,,6298,22,,,1,83,,6300,22,,,1,82,,6301,22,,,1,82,,6302,22,,,1,42,,6303,22,,,1,85,,6304,22,,,1,85,,6305,22,,,1,85,,6306,22,,,1,45,,6307,22,,,1,85,,6308,22,,,1,85,,6309,22,,,1,85,,6310,22,,,1,44,,6311,22,,,1,84,,6312,22,,,1,81,,6313,22,,,1,44,,6314,22,,,1,79,,6315,22,,,1,81,,6316,22,,,1,39,,6317,22,,,1,79,,6318,22,,,1
9000,'81',856,,6319,22,,,1,83,,6321,22,,,1,82,,6322,22,,,1,82,,6323,22,,,1,42,,6324,22,,,1,85,,6325,22,,,1,85,,6326,22,,,1,85,,6327,22,,,1,45,,6328,22,,,1,85,,6329,22,,,1,85,,6330,22,,,1,85,,6331,22,,,1,44,,6332,22,,,1,84,,6333,22,,,1,81,,6334,22,,,1,44,,6335,22,,,1,79,,6336,22,,,1,81,,6337,22,,,1,39,,6338,22,,,1,79,,6339,22,,,1
900200,'1',558,,11509,22,,,1,59,,11510,22,,,1,19,,11511,22,,,1,19,,11512,22,,,1,60,,11513,22,,,1,25,,11514,22,,,1,64,,11515,22,,,1,23,,11516,22,,,1,23,,11517,22,,,1,63,,11518,22,,,1,25,,11519,22,,,1,21,,11520,22,,,1,58,,11521,22,,,1,513,,11522,22,0,16 17,1,24,,11523,22,0,16 17,1,63,,11524,22,0,16 17,1,22,,11525,22,0,16 17,1,62,,11526,22,0,16 17,1,25,,11527,22,0,16 17,1,22,,11528,22,0,16 17,1,62,,11529,22,0,16 17,1,23,,11530,22,0,16 17,1,19,,11531,22,0,16 17,1,59,,11532,22,0,16 17,1,19,,11533,22,0,16 17,1
