1601,'1',521,,2587,10,,,1,22,,2588,10,,,1,62,,2589,10,,,1,20,,2590,10,,,1,6,,2555,50,,,1,26,,2554,50,,,1,62,,2546,50,,,1,22,,2547,50,,,1,69,,2548,50,,,1,22,,2549,50,,,1,22,,2550,50,,,1,62,,2551,50,,,1,9,,2552,50,,,1,26,,2553,50,,,1,61,,2566,50,,,1,24,,2565,50,,,1,68,,2556,50,,,1,32,,2557,50,,,1,71,,2558,50,,,1,29,,2559,50,,,1,71,,2560,50,,,1,31,,2561,50,,,1,69,,2562,50,,,1,24,,2591,10,,,1,13,,2563,50,,,1,70,,2564,50,,,1,21,,2583,50,,,1,23,,2582,50,,,1,63,,2567,50,,,1,17,,2568,50,,,1,69,,2569,50,,,1,24,,2570,50,,,1,23,,2571,50,,,1,63,,2572,50,,,1,21,,2573,50,,,1,63,,2574,50,,,1,15,,2575,50,,,1,23,,2576,50,,,1,63,,2577,50,,,1,23,,2578,50,,,1,23,,2579,50,,,1,63,,2580,50,,,1,20,,2581,50,,,1,28,,2586,50,,,1,74,,2584,50,,,1,70,,2585,50,,,1,34,,2592,50,,,1
1601,'2',629,,2597,10,,,1,78,,2598,10,,,1,30,,2596,50,,,1,80,,2593,50,,,1,38,,2594,50,,,1,78,,2595,50,,,1,78,,2599,50,,,1,38,,2600,50,,,1,78,,2601,50,,,1,80,,2602,50,,,1,38,,2603,50,,,1,78,,2604,50,,,1,83,,2613,50,,,1,42,,2605,50,,,1,81,,2606,50,,,1,81,,2607,50,,,1,39,,2608,50,,,1,81,,2609,50,,,1,81,,2610,50,,,1,41,,2611,50,,,1,77,,2612,50,,,1,80,,2620,50,,,1,32,,2614,50,,,1,76,,2615,50,,,1,38,,2616,50,,,1,72,,2617,50,,,1,76,,2618,50,,,1,33,,2619,50,,,1
1601,'3',817,,2621,50,,,1,95,,2622,50,,,1,97,,2623,50,,,1,95,,2624,50,,,1,55,,2625,50,,,1,95,,2626,50,,,1,99,,2627,50,,,1,95,,2628,50,,,1,98,,2629,50,,,1,98,,2630,50,,,1,98,,2631,50,,,1,92,,2632,50,,,1,90,,2633,50,,,1,92,,2634,50,,,1,92,,2635,50,,,1,49,,2636,50,,,1
1601,'80',817,,2637,50,,,1,95,,2638,50,,,1,97,,2639,50,,,1,95,,2640,50,,,1,55,,2641,50,,,1,95,,2642,50,,,1,99,,2643,50,,,1,95,,2644,50,,,1,98,,2645,50,,,1,98,,2646,50,,,1,98,,2647,50,,,1,92,,2648,50,,,1,90,,2649,50,,,1,92,,2650,50,,,1,92,,2651,50,,,1,49,,2652,50,,,1
1601,'81',817,,2653,50,,,1,95,,2654,50,,,1,97,,2655,50,,,1,95,,2656,50,,,1,55,,2657,50,,,1,95,,2658,50,,,1,99,,2659,50,,,1,95,,2660,50,,,1,98,,2661,50,,,1,98,,2662,50,,,1,98,,2663,50,,,1,92,,2664,50,,,1,90,,2665,50,,,1,92,,2666,50,,,1,92,,2667,50,,,1,49,,2668,50,,,1
8501,'1',516,,5559,10,,,1,16,,5558,10,,,1,16,,5557,10,,,1,56,,5556,10,,,1,16,,5555,10,,,1,16,,5554,10,,,1,16,,5553,10,,,1,56,,5545,10,,,1,16,,5546,10,,,1,16,,5547,10,,,1,16,,5548,10,,,1,56,,5549,10,,,1,16,,5550,10,,,1,16,,5551,10,,,1,15,,5552,10,,,1,66,,5569,10,,,1,25,,5568,10,,,1,64,,5567,10,,,1,25,,5560,10,,,1,65,,5561,10,,,1,25,,5562,10,,,1,25,,5563,10,,,1,64,,5564,10,,,1,25,,5565,10,,,1,65,,5566,10,,,1,25,,5570,10,,,1,25,,5571,10,,,1,61,,5572,10,,,1,16,,5599,10,,,1,16,,5600,10,,,1,56,,5589,10,,,1,15,,5588,10,,,1,16,,5587,10,,,1,20,,5586,10,,,1,57,,5585,10,,,1,16,,5573,10,,,1,19,,5574,10,,,1,53,,5575,10,,,1,19,,5576,10,,,1,16,,5577,10,,,1,11,,5578,10,,,1,59,,5579,10,,,1,13,,5580,10,,,1,16,,5581,10,,,1,16,,5582,10,,,1,58,,5583,10,,,1,19,,5584,10,,,1,72,,5592,10,,,1,29,,5591,10,,,1,25,,5590,10,,,1,62,,5596,10,,,1,29,,5595,10,,,1,71,,5593,10,,,1,32,,5594,10,,,1
8501,'2',638,,5629,10,,,1,70,,5630,10,,,1,30,,5631,10,,,1,71,,5632,10,,,1,30,,5633,10,,,1,70,,5634,10,,,1,30,,5635,10,,,1,70,,5636,10,,,1,30,,5637,10,,,1,70,,5601,10,,,1,23,,5602,10,,,1,25,,5603,10,,,1,63,,5604,10,,,1,23,,5605,10,,,1,63,,5606,10,,,1,23,,5607,10,,,1,23,,5608,10,,,1,63,,5609,10,,,1,23,,5610,10,,,1,63,,5611,10,,,1,23,,5612,10,,,1,23,,5613,10,,,1,63,,5614,10,,,1,21,,5615,10,,,1,21,,5616,10,,,1,62,,5617,10,,,1,23,,5618,10,,,1,21,,5619,10,,,1,61,,5620,10,,,1,18,,5621,10,,,1,21,,5622,10,,,1,61,,5623,10,,,1,21,,5624,10,,,1,61,,5625,10,,,1,21,,5626,10,,,1,21,,5627,10,,,1,61,,5628,10,,,1,30,,5638,10,,,1,70,,5639,10,,,1,30,,5640,10,,,1
8501,'3',831,,5643,10,,,1,81,,5644,10,,,1,40,,5645,10,,,1,80,,5646,10,,,1,83,,5647,10,,,1,43,,5648,10,,,1,83,,5649,10,,,1,83,,5650,10,,,1,83,,5651,10,,,1,43,,5652,10,,,1,83,,5653,10,,,1,80,,5654,10,,,1,42,,5655,10,,,1,84,,5656,10,,,1,76,,5657,10,,,1,41,,5658,10,,,1,83,,5659,10,,,1,79,,5641,10,,,1,41,,5642,10,,,1
8501,'80',831,,5662,10,,,1,81,,5663,10,,,1,40,,5664,10,,,1,80,,5665,10,,,1,83,,5666,10,,,1,43,,5667,10,,,1,83,,5668,10,,,1,83,,5669,10,,,1,83,,5670,10,,,1,43,,5671,10,,,1,83,,5672,10,,,1,80,,5673,10,,,1,42,,5674,10,,,1,84,,5675,10,,,1,76,,5676,10,,,1,41,,5677,10,,,1,83,,5678,10,,,1,79,,5660,10,,,1,41,,5661,10,,,1
8501,'81',831,,5681,10,,,1,81,,5682,10,,,1,40,,5683,10,,,1,80,,5684,10,,,1,83,,5685,10,,,1,43,,5686,10,,,1,83,,5687,10,,,1,83,,5688,10,,,1,83,,5689,10,,,1,43,,5690,10,,,1,83,,5691,10,,,1,80,,5692,10,,,1,42,,5693,10,,,1,84,,5694,10,,,1,76,,5695,10,,,1,41,,5696,10,,,1,83,,5697,10,,,1,79,,5679,10,,,1,41,,5680,10,,,1
