9901,'1',415,,7366,25,,,1,41,,7367,25,,,1,80,,7368,25,,,1,82,,7369,25,,,1,39,,7370,25,,,1,75,,7371,25,,,1,70,,7372,25,,,1,43,,7373,25,,,1,74,,7374,25,,,1,35,,7375,25,,,1,94,,7376,25,,,1,98,,7377,25,,,1,94,,7378,25,,,1,94,,7379,25,,,1,100,,7380,25,,,1,66,,7381,25,,,1,30,,7382,25,,,1,70,,7383,25,,,1,30,,7384,25,,,1,70,,7385,25,,,1,30,,7386,25,,,1,70,,7387,25,,,1,28,,7388,25,,,1,30,,7389,25,,,1,66,,7390,25,,,1,30,,7391,25,,,1,70,,7392,25,,,1,25,,7393,25,,,1,71,,7394,25,,,1,85,,7395,25,,,1
9901,'2',537,,7396,25,,,1,77,,7397,25,,,1,37,,7398,25,,,1,77,,7399,25,,,1,87,,7400,25,,,1,91,,7401,25,,,1,48,,7402,25,,,1,87,,7403,25,,,1,102,,7404,25,,,1,97,,7405,25,,,1,95,,7406,25,,,1,95,,7407,25,,,1,95,,7408,25,,,1,95,,7409,25,,,1,92,,7410,25,,,1,94,,7411,25,,,1,95,,7412,25,,,1,51,,7413,25,,,1,85,,7414,25,,,1,85,,7415,25,,,1
9901,'3',541,,7416,25,,,1,81,,7417,25,,,1,78,,7418,25,,,1,38,,7419,25,,,1,78,,7420,25,,,1,92,,7421,25,,,1,49,,7422,25,,,1,89,,7423,25,,,1,89,,7424,25,,,1,93,,7425,25,,,1,89,,7426,25,,,1,89,,7427,25,,,1,49,,7428,25,,,1,89,,7429,25,,,1,89,,7430,25,,,1,89,,7431,25,,,1,85,,7432,25,,,1,49,,7433,25,,,1,89,,7434,25,,,1,86,,7435,25,,,1,89,,7436,25,,,1,39,,7437,25,,,1
9901,'80',541,,7438,25,,,1,81,,7439,25,,,1,78,,7440,25,,,1,38,,7441,25,,,1,78,,7442,25,,,1,92,,7443,25,,,1,49,,7444,25,,,1,89,,7445,25,,,1,89,,7446,25,,,1,93,,7447,25,,,1,89,,7448,25,,,1,89,,7449,25,,,1,49,,7450,25,,,1,89,,7451,25,,,1,89,,7452,25,,,1,89,,7453,25,,,1,85,,7454,25,,,1,49,,7455,25,,,1,89,,7456,25,,,1,86,,7457,25,,,1,89,,7458,25,,,1,39,,7459,25,,,1
9901,'81',541,,7460,25,,,1,81,,7461,25,,,1,78,,7462,25,,,1,38,,7463,25,,,1,78,,7464,25,,,1,92,,7465,25,,,1,49,,7466,25,,,1,89,,7467,25,,,1,89,,7468,25,,,1,93,,7469,25,,,1,89,,7470,25,,,1,89,,7471,25,,,1,49,,7472,25,,,1,89,,7473,25,,,1,89,,7474,25,,,1,89,,7475,25,,,1,85,,7476,25,,,1,49,,7477,25,,,1,89,,7478,25,,,1,86,,7479,25,,,1,89,,7480,25,,,1,39,,7481,25,,,1
40801,'24611.1',1455,,9214,24,4,,1
910200,'1',548,,11563,1,,,1,85,,11564,1,,,1,85,,11565,1,,,1,85,,11569,1,,,1,717,,11562,1,,,1,85,,11570,1,,,1,45,,11566,1,,,1,85,,11567,1,,,1,85,,11568,1,,,1
910201,'1',710,,11574,54,4,,1,47,,11575,54,4,,1,91,,11576,54,4,,1,81,,11577,54,4,,1,716,,11579,31,4,,1,86,,11571,31,4,,1,85,,11572,31,4,,1,43,,11573,31,4,,1,85,,11578,31,4,,1
989901,'1',2240,,11627,80,,,1,70,,11628,80,,,1,38,,11629,80,,,1,75,,11630,80,,,1,35,,11631,80,,,1,70,,11632,80,,,1,75,,11633,80,,,1,35,,11634,80,,,1
989901,'2',2248,,11635,80,,,1,88,,11636,80,,,1,81,,11637,80,,,1,91,,11640,80,,,1,45,,11638,80,,,1,86,,11639,80,,,1
989901,'3',2257,,11641,80,,,1,87,,11642,80,,,1,83,,11643,80,,,1,86,,11644,80,,,1,39,,11645,80,,,1,83,,11646,80,,,1
989901,'80',2257,,11647,80,,,1,87,,11648,80,,,1,83,,11649,80,,,1,86,,11650,80,,,1,39,,11651,80,,,1,83,,11652,80,,,1
989901,'81',2257,,11653,80,,,1,87,,11654,80,,,1,83,,11655,80,,,1,86,,11656,80,,,1,39,,11657,80,,,1,83,,11658,80,,,1
