1601,'1',521,,2587,11,,,1,22,,2588,11,,,1,62,,2589,11,,,1,21,,2590,11,,,1,5,,2555,51,,,1,27,,2554,51,,,1,62,,2546,51,,,1,22,,2547,51,,,1,69,,2548,51,,,1,22,,2549,51,,,1,22,,2550,51,,,1,62,,2551,51,,,1,9,,2552,51,,,1,26,,2553,51,,,1,61,,2566,51,,,1,24,,2565,51,,,1,68,,2556,51,,,1,32,,2557,51,,,1,71,,2558,51,,,1,29,,2559,51,,,1,71,,2560,51,,,1,31,,2561,51,,,1,69,,2562,51,,,1,23,,2591,11,,,1,13,,2563,51,,,1,70,,2564,51,,,1,21,,2583,51,,,1,23,,2582,51,,,1,63,,2567,51,,,1,17,,2568,51,,,1,69,,2569,51,,,1,24,,2570,51,,,1,23,,2571,51,,,1,63,,2572,51,,,1,21,,2573,51,,,1,63,,2574,51,,,1,16,,2575,51,,,1,23,,2576,51,,,1,63,,2577,51,,,1,23,,2578,51,,,1,23,,2579,51,,,1,63,,2580,51,,,1,19,,2581,51,,,1,28,,2586,51,,,1,74,,2584,51,,,1,70,,2585,51,,,1,34,,2592,51,,,1
1601,'2',629,,2597,11,,,1,78,,2598,11,,,1,30,,2596,51,,,1,80,,2593,51,,,1,38,,2594,51,,,1,79,,2595,51,,,1,78,,2599,51,,,1,38,,2600,51,,,1,78,,2601,51,,,1,80,,2602,51,,,1,38,,2603,51,,,1,78,,2604,51,,,1,82,,2613,51,,,1,42,,2605,51,,,1,81,,2606,51,,,1,81,,2607,51,,,1,40,,2608,51,,,1,81,,2609,51,,,1,81,,2610,51,,,1,41,,2611,51,,,1,77,,2612,51,,,1,80,,2620,51,,,1,32,,2614,51,,,1,76,,2615,51,,,1,38,,2616,51,,,1,71,,2617,51,,,1,76,,2618,51,,,1,33,,2619,51,,,1
1601,'3',818,,2621,51,,,1,95,,2622,51,,,1,97,,2623,51,,,1,95,,2624,51,,,1,95,,2625,51,,,1,55,,2626,51,,,1,98,,2627,51,,,1,96,,2628,51,,,1,98,,2629,51,,,1,98,,2630,51,,,1,97,,2631,51,,,1,92,,2632,51,,,1,90,,2633,51,,,1,92,,2634,51,,,1,92,,2635,51,,,1,49,,2636,51,,,1
1601,'80',818,,2637,51,,,1,95,,2638,51,,,1,97,,2639,51,,,1,95,,2640,51,,,1,95,,2641,51,,,1,55,,2642,51,,,1,98,,2643,51,,,1,96,,2644,51,,,1,98,,2645,51,,,1,98,,2646,51,,,1,97,,2647,51,,,1,92,,2648,51,,,1,90,,2649,51,,,1,92,,2650,51,,,1,92,,2651,51,,,1,49,,2652,51,,,1
1601,'81',818,,2653,51,,,1,95,,2654,51,,,1,97,,2655,51,,,1,95,,2656,51,,,1,95,,2657,51,,,1,55,,2658,51,,,1,98,,2659,51,,,1,96,,2660,51,,,1,98,,2661,51,,,1,98,,2662,51,,,1,97,,2663,51,,,1,92,,2664,51,,,1,90,,2665,51,,,1,92,,2666,51,,,1,92,,2667,51,,,1,49,,2668,51,,,1
8501,'1',517,,5559,11,,,1,16,,5558,11,,,1,16,,5557,11,,,1,56,,5556,11,,,1,16,,5555,11,,,1,16,,5554,11,,,1,16,,5553,11,,,1,56,,5545,11,,,1,16,,5546,11,,,1,16,,5547,11,,,1,16,,5548,11,,,1,56,,5549,11,,,1,16,,5550,11,,,1,16,,5551,11,,,1,55,,5552,11,,,1,26,,5569,11,,,1,25,,5568,11,,,1,64,,5567,11,,,1,25,,5560,11,,,1,65,,5561,11,,,1,25,,5562,11,,,1,25,,5563,11,,,1,64,,5564,11,,,1,25,,5565,11,,,1,65,,5566,11,,,1,25,,5570,11,,,1,25,,5571,11,,,1,61,,5572,11,,,1,16,,5599,11,,,1,16,,5600,11,,,1,56,,5589,11,,,1,15,,5588,11,,,1,16,,5587,11,,,1,20,,5586,11,,,1,57,,5585,11,,,1,16,,5573,11,,,1,19,,5574,11,,,1,53,,5575,11,,,1,19,,5576,11,,,1,16,,5577,11,,,1,11,,5578,11,,,1,59,,5579,11,,,1,13,,5580,11,,,1,16,,5581,11,,,1,16,,5582,11,,,1,58,,5583,11,,,1,19,,5584,11,,,1,72,,5592,11,,,1,29,,5591,11,,,1,25,,5590,11,,,1,62,,5596,11,,,1,29,,5595,11,,,1,71,,5593,11,,,1,32,,5594,11,,,1
8501,'2',639,,5629,11,,,1,70,,5630,11,,,1,30,,5631,11,,,1,71,,5632,11,,,1,30,,5633,11,,,1,70,,5634,11,,,1,30,,5635,11,,,1,70,,5636,11,,,1,30,,5637,11,,,1,70,,5601,11,,,1,23,,5602,11,,,1,24,,5603,11,,,1,63,,5604,11,,,1,23,,5605,11,,,1,63,,5606,11,,,1,23,,5607,11,,,1,23,,5608,11,,,1,63,,5609,11,,,1,23,,5610,11,,,1,63,,5611,11,,,1,23,,5612,11,,,1,23,,5613,11,,,1,63,,5614,11,,,1,22,,5615,11,,,1,21,,5616,11,,,1,62,,5617,11,,,1,23,,5618,11,,,1,21,,5619,11,,,1,61,,5620,11,,,1,18,,5621,11,,,1,21,,5622,11,,,1,61,,5623,11,,,1,21,,5624,11,,,1,61,,5625,11,,,1,21,,5626,11,,,1,21,,5627,11,,,1,61,,5628,11,,,1,30,,5638,11,,,1,70,,5639,11,,,1,30,,5640,11,,,1
8501,'3',832,,5643,11,,,1,81,,5644,11,,,1,40,,5645,11,,,1,80,,5646,11,,,1,83,,5647,11,,,1,43,,5648,11,,,1,83,,5649,11,,,1,83,,5650,11,,,1,83,,5651,11,,,1,43,,5652,11,,,1,83,,5653,11,,,1,80,,5654,11,,,1,42,,5655,11,,,1,84,,5656,11,,,1,76,,5657,11,,,1,41,,5658,11,,,1,83,,5659,11,,,1,79,,5641,11,,,1,81,,5642,11,,,1
8501,'80',832,,5662,11,,,1,81,,5663,11,,,1,40,,5664,11,,,1,80,,5665,11,,,1,83,,5666,11,,,1,43,,5667,11,,,1,83,,5668,11,,,1,83,,5669,11,,,1,83,,5670,11,,,1,43,,5671,11,,,1,83,,5672,11,,,1,80,,5673,11,,,1,42,,5674,11,,,1,84,,5675,11,,,1,76,,5676,11,,,1,41,,5677,11,,,1,83,,5678,11,,,1,79,,5660,11,,,1,81,,5661,11,,,1
8501,'81',832,,5681,11,,,1,81,,5682,11,,,1,40,,5683,11,,,1,80,,5684,11,,,1,83,,5685,11,,,1,43,,5686,11,,,1,83,,5687,11,,,1,83,,5688,11,,,1,83,,5689,11,,,1,43,,5690,11,,,1,83,,5691,11,,,1,80,,5692,11,,,1,42,,5693,11,,,1,84,,5694,11,,,1,76,,5695,11,,,1,41,,5696,11,,,1,83,,5697,11,,,1,79,,5679,11,,,1,81,,5680,11,,,1
