600,'1',423,,1183,13,,,1,30,,1184,13,,,1,62,,1185,13,,,1,22,,1186,13,,,1,22,,1187,13,,,1,63,,1188,13,,,1,22,,1189,13,,,1,68,,1190,13,,,1,23,,1191,13,,,1,71,,1192,13,,,1,26,,1193,13,,,1,27,,1194,13,,,1,67,,1195,13,,,1,76,,1196,13,,,1,36,,1197,13,,,1,76,,1198,13,,,1,36,,1199,13,,,1,76,,1200,13,,,1,76,,1201,13,,,1,36,,1202,13,,,1,67,,1203,13,,,1,27,,1204,13,,,1,68,,1205,13,,,1,27,,1206,13,,,1,27,,1207,13,,,1,67,,1208,13,,,1,27,,1209,13,,,1,67,,1210,13,,,1,27,,1211,13,,,1,66,,1212,13,,,1,27,,1213,13,,,1,67,,1214,13,,,1,27,,1215,13,,,1,74,,1216,13,,,1,33,,1217,13,,,1,74,,1218,13,,,1,34,,1219,13,,,1,103,,1220,13,,,1,103,,1221,13,,,1,103,,1222,13,,,1
600,'2',549,,1223,13,,,1,69,,1224,13,,,1,26,,1225,13,,,1,71,,1226,13,,,1,33,,1227,13,,,1,82,,1228,13,,,1,75,,1229,13,,,1,31,,1230,13,,,1,72,,1231,13,,,1,32,,1232,13,,,1,72,,1233,13,,,1,32,,1234,13,,,1,72,,1235,13,,,1,32,,1236,13,,,1,72,,1237,13,,,1,32,,1238,13,,,1,78,,1239,13,,,1,77,,1240,13,,,1,37,,1241,13,,,1,78,,1242,13,,,1,36,,1243,13,,,1,78,,1244,13,,,1,75,,1245,13,,,1,35,,1246,13,,,1,70,,1247,13,,,1,33,,1248,13,,,1,100,,1249,13,,,1,95,,1250,13,,,1,95,,1251,13,,,1,95,,1252,13,,,1
600,'3',604,,1253,13,,,1,26,,1254,13,,,1,29,,1255,13,,,1,75,,1256,13,,,1,69,,1257,13,,,1,42,,1258,13,,,1,74,,1259,13,,,1,32,,1260,13,,,1,72,,1261,13,,,1,32,,1262,13,,,1,72,,1263,13,,,1,32,,1264,13,,,1,72,,1265,13,,,1,72,,1266,13,,,1,32,,1267,13,,,1,73,,1268,13,,,1,39,,1269,13,,,1,76,,1270,13,,,1,77,,1271,13,,,1,37,,1272,13,,,1,77,,1273,13,,,1,37,,1274,13,,,1,73,,1275,13,,,1,77,,1276,13,,,1,30,,1277,13,,,1,100,,1278,13,,,1,98,,1279,13,,,1,98,,1280,13,,,1,98,,1281,13,,,1
600,'80',604,,1282,13,,,1,26,,1283,13,,,1,29,,1284,13,,,1,75,,1285,13,,,1,69,,1286,13,,,1,42,,1287,13,,,1,74,,1288,13,,,1,32,,1289,13,,,1,72,,1290,13,,,1,32,,1291,13,,,1,72,,1292,13,,,1,32,,1293,13,,,1,72,,1294,13,,,1,72,,1295,13,,,1,32,,1296,13,,,1,73,,1297,13,,,1,39,,1298,13,,,1,76,,1299,13,,,1,77,,1300,13,,,1,37,,1301,13,,,1,77,,1302,13,,,1,37,,1303,13,,,1,73,,1304,13,,,1,77,,1305,13,,,1,30,,1306,13,,,1,100,,1307,13,,,1,98,,1308,13,,,1,98,,1309,13,,,1,98,,1310,13,,,1
600,'81',604,,1311,13,,,1,26,,1312,13,,,1,29,,1313,13,,,1,75,,1314,13,,,1,69,,1315,13,,,1,42,,1316,13,,,1,74,,1317,13,,,1,32,,1318,13,,,1,72,,1319,13,,,1,32,,1320,13,,,1,72,,1321,13,,,1,32,,1322,13,,,1,72,,1323,13,,,1,72,,1324,13,,,1,32,,1325,13,,,1,73,,1326,13,,,1,39,,1327,13,,,1,76,,1328,13,,,1,77,,1329,13,,,1,37,,1330,13,,,1,77,,1331,13,,,1,37,,1332,13,,,1,73,,1333,13,,,1,77,,1334,13,,,1,30,,1335,13,,,1,100,,1336,13,,,1,98,,1337,13,,,1,98,,1338,13,,,1,98,,1339,13,,,1
601,'1',2211,,1372,24,4,,1,347,,1377,24,4,,1
601,'2',2014,,1401,24,4,,1,413,,1407,24,4,,1
601,'3',2002,,1431,24,4,,1,419,,1437,24,4,,1
601,'80',2002,,1461,24,4,,1,419,,1467,24,4,,1
601,'81',2002,,1491,24,4,,1,419,,1497,24,4,,1
36101,'1',604,,9182,13,,,1,24,,9183,13,,,1,72,,9184,13,,,1,23,,9185,13,,,1,26,,9186,13,,,1,66,,9187,13,,,1,25,,9188,13,,,1,60,,9189,13,,,1,25,,9190,13,,,1,581,,9191,13,,,1,25,,9192,13,,,1,25,,9193,13,,,1,67,,9194,13,,,1,24,,9195,13,,,1,69,,9196,13,,,1,23,,9197,13,,,1,65,,9198,13,,,1,23,,9199,13,,,1
