8500,'1',546,,29617,9,,,1,56,,29618,9,,,1,16,,29619,9,,,1,16,,29620,9,,,1,16,,29621,9,,,1,56,,29622,9,,,1,16,,29623,9,,,1,16,,29624,9,,,1,16,,29625,9,,,1,56,,29626,9,,,1,16,,29627,9,,,1,16,,29628,9,,,1,16,,29629,9,,,1,65,,29630,9,,,1,25,,29631,9,,,1,63,,29632,9,,,1,25,,29633,9,,,1,65,,29634,9,,,1,25,,29635,9,,,1,25,,29636,9,,,1,65,,29637,9,,,1,25,,29638,9,,,1,65,,29639,9,,,1,25,,29640,9,,,1,20,,29641,9,,,1
8500,'2',634,,29697,9,,,1,70,,29698,9,,,1,30,,29699,9,,,1,68,,29700,9,,,1,30,,29701,9,,,1,70,,29702,9,,,1,30,,29703,9,,,1,73,,29704,9,,,1,30,,29705,9,,,1,71,,29669,9,,,1,22,,29670,9,,,1,23,,29671,9,,,1,63,,29672,9,,,1,23,,29673,9,,,1,63,,29674,9,,,1,23,,29675,9,,,1,23,,29676,9,,,1,63,,29677,9,,,1,23,,29678,9,,,1,23,,29679,9,,,1,63,,29680,9,,,1,23,,29681,9,,,1,63,,29682,9,,,1,23,,29683,9,,,1,21,,29684,9,,,1,64,,29685,9,,,1,17,,29686,9,,,1,21,,29687,9,,,1,61,,29688,9,,,1,21,,29689,9,,,1,21,,29690,9,,,1,61,,29691,9,,,1,21,,29692,9,,,1,21,,29693,9,,,1,61,,29694,9,,,1,21,,29695,9,,,1,21,,29696,9,,,1,70,,29706,9,,,1,30,,29707,9,,,1,70,,29708,9,,,1
8500,'3',923,,29709,9,,,1,80,,29710,9,,,1,40,,29711,9,,,1,80,,29712,9,,,1,91,,29713,9,,,1,43,,29714,9,,,1,83,,29715,9,,,1,83,,29716,9,,,1,82,,29717,9,,,1,43,,29718,9,,,1,83,,29719,9,,,1,74,,29720,9,,,1,41,,29721,9,,,1,85,,29722,9,,,1,77,,29723,9,,,1,41,,29724,9,,,1,81,,29725,9,,,1
8500,'74',634,,29756,9,,,1,70,,29757,9,,,1,30,,29758,9,,,1,68,,29759,9,,,1,30,,29760,9,,,1,70,,29761,9,,,1,30,,29762,9,,,1,73,,29763,9,,,1,30,,29764,9,,,1,71,,29728,9,,,1,22,,29729,9,,,1,23,,29730,9,,,1,63,,29731,9,,,1,23,,29732,9,,,1,63,,29733,9,,,1,23,,29734,9,,,1,23,,29735,9,,,1,63,,29736,9,,,1,23,,29737,9,,,1,23,,29738,9,,,1,63,,29739,9,,,1,23,,29740,9,,,1,63,,29741,9,,,1,23,,29742,9,,,1,21,,29743,9,,,1,64,,29744,9,,,1,17,,29745,9,,,1,21,,29746,9,,,1,61,,29747,9,,,1,21,,29748,9,,,1,21,,29749,9,,,1,61,,29750,9,,,1,21,,29751,9,,,1,21,,29752,9,,,1,61,,29753,9,,,1,21,,29754,9,,,1,21,,29755,9,,,1,70,,29765,9,,,1,30,,29766,9,,,1,70,,29767,9,,,1
8500,'80',923,,29768,9,,,1,80,,29769,9,,,1,40,,29770,9,,,1,80,,29771,9,,,1,91,,29772,9,,,1,43,,29773,9,,,1,83,,29774,9,,,1,83,,29775,9,,,1,82,,29776,9,,,1,43,,29777,9,,,1,83,,29778,9,,,1,74,,29779,9,,,1,41,,29780,9,,,1,85,,29781,9,,,1,77,,29782,9,,,1,41,,29783,9,,,1,81,,29784,9,,,1
8501,'1',1358,,29808,60,,,1,65,,29812,60,,,1,25,,29813,60,,,1,66,,29814,60,,,1,16,,29841,60,,,1,16,,29842,60,,,1,56,,29831,60,,,1,16,,29830,60,,,1,16,,29829,60,,,1,72,,29828,60,,,1,24,,29827,60,,,1,16,,29815,60,,,1,59,,29816,60,,,1,13,,29817,60,,,1,6,,29818,60,,,1,16,,29819,60,,,1,11,,29820,60,,,1,59,,29821,60,,,1,13,,29822,60,,,1,16,,29823,60,,,1,16,,29824,60,,,1,56,,29825,60,,,1,12,,29826,60,,,1,32,,29834,60,,,1,63,,29833,60,,,1,25,,29832,60,,,1,62,,29838,60,,,1,29,,29837,60,,,1,72,,29835,60,,,1,32,,29836,60,,,1
8501,'2',2248,,29881,60,,,1,70,,29882,60,,,1
8501,'3',2104,,29883,60,,,1,41,,29884,60,,,1
8501,'74',2248,,29940,60,,,1,70,,29941,60,,,1
8501,'80',2104,,29956,60,,,1,41,,29957,60,,,1
