9900,'1',352,,31638,21,,,1,80,,31639,21,,,1,73,,31612,41,,,1,42,,31613,41,,,1,80,,31614,41,,,1,84,,31615,41,,,1,97,,31616,41,,,1,35,,31617,41,,,1,78,,31618,41,,,1,31,,31619,41,,,1,75,,31620,41,,,1,75,,31621,41,,,1,100,,31622,41,,,1,54,,31623,41,,,1,94,,31624,41,,,1,94,,31625,41,,,1,76,,31637,41,,,1,31,,31636,41,,,1,69,,31626,41,,,1,30,,31627,41,,,1,70,,31628,41,,,1,30,,31629,41,,,1,70,,31630,41,,,1,24,,31631,41,,,1,70,,31632,41,,,1,24,,31633,41,,,1,70,,31634,41,,,1,26,,31635,41,,,1
9900,'2',512,,31658,21,,,1,37,,31659,21,,,1,74,,31640,41,,,1,80,,31641,41,,,1,38,,31655,41,,,1,91,,31654,41,,,1,87,,31642,41,,,1,87,,31643,41,,,1,47,,31644,41,,,1,91,,31645,41,,,1,108,,31646,41,,,1,95,,31647,41,,,1,95,,31648,41,,,1,97,,31649,41,,,1,95,,31650,41,,,1,92,,31651,41,,,1,95,,31652,41,,,1,95,,31653,41,,,1,84,,31657,41,,,1,50,,31656,41,,,1
9900,'3',514,,31678,21,,,1,38,,31679,21,,,1,81,,31660,41,,,1,78,,31661,41,,,1,38,,31662,41,,,1,78,,31663,41,,,1,95,,31680,41,,,1,89,,31664,41,,,1,89,,31665,41,,,1,49,,31666,41,,,1,93,,31667,41,,,1,89,,31668,41,,,1,89,,31669,41,,,1,89,,31670,41,,,1,49,,31671,41,,,1,89,,31672,41,,,1,89,,31673,41,,,1,87,,31674,41,,,1,89,,31675,41,,,1,89,,31676,41,,,1,40,,31677,41,,,1
9900,'74',512,,31699,21,,,1,37,,31700,21,,,1,74,,31681,41,,,1,80,,31682,41,,,1,38,,31696,41,,,1,91,,31695,41,,,1,87,,31683,41,,,1,87,,31684,41,,,1,47,,31685,41,,,1,91,,31686,41,,,1,108,,31687,41,,,1,95,,31688,41,,,1,95,,31689,41,,,1,97,,31690,41,,,1,95,,31691,41,,,1,92,,31692,41,,,1,95,,31693,41,,,1,95,,31694,41,,,1,84,,31698,41,,,1,50,,31697,41,,,1
9900,'80',514,,31719,21,,,1,38,,31720,21,,,1,81,,31701,41,,,1,78,,31702,41,,,1,38,,31703,41,,,1,78,,31704,41,,,1,95,,31721,41,,,1,89,,31705,41,,,1,89,,31706,41,,,1,49,,31707,41,,,1,93,,31708,41,,,1,89,,31709,41,,,1,89,,31710,41,,,1,89,,31711,41,,,1,49,,31712,41,,,1,89,,31713,41,,,1,89,,31714,41,,,1,87,,31715,41,,,1,89,,31716,41,,,1,89,,31717,41,,,1,40,,31718,41,,,1
989900,'1',2106,,36830,41,,,1,34,,36831,41,,,1,78,,36832,41,,,1,38,,36833,41,,,1,75,,36834,41,,,1,72,,36835,41,,,1,35,,36836,41,,,1,75,,36837,41,,,1,36,,36838,41,0,5 6,1,75,,36839,41,0,5 6,1,80,,36840,41,0,5 6,1
989900,'2',2110,,36841,41,,,1,94,,36842,41,,,1,47,,36843,41,,,1,92,,36844,41,,,1,86,,36845,41,,,1,86,,36846,41,,,1,85,,36847,41,0,5 6,1,46,,36848,41,0,5 6,1,86,,36849,41,0,5 6,1
989900,'3',2127,,36850,41,,,1,90,,36851,41,,,1,85,,36852,41,,,1,50,,36853,41,,,1,81,,36854,41,,,1,83,,36855,41,,,1,40,,36856,41,0,5 6,1,83,,36857,41,0,5 6,1,83,,36858,41,0,5 6,1
989900,'74',2110,,36859,41,,,1,94,,36860,41,,,1,47,,36861,41,,,1,92,,36862,41,,,1,86,,36863,41,,,1,86,,36864,41,,,1,85,,36865,41,0,5 6,1,46,,36866,41,0,5 6,1,86,,36867,41,0,5 6,1
989900,'80',2127,,36868,41,,,1,90,,36869,41,,,1,85,,36870,41,,,1,50,,36871,41,,,1,81,,36872,41,,,1,83,,36873,41,,,1,40,,36874,41,0,5 6,1,83,,36875,41,0,5 6,1,83,,36876,41,0,5 6,1
