9801,'1',517,,7165,17,,,1,35,,7164,17,,,1,75,,7163,17,,,1,75,,7162,17,,,1,35,,7161,17,,,1,75,,7160,17,,,1,35,,7159,17,,,1,75,,7158,17,,,1,35,,7171,17,,,1,100,,7170,17,,,1,98,,7169,17,,,1,98,,7168,17,,,1,99,,7167,17,,,1,80,,7166,17,,,1,80,,7181,17,,,1,40,,7180,17,,,1,80,,7179,17,,,1,80,,7178,17,,,1,40,,7177,17,,,1,79,,7176,17,,,1,80,,7175,17,,,1,91,,7174,17,,,1,49,,7173,17,,,1,88,,7172,17,,,1
9801,'2',525,,7200,17,,,1,86,,7199,17,,,1,46,,7198,17,,,1,86,,7197,17,,,1,87,,7196,17,,,1,95,,7195,17,,,1,94,,7194,17,,,1,96,,7193,17,,,1,94,,7192,17,,,1,100,,7191,17,,,1,98,,7190,17,,,1,98,,7189,17,,,1,97,,7188,17,,,1,98,,7187,17,,,1,58,,7186,17,,,1,97,,7185,17,,,1,86,,7184,17,,,1,89,,7183,17,,,1,88,,7182,17,,,1
9801,'3',707,,7217,17,,,1,48,,7218,17,,,1,88,,7216,17,,,1,88,,7215,17,,,1,88,,7214,17,,,1,95,,7213,17,,,1,93,,7212,17,,,1,93,,7211,17,,,1,54,,7210,17,,,1,93,,7209,17,,,1,93,,7208,17,,,1,93,,7207,17,,,1,93,,7206,17,,,1,92,,7205,17,,,1,87,,7204,17,,,1,48,,7203,17,,,1,87,,7202,17,,,1,88,,7201,17,,,1
9801,'80',707,,7235,17,,,1,48,,7236,17,,,1,88,,7234,17,,,1,88,,7233,17,,,1,88,,7232,17,,,1,95,,7231,17,,,1,93,,7230,17,,,1,93,,7229,17,,,1,54,,7228,17,,,1,93,,7227,17,,,1,93,,7226,17,,,1,93,,7225,17,,,1,93,,7224,17,,,1,92,,7223,17,,,1,87,,7222,17,,,1,48,,7221,17,,,1,87,,7220,17,,,1,88,,7219,17,,,1
9801,'81',707,,7253,17,,,1,48,,7254,17,,,1,88,,7252,17,,,1,88,,7251,17,,,1,88,,7250,17,,,1,95,,7249,17,,,1,93,,7248,17,,,1,93,,7247,17,,,1,54,,7246,17,,,1,93,,7245,17,,,1,93,,7244,17,,,1,93,,7243,17,,,1,93,,7242,17,,,1,92,,7241,17,,,1,87,,7240,17,,,1,48,,7239,17,,,1,87,,7238,17,,,1,88,,7237,17,,,1
989901,'1',2159,,11627,17,,,1,72,,11628,17,,,1,78,,11629,17,,,1,36,,11630,17,,,1,75,,11631,17,,,1,32,,11632,17,,,1,75,,11633,17,,,1,75,,11634,17,,,1
989901,'2',2204,,11635,17,,,1,54,,11636,17,,,1,83,,11637,17,,,1,91,,11640,17,,,1,85,,11638,17,,,1,86,,11639,17,,,1
989901,'3',2217,,11641,17,,,1,90,,11642,17,,,1,43,,11643,17,,,1,89,,11644,17,,,1,79,,11645,17,,,1,83,,11646,17,,,1
989901,'80',2217,,11647,17,,,1,90,,11648,17,,,1,43,,11649,17,,,1,89,,11650,17,,,1,79,,11651,17,,,1,83,,11652,17,,,1
989901,'81',2217,,11653,17,,,1,90,,11654,17,,,1,43,,11655,17,,,1,89,,11656,17,,,1,79,,11657,17,,,1,83,,11658,17,,,1
