9601,'1',500,,31339,30,,,1,28,,31340,30,,,1,29,,31341,30,,,1,70,,31342,30,,,1,77,,31343,30,,,1,35,,31344,30,,,1,78,,31345,30,,,1,31,,31346,30,,,1,74,,31347,30,,,1,32,,31348,30,,,1,79,,31349,30,,,1,80,,31350,30,,,1,43,,31351,30,,,1,75,,31352,30,,,1,72,,31353,30,,,1,46,,31354,30,,,1,81,,31355,30,,,1,18,,31374,30,,,1,61,,31356,30,,,1,28,,31357,30,,,1,67,,31358,30,,,1,27,,31359,30,,,1,27,,31360,30,,,1,67,,31361,30,,,1,25,,31362,30,,,1,62,,31363,30,,,1,25,,31364,30,,,1,65,,31365,30,,,1,25,,31366,30,,,1,25,,31367,30,,,1,65,,31368,30,,,1,28,,31369,30,,,1,70,,31370,30,,,1,30,,31371,30,,,1,70,,31372,30,,,1,24,,31373,30,,,1
9601,'2',826,,31375,30,,,1,99,,31376,30,,,1,100,,31377,30,,,1,99,,31378,30,,,1,99,,31379,30,,,1,99,,31380,30,,,1,99,,31381,30,,,1,99,,31382,30,,,1,99,,31383,30,,,1,99,,31384,30,,,1,89,,31385,30,,,1,51,,31386,30,,,1,97,,31387,30,,,1
9601,'3',926,,31388,30,,,1,94,,31389,30,,,1,94,,31390,30,,,1,94,,31391,30,,,1,94,,31392,30,,,1,54,,31393,30,,,1,95,,31394,30,,,1,94,,31395,30,,,1,91,,31396,30,,,1,94,,31397,30,,,1,93,,31398,30,,,1,94,,31399,30,,,1
9601,'74',826,,31400,30,,,1,99,,31401,30,,,1,100,,31402,30,,,1,99,,31403,30,,,1,99,,31404,30,,,1,99,,31405,30,,,1,99,,31406,30,,,1,99,,31407,30,,,1,99,,31408,30,,,1,99,,31409,30,,,1,89,,31410,30,,,1,51,,31411,30,,,1,97,,31412,30,,,1
9601,'80',926,,31413,30,,,1,94,,31414,30,,,1,94,,31415,30,,,1,94,,31416,30,,,1,94,,31417,30,,,1,54,,31418,30,,,1,95,,31419,30,,,1,94,,31420,30,,,1,91,,31421,30,,,1,94,,31422,30,,,1,93,,31423,30,,,1,94,,31424,30,,,1
9801,'1',535,,31521,39,,,1,75,,31520,39,,,1,37,,31519,39,,,1,75,,31518,39,,,1,36,,31517,39,,,1,75,,31516,39,,,1,75,,31515,39,,,1,35,,31514,39,,,1,75,,31525,39,,,1,101,,31524,39,,,1,98,,31523,39,,,1,98,,31522,39,,,1,101,,31537,39,,,1,40,,31536,39,,,1,80,,31535,39,,,1,80,,31534,39,,,1,40,,31533,39,,,1,80,,31532,39,,,1,80,,31531,39,,,1,37,,31530,39,,,1,78,,31529,39,,,1,91,,31528,39,,,1,87,,31527,39,,,1,48,,31526,39,,,1
9801,'2',542,,31556,39,,,1,86,,31555,39,,,1,86,,31554,39,,,1,86,,31553,39,,,1,48,,31552,39,,,1,96,,31551,39,,,1,94,,31550,39,,,1,98,,31549,39,,,1,94,,31548,39,,,1,102,,31547,39,,,1,98,,31546,39,,,1,98,,31545,39,,,1,95,,31544,39,,,1,98,,31543,39,,,1,98,,31542,39,,,1,94,,31541,39,,,1,46,,31540,39,,,1,89,,31539,39,,,1,87,,31538,39,,,1
9801,'3',725,,31573,39,,,1,88,,31574,39,,,1,89,,31572,39,,,1,48,,31571,39,,,1,88,,31570,39,,,1,96,,31569,39,,,1,93,,31568,39,,,1,93,,31567,39,,,1,95,,31566,39,,,1,93,,31565,39,,,1,93,,31564,39,,,1,53,,31563,39,,,1,93,,31562,39,,,1,90,,31561,39,,,1,86,,31560,39,,,1,86,,31559,39,,,1,47,,31558,39,,,1,88,,31557,39,,,1
9801,'74',542,,31593,39,,,1,86,,31592,39,,,1,86,,31591,39,,,1,86,,31590,39,,,1,48,,31589,39,,,1,96,,31588,39,,,1,94,,31587,39,,,1,98,,31586,39,,,1,94,,31585,39,,,1,102,,31584,39,,,1,98,,31583,39,,,1,98,,31582,39,,,1,95,,31581,39,,,1,98,,31580,39,,,1,98,,31579,39,,,1,94,,31578,39,,,1,46,,31577,39,,,1,89,,31576,39,,,1,87,,31575,39,,,1
9801,'80',725,,31610,39,,,1,88,,31611,39,,,1,89,,31609,39,,,1,48,,31608,39,,,1,88,,31607,39,,,1,96,,31606,39,,,1,93,,31605,39,,,1,93,,31604,39,,,1,95,,31603,39,,,1,93,,31602,39,,,1,93,,31601,39,,,1,53,,31600,39,,,1,93,,31599,39,,,1,90,,31598,39,,,1,86,,31597,39,,,1,86,,31596,39,,,1,47,,31595,39,,,1,88,,31594,39,,,1
60101,'1',502,,34498,11,,,1,11,,34497,11,,,1,11,,34496,11,,,1,11,,34495,11,,,1,11,,34494,11,,,1,11,,34493,11,,,1,50,,34492,11,,,1,10,,34491,11,,,1,11,,34490,11,,,1,12,,34489,11,,,1,10,,34488,11,,,1,51,,34487,11,,,1,10,,34411,11,,,1,10,,34412,11,,,1,11,,34413,11,,,1,11,,34414,11,,,1,11,,34415,11,,,1,53,,34416,11,,,1,11,,34417,11,,,1,11,,34418,11,,,1,11,,34419,11,,,1,12,,34420,11,,,1,49,,34421,11,,,1,11,,34422,11,,,1,11,,34423,11,,,1,11,,34424,11,,,1,11,,34425,11,,,1,12,,34426,11,,,1,51,,34427,11,,,1,10,,34428,11,,,1,11,,34429,11,,,1,11,,34445,11,,,1,16,,34444,11,,,1,56,,34443,11,,,1,16,,34442,11,,,1,16,,34441,11,,,1,56,,34440,11,,,1,16,,34430,11,,,1,16,,34431,11,,,1,16,,34432,11,,,1,56,,34433,11,,,1,16,,34434,11,,,1,16,,34435,11,,,1,16,,34436,11,,,1,56,,34437,11,,,1,17,,34438,11,,,1,16,,34439,11,,,1,14,,34472,11,,,1,52,,34471,11,,,1,14,,34470,11,,,1,12,,34469,11,,,1,12,,34468,11,,,1,12,,34467,11,,,1,52,,34446,11,,,1,12,,34447,11,,,1,12,,34448,11,,,1,12,,34449,11,,,1,12,,34450,11,,,1,52,,34451,11,,,1,12,,34452,11,,,1,12,,34453,11,,,1,12,,34454,11,,,1,11,,34455,11,,,1,52,,34456,11,,,1,11,,34457,11,,,1,12,,34458,11,,,1,12,,34459,11,,,1,12,,34460,11,,,1,52,,34461,11,,,1,12,,34462,11,,,1,12,,34463,11,,,1,10,,34464,11,,,1,12,,34465,11,,,1,52,,34466,11,,,1,25,,34480,11,,,1,16,,34479,11,,,1,58,,34478,11,,,1,18,,34477,11,,,1,17,,34476,11,,,1,18,,34473,11,,,1,58,,34474,11,,,1,18,,34475,11,,,1,15,,34486,11,,,1,55,,34485,11,,,1,19,,34484,11,,,1,19,,34481,11,,,1,16,,34482,11,,,1,56,,34483,11,,,1
60101,'2',624,,34567,11,,,1,17,,34499,11,,,1,17,,34500,11,,,1,58,,34501,11,,,1,17,,34502,11,,,1,15,,34520,11,,,1,56,,34519,11,,,1,17,,34518,11,,,1,16,,34517,11,,,1,16,,34516,11,,,1,55,,34503,11,,,1,19,,34504,11,,,1,16,,34505,11,,,1,16,,34506,11,,,1,56,,34507,11,,,1,16,,34508,11,,,1,16,,34509,11,,,1,57,,34510,11,,,1,16,,34511,11,,,1,16,,34512,11,,,1,16,,34513,11,,,1,56,,34514,11,,,1,15,,34515,11,,,1,14,,34552,11,,,1,15,,34551,11,,,1,55,,34550,11,,,1,15,,34549,11,,,1,15,,34548,11,,,1,15,,34547,11,,,1,55,,34521,11,,,1,15,,34522,11,,,1,15,,34523,11,,,1,15,,34524,11,,,1,55,,34525,11,,,1,15,,34526,11,,,1,15,,34527,11,,,1,15,,34528,11,,,1,55,,34529,11,,,1,15,,34530,11,,,1,15,,34531,11,,,1,15,,34532,11,,,1,55,,34533,11,,,1,15,,34534,11,,,1,15,,34535,11,,,1,15,,34536,11,,,1,55,,34537,11,,,1,15,,34538,11,,,1,15,,34539,11,,,1,14,,34540,11,,,1,55,,34541,11,,,1,15,,34542,11,,,1,15,,34543,11,,,1,15,,34544,11,,,1,54,,34545,11,,,1,15,,34546,11,,,1,20,,34558,11,,,1,18,,34557,11,,,1,58,,34556,11,,,1,18,,34555,11,,,1,16,,34553,11,,,1,58,,34554,11,,,1,20,,34566,11,,,1,16,,34565,11,,,1,56,,34564,11,,,1,14,,34563,11,,,1,16,,34562,11,,,1,16,,34559,11,,,1,56,,34560,11,,,1,13,,34561,11,,,1
60101,'3',712,,34568,11,,,1,22,,34569,11,,,1,20,,34570,11,,,1,60,,34571,11,,,1,20,,34572,11,,,1,20,,34573,11,,,1,60,,34574,11,,,1,21,,34575,11,,,1,21,,34576,11,,,1,60,,34577,11,,,1,21,,34578,11,,,1,21,,34579,11,,,1,61,,34580,11,,,1,21,,34581,11,,,1,62,,34582,11,,,1,20,,34583,11,,,1,22,,34584,11,,,1,61,,34585,11,,,1,21,,34586,11,,,1,22,,34587,11,,,1,61,,34588,11,,,1,21,,34589,11,,,1,21,,34590,11,,,1,61,,34591,11,,,1,21,,34592,11,,,1,21,,34593,11,,,1,60,,34594,11,,,1,21,,34595,11,,,1,21,,34596,11,,,1,61,,34597,11,,,1,21,,34598,11,,,1,21,,34599,11,,,1,59,,34600,11,,,1,21,,34601,11,,,1,61,,34602,11,,,1,21,,34603,11,,,1,21,,34604,11,,,1,61,,34605,11,,,1,21,,34606,11,,,1,18,,34607,11,,,1,60,,34608,11,,,1,20,,34609,11,,,1,20,,34610,11,,,1,59,,34611,11,,,1,20,,34612,11,,,1,18,,34613,11,,,1,20,,34614,11,,,1,60,,34615,11,,,1,19,,34616,11,,,1,20,,34617,11,,,1,60,,34618,11,,,1,20,,34619,11,,,1
60101,'74',624,,34648,11,,,1,17,,34620,11,,,1,17,,34621,11,,,1,58,,34622,11,,,1,17,,34623,11,,,1,15,,34641,11,,,1,56,,34640,11,,,1,17,,34639,11,,,1,16,,34638,11,,,1,16,,34637,11,,,1,55,,34624,11,,,1,19,,34625,11,,,1,16,,34626,11,,,1,16,,34627,11,,,1,56,,34628,11,,,1,16,,34629,11,,,1,16,,34630,11,,,1,57,,34631,11,,,1,16,,34632,11,,,1,16,,34633,11,,,1,16,,34634,11,,,1,56,,34635,11,,,1,15,,34636,11,,,1,14,,34647,11,,,1,15,,34646,11,,,1,55,,34645,11,,,1,15,,34644,11,,,1,15,,34643,11,,,1,15,,34642,11,,,1,55,,34649,11,,,1,15,,34650,11,,,1,15,,34651,11,,,1,15,,34652,11,,,1,55,,34653,11,,,1,15,,34654,11,,,1,15,,34655,11,,,1,15,,34656,11,,,1,55,,34657,11,,,1,15,,34658,11,,,1,15,,34659,11,,,1,15,,34660,11,,,1,55,,34661,11,,,1,15,,34662,11,,,1,15,,34663,11,,,1,15,,34664,11,,,1,55,,34665,11,,,1,15,,34666,11,,,1,15,,34667,11,,,1,14,,34668,11,,,1,55,,34669,11,,,1,15,,34670,11,,,1,15,,34671,11,,,1,15,,34672,11,,,1,54,,34673,11,,,1,15,,34674,11,,,1,20,,34680,11,,,1,18,,34679,11,,,1,58,,34678,11,,,1,18,,34677,11,,,1,16,,34675,11,,,1,58,,34676,11,,,1,20,,34688,11,,,1,16,,34687,11,,,1,56,,34686,11,,,1,14,,34685,11,,,1,16,,34684,11,,,1,16,,34681,11,,,1,56,,34682,11,,,1,13,,34683,11,,,1
60101,'80',712,,34689,11,,,1,22,,34690,11,,,1,20,,34691,11,,,1,60,,34692,11,,,1,20,,34693,11,,,1,20,,34694,11,,,1,60,,34695,11,,,1,21,,34696,11,,,1,21,,34697,11,,,1,60,,34698,11,,,1,21,,34699,11,,,1,21,,34700,11,,,1,61,,34701,11,,,1,21,,34702,11,,,1,62,,34703,11,,,1,20,,34704,11,,,1,22,,34705,11,,,1,61,,34706,11,,,1,21,,34707,11,,,1,22,,34708,11,,,1,61,,34709,11,,,1,21,,34710,11,,,1,21,,34711,11,,,1,61,,34712,11,,,1,21,,34713,11,,,1,21,,34714,11,,,1,60,,34715,11,,,1,21,,34716,11,,,1,21,,34717,11,,,1,61,,34718,11,,,1,21,,34719,11,,,1,21,,34720,11,,,1,59,,34721,11,,,1,21,,34722,11,,,1,61,,34723,11,,,1,21,,34724,11,,,1,21,,34725,11,,,1,61,,34726,11,,,1,21,,34727,11,,,1,18,,34728,11,,,1,60,,34729,11,,,1,20,,34730,11,,,1,20,,34731,11,,,1,59,,34732,11,,,1,20,,34733,11,,,1,18,,34734,11,,,1,20,,34735,11,,,1,60,,34736,11,,,1,19,,34737,11,,,1,20,,34738,11,,,1,60,,34739,11,,,1,20,,34740,11,,,1
910201,'1',636,,36824,13,,,1,85,,36825,13,,,1,85,,36826,13,,,1,45,,36827,13,,,1
989901,'1',2215,,36877,39,,,1,31,,36878,39,,,1,78,,36879,39,,,1,76,,36880,39,,,1,35,,36881,39,,,1,71,,36882,39,,,1,35,,36883,39,,,1,75,,36884,39,,,1
989901,'2',2221,,36885,39,,,1,91,,36886,39,,,1,43,,36887,39,,,1,91,,36890,39,,,1,85,,36888,39,,,1,86,,36889,39,,,1
989901,'3',2233,,36891,39,,,1,88,,36892,39,,,1,83,,36893,39,,,1,49,,36894,39,,,1,79,,36895,39,,,1,83,,36896,39,,,1
989901,'74',2221,,36897,39,,,1,91,,36898,39,,,1,43,,36899,39,,,1,91,,36902,39,,,1,85,,36900,39,,,1,86,,36901,39,,,1
989901,'80',2233,,36903,39,,,1,88,,36904,39,,,1,83,,36905,39,,,1,49,,36906,39,,,1,79,,36907,39,,,1,83,,36908,39,,,1
