9601,'1',444,,6986,12,,,1,67,,6987,12,,,1,29,,6988,12,,,1,70,,6989,12,,,1,35,,6990,12,,,1,72,,6991,12,,,1,38,,6992,12,,,1,73,,6993,12,,,1,74,,6994,12,,,1,33,,6995,12,,,1,79,,6996,12,,,1,40,,6997,12,,,1,83,,6998,12,,,1,75,,6999,12,,,1,32,,7000,12,,,1,86,,7001,12,,,1,79,,7002,12,,,1,18,,7021,12,,,1,21,,7003,12,,,1,68,,7004,12,,,1,27,,7005,12,,,1,67,,7006,12,,,1,27,,7007,12,,,1,67,,7008,12,,,1,26,,7009,12,,,1,26,,7010,12,,,1,65,,7011,12,,,1,25,,7012,12,,,1,65,,7013,12,,,1,24,,7014,12,,,1,65,,7015,12,,,1,30,,7016,12,,,1,70,,7017,12,,,1,30,,7018,12,,,1,70,,7019,12,,,1,24,,7020,12,,,1
9601,'2',807,,7022,12,,,1,99,,7023,12,,,1,100,,7024,12,,,1,99,,7025,12,,,1,99,,7026,12,,,1,99,,7027,12,,,1,99,,7028,12,,,1,99,,7029,12,,,1,99,,7030,12,,,1,59,,7031,12,,,1,91,,7032,12,,,1,92,,7033,12,,,1,97,,7034,12,,,1
9601,'3',907,,7035,12,,,1,94,,7036,12,,,1,54,,7037,12,,,1,94,,7038,12,,,1,94,,7039,12,,,1,94,,7040,12,,,1,94,,7041,12,,,1,94,,7042,12,,,1,94,,7043,12,,,1,94,,7044,12,,,1,94,,7045,12,,,1,94,,7046,12,,,1
9601,'80',907,,7047,12,,,1,94,,7048,12,,,1,54,,7049,12,,,1,94,,7050,12,,,1,94,,7051,12,,,1,94,,7052,12,,,1,94,,7053,12,,,1,94,,7054,12,,,1,94,,7055,12,,,1,94,,7056,12,,,1,94,,7057,12,,,1,94,,7058,12,,,1
9601,'81',907,,7059,12,,,1,94,,7060,12,,,1,54,,7061,12,,,1,94,,7062,12,,,1,94,,7063,12,,,1,94,,7064,12,,,1,94,,7065,12,,,1,94,,7066,12,,,1,94,,7067,12,,,1,94,,7068,12,,,1,94,,7069,12,,,1,94,,7070,12,,,1
9801,'1',521,,7165,21,,,1,35,,7164,21,,,1,76,,7163,21,,,1,75,,7162,21,,,1,35,,7161,21,,,1,75,,7160,21,,,1,35,,7159,21,,,1,75,,7158,21,,,1,75,,7171,21,,,1,100,,7170,21,,,1,98,,7169,21,,,1,58,,7168,21,,,1,100,,7167,21,,,1,80,,7166,21,,,1,80,,7181,21,,,1,40,,7180,21,,,1,80,,7179,21,,,1,80,,7178,21,,,1,40,,7177,21,,,1,79,,7176,21,,,1,78,,7175,21,,,1,91,,7174,21,,,1,49,,7173,21,,,1,88,,7172,21,,,1
9801,'2',529,,7200,21,,,1,86,,7199,21,,,1,86,,7198,21,,,1,46,,7197,21,,,1,87,,7196,21,,,1,96,,7195,21,,,1,94,,7194,21,,,1,97,,7193,21,,,1,94,,7192,21,,,1,100,,7191,21,,,1,98,,7190,21,,,1,98,,7189,21,,,1,96,,7188,21,,,1,98,,7187,21,,,1,98,,7186,21,,,1,56,,7185,21,,,1,86,,7184,21,,,1,89,,7183,21,,,1,88,,7182,21,,,1
9801,'3',711,,7217,21,,,1,48,,7218,21,,,1,88,,7216,21,,,1,88,,7215,21,,,1,88,,7214,21,,,1,96,,7213,21,,,1,93,,7212,21,,,1,93,,7211,21,,,1,95,,7210,21,,,1,53,,7209,21,,,1,93,,7208,21,,,1,93,,7207,21,,,1,93,,7206,21,,,1,90,,7205,21,,,1,87,,7204,21,,,1,48,,7203,21,,,1,87,,7202,21,,,1,88,,7201,21,,,1
9801,'80',711,,7235,21,,,1,48,,7236,21,,,1,88,,7234,21,,,1,88,,7233,21,,,1,88,,7232,21,,,1,96,,7231,21,,,1,93,,7230,21,,,1,93,,7229,21,,,1,95,,7228,21,,,1,53,,7227,21,,,1,93,,7226,21,,,1,93,,7225,21,,,1,93,,7224,21,,,1,90,,7223,21,,,1,87,,7222,21,,,1,48,,7221,21,,,1,87,,7220,21,,,1,88,,7219,21,,,1
9801,'81',711,,7253,21,,,1,48,,7254,21,,,1,88,,7252,21,,,1,88,,7251,21,,,1,88,,7250,21,,,1,96,,7249,21,,,1,93,,7248,21,,,1,93,,7247,21,,,1,95,,7246,21,,,1,53,,7245,21,,,1,93,,7244,21,,,1,93,,7243,21,,,1,93,,7242,21,,,1,90,,7241,21,,,1,87,,7240,21,,,1,48,,7239,21,,,1,87,,7238,21,,,1,88,,7237,21,,,1
60101,'1',446,,9677,5,,,1,12,,9678,5,,,1,52,,9679,5,,,1,12,,9680,5,,,1,12,,9681,5,,,1,12,,9682,5,,,1,13,,9683,5,,,1,52,,9684,5,,,1,12,,9685,5,,,1,12,,9686,5,,,1,10,,9687,5,,,1,11,,9688,5,,,1,50,,9689,5,,,1,10,,9690,5,,,1,10,,9691,5,,,1,10,,9692,5,,,1,10,,9693,5,,,1,10,,9694,5,,,1,50,,9695,5,,,1,10,,9696,5,,,1,10,,9697,5,,,1,10,,9698,5,,,1,10,,9699,5,,,1,10,,9700,5,,,1,50,,9701,5,,,1,10,,9702,5,,,1,10,,9703,5,,,1,10,,9704,5,,,1,10,,9705,5,,,1,10,,9706,5,,,1,50,,9707,5,,,1,16,,9708,5,,,1,16,,9709,5,,,1,16,,9710,5,,,1,56,,9711,5,,,1,16,,9712,5,,,1,16,,9713,5,,,1,16,,9714,5,,,1,56,,9715,5,,,1,16,,9716,5,,,1,16,,9717,5,,,1,56,,9718,5,,,1,16,,9719,5,,,1,16,,9720,5,,,1,16,,9721,5,,,1,56,,9722,5,,,1,12,,9723,5,,,1,12,,9724,5,,,1,12,,9725,5,,,1,12,,9726,5,,,1,52,,9727,5,,,1,12,,9728,5,,,1,12,,9729,5,,,1,12,,9730,5,,,1,12,,9731,5,,,1,52,,9732,5,,,1,13,,9733,5,,,1,12,,9734,5,,,1,12,,9735,5,,,1,12,,9736,5,,,1,52,,9737,5,,,1,12,,9738,5,,,1,12,,9739,5,,,1,12,,9740,5,,,1,12,,9741,5,,,1,52,,9742,5,,,1,12,,9743,5,,,1,11,,9744,5,,,1,13,,9745,5,,,1,14,,9746,5,,,1,54,,9747,5,,,1,14,,9748,5,,,1,14,,9749,5,,,1,14,,9750,5,,,1,54,,9751,5,,,1,20,,9752,5,,,1,20,,9753,5,,,1,60,,9754,5,,,1,19,,9755,5,,,1,20,,9756,5,,,1,60,,9757,5,,,1,19,,9758,5,,,1,18,,9759,5,,,1,59,,9760,5,,,1,19,,9761,5,,,1,19,,9762,5,,,1,19,,9763,5,,,1
60101,'2',606,,9764,5,,,1,16,,9765,5,,,1,15,,9766,5,,,1,16,,9767,5,,,1,56,,9768,5,,,1,16,,9769,5,,,1,16,,9770,5,,,1,15,,9771,5,,,1,57,,9772,5,,,1,14,,9773,5,,,1,16,,9774,5,,,1,15,,9775,5,,,1,55,,9776,5,,,1,15,,9777,5,,,1,16,,9778,5,,,1,15,,9779,5,,,1,55,,9780,5,,,1,15,,9781,5,,,1,15,,9782,5,,,1,15,,9783,5,,,1,55,,9784,5,,,1,15,,9785,5,,,1,15,,9786,5,,,1,15,,9787,5,,,1,55,,9788,5,,,1,15,,9789,5,,,1,15,,9790,5,,,1,15,,9791,5,,,1,55,,9792,5,,,1,15,,9793,5,,,1,15,,9794,5,,,1,15,,9795,5,,,1,55,,9796,5,,,1,15,,9797,5,,,1,15,,9798,5,,,1,15,,9799,5,,,1,55,,9800,5,,,1,15,,9801,5,,,1,15,,9802,5,,,1,15,,9803,5,,,1,55,,9804,5,,,1,15,,9805,5,,,1,15,,9806,5,,,1,15,,9807,5,,,1,55,,9808,5,,,1,14,,9809,5,,,1,13,,9810,5,,,1,15,,9811,5,,,1,54,,9812,5,,,1,14,,9813,5,,,1,15,,9814,5,,,1,15,,9815,5,,,1,55,,9816,5,,,1,15,,9817,5,,,1,15,,9818,5,,,1,15,,9819,5,,,1,58,,9820,5,,,1,17,,9821,5,,,1,17,,9822,5,,,1,57,,9823,5,,,1,17,,9824,5,,,1,17,,9825,5,,,1,16,,9826,5,,,1,58,,9827,5,,,1,16,,9828,5,,,1,16,,9829,5,,,1,15,,9830,5,,,1,56,,9831,5,,,1,16,,9832,5,,,1,16,,9833,5,,,1,56,,9834,5,,,1
60101,'3',657,,9835,5,,,1,60,,9836,5,,,1,20,,9837,5,,,1,20,,9838,5,,,1,61,,9839,5,,,1,20,,9840,5,,,1,20,,9841,5,,,1,60,,9842,5,,,1,20,,9843,5,,,1,20,,9844,5,,,1,61,,9845,5,,,1,20,,9846,5,,,1,20,,9847,5,,,1,60,,9848,5,,,1,20,,9849,5,,,1,20,,9850,5,,,1,60,,9851,5,,,1,20,,9852,5,,,1,20,,9853,5,,,1,60,,9854,5,,,1,20,,9855,5,,,1,20,,9856,5,,,1,60,,9857,5,,,1,20,,9858,5,,,1,20,,9859,5,,,1,60,,9860,5,,,1,20,,9861,5,,,1,20,,9862,5,,,1,60,,9863,5,,,1,20,,9864,5,,,1,20,,9865,5,,,1,60,,9866,5,,,1,20,,9867,5,,,1,20,,9868,5,,,1,60,,9869,5,,,1,20,,9870,5,,,1,20,,9871,5,,,1,60,,9872,5,,,1,20,,9873,5,,,1,20,,9874,5,,,1,60,,9875,5,,,1,19,,9876,5,,,1,20,,9877,5,,,1,60,,9878,5,,,1,19,,9879,5,,,1,20,,9880,5,,,1,60,,9881,5,,,1,20,,9882,5,,,1,20,,9883,5,,,1,60,,9884,5,,,1,20,,9885,5,,,1,20,,9886,5,,,1,60,,9887,5,,,1
60101,'80',657,,9888,5,,,1,60,,9889,5,,,1,20,,9890,5,,,1,20,,9891,5,,,1,61,,9892,5,,,1,20,,9893,5,,,1,20,,9894,5,,,1,60,,9895,5,,,1,20,,9896,5,,,1,20,,9897,5,,,1,61,,9898,5,,,1,20,,9899,5,,,1,20,,9900,5,,,1,60,,9901,5,,,1,20,,9902,5,,,1,20,,9903,5,,,1,60,,9904,5,,,1,20,,9905,5,,,1,20,,9906,5,,,1,60,,9907,5,,,1,20,,9908,5,,,1,20,,9909,5,,,1,60,,9910,5,,,1,20,,9911,5,,,1,20,,9912,5,,,1,60,,9913,5,,,1,20,,9914,5,,,1,20,,9915,5,,,1,60,,9916,5,,,1,20,,9917,5,,,1,20,,9918,5,,,1,60,,9919,5,,,1,20,,9920,5,,,1,20,,9921,5,,,1,60,,9922,5,,,1,20,,9923,5,,,1,20,,9924,5,,,1,60,,9925,5,,,1,20,,9926,5,,,1,20,,9927,5,,,1,60,,9928,5,,,1,19,,9929,5,,,1,20,,9930,5,,,1,60,,9931,5,,,1,19,,9932,5,,,1,20,,9933,5,,,1,60,,9934,5,,,1,20,,9935,5,,,1,20,,9936,5,,,1,60,,9937,5,,,1,20,,9938,5,,,1,20,,9939,5,,,1,60,,9940,5,,,1
60101,'81',657,,9941,5,,,1,60,,9942,5,,,1,20,,9943,5,,,1,20,,9944,5,,,1,61,,9945,5,,,1,20,,9946,5,,,1,20,,9947,5,,,1,60,,9948,5,,,1,20,,9949,5,,,1,20,,9950,5,,,1,61,,9951,5,,,1,20,,9952,5,,,1,20,,9953,5,,,1,60,,9954,5,,,1,20,,9955,5,,,1,20,,9956,5,,,1,60,,9957,5,,,1,20,,9958,5,,,1,20,,9959,5,,,1,60,,9960,5,,,1,20,,9961,5,,,1,20,,9962,5,,,1,60,,9963,5,,,1,20,,9964,5,,,1,20,,9965,5,,,1,60,,9966,5,,,1,20,,9967,5,,,1,20,,9968,5,,,1,60,,9969,5,,,1,20,,9970,5,,,1,20,,9971,5,,,1,60,,9972,5,,,1,20,,9973,5,,,1,20,,9974,5,,,1,60,,9975,5,,,1,20,,9976,5,,,1,20,,9977,5,,,1,60,,9978,5,,,1,20,,9979,5,,,1,20,,9980,5,,,1,60,,9981,5,,,1,19,,9982,5,,,1,20,,9983,5,,,1,60,,9984,5,,,1,19,,9985,5,,,1,20,,9986,5,,,1,60,,9987,5,,,1,20,,9988,5,,,1,20,,9989,5,,,1,60,,9990,5,,,1,20,,9991,5,,,1,20,,9992,5,,,1,60,,9993,5,,,1
989901,'1',2202,,11627,21,,,1,32,,11628,21,,,1,78,,11629,21,,,1,36,,11630,21,,,1,75,,11631,21,,,1,32,,11632,21,,,1,75,,11633,21,,,1,75,,11634,21,,,1
989901,'2',2208,,11635,21,,,1,93,,11636,21,,,1,43,,11637,21,,,1,91,,11640,21,,,1,85,,11638,21,,,1,86,,11639,21,,,1
989901,'3',2220,,11641,21,,,1,90,,11642,21,,,1,43,,11643,21,,,1,89,,11644,21,,,1,79,,11645,21,,,1,83,,11646,21,,,1
989901,'80',2220,,11647,21,,,1,90,,11648,21,,,1,43,,11649,21,,,1,89,,11650,21,,,1,79,,11651,21,,,1,83,,11652,21,,,1
989901,'81',2220,,11653,21,,,1,90,,11654,21,,,1,43,,11655,21,,,1,89,,11656,21,,,1,79,,11657,21,,,1,83,,11658,21,,,1
