5000,'1',533,,28302,1,,,1,67,,28303,1,,,1,27,,28295,1,,,1,24,,28296,1,,,1,68,,28297,1,,,1,25,,28298,1,,,1,65,,28299,1,,,1,25,,28300,1,,,1,25,,28301,1,,,1,70,,28304,1,,,1,29,,28305,1,,,1,69,,28306,1,,,1,29,,28307,1,,,1,69,,28308,1,,,1,29,,28309,1,,,1,69,,28310,1,,,1,29,,28311,1,,,1,69,,28312,1,,,1,29,,28313,1,,,1,69,,28314,1,,,1,29,,28315,1,,,1,69,,28316,1,,,1,33,,28317,1,,,1,72,,28318,1,,,1,31,,28319,1,,,1,67,,28320,1,,,1,20,,28321,1,,,1,66,,28322,1,,,1,26,,28323,1,,,1,76,,28324,1,,,1,39,,28325,1,,,1,71,,28326,1,,,1,36,,28327,1,,,1,76,,28328,1,,,1,76,,28329,1,,,1,37,,28330,1,,,1
5000,'2',600,,28331,1,,,1,37,,28332,1,,,1,77,,28333,1,,,1,37,,28334,1,,,1,77,,28335,1,,,1,79,,28336,1,,,1,39,,28337,1,,,1,79,,28338,1,,,1,79,,28339,1,,,1,39,,28340,1,,,1,79,,28341,1,,,1,79,,28342,1,,,1,38,,28343,1,,,1,78,,28344,1,,,1,39,,28345,1,,,1,79,,28346,1,,,1,79,,28347,1,,,1,30,,28348,1,,,1,77,,28349,1,,,1,38,,28350,1,,,1,79,,28351,1,,,1,74,,28352,1,,,1,34,,28353,1,,,1,74,,28354,1,,,1,34,,28355,1,,,1,74,,28356,1,,,1,74,,28357,1,,,1,34,,28358,1,,,1
5000,'3',600,,28359,1,,,1,44,,28360,1,,,1,84,,28361,1,,,1,84,,28362,1,,,1,44,,28363,1,,,1,87,,28364,1,,,1,87,,28365,1,,,1,87,,28366,1,,,1,87,,28367,1,,,1,47,,28368,1,,,1,87,,28369,1,,,1,87,,28370,1,,,1,87,,28371,1,,,1,47,,28372,1,,,1,88,,28373,1,,,1,85,,28374,1,,,1,85,,28375,1,,,1,85,,28376,1,,,1,45,,28377,1,,,1,84,,28378,1,,,1,85,,28381,1,,,1,41,,28380,1,,,1,81,,28379,1,,,1
5000,'74',600,,28382,1,,,1,37,,28383,1,,,1,77,,28384,1,,,1,37,,28385,1,,,1,77,,28386,1,,,1,79,,28387,1,,,1,39,,28388,1,,,1,79,,28389,1,,,1,79,,28390,1,,,1,39,,28391,1,,,1,79,,28392,1,,,1,79,,28393,1,,,1,38,,28394,1,,,1,78,,28395,1,,,1,39,,28396,1,,,1,79,,28397,1,,,1,79,,28398,1,,,1,30,,28399,1,,,1,77,,28400,1,,,1,38,,28401,1,,,1,79,,28402,1,,,1,74,,28403,1,,,1,34,,28404,1,,,1,74,,28405,1,,,1,34,,28406,1,,,1,74,,28407,1,,,1,74,,28408,1,,,1,34,,28409,1,,,1
5000,'80',600,,28410,1,,,1,44,,28411,1,,,1,84,,28412,1,,,1,84,,28413,1,,,1,44,,28414,1,,,1,87,,28415,1,,,1,87,,28416,1,,,1,87,,28417,1,,,1,87,,28418,1,,,1,47,,28419,1,,,1,87,,28420,1,,,1,87,,28421,1,,,1,87,,28422,1,,,1,47,,28423,1,,,1,88,,28424,1,,,1,85,,28425,1,,,1,85,,28426,1,,,1,85,,28427,1,,,1,45,,28428,1,,,1,84,,28429,1,,,1,85,,28432,1,,,1,41,,28431,1,,,1,81,,28430,1,,,1
5001,'1',516,,28440,109,4,,1,36,,28441,109,4,,1,67,,28433,109,4,,1,24,,28434,109,4,,1,69,,28435,109,4,,1,25,,28436,109,4,,1,65,,28437,109,4,,1,25,,28438,109,4,,1,25,,28439,109,4,,1,69,,28442,109,4,,1,29,,28443,109,4,,1,69,,28444,109,4,,1,29,,28445,109,4,,1,69,,28446,109,4,,1,29,,28447,109,4,,1,69,,28448,109,4,,1,26,,28449,109,4,,1,69,,28450,109,4,,1,29,,28451,109,4,,1,69,,28452,109,4,,1,29,,28453,109,4,,1,71,,28454,109,4,,1,35,,28455,109,4,,1,74,,28456,109,4,,1,28,,28457,109,4,,1,69,,28458,109,4,,1,20,,28459,109,4,,1,22,,28460,109,4,,1,66,,28461,109,4,,1,80,,28462,109,4,,1,39,,28463,109,4,,1,70,,28464,109,4,,1,36,,28465,109,4,,1,76,,28466,109,4,,1,36,,28467,109,4,,1,79,,28468,109,4,,1,68,,28469,109,4,,1,34,,28470,109,4,,1
5001,'2',743,,28497,109,4,,1,77,,28498,109,4,,1,37,,28471,109,4,,1,77,,28472,109,4,,1,77,,28473,109,4,,1,43,,28474,109,4,,1,77,,28475,109,4,,1,84,,28476,109,4,,1,39,,28477,109,4,,1,79,,28478,109,4,,1,79,,28479,109,4,,1,39,,28480,109,4,,1,79,,28481,109,4,,1,79,,28482,109,4,,1,28,,28483,109,4,,1,78,,28484,109,4,,1,39,,28485,109,4,,1,79,,28486,109,4,,1,70,,28487,109,4,,1,33,,28488,109,4,,1,73,,28489,109,4,,1,37,,28490,109,4,,1,77,,28491,109,4,,1,34,,28492,109,4,,1,74,,28493,109,4,,1,74,,28494,109,4,,1,34,,28495,109,4,,1,74,,28496,109,4,,1
5001,'3',806,,28504,109,4,,1,44,,28499,109,4,,1,84,,28500,109,4,,1,84,,28501,109,4,,1,90,,28502,109,4,,1,44,,28503,109,4,,1,93,,28505,109,4,,1,87,,28506,109,4,,1,87,,28507,109,4,,1,87,,28508,109,4,,1,47,,28509,109,4,,1,87,,28510,109,4,,1,87,,28511,109,4,,1,78,,28512,109,4,,1,47,,28513,109,4,,1,89,,28514,109,4,,1,85,,28515,109,4,,1,85,,28516,109,4,,1,37,,28517,109,4,,1,85,,28518,109,4,,1,80,,28519,109,4,,1,40,,28520,109,4,,1
5001,'74',743,,28547,109,4,,1,77,,28548,109,4,,1,37,,28521,109,4,,1,77,,28522,109,4,,1,77,,28523,109,4,,1,43,,28524,109,4,,1,77,,28525,109,4,,1,84,,28526,109,4,,1,39,,28527,109,4,,1,79,,28528,109,4,,1,79,,28529,109,4,,1,39,,28530,109,4,,1,79,,28531,109,4,,1,79,,28532,109,4,,1,28,,28533,109,4,,1,78,,28534,109,4,,1,39,,28535,109,4,,1,79,,28536,109,4,,1,70,,28537,109,4,,1,33,,28538,109,4,,1,73,,28539,109,4,,1,37,,28540,109,4,,1,77,,28541,109,4,,1,34,,28542,109,4,,1,74,,28543,109,4,,1,74,,28544,109,4,,1,34,,28545,109,4,,1,74,,28546,109,4,,1
5001,'80',806,,28570,109,4,,1,44,,28549,109,4,,1,84,,28550,109,4,,1,84,,28551,109,4,,1,90,,28552,109,4,,1,44,,28553,109,4,,1,93,,28554,109,4,,1,87,,28555,109,4,,1,87,,28556,109,4,,1,87,,28557,109,4,,1,47,,28558,109,4,,1,87,,28559,109,4,,1,87,,28560,109,4,,1,78,,28561,109,4,,1,47,,28562,109,4,,1,89,,28563,109,4,,1,85,,28564,109,4,,1,85,,28565,109,4,,1,37,,28566,109,4,,1,85,,28567,109,4,,1,80,,28568,109,4,,1,40,,28569,109,4,,1
