8101,'1',1524,,5297,31,,,1,86,,5296,31,,,1,39,,5295,31,,,1,79,,5294,31,,,1,77,,5293,31,,,1,37,,5292,31,,,1,75,,5291,31,,,1,38,,5290,31,,,1
9801,'1',542,,7165,49,,,1,75,,7164,49,,,1,38,,7163,49,,,1,75,,7162,49,,,1,76,,7161,49,,,1,35,,7160,49,,,1,75,,7159,49,,,1,35,,7158,49,,,1,75,,7171,49,,,1,101,,7170,49,,,1,98,,7169,49,,,1,98,,7168,49,,,1,102,,7167,49,,,1,80,,7166,49,,,1,40,,7181,49,,,1,80,,7180,49,,,1,80,,7179,49,,,1,40,,7178,49,,,1,80,,7177,49,,,1,76,,7176,49,,,1,38,,7175,49,,,1,91,,7174,49,,,1,86,,7173,49,,,1,88,,7172,49,,,1
9801,'2',549,,7200,49,,,1,86,,7199,49,,,1,86,,7198,49,,,1,86,,7197,49,,,1,48,,7196,49,,,1,97,,7195,49,,,1,94,,7194,49,,,1,98,,7193,49,,,1,94,,7192,49,,,1,102,,7191,49,,,1,98,,7190,49,,,1,98,,7189,49,,,1,95,,7188,49,,,1,98,,7187,49,,,1,98,,7186,49,,,1,94,,7185,49,,,1,85,,7184,49,,,1,49,,7183,49,,,1,87,,7182,49,,,1
9801,'3',732,,7217,49,,,1,88,,7218,49,,,1,90,,7216,49,,,1,48,,7215,49,,,1,88,,7214,49,,,1,96,,7213,49,,,1,93,,7212,49,,,1,93,,7211,49,,,1,95,,7210,49,,,1,93,,7209,49,,,1,93,,7208,49,,,1,93,,7207,49,,,1,53,,7206,49,,,1,90,,7205,49,,,1,85,,7204,49,,,1,86,,7203,49,,,1,87,,7202,49,,,1,48,,7201,49,,,1
9801,'80',732,,7235,49,,,1,88,,7236,49,,,1,90,,7234,49,,,1,48,,7233,49,,,1,88,,7232,49,,,1,96,,7231,49,,,1,93,,7230,49,,,1,93,,7229,49,,,1,95,,7228,49,,,1,93,,7227,49,,,1,93,,7226,49,,,1,93,,7225,49,,,1,53,,7224,49,,,1,90,,7223,49,,,1,85,,7222,49,,,1,86,,7221,49,,,1,87,,7220,49,,,1,48,,7219,49,,,1
9801,'81',732,,7253,49,,,1,88,,7254,49,,,1,90,,7252,49,,,1,48,,7251,49,,,1,88,,7250,49,,,1,96,,7249,49,,,1,93,,7248,49,,,1,93,,7247,49,,,1,95,,7246,49,,,1,93,,7245,49,,,1,93,,7244,49,,,1,93,,7243,49,,,1,53,,7242,49,,,1,90,,7241,49,,,1,85,,7240,49,,,1,86,,7239,49,,,1,87,,7238,49,,,1,48,,7237,49,,,1
989901,'1',2221,,11627,49,,,1,31,,11628,49,,,1,78,,11629,49,,,1,75,,11630,49,,,1,35,,11631,49,,,1,71,,11632,49,,,1,35,,11633,49,,,1,75,,11634,49,,,1
989901,'2',2227,,11635,49,,,1,91,,11636,49,,,1,82,,11637,49,,,1,51,,11640,49,,,1,85,,11638,49,,,1,86,,11639,49,,,1
989901,'3',2239,,11641,49,,,1,87,,11642,49,,,1,83,,11643,49,,,1,49,,11644,49,,,1,79,,11645,49,,,1,83,,11646,49,,,1
989901,'80',2239,,11647,49,,,1,87,,11648,49,,,1,83,,11649,49,,,1,49,,11650,49,,,1,79,,11651,49,,,1,83,,11652,49,,,1
989901,'81',2239,,11653,49,,,1,87,,11654,49,,,1,83,,11655,49,,,1,49,,11656,49,,,1,79,,11657,49,,,1,83,,11658,49,,,1
