1601,'1',523,,26620,14,,,1,22,,26621,14,,,1,62,,26622,14,,,1,21,,26623,14,,,1,5,,26588,55,,,1,67,,26587,55,,,1,22,,26579,55,,,1,22,,26580,55,,,1,69,,26581,55,,,1,22,,26582,55,,,1,22,,26583,55,,,1,62,,26584,55,,,1,9,,26585,55,,,1,26,,26586,55,,,1,61,,26599,55,,,1,24,,26598,55,,,1,68,,26589,55,,,1,32,,26590,55,,,1,71,,26591,55,,,1,29,,26592,55,,,1,71,,26593,55,,,1,31,,26594,55,,,1,69,,26595,55,,,1,24,,26624,14,,,1,13,,26596,55,,,1,70,,26597,55,,,1,21,,26616,55,,,1,63,,26615,55,,,1,23,,26600,55,,,1,17,,26601,55,,,1,69,,26602,55,,,1,24,,26603,55,,,1,23,,26604,55,,,1,63,,26605,55,,,1,21,,26606,55,,,1,63,,26607,55,,,1,15,,26608,55,,,1,23,,26609,55,,,1,63,,26610,55,,,1,23,,26611,55,,,1,23,,26612,55,,,1,63,,26613,55,,,1,19,,26614,55,,,1,68,,26619,55,,,1,34,,26617,55,,,1,70,,26618,55,,,1,34,,26625,55,,,1
1601,'2',631,,26652,14,,,1,78,,26653,14,,,1,30,,26635,55,,,1,80,,26626,55,,,1,38,,26627,55,,,1,79,,26628,55,,,1,78,,26629,55,,,1,38,,26630,55,,,1,78,,26631,55,,,1,80,,26632,55,,,1,38,,26633,55,,,1,78,,26634,55,,,1,83,,26644,55,,,1,42,,26636,55,,,1,81,,26637,55,,,1,81,,26638,55,,,1,39,,26639,55,,,1,81,,26640,55,,,1,81,,26641,55,,,1,41,,26642,55,,,1,77,,26643,55,,,1,80,,26651,55,,,1,32,,26645,55,,,1,76,,26646,55,,,1,38,,26647,55,,,1,71,,26648,55,,,1,76,,26649,55,,,1,33,,26650,55,,,1
1601,'3',820,,26654,55,,,1,95,,26655,55,,,1,97,,26656,55,,,1,95,,26657,55,,,1,95,,26658,55,,,1,55,,26659,55,,,1,99,,26660,55,,,1,95,,26661,55,,,1,98,,26662,55,,,1,98,,26663,55,,,1,97,,26664,55,,,1,92,,26665,55,,,1,90,,26666,55,,,1,92,,26667,55,,,1,92,,26668,55,,,1,49,,26669,55,,,1
1601,'74',631,,26696,14,,,1,78,,26697,14,,,1,30,,26679,55,,,1,80,,26670,55,,,1,38,,26671,55,,,1,79,,26672,55,,,1,78,,26673,55,,,1,38,,26674,55,,,1,78,,26675,55,,,1,80,,26676,55,,,1,38,,26677,55,,,1,78,,26678,55,,,1,83,,26688,55,,,1,42,,26680,55,,,1,81,,26681,55,,,1,81,,26682,55,,,1,39,,26683,55,,,1,81,,26684,55,,,1,81,,26685,55,,,1,41,,26686,55,,,1,77,,26687,55,,,1,80,,26695,55,,,1,32,,26689,55,,,1,76,,26690,55,,,1,38,,26691,55,,,1,71,,26692,55,,,1,76,,26693,55,,,1,33,,26694,55,,,1
1601,'80',820,,26698,55,,,1,95,,26699,55,,,1,97,,26700,55,,,1,95,,26701,55,,,1,95,,26702,55,,,1,55,,26703,55,,,1,99,,26704,55,,,1,95,,26705,55,,,1,98,,26706,55,,,1,98,,26707,55,,,1,97,,26708,55,,,1,92,,26709,55,,,1,90,,26710,55,,,1,92,,26711,55,,,1,92,,26712,55,,,1,49,,26713,55,,,1
8501,'1',448,,29840,2,,,1,56,,29839,2,,,1,15,,29801,14,,,1,16,,29800,14,,,1,16,,29799,14,,,1,56,,29798,14,,,1,16,,29797,14,,,1,16,,29796,14,,,1,16,,29795,14,,,1,56,,29787,14,,,1,16,,29788,14,,,1,16,,29789,14,,,1,16,,29790,14,,,1,56,,29791,14,,,1,16,,29792,14,,,1,16,,29793,14,,,1,55,,29794,14,,,1,26,,29811,14,,,1,25,,29810,14,,,1,64,,29809,14,,,1,25,,29802,14,,,1,65,,29803,14,,,1,25,,29804,14,,,1,25,,29805,14,,,1,64,,29806,14,,,1,25,,29807,14,,,1,65,,29808,14,,,1,25,,29812,14,,,1,65,,29813,14,,,1,22,,29814,14,,,1,16,,29841,14,,,1,16,,29842,14,,,1,56,,29831,14,,,1,14,,29830,14,,,1,16,,29829,14,,,1,61,,29828,14,,,1,17,,29827,14,,,1,16,,29815,14,,,1,19,,29816,14,,,1,53,,29817,14,,,1,19,,29818,14,,,1,16,,29819,14,,,1,11,,29820,14,,,1,59,,29821,14,,,1,13,,29822,14,,,1,16,,29823,14,,,1,16,,29824,14,,,1,57,,29825,14,,,1,20,,29826,14,,,1,72,,29834,14,,,1,28,,29833,14,,,1,25,,29832,14,,,1,62,,29838,14,,,1,29,,29837,14,,,1,71,,29835,14,,,1,32,,29836,14,,,1
8501,'2',641,,29858,14,,,1,70,,29859,14,,,1,30,,29860,14,,,1,71,,29861,14,,,1,30,,29862,14,,,1,70,,29863,14,,,1,30,,29864,14,,,1,70,,29865,14,,,1,30,,29866,14,,,1,70,,29843,14,,,1,23,,29844,14,,,1,65,,29845,14,,,1,23,,29846,14,,,1,23,,29847,14,,,1,63,,29848,14,,,1,23,,29849,14,,,1,23,,29850,14,,,1,63,,29851,14,,,1,23,,29852,14,,,1,63,,29853,14,,,1,23,,29854,14,,,1,23,,29855,14,,,1,63,,29856,14,,,1,21,,29857,14,,,1,21,,29867,14,,,1,62,,29868,14,,,1,23,,29869,14,,,1,61,,29870,14,,,1,21,,29871,14,,,1,18,,29872,14,,,1,61,,29873,14,,,1,21,,29874,14,,,1,21,,29875,14,,,1,61,,29876,14,,,1,21,,29877,14,,,1,21,,29878,14,,,1,61,,29879,14,,,1,30,,29880,14,,,1,70,,29881,14,,,1,30,,29882,14,,,1
8501,'3',834,,29885,14,,,1,81,,29886,14,,,1,40,,29887,14,,,1,80,,29888,14,,,1,83,,29889,14,,,1,83,,29890,14,,,1,43,,29891,14,,,1,83,,29892,14,,,1,83,,29893,14,,,1,43,,29894,14,,,1,83,,29895,14,,,1,80,,29896,14,,,1,42,,29897,14,,,1,84,,29898,14,,,1,76,,29899,14,,,1,41,,29900,14,,,1,83,,29901,14,,,1,79,,29883,14,,,1,81,,29884,14,,,1
8501,'74',641,,29902,14,,,1,70,,29903,14,,,1,30,,29904,14,,,1,71,,29905,14,,,1,30,,29906,14,,,1,70,,29907,14,,,1,30,,29908,14,,,1,70,,29909,14,,,1,30,,29910,14,,,1,70,,29911,14,,,1,23,,29912,14,,,1,65,,29913,14,,,1,23,,29914,14,,,1,23,,29915,14,,,1,63,,29916,14,,,1,23,,29917,14,,,1,23,,29918,14,,,1,63,,29919,14,,,1,23,,29920,14,,,1,63,,29921,14,,,1,23,,29922,14,,,1,23,,29923,14,,,1,63,,29924,14,,,1,21,,29925,14,,,1,21,,29926,14,,,1,62,,29927,14,,,1,23,,29928,14,,,1,61,,29929,14,,,1,21,,29930,14,,,1,18,,29931,14,,,1,61,,29932,14,,,1,21,,29933,14,,,1,21,,29934,14,,,1,61,,29935,14,,,1,21,,29936,14,,,1,21,,29937,14,,,1,61,,29938,14,,,1,30,,29939,14,,,1,70,,29940,14,,,1,30,,29941,14,,,1
8501,'80',834,,29942,14,,,1,81,,29943,14,,,1,40,,29944,14,,,1,80,,29945,14,,,1,83,,29946,14,,,1,83,,29947,14,,,1,43,,29948,14,,,1,83,,29949,14,,,1,83,,29950,14,,,1,43,,29951,14,,,1,83,,29952,14,,,1,80,,29953,14,,,1,42,,29954,14,,,1,84,,29955,14,,,1,76,,29958,14,,,1,41,,29959,14,,,1,83,,29960,14,,,1,79,,29956,14,,,1,81,,29957,14,,,1
