9800,'1',612,,7091,14,,,1,35,,7090,14,,,1,73,,7089,14,,,1,35,,7088,14,,,1,75,,7087,14,,,1,75,,7086,14,,,1,98,,7082,14,,,1,98,,7079,14,,,1,54,,7084,14,,,1,98,,7083,14,,,1,80,,7071,14,,,1,77,,7081,14,,,1,40,,7080,14,,,1,80,,7078,14,,,1,80,,7077,14,,,1,40,,7076,14,,,1,86,,7075,14,,,1,80,,7074,14,,,1,95,,7073,14,,,1,91,,7072,14,,,1,50,,7085,14,,,1
9800,'2',612,,7109,14,,,1,46,,7108,14,,,1,84,,7107,14,,,1,94,,7106,14,,,1,92,,7105,14,,,1,90,,7104,14,,,1,94,,7103,14,,,1,98,,7102,14,,,1,98,,7101,14,,,1,96,,7100,14,,,1,98,,7099,14,,,1,98,,7098,14,,,1,101,,7097,14,,,1,102,,7096,14,,,1,49,,7095,14,,,1,93,,7094,14,,,1,89,,7093,14,,,1,85,,7092,14,,,1
9800,'3',757,,7125,14,,,1,88,,7124,14,,,1,88,,7123,14,,,1,91,,7122,14,,,1,93,,7121,14,,,1,89,,7120,14,,,1,53,,7119,14,,,1,93,,7118,14,,,1,93,,7117,14,,,1,93,,7116,14,,,1,93,,7115,14,,,1,98,,7114,14,,,1,88,,7113,14,,,1,91,,7112,14,,,1,47,,7111,14,,,1,88,,7110,14,,,1
9800,'80',757,,7141,14,,,1,88,,7140,14,,,1,88,,7139,14,,,1,91,,7138,14,,,1,93,,7137,14,,,1,89,,7136,14,,,1,53,,7135,14,,,1,93,,7134,14,,,1,93,,7133,14,,,1,93,,7132,14,,,1,93,,7131,14,,,1,98,,7130,14,,,1,88,,7129,14,,,1,91,,7128,14,,,1,47,,7127,14,,,1,88,,7126,14,,,1
9800,'81',757,,7157,14,,,1,88,,7156,14,,,1,88,,7155,14,,,1,91,,7154,14,,,1,93,,7153,14,,,1,89,,7152,14,,,1,53,,7151,14,,,1,93,,7150,14,,,1,93,,7149,14,,,1,93,,7148,14,,,1,93,,7147,14,,,1,98,,7146,14,,,1,88,,7145,14,,,1,91,,7144,14,,,1,47,,7143,14,,,1,88,,7142,14,,,1
42900,'24611.1',723,,9257,9,,,1
42901,'24611.1',1501,,9258,39,,,1
43300,'24611.1',745,,9265,17,,,1
910200,'1',1601,,11562,36,,,1,43,,11570,36,,,1,85,,11566,36,,,1,85,,11567,36,,,1,43,,11568,36,,,1
989900,'1',2117,,11580,57,,,1,34,,11581,57,,,1,78,,11582,57,,,1,78,,11583,57,,,1,35,,11584,57,,,1,71,,11585,57,,,1,35,,11586,57,,,1,75,,11587,57,,,1,36,,11588,57,0,5 6,1,75,,11589,57,0,5 6,1,79,,11590,57,0,5 6,1
989900,'2',2121,,11591,57,,,1,94,,11592,57,,,1,86,,11593,57,,,1,52,,11594,57,,,1,86,,11595,57,,,1,86,,11596,57,,,1,84,,11597,57,0,5 6,1,46,,11598,57,0,5 6,1,86,,11599,57,0,5 6,1
989900,'3',2137,,11600,57,,,1,90,,11601,57,,,1,85,,11602,57,,,1,90,,11603,57,,,1,40,,11604,57,,,1,83,,11605,57,,,1,79,,11606,57,0,5 6,1,43,,11607,57,0,5 6,1,83,,11608,57,0,5 6,1
989900,'80',2137,,11609,57,,,1,90,,11610,57,,,1,85,,11611,57,,,1,90,,11612,57,,,1,40,,11613,57,,,1,83,,11614,57,,,1,79,,11615,57,0,5 6,1,43,,11616,57,0,5 6,1,83,,11617,57,0,5 6,1
989900,'81',2137,,11618,57,,,1,90,,11619,57,,,1,85,,11620,57,,,1,90,,11621,57,,,1,40,,11622,57,,,1,83,,11623,57,,,1,79,,11624,57,0,5 6,1,43,,11625,57,0,5 6,1,83,,11626,57,0,5 6,1
