8000,'1',543,,29334,1,,,1,69,,29335,1,,,1,29,,29336,1,,,1,69,,29337,1,,,1,29,,29338,1,,,1,69,,29339,1,,,1,29,,29340,1,,,1,69,,29341,1,,,1,29,,29343,1,,,1,90,,29342,1,,,1,90,,29316,1,,,1,90,,29344,1,,,1,50,,29321,1,,,1,88,,29322,1,,,1,64,,29346,1,,,1,28,,29323,1,,,1,69,,29324,1,,,1,29,,29325,1,,,1,69,,29326,1,,,1,29,,29327,1,,,1,69,,29328,1,,,1,29,,29329,1,,,1,29,,29330,1,,,1,69,,29331,1,,,1,29,,29332,1,,,1,69,,29345,1,,,1,89,,29317,1,,,1,89,,29318,1,,,1,49,,29319,1,,,1,89,,29320,1,,,1,89,,29333,1,,,1
8000,'2',656,,29347,1,,,1,84,,29348,1,,,1,95,,29349,1,,,1,98,,29350,1,,,1,98,,29351,1,,,1,98,,29352,1,,,1,96,,29353,1,,,1,98,,29354,1,,,1,98,,29355,1,,,1,98,,29356,1,,,1,98,,29357,1,,,1,97,,29358,1,,,1,98,,29359,1,,,1,96,,29360,1,,,1,93,,29361,1,,,1
8000,'3',921,,29362,1,,,1,87,,29363,1,,,1,49,,29364,1,,,1,91,,29365,1,,,1,93,,29366,1,,,1,93,,29367,1,,,1,93,,29368,1,,,1,93,,29369,1,,,1,91,,29370,1,,,1,91,,29371,1,,,1,51,,29372,1,,,1,87,,29373,1,,,1,85,,29374,1,,,1,85,,29375,1,,,1,45,,29376,1,,,1,85,,29377,1,,,1
8000,'74',656,,29378,1,,,1,84,,29379,1,,,1,95,,29380,1,,,1,98,,29381,1,,,1,98,,29382,1,,,1,98,,29383,1,,,1,96,,29384,1,,,1,98,,29385,1,,,1,98,,29386,1,,,1,98,,29387,1,,,1,98,,29388,1,,,1,97,,29389,1,,,1,98,,29390,1,,,1,96,,29391,1,,,1,93,,29392,1,,,1
8000,'80',921,,29393,1,,,1,87,,29394,1,,,1,49,,29395,1,,,1,91,,29396,1,,,1,93,,29397,1,,,1,93,,29398,1,,,1,93,,29399,1,,,1,93,,29400,1,,,1,91,,29401,1,,,1,91,,29402,1,,,1,51,,29403,1,,,1,87,,29404,1,,,1,85,,29405,1,,,1,85,,29406,1,,,1,45,,29407,1,,,1,85,,29408,1,,,1
8001,'1',538,,29413,26,4,,1,69,,29412,26,4,,1,24,,29414,26,4,,1,69,,29415,26,4,,1,29,,29416,26,4,,1,29,,29417,26,4,,1,72,,29418,26,4,,1,29,,29419,26,4,,1,67,,29420,26,4,,1,23,,29421,26,4,,1,69,,29411,26,4,,1,90,,29428,26,4,,1,50,,29429,26,4,,1,90,,29430,26,4,,1,90,,29431,26,4,,1,92,,29432,26,4,,1,27,,29439,26,4,,1,68,,29433,26,4,,1,29,,29434,26,4,,1,69,,29435,26,4,,1,29,,29436,26,4,,1,69,,29437,26,4,,1,29,,29438,26,4,,1,69,,29422,26,4,,1,29,,29423,26,4,,1,69,,29424,26,4,,1,90,,29410,26,4,,1,49,,29425,26,4,,1,87,,29426,26,4,,1,89,,29427,26,4,,1,89,,29409,26,4,,1
8001,'2',645,,29440,26,4,,1,87,,29441,26,4,,1,86,,29442,26,4,,1,99,,29443,26,4,,1,100,,29444,26,4,,1,98,,29445,26,4,,1,98,,29446,26,4,,1,99,,29447,26,4,,1,99,,29448,26,4,,1,98,,29449,26,4,,1,98,,29450,26,4,,1,99,,29451,26,4,,1,98,,29452,26,4,,1,98,,29453,26,4,,1,51,,29454,26,4,,1,93,,29455,26,4,,1
8001,'3',914,,29456,26,4,,1,87,,29457,26,4,,1,49,,29458,26,4,,1,91,,29459,26,4,,1,93,,29460,26,4,,1,93,,29461,26,4,,1,93,,29462,26,4,,1,93,,29463,26,4,,1,91,,29464,26,4,,1,51,,29465,26,4,,1,91,,29466,26,4,,1,87,,29467,26,4,,1,85,,29468,26,4,,1,85,,29469,26,4,,1,45,,29470,26,4,,1,85,,29471,26,4,,1
8001,'74',645,,29472,26,4,,1,87,,29473,26,4,,1,86,,29474,26,4,,1,99,,29475,26,4,,1,100,,29476,26,4,,1,98,,29477,26,4,,1,98,,29478,26,4,,1,99,,29479,26,4,,1,99,,29480,26,4,,1,98,,29481,26,4,,1,98,,29482,26,4,,1,99,,29483,26,4,,1,98,,29484,26,4,,1,98,,29485,26,4,,1,51,,29486,26,4,,1,93,,29487,26,4,,1
8001,'80',914,,29488,26,4,,1,87,,29489,26,4,,1,49,,29490,26,4,,1,91,,29491,26,4,,1,93,,29492,26,4,,1,93,,29493,26,4,,1,93,,29494,26,4,,1,93,,29495,26,4,,1,91,,29496,26,4,,1,51,,29497,26,4,,1,91,,29498,26,4,,1,87,,29499,26,4,,1,85,,29500,26,4,,1,85,,29501,26,4,,1,45,,29502,26,4,,1,85,,29503,26,4,,1
8801,'1',528,,30342,1,,,1
