300,'1',1021,,447,4,4,,1,1187,,448,4,4,,1
300,'2',2244,,449,4,4,,1
300,'3',2222,,464,4,4,,1
300,'80',2222,,478,4,4,,1
300,'81',2222,,492,4,4,,1
301,'1',516,,507,6,,,1,32,,508,6,,,1,72,,509,6,,,1,32,,510,6,,,1,72,,511,6,,,1,34,,512,6,,,1,72,,513,6,,,1,71,,514,6,,,1,32,,506,6,,,1,77,,530,6,,,1,46,,515,6,,,1,86,,516,6,,,1,86,,517,6,,,1,86,,518,6,,,1,86,,519,6,,,1,46,,520,6,,,1,67,,521,6,,,1,32,,522,6,,,1,72,,523,6,,,1,32,,524,6,,,1,72,,525,6,,,1,32,,526,6,,,1,71,,527,6,,,1,32,,528,6,,,1,66,,529,6,,,1,29,,535,6,,,1,66,,532,6,,,1,83,,533,6,,,1,40,,534,6,0,25 26,1
301,'2',754,,538,6,,,1,103,,537,6,,,1,143,,542,6,,,1,105,,539,6,,,1,105,,540,6,,,1,105,,541,6,,,1,105,,543,6,,,1,106,,544,6,,,1,106,,545,6,,,1,106,,546,6,,,1,106,,547,6,,,1,102,,548,6,,,1,102,,549,6,,,1,102,,536,6,0,25 26,1
301,'3',914,,557,6,,,1,102,,556,6,,,1,102,,555,6,,,1,102,,554,6,,,1,102,,553,6,,,1,102,,552,6,,,1,102,,551,6,,,1,102,,550,6,,,1,102,,562,6,,,1,102,,561,6,,,1,102,,560,6,,,1,98,,559,6,,,1,98,,558,6,0,25 26,1
301,'80',914,,570,6,,,1,102,,569,6,,,1,102,,568,6,,,1,102,,567,6,,,1,102,,566,6,,,1,102,,565,6,,,1,102,,564,6,,,1,102,,563,6,,,1,102,,573,6,,,1,102,,572,6,,,1,102,,571,6,,,1,98,,575,6,,,1,98,,574,6,0,25 26,1
301,'81',914,,583,6,,,1,102,,582,6,,,1,102,,581,6,,,1,102,,580,6,,,1,102,,579,6,,,1,102,,578,6,,,1,102,,577,6,,,1,102,,576,6,,,1,102,,588,6,,,1,102,,587,6,,,1,102,,586,6,,,1,98,,585,6,,,1,98,,584,6,0,25 26,1
41201,'24612.1',1533,,9220,18,,,1
41300,'24611.1',740,,9221,4,,,1
41301,'24611.1',1509,,9222,30,,,1,1,,9223,30,,,1
