100,'1',400,,23457,23,,,1,38,,23456,23,,,1,71,,23455,23,,,1,42,,23483,38,,,1,78,,23482,38,,,1,78,,23480,38,,,1,38,,23481,38,,,1,74,,23479,38,,,1,35,,23478,38,,,1,75,,23477,38,,,1,110,,23476,38,,,1,113,,23475,38,,,1,152,,23474,38,,,1,116,,23473,38,,,1,87,,23484,38,,,1,42,,23472,38,,,1,71,,23471,38,,,1,37,,23470,38,,,1,71,,23469,38,,,1,74,,23468,38,,,1,34,,23467,38,,,1,66,,23466,38,,,1,25,,23465,38,,,1,98,,23464,38,,,1,102,,23463,38,,,1,100,,23462,38,,,1,91,,23461,38,,,1,95,,23460,38,,,1,89,,23459,38,,,1,55,,23458,38,,,1
100,'74',601,,23507,23,,,1,56,,23485,38,,,1,143,,23486,38,,,1,107,,23487,38,,,1,103,,23488,38,,,1,110,,23489,38,,,1,95,,23490,38,,,1,87,,23491,38,,,1,103,,23492,38,,,1,52,,23493,38,,,1,92,,23494,38,,,1,92,,23495,38,,,1,86,,23496,38,,,1,92,,23497,38,,,1,91,,23498,38,,,1,42,,23499,38,,,1,92,,23500,38,,,1,90,,23501,38,,,1,97,,23502,38,,,1,97,,23503,38,,,1,94,,23504,38,,,1,93,,23505,38,,,1,97,,23506,38,,,1
100,'80',751,,23523,23,,,1,91,,23508,38,,,1,158,,23509,38,,,1,115,,23510,38,,,1,115,,23511,38,,,1,115,,23512,38,,,1,112,,23513,38,,,1,147,,23514,38,,,1,112,,23515,38,,,1,110,,23516,38,,,1,109,,23517,38,,,1,96,,23518,38,,,1,99,,23519,38,,,1,99,,23520,38,,,1,94,,23521,38,,,1,99,,23522,38,,,1
100,'35296.2',601,,23546,23,,,1,56,,23524,38,,,1,143,,23525,38,,,1,107,,23526,38,,,1,103,,23527,38,,,1,110,,23528,38,,,1,95,,23529,38,,,1,87,,23530,38,,,1,103,,23531,38,,,1,52,,23532,38,,,1,92,,23533,38,,,1,92,,23534,38,,,1,86,,23535,38,,,1,92,,23536,38,,,1,91,,23537,38,,,1,42,,23538,38,,,1,92,,23539,38,,,1,90,,23540,38,,,1,97,,23541,38,,,1,97,,23542,38,,,1,94,,23543,38,,,1,93,,23544,38,,,1,97,,23545,38,,,1
100,'35296.3',751,,23562,23,,,1,91,,23547,38,,,1,158,,23548,38,,,1,115,,23549,38,,,1,115,,23550,38,,,1,115,,23551,38,,,1,112,,23552,38,,,1,147,,23553,38,,,1,112,,23554,38,,,1,110,,23555,38,,,1,109,,23556,38,,,1,96,,23557,38,,,1,99,,23558,38,,,1,99,,23559,38,,,1,94,,23560,38,,,1,99,,23561,38,,,1
100,'35298.2',601,,23615,23,,,1,56,,23614,38,,,1,77,,23563,38,,,1,17,,23564,38,,,1,61,,23565,38,,,1,17,,23566,38,,,1,17,,23567,38,,,1,57,,23568,38,,,1,17,,23569,38,,,1,17,,23570,38,,,1,17,,23571,38,,,1,57,,23572,38,,,1,17,,23573,38,,,1,24,,23574,38,,,1,57,,23575,38,,,1,17,,23576,38,,,1,17,,23577,38,,,1,60,,23578,38,,,1,17,,23579,38,,,1,17,,23580,38,,,1,17,,23581,38,,,1,63,,23582,38,,,1,17,,23583,38,,,1,17,,23584,38,,,1,57,,23585,38,,,1,17,,23586,38,,,1,17,,23587,38,,,1,17,,23588,38,,,1,57,,23589,38,,,1,17,,23590,38,,,1,17,,23591,38,,,1,57,,23592,38,,,1,17,,23593,38,,,1,17,,23594,38,,,1,11,,23595,38,,,1,57,,23596,38,,,1,17,,23597,38,,,1,17,,23598,38,,,1,57,,23599,38,,,1,17,,23600,38,,,1,17,,23601,38,,,1,16,,23602,38,,,1,57,,23603,38,,,1,17,,23604,38,,,1,17,,23605,38,,,1,11,,23606,38,,,1,92,,23607,38,,,1,90,,23608,38,,,1,97,,23609,38,,,1,97,,23610,38,,,1,94,,23611,38,,,1,93,,23612,38,,,1,97,,23613,38,,,1
100,'35298.3',732,,23616,38,,,1,17,,23617,38,,,1,57,,23618,38,,,1,17,,23619,38,,,1,17,,23620,38,,,1,17,,23621,38,,,1,57,,23622,38,,,1,23,,23623,38,,,1,17,,23624,38,,,1,57,,23625,38,,,1,17,,23626,38,,,1,20,,23627,38,,,1,57,,23628,38,,,1,17,,23629,38,,,1,17,,23630,38,,,1,20,,23631,38,,,1,57,,23632,38,,,1,17,,23633,38,,,1,17,,23634,38,,,1,57,,23635,38,,,1,20,,23636,38,,,1,17,,23637,38,,,1,57,,23638,38,,,1,17,,23639,38,,,1,17,,23640,38,,,1,17,,23641,38,,,1,57,,23642,38,,,1,17,,23643,38,,,1,17,,23644,38,,,1,12,,23645,38,,,1,57,,23646,38,,,1,17,,23647,38,,,1,17,,23648,38,,,1,57,,23649,38,,,1,17,,23650,38,,,1,17,,23651,38,,,1,17,,23652,38,,,1,57,,23653,38,,,1,15,,23654,38,,,1,17,,23655,38,,,1,57,,23656,38,,,1,17,,23657,38,,,1,14,,23658,38,,,1,100,,23659,38,,,1,99,,23660,38,,,1,99,,23661,38,,,1,94,,23662,38,,,1,99,,23663,38,,,1
60300,'1',517,,34741,20,,,1,20,,34742,20,,,1,22,,34743,20,,,1,62,,34744,20,,,1,23,,34745,20,,,1,58,,34746,20,,,1,24,,34747,20,,,1,18,,34748,20,,,1,58,,34749,20,,,1,21,,34750,20,,,1,18,,34751,20,,,1,18,,34752,20,,,1,58,,34753,20,,,1,18,,34754,20,,,1,19,,34755,20,,,1,62,,34756,20,,,1,22,,34757,20,,,1,62,,34758,20,,,1,24,,34759,20,,,1,22,,34760,20,,,1,62,,34761,20,,,1,22,,34762,20,,,1,22,,34763,20,,,1,62,,34764,20,,,1,23,,34765,20,,,1,22,,34766,20,,,1,62,,34767,20,,,1,22,,34768,20,,,1,62,,34769,20,,,1,23,,34770,20,,,1,16,,34771,20,,,1,56,,34772,20,,,1,16,,34773,20,,,1,16,,34774,20,,,1,16,,34775,20,,,1,56,,34776,20,,,1,16,,34777,20,,,1,16,,34778,20,,,1,17,,34779,20,,,1,56,,34780,20,,,1,14,,34781,20,,,1,16,,34782,20,,,1,10,,34783,20,,,1,56,,34784,20,,,1,16,,34785,20,,,1,13,,34786,20,,,1,70,,34787,20,,,1,30,,34788,20,,,1,70,,34789,20,,,1,28,,34790,20,,,1,26,,34791,20,,,1,70,,34792,20,,,1,80,,34793,20,,,1,38,,34794,20,,,1,82,,34795,20,,,1,87,,34796,20,,,1
60300,'74',548,,34797,20,,,1,82,,34798,20,,,1,80,,34799,20,,,1,42,,34800,20,,,1,80,,34801,20,,,1,85,,34802,20,,,1,85,,34803,20,,,1,42,,34804,20,,,1,77,,34805,20,,,1,38,,34806,20,,,1,83,,34807,20,,,1,74,,34808,20,,,1,38,,34809,20,,,1,78,,34810,20,,,1,78,,34811,20,,,1,39,,34812,20,,,1,78,,34813,20,,,1,78,,34814,20,,,1,34,,34815,20,,,1,81,,34816,20,,,1,35,,34817,20,,,1,78,,34818,20,,,1,77,,34819,20,,,1,40,,34820,20,,,1,78,,34821,20,,,1,77,,34822,20,,,1,44,,34823,20,,,1,89,,34824,20,,,1,92,,34825,20,,,1
60300,'80',732,,34826,20,,,1,76,,34827,20,,,1,39,,34828,20,,,1,78,,34829,20,,,1,82,,34830,20,,,1,46,,34831,20,,,1,85,,34832,20,,,1,82,,34833,20,,,1,82,,34834,20,,,1,42,,34835,20,,,1,82,,34836,20,,,1,84,,34837,20,,,1,39,,34838,20,,,1,76,,34839,20,,,1,76,,34840,20,,,1,36,,34841,20,,,1,74,,34842,20,,,1,35,,34843,20,,,1,72,,34844,20,,,1,36,,34845,20,,,1,74,,34846,20,,,1,76,,34847,20,,,1,51,,34848,20,,,1,145,,34849,20,,,1,101,,34850,20,,,1,106,,34851,20,,,1
60300,'35296.2',548,,34852,20,,,1,82,,34853,20,,,1,80,,34854,20,,,1,42,,34855,20,,,1,80,,34856,20,,,1,85,,34857,20,,,1,85,,34858,20,,,1,42,,34859,20,,,1,77,,34860,20,,,1,38,,34861,20,,,1,83,,34862,20,,,1,74,,34863,20,,,1,38,,34864,20,,,1,78,,34865,20,,,1,78,,34866,20,,,1,39,,34867,20,,,1,78,,34868,20,,,1,78,,34869,20,,,1,34,,34870,20,,,1,81,,34871,20,,,1,35,,34872,20,,,1,78,,34873,20,,,1,77,,34874,20,,,1,40,,34875,20,,,1,78,,34876,20,,,1,77,,34877,20,,,1,44,,34878,20,,,1,89,,34879,20,,,1,92,,34880,20,,,1
60300,'35296.3',732,,34881,20,,,1,76,,34882,20,,,1,39,,34883,20,,,1,78,,34884,20,,,1,82,,34885,20,,,1,46,,34886,20,,,1,85,,34887,20,,,1,82,,34888,20,,,1,82,,34889,20,,,1,42,,34890,20,,,1,82,,34891,20,,,1,84,,34892,20,,,1,39,,34893,20,,,1,76,,34894,20,,,1,76,,34895,20,,,1,36,,34896,20,,,1,74,,34897,20,,,1,35,,34898,20,,,1,72,,34899,20,,,1,36,,34900,20,,,1,74,,34901,20,,,1,76,,34902,20,,,1,51,,34903,20,,,1,145,,34904,20,,,1,101,,34905,20,,,1,106,,34906,20,,,1
60300,'35297.2',538,,34998,20,,,1,62,,34999,20,,,1,22,,35000,20,,,1,24,,35001,20,,,1,62,,35002,20,,,1,24,,34907,20,,,1,7,,34908,20,,,1,7,,34909,20,,,1,7,,34910,20,,,1,47,,34911,20,,,1,7,,34912,20,,,1,7,,34913,20,,,1,7,,34914,20,,,1,7,,34915,20,,,1,7,,34916,20,,,1,7,,34917,20,,,1,12,,34918,20,,,1,47,,34919,20,,,1,7,,34920,20,,,1,7,,34921,20,,,1,7,,34922,20,,,1,7,,34923,20,,,1,7,,34924,20,,,1,12,,34925,20,,,1,7,,34926,20,,,1,47,,34927,20,,,1,7,,34928,20,,,1,7,,34929,20,,,1,7,,34930,20,,,1,9,,34931,20,,,1,7,,34932,20,,,1,7,,34933,20,,,1,7,,34934,20,,,1,47,,34935,20,,,1,7,,34936,20,,,1,5,,34937,20,,,1,7,,34938,20,,,1,7,,34939,20,,,1,7,,34940,20,,,1,7,,34941,20,,,1,7,,34942,20,,,1,7,,34943,20,,,1,47,,34944,20,,,1,7,,34945,20,,,1,12,,34946,20,,,1,7,,34947,20,,,1,7,,34948,20,,,1,7,,34949,20,,,1,7,,34950,20,,,1,7,,34951,20,,,1,47,,34952,20,,,1,7,,34953,20,,,1,7,,34954,20,,,1,3,,34955,20,,,1,7,,34956,20,,,1,7,,34957,20,,,1,7,,34958,20,,,1,7,,34959,20,,,1,7,,34960,20,,,1,47,,34961,20,,,1,7,,34962,20,,,1,7,,34963,20,,,1,7,,34964,20,,,1,7,,34965,20,,,1,7,,34966,20,,,1,7,,34967,20,,,1,7,,34968,20,,,1,7,,34969,20,,,1,47,,34970,20,,,1,7,,34971,20,,,1,13,,34972,20,,,1,7,,34973,20,,,1,7,,34974,20,,,1,7,,34975,20,,,1,2,,34976,20,,,1,7,,34977,20,,,1,47,,34978,20,,,1,7,,34979,20,,,1,7,,34980,20,,,1,7,,34981,20,,,1,7,,34982,20,,,1,7,,34983,20,,,1,7,,34984,20,,,1,7,,34985,20,,,1,7,,34986,20,,,1,47,,34987,20,,,1,7,,34988,20,,,1,7,,34989,20,,,1,7,,34990,20,,,1,3,,34991,20,,,1,7,,34992,20,,,1,7,,34993,20,,,1,7,,34994,20,,,1,7,,34995,20,,,1,47,,34996,20,,,1,10,,34997,20,,,1,7,,35003,20,,,1,7,,35004,20,,,1,7,,35005,20,,,1,7,,35006,20,,,1,4,,35007,20,,,1,7,,35008,20,,,1,7,,35009,20,,,1,47,,35010,20,,,1,7,,35011,20,,,1,7,,35012,20,,,1,7,,35013,20,,,1,7,,35014,20,,,1,6,,35015,20,,,1,7,,35016,20,,,1,7,,35017,20,,,1,47,,35018,20,,,1,22,,35019,20,,,1,22,,35020,20,,,1,62,,35021,20,,,1,20,,35022,20,,,1,22,,35023,20,,,1,59,,35024,20,,,1,22,,35025,20,,,1,20,,35026,20,,,1,62,,35027,20,,,1,19,,35028,20,,,1,22,,35029,20,,,1,62,,35030,20,,,1,22,,35031,20,,,1,22,,35032,20,,,1
60300,'35297.3',729,,35033,20,,,1,7,,35034,20,,,1,7,,35035,20,,,1,7,,35036,20,,,1,7,,35037,20,,,1,47,,35038,20,,,1,7,,35039,20,,,1,10,,35040,20,,,1,7,,35041,20,,,1,7,,35042,20,,,1,7,,35043,20,,,1,7,,35044,20,,,1,7,,35045,20,,,1,49,,35046,20,,,1,7,,35047,20,,,1,7,,35048,20,,,1,7,,35049,20,,,1,7,,35050,20,,,1,7,,35051,20,,,1,7,,35052,20,,,1,7,,35053,20,,,1,47,,35054,20,,,1,7,,35055,20,,,1,11,,35056,20,,,1,7,,35057,20,,,1,7,,35058,20,,,1,7,,35059,20,,,1,7,,35060,20,,,1,7,,35061,20,,,1,47,,35062,20,,,1,10,,35063,20,,,1,7,,35064,20,,,1,7,,35065,20,,,1,7,,35066,20,,,1,7,,35067,20,,,1,7,,35068,20,,,1,7,,35069,20,,,1,47,,35070,20,,,1,7,,35071,20,,,1,7,,35072,20,,,1,7,,35073,20,,,1,7,,35074,20,,,1,7,,35075,20,,,1,7,,35076,20,,,1,7,,35077,20,,,1,7,,35078,20,,,1,47,,35079,20,,,1,7,,35080,20,,,1,7,,35081,20,,,1,7,,35082,20,,,1,7,,35083,20,,,1,7,,35084,20,,,1,7,,35085,20,,,1,7,,35086,20,,,1,7,,35087,20,,,1,47,,35088,20,,,1,7,,35089,20,,,1,7,,35090,20,,,1,7,,35091,20,,,1,7,,35092,20,,,1,9,,35093,20,,,1,7,,35094,20,,,1,7,,35095,20,,,1,47,,35096,20,,,1,7,,35097,20,,,1,7,,35098,20,,,1,7,,35099,20,,,1,7,,35100,20,,,1,7,,35101,20,,,1,7,,35102,20,,,1,7,,35103,20,,,1,47,,35104,20,,,1,7,,35105,20,,,1,7,,35106,20,,,1,7,,35107,20,,,1,7,,35108,20,,,1,7,,35109,20,,,1,7,,35110,20,,,1,7,,35111,20,,,1,7,,35112,20,,,1,47,,35113,20,,,1,7,,35114,20,,,1,7,,35115,20,,,1,7,,35116,20,,,1,7,,35117,20,,,1,7,,35118,20,,,1,5,,35119,20,,,1,7,,35120,20,,,1,7,,35121,20,,,1,47,,35122,20,,,1,7,,35123,20,,,1,7,,35124,20,,,1,7,,35125,20,,,1,6,,35126,20,,,1,7,,35127,20,,,1,7,,35128,20,,,1,7,,35129,20,,,1,7,,35130,20,,,1,47,,35131,20,,,1,3,,35132,20,,,1,7,,35133,20,,,1,7,,35134,20,,,1,7,,35135,20,,,1,7,,35136,20,,,1,7,,35137,20,,,1,7,,35138,20,,,1,7,,35139,20,,,1,47,,35140,20,,,1,20,,35141,20,,,1,22,,35142,20,,,1,62,,35143,20,,,1,22,,35144,20,,,1,22,,35145,20,,,1,62,,35146,20,,,1,21,,35147,20,,,1,22,,35148,20,,,1,62,,35149,20,,,1,22,,35150,20,,,1,17,,35151,20,,,1,62,,35152,20,,,1,22,,35153,20,,,1,62,,35154,20,,,1
6030100,'1',533,,37453,20,,,1,20,,37454,20,,,1,64,,37455,20,,,1,24,,37456,20,,,1,18,,37457,20,,,1,58,,37458,20,,,1,23,,37459,20,,,1,18,,37460,20,,,1,62,,37461,20,,,1,18,,37462,20,,,1,18,,37463,20,,,1,58,,37464,20,,,1,18,,37465,20,,,1,16,,37466,20,,,1,62,,37467,20,,,1,22,,37468,20,,,1,22,,37469,20,,,1,62,,37470,20,,,1,22,,37471,20,,,1,62,,37472,20,,,1,22,,37473,20,,,1,22,,37474,20,,,1,62,,37475,20,,,1,24,,37476,20,,,1,22,,37477,20,,,1,62,,37478,20,,,1,22,,37479,20,,,1,22,,37480,20,,,1,64,,37481,20,,,1,16,,37482,20,,,1,16,,37483,20,,,1,56,,37484,20,,,1,16,,37485,20,,,1,16,,37486,20,,,1,16,,37487,20,,,1,56,,37488,20,,,1,16,,37489,20,,,1,16,,37490,20,,,1,59,,37491,20,,,1,16,,37492,20,,,1,16,,37493,20,,,1,16,,37494,20,,,1,48,,37495,20,,,1,16,,37496,20,,,1,14,,37497,20,,,1,23,,37498,20,,,1,70,,37499,20,,,1,30,,37500,20,,,1,70,,37501,20,,,1,26,,37502,20,,,1,70,,37503,20,,,1,36,,37504,20,,,1,79,,37505,20,,,1,78,,37506,20,,,1,42,,37507,20,,,1
6030100,'74',531,,37508,20,,,1,80,,37509,20,,,1,45,,37510,20,,,1,84,,37511,20,,,1,80,,37512,20,,,1,80,,37513,20,,,1,42,,37514,20,,,1,80,,37515,20,,,1,85,,37516,20,,,1,39,,37517,20,,,1,78,,37518,20,,,1,78,,37519,20,,,1,35,,37520,20,,,1,78,,37521,20,,,1,41,,37522,20,,,1,78,,37523,20,,,1,78,,37524,20,,,1,38,,37525,20,,,1,78,,37526,20,,,1,79,,37527,20,,,1,38,,37528,20,,,1,79,,37529,20,,,1,32,,37530,20,,,1,79,,37531,20,,,1,79,,37532,20,,,1,40,,37533,20,,,1,79,,37534,20,,,1,90,,37535,20,,,1,86,,37536,20,,,1,92,,37537,20,,,1
6030100,'80',719,,37538,20,,,1,36,,37539,20,,,1,78,,37540,20,,,1,77,,37541,20,,,1,39,,37542,20,,,1,89,,37543,20,,,1,82,,37544,20,,,1,82,,37545,20,,,1,45,,37546,20,,,1,83,,37547,20,,,1,79,,37548,20,,,1,44,,37549,20,,,1,82,,37550,20,,,1,76,,37551,20,,,1,36,,37552,20,,,1,76,,37553,20,,,1,35,,37554,20,,,1,75,,37555,20,,,1,76,,37556,20,,,1,33,,37557,20,,,1,76,,37558,20,,,1,36,,37559,20,,,1,73,,37560,20,,,1,105,,37561,20,,,1,103,,37562,20,,,1,102,,37563,20,,,1
6030100,'35296.2',531,,37564,12,,,1,80,,37565,12,,,1,45,,37566,12,,,1,84,,37567,12,,,1,80,,37568,12,,,1,80,,37569,12,,,1,42,,37570,12,,,1,80,,37571,12,,,1,85,,37572,12,,,1,39,,37573,12,,,1,78,,37574,12,,,1,78,,37575,12,,,1,35,,37576,12,,,1,78,,37577,12,,,1,41,,37578,12,,,1,78,,37579,12,,,1,78,,37580,12,,,1,38,,37581,12,,,1,78,,37582,12,,,1,79,,37583,12,,,1,38,,37584,12,,,1,79,,37585,12,,,1,32,,37586,12,,,1,79,,37587,12,,,1,79,,37588,12,,,1,40,,37589,12,,,1,79,,37590,12,,,1,90,,37591,12,,,1,86,,37592,12,,,1,92,,37593,12,,,1
6030100,'35296.3',719,,37594,20,,,1,36,,37595,20,,,1,78,,37596,20,,,1,77,,37597,20,,,1,39,,37598,20,,,1,89,,37599,20,,,1,82,,37600,20,,,1,82,,37601,20,,,1,45,,37602,20,,,1,83,,37603,20,,,1,79,,37604,20,,,1,44,,37605,20,,,1,82,,37606,20,,,1,76,,37607,20,,,1,36,,37608,20,,,1,76,,37609,20,,,1,35,,37610,20,,,1,75,,37611,20,,,1,76,,37612,20,,,1,33,,37613,20,,,1,76,,37614,20,,,1,36,,37615,20,,,1,73,,37616,20,,,1,105,,37617,20,,,1,103,,37618,20,,,1,102,,37619,20,,,1
