100,'1',420,,23457,44,,,1,38,,23456,44,,,1,71,,23455,44,,,1,82,,23483,59,,,1,38,,23482,59,,,1,83,,23480,59,,,1,79,,23481,59,,,1,32,,23479,59,,,1,75,,23478,59,,,1,35,,23477,59,,,1,147,,23476,59,,,1,113,,23475,59,,,1,112,,23474,59,,,1,116,,23473,59,,,1,87,,23484,59,,,1,84,,23472,59,,,1,31,,23471,59,,,1,77,,23470,59,,,1,31,,23469,59,,,1,74,,23468,59,,,1,34,,23467,59,,,1,65,,23466,59,,,1,23,,23465,59,,,1,97,,23464,59,,,1,102,,23463,59,,,1,100,,23462,59,,,1,91,,23461,59,,,1,95,,23460,59,,,1,89,,23459,59,,,1,95,,23458,59,,,1
100,'74',618,,23507,44,,,1,96,,23485,59,,,1,103,,23486,59,,,1,107,,23487,59,,,1,103,,23488,59,,,1,112,,23489,59,,,1,95,,23490,59,,,1,87,,23491,59,,,1,103,,23492,59,,,1,92,,23493,59,,,1,92,,23494,59,,,1,92,,23495,59,,,1,46,,23496,59,,,1,92,,23497,59,,,1,92,,23498,59,,,1,80,,23499,59,,,1,92,,23500,59,,,1,50,,23501,59,,,1,97,,23502,59,,,1,97,,23503,59,,,1,94,,23504,59,,,1,92,,23505,59,,,1,96,,23506,59,,,1
100,'80',808,,23523,44,,,1,51,,23508,59,,,1,159,,23509,59,,,1,115,,23510,59,,,1,115,,23511,59,,,1,155,,23512,59,,,1,112,,23513,59,,,1,107,,23514,59,,,1,112,,23515,59,,,1,110,,23516,59,,,1,108,,23517,59,,,1,95,,23518,59,,,1,99,,23519,59,,,1,99,,23520,59,,,1,94,,23521,59,,,1,99,,23522,59,,,1
100,'35296.2',618,,23546,44,,,1,96,,23524,59,,,1,103,,23525,59,,,1,107,,23526,59,,,1,103,,23527,59,,,1,112,,23528,59,,,1,95,,23529,59,,,1,87,,23530,59,,,1,103,,23531,59,,,1,92,,23532,59,,,1,92,,23533,59,,,1,92,,23534,59,,,1,46,,23535,59,,,1,92,,23536,59,,,1,92,,23537,59,,,1,80,,23538,59,,,1,92,,23539,59,,,1,50,,23540,59,,,1,97,,23541,59,,,1,97,,23542,59,,,1,94,,23543,59,,,1,92,,23544,59,,,1,96,,23545,59,,,1
100,'35296.3',808,,23562,44,,,1,51,,23547,59,,,1,159,,23548,59,,,1,115,,23549,59,,,1,115,,23550,59,,,1,155,,23551,59,,,1,112,,23552,59,,,1,107,,23553,59,,,1,112,,23554,59,,,1,110,,23555,59,,,1,108,,23556,59,,,1,95,,23557,59,,,1,99,,23558,59,,,1,99,,23559,59,,,1,94,,23560,59,,,1,99,,23561,59,,,1
100,'35298.2',618,,23615,44,,,1,96,,23614,59,,,1,37,,23563,59,,,1,57,,23564,59,,,1,21,,23565,59,,,1,17,,23566,59,,,1,57,,23567,59,,,1,17,,23568,59,,,1,17,,23569,59,,,1,17,,23570,59,,,1,57,,23571,59,,,1,17,,23572,59,,,1,17,,23573,59,,,1,66,,23574,59,,,1,17,,23575,59,,,1,17,,23576,59,,,1,57,,23577,59,,,1,20,,23578,59,,,1,17,,23579,59,,,1,17,,23580,59,,,1,57,,23581,59,,,1,23,,23582,59,,,1,17,,23583,59,,,1,57,,23584,59,,,1,17,,23585,59,,,1,17,,23586,59,,,1,57,,23587,59,,,1,17,,23588,59,,,1,17,,23589,59,,,1,17,,23590,59,,,1,57,,23591,59,,,1,17,,23592,59,,,1,17,,23593,59,,,1,57,,23594,59,,,1,11,,23595,59,,,1,17,,23596,59,,,1,17,,23597,59,,,1,57,,23598,59,,,1,17,,23599,59,,,1,17,,23600,59,,,1,17,,23601,59,,,1,57,,23602,59,,,1,17,,23603,59,,,1,17,,23604,59,,,1,57,,23605,59,,,1,9,,23606,59,,,1,92,,23607,59,,,1,50,,23608,59,,,1,97,,23609,59,,,1,97,,23610,59,,,1,94,,23611,59,,,1,92,,23612,59,,,1,96,,23613,59,,,1
100,'35298.3',749,,23616,59,,,1,57,,23617,59,,,1,17,,23618,59,,,1,17,,23619,59,,,1,17,,23620,59,,,1,57,,23621,59,,,1,17,,23622,59,,,1,24,,23623,59,,,1,57,,23624,59,,,1,17,,23625,59,,,1,17,,23626,59,,,1,60,,23627,59,,,1,17,,23628,59,,,1,17,,23629,59,,,1,17,,23630,59,,,1,60,,23631,59,,,1,17,,23632,59,,,1,17,,23633,59,,,1,57,,23634,59,,,1,17,,23635,59,,,1,20,,23636,59,,,1,57,,23637,59,,,1,17,,23638,59,,,1,17,,23639,59,,,1,17,,23640,59,,,1,57,,23641,59,,,1,17,,23642,59,,,1,17,,23643,59,,,1,57,,23644,59,,,1,12,,23645,59,,,1,17,,23646,59,,,1,17,,23647,59,,,1,57,,23648,59,,,1,17,,23649,59,,,1,17,,23650,59,,,1,17,,23651,59,,,1,57,,23652,59,,,1,17,,23653,59,,,1,15,,23654,59,,,1,57,,23655,59,,,1,17,,23656,59,,,1,17,,23657,59,,,1,13,,23658,59,,,1,99,,23659,59,,,1,99,,23660,59,,,1,99,,23661,59,,,1,94,,23662,59,,,1,99,,23663,59,,,1
201,'2',803,,24035,10,,,1,40,,24036,10,,,1,81,,24037,10,,,1,80,,24038,10,,,1,40,,24039,10,,,1,81,,24040,10,,,1,80,,24041,10,,,1,40,,24042,10,,,1,80,,24043,10,,,1,80,,24044,10,,,1,39,,24045,10,,,1,80,,24046,10,,,1,80,,24047,10,,,1,40,,24048,10,,,1,80,,24049,10,,,1,80,,24050,10,,,1,40,,24051,10,,,1,80,,24052,10,,,1,80,,24053,10,,,1,40,,24054,10,,,1,80,,24055,10,,,1,33,,24056,10,,,1,73,,24057,10,,,1,73,,24058,10,,,1,32,,24059,10,,,1,73,,24060,10,,,1
201,'3',854,,24071,10,,,1,152,,24061,10,,,1,117,,24062,10,,,1,118,,24063,10,,,1,117,,24064,10,,,1,157,,24065,10,,,1,117,,24066,10,,,1,117,,24067,10,,,1,157,,24068,10,,,1,113,,24069,10,,,1,115,,24070,10,,,1,105,,24072,10,,,1,108,,24073,10,,,1
201,'74',803,,24074,10,,,1,40,,24075,10,,,1,81,,24076,10,,,1,80,,24077,10,,,1,40,,24078,10,,,1,81,,24079,10,,,1,80,,24080,10,,,1,40,,24081,10,,,1,80,,24082,10,,,1,80,,24083,10,,,1,39,,24084,10,,,1,80,,24085,10,,,1,80,,24086,10,,,1,40,,24087,10,,,1,80,,24088,10,,,1,80,,24089,10,,,1,40,,24090,10,,,1,80,,24091,10,,,1,80,,24092,10,,,1,40,,24093,10,,,1,80,,24094,10,,,1,33,,24095,10,,,1,73,,24096,10,,,1,73,,24097,10,,,1,32,,24098,10,,,1,73,,24099,10,,,1
201,'80',854,,24110,10,,,1,152,,24100,10,,,1,117,,24101,10,,,1,118,,24102,10,,,1,117,,24103,10,,,1,157,,24104,10,,,1,117,,24105,10,,,1,117,,24106,10,,,1,157,,24107,10,,,1,113,,24108,10,,,1,115,,24109,10,,,1,105,,24111,10,,,1,108,,24112,10,,,1
1400,'1',547,,26392,58,,,1,67,,26391,58,,,1,29,,26390,58,,,1,73,,26388,58,,,1,30,,26389,58,,,1,72,,26414,58,,,1,22,,26413,58,,,1,77,,26412,58,,,1,28,,26411,55,,,1,74,,26410,55,,,1,34,,26404,55,,,1,75,,26394,55,,,1,74,,26409,55,,,1,33,,26408,55,,,1,73,,26407,55,,,1,33,,26406,55,,,1,73,,26405,55,,,1,38,,26403,58,,,1,72,,26402,58,,,1,76,,26401,58,,,1,31,,26400,58,,,1,77,,26399,58,,,1,32,,26398,58,,,1,75,,26397,58,,,1,35,,26396,58,,,1,66,,26395,58,,,1,27,,26393,55,,,1,76,,26415,55,,,1,81,,26416,55,,,1
