600,'1',419,,1183,4,,,1,30,,1184,4,,,1,62,,1185,4,,,1,22,,1186,4,,,1,22,,1187,4,,,1,62,,1188,4,,,1,22,,1189,4,,,1,67,,1190,4,,,1,23,,1191,4,,,1,71,,1192,4,,,1,27,,1193,4,,,1,27,,1194,4,,,1,67,,1195,4,,,1,36,,1196,4,,,1,76,,1197,4,,,1,76,,1198,4,,,1,36,,1199,4,,,1,76,,1200,4,,,1,36,,1201,4,,,1,76,,1202,4,,,1,67,,1203,4,,,1,26,,1204,4,,,1,28,,1205,4,,,1,67,,1206,4,,,1,27,,1207,4,,,1,67,,1208,4,,,1,27,,1209,4,,,1,67,,1210,4,,,1,27,,1211,4,,,1,67,,1212,4,,,1,27,,1213,4,,,1,27,,1214,4,,,1,67,,1215,4,,,1,34,,1216,4,,,1,74,,1217,4,,,1,74,,1218,4,,,1,34,,1219,4,,,1,103,,1220,4,,,1,103,,1221,4,,,1,103,,1222,4,,,1
600,'2',545,,1223,4,,,1,69,,1224,4,,,1,26,,1225,4,,,1,69,,1226,4,,,1,33,,1227,4,,,1,83,,1228,4,,,1,75,,1229,4,,,1,32,,1230,4,,,1,72,,1231,4,,,1,32,,1232,4,,,1,72,,1233,4,,,1,32,,1234,4,,,1,72,,1235,4,,,1,32,,1236,4,,,1,72,,1237,4,,,1,32,,1238,4,,,1,77,,1239,4,,,1,77,,1240,4,,,1,36,,1241,4,,,1,78,,1242,4,,,1,36,,1243,4,,,1,78,,1244,4,,,1,76,,1245,4,,,1,35,,1246,4,,,1,71,,1247,4,,,1,33,,1248,4,,,1,100,,1249,4,,,1,95,,1250,4,,,1,95,,1251,4,,,1,95,,1252,4,,,1
600,'3',600,,1253,4,,,1,26,,1254,4,,,1,29,,1255,4,,,1,73,,1256,4,,,1,29,,1257,4,,,1,83,,1258,4,,,1,75,,1259,4,,,1,32,,1260,4,,,1,72,,1261,4,,,1,32,,1262,4,,,1,72,,1263,4,,,1,32,,1264,4,,,1,72,,1265,4,,,1,32,,1266,4,,,1,72,,1267,4,,,1,72,,1268,4,,,1,39,,1269,4,,,1,75,,1270,4,,,1,37,,1271,4,,,1,77,,1272,4,,,1,77,,1273,4,,,1,37,,1274,4,,,1,74,,1275,4,,,1,37,,1276,4,,,1,71,,1277,4,,,1,100,,1278,4,,,1,98,,1279,4,,,1,98,,1280,4,,,1,98,,1281,4,,,1
600,'80',600,,1282,4,,,1,26,,1283,4,,,1,29,,1284,4,,,1,73,,1285,4,,,1,29,,1286,4,,,1,83,,1287,4,,,1,75,,1288,4,,,1,32,,1289,4,,,1,72,,1290,4,,,1,32,,1291,4,,,1,72,,1292,4,,,1,32,,1293,4,,,1,72,,1294,4,,,1,32,,1295,4,,,1,72,,1296,4,,,1,72,,1297,4,,,1,39,,1298,4,,,1,75,,1299,4,,,1,37,,1300,4,,,1,77,,1301,4,,,1,77,,1302,4,,,1,37,,1303,4,,,1,74,,1304,4,,,1,37,,1305,4,,,1,71,,1306,4,,,1,100,,1307,4,,,1,98,,1308,4,,,1,98,,1309,4,,,1,98,,1310,4,,,1
600,'81',600,,1311,4,,,1,26,,1312,4,,,1,29,,1313,4,,,1,73,,1314,4,,,1,29,,1315,4,,,1,83,,1316,4,,,1,75,,1317,4,,,1,32,,1318,4,,,1,72,,1319,4,,,1,32,,1320,4,,,1,72,,1321,4,,,1,32,,1322,4,,,1,72,,1323,4,,,1,32,,1324,4,,,1,72,,1325,4,,,1,72,,1326,4,,,1,39,,1327,4,,,1,75,,1328,4,,,1,37,,1329,4,,,1,77,,1330,4,,,1,77,,1331,4,,,1,37,,1332,4,,,1,74,,1333,4,,,1,37,,1334,4,,,1,71,,1335,4,,,1,100,,1336,4,,,1,98,,1337,4,,,1,98,,1338,4,,,1,98,,1339,4,,,1
601,'1',2207,,1372,15,4,,1,347,,1377,15,4,,1
601,'2',2010,,1401,15,4,,1,413,,1407,15,4,,1
601,'3',1958,,1431,15,4,,1,459,,1437,15,4,,1
601,'80',1958,,1461,15,4,,1,459,,1467,15,4,,1
601,'81',1958,,1491,15,4,,1,459,,1497,15,4,,1
36101,'1',559,,9182,4,,,1,64,,9183,4,,,1,32,,9184,4,,,1,62,,9185,4,,,1,26,,9186,4,,,1,66,,9187,4,,,1,26,,9188,4,,,1,20,,9189,4,,,1,66,,9190,4,,,1,580,,9191,4,,,1,25,,9192,4,,,1,25,,9193,4,,,1,67,,9194,4,,,1,24,,9195,4,,,1,69,,9196,4,,,1,23,,9197,4,,,1,25,,9198,4,,,1,63,,9199,4,,,1
