100,'1',428,,3,53,,,1,78,,2,53,,,1,31,,1,53,,,1,83,,29,68,,,1,38,,28,68,,,1,84,,26,68,,,1,79,,27,68,,,1,32,,25,68,,,1,75,,24,68,,,1,75,,23,68,,,1,106,,22,68,,,1,113,,21,68,,,1,112,,20,68,,,1,116,,19,68,,,1,87,,30,68,,,1,85,,18,68,,,1,31,,17,68,,,1,77,,16,68,,,1,71,,15,68,,,1,34,,14,68,,,1,74,,13,68,,,1,23,,12,68,,,1,23,,11,68,,,1,97,,10,68,,,1,102,,9,68,,,1,100,,8,68,,,1,91,,7,68,,,1,95,,6,68,,,1,89,,5,68,,,1,95,,4,68,,,1
100,'2',624,,53,53,,,1,97,,31,68,,,1,103,,32,68,,,1,107,,33,68,,,1,103,,34,68,,,1,112,,35,68,,,1,96,,36,68,,,1,87,,37,68,,,1,103,,38,68,,,1,92,,39,68,,,1,92,,40,68,,,1,92,,41,68,,,1,46,,42,68,,,1,92,,43,68,,,1,92,,44,68,,,1,79,,45,68,,,1,92,,46,68,,,1,50,,47,68,,,1,97,,48,68,,,1,97,,49,68,,,1,94,,50,68,,,1,92,,51,68,,,1,94,,52,68,,,1
100,'3',813,,69,53,,,1,92,,54,68,,,1,119,,55,68,,,1,115,,56,68,,,1,116,,57,68,,,1,155,,58,68,,,1,112,,59,68,,,1,107,,60,68,,,1,112,,61,68,,,1,110,,62,68,,,1,107,,63,68,,,1,94,,64,68,,,1,99,,65,68,,,1,99,,66,68,,,1,94,,67,68,,,1,99,,68,68,,,1
100,'80',813,,85,53,,,1,92,,70,68,,,1,119,,71,68,,,1,115,,72,68,,,1,116,,73,68,,,1,155,,74,68,,,1,112,,75,68,,,1,107,,76,68,,,1,112,,77,68,,,1,110,,78,68,,,1,107,,79,68,,,1,94,,80,68,,,1,99,,81,68,,,1,99,,82,68,,,1,94,,83,68,,,1,99,,84,68,,,1
100,'81',813,,101,53,,,1,92,,86,68,,,1,119,,87,68,,,1,115,,88,68,,,1,116,,89,68,,,1,155,,90,68,,,1,112,,91,68,,,1,107,,92,68,,,1,112,,93,68,,,1,110,,94,68,,,1,107,,95,68,,,1,94,,96,68,,,1,99,,97,68,,,1,99,,98,68,,,1,94,,99,68,,,1,99,,100,68,,,1
30300,'1',627,,8594,24,,,1,15,,8591,24,,,1,15,,8589,24,,,1,58,,8592,24,,,1,13,,8588,24,,,1,15,,8587,24,,,1,7,,8593,24,,,1,8,,8590,24,,,1
40101,'24611.1',1458,,9204,26,,,1
40200,'24612.1',723,,9205,1,,,1
40201,'24612.1',1531,,9206,37,,,1,4,,9207,57,,,1
41600,'24612.1',748,,9231,26,,,1
