300,'1',507,,442,50,4,,1,32,,443,50,4,,1,87,,418,68,4,,1,32,,419,68,4,,1,75,,420,68,4,,1,79,,421,68,4,,1,32,,422,68,4,,1,78,,423,68,4,,1,24,,424,68,4,,1,72,,447,1,4,,1,24,,426,68,4,,1,89,,427,68,4,,1,86,,428,68,4,,1,86,,429,68,4,,1,46,,430,68,4,,1,86,,431,68,4,,1,94,,432,68,4,,1,76,,433,68,4,,1,32,,434,68,4,,1,72,,435,68,4,,1,32,,436,68,4,,1,72,,437,68,4,,1,32,,438,68,4,,1,64,,439,68,4,,1,32,,440,68,4,,1,67,,441,68,4,,1,32,,444,68,4,,1,83,,445,68,4,,1,80,,448,1,4,,1
300,'2',847,,452,33,4,,1,103,,451,68,4,,1,105,,453,68,4,,1,145,,454,68,4,,1,105,,455,68,4,,1,105,,456,68,4,,1,107,,457,68,4,,1,105,,458,68,4,,1,107,,459,68,4,,1,106,,460,68,4,,1,101,,461,68,4,,1,102,,462,68,4,,1,99,,463,68,4,,1,102,,449,1,4,,1
300,'3',1007,,465,33,4,,1,100,,477,68,4,,1,104,,476,68,4,,1,102,,475,68,4,,1,102,,474,68,4,,1,99,,473,68,4,,1,102,,472,68,4,,1,102,,471,68,4,,1,102,,470,68,4,,1,102,,469,68,4,,1,99,,468,68,4,,1,99,,467,68,4,,1,98,,464,1,4,,1
300,'80',1007,,479,33,4,,1,100,,491,68,4,,1,104,,490,68,4,,1,102,,489,68,4,,1,102,,488,68,4,,1,99,,487,68,4,,1,102,,486,68,4,,1,102,,485,68,4,,1,102,,484,68,4,,1,102,,483,68,4,,1,99,,482,68,4,,1,99,,481,68,4,,1,98,,478,1,4,,1
300,'81',1007,,493,33,4,,1,100,,505,68,4,,1,104,,504,68,4,,1,102,,503,68,4,,1,102,,502,68,4,,1,99,,501,68,4,,1,102,,500,68,4,,1,102,,499,68,4,,1,102,,498,68,4,,1,102,,497,68,4,,1,99,,496,68,4,,1,99,,495,68,4,,1,98,,492,1,4,,1
301,'1',512,,507,1,0,216 217 6,1,32,,508,1,0,216 217 6,1,72,,509,1,0,216 217 6,1,32,,510,1,0,216 217 6,1,72,,511,1,0,216 217 6,1,32,,512,1,0,216 217 6,1,72,,513,1,0,216 217 6,1,32,,514,1,0,216 217 6,1,72,,506,1,0,216 217 6,1,77,,530,1,0,216 217 6,1,46,,515,1,0,216 217 6,1,86,,516,1,0,216 217 6,1,86,,517,1,0,216 217 6,1,86,,518,1,0,216 217 6,1,46,,519,1,0,216 217 6,1,86,,520,1,0,216 217 6,1,67,,521,1,0,216 217 6,1,32,,522,1,0,216 217 6,1,72,,523,1,0,216 217 6,1,32,,524,1,0,216 217 6,1,72,,525,1,0,216 217 6,1,32,,526,1,0,216 217 6,1,72,,527,1,0,216 217 6,1,32,,528,1,0,216 217 6,1,66,,529,1,0,216 217 6,1,29,,535,1,0,216 217 6,1,66,,532,1,0,216 217 6,1,43,,533,1,0,216 217 6,1,80,,534,1,0,25 26,1
301,'2',750,,538,1,0,216 217 6,1,103,,537,1,0,216 217 6,1,103,,542,1,0,216 217 6,1,145,,539,1,0,216 217 6,1,105,,540,1,0,216 217 6,1,105,,541,1,0,216 217 6,1,105,,543,1,0,216 217 6,1,106,,544,1,0,216 217 6,1,106,,545,1,0,216 217 6,1,106,,546,1,0,216 217 6,1,106,,547,1,0,216 217 6,1,102,,548,1,0,216 217 6,1,102,,549,1,0,216 217 6,1,102,,536,1,0,25 26,1
301,'3',910,,557,1,0,216 217 6,1,102,,556,1,0,216 217 6,1,102,,555,1,0,216 217 6,1,102,,554,1,0,216 217 6,1,102,,553,1,0,216 217 6,1,102,,552,1,0,216 217 6,1,102,,551,1,0,216 217 6,1,102,,550,1,0,216 217 6,1,102,,562,1,0,216 217 6,1,102,,561,1,0,216 217 6,1,102,,560,1,0,216 217 6,1,98,,559,1,0,216 217 6,1,98,,558,1,0,25 26,1
301,'80',910,,570,1,0,216 217 6,1,102,,569,1,0,216 217 6,1,102,,568,1,0,216 217 6,1,102,,567,1,0,216 217 6,1,102,,566,1,0,216 217 6,1,102,,565,1,0,216 217 6,1,102,,564,1,0,216 217 6,1,102,,563,1,0,216 217 6,1,102,,573,1,0,216 217 6,1,102,,572,1,0,216 217 6,1,102,,571,1,0,216 217 6,1,98,,575,1,0,216 217 6,1,98,,574,1,0,25 26,1
301,'81',910,,583,1,0,216 217 6,1,102,,582,1,0,216 217 6,1,102,,581,1,0,216 217 6,1,102,,580,1,0,216 217 6,1,102,,579,1,0,216 217 6,1,102,,578,1,0,216 217 6,1,102,,577,1,0,216 217 6,1,102,,576,1,0,216 217 6,1,102,,588,1,0,216 217 6,1,102,,587,1,0,216 217 6,1,102,,586,1,0,216 217 6,1,98,,585,1,0,216 217 6,1,98,,584,1,0,25 26,1
