9100,'1',545,,6492,,,1,11,,6493,,,1,51,,6494,,,1,11,,6495,,,1,11,,6496,,,1,11,,6497,,,1,11,,6498,,,1,52,,6506,,,1,12,,6507,,,1,12,,6508,,,1,12,,6509,,,1,12,,6510,,,1,52,,6511,,,1,12,,6512,,,1,12,,6513,,,1,12,,6514,,,1,12,,6515,,,1,52,,6516,,,1,12,,6517,,,1,12,,6518,,,1,12,,6519,,,1,12,,6520,,,1,65,,6521,,,1,25,,6522,,,1,65,,6523,,,1,25,,6524,,,1,25,,6525,,,1,65,,6526,,,1,25,,6527,,,1,65,,6528,,,1,13,,6529,,,1,13,,6530,,,1,13,,6531,,,1,53,,6532,,,1,13,,6533,,,1,13,,6534,,,1,13,,6535,,,1,13,,6536,,,1,53,,6537,,,1,13,,6538,,,1,13,,6539,,,1,13,,6540,,,1,53,,6541,,,1,14,,6542,,,1,14,,6543,,,1,14,,6544,,,1,14,,6545,,,1,54,,6546,,,1,14,,6547,,,1,14,,6548,,,1,14,,6549,,,1,54,,6550,,,1,14,,6551,,,1,14,,6552,,,1,14,,6553,,,1,54,,6554,,,1,23,,6555,,,1,23,,6556,,,1,63,,6557,,,1,23,,6558,,,1,23,,6559,,,1,63,,6560,,,1,23,,6561,,,1,63,,6562,,,1,23,,6563,,,1,23,,6564,,,1,63,,6565,,,1,23,,6566,,,1,63,,6567,,,1,23,,6568,,,1,23,,6569,,,1
9100,'2',645,,6574,,,1,62,,6575,,,1,22,,6576,,,1,22,,6577,,,1,62,,6578,,,1,22,,6579,,,1,22,,6580,,,1,62,,6581,,,1,22,,6582,,,1,65,,6583,,,1,25,,6584,,,1,25,,6585,,,1,65,,6586,,,1,25,,6587,,,1,65,,6588,,,1,25,,6589,,,1,65,,6590,,,1,25,,6591,,,1,25,,6592,,,1,65,,6593,,,1,25,,6594,,,1,65,,6595,,,1,25,,6596,,,1,25,,6597,,,1,65,,6598,,,1,25,,6599,,,1,65,,6600,,,1,25,,6601,,,1,65,,6602,,,1,25,,6603,,,1,25,,6604,,,1,65,,6605,,,1,25,,6606,,,1,69,,6607,,,1,29,,6608,,,1,69,,6609,,,1,29,,6610,,,1,69,,6611,,,1,29,,6612,,,1,69,,6613,,,1
9100,'3',648,,6614,,,1,156,,6615,,,1,46,,6616,,,1,77,,6617,,,1,27,,6618,,,1,72,,6619,,,1,32,,6620,,,1,72,,6621,,,1,72,,6622,,,1,32,,6623,,,1,72,,6624,,,1,32,,6625,,,1,72,,6626,,,1,32,,6627,,,1,72,,6628,,,1,32,,6629,,,1,72,,6630,,,1,32,,6631,,,1,72,,6632,,,1,32,,6633,,,1,72,,6634,,,1,32,,6635,,,1,82,,6636,,,1,82,,6637,,,1,82,,6638,,,1,42,,6639,,,1,82,,6640,,,1,78,,6641,,,1,35,,6642,,,1,76,,6643,,,1
9100,'80',648,,6644,,,1,156,,6645,,,1,46,,6646,,,1,77,,6647,,,1,27,,6648,,,1,72,,6649,,,1,32,,6650,,,1,72,,6651,,,1,72,,6652,,,1,32,,6653,,,1,72,,6654,,,1,32,,6655,,,1,72,,6656,,,1,32,,6657,,,1,72,,6658,,,1,32,,6659,,,1,72,,6660,,,1,32,,6661,,,1,72,,6662,,,1,32,,6663,,,1,72,,6664,,,1,32,,6665,,,1,82,,6666,,,1,82,,6667,,,1,82,,6668,,,1,42,,6669,,,1,82,,6670,,,1,78,,6671,,,1,35,,6672,,,1,76,,6673,,,1
9100,'81',648,,6674,,,1,156,,6675,,,1,46,,6676,,,1,77,,6677,,,1,27,,6678,,,1,72,,6679,,,1,32,,6680,,,1,72,,6681,,,1,72,,6682,,,1,32,,6683,,,1,72,,6684,,,1,32,,6685,,,1,72,,6686,,,1,32,,6687,,,1,72,,6688,,,1,32,,6689,,,1,72,,6690,,,1,32,,6691,,,1,72,,6692,,,1,32,,6693,,,1,72,,6694,,,1,32,,6695,,,1,82,,6696,,,1,82,,6697,,,1,82,,6698,,,1,42,,6699,,,1,82,,6700,,,1,78,,6701,,,1,35,,6702,,,1,76,,6703,,,1
9101,'1',555,,6774,4,,1,51,,6773,4,,1,11,,6772,4,,1,11,,6771,4,,1,13,,6770,4,,1,11,,6769,4,,1,51,,6768,4,,1,13,,6704,4,,1,11,,6705,4,,1,14,,6706,4,,1,16,,6721,4,,1,52,,6720,4,,1,22,,6719,4,,1,12,,6718,4,,1,12,,6707,4,,1,52,,6708,4,,1,12,,6709,4,,1,9,,6710,4,,1,12,,6711,4,,1,4,,6712,4,,1,12,,6713,4,,1,52,,6714,4,,1,12,,6715,4,,1,12,,6716,4,,1,12,,6717,4,,1,13,,6729,4,,1,65,,6728,4,,1,29,,6722,4,,1,65,,6723,4,,1,25,,6724,4,,1,65,,6725,4,,1,25,,6726,4,,1,24,,6727,4,,1,62,,6741,4,,1,13,,6740,4,,1,19,,6739,4,,1,53,,6738,4,,1,13,,6730,4,,1,13,,6731,4,,1,11,,6732,4,,1,13,,6733,4,,1,53,,6734,4,,1,13,,6735,4,,1,13,,6736,4,,1,13,,6737,4,,1,60,,6754,4,,1,14,,6753,4,,1,14,,6752,4,,1,14,,6751,4,,1,54,,6750,4,,1,14,,6742,4,,1,14,,6743,4,,1,6,,6744,4,,1,14,,6745,4,,1,54,,6746,4,,1,12,,6747,4,,1,14,,6748,4,,1,11,,6749,4,,1,67,,6767,4,,1,22,,6766,4,,1,23,,6755,4,,1,63,,6756,4,,1,23,,6757,4,,1,63,,6758,4,,1,21,,6759,4,,1,23,,6760,4,,1,59,,6761,4,,1,23,,6762,4,,1,23,,6763,4,,1,63,,6764,4,,1,23,,6765,4,,1
9101,'2',803,,6775,4,,1,22,,6776,4,,1,26,,6777,4,,1,62,,6778,4,,1,22,,6779,4,,1,22,,6780,4,,1,62,,6781,4,,1,26,,6782,4,,1,67,,6802,4,,1,25,,6783,4,,1,64,,6784,4,,1,25,,6785,4,,1,25,,6786,4,,1,65,,6787,4,,1,29,,6788,4,,1,65,,6789,4,,1,25,,6790,4,,1,65,,6791,4,,1,25,,6792,4,,1,20,,6793,4,,1,65,,6794,4,,1,25,,6795,4,,1,65,,6796,4,,1,25,,6797,4,,1,25,,6798,4,,1,65,,6799,4,,1,25,,6800,4,,1,65,,6801,4,,1,25,,6803,4,,1,23,,6804,4,,1,65,,6805,4,,1,25,,6806,4,,1,88,,6807,4,,1,69,,6808,4,,1,29,,6809,4,,1,21,,6810,4,,1,69,,6811,4,,1,29,,6812,4,,1,63,,6813,4,,1
9101,'3',759,,6814,4,,1,163,,6815,4,,1,91,,6816,4,,1,37,,6817,4,,1,75,,6818,4,,1,32,,6819,4,,1,72,,6820,4,,1,72,,6821,4,,1,32,,6822,4,,1,72,,6823,4,,1,32,,6824,4,,1,71,,6825,4,,1,32,,6826,4,,1,69,,6827,4,,1,32,,6828,4,,1,72,,6829,4,,1,32,,6830,4,,1,72,,6831,4,,1,32,,6832,4,,1,69,,6833,4,,1,96,,6838,4,,1,42,,6834,4,,1,82,,6835,4,,1,81,,6836,4,,1,82,,6837,4,,1,35,,6842,4,,1,76,,6839,4,,1,36,,6840,4,,1,68,,6841,4,,1
9101,'80',759,,6843,4,,1,163,,6844,4,,1,91,,6845,4,,1,37,,6846,4,,1,75,,6847,4,,1,32,,6848,4,,1,72,,6849,4,,1,72,,6850,4,,1,32,,6851,4,,1,72,,6852,4,,1,32,,6853,4,,1,71,,6854,4,,1,32,,6855,4,,1,69,,6856,4,,1,32,,6857,4,,1,72,,6858,4,,1,32,,6859,4,,1,72,,6860,4,,1,32,,6861,4,,1,69,,6862,4,,1,96,,6867,4,,1,42,,6863,4,,1,82,,6864,4,,1,81,,6865,4,,1,82,,6866,4,,1,35,,6871,4,,1,76,,6868,4,,1,36,,6869,4,,1,68,,6870,4,,1
9101,'81',759,,6872,4,,1,163,,6873,4,,1,91,,6874,4,,1,37,,6875,4,,1,75,,6876,4,,1,32,,6877,4,,1,72,,6878,4,,1,72,,6879,4,,1,32,,6880,4,,1,72,,6881,4,,1,32,,6882,4,,1,71,,6883,4,,1,32,,6884,4,,1,69,,6885,4,,1,32,,6886,4,,1,72,,6887,4,,1,32,,6888,4,,1,72,,6889,4,,1,32,,6890,4,,1,69,,6891,4,,1,96,,6896,4,,1,42,,6892,4,,1,82,,6893,4,,1,81,,6894,4,,1,82,,6895,4,,1,35,,6900,4,,1,76,,6897,4,,1,36,,6898,4,,1,68,,6899,4,,1
39101,'1',739,,9200,4,,1,67,,9201,4,,1,20,,9202,4,,1
