1600,'1',540,,2421,9,,,1,62,,2422,9,,,1,23,,2423,9,,,1,22,,2424,9,,,1,62,,2425,9,,,1,22,,2426,9,,,1,18,,2427,9,,,1,66,,2428,9,,,1,22,,2429,9,,,1,22,,2430,9,,,1,71,,2431,9,,,1,71,,2432,9,,,1,35,,2433,9,,,1,67,,2434,9,,,1,31,,2435,9,,,1,71,,2436,9,,,1,31,,2437,9,,,1,71,,2438,9,,,1,31,,2439,9,,,1,75,,2440,9,,,1,20,,2441,9,,,1,23,,2442,9,,,1,63,,2443,9,,,1,23,,2444,9,,,1,63,,2445,9,,,1,24,,2446,9,,,1,23,,2447,9,,,1,63,,2448,9,,,1,23,,2449,9,,,1,63,,2450,9,,,1,23,,2451,9,,,1,20,,2452,9,,,1,63,,2453,9,,,1,23,,2454,9,,,1,23,,2455,9,,,1,63,,2456,9,,,1,23,,2457,9,,,1,74,,2458,9,,,1,34,,2459,9,,,1,74,,2460,9,,,1,34,,2461,9,,,1,74,,2462,9,,,1,74,,2466,9,,,1
1600,'2',649,,2467,9,,,1,78,,2468,9,,,1,78,,2469,9,,,1,38,,2470,9,,,1,78,,2471,9,,,1,38,,2472,9,,,1,78,,2473,9,,,1,78,,2474,9,,,1,38,,2475,9,,,1,78,,2476,9,,,1,81,,2477,9,,,1,41,,2478,9,,,1,82,,2479,9,,,1,81,,2480,9,,,1,42,,2481,9,,,1,81,,2482,9,,,1,81,,2483,9,,,1,81,,2484,9,,,1,41,,2485,9,,,1,75,,2486,9,,,1,36,,2487,9,,,1,79,,2488,9,,,1,73,,2489,9,,,1,35,,2490,9,,,1,77,,2491,9,,,1,35,,2492,9,,,1,76,,2493,9,,,1
1600,'3',842,,2495,9,,,1,96,,2496,9,,,1,95,,2497,9,,,1,95,,2498,9,,,1,95,,2499,9,,,1,99,,2504,9,,,1,98,,2500,9,,,1,98,,2501,9,,,1,98,,2502,9,,,1,94,,2503,9,,,1,95,,2509,9,,,1,52,,2505,9,,,1,91,,2506,9,,,1,92,,2507,9,,,1,92,,2508,9,,,1
1600,'80',842,,2512,9,,,1,96,,2513,9,,,1,95,,2514,9,,,1,95,,2515,9,,,1,95,,2516,9,,,1,99,,2521,9,,,1,98,,2517,9,,,1,98,,2518,9,,,1,98,,2519,9,,,1,94,,2520,9,,,1,95,,2526,9,,,1,52,,2522,9,,,1,91,,2523,9,,,1,92,,2524,9,,,1,92,,2525,9,,,1
1600,'81',842,,2529,9,,,1,96,,2532,9,,,1,95,,2533,9,,,1,95,,2534,9,,,1,95,,2535,9,,,1,99,,2540,9,,,1,98,,2536,9,,,1,98,,2537,9,,,1,98,,2538,9,,,1,94,,2539,9,,,1,95,,2545,9,,,1,52,,2541,9,,,1,91,,2542,9,,,1,92,,2543,9,,,1,92,,2544,9,,,1
8500,'1',636,,5396,53,,,1,16,,5397,53,,,1,56,,5398,53,,,1,16,,5399,53,,,1,16,,5400,53,,,1,19,,5401,53,,,1,56,,5402,53,,,1,16,,5403,53,,,1,16,,5404,53,,,1,56,,5405,53,,,1,16,,5406,53,,,1,11,,5407,52,,,1,16,,5408,52,,,1,65,,5409,52,,,1,25,,5410,52,,,1,18,,5411,52,,,1,65,,5412,52,,,1,25,,5413,52,,,1,65,,5414,52,,,1,25,,5415,52,,,1,67,,5416,52,,,1,25,,5417,52,,,1,27,,5418,52,,,1,65,,5419,52,,,1,20,,5420,52,,,1,16,,5447,38,,,1,58,,5421,38,,,1,20,,5422,38,,,1,16,,5423,38,,,1,57,,5424,38,,,1,16,,5425,38,,,1,24,,5426,39,,,1,13,,5427,39,,,1,56,,5428,39,,,1,16,,5429,39,,,1,19,,5430,39,,,1,56,,5431,39,,,1,16,,5432,39,,,1,16,,5433,39,,,1,9,,5434,39,,,1,56,,5435,39,,,1,16,,5436,39,,,1,16,,5437,39,,,1,16,,5438,39,,,1,53,,5439,38,,,1,25,,5440,38,,,1,26,,5441,38,,,1,65,,5442,38,,,1,32,,5443,38,,,1,72,,5444,38,,,1,32,,5445,38,,,1,72,,5446,38,,,1
8500,'2',711,,5476,52,,,1,31,,5477,52,,,1,70,,5478,52,,,1,28,,5479,52,,,1,74,,5480,52,,,1,30,,5481,52,,,1,70,,5482,52,,,1,34,,5483,52,,,1,70,,5484,52,,,1,31,,5448,52,,,1,62,,5449,52,,,1,25,,5450,52,,,1,23,,5451,52,,,1,63,,5452,52,,,1,23,,5453,52,,,1,63,,5454,52,,,1,23,,5455,52,,,1,23,,5456,52,,,1,63,,5457,52,,,1,23,,5458,52,,,1,63,,5459,52,,,1,23,,5460,52,,,1,23,,5461,52,,,1,63,,5462,52,,,1,21,,5463,52,,,1,21,,5464,52,,,1,57,,5465,52,,,1,21,,5466,52,,,1,21,,5467,52,,,1,61,,5468,52,,,1,21,,5469,52,,,1,21,,5470,52,,,1,59,,5471,52,,,1,21,,5472,52,,,1,21,,5473,52,,,1,61,,5474,52,,,1,21,,5475,52,,,1,70,,5485,52,,,1,30,,5486,52,,,1,70,,5487,52,,,1
8500,'3',846,,5505,24,,,1,80,,5506,24,,,1,79,,5488,52,,,1,40,,5489,52,,,1,81,,5490,52,,,1,80,,5491,52,,,1,51,,5492,52,,,1,83,,5493,52,,,1,83,,5494,52,,,1,83,,5495,52,,,1,42,,5496,52,,,1,83,,5497,52,,,1,84,,5498,52,,,1,34,,5499,52,,,1,81,,5500,52,,,1,85,,5501,52,,,1,37,,5502,52,,,1,81,,5503,52,,,1,81,,5504,52,,,1
8500,'80',846,,5524,24,,,1,80,,5525,24,,,1,79,,5507,52,,,1,40,,5508,52,,,1,81,,5509,52,,,1,80,,5510,52,,,1,51,,5511,52,,,1,83,,5512,52,,,1,83,,5513,52,,,1,83,,5514,52,,,1,42,,5515,52,,,1,83,,5516,52,,,1,84,,5517,52,,,1,34,,5518,52,,,1,81,,5519,52,,,1,85,,5520,52,,,1,37,,5521,52,,,1,81,,5522,52,,,1,81,,5523,52,,,1
8500,'81',846,,5543,24,,,1,80,,5544,24,,,1,79,,5526,52,,,1,40,,5527,52,,,1,81,,5528,52,,,1,80,,5529,52,,,1,51,,5530,52,,,1,83,,5531,52,,,1,83,,5532,52,,,1,83,,5533,52,,,1,42,,5534,52,,,1,83,,5535,52,,,1,84,,5536,52,,,1,34,,5537,52,,,1,81,,5538,52,,,1,85,,5539,52,,,1,37,,5540,52,,,1,81,,5541,52,,,1,81,,5542,52,,,1
8601,'1',614,,5743,40,,,1,33,,5742,40,,,1,68,,5739,40,,,1,27,,5740,40,,,1,77,,5741,43,,,1,40,,5744,39,,,1,74,,5747,39,,,1,102,,5746,39,,,1,86,,5745,39,,,1,94,,5748,39,,,1,93,,5749,39,,,1,42,,5750,39,,,1,103,,5751,43,,,1,88,,5752,39,,,1,71,,5762,39,,,1,29,,5753,39,,,1,89,,5754,39,,,1,25,,5755,40,,,1,65,,5757,40,,,1,32,,5756,40,,,1,68,,5758,39,,,1,33,,5759,40,,,1,80,,5760,39,,,1,81,,5761,39,,,1
8601,'2',811,,5763,39,,,1,46,,5764,39,,,1,88,,5765,39,,,1,86,,5766,39,,,1,86,,5767,39,,,1,86,,5768,39,,,1,45,,5769,39,,,1,86,,5770,39,,,1,86,,5771,39,,,1,87,,5772,39,,,1,46,,5773,39,,,1,86,,5774,39,,,1,86,,5775,39,,,1,82,,5776,39,,,1,46,,5777,39,,,1,86,,5778,39,,,1
