9600,'1',657,,31260,68,,,1,86,,31259,68,,,1,71,,31258,68,,,1,37,,31257,68,,,1,67,,31256,68,,,1,34,,31253,68,,,1,74,,31254,68,,,1,30,,31255,68,,,1,72,,31268,68,,,1,27,,31267,64,,,1,79,,31261,64,,,1,79,,31262,64,,,1,39,,31263,64,,,1,85,,31264,64,,,1,65,,31265,64,,,1,53,,31266,68,,,1,83,,31274,68,,,1,67,,31273,68,,,1,31,,31272,68,,,1,64,,31269,68,,,1,27,,31270,68,,,1,21,,31271,68,,,1,67,,31277,68,,,1,20,,31278,68,,,1,13,,31288,68,,,1,11,,31276,68,,,1,65,,31275,68,,,1,30,,31285,64,,,1,70,,31284,64,,,1,15,,31287,64,,,1,12,,31279,64,,,1,70,,31280,64,,,1,30,,31281,64,,,1,68,,31282,64,,,1,30,,31283,64,,,1,57,,31286,64,,,1
9600,'2',1018,,31289,64,,,1,100,,31290,64,,,1,99,,31291,64,,,1,97,,31292,64,,,1,99,,31293,64,,,1,99,,31294,64,,,1,99,,31295,64,,,1,99,,31296,64,,,1,95,,31297,64,,,1,97,,31298,64,,,1,47,,31299,64,,,1,83,,31300,64,,,1,97,,31301,64,,,1
9600,'3',1109,,31302,64,,,1,94,,31303,64,,,1,54,,31304,64,,,1,94,,31305,64,,,1,94,,31306,64,,,1,94,,31307,64,,,1,94,,31308,64,,,1,94,,31309,64,,,1,92,,31310,64,,,1,94,,31311,64,,,1,94,,31312,64,,,1,51,,31313,64,,,1
9600,'74',1018,,31314,64,,,1,100,,31315,64,,,1,99,,31316,64,,,1,97,,31317,64,,,1,99,,31318,64,,,1,99,,31319,64,,,1,99,,31320,64,,,1,99,,31321,64,,,1,95,,31322,64,,,1,97,,31323,64,,,1,47,,31324,64,,,1,83,,31325,64,,,1,97,,31326,64,,,1
9600,'80',1109,,31327,64,,,1,94,,31328,64,,,1,54,,31329,64,,,1,94,,31330,64,,,1,94,,31331,64,,,1,94,,31332,64,,,1,94,,31333,64,,,1,94,,31334,64,,,1,92,,31335,64,,,1,94,,31336,64,,,1,94,,31337,64,,,1,51,,31338,64,,,1
9800,'1',615,,31445,20,,,1,35,,31444,20,,,1,73,,31443,20,,,1,35,,31442,20,,,1,75,,31441,20,,,1,75,,31440,20,,,1,98,,31436,20,,,1,98,,31433,20,,,1,54,,31438,20,,,1,98,,31437,20,,,1,80,,31425,20,,,1,78,,31435,20,,,1,40,,31434,20,,,1,80,,31432,20,,,1,80,,31431,20,,,1,40,,31430,20,,,1,85,,31429,20,,,1,80,,31428,20,,,1,95,,31427,20,,,1,91,,31426,20,,,1,50,,31439,20,,,1
9800,'2',615,,31463,20,,,1,86,,31462,20,,,1,44,,31461,20,,,1,94,,31460,20,,,1,92,,31459,20,,,1,90,,31458,20,,,1,94,,31457,20,,,1,98,,31456,20,,,1,98,,31455,20,,,1,96,,31454,20,,,1,98,,31453,20,,,1,98,,31452,20,,,1,101,,31451,20,,,1,102,,31450,20,,,1,49,,31449,20,,,1,93,,31448,20,,,1,89,,31447,20,,,1,85,,31446,20,,,1
9800,'3',800,,31479,20,,,1,48,,31478,20,,,1,88,,31477,20,,,1,91,,31476,20,,,1,93,,31475,20,,,1,89,,31474,20,,,1,93,,31473,20,,,1,53,,31472,20,,,1,93,,31471,20,,,1,93,,31470,20,,,1,93,,31469,20,,,1,98,,31468,20,,,1,88,,31467,20,,,1,91,,31466,20,,,1,47,,31465,20,,,1,88,,31464,20,,,1
9800,'74',615,,31497,20,,,1,86,,31496,20,,,1,44,,31495,20,,,1,94,,31494,20,,,1,92,,31493,20,,,1,90,,31492,20,,,1,94,,31491,20,,,1,98,,31490,20,,,1,98,,31489,20,,,1,96,,31488,20,,,1,98,,31487,20,,,1,98,,31486,20,,,1,101,,31485,20,,,1,102,,31484,20,,,1,49,,31483,20,,,1,93,,31482,20,,,1,89,,31481,20,,,1,85,,31480,20,,,1
9800,'80',800,,31513,20,,,1,48,,31512,20,,,1,88,,31511,20,,,1,91,,31510,20,,,1,93,,31509,20,,,1,89,,31508,20,,,1,93,,31507,20,,,1,53,,31506,20,,,1,93,,31505,20,,,1,93,,31504,20,,,1,93,,31503,20,,,1,98,,31502,20,,,1,88,,31501,20,,,1,91,,31500,20,,,1,47,,31499,20,,,1,88,,31498,20,,,1
989900,'1',2120,,36830,63,,,1,34,,36831,63,,,1,78,,36832,63,,,1,78,,36833,63,,,1,35,,36834,63,,,1,71,,36835,63,,,1,35,,36836,63,,,1,75,,36837,63,,,1,76,,36838,63,0,5 6,1,35,,36839,63,0,5 6,1,79,,36840,63,0,5 6,1
989900,'2',2124,,36841,63,,,1,94,,36842,63,,,1,86,,36843,63,,,1,52,,36844,63,,,1,86,,36845,63,,,1,86,,36846,63,,,1,84,,36847,63,0,5 6,1,46,,36848,63,0,5 6,1,86,,36849,63,0,5 6,1
989900,'3',2140,,36850,63,,,1,90,,36851,63,,,1,85,,36852,63,,,1,90,,36853,63,,,1,40,,36854,63,,,1,83,,36855,63,,,1,79,,36856,63,0,5 6,1,43,,36857,63,0,5 6,1,83,,36858,63,0,5 6,1
989900,'74',2124,,36859,63,,,1,94,,36860,63,,,1,86,,36861,63,,,1,52,,36862,63,,,1,86,,36863,63,,,1,86,,36864,63,,,1,84,,36865,63,0,5 6,1,46,,36866,63,0,5 6,1,86,,36867,63,0,5 6,1
989900,'80',2140,,36868,63,,,1,90,,36869,63,,,1,85,,36870,63,,,1,90,,36871,63,,,1,40,,36872,63,,,1,83,,36873,63,,,1,79,,36874,63,0,5 6,1,43,,36875,63,0,5 6,1,83,,36876,63,0,5 6,1
