5000,'1',529,,4159,2,,,1,71,,4158,2,,,1,27,,4157,2,,,1,27,,4156,2,,,1,65,,4155,2,,,1,29,,4154,2,,,1,67,,4150,2,,,1,27,,4151,2,,,1,67,,4152,2,,,1,27,,4153,2,,,1,82,,4168,2,,,1,31,,4167,2,,,1,69,,4166,2,,,1,31,,4160,2,,,1,70,,4161,2,,,1,28,,4162,2,,,1,69,,4163,2,,,1,32,,4164,2,,,1,67,,4165,2,,,1,18,,4179,2,,,1,68,,4178,2,,,1,28,,4177,2,,,1,20,,4176,2,,,1,76,,4169,2,,,1,28,,4170,2,,,1,68,,4171,2,,,1,28,,4172,2,,,1,64,,4173,2,,,1,39,,4174,2,,,1,60,,4175,2,,,1,25,,4185,2,,,1,77,,4184,2,,,1,37,,4180,2,,,1,77,,4181,2,,,1,77,,4182,2,,,1,37,,4183,2,,,1
5000,'2',600,,4186,2,,,1,37,,4187,2,,,1,77,,4188,2,,,1,37,,4189,2,,,1,77,,4190,2,,,1,80,,4191,2,,,1,40,,4192,2,,,1,80,,4193,2,,,1,80,,4194,2,,,1,40,,4195,2,,,1,80,,4196,2,,,1,80,,4197,2,,,1,40,,4198,2,,,1,80,,4199,2,,,1,80,,4200,2,,,1,40,,4201,2,,,1,77,,4202,2,,,1,83,,4203,2,,,1,36,,4204,2,,,1,76,,4205,2,,,1,36,,4206,2,,,1,76,,4207,2,,,1,76,,4208,2,,,1,36,,4209,2,,,1,76,,4210,2,,,1,36,,4211,2,,,1,76,,4212,2,,,1
5000,'3',600,,4213,2,,,1,48,,4214,2,,,1,88,,4215,2,,,1,88,,4216,2,,,1,88,,4217,2,,,1,88,,4218,2,,,1,50,,4219,2,,,1,90,,4220,2,,,1,90,,4221,2,,,1,90,,4222,2,,,1,90,,4223,2,,,1,90,,4224,2,,,1,50,,4225,2,,,1,87,,4226,2,,,1,87,,4227,2,,,1,87,,4228,2,,,1,47,,4229,2,,,1,84,,4230,2,,,1,86,,4231,2,,,1,83,,4232,2,,,1,43,,4233,2,,,1,83,,4234,2,,,1
5000,'80',600,,4235,2,,,1,48,,4236,2,,,1,88,,4237,2,,,1,88,,4238,2,,,1,88,,4239,2,,,1,88,,4240,2,,,1,50,,4241,2,,,1,90,,4242,2,,,1,90,,4243,2,,,1,90,,4244,2,,,1,90,,4245,2,,,1,90,,4246,2,,,1,50,,4247,2,,,1,87,,4248,2,,,1,87,,4249,2,,,1,87,,4250,2,,,1,47,,4251,2,,,1,84,,4252,2,,,1,86,,4253,2,,,1,83,,4254,2,,,1,43,,4255,2,,,1,83,,4256,2,,,1
5000,'81',600,,4257,2,,,1,48,,4258,2,,,1,88,,4259,2,,,1,88,,4260,2,,,1,88,,4261,2,,,1,88,,4262,2,,,1,50,,4263,2,,,1,90,,4264,2,,,1,90,,4265,2,,,1,90,,4266,2,,,1,90,,4267,2,,,1,90,,4268,2,,,1,50,,4269,2,,,1,87,,4270,2,,,1,87,,4271,2,,,1,87,,4272,2,,,1,47,,4273,2,,,1,84,,4274,2,,,1,86,,4275,2,,,1,83,,4276,2,,,1,43,,4277,2,,,1,83,,4278,2,,,1
5500,'1',529,,4534,2,,,1,79,,4533,2,,,1,34,,4532,2,,,1,84,,4531,2,,,1,77,,4530,2,,,1,39,,4529,2,,,1,79,,4520,2,,,1,628,,4528,2,,,1,81,,4527,2,,,1,81,,4526,2,,,1,41,,4525,2,,,1,81,,4524,2,,,1,81,,4523,2,,,1,41,,4522,2,,,1,81,,4521,2,,,1
9800,'1',639,,7091,51,,,1,75,,7090,51,,,1,35,,7089,51,,,1,75,,7088,51,,,1,35,,7087,51,,,1,75,,7086,51,,,1,98,,7082,51,,,1,98,,7079,51,,,1,96,,7084,51,,,1,98,,7083,51,,,1,80,,7071,51,,,1,39,,7081,51,,,1,80,,7080,51,,,1,80,,7078,51,,,1,40,,7077,51,,,1,80,,7076,51,,,1,83,,7075,51,,,1,40,,7074,51,,,1,92,,7073,51,,,1,91,,7072,51,,,1,88,,7085,51,,,1
9800,'2',638,,7109,51,,,1,86,,7108,51,,,1,85,,7107,51,,,1,94,,7106,51,,,1,53,,7105,51,,,1,92,,7104,51,,,1,94,,7103,51,,,1,98,,7102,51,,,1,98,,7101,51,,,1,97,,7100,51,,,1,98,,7099,51,,,1,98,,7098,51,,,1,99,,7097,51,,,1,100,,7096,51,,,1,89,,7095,51,,,1,91,,7094,51,,,1,49,,7093,51,,,1,85,,7092,51,,,1
9800,'3',822,,7125,51,,,1,88,,7124,51,,,1,48,,7123,51,,,1,93,,7122,51,,,1,93,,7121,51,,,1,91,,7120,51,,,1,93,,7119,51,,,1,93,,7118,51,,,1,93,,7117,51,,,1,93,,7116,51,,,1,93,,7115,51,,,1,55,,7114,51,,,1,88,,7113,51,,,1,90,,7112,51,,,1,87,,7111,51,,,1,88,,7110,51,,,1
9800,'80',822,,7141,51,,,1,88,,7140,51,,,1,48,,7139,51,,,1,93,,7138,51,,,1,93,,7137,51,,,1,91,,7136,51,,,1,93,,7135,51,,,1,93,,7134,51,,,1,93,,7133,51,,,1,93,,7132,51,,,1,93,,7131,51,,,1,55,,7130,51,,,1,88,,7129,51,,,1,90,,7128,51,,,1,87,,7127,51,,,1,88,,7126,51,,,1
9800,'81',822,,7157,51,,,1,88,,7156,51,,,1,48,,7155,51,,,1,93,,7154,51,,,1,93,,7153,51,,,1,91,,7152,51,,,1,93,,7151,51,,,1,93,,7150,51,,,1,93,,7149,51,,,1,93,,7148,51,,,1,93,,7147,51,,,1,55,,7146,51,,,1,88,,7145,51,,,1,90,,7144,51,,,1,87,,7143,51,,,1,88,,7142,51,,,1
9801,'1',514,,7165,10,,,1,35,,7164,10,,,1,75,,7163,10,,,1,35,,7162,10,,,1,75,,7161,10,,,1,75,,7160,10,,,1,35,,7159,10,,,1,75,,7158,10,,,1,35,,7171,10,,,1,99,,7170,10,,,1,98,,7169,10,,,1,98,,7168,10,,,1,99,,7167,10,,,1,80,,7166,10,,,1,80,,7181,10,,,1,40,,7180,10,,,1,80,,7179,10,,,1,80,,7178,10,,,1,40,,7177,10,,,1,79,,7176,10,,,1,80,,7175,10,,,1,51,,7174,10,,,1,90,,7173,10,,,1,88,,7172,10,,,1
9801,'2',523,,7200,10,,,1,86,,7199,10,,,1,46,,7198,10,,,1,86,,7197,10,,,1,86,,7196,10,,,1,94,,7195,10,,,1,94,,7194,10,,,1,96,,7193,10,,,1,94,,7192,10,,,1,100,,7191,10,,,1,98,,7190,10,,,1,98,,7189,10,,,1,57,,7188,10,,,1,98,,7187,10,,,1,98,,7186,10,,,1,97,,7185,10,,,1,87,,7184,10,,,1,89,,7183,10,,,1,89,,7182,10,,,1
9801,'3',704,,7217,10,,,1,48,,7218,10,,,1,88,,7216,10,,,1,88,,7215,10,,,1,88,,7214,10,,,1,94,,7213,10,,,1,93,,7212,10,,,1,53,,7211,10,,,1,94,,7210,10,,,1,93,,7209,10,,,1,93,,7208,10,,,1,93,,7207,10,,,1,93,,7206,10,,,1,93,,7205,10,,,1,87,,7204,10,,,1,48,,7203,10,,,1,87,,7202,10,,,1,88,,7201,10,,,1
9801,'80',704,,7235,10,,,1,48,,7236,10,,,1,88,,7234,10,,,1,88,,7233,10,,,1,88,,7232,10,,,1,94,,7231,10,,,1,93,,7230,10,,,1,53,,7229,10,,,1,94,,7228,10,,,1,93,,7227,10,,,1,93,,7226,10,,,1,93,,7225,10,,,1,93,,7224,10,,,1,93,,7223,10,,,1,87,,7222,10,,,1,48,,7221,10,,,1,87,,7220,10,,,1,88,,7219,10,,,1
9801,'81',704,,7253,10,,,1,48,,7254,10,,,1,88,,7252,10,,,1,88,,7251,10,,,1,88,,7250,10,,,1,94,,7249,10,,,1,93,,7248,10,,,1,53,,7247,10,,,1,94,,7246,10,,,1,93,,7245,10,,,1,93,,7244,10,,,1,93,,7243,10,,,1,93,,7242,10,,,1,93,,7241,10,,,1,87,,7240,10,,,1,48,,7239,10,,,1,87,,7238,10,,,1,88,,7237,10,,,1
989900,'1',2141,,11580,94,0,198 199,1,72,,11581,94,0,198 199,1,38,,11582,94,0,198 199,1,78,,11583,94,0,198 199,1,75,,11584,94,0,198 199,1,32,,11585,94,0,198 199,1,75,,11586,94,0,198 199,1,35,,11587,94,0,198 199,1
989900,'2',2146,,11591,94,0,198 199,1,94,,11592,94,0,198 199,1,84,,11593,94,0,198 199,1,91,,11594,94,0,198 199,1,86,,11595,94,0,198 199,1,46,,11596,94,0,198 199,1
989900,'3',2200,,11600,94,0,198 199,1,50,,11601,94,0,198 199,1,83,,11602,94,0,198 199,1,90,,11603,94,0,198 199,1,79,,11604,94,0,198 199,1,43,,11605,94,0,198 199,1
989900,'80',2200,,11609,94,0,198 199,1,50,,11610,94,0,198 199,1,83,,11611,94,0,198 199,1,90,,11612,94,0,198 199,1,79,,11613,94,0,198 199,1,43,,11614,94,0,198 199,1
989900,'81',2200,,11618,94,0,198 199,1,50,,11619,94,0,198 199,1,83,,11620,94,0,198 199,1,90,,11621,94,0,198 199,1,79,,11622,94,0,198 199,1,43,,11623,94,0,198 199,1
989901,'1',2156,,11627,10,,,1,72,,11628,10,,,1,78,,11629,10,,,1,37,,11630,10,,,1,75,,11631,10,,,1,32,,11632,10,,,1,75,,11633,10,,,1,75,,11634,10,,,1
989901,'2',2201,,11635,10,,,1,54,,11636,10,,,1,83,,11637,10,,,1,91,,11640,10,,,1,85,,11638,10,,,1,86,,11639,10,,,1
989901,'3',2214,,11641,10,,,1,90,,11642,10,,,1,43,,11643,10,,,1,90,,11644,10,,,1,79,,11645,10,,,1,43,,11646,10,,,1
989901,'80',2214,,11647,10,,,1,90,,11648,10,,,1,43,,11649,10,,,1,90,,11650,10,,,1,79,,11651,10,,,1,43,,11652,10,,,1
989901,'81',2214,,11653,10,,,1,90,,11654,10,,,1,43,,11655,10,,,1,90,,11656,10,,,1,79,,11657,10,,,1,43,,11658,10,,,1
