9900,'1',355,,7281,24,4,,1,80,,7282,24,4,,1,73,,7255,44,4,,1,42,,7256,44,4,,1,80,,7257,44,4,,1,85,,7258,44,4,,1,97,,7259,44,4,,1,35,,7260,44,4,,1,78,,7261,44,4,,1,31,,7262,44,4,,1,75,,7263,44,4,,1,75,,7264,44,4,,1,100,,7265,44,4,,1,94,,7266,44,4,,1,54,,7267,44,4,,1,94,,7268,44,4,,1,76,,7280,44,4,,1,31,,7279,44,4,,1,69,,7269,44,4,,1,30,,7270,44,4,,1,70,,7271,44,4,,1,30,,7272,44,4,,1,70,,7273,44,4,,1,24,,7274,44,4,,1,70,,7275,44,4,,1,24,,7276,44,4,,1,70,,7277,44,4,,1,26,,7278,44,4,,1
9900,'2',515,,7301,24,4,,1,37,,7302,24,4,,1,74,,7283,44,4,,1,80,,7284,44,4,,1,38,,7298,44,4,,1,92,,7297,44,4,,1,87,,7285,44,4,,1,87,,7286,44,4,,1,47,,7287,44,4,,1,91,,7288,44,4,,1,109,,7289,44,4,,1,95,,7290,44,4,,1,95,,7291,44,4,,1,97,,7292,44,4,,1,95,,7293,44,4,,1,91,,7294,44,4,,1,95,,7295,44,4,,1,95,,7296,44,4,,1,84,,7300,44,4,,1,50,,7299,44,4,,1
9900,'3',517,,7321,24,4,,1,38,,7322,24,4,,1,81,,7303,44,4,,1,78,,7304,44,4,,1,38,,7305,44,4,,1,78,,7306,44,4,,1,96,,7323,44,4,,1,89,,7307,44,4,,1,89,,7308,44,4,,1,49,,7309,44,4,,1,93,,7310,44,4,,1,89,,7311,44,4,,1,89,,7312,44,4,,1,89,,7313,44,4,,1,89,,7314,44,4,,1,49,,7315,44,4,,1,89,,7316,44,4,,1,87,,7317,44,4,,1,89,,7318,44,4,,1,89,,7319,44,4,,1,39,,7320,44,4,,1
9900,'80',517,,7342,24,4,,1,38,,7343,24,4,,1,81,,7324,44,4,,1,78,,7325,44,4,,1,38,,7326,44,4,,1,78,,7327,44,4,,1,96,,7344,44,4,,1,89,,7328,44,4,,1,89,,7329,44,4,,1,49,,7330,44,4,,1,93,,7331,44,4,,1,89,,7332,44,4,,1,89,,7333,44,4,,1,89,,7334,44,4,,1,89,,7335,44,4,,1,49,,7336,44,4,,1,89,,7337,44,4,,1,87,,7338,44,4,,1,89,,7339,44,4,,1,89,,7340,44,4,,1,39,,7341,44,4,,1
9900,'81',517,,7363,24,4,,1,38,,7364,24,4,,1,81,,7345,44,4,,1,78,,7346,44,4,,1,38,,7347,44,4,,1,78,,7348,44,4,,1,96,,7365,44,4,,1,89,,7349,44,4,,1,89,,7350,44,4,,1,49,,7351,44,4,,1,93,,7352,44,4,,1,89,,7353,44,4,,1,89,,7354,44,4,,1,89,,7355,44,4,,1,89,,7356,44,4,,1,49,,7357,44,4,,1,89,,7358,44,4,,1,87,,7359,44,4,,1,89,,7360,44,4,,1,89,,7361,44,4,,1,39,,7362,44,4,,1
9901,'1',400,,7366,1,,,1,40,,7367,1,,,1,80,,7368,1,,,1,80,,7369,1,,,1,35,,7370,1,,,1,75,,7371,1,,,1,27,,7372,1,,,1,83,,7373,1,,,1,35,,7374,1,,,1,75,,7375,1,,,1,94,,7376,1,,,1,94,,7377,1,,,1,94,,7378,1,,,1,94,,7379,1,,,1,100,,7380,1,,,1,24,,7381,1,,,1,70,,7382,1,,,1,30,,7383,1,,,1,70,,7384,1,,,1,30,,7385,1,,,1,70,,7386,1,,,1,30,,7387,1,,,1,70,,7388,1,,,1,30,,7389,1,,,1,70,,7390,1,,,1,30,,7391,1,,,1,70,,7392,1,,,1,25,,7393,1,,,1,75,,7394,1,,,1,45,,7395,1,,,1
9901,'2',520,,7396,1,,,1,37,,7397,1,,,1,77,,7398,1,,,1,77,,7399,1,,,1,47,,7400,1,,,1,87,,7401,1,,,1,87,,7402,1,,,1,87,,7403,1,,,1,95,,7404,1,,,1,95,,7405,1,,,1,95,,7406,1,,,1,55,,7407,1,,,1,95,,7408,1,,,1,95,,7409,1,,,1,95,,7410,1,,,1,95,,7411,1,,,1,95,,7412,1,,,1,95,,7413,1,,,1,85,,7414,1,,,1,45,,7415,1,,,1
9901,'3',525,,7416,1,,,1,78,,7417,1,,,1,38,,7418,1,,,1,78,,7419,1,,,1,38,,7420,1,,,1,89,,7421,1,,,1,89,,7422,1,,,1,89,,7423,1,,,1,89,,7424,1,,,1,89,,7425,1,,,1,49,,7426,1,,,1,89,,7427,1,,,1,89,,7428,1,,,1,89,,7429,1,,,1,89,,7430,1,,,1,49,,7431,1,,,1,89,,7432,1,,,1,89,,7433,1,,,1,89,,7434,1,,,1,89,,7435,1,,,1,89,,7436,1,,,1,39,,7437,1,,,1
9901,'80',525,,7438,1,,,1,78,,7439,1,,,1,38,,7440,1,,,1,78,,7441,1,,,1,38,,7442,1,,,1,89,,7443,1,,,1,89,,7444,1,,,1,89,,7445,1,,,1,89,,7446,1,,,1,89,,7447,1,,,1,49,,7448,1,,,1,89,,7449,1,,,1,89,,7450,1,,,1,89,,7451,1,,,1,89,,7452,1,,,1,49,,7453,1,,,1,89,,7454,1,,,1,89,,7455,1,,,1,89,,7456,1,,,1,89,,7457,1,,,1,89,,7458,1,,,1,39,,7459,1,,,1
9901,'81',525,,7460,1,,,1,78,,7461,1,,,1,38,,7462,1,,,1,78,,7463,1,,,1,38,,7464,1,,,1,89,,7465,1,,,1,89,,7466,1,,,1,89,,7467,1,,,1,89,,7468,1,,,1,89,,7469,1,,,1,49,,7470,1,,,1,89,,7471,1,,,1,89,,7472,1,,,1,89,,7473,1,,,1,89,,7474,1,,,1,49,,7475,1,,,1,89,,7476,1,,,1,89,,7477,1,,,1,89,,7478,1,,,1,89,,7479,1,,,1,89,,7480,1,,,1,39,,7481,1,,,1
