201,'1',527,,339,27,,,1,21,,340,27,,,1,61,,341,27,,,1,21,,342,27,,,1,3,,309,78,,,1,21,,310,78,,,1,65,,311,78,,,1,23,,312,78,,,1,61,,313,78,,,1,29,,314,86,,,1,21,,315,78,,,1,61,,316,78,,,1,21,,317,78,,,1,13,,318,78,,,1,71,,319,78,,,1,35,,320,78,,,1,75,,321,78,,,1,75,,322,78,,,1,35,,323,78,,,1,75,,324,78,,,1,35,,325,78,,,1,75,,326,78,,,1,83,,327,78,,,1,23,,328,78,,,1,23,,329,78,,,1,64,,330,78,,,1,21,,331,78,,,1,67,,332,78,,,1,25,,333,78,,,1,23,,334,78,,,1,63,,335,78,,,1,17,,336,78,,,1,23,,337,78,,,1,59,,338,78,,,1,23,,343,78,,,1,18,,344,78,,,1,80,,345,78,,,1,80,,346,78,,,1,35,,347,78,,,1,80,,348,78,,,1,80,,349,78,,,1,35,,350,78,,,1
201,'2',858,,353,94,,,1,80,,354,94,,,1,84,,355,94,,,1,80,,356,94,,,1,40,,357,94,,,1,81,,358,94,,,1,80,,359,94,,,1,40,,360,94,,,1,80,,361,94,,,1,80,,362,94,,,1,37,,363,94,,,1,80,,364,94,,,1,80,,365,94,,,1,40,,366,94,,,1,80,,367,94,,,1,80,,368,94,,,1,36,,369,94,,,1,80,,370,94,,,1,40,,371,94,,,1,80,,372,94,,,1,74,,373,94,,,1,33,,374,94,,,1,73,,375,94,,,1,33,,376,94,,,1,69,,377,94,,,1,33,,378,94,,,1
201,'3',950,,389,94,,,1,152,,379,94,,,1,117,,380,94,,,1,119,,381,94,,,1,117,,382,94,,,1,155,,383,94,,,1,117,,384,94,,,1,117,,385,94,,,1,157,,386,94,,,1,113,,387,94,,,1,110,,388,94,,,1,105,,390,94,,,1,108,,391,94,,,1
201,'80',950,,402,94,,,1,152,,392,94,,,1,117,,393,94,,,1,119,,394,94,,,1,117,,395,94,,,1,155,,396,94,,,1,117,,397,94,,,1,117,,398,94,,,1,157,,399,94,,,1,113,,400,94,,,1,110,,401,94,,,1,105,,403,94,,,1,108,,404,94,,,1
201,'81',950,,415,94,,,1,152,,405,94,,,1,117,,406,94,,,1,119,,407,94,,,1,117,,408,94,,,1,155,,409,94,,,1,117,,410,94,,,1,117,,411,94,,,1,157,,412,94,,,1,113,,413,94,,,1,110,,414,94,,,1,105,,416,94,,,1,108,,417,94,,,1
500,'1',530,,1067,31,,,1,22,,1083,31,,,1,62,,1082,31,,,1,22,,1081,31,,,1,22,,1080,31,,,1,64,,1079,31,,,1,22,,1078,31,,,1,66,,1077,31,,,1,20,,1076,31,,,1,22,,1075,31,,,1,62,,1074,31,,,1,22,,1072,31,,,1,72,,1071,18,,,1,32,,1073,18,,,1,72,,1070,18,,,1,32,,1069,18,,,1,72,,1068,18,,,1,32,,1066,18,,,1,72,,1047,18,,,1,32,,1065,18,,,1,72,,1064,18,,,1,32,,1063,18,,,1,65,,1062,18,,,1,23,,1061,18,,,1,61,,1060,18,,,1,23,,1059,18,,,1,23,,1058,18,,,1,62,,1057,18,,,1,23,,1056,18,,,1,23,,1055,18,,,1,63,,1054,18,,,1,21,,1053,18,,,1,63,,1052,18,,,1,23,,1051,18,,,1,28,,1049,18,,,1,68,,1048,18,,,1,28,,1050,18,,,1,68,,1046,18,,,1,27,,1045,18,,,1,68,,1044,18,,,1,23,,1043,18,,,1
500,'2',704,,1099,18,,,1,28,,1101,18,,,1,68,,1102,18,,,1,28,,1103,18,,,1,28,,1104,18,,,1,68,,1105,18,,,1,28,,1106,18,,,1,68,,1107,18,,,1,28,,1108,18,,,1,68,,1109,18,,,1,30,,1110,18,,,1,68,,1111,18,,,1,28,,1112,18,,,1,68,,1084,18,,,1,30,,1085,18,,,1,70,,1086,18,,,1,29,,1087,18,,,1,69,,1088,18,,,1,29,,1089,18,,,1,69,,1090,18,,,1,29,,1091,18,,,1,69,,1092,18,,,1,29,,1093,18,,,1,67,,1094,18,,,1,26,,1095,18,,,1,26,,1096,18,,,1,67,,1097,18,,,1,25,,1098,18,,,1,65,,1100,18,,,1
7700,'1',421,,4773,30,,,1,15,,4774,30,,,1,15,,4775,30,,,1,55,,4776,30,,,1,15,,4777,30,,,1,9,,4731,43,,,1,17,,4730,43,,,1,53,,4729,43,,,1,20,,4728,43,,,1,15,,4726,43,,,1,22,,4727,43,,,1,53,,4746,43,,,1,16,,4745,43,,,1,16,,4744,43,,,1,65,,4743,43,,,1,16,,4742,43,,,1,16,,4741,43,,,1,16,,4732,43,,,1,54,,4733,43,,,1,16,,4734,43,,,1,16,,4735,43,,,1,16,,4736,43,,,1,53,,4737,43,,,1,12,,4738,43,,,1,16,,4739,43,,,1,71,,4740,43,,,1,34,,4754,43,,,1,70,,4753,43,,,1,30,,4752,43,,,1,70,,4747,43,,,1,33,,4748,43,,,1,61,,4778,30,,,1,9,,4749,43,,,1,28,,4779,30,,,1,2,,4750,43,,,1,75,,4751,43,,,1,20,,4780,30,,,1,3,,4772,43,,,1,59,,4771,43,,,1,26,,4770,43,,,1,24,,4769,43,,,1,59,,4768,43,,,1,19,,4755,43,,,1,19,,4756,43,,,1,59,,4757,43,,,1,14,,4758,43,,,1,12,,4759,43,,,1,19,,4760,43,,,1,51,,4761,43,,,1,19,,4762,43,,,1,15,,4763,43,,,1,13,,4764,43,,,1,59,,4765,43,,,1,19,,4766,43,,,1,19,,4767,43,,,1,69,,4783,43,,,1,27,,4782,43,,,1,67,,4781,43,,,1,40,,4792,43,,,1,73,,4791,43,,,1,27,,4790,43,,,1,73,,4784,43,,,1,33,,4785,43,,,1,73,,4786,43,,,1,73,,4787,43,,,1,33,,4788,43,,,1,73,,4789,43,,,1
7700,'2',501,,4793,30,,,1,30,,4794,43,,,1,75,,4795,43,,,1,35,,4796,43,,,1,76,,4797,43,,,1,35,,4798,43,,,1,75,,4799,43,,,1,76,,4800,43,,,1,35,,4801,43,,,1,75,,4802,43,,,1,89,,4803,43,,,1,41,,4804,43,,,1,81,,4805,43,,,1,88,,4806,43,,,1,41,,4807,43,,,1,81,,4808,43,,,1,77,,4809,43,,,1,33,,4810,43,,,1,73,,4811,43,,,1,29,,4812,43,,,1,73,,4813,43,,,1,33,,4814,43,,,1,71,,4815,43,,,1,33,,4816,43,,,1,70,,4817,43,,,1,28,,4818,43,,,1,70,,4819,43,,,1,30,,4820,43,,,1,64,,4821,43,,,1,30,,4822,43,,,1,74,,4823,43,,,1,30,,4824,43,,,1,70,,4826,43,,,1,25,,4827,43,,,1,70,,4828,43,,,1,23,,4825,43,,,1,69,,4829,43,,,1,33,,4830,43,,,1,73,,4831,43,,,1,33,,4832,43,,,1,73,,4833,43,,,1
7700,'3',846,,4834,44,,,1,92,,4835,44,,,1,91,,4836,44,,,1,97,,4837,44,,,1,97,,4838,44,,,1,89,,4839,44,,,1,92,,4840,44,,,1,55,,4841,44,,,1,92,,4842,44,,,1,89,,4843,44,,,1,92,,4844,44,,,1,97,,4845,44,,,1,88,,4846,44,,,1,90,,4847,44,,,1,51,,4848,44,,,1,84,,4849,44,,,1,87,,4850,44,,,1,88,,4851,44,,,1,86,,4852,44,,,1,47,,4853,44,,,1,80,,4854,44,,,1,80,,4855,44,,,1,36,,4856,44,,,1,80,,4857,44,,,1
7700,'80',846,,4858,44,,,1,92,,4859,44,,,1,91,,4860,44,,,1,97,,4861,44,,,1,97,,4862,44,,,1,89,,4863,44,,,1,92,,4864,44,,,1,55,,4865,44,,,1,92,,4866,44,,,1,89,,4867,44,,,1,92,,4868,44,,,1,97,,4869,44,,,1,88,,4870,44,,,1,90,,4871,44,,,1,51,,4872,44,,,1,84,,4873,44,,,1,87,,4874,44,,,1,88,,4875,44,,,1,86,,4876,44,,,1,47,,4877,44,,,1,80,,4878,44,,,1,80,,4879,44,,,1,36,,4880,44,,,1,80,,4881,44,,,1
7700,'81',846,,4882,44,,,1,92,,4883,44,,,1,91,,4884,44,,,1,97,,4885,44,,,1,97,,4886,44,,,1,89,,4887,44,,,1,92,,4888,44,,,1,55,,4889,44,,,1,92,,4890,44,,,1,89,,4891,44,,,1,92,,4892,44,,,1,97,,4893,44,,,1,88,,4894,44,,,1,90,,4895,44,,,1,51,,4896,44,,,1,84,,4897,44,,,1,87,,4898,44,,,1,88,,4899,44,,,1,86,,4900,44,,,1,47,,4901,44,,,1,80,,4902,44,,,1,80,,4903,44,,,1,36,,4904,44,,,1,80,,4905,44,,,1
9901,'1',425,,7366,40,,,1,81,,7367,40,,,1,40,,7368,40,,,1,83,,7369,40,,,1,82,,7370,40,,,1,35,,7371,40,,,1,73,,7372,40,,,1,83,,7373,40,,,1,31,,7374,40,,,1,75,,7375,40,,,1,94,,7376,40,,,1,99,,7377,40,,,1,54,,7378,40,,,1,94,,7379,40,,,1,100,,7380,40,,,1,68,,7381,40,,,1,30,,7382,40,,,1,70,,7383,40,,,1,30,,7384,40,,,1,70,,7385,40,,,1,30,,7386,40,,,1,70,,7387,40,,,1,25,,7388,40,,,1,70,,7389,40,,,1,25,,7390,40,,,1,70,,7391,40,,,1,30,,7392,40,,,1,65,,7393,40,,,1,30,,7394,40,,,1,85,,7395,40,,,1
9901,'2',548,,7396,40,,,1,77,,7397,40,,,1,77,,7398,40,,,1,37,,7399,40,,,1,87,,7400,40,,,1,92,,7401,40,,,1,89,,7402,40,,,1,47,,7403,40,,,1,104,,7404,40,,,1,97,,7405,40,,,1,95,,7406,40,,,1,95,,7407,40,,,1,95,,7408,40,,,1,95,,7409,40,,,1,92,,7410,40,,,1,93,,7411,40,,,1,95,,7412,40,,,1,90,,7413,40,,,1,45,,7414,40,,,1,85,,7415,40,,,1
9901,'3',552,,7416,40,,,1,81,,7417,40,,,1,78,,7418,40,,,1,38,,7419,40,,,1,78,,7420,40,,,1,93,,7421,40,,,1,89,,7422,40,,,1,49,,7423,40,,,1,89,,7424,40,,,1,94,,7425,40,,,1,89,,7426,40,,,1,89,,7427,40,,,1,89,,7428,40,,,1,49,,7429,40,,,1,89,,7430,40,,,1,89,,7431,40,,,1,84,,7432,40,,,1,89,,7433,40,,,1,49,,7434,40,,,1,85,,7435,40,,,1,89,,7436,40,,,1,79,,7437,40,,,1
9901,'80',552,,7438,40,,,1,81,,7439,40,,,1,78,,7440,40,,,1,38,,7441,40,,,1,78,,7442,40,,,1,93,,7443,40,,,1,89,,7444,40,,,1,49,,7445,40,,,1,89,,7446,40,,,1,94,,7447,40,,,1,89,,7448,40,,,1,89,,7449,40,,,1,89,,7450,40,,,1,49,,7451,40,,,1,89,,7452,40,,,1,89,,7453,40,,,1,84,,7454,40,,,1,89,,7455,40,,,1,49,,7456,40,,,1,85,,7457,40,,,1,89,,7458,40,,,1,79,,7459,40,,,1
9901,'81',552,,7460,40,,,1,81,,7461,40,,,1,78,,7462,40,,,1,38,,7463,40,,,1,78,,7464,40,,,1,93,,7465,40,,,1,89,,7466,40,,,1,49,,7467,40,,,1,89,,7468,40,,,1,94,,7469,40,,,1,89,,7470,40,,,1,89,,7471,40,,,1,89,,7472,40,,,1,49,,7473,40,,,1,89,,7474,40,,,1,89,,7475,40,,,1,84,,7476,40,,,1,89,,7477,40,,,1,49,,7478,40,,,1,85,,7479,40,,,1,89,,7480,40,,,1,79,,7481,40,,,1
36001,'2',1006,,9097,21,,,1,36,,9098,21,,,1,76,,9099,21,,,1,31,,9100,21,,,1,78,,9113,21,,,1,73,,9101,21,,,1,28,,9102,21,,,1,28,,9103,21,,,1,67,,9104,21,,,1,28,,9105,21,,,1,69,,9106,21,,,1,28,,9107,21,,,1,68,,9108,21,,,1,30,,9109,21,,,1,68,,9110,21,,,1,28,,9111,21,,,1,65,,9112,21,,,1,29,,9117,21,,,1,86,,9114,21,,,1,34,,9115,21,,,1,79,,9116,21,,,1,80,,9121,21,,,1,29,,9118,21,,,1,67,,9119,21,,,1,29,,9120,21,,,1
36001,'80',1101,,9122,21,,,1,32,,9123,21,,,1,74,,9124,21,,,1,30,,9125,21,,,1,68,,9126,21,,,1,28,,9127,21,,,1,69,,9128,21,,,1,28,,9129,21,,,1,26,,9130,21,,,1,72,,9131,21,,,1,28,,9132,21,,,1,68,,9133,21,,,1,29,,9134,21,,,1,68,,9135,21,,,1,28,,9136,21,,,1,68,,9137,21,,,1,28,,9138,21,,,1,73,,9139,21,,,1,28,,9140,21,,,1,62,,9141,21,,,1,27,,9142,21,,,1
36001,'32681.3',1101,,9143,21,,,1,32,,9144,21,,,1,74,,9145,21,,,1,30,,9146,21,,,1,68,,9147,21,,,1,28,,9148,21,,,1,69,,9149,21,,,1,28,,9150,21,,,1,26,,9151,21,,,1,72,,9152,21,,,1,28,,9153,21,,,1,68,,9154,21,,,1,29,,9155,21,,,1,68,,9156,21,,,1,28,,9157,21,,,1,68,,9158,21,,,1,28,,9159,21,,,1,73,,9160,21,,,1,28,,9161,21,,,1,62,,9162,21,,,1,27,,9163,21,,,1
60101,'1',535,,9677,26,,,1,12,,9678,26,,,1,54,,9679,26,,,1,12,,9680,26,,,1,12,,9681,26,,,1,12,,9682,26,,,1,16,,9683,26,,,1,53,,9684,26,,,1,12,,9685,26,,,1,12,,9686,26,,,1,10,,9687,26,,,1,18,,9688,26,,,1,50,,9689,26,,,1,10,,9690,26,,,1,10,,9691,26,,,1,10,,9692,26,,,1,10,,9693,26,,,1,10,,9694,26,,,1,50,,9695,26,,,1,10,,9696,26,,,1,10,,9697,26,,,1,10,,9698,26,,,1,10,,9699,26,,,1,10,,9700,26,,,1,50,,9701,26,,,1,10,,9702,26,,,1,10,,9703,26,,,1,10,,9704,26,,,1,10,,9705,26,,,1,10,,9706,26,,,1,50,,9707,26,,,1,16,,9708,26,,,1,16,,9709,26,,,1,18,,9710,26,,,1,56,,9711,26,,,1,16,,9712,26,,,1,16,,9713,26,,,1,56,,9714,26,,,1,16,,9715,26,,,1,16,,9716,26,,,1,16,,9717,26,,,1,56,,9718,26,,,1,16,,9719,26,,,1,16,,9720,26,,,1,19,,9721,26,,,1,56,,9722,26,,,1,12,,9723,26,,,1,12,,9724,26,,,1,12,,9725,26,,,1,52,,9726,26,,,1,12,,9727,26,,,1,12,,9728,26,,,1,12,,9729,26,,,1,12,,9730,26,,,1,52,,9731,26,,,1,12,,9732,26,,,1,16,,9733,26,,,1,12,,9734,26,,,1,12,,9735,26,,,1,52,,9736,26,,,1,12,,9737,26,,,1,12,,9738,26,,,1,8,,9739,26,,,1,12,,9740,26,,,1,52,,9741,26,,,1,12,,9742,26,,,1,12,,9743,26,,,1,8,,9744,26,,,1,13,,9745,26,,,1,54,,9746,26,,,1,14,,9747,26,,,1,14,,9748,26,,,1,9,,9749,26,,,1,14,,9750,26,,,1,54,,9751,26,,,1,20,,9752,26,,,1,20,,9753,26,,,1,60,,9754,26,,,1,15,,9755,26,,,1,20,,9756,26,,,1,60,,9757,26,,,1,19,,9758,26,,,1,14,,9759,26,,,1,19,,9760,26,,,1,59,,9761,26,,,1,16,,9762,26,,,1,19,,9763,26,,,1
60101,'2',657,,9764,26,,,1,56,,9765,26,,,1,16,,9766,26,,,1,16,,9767,26,,,1,56,,9768,26,,,1,20,,9769,26,,,1,16,,9770,26,,,1,15,,9771,26,,,1,58,,9772,26,,,1,14,,9773,26,,,1,20,,9774,26,,,1,15,,9775,26,,,1,55,,9776,26,,,1,15,,9777,26,,,1,16,,9778,26,,,1,55,,9779,26,,,1,15,,9780,26,,,1,18,,9781,26,,,1,15,,9782,26,,,1,58,,9783,26,,,1,15,,9784,26,,,1,15,,9785,26,,,1,15,,9786,26,,,1,55,,9787,26,,,1,15,,9788,26,,,1,15,,9789,26,,,1,15,,9790,26,,,1,55,,9791,26,,,1,15,,9792,26,,,1,15,,9793,26,,,1,15,,9794,26,,,1,55,,9795,26,,,1,15,,9796,26,,,1,15,,9797,26,,,1,15,,9798,26,,,1,55,,9799,26,,,1,14,,9800,26,,,1,15,,9801,26,,,1,15,,9802,26,,,1,55,,9803,26,,,1,15,,9804,26,,,1,15,,9805,26,,,1,15,,9806,26,,,1,55,,9807,26,,,1,15,,9808,26,,,1,12,,9809,26,,,1,13,,9810,26,,,1,55,,9811,26,,,1,11,,9812,26,,,1,14,,9813,26,,,1,15,,9814,26,,,1,15,,9815,26,,,1,55,,9816,26,,,1,15,,9817,26,,,1,15,,9818,26,,,1,10,,9819,26,,,1,58,,9820,26,,,1,17,,9821,26,,,1,15,,9822,26,,,1,17,,9823,26,,,1,57,,9824,26,,,1,17,,9825,26,,,1,14,,9826,26,,,1,58,,9827,26,,,1,16,,9828,26,,,1,16,,9829,26,,,1,13,,9830,26,,,1,56,,9831,26,,,1,16,,9832,26,,,1,13,,9833,26,,,1,16,,9834,26,,,1
60101,'3',749,,9835,26,,,1,60,,9836,26,,,1,20,,9837,26,,,1,20,,9838,26,,,1,63,,9839,26,,,1,20,,9840,26,,,1,20,,9841,26,,,1,61,,9842,26,,,1,20,,9843,26,,,1,20,,9844,26,,,1,64,,9845,26,,,1,20,,9846,26,,,1,20,,9847,26,,,1,62,,9848,26,,,1,20,,9849,26,,,1,20,,9850,26,,,1,60,,9851,26,,,1,23,,9852,26,,,1,60,,9853,26,,,1,20,,9854,26,,,1,20,,9855,26,,,1,60,,9856,26,,,1,20,,9857,26,,,1,20,,9858,26,,,1,60,,9859,26,,,1,18,,9860,26,,,1,20,,9861,26,,,1,60,,9862,26,,,1,20,,9863,26,,,1,20,,9864,26,,,1,60,,9865,26,,,1,20,,9866,26,,,1,16,,9867,26,,,1,20,,9868,26,,,1,60,,9869,26,,,1,20,,9870,26,,,1,20,,9871,26,,,1,57,,9872,26,,,1,20,,9873,26,,,1,20,,9874,26,,,1,60,,9875,26,,,1,18,,9876,26,,,1,20,,9877,26,,,1,60,,9878,26,,,1,19,,9879,26,,,1,20,,9880,26,,,1,58,,9881,26,,,1,20,,9882,26,,,1,20,,9883,26,,,1,56,,9884,26,,,1,16,,9885,26,,,1,20,,9886,26,,,1,18,,9887,26,,,1
60101,'80',749,,9888,26,,,1,60,,9889,26,,,1,20,,9890,26,,,1,20,,9891,26,,,1,63,,9892,26,,,1,20,,9893,26,,,1,20,,9894,26,,,1,61,,9895,26,,,1,20,,9896,26,,,1,20,,9897,26,,,1,64,,9898,26,,,1,20,,9899,26,,,1,20,,9900,26,,,1,62,,9901,26,,,1,20,,9902,26,,,1,20,,9903,26,,,1,60,,9904,26,,,1,23,,9905,26,,,1,60,,9906,26,,,1,20,,9907,26,,,1,20,,9908,26,,,1,60,,9909,26,,,1,20,,9910,26,,,1,20,,9911,26,,,1,60,,9912,26,,,1,18,,9913,26,,,1,20,,9914,26,,,1,60,,9915,26,,,1,20,,9916,26,,,1,20,,9917,26,,,1,60,,9918,26,,,1,20,,9919,26,,,1,16,,9920,26,,,1,20,,9921,26,,,1,60,,9922,26,,,1,20,,9923,26,,,1,20,,9924,26,,,1,57,,9925,26,,,1,20,,9926,26,,,1,20,,9927,26,,,1,60,,9928,26,,,1,18,,9929,26,,,1,20,,9930,26,,,1,60,,9931,26,,,1,19,,9932,26,,,1,20,,9933,26,,,1,58,,9934,26,,,1,20,,9935,26,,,1,20,,9936,26,,,1,56,,9937,26,,,1,16,,9938,26,,,1,20,,9939,26,,,1,18,,9940,26,,,1
60101,'81',749,,9941,26,,,1,60,,9942,26,,,1,20,,9943,26,,,1,20,,9944,26,,,1,63,,9945,26,,,1,20,,9946,26,,,1,20,,9947,26,,,1,61,,9948,26,,,1,20,,9949,26,,,1,20,,9950,26,,,1,64,,9951,26,,,1,20,,9952,26,,,1,20,,9953,26,,,1,62,,9954,26,,,1,20,,9955,26,,,1,20,,9956,26,,,1,60,,9957,26,,,1,23,,9958,26,,,1,60,,9959,26,,,1,20,,9960,26,,,1,20,,9961,26,,,1,60,,9962,26,,,1,20,,9963,26,,,1,20,,9964,26,,,1,60,,9965,26,,,1,18,,9966,26,,,1,20,,9967,26,,,1,60,,9968,26,,,1,20,,9969,26,,,1,20,,9970,26,,,1,60,,9971,26,,,1,20,,9972,26,,,1,16,,9973,26,,,1,20,,9974,26,,,1,60,,9975,26,,,1,20,,9976,26,,,1,20,,9977,26,,,1,57,,9978,26,,,1,20,,9979,26,,,1,20,,9980,26,,,1,60,,9981,26,,,1,18,,9982,26,,,1,20,,9983,26,,,1,60,,9984,26,,,1,19,,9985,26,,,1,20,,9986,26,,,1,58,,9987,26,,,1,20,,9988,26,,,1,20,,9989,26,,,1,56,,9990,26,,,1,16,,9991,26,,,1,20,,9992,26,,,1,18,,9993,26,,,1
989901,'1',2252,,11627,95,,,1,68,,11628,95,,,1,38,,11629,95,,,1,74,,11630,95,,,1,75,,11631,95,,,1,29,,11632,95,,,1,75,,11633,95,,,1,35,,11634,95,,,1
989901,'2',2300,,11635,95,,,1,46,,11636,95,,,1,81,,11637,95,,,1,91,,11640,95,,,1,85,,11638,95,,,1,46,,11639,95,,,1
989901,'3',2307,,11641,95,,,1,47,,11642,95,,,1,83,,11643,95,,,1,85,,11644,95,,,1,79,,11645,95,,,1,43,,11646,95,,,1
989901,'80',2307,,11647,95,,,1,47,,11648,95,,,1,83,,11649,95,,,1,85,,11650,95,,,1,79,,11651,95,,,1,43,,11652,95,,,1
989901,'81',2307,,11653,95,,,1,47,,11654,95,,,1,83,,11655,95,,,1,85,,11656,95,,,1,79,,11657,95,,,1,43,,11658,95,,,1
6010201,'1',542,,11973,13,,,1,12,,11974,13,,,1,53,,11975,13,,,1,14,,11976,13,,,1,13,,11977,13,,,1,14,,11978,13,,,1,52,,11979,13,,,1,12,,11980,13,,,1,16,,11981,13,,,1,11,,11982,13,,,1,10,,11983,13,,,1,54,,11984,13,,,1,10,,11985,13,,,1,10,,11986,13,,,1,10,,11987,13,,,1,10,,11988,13,,,1,10,,11989,13,,,1,50,,11990,13,,,1,10,,11991,13,,,1,10,,11992,13,,,1,10,,11993,13,,,1,10,,11994,13,,,1,10,,11995,13,,,1,50,,11996,13,,,1,10,,11997,13,,,1,10,,11998,13,,,1,10,,11999,13,,,1,10,,12000,13,,,1,10,,12001,13,,,1,51,,12002,13,,,1,13,,12003,13,,,1,16,,12004,13,,,1,17,,12005,13,,,1,56,,12006,13,,,1,16,,12007,13,,,1,16,,12008,13,,,1,16,,12009,13,,,1,56,,12010,13,,,1,16,,12011,13,,,1,16,,12012,13,,,1,16,,12013,13,,,1,56,,12014,13,,,1,16,,12015,13,,,1,19,,12016,13,,,1,56,,12017,13,,,1,14,,12018,13,,,1,12,,12019,13,,,1,12,,12020,13,,,1,12,,12021,13,,,1,52,,12022,13,,,1,12,,12023,13,,,1,12,,12024,13,,,1,14,,12025,13,,,1,12,,12026,13,,,1,52,,12027,13,,,1,14,,12028,13,,,1,12,,12029,13,,,1,12,,12030,13,,,1,11,,12031,13,,,1,52,,12032,13,,,1,12,,12033,13,,,1,10,,12034,13,,,1,11,,12035,13,,,1,10,,12036,13,,,1,52,,12037,13,,,1,12,,12038,13,,,1,10,,12039,13,,,1,12,,12040,13,,,1,14,,12041,13,,,1,54,,12042,13,,,1
6010201,'2',920,,12043,13,,,1,15,,12044,13,,,1,18,,12045,13,,,1,55,,12046,13,,,1,15,,12047,13,,,1,17,,12048,13,,,1,17,,12049,13,,,1,55,,12050,13,,,1,15,,12051,13,,,1,16,,12052,13,,,1,15,,12053,13,,,1,55,,12054,13,,,1,15,,12055,13,,,1,14,,12056,13,,,1,15,,12057,13,,,1,55,,12058,13,,,1,15,,12059,13,,,1,15,,12060,13,,,1,15,,12061,13,,,1,55,,12062,13,,,1,15,,12063,13,,,1,15,,12064,13,,,1,15,,12065,13,,,1,55,,12066,13,,,1,15,,12067,13,,,1,15,,12068,13,,,1,15,,12069,13,,,1,55,,12070,13,,,1,15,,12071,13,,,1,15,,12072,13,,,1,15,,12073,13,,,1,54,,12074,13,,,1,15,,12075,13,,,1,15,,12076,13,,,1,15,,12077,13,,,1,55,,12078,13,,,1,15,,12079,13,,,1,12,,12080,13,,,1,15,,12081,13,,,1,55,,12082,13,,,1,10,,12083,13,,,1,15,,12084,13,,,1,11,,12085,13,,,1,15,,12086,13,,,1,55,,12087,13,,,1,15,,12088,13,,,1
6010201,'3',943,,12089,13,,,1,60,,12090,13,,,1,20,,12091,13,,,1,21,,12092,13,,,1,61,,12093,13,,,1,22,,12094,13,,,1,23,,12095,13,,,1,59,,12096,13,,,1,20,,12097,13,,,1,20,,12098,13,,,1,61,,12099,13,,,1,21,,12100,13,,,1,21,,12101,13,,,1,60,,12102,13,,,1,20,,12103,13,,,1,20,,12104,13,,,1,60,,12105,13,,,1,20,,12106,13,,,1,18,,12107,13,,,1,60,,12108,13,,,1,20,,12109,13,,,1,20,,12110,13,,,1,60,,12111,13,,,1,20,,12112,13,,,1,20,,12113,13,,,1,59,,12114,13,,,1,18,,12115,13,,,1,19,,12116,13,,,1,60,,12117,13,,,1,20,,12118,13,,,1,18,,12119,13,,,1,59,,12120,13,,,1,20,,12121,13,,,1,20,,12122,13,,,1,60,,12123,13,,,1
6010201,'80',943,,12124,13,,,1,60,,12125,13,,,1,20,,12126,13,,,1,21,,12127,13,,,1,61,,12128,13,,,1,22,,12129,13,,,1,23,,12130,13,,,1,59,,12131,13,,,1,20,,12132,13,,,1,20,,12133,13,,,1,61,,12134,13,,,1,21,,12135,13,,,1,21,,12136,13,,,1,60,,12137,13,,,1,20,,12138,13,,,1,20,,12139,13,,,1,60,,12140,13,,,1,20,,12141,13,,,1,18,,12142,13,,,1,60,,12143,13,,,1,20,,12144,13,,,1,20,,12145,13,,,1,60,,12146,13,,,1,20,,12147,13,,,1,20,,12148,13,,,1,59,,12149,13,,,1,18,,12150,13,,,1,19,,12151,13,,,1,60,,12152,13,,,1,20,,12153,13,,,1,18,,12154,13,,,1,59,,12155,13,,,1,20,,12156,13,,,1,20,,12157,13,,,1,60,,12158,13,,,1
6010201,'81',943,,12159,13,,,1,60,,12160,13,,,1,20,,12161,13,,,1,21,,12162,13,,,1,61,,12163,13,,,1,22,,12164,13,,,1,23,,12165,13,,,1,59,,12166,13,,,1,20,,12167,13,,,1,20,,12168,13,,,1,61,,12169,13,,,1,21,,12170,13,,,1,21,,12171,13,,,1,60,,12172,13,,,1,20,,12173,13,,,1,20,,12174,13,,,1,60,,12175,13,,,1,20,,12176,13,,,1,18,,12177,13,,,1,60,,12178,13,,,1,20,,12179,13,,,1,20,,12180,13,,,1,60,,12181,13,,,1,20,,12182,13,,,1,20,,12183,13,,,1,59,,12184,13,,,1,18,,12185,13,,,1,19,,12186,13,,,1,60,,12187,13,,,1,20,,12188,13,,,1,18,,12189,13,,,1,59,,12190,13,,,1,20,,12191,13,,,1,20,,12192,13,,,1,60,,12193,13,,,1
