9900,'1',452,,7255,19,,,1,81,,7256,19,,,1,80,,7257,19,,,1,41,,7258,19,,,1,93,,7259,19,,,1,75,,7260,19,,,1,78,,7261,19,,,1,31,,7262,19,,,1,75,,7263,19,,,1,35,,7264,19,,,1,97,,7265,19,,,1,94,,7266,19,,,1,94,,7267,19,,,1,94,,7268,19,,,1,31,,7280,19,,,1,71,,7279,19,,,1,29,,7269,19,,,1,70,,7270,19,,,1,30,,7271,19,,,1,70,,7272,19,,,1,30,,7273,19,,,1,69,,7274,19,,,1,30,,7275,19,,,1,66,,7276,19,,,1,30,,7277,19,,,1,69,,7278,19,,,1
9900,'2',610,,7283,19,,,1,38,,7284,19,,,1,78,,7298,19,,,1,89,,7297,19,,,1,87,,7285,19,,,1,47,,7286,19,,,1,87,,7287,19,,,1,88,,7288,19,,,1,104,,7289,19,,,1,95,,7290,19,,,1,95,,7291,19,,,1,95,,7292,19,,,1,95,,7293,19,,,1,95,,7294,19,,,1,55,,7295,19,,,1,95,,7296,19,,,1,87,,7300,19,,,1,90,,7299,19,,,1
9900,'3',618,,7303,19,,,1,38,,7304,19,,,1,78,,7305,19,,,1,78,,7306,19,,,1,91,,7323,19,,,1,49,,7307,19,,,1,89,,7308,19,,,1,89,,7309,19,,,1,90,,7310,19,,,1,89,,7311,19,,,1,49,,7312,19,,,1,89,,7313,19,,,1,89,,7314,19,,,1,89,,7315,19,,,1,89,,7316,19,,,1,88,,7317,19,,,1,49,,7318,19,,,1,89,,7319,19,,,1,86,,7320,19,,,1
9900,'80',618,,7324,19,,,1,38,,7325,19,,,1,78,,7326,19,,,1,78,,7327,19,,,1,91,,7344,19,,,1,49,,7328,19,,,1,89,,7329,19,,,1,89,,7330,19,,,1,90,,7331,19,,,1,89,,7332,19,,,1,49,,7333,19,,,1,89,,7334,19,,,1,89,,7335,19,,,1,89,,7336,19,,,1,89,,7337,19,,,1,88,,7338,19,,,1,49,,7339,19,,,1,89,,7340,19,,,1,86,,7341,19,,,1
9900,'81',618,,7345,19,,,1,38,,7346,19,,,1,78,,7347,19,,,1,78,,7348,19,,,1,91,,7365,19,,,1,49,,7349,19,,,1,89,,7350,19,,,1,89,,7351,19,,,1,90,,7352,19,,,1,89,,7353,19,,,1,49,,7354,19,,,1,89,,7355,19,,,1,89,,7356,19,,,1,89,,7357,19,,,1,89,,7358,19,,,1,88,,7359,19,,,1,49,,7360,19,,,1,89,,7361,19,,,1,86,,7362,19,,,1
36000,'2',845,,9030,19,,,1,76,,9031,19,,,1,36,,9032,19,,,1,76,,9033,19,,,1,76,,9034,19,,,1,29,,9035,19,,,1,68,,9036,19,,,1,28,,9037,19,,,1,68,,9038,19,,,1,28,,9039,19,,,1,27,,9040,19,,,1,68,,9041,19,,,1,30,,9042,19,,,1,68,,9043,19,,,1,28,,9044,19,,,1,64,,9045,19,,,1,28,,9046,19,,,1,68,,9047,19,,,1,42,,9048,19,,,1,77,,9049,19,,,1,79,,9050,19,,,1,39,,9051,19,,,1,67,,9052,19,,,1,32,,9053,19,,,1,69,,9054,19,,,1
36000,'80',942,,9055,19,,,1,74,,9056,19,,,1,36,,9057,19,,,1,68,,9058,19,,,1,27,,9059,19,,,1,68,,9060,19,,,1,28,,9061,19,,,1,68,,9062,19,,,1,28,,9063,19,,,1,68,,9064,19,,,1,29,,9065,19,,,1,68,,9066,19,,,1,28,,9067,19,,,1,27,,9068,19,,,1,68,,9069,19,,,1,28,,9070,19,,,1,68,,9071,19,,,1,28,,9072,19,,,1,68,,9073,19,,,1,28,,9074,19,,,1,68,,9075,19,,,1
36000,'32681.3',942,,9076,19,,,1,74,,9077,19,,,1,36,,9078,19,,,1,68,,9079,19,,,1,27,,9080,19,,,1,68,,9081,19,,,1,28,,9082,19,,,1,68,,9083,19,,,1,28,,9084,19,,,1,68,,9085,19,,,1,29,,9086,19,,,1,68,,9087,19,,,1,28,,9088,19,,,1,27,,9089,19,,,1,68,,9090,19,,,1,28,,9091,19,,,1,68,,9092,19,,,1,28,,9093,19,,,1,68,,9094,19,,,1,28,,9095,19,,,1,68,,9096,19,,,1
989900,'1',2049,,11580,19,0,198 199,1,76,,11581,19,0,198 199,1,78,,11582,19,0,198 199,1,38,,11583,19,0,198 199,1,75,,11584,19,0,198 199,1,34,,11585,19,0,198 199,1,75,,11586,19,0,198 199,1,75,,11587,19,0,198 199,1,35,,11588,19,0,5 6,1,75,,11589,19,0,5 6,1,41,,11590,19,0,5 6,1
989900,'2',2051,,11591,19,0,198 199,1,94,,11592,19,0,198 199,1,91,,11593,19,0,198 199,1,94,,11594,19,0,198 199,1,86,,11595,19,0,198 199,1,86,,11596,19,0,198 199,1,45,,11597,19,0,5 6,1,86,,11598,19,0,5 6,1,86,,11599,19,0,5 6,1
989900,'3',2108,,11600,19,0,198 199,1,50,,11601,19,0,198 199,1,90,,11602,19,0,198 199,1,90,,11603,19,0,198 199,1,82,,11604,19,0,198 199,1,83,,11605,19,0,198 199,1,40,,11606,19,0,5 6,1,83,,11607,19,0,5 6,1,83,,11608,19,0,5 6,1
989900,'80',2108,,11609,19,0,198 199,1,50,,11610,19,0,198 199,1,90,,11611,19,0,198 199,1,90,,11612,19,0,198 199,1,82,,11613,19,0,198 199,1,83,,11614,19,0,198 199,1,40,,11615,19,0,5 6,1,83,,11616,19,0,5 6,1,83,,11617,19,0,5 6,1
989900,'81',2108,,11618,19,0,198 199,1,50,,11619,19,0,198 199,1,90,,11620,19,0,198 199,1,90,,11621,19,0,198 199,1,82,,11622,19,0,198 199,1,83,,11623,19,0,198 199,1,40,,11624,19,0,5 6,1,83,,11625,19,0,5 6,1,83,,11626,19,0,5 6,1
