9601,'1',501,,6986,33,,,1,28,,6987,33,,,1,29,,6988,33,,,1,70,,6989,33,,,1,77,,6990,33,,,1,35,,6991,33,,,1,78,,6992,33,,,1,31,,6993,33,,,1,74,,6994,33,,,1,32,,6995,33,,,1,79,,6996,33,,,1,80,,6997,33,,,1,43,,6998,33,,,1,75,,6999,33,,,1,72,,7000,33,,,1,46,,7001,33,,,1,81,,7002,33,,,1,18,,7021,33,,,1,61,,7003,33,,,1,28,,7004,33,,,1,67,,7005,33,,,1,27,,7006,33,,,1,27,,7007,33,,,1,67,,7008,33,,,1,25,,7009,33,,,1,62,,7010,33,,,1,25,,7011,33,,,1,65,,7012,33,,,1,25,,7013,33,,,1,25,,7014,33,,,1,65,,7015,33,,,1,28,,7016,33,,,1,70,,7017,33,,,1,30,,7018,33,,,1,70,,7019,33,,,1,24,,7020,33,,,1
9601,'2',827,,7022,33,,,1,99,,7023,33,,,1,100,,7024,33,,,1,99,,7025,33,,,1,99,,7026,33,,,1,99,,7027,33,,,1,99,,7028,33,,,1,99,,7029,33,,,1,99,,7030,33,,,1,99,,7031,33,,,1,89,,7032,33,,,1,51,,7033,33,,,1,97,,7034,33,,,1
9601,'3',927,,7035,33,,,1,94,,7036,33,,,1,94,,7037,33,,,1,94,,7038,33,,,1,94,,7039,33,,,1,54,,7040,33,,,1,95,,7041,33,,,1,94,,7042,33,,,1,91,,7043,33,,,1,94,,7044,33,,,1,93,,7045,33,,,1,94,,7046,33,,,1
9601,'80',927,,7047,33,,,1,94,,7048,33,,,1,94,,7049,33,,,1,94,,7050,33,,,1,94,,7051,33,,,1,54,,7052,33,,,1,95,,7053,33,,,1,94,,7054,33,,,1,91,,7055,33,,,1,94,,7056,33,,,1,93,,7057,33,,,1,94,,7058,33,,,1
9601,'81',927,,7059,33,,,1,94,,7060,33,,,1,94,,7061,33,,,1,94,,7062,33,,,1,94,,7063,33,,,1,54,,7064,33,,,1,95,,7065,33,,,1,94,,7066,33,,,1,91,,7067,33,,,1,94,,7068,33,,,1,93,,7069,33,,,1,94,,7070,33,,,1
9801,'1',536,,7165,42,,,1,75,,7164,42,,,1,37,,7163,42,,,1,75,,7162,42,,,1,36,,7161,42,,,1,75,,7160,42,,,1,75,,7159,42,,,1,35,,7158,42,,,1,75,,7171,42,,,1,101,,7170,42,,,1,98,,7169,42,,,1,98,,7168,42,,,1,101,,7167,42,,,1,40,,7166,42,,,1,80,,7181,42,,,1,80,,7180,42,,,1,40,,7179,42,,,1,80,,7178,42,,,1,80,,7177,42,,,1,37,,7176,42,,,1,78,,7175,42,,,1,91,,7174,42,,,1,87,,7173,42,,,1,48,,7172,42,,,1
9801,'2',543,,7200,42,,,1,86,,7199,42,,,1,86,,7198,42,,,1,86,,7197,42,,,1,48,,7196,42,,,1,96,,7195,42,,,1,94,,7194,42,,,1,98,,7193,42,,,1,94,,7192,42,,,1,102,,7191,42,,,1,98,,7190,42,,,1,98,,7189,42,,,1,95,,7188,42,,,1,98,,7187,42,,,1,98,,7186,42,,,1,94,,7185,42,,,1,86,,7184,42,,,1,49,,7183,42,,,1,87,,7182,42,,,1
9801,'3',726,,7217,42,,,1,88,,7218,42,,,1,89,,7216,42,,,1,48,,7215,42,,,1,88,,7214,42,,,1,96,,7213,42,,,1,93,,7212,42,,,1,93,,7211,42,,,1,95,,7210,42,,,1,93,,7209,42,,,1,93,,7208,42,,,1,53,,7207,42,,,1,93,,7206,42,,,1,90,,7205,42,,,1,86,,7204,42,,,1,86,,7203,42,,,1,47,,7202,42,,,1,88,,7201,42,,,1
9801,'80',726,,7235,42,,,1,88,,7236,42,,,1,89,,7234,42,,,1,48,,7233,42,,,1,88,,7232,42,,,1,96,,7231,42,,,1,93,,7230,42,,,1,93,,7229,42,,,1,95,,7228,42,,,1,93,,7227,42,,,1,93,,7226,42,,,1,53,,7225,42,,,1,93,,7224,42,,,1,90,,7223,42,,,1,86,,7222,42,,,1,86,,7221,42,,,1,47,,7220,42,,,1,88,,7219,42,,,1
9801,'81',726,,7253,42,,,1,88,,7254,42,,,1,89,,7252,42,,,1,48,,7251,42,,,1,88,,7250,42,,,1,96,,7249,42,,,1,93,,7248,42,,,1,93,,7247,42,,,1,95,,7246,42,,,1,93,,7245,42,,,1,93,,7244,42,,,1,53,,7243,42,,,1,93,,7242,42,,,1,90,,7241,42,,,1,86,,7240,42,,,1,86,,7239,42,,,1,47,,7238,42,,,1,88,,7237,42,,,1
910201,'1',638,,11574,16,,,1,85,,11575,16,,,1,85,,11576,16,,,1,45,,11577,16,,,1
989901,'1',2216,,11627,42,,,1,31,,11628,42,,,1,78,,11629,42,,,1,76,,11630,42,,,1,35,,11631,42,,,1,71,,11632,42,,,1,35,,11633,42,,,1,75,,11634,42,,,1
989901,'2',2222,,11635,42,,,1,91,,11636,42,,,1,43,,11637,42,,,1,91,,11640,42,,,1,85,,11638,42,,,1,86,,11639,42,,,1
989901,'3',2234,,11641,42,,,1,88,,11642,42,,,1,83,,11643,42,,,1,49,,11644,42,,,1,79,,11645,42,,,1,83,,11646,42,,,1
989901,'80',2234,,11647,42,,,1,88,,11648,42,,,1,83,,11649,42,,,1,49,,11650,42,,,1,79,,11651,42,,,1,83,,11652,42,,,1
989901,'81',2234,,11653,42,,,1,88,,11654,42,,,1,83,,11655,42,,,1,49,,11656,42,,,1,79,,11657,42,,,1,83,,11658,42,,,1
