101,'1',438,,23682,2,,,1,78,,23683,2,,,1,31,,23684,2,,,1,84,,23690,2,,,1,78,,23692,2,,,1,29,,23685,2,,,1,16,,23691,2,,,1,85,,23689,2,,,1,72,,23688,2,,,1,32,,23687,2,,,1,70,,23686,2,,,1,109,,23681,2,,,1,113,,23680,2,,,1,113,,23679,2,,,1,76,,23693,2,,,1,77,,23678,2,,,1,23,,23670,2,,,1,35,,23671,2,,,1,74,,23672,2,,,1,74,,23677,2,,,1,34,,23676,2,,,1,74,,23675,2,,,1,34,,23674,2,,,1,74,,23673,2,,,1,82,,23666,2,,,1,99,,23669,2,,,1,104,,23668,2,,,1,100,,23667,2,,,1,49,,23665,2,,,1,95,,23664,2,,,1
101,'74',632,,23715,2,,,1,104,,23694,2,,,1,103,,23695,2,,,1,103,,23696,2,,,1,108,,23697,2,,,1,109,,23708,2,,,1,142,,23698,2,,,1,52,,23699,2,,,1,92,,23700,2,,,1,92,,23701,2,,,1,92,,23702,2,,,1,92,,23703,2,,,1,92,,23704,2,,,1,92,,23705,2,,,1,52,,23706,2,,,1,92,,23707,2,,,1,161,,23709,2,,,1,97,,23710,2,,,1,96,,23711,2,,,1,97,,23712,2,,,1,57,,23713,2,,,1
101,'80',822,,23730,2,,,1,112,,23729,2,,,1,112,,23716,2,,,1,112,,23717,2,,,1,152,,23718,2,,,1,112,,23719,2,,,1,112,,23720,2,,,1,112,,23721,2,,,1,112,,23722,2,,,1,152,,23723,2,,,1,98,,23728,2,,,1,99,,23724,2,,,1,99,,23725,2,,,1,98,,23726,2,,,1,99,,23727,2,,,1
101,'35296.2',632,,23744,2,,,1,104,,23732,2,,,1,103,,23733,2,,,1,103,,23734,2,,,1,108,,23735,2,,,1,109,,23742,2,,,1,142,,23736,2,,,1,52,,23737,2,,,1,92,,23738,2,,,1,92,,23739,2,,,1,92,,23740,2,,,1,92,,23741,2,,,1,92,,23745,2,,,1,92,,23746,2,,,1,52,,23747,2,,,1,92,,23748,2,,,1,161,,23749,2,,,1,97,,23750,2,,,1,96,,23751,2,,,1,97,,23752,2,,,1,57,,23753,2,,,1
101,'35296.3',822,,23757,2,,,1,112,,23756,2,,,1,112,,23754,2,,,1,112,,23755,2,,,1,152,,23759,2,,,1,112,,23760,2,,,1,112,,23761,2,,,1,112,,23762,2,,,1,112,,23763,2,,,1,152,,23764,2,,,1,98,,23769,2,,,1,99,,23765,2,,,1,99,,23766,2,,,1,98,,23767,2,,,1,99,,23768,2,,,1
101,'35298.2',632,,23808,2,,,1,75,,23804,2,,,1,17,,23805,2,,,1,18,,23806,2,,,1,17,,23807,2,,,1,57,,23770,2,,,1,17,,23771,2,,,1,17,,23772,2,,,1,57,,23773,2,,,1,17,,23774,2,,,1,17,,23775,2,,,1,17,,23776,2,,,1,57,,23777,2,,,1,17,,23778,2,,,1,17,,23779,2,,,1,57,,23780,2,,,1,17,,23781,2,,,1,17,,23782,2,,,1,17,,23783,2,,,1,57,,23784,2,,,1,17,,23785,2,,,1,17,,23786,2,,,1,57,,23787,2,,,1,17,,23788,2,,,1,17,,23789,2,,,1,17,,23790,2,,,1,57,,23791,2,,,1,17,,23792,2,,,1,17,,23793,2,,,1,57,,23794,2,,,1,17,,23795,2,,,1,17,,23796,2,,,1,17,,23797,2,,,1,57,,23798,2,,,1,17,,23799,2,,,1,17,,23800,2,,,1,57,,23801,2,,,1,17,,23802,2,,,1,17,,23803,2,,,1,17,,23810,2,,,1,57,,23811,2,,,1,17,,23812,2,,,1,17,,23813,2,,,1,60,,23814,2,,,1,52,,23815,2,,,1,92,,23816,2,,,1,161,,23817,2,,,1,97,,23818,2,,,1,96,,23819,2,,,1,97,,23820,2,,,1,57,,23821,2,,,1
101,'35298.3',703,,23822,2,,,1,17,,23823,2,,,1,17,,23824,2,,,1,17,,23825,2,,,1,57,,23826,2,,,1,17,,23827,2,,,1,17,,23828,2,,,1,57,,23829,2,,,1,17,,23830,2,,,1,17,,23831,2,,,1,17,,23832,2,,,1,57,,23833,2,,,1,17,,23834,2,,,1,17,,23835,2,,,1,57,,23836,2,,,1,17,,23837,2,,,1,17,,23838,2,,,1,17,,23839,2,,,1,57,,23840,2,,,1,17,,23841,2,,,1,17,,23842,2,,,1,57,,23843,2,,,1,17,,23844,2,,,1,17,,23845,2,,,1,17,,23846,2,,,1,57,,23847,2,,,1,17,,23848,2,,,1,17,,23849,2,,,1,17,,23850,2,,,1,57,,23851,2,,,1,17,,23852,2,,,1,17,,23853,2,,,1,57,,23854,2,,,1,17,,23855,2,,,1,17,,23856,2,,,1,17,,23857,2,,,1,57,,23858,2,,,1,17,,23859,2,,,1,17,,23860,2,,,1,57,,23861,2,,,1,17,,23862,2,,,1,17,,23863,2,,,1,17,,23864,2,,,1,57,,23865,2,,,1,94,,23866,2,,,1,99,,23867,2,,,1,99,,23868,2,,,1,98,,23869,2,,,1,99,,23870,2,,,1
901,'1',658,,26167,57,,,1,69,,26160,57,,,1,77,,26161,57,,,1,33,,26162,57,,,1,73,,26163,57,,,1,33,,26164,57,,,1,73,,26165,57,,,1,33,,26166,57,,,1,68,,26174,57,,,1,84,,26168,57,,,1,44,,26169,57,,,1,84,,26170,57,,,1,87,,26171,57,,,1,84,,26172,57,,,1,103,,26173,57,,,1,42,,26175,57,,,1,73,,26176,57,,,1,33,,26177,57,,,1,76,,26178,57,,,1,86,,26179,57,,,1,31,,26180,57,,,1,78,,26181,57,,,1,78,,26182,57,,,1,31,,26183,57,,,1
901,'2',754,,26184,57,,,1,79,,26185,57,,,1,79,,26186,57,,,1,39,,26187,57,,,1,79,,26188,57,,,1,79,,26189,57,,,1,39,,26190,57,,,1,79,,26191,57,,,1,85,,26192,57,,,1,41,,26193,57,,,1,81,,26194,57,,,1,81,,26195,57,,,1,41,,26196,57,,,1,81,,26197,57,,,1,84,,26198,57,,,1,82,,26199,57,,,1,39,,26200,57,,,1,82,,26201,57,,,1,82,,26202,57,,,1,42,,26203,57,,,1,82,,26204,57,,,1,82,,26205,57,,,1
901,'3',859,,26206,57,,,1,81,,26207,57,,,1,81,,26208,57,,,1,81,,26209,57,,,1,41,,26210,57,,,1,81,,26211,57,,,1,81,,26212,57,,,1,43,,26213,57,,,1,81,,26214,57,,,1,81,,26215,57,,,1,41,,26216,57,,,1,81,,26217,57,,,1,78,,26218,57,,,1,41,,26219,57,,,1,81,,26220,57,,,1,80,,26221,57,,,1,38,,26222,57,,,1,80,,26223,57,,,1
901,'74',754,,26224,57,,,1,79,,26225,57,,,1,79,,26226,57,,,1,39,,26227,57,,,1,79,,26228,57,,,1,79,,26229,57,,,1,39,,26230,57,,,1,79,,26231,57,,,1,85,,26232,57,,,1,41,,26233,57,,,1,81,,26234,57,,,1,81,,26235,57,,,1,41,,26236,57,,,1,81,,26237,57,,,1,84,,26238,57,,,1,82,,26239,57,,,1,39,,26240,57,,,1,82,,26241,57,,,1,82,,26242,57,,,1,42,,26243,57,,,1,82,,26244,57,,,1,82,,26245,57,,,1
901,'80',859,,26246,57,,,1,81,,26247,57,,,1,81,,26248,57,,,1,81,,26249,57,,,1,41,,26250,57,,,1,81,,26251,57,,,1,81,,26252,57,,,1,43,,26253,57,,,1,81,,26254,57,,,1,81,,26255,57,,,1,41,,26256,57,,,1,81,,26257,57,,,1,78,,26258,57,,,1,41,,26259,57,,,1,81,,26260,57,,,1,80,,26261,57,,,1,38,,26262,57,,,1,80,,26263,57,,,1
1401,'1',601,,26432,2,,,1,30,,26431,2,,,1,69,,26430,2,,,1,31,,26429,2,,,1,71,,26428,2,,,1,31,,26427,2,,,1,70,,26426,2,,,1,28,,26425,2,,,1,73,,26424,2,,,1,33,,26423,2,,,1,73,,26422,2,,,1,33,,26421,2,,,1,73,,26420,2,,,1,33,,26419,2,,,1,73,,26418,2,,,1,33,,26417,2,,,1,75,,26435,2,,,1,78,,26436,2,,,1,38,,26442,2,,,1,78,,26441,2,,,1,32,,26440,2,,,1,71,,26439,2,,,1,31,,26438,2,,,1,71,,26437,2,,,1,73,,26433,2,,,1,31,,26434,2,,,1
30300,'1',627,,32974,26,,,1,15,,32971,26,,,1,15,,32969,26,,,1,58,,32972,26,,,1,13,,32968,26,,,1,15,,32967,26,,,1,7,,32973,26,,,1,8,,32970,26,,,1
