8100,'1',516,,17097,4,,,1,31,,17099,4,,,1,71,,17101,4,,,1,32,,17102,4,,,1,74,,17100,4,,,1,34,,17103,4,,,1,86,,17098,4,,,1
8101,'1',1505,,17111,4,,,1,121,,17109,4,,,1,79,,17108,4,,,1,39,,17107,4,,,1,77,,17106,4,,,1,37,,17105,4,,,1,79,,17104,4,,,1
9800,'1',605,,18683,4,,,1,35,,18682,4,,,1,72,,18681,4,,,1,35,,18680,4,,,1,75,,18679,4,,,1,35,,18678,4,,,1,98,,18674,4,,,1,98,,18671,4,,,1,94,,18676,4,,,1,98,,18675,4,,,1,80,,18663,4,,,1,75,,18673,4,,,1,40,,18672,4,,,1,80,,18670,4,,,1,80,,18669,4,,,1,40,,18668,4,,,1,87,,18667,4,,,1,80,,18666,4,,,1,96,,18665,4,,,1,51,,18664,4,,,1,91,,18677,4,,,1
9800,'2',605,,18701,4,,,1,46,,18700,4,,,1,84,,18699,4,,,1,94,,18698,4,,,1,92,,18697,4,,,1,89,,18696,4,,,1,94,,18695,4,,,1,98,,18694,4,,,1,98,,18693,4,,,1,55,,18692,4,,,1,98,,18691,4,,,1,98,,18690,4,,,1,102,,18689,4,,,1,103,,18688,4,,,1,89,,18687,4,,,1,93,,18686,4,,,1,89,,18685,4,,,1,85,,18684,4,,,1
9800,'3',750,,18717,4,,,1,88,,18716,4,,,1,88,,18715,4,,,1,91,,18714,4,,,1,93,,18713,4,,,1,48,,18712,4,,,1,93,,18711,4,,,1,93,,18710,4,,,1,93,,18709,4,,,1,93,,18708,4,,,1,93,,18707,4,,,1,99,,18706,4,,,1,88,,18705,4,,,1,91,,18704,4,,,1,47,,18703,4,,,1,88,,18702,4,,,1
9800,'80',750,,18733,4,,,1,88,,18732,4,,,1,88,,18731,4,,,1,91,,18730,4,,,1,93,,18729,4,,,1,48,,18728,4,,,1,93,,18727,4,,,1,93,,18726,4,,,1,93,,18725,4,,,1,93,,18724,4,,,1,93,,18723,4,,,1,99,,18722,4,,,1,88,,18721,4,,,1,91,,18720,4,,,1,47,,18719,4,,,1,88,,18718,4,,,1
989900,'1',2110,,22653,47,,,1,34,,22654,47,,,1,78,,22655,47,,,1,78,,22656,47,,,1,35,,22657,47,,,1,72,,22658,47,,,1,35,,22659,47,,,1,75,,22660,47,,,1,36,,22661,47,0,5 6,1,75,,22662,47,0,5 6,1,80,,22663,47,0,5 6,1
989900,'2',2114,,22664,47,,,1,94,,22665,47,,,1,47,,22666,47,,,1,92,,22667,47,,,1,86,,22668,47,,,1,86,,22669,47,,,1,85,,22670,47,0,5 6,1,46,,22671,47,0,5 6,1,86,,22672,47,0,5 6,1
989900,'3',2131,,22673,47,,,1,90,,22674,47,,,1,85,,22675,47,,,1,50,,22676,47,,,1,80,,22677,47,,,1,83,,22678,47,,,1,40,,22679,47,0,5 6,1,83,,22680,47,0,5 6,1,83,,22681,47,0,5 6,1
989900,'80',2131,,22682,47,,,1,90,,22683,47,,,1,85,,22684,47,,,1,50,,22685,47,,,1,80,,22686,47,,,1,83,,22687,47,,,1,40,,22688,47,0,5 6,1,83,,22689,47,0,5 6,1,83,,22690,47,0,5 6,1
