900,'1',614,,2059,50,,,1,34,,2060,50,,,1,77,,2061,50,,,1,33,,2062,50,,,1,73,,2063,50,,,1,73,,2064,50,,,1,33,,2065,50,,,1,73,,2066,50,,,1,44,,2067,50,,,1,84,,2068,50,,,1,84,,2069,50,,,1,84,,2070,50,,,1,40,,2071,50,,,1,84,,2072,50,,,1,82,,2073,50,,,1,45,,2074,50,,,1,74,,2075,50,,,1,78,,2076,50,,,1,42,,2077,50,,,1,74,,2078,50,,,1,34,,2079,50,,,1,78,,2080,50,,,1,78,,2081,50,,,1,38,,2082,50,,,1
900,'2',734,,2101,50,,,1,87,,2100,50,,,1,87,,2083,50,,,1,47,,2084,50,,,1,87,,2085,50,,,1,87,,2086,50,,,1,87,,2087,50,,,1,87,,2088,50,,,1,47,,2089,50,,,1,87,,2090,50,,,1,87,,2091,50,,,1,87,,2092,50,,,1,47,,2093,50,,,1,87,,2094,50,,,1,87,,2095,50,,,1,87,,2096,50,,,1,87,,2097,50,,,1,47,,2098,50,,,1,87,,2099,50,,,1
900,'3',836,,2102,50,,,1,87,,2103,50,,,1,87,,2104,50,,,1,47,,2105,50,,,1,87,,2106,50,,,1,87,,2107,50,,,1,87,,2108,50,,,1,87,,2109,50,,,1,47,,2110,50,,,1,87,,2111,50,,,1,87,,2112,50,,,1,87,,2113,50,,,1,87,,2114,50,,,1,47,,2115,50,,,1,87,,2116,50,,,1,87,,2117,50,,,1,87,,2118,50,,,1
900,'80',836,,2119,50,,,1,87,,2120,50,,,1,87,,2121,50,,,1,47,,2122,50,,,1,87,,2123,50,,,1,87,,2124,50,,,1,87,,2125,50,,,1,87,,2126,50,,,1,47,,2127,50,,,1,87,,2128,50,,,1,87,,2129,50,,,1,87,,2130,50,,,1,87,,2131,50,,,1,47,,2132,50,,,1,87,,2133,50,,,1,87,,2134,50,,,1,87,,2135,50,,,1
900,'81',836,,2136,50,,,1,87,,2137,50,,,1,87,,2138,50,,,1,47,,2139,50,,,1,87,,2140,50,,,1,87,,2141,50,,,1,87,,2142,50,,,1,87,,2143,50,,,1,47,,2144,50,,,1,87,,2145,50,,,1,87,,2146,50,,,1,87,,2147,50,,,1,87,,2148,50,,,1,47,,2149,50,,,1,87,,2150,50,,,1,87,,2151,50,,,1,87,,2152,50,,,1
41400,'24611.1',910,,9224,37,,,1
41401,'24611.1',1603,,9225,11,,,1,3,,9226,11,,,1
41500,'24612.1',838,,9228,5,,,1,3,,9227,5,,,1
41700,'24612.1',808,,9233,30,,,1,1,,9234,30,,,1
41701,'24612.1',1627,,9235,43,,,1,1,,9236,43,,,1
