'148.0.1',6010200,60300,4,'',1,1200,4,'',1,1200,4,'',1,1300,4,'',1,1200,4,'',1,5500,4,'',1,1100,4,'',1,1000,4,'',1,1000,4,'',1,1000,4,'',1,1000,4,'',1,5000,4,'',1,1400,4,'',1,1000,4,'',1,1000,4,'',1,1000,4,'',1,5000,4,'',1,1000,4,'',1,1000,4,'',1,1000,4,'',1,1000,4,'',1,1000,4,'',1,5000,4,'',1,1000,4,'',1,1000,4,'',1,1000,4,'',1,1300,4,'',1,5600,4,'',1,1900,4,'',1,1600,4,'',1,1600,4,'',1,5600,4,'',1,1600,4,'',1,1600,4,'',1,1600,4,'',1,5600,4,'',1,1600,4,'',1,1600,4,'',1,5600,4,'',1,1800,4,'',1,1600,4,'',1,1700,4,'',1,5200,4,'',1,1200,4,'',1,1200,4,'',1,1200,4,'',1,1200,4,'',1,5200,4,'',1,1100,4,'',1,1200,4,'',1,1200,4,'',1,1200,4,'',1,5200,4,'',1,1200,4,'',1,1200,4,'',1,1200,4,'',1,1200,4,'',1,5100,4,'',1,1200,4,'',1,1200,4,'',1,1200,4,'',1,1200,4,'',1,1000,4,'',1,5400,4,'',1,1400,4,'',1,1400,4,'',1,1400,4,'',1,5300,4,'',1,1400,4,'',1,1400,4,'',1
'148.0.1',6010201,51300,,'',1,1200,,'',1,1300,,'',1,1200,,'',1,5200,,'',1,1400,,'',1,1200,,'',1,1200,,'',1,1200,,'',1,5100,,'',1,1000,,'',1,1400,,'',1,1000,,'',1,1000,,'',1,1000,,'',1,5000,,'',1,1000,,'',1,1000,,'',1,1000,,'',1,1000,,'',1,1000,,'',1,5000,,'',1,1000,,'',1,1000,,'',1,1000,,'',1,1000,,'',1,1000,,'',1,5000,,'',1,1000,,'',1,1000,,'',1,1300,,'',1,1600,,'',1,5700,,'',1,1600,,'',1,1600,,'',1,5600,,'',1,1600,,'',1,1600,,'',1,1600,,'',1,5600,,'',1,1600,,'',1,1600,,'',1,1600,,'',1,5900,,'',1,1600,,'',1,1400,,'',1,1200,,'',1,5200,,'',1,1200,,'',1,1200,,'',1,1200,,'',1,1200,,'',1,5200,,'',1,1200,,'',1,1200,,'',1,1400,,'',1,1200,,'',1,5200,,'',1,1200,,'',1,1200,,'',1,1200,,'',1,1000,,'',1,5100,,'',1,1200,,'',1,1200,,'',1,1200,,'',1,1000,,'',1,5200,,'',1,1400,,'',1,1400,,'',1
'148.0.2',6010200,85200,4,'',1,5500,4,'',1,1500,4,'',1,1500,4,'',1,1700,4,'',1,5500,4,'',1,1500,4,'',1,1500,4,'',1,1700,4,'',1,5500,4,'',1,1500,4,'',1,1500,4,'',1,1700,4,'',1,5500,4,'',1,1500,4,'',1,1700,4,'',1,5500,4,'',1,1500,4,'',1,1500,4,'',1,1500,4,'',1,5500,4,'',1,1500,4,'',1,1500,4,'',1,1500,4,'',1,5500,4,'',1,1500,4,'',1,1500,4,'',1,1500,4,'',1,5600,4,'',1,1500,4,'',1,1500,4,'',1,1500,4,'',1,5500,4,'',1,1300,4,'',1,1500,4,'',1,1500,4,'',1,1400,4,'',1,5500,4,'',1,1500,4,'',1,1300,4,'',1,1500,4,'',1,5500,4,'',1,1500,4,'',1,1400,4,'',1,1500,4,'',1,5500,4,'',1,1500,4,'',1
'148.0.2',6010201,84600,,'',1,5500,,'',1,1800,,'',1,1500,,'',1,1500,,'',1,5500,,'',1,1500,,'',1,1500,,'',1,1500,,'',1,5600,,'',1,1500,,'',1,1500,,'',1,1500,,'',1,5400,,'',1,1500,,'',1,1500,,'',1,1500,,'',1,5500,,'',1,1500,,'',1,1500,,'',1,1500,,'',1,5500,,'',1,1500,,'',1,1500,,'',1,1500,,'',1,5600,,'',1,1500,,'',1,1500,,'',1,1500,,'',1,5500,,'',1,1500,,'',1,1400,,'',1,1500,,'',1,5500,,'',1,1500,,'',1,1500,,'',1,1500,,'',1,5200,,'',1,1500,,'',1,1500,,'',1,1000,,'',1,1500,,'',1,5500,,'',1,1500,,'',1,1500,,'',1,1500,,'',1
'148.0.3',6010200,92100,4,'',1,2000,4,'',1,6300,4,'',1,2000,4,'',1,2000,4,'',1,6000,4,'',1,2000,4,'',1,2000,4,'',1,6300,4,'',1,2000,4,'',1,2000,4,'',1,6000,4,'',1,2000,4,'',1,2000,4,'',1,6000,4,'',1,2000,4,'',1,2000,4,'',1,6000,4,'',1,2000,4,'',1,1900,4,'',1,6000,4,'',1,2000,4,'',1,2000,4,'',1,6000,4,'',1,2000,4,'',1,2000,4,'',1,6000,4,'',1,2000,4,'',1,2000,4,'',1,5800,4,'',1,2000,4,'',1,1900,4,'',1,6000,4,'',1,2000,4,'',1,1900,4,'',1,6000,4,'',1
'148.0.3',6010201,91100,,'',1,2000,,'',1,2000,,'',1,6200,,'',1,2100,,'',1,2200,,'',1,6000,,'',1,1900,,'',1,2000,,'',1,6000,,'',1,1900,,'',1,2100,,'',1,6100,,'',1,2000,,'',1,2000,,'',1,6000,,'',1,2000,,'',1,2000,,'',1,6000,,'',1,2000,,'',1,2000,,'',1,6000,,'',1,2000,,'',1,2000,,'',1,6000,,'',1,2000,,'',1,1800,,'',1,5900,,'',1,2000,,'',1,2000,,'',1,6000,,'',1,1900,,'',1,2000,,'',1,6000,,'',1,2100,,'',1
'148.0.74',6010200,85200,4,'',1,5500,4,'',1,1500,4,'',1,1500,4,'',1,1700,4,'',1,5500,4,'',1,1500,4,'',1,1500,4,'',1,1700,4,'',1,5500,4,'',1,1500,4,'',1,1500,4,'',1,1700,4,'',1,5500,4,'',1,1500,4,'',1,1700,4,'',1,5500,4,'',1,1500,4,'',1,1500,4,'',1,1500,4,'',1,5500,4,'',1,1500,4,'',1,1500,4,'',1,1500,4,'',1,5500,4,'',1,1500,4,'',1,1500,4,'',1,1500,4,'',1,5600,4,'',1,1500,4,'',1,1500,4,'',1,1500,4,'',1,5500,4,'',1,1300,4,'',1,1500,4,'',1,1500,4,'',1,1400,4,'',1,5500,4,'',1,1500,4,'',1,1300,4,'',1,1500,4,'',1,5500,4,'',1,1500,4,'',1,1400,4,'',1,1500,4,'',1,5500,4,'',1,1500,4,'',1
'148.0.74',6010201,84600,,'',1,5500,,'',1,1800,,'',1,1500,,'',1,1500,,'',1,5500,,'',1,1500,,'',1,1500,,'',1,1500,,'',1,5600,,'',1,1500,,'',1,1500,,'',1,1500,,'',1,5400,,'',1,1500,,'',1,1500,,'',1,1500,,'',1,5500,,'',1,1500,,'',1,1500,,'',1,1500,,'',1,5500,,'',1,1500,,'',1,1500,,'',1,1500,,'',1,5600,,'',1,1500,,'',1,1500,,'',1,1500,,'',1,5500,,'',1,1500,,'',1,1400,,'',1,1500,,'',1,5500,,'',1,1500,,'',1,1500,,'',1,1500,,'',1,5200,,'',1,1500,,'',1,1500,,'',1,1000,,'',1,1500,,'',1,5500,,'',1,1500,,'',1,1500,,'',1,1500,,'',1
'148.0.80',6010200,92100,4,'',1,2000,4,'',1,6300,4,'',1,2000,4,'',1,2000,4,'',1,6000,4,'',1,2000,4,'',1,2000,4,'',1,6300,4,'',1,2000,4,'',1,2000,4,'',1,6000,4,'',1,2000,4,'',1,2000,4,'',1,6000,4,'',1,2000,4,'',1,2000,4,'',1,6000,4,'',1,2000,4,'',1,1900,4,'',1,6000,4,'',1,2000,4,'',1,2000,4,'',1,6000,4,'',1,2000,4,'',1,2000,4,'',1,6000,4,'',1,2000,4,'',1,2000,4,'',1,5800,4,'',1,2000,4,'',1,1900,4,'',1,6000,4,'',1,2000,4,'',1,1900,4,'',1,6000,4,'',1
'148.0.80',6010201,91100,,'',1,2000,,'',1,2000,,'',1,6200,,'',1,2100,,'',1,2200,,'',1,6000,,'',1,1900,,'',1,2000,,'',1,6000,,'',1,1900,,'',1,2100,,'',1,6100,,'',1,2000,,'',1,2000,,'',1,6000,,'',1,2000,,'',1,2000,,'',1,6000,,'',1,2000,,'',1,2000,,'',1,6000,,'',1,2000,,'',1,2000,,'',1,6000,,'',1,2000,,'',1,1800,,'',1,5900,,'',1,2000,,'',1,2000,,'',1,6000,,'',1,1900,,'',1,2000,,'',1,6000,,'',1,2100,,'',1
