8100,'1',535,,29504,35,,,1,71,,29506,35,,,1,31,,29508,35,,,1,74,,29509,35,,,1,34,,29507,35,,,1,160,,29505,35,,,1
8101,'1',1526,,29518,35,,,1,87,,29517,35,,,1,39,,29516,35,,,1,79,,29515,35,,,1,77,,29514,35,,,1,37,,29513,35,,,1,74,,29512,35,,,1,38,,29511,35,,,1
9801,'1',545,,31521,53,,,1,75,,31520,53,,,1,37,,31519,53,,,1,75,,31518,53,,,1,77,,31517,53,,,1,35,,31516,53,,,1,75,,31515,53,,,1,35,,31514,53,,,1,75,,31525,53,,,1,101,,31524,53,,,1,98,,31523,53,,,1,98,,31522,53,,,1,102,,31537,53,,,1,80,,31536,53,,,1,40,,31535,53,,,1,80,,31534,53,,,1,80,,31533,53,,,1,40,,31532,53,,,1,80,,31531,53,,,1,76,,31530,53,,,1,37,,31529,53,,,1,91,,31528,53,,,1,87,,31527,53,,,1,88,,31526,53,,,1
9801,'2',551,,31556,53,,,1,86,,31555,53,,,1,86,,31554,53,,,1,86,,31553,53,,,1,49,,31552,53,,,1,96,,31551,53,,,1,94,,31550,53,,,1,98,,31549,53,,,1,94,,31548,53,,,1,103,,31547,53,,,1,98,,31546,53,,,1,98,,31545,53,,,1,95,,31544,53,,,1,98,,31543,53,,,1,98,,31542,53,,,1,93,,31541,53,,,1,86,,31540,53,,,1,49,,31539,53,,,1,87,,31538,53,,,1
9801,'3',734,,31573,53,,,1,88,,31574,53,,,1,90,,31572,53,,,1,88,,31571,53,,,1,48,,31570,53,,,1,96,,31569,53,,,1,93,,31568,53,,,1,93,,31567,53,,,1,95,,31566,53,,,1,93,,31565,53,,,1,93,,31564,53,,,1,93,,31563,53,,,1,53,,31562,53,,,1,90,,31561,53,,,1,86,,31560,53,,,1,86,,31559,53,,,1,87,,31558,53,,,1,48,,31557,53,,,1
9801,'74',551,,31593,53,,,1,86,,31592,53,,,1,86,,31591,53,,,1,86,,31590,53,,,1,49,,31589,53,,,1,96,,31588,53,,,1,94,,31587,53,,,1,98,,31586,53,,,1,94,,31585,53,,,1,103,,31584,53,,,1,98,,31583,53,,,1,98,,31582,53,,,1,95,,31581,53,,,1,98,,31580,53,,,1,98,,31579,53,,,1,93,,31578,53,,,1,86,,31577,53,,,1,49,,31576,53,,,1,87,,31575,53,,,1
9801,'80',734,,31610,53,,,1,88,,31611,53,,,1,90,,31609,53,,,1,88,,31608,53,,,1,48,,31607,53,,,1,96,,31606,53,,,1,93,,31605,53,,,1,93,,31604,53,,,1,95,,31603,53,,,1,93,,31602,53,,,1,93,,31601,53,,,1,93,,31600,53,,,1,53,,31599,53,,,1,90,,31598,53,,,1,86,,31597,53,,,1,86,,31596,53,,,1,87,,31595,53,,,1,48,,31594,53,,,1
989901,'1',2223,,36877,53,,,1,31,,36878,53,,,1,78,,36879,53,,,1,75,,36880,53,,,1,35,,36881,53,,,1,71,,36882,53,,,1,35,,36883,53,,,1,75,,36884,53,,,1
989901,'2',2229,,36885,53,,,1,91,,36886,53,,,1,82,,36887,53,,,1,51,,36890,53,,,1,85,,36888,53,,,1,86,,36889,53,,,1
989901,'3',2241,,36891,53,,,1,87,,36892,53,,,1,83,,36893,53,,,1,89,,36894,53,,,1,39,,36895,53,,,1,83,,36896,53,,,1
989901,'74',2229,,36897,53,,,1,91,,36898,53,,,1,82,,36899,53,,,1,51,,36902,53,,,1,85,,36900,53,,,1,86,,36901,53,,,1
989901,'80',2241,,36903,53,,,1,87,,36904,53,,,1,83,,36905,53,,,1,89,,36906,53,,,1,39,,36907,53,,,1,83,,36908,53,,,1
