8500,'1',542,,5396,5,,,1,16,,5397,5,,,1,56,,5398,5,,,1,16,,5399,5,,,1,16,,5400,5,,,1,56,,5401,5,,,1,16,,5402,5,,,1,16,,5403,5,,,1,16,,5404,5,,,1,56,,5405,5,,,1,16,,5406,5,,,1,16,,5407,5,,,1,16,,5408,5,,,1,65,,5409,5,,,1,25,,5410,5,,,1,65,,5411,5,,,1,25,,5412,5,,,1,25,,5413,5,,,1,65,,5414,5,,,1,25,,5415,5,,,1,65,,5416,5,,,1,25,,5417,5,,,1,65,,5418,5,,,1,25,,5419,5,,,1,20,,5420,5,,,1
8500,'2',632,,5476,5,,,1,70,,5477,5,,,1,30,,5478,5,,,1,68,,5479,5,,,1,30,,5480,5,,,1,70,,5481,5,,,1,30,,5482,5,,,1,72,,5483,5,,,1,30,,5484,5,,,1,71,,5448,5,,,1,22,,5449,5,,,1,23,,5450,5,,,1,63,,5451,5,,,1,23,,5452,5,,,1,23,,5453,5,,,1,63,,5454,5,,,1,23,,5455,5,,,1,63,,5456,5,,,1,23,,5457,5,,,1,23,,5458,5,,,1,63,,5459,5,,,1,23,,5460,5,,,1,63,,5461,5,,,1,23,,5462,5,,,1,21,,5463,5,,,1,65,,5464,5,,,1,17,,5465,5,,,1,21,,5466,5,,,1,61,,5467,5,,,1,21,,5468,5,,,1,21,,5469,5,,,1,61,,5470,5,,,1,21,,5471,5,,,1,21,,5472,5,,,1,61,,5473,5,,,1,21,,5474,5,,,1,21,,5475,5,,,1,70,,5485,5,,,1,30,,5486,5,,,1,70,,5487,5,,,1
8500,'3',921,,5488,5,,,1,80,,5489,5,,,1,40,,5490,5,,,1,80,,5491,5,,,1,91,,5492,5,,,1,43,,5493,5,,,1,83,,5494,5,,,1,83,,5495,5,,,1,82,,5496,5,,,1,43,,5497,5,,,1,83,,5498,5,,,1,74,,5499,5,,,1,41,,5500,5,,,1,85,,5501,5,,,1,77,,5502,5,,,1,41,,5503,5,,,1,81,,5504,5,,,1
8500,'80',921,,5507,5,,,1,80,,5508,5,,,1,40,,5509,5,,,1,80,,5510,5,,,1,91,,5511,5,,,1,43,,5512,5,,,1,83,,5513,5,,,1,83,,5514,5,,,1,82,,5515,5,,,1,43,,5516,5,,,1,83,,5517,5,,,1,74,,5518,5,,,1,41,,5519,5,,,1,85,,5520,5,,,1,77,,5521,5,,,1,41,,5522,5,,,1,81,,5523,5,,,1
8500,'81',921,,5526,5,,,1,80,,5527,5,,,1,40,,5528,5,,,1,80,,5529,5,,,1,91,,5530,5,,,1,43,,5531,5,,,1,83,,5532,5,,,1,83,,5533,5,,,1,82,,5534,5,,,1,43,,5535,5,,,1,83,,5536,5,,,1,74,,5537,5,,,1,41,,5538,5,,,1,85,,5539,5,,,1,77,,5540,5,,,1,41,,5541,5,,,1,81,,5542,5,,,1
8501,'1',1356,,5566,56,,,1,65,,5570,56,,,1,25,,5571,56,,,1,66,,5572,56,,,1,16,,5599,56,,,1,16,,5600,56,,,1,56,,5589,56,,,1,16,,5588,56,,,1,16,,5587,56,,,1,70,,5586,56,,,1,25,,5585,56,,,1,16,,5573,56,,,1,59,,5574,56,,,1,13,,5575,56,,,1,6,,5576,56,,,1,16,,5577,56,,,1,11,,5578,56,,,1,59,,5579,56,,,1,13,,5580,56,,,1,16,,5581,56,,,1,16,,5582,56,,,1,56,,5583,56,,,1,13,,5584,56,,,1,32,,5592,56,,,1,63,,5591,56,,,1,25,,5590,56,,,1,62,,5596,56,,,1,29,,5595,56,,,1,70,,5593,56,,,1,32,,5594,56,,,1
8501,'2',2246,,5639,56,,,1,70,,5640,56,,,1
8501,'3',2102,,5641,56,,,1,41,,5642,56,,,1
8501,'80',2102,,5660,56,,,1,41,,5661,56,,,1
8501,'81',2102,,5679,56,,,1,41,,5680,56,,,1
46100,'24612.1',731,,9294,21,,,1
