8701,'1',620,,30091,18,,,1,33,,30092,18,,,1,75,,30093,18,,,1,75,,30094,18,,,1,33,,30095,18,,,1,72,,30096,18,,,1,547,,30106,18,,,1,64,,30105,18,,,1,81,,30097,18,,,1,33,,30098,18,,,1,73,,30099,18,,,1,32,,30100,18,,,1,73,,30101,18,,,1,33,,30102,18,,,1,70,,30103,18,,,1,33,,30104,18,,,1,73,,30107,18,,,1
10500,'1',511,,31889,1,,,1,16,,31890,1,,,1,16,,31891,1,,,1,16,,31892,1,,,1,51,,31881,27,,,1,18,,31836,27,,,1,16,,31837,27,,,1,56,,31838,27,,,1,18,,31847,27,,,1,15,,31846,27,,,1,17,,31845,27,,,1,57,,31839,27,,,1,17,,31840,27,,,1,17,,31841,27,,,1,16,,31894,1,4,,1,57,,31843,27,,,1,30,,31844,27,,,1,69,,31857,27,,,1,29,,31848,27,,,1,69,,31849,27,,,1,29,,31850,27,,,1,69,,31851,27,,,1,29,,31852,27,,,1,69,,31853,27,,,1,27,,31854,27,,,1,69,,31855,27,,,1,29,,31856,27,,,1,69,,31874,27,,,1,12,,31873,27,,,1,13,,31858,27,,,1,5,,31893,9,,,1,6,,31859,27,,,1,19,,31860,27,,,1,59,,31861,27,,,1,15,,31862,27,,,1,15,,31863,27,,,1,55,,31864,27,,,1,16,,31865,27,,,1,15,,31866,27,,,1,15,,31867,27,,,1,55,,31868,27,,,1,15,,31895,1,4,,1,11,,31870,27,,,1,11,,31896,1,4,,1,15,,31872,27,,,1,55,,31897,1,4,,1,17,,31879,27,,,1,25,,31875,27,,,1,67,,31876,27,,,1,27,,31877,27,,,1,69,,31878,27,,,1,24,,31882,27,4,,1,65,,31883,27,4,,1,29,,31884,27,4,,1,69,,31885,27,4,,1,29,,31886,27,4,,1,29,,31887,27,4,,1,69,,31888,27,4,,1
10500,'2',627,,31898,27,4,,1,32,,31899,27,4,,1,72,,31900,27,4,,1,72,,31901,27,4,,1,35,,31902,27,4,,1,72,,31903,27,4,,1,32,,31904,27,4,,1,77,,31925,27,4,,1,36,,31905,27,4,,1,76,,31906,27,4,,1,79,,31907,27,4,,1,36,,31908,27,4,,1,76,,31909,27,4,,1,36,,31910,27,4,,1,76,,31911,27,4,,1,76,,31912,27,4,,1,36,,31913,27,4,,1,76,,31914,27,4,,1,36,,31915,27,4,,1,76,,31916,27,4,,1,76,,31917,27,4,,1,36,,31918,27,4,,1,76,,31919,27,4,,1,32,,31920,27,4,,1,76,,31921,27,4,,1,76,,31922,27,4,,1,36,,31923,27,4,,1,76,,31924,27,4,,1,29,,31928,27,4,,1,99,,31926,27,4,,1,99,,31927,27,4,,1
10500,'3',837,,31929,27,4,,1,74,,31930,27,4,,1,34,,31931,27,4,,1,74,,31932,27,4,,1,35,,31933,27,4,,1,74,,31934,27,4,,1,74,,31935,27,4,,1,34,,31936,27,4,,1,74,,31937,27,4,,1,37,,31938,27,4,,1,74,,31939,27,4,,1,31,,31940,27,4,,1,76,,31941,27,4,,1,75,,31942,27,4,,1,34,,31943,27,4,,1,74,,31944,27,4,,1,34,,31945,27,4,,1,74,,31946,27,4,,1,31,,31947,27,4,,1,74,,31948,27,4,,1,34,,31949,27,4,,1,74,,31950,27,4,,1,74,,31951,27,4,,1,37,,31952,27,4,,1,98,,31953,27,4,,1,97,,31954,27,4,,1,98,,31955,27,4,,1
10500,'74',627,,31956,27,4,,1,32,,31957,27,4,,1,72,,31958,27,4,,1,72,,31959,27,4,,1,35,,31960,27,4,,1,72,,31961,27,4,,1,32,,31962,27,4,,1,77,,31983,27,4,,1,36,,31963,27,4,,1,76,,31964,27,4,,1,79,,31965,27,4,,1,36,,31966,27,4,,1,76,,31967,27,4,,1,36,,31968,27,4,,1,76,,31969,27,4,,1,76,,31970,27,4,,1,36,,31971,27,4,,1,76,,31972,27,4,,1,36,,31973,27,4,,1,76,,31974,27,4,,1,76,,31975,27,4,,1,36,,31976,27,4,,1,76,,31977,27,4,,1,32,,31978,27,4,,1,76,,31979,27,4,,1,76,,31980,27,4,,1,36,,31981,27,4,,1,76,,31982,27,4,,1,29,,31986,27,4,,1,99,,31984,27,4,,1,99,,31985,27,4,,1
10500,'80',837,,31987,27,4,,1,74,,31988,27,4,,1,34,,31989,27,4,,1,74,,31990,27,4,,1,35,,31991,27,4,,1,74,,31992,27,4,,1,74,,31993,27,4,,1,34,,31994,27,4,,1,74,,31995,27,4,,1,37,,31996,27,4,,1,74,,31997,27,4,,1,31,,31998,27,4,,1,76,,31999,27,4,,1,75,,32000,27,4,,1,34,,32001,27,4,,1,74,,32002,27,4,,1,34,,32003,27,4,,1,74,,32004,27,4,,1,31,,32005,27,4,,1,74,,32006,27,4,,1,34,,32007,27,4,,1,74,,32008,27,4,,1,74,,32009,27,4,,1,37,,32010,27,4,,1,98,,32011,27,4,,1,97,,32012,27,4,,1,98,,32013,27,4,,1
10501,'1',2142,,32072,1,,,1,65,,32066,1,,,1,29,,32062,1,,,1,69,,32067,1,,,1,29,,32063,1,,,1,69,,32064,1,,,1,29,,32065,1,,,1
10501,'2',531,,32075,1,,,1,72,,32076,1,,,1,32,,32077,1,,,1,72,,32078,1,,,1,32,,32079,1,,,1,72,,32080,1,,,1,32,,32081,1,,,1,72,,32082,1,,,1,36,,32083,1,,,1,76,,32084,1,,,1,76,,32085,1,,,1,36,,32086,1,,,1,76,,32087,1,,,1,36,,32088,1,,,1,76,,32089,1,,,1,76,,32090,1,,,1,36,,32091,1,,,1,76,,32092,1,,,1,36,,32093,1,,,1,76,,32094,1,,,1,76,,32095,1,,,1,36,,32096,1,,,1,76,,32097,1,,,1,36,,32098,1,,,1,76,,32099,1,,,1,76,,32100,1,,,1,36,,32101,1,,,1,76,,32102,1,,,1,36,,32103,1,,,1,67,,32107,1,0,107 108,1,35,,32104,1,,,1,102,,32105,1,,,1,95,,32106,1,,,1
10501,'3',739,,32109,1,,,1,73,,32108,1,,,1,34,,32111,1,,,1,74,,32112,1,,,1,34,,32113,1,,,1,74,,32114,1,,,1,74,,32115,1,,,1,34,,32116,1,,,1,74,,32117,1,,,1,34,,32118,1,,,1,74,,32119,1,,,1,34,,32120,1,,,1,74,,32121,1,,,1,74,,32122,1,,,1,34,,32123,1,,,1,74,,32124,1,,,1,34,,32125,1,,,1,74,,32126,1,,,1,34,,32127,1,,,1,74,,32128,1,,,1,34,,32129,1,,,1,74,,32130,1,,,1,74,,32131,1,,,1,34,,32132,1,,,1,74,,32133,1,,,1,34,,32134,1,,,1,99,,32135,1,,,1,99,,32136,1,,,1,95,,32110,1,0,107 108,1
10501,'74',531,,32137,1,,,1,72,,32138,1,,,1,32,,32139,1,,,1,72,,32140,1,,,1,32,,32141,1,,,1,72,,32142,1,,,1,32,,32143,1,,,1,72,,32144,1,,,1,36,,32145,1,,,1,76,,32146,1,,,1,76,,32147,1,,,1,36,,32148,1,,,1,76,,32149,1,,,1,36,,32150,1,,,1,76,,32151,1,,,1,76,,32152,1,,,1,36,,32153,1,,,1,76,,32154,1,,,1,36,,32155,1,,,1,76,,32156,1,,,1,76,,32157,1,,,1,36,,32158,1,,,1,76,,32159,1,,,1,36,,32160,1,,,1,76,,32161,1,,,1,76,,32162,1,,,1,36,,32163,1,,,1,76,,32164,1,,,1,36,,32165,1,,,1,67,,32169,1,0,107 108,1,35,,32166,1,,,1,102,,32167,1,,,1,95,,32168,1,,,1
10501,'80',739,,32171,1,,,1,73,,32170,1,,,1,34,,32173,1,,,1,74,,32174,1,,,1,34,,32175,1,,,1,74,,32176,1,,,1,74,,32177,1,,,1,34,,32178,1,,,1,74,,32179,1,,,1,34,,32180,1,,,1,74,,32181,1,,,1,34,,32182,1,,,1,74,,32183,1,,,1,74,,32184,1,,,1,34,,32185,1,,,1,74,,32186,1,,,1,34,,32187,1,,,1,74,,32188,1,,,1,34,,32189,1,,,1,74,,32190,1,,,1,34,,32191,1,,,1,74,,32192,1,,,1,74,,32193,1,,,1,34,,32194,1,,,1,74,,32195,1,,,1,34,,32196,1,,,1,99,,32197,1,,,1,99,,32198,1,,,1,95,,32172,1,0,107 108,1
