9600,'1',611,,31260,11,,,1,42,,31259,11,,,1,71,,31258,11,,,1,77,,31257,11,,,1,27,,31256,11,,,1,80,,31253,11,,,1,34,,31254,11,,,1,70,,31255,11,,,1,32,,31268,11,,,1,70,,31267,11,,,1,39,,31261,11,,,1,79,,31262,11,,,1,79,,31263,11,,,1,41,,31264,11,,,1,65,,31265,11,,,1,85,,31266,11,,,1,43,,31274,11,,,1,67,,31273,11,,,1,29,,31272,11,,,1,67,,31269,11,,,1,27,,31270,11,,,1,24,,31271,11,,,1,67,,31277,11,,,1,25,,31278,11,,,1,53,,31288,11,,,1,14,,31276,11,,,1,25,,31275,11,,,1,75,,31285,11,,,1,30,,31284,11,,,1,55,,31287,11,,,1,15,,31279,11,,,1,30,,31280,11,,,1,70,,31281,11,,,1,30,,31282,11,,,1,70,,31283,11,,,1,17,,31286,11,,,1
9600,'2',936,,31289,11,,,1,99,,31290,11,,,1,99,,31291,11,,,1,99,,31292,11,,,1,99,,31293,11,,,1,99,,31294,11,,,1,98,,31295,11,,,1,99,,31296,11,,,1,96,,31297,11,,,1,97,,31298,11,,,1,87,,31299,11,,,1,48,,31300,11,,,1,97,,31301,11,,,1
9600,'3',1029,,31302,11,,,1,94,,31303,11,,,1,94,,31304,11,,,1,94,,31305,11,,,1,94,,31306,11,,,1,54,,31307,11,,,1,94,,31308,11,,,1,94,,31309,11,,,1,94,,31310,11,,,1,94,,31311,11,,,1,94,,31312,11,,,1,93,,31313,11,,,1
9600,'74',936,,31314,11,,,1,99,,31315,11,,,1,99,,31316,11,,,1,99,,31317,11,,,1,99,,31318,11,,,1,99,,31319,11,,,1,98,,31320,11,,,1,99,,31321,11,,,1,96,,31322,11,,,1,97,,31323,11,,,1,87,,31324,11,,,1,48,,31325,11,,,1,97,,31326,11,,,1
9600,'80',1029,,31327,11,,,1,94,,31328,11,,,1,94,,31329,11,,,1,94,,31330,11,,,1,94,,31331,11,,,1,54,,31332,11,,,1,94,,31333,11,,,1,94,,31334,11,,,1,94,,31335,11,,,1,94,,31336,11,,,1,94,,31337,11,,,1,93,,31338,11,,,1
10700,'1',451,,32223,11,,,1,64,,32222,11,,,1,24,,32221,11,,,1,64,,32220,11,,,1,19,,32219,11,,,1,16,,32218,11,,,1,21,,32217,11,,,1,51,,32216,11,,,1,16,,32215,11,,,1,19,,32214,11,,,1,56,,32213,11,,,1,12,,32212,11,,,1,17,,32211,11,,,1,16,,32210,11,,,1,55,,32209,11,,,1,43,,32208,11,,,1,82,,32207,11,,,1,82,,32206,11,,,1,42,,32205,11,,,1,84,,32204,11,,,1,82,,32203,11,,,1,42,,32202,11,,,1,59,,32201,11,,,1,18,,32200,11,,,1,18,,32251,11,,,1,59,,32250,11,,,1,19,,32249,11,,,1,18,,32248,11,,,1,58,,32247,11,,,1,22,,32246,11,,,1,16,,32245,11,,,1,58,,32244,11,,,1,18,,32243,11,,,1,20,,32242,11,,,1,16,,32241,11,,,1,58,,32240,11,,,1,14,,32239,11,,,1,18,,32238,11,,,1,79,,32237,11,,,1,81,,32236,11,,,1,39,,32235,11,,,1,80,,32234,11,,,1,74,,32233,11,,,1,34,,32232,11,,,1,74,,32231,11,,,1,34,,32230,11,,,1,74,,32229,11,,,1,34,,32228,11,,,1,74,,32227,11,,,1,34,,32226,11,,,1,71,,32225,11,,,1,74,,32224,11,,,1
10700,'2',627,,32254,11,,,1,78,,32253,11,,,1,37,,32252,11,,,1,77,,32255,11,,,1,37,,32256,11,,,1,77,,32257,11,,,1,77,,32258,11,,,1,37,,32259,11,,,1,77,,32260,11,,,1,77,,32261,11,,,1,36,,32262,11,,,1,77,,32263,11,,,1,37,,32264,11,,,1,77,,32265,11,,,1,77,,32266,11,,,1,37,,32267,11,,,1,76,,32268,11,,,1,37,,32269,11,,,1,77,,32270,11,,,1,77,,32271,11,,,1,37,,32272,11,,,1,77,,32273,11,,,1,77,,32274,11,,,1,37,,32275,11,,,1,77,,32276,11,,,1,37,,32277,11,,,1,77,,32278,11,,,1,77,,32279,11,,,1,37,,32280,11,,,1,77,,32281,11,,,1,37,,32282,11,,,1,76,,32283,11,,,1,77,,32285,11,,,1,37,,32284,11,,,1
10700,'3',817,,32299,11,,,1,37,,32300,11,,,1,77,,32301,11,,,1,77,,32302,11,,,1,37,,32303,11,,,1,77,,32304,11,,,1,37,,32305,11,,,1,77,,32306,11,,,1,77,,32307,11,,,1,37,,32308,11,,,1,76,,32309,11,,,1,77,,32310,11,,,1,37,,32314,11,,,1,77,,32313,11,,,1,37,,32315,11,,,1,77,,32316,11,,,1,77,,32317,11,,,1,37,,32318,11,,,1,77,,32286,11,,,1,37,,32287,11,,,1,77,,32288,11,,,1,77,,32311,11,,,1,37,,32289,11,,,1,77,,32290,11,,,1,77,,32291,11,,,1,37,,32292,11,,,1,77,,32293,11,,,1,37,,32294,11,,,1,77,,32295,11,,,1,77,,32312,11,,,1,37,,32296,11,,,1
10700,'74',627,,32321,11,,,1,78,,32320,11,,,1,37,,32319,11,,,1,77,,32322,11,,,1,37,,32323,11,,,1,77,,32324,11,,,1,77,,32325,11,,,1,37,,32326,11,,,1,77,,32327,11,,,1,77,,32328,11,,,1,36,,32329,11,,,1,77,,32330,11,,,1,37,,32331,11,,,1,77,,32332,11,,,1,77,,32333,11,,,1,37,,32334,11,,,1,76,,32335,11,,,1,37,,32336,11,,,1,77,,32337,11,,,1,77,,32338,11,,,1,37,,32339,11,,,1,77,,32340,11,,,1,77,,32341,11,,,1,37,,32342,11,,,1,77,,32343,11,,,1,37,,32344,11,,,1,77,,32345,11,,,1,77,,32346,11,,,1,37,,32347,11,,,1,77,,32348,11,,,1,37,,32349,11,,,1,76,,32350,11,,,1,77,,32352,11,,,1,37,,32351,11,,,1
10700,'80',817,,32366,11,,,1,37,,32367,11,,,1,77,,32368,11,,,1,77,,32369,11,,,1,37,,32370,11,,,1,77,,32371,11,,,1,37,,32372,11,,,1,77,,32373,11,,,1,77,,32374,11,,,1,37,,32375,11,,,1,76,,32376,11,,,1,77,,32377,11,,,1,37,,32381,11,,,1,77,,32380,11,,,1,37,,32382,11,,,1,77,,32383,11,,,1,77,,32384,11,,,1,37,,32385,11,,,1,77,,32353,11,,,1,37,,32354,11,,,1,77,,32355,11,,,1,77,,32378,11,,,1,37,,32356,11,,,1,77,,32357,11,,,1,77,,32358,11,,,1,37,,32359,11,,,1,77,,32360,11,,,1,37,,32361,11,,,1,77,,32362,11,,,1,77,,32379,11,,,1,37,,32363,11,,,1
1070200,'1',514,,36926,11,,,1,12,,36925,11,,,1,12,,36924,11,,,1,12,,36923,11,,,1,52,,36922,11,,,1,12,,36921,11,,,1,12,,36920,11,,,1,16,,36919,11,,,1,8,,36918,11,,,1,53,,36917,11,,,1,13,,36916,11,,,1,12,,36915,11,,,1,12,,36914,11,,,1,12,,36913,11,,,1,52,,36912,11,,,1,11,,36911,11,,,1,12,,36910,11,,,1,12,,36909,11,,,1,67,,36938,11,,,1,25,,36937,11,,,1,26,,36936,11,,,1,64,,36935,11,,,1,26,,36934,11,,,1,66,,36933,11,,,1,26,,36932,11,,,1,66,,36931,11,,,1,30,,36930,11,,,1,22,,36929,11,,,1,67,,36928,11,,,1,26,,36927,11,,,1,70,,36939,11,,,1,16,,36940,11,,,1,16,,36941,11,,,1,56,,36942,11,,,1,16,,36943,11,,,1,16,,36944,11,,,1,16,,36945,11,,,1,56,,36946,11,,,1,20,,36947,11,,,1,19,,36948,11,,,1,59,,36949,11,,,1,19,,36950,11,,,1,19,,36951,11,,,1,59,,36952,11,,,1,26,,36953,11,,,1,22,,36954,11,,,1
