900,'1',614,,2059,51,,,1,35,,2060,51,,,1,77,,2061,51,,,1,33,,2062,51,,,1,73,,2063,51,,,1,73,,2064,51,,,1,33,,2065,51,,,1,73,,2066,51,,,1,44,,2067,51,,,1,84,,2068,51,,,1,84,,2069,51,,,1,84,,2070,51,,,1,40,,2071,51,,,1,84,,2072,51,,,1,82,,2073,51,,,1,45,,2074,51,,,1,74,,2075,51,,,1,78,,2076,51,,,1,42,,2077,51,,,1,74,,2078,51,,,1,74,,2079,51,,,1,38,,2080,51,,,1,78,,2081,51,,,1,38,,2082,51,,,1
900,'2',735,,2101,51,,,1,87,,2100,51,,,1,87,,2083,51,,,1,47,,2084,51,,,1,87,,2085,51,,,1,87,,2086,51,,,1,87,,2087,51,,,1,87,,2088,51,,,1,47,,2089,51,,,1,87,,2090,51,,,1,87,,2091,51,,,1,87,,2092,51,,,1,47,,2093,51,,,1,87,,2094,51,,,1,87,,2095,51,,,1,87,,2096,51,,,1,87,,2097,51,,,1,47,,2098,51,,,1,87,,2099,51,,,1
900,'3',837,,2102,51,,,1,87,,2103,51,,,1,87,,2104,51,,,1,47,,2105,51,,,1,87,,2106,51,,,1,87,,2107,51,,,1,87,,2108,51,,,1,87,,2109,51,,,1,47,,2110,51,,,1,87,,2111,51,,,1,87,,2112,51,,,1,87,,2113,51,,,1,87,,2114,51,,,1,47,,2115,51,,,1,87,,2116,51,,,1,87,,2117,51,,,1,87,,2118,51,,,1
900,'80',837,,2119,51,,,1,87,,2120,51,,,1,87,,2121,51,,,1,47,,2122,51,,,1,87,,2123,51,,,1,87,,2124,51,,,1,87,,2125,51,,,1,87,,2126,51,,,1,47,,2127,51,,,1,87,,2128,51,,,1,87,,2129,51,,,1,87,,2130,51,,,1,87,,2131,51,,,1,47,,2132,51,,,1,87,,2133,51,,,1,87,,2134,51,,,1,87,,2135,51,,,1
900,'81',837,,2136,51,,,1,87,,2137,51,,,1,87,,2138,51,,,1,47,,2139,51,,,1,87,,2140,51,,,1,87,,2141,51,,,1,87,,2142,51,,,1,87,,2143,51,,,1,47,,2144,51,,,1,87,,2145,51,,,1,87,,2146,51,,,1,87,,2147,51,,,1,87,,2148,51,,,1,47,,2149,51,,,1,87,,2150,51,,,1,87,,2151,51,,,1,87,,2152,51,,,1
41400,'24611.1',911,,9224,38,,,1
41401,'24611.1',1604,,9225,12,,,1,3,,9226,12,,,1
41500,'24612.1',839,,9228,6,,,1,3,,9227,6,,,1
41700,'24612.1',808,,9233,31,,,1,1,,9234,31,,,1
41701,'24612.1',1628,,9235,44,,,1,1,,9236,44,,,1
