801,'152.0.1',512,,1877,0,19 20,1,15,,1878,0,19 20,1,16,,1876,0,19 20,1,16,,1879,0,19 20,1,56,,1880,0,19 20,1,16,,1881,0,19 20,1,16,,1882,0,19 20,1,56,,1883,0,19 20,1,16,,1884,0,19 20,1,14,,1929,0,19 20,1,5,,1885,0,19 20,1,16,,1886,0,19 20,1,56,,1887,0,19 20,1,18,,1888,0,19 20,1,16,,1889,,,1,12,,1890,0,19 20,1,68,,1891,0,19 20,1,28,,1892,0,19 20,1,68,,1893,0,19 20,1,28,,1894,0,19 20,1,68,,1895,0,19 20,1,28,,1896,0,19 20,1,68,,1897,0,19 20,1,28,,1898,0,19 20,1,68,,1899,0,19 20,1,28,,1900,0,19 20,1,16,,1930,0,19 20,1,52,,1901,0,19 20,1,17,,1931,0,19 20,1,11,,1902,0,19 20,1,21,,1903,0,19 20,1,56,,1904,0,19 20,1,16,,1905,0,19 20,1,16,,1906,0,19 20,1,16,,1907,0,19 20,1,56,,1908,0,19 20,1,16,,1909,0,19 20,1,16,,1910,0,19 20,1,56,,1911,0,19 20,1,14,,1912,0,19 20,1,16,,1913,0,19 20,1,16,,1914,0,19 20,1,56,,1915,0,19 20,1,16,,1916,0,19 20,1,16,,1917,0,19 20,1,16,,1918,0,19 20,1,56,,1919,0,19 20,1,16,,1920,0,19 20,1,16,,1921,,,1,16,,1922,0,19 20,1,65,,1923,0,19 20,1,25,,1928,0,19 20,1,65,,1924,0,19 20,1,25,,1925,0,19 20,1,65,,1926,0,19 20,1,25,,1927,0,19 20,1,25,,1932,0,19 20,1,65,,1933,0,19 20,1,25,,1934,0,19 20,1,65,,1935,,,1
801,'152.0.2',734,,1937,0,19 20,1,68,,1936,0,19 20,1,14,,1969,0,19 20,1,33,,1938,0,19 20,1,68,,1939,0,19 20,1,28,,1940,0,19 20,1,67,,1941,0,19 20,1,28,,1942,0,19 20,1,73,,1943,0,19 20,1,28,,1944,0,19 20,1,68,,1945,0,19 20,1,28,,1946,0,19 20,1,68,,1947,0,19 20,1,28,,1948,0,19 20,1,68,,1949,0,19 20,1,28,,1950,0,19 20,1,28,,1951,0,19 20,1,68,,1952,0,19 20,1,28,,1953,0,19 20,1,68,,1954,0,19 20,1,28,,1955,0,19 20,1,68,,1956,0,19 20,1,28,,1957,0,19 20,1,69,,1958,0,19 20,1,28,,1959,0,19 20,1,68,,1960,0,19 20,1,28,,1961,0,19 20,1,68,,1962,0,19 20,1,28,,1963,0,19 20,1,68,,1964,0,19 20,1,28,,1965,0,19 20,1,28,,1966,0,19 20,1,68,,1967,0,19 20,1,29,,1968,0,19 20,1,70,,1970,0,19 20,1,30,,1971,0,19 20,1
801,'152.0.3',729,,1972,0,19 20,1,94,,1990,0,19 20,1,20,,1973,0,19 20,1,73,,1991,0,19 20,1,24,,1974,0,19 20,1,67,,1975,0,19 20,1,28,,1976,0,19 20,1,67,,1977,0,19 20,1,27,,1978,0,19 20,1,27,,1979,0,19 20,1,67,,1980,0,19 20,1,27,,1981,0,19 20,1,64,,1982,0,19 20,1,27,,1983,0,19 20,1,68,,1984,0,19 20,1,27,,1985,0,19 20,1,66,,1986,0,19 20,1,27,,1987,0,19 20,1,27,,1988,0,19 20,1,67,,1989,0,19 20,1,27,,1992,0,19 20,1,67,,1993,0,19 20,1,28,,1994,0,19 20,1,67,,1995,0,19 20,1,27,,1996,,,1,67,,1997,0,19 20,1,27,,1998,,,1,91,,1999,0,19 20,1,113,,2000,,,1
801,'152.0.80',729,,2001,0,19 20,1,94,,2028,0,19 20,1,20,,2002,0,19 20,1,73,,2029,0,19 20,1,24,,2003,0,19 20,1,67,,2004,0,19 20,1,28,,2005,0,19 20,1,67,,2006,0,19 20,1,27,,2007,0,19 20,1,27,,2008,0,19 20,1,67,,2009,0,19 20,1,27,,2010,0,19 20,1,64,,2011,0,19 20,1,27,,2012,0,19 20,1,68,,2013,0,19 20,1,27,,2014,0,19 20,1,66,,2015,0,19 20,1,27,,2016,0,19 20,1,27,,2017,0,19 20,1,67,,2018,0,19 20,1,27,,2019,0,19 20,1,67,,2020,0,19 20,1,28,,2021,0,19 20,1,67,,2022,0,19 20,1,27,,2023,,,1,67,,2024,0,19 20,1,27,,2025,,,1,91,,2026,0,19 20,1,113,,2027,,,1
801,'152.0.81',729,,2030,0,19 20,1,94,,2057,0,19 20,1,20,,2031,0,19 20,1,73,,2058,0,19 20,1,24,,2032,0,19 20,1,67,,2033,0,19 20,1,28,,2034,0,19 20,1,67,,2035,0,19 20,1,27,,2036,0,19 20,1,27,,2037,0,19 20,1,67,,2038,0,19 20,1,27,,2039,0,19 20,1,64,,2040,0,19 20,1,27,,2041,0,19 20,1,68,,2042,0,19 20,1,27,,2043,0,19 20,1,66,,2044,0,19 20,1,27,,2045,0,19 20,1,27,,2046,0,19 20,1,67,,2047,0,19 20,1,27,,2048,0,19 20,1,67,,2049,0,19 20,1,28,,2050,0,19 20,1,67,,2051,0,19 20,1,27,,2052,,,1,67,,2053,0,19 20,1,27,,2054,,,1,91,,2055,0,19 20,1,113,,2056,,,1
30400,'152.0.1',624,,8604,,,1,25,,8609,,,1,58,,8605,,,1,23,,8606,,,1,23,,8607,,,1,57,,8608,,,1
52201,'152.0.1',958,,9328,,,1,160,,9323,,,1,119,,9324,,,1,119,,9325,,,1,159,,9326,,,1,115,,9327,,,1,119,,9330,,,1
6030101,'152.0.1',600,,12362,,,1,17,,12363,,,1,18,,12364,,,1,18,,12365,,,1,58,,12366,,,1,21,,12367,,,1,18,,12368,,,1,62,,12369,,,1,18,,12370,,,1,18,,12371,,,1,54,,12372,,,1,18,,12373,,,1,21,,12374,,,1,62,,12375,,,1,22,,12376,,,1,23,,12377,,,1,62,,12378,,,1,22,,12379,,,1,22,,12380,,,1,62,,12381,,,1,22,,12382,,,1,62,,12383,,,1,22,,12384,,,1,22,,12385,,,1,62,,12386,,,1,22,,12387,,,1,22,,12388,,,1,59,,12389,,,1,16,,12390,,,1,16,,12391,,,1,16,,12392,,,1,56,,12393,,,1,16,,12394,,,1,16,,12395,,,1,56,,12396,,,1,16,,12397,,,1,16,,12398,,,1,16,,12399,,,1,56,,12400,,,1,14,,12401,,,1,16,,12402,,,1,16,,12403,,,1,56,,12404,,,1,19,,12405,,,1,30,,12406,,,1,69,,12407,,,1,30,,12408,,,1,70,,12409,,,1,30,,12410,,,1,69,,12411,,,1,80,,12412,,,1,41,,12413,,,1,80,,12414,,,1
6030101,'152.0.2',616,,12415,,,1,40,,12416,,,1,81,,12417,,,1,80,,12418,,,1,41,,12419,,,1,84,,12420,,,1,79,,12421,,,1,87,,12435,,,1,38,,12434,,,1,80,,12422,,,1,78,,12423,,,1,38,,12424,,,1,78,,12425,,,1,37,,12426,,,1,80,,12427,,,1,78,,12428,,,1,38,,12429,,,1,74,,12430,,,1,84,,12431,,,1,32,,12432,,,1,75,,12433,,,1,90,,12437,,,1,38,,12436,,,1,80,,12441,,,1,81,,12442,,,1,93,,12446,,,1,50,,12443,,,1,92,,12444,,,1,92,,12445,,,1
6030101,'152.0.3',752,,12447,,,1,76,,12448,,,1,79,,12449,,,1,43,,12458,,,1,84,,12450,,,1,81,,12451,,,1,42,,12452,,,1,84,,12453,,,1,82,,12454,,,1,84,,12455,,,1,40,,12456,,,1,82,,12457,,,1,81,,12468,,,1,37,,12459,,,1,77,,12460,,,1,76,,12461,,,1,34,,12462,,,1,76,,12463,,,1,36,,12464,,,1,72,,12465,,,1,38,,12466,,,1,74,,12467,,,1,95,,12469,,,1,106,,12470,,,1,106,,12471,,,1,106,,12475,,,1
6030101,'152.0.80',752,,12476,,,1,76,,12477,,,1,79,,12478,,,1,43,,12487,,,1,84,,12479,,,1,81,,12480,,,1,42,,12481,,,1,84,,12482,,,1,82,,12483,,,1,84,,12484,,,1,40,,12485,,,1,82,,12486,,,1,81,,12497,,,1,37,,12488,,,1,77,,12489,,,1,76,,12490,,,1,34,,12491,,,1,76,,12492,,,1,36,,12493,,,1,72,,12494,,,1,38,,12495,,,1,74,,12496,,,1,95,,12498,,,1,106,,12499,,,1,106,,12500,,,1,106,,12504,,,1
6030101,'152.0.81',752,,12505,,,1,76,,12506,,,1,79,,12507,,,1,43,,12516,,,1,84,,12508,,,1,81,,12509,,,1,42,,12510,,,1,84,,12511,,,1,82,,12512,,,1,84,,12513,,,1,40,,12514,,,1,82,,12515,,,1,81,,12526,,,1,37,,12517,,,1,77,,12518,,,1,76,,12519,,,1,34,,12520,,,1,76,,12521,,,1,36,,12522,,,1,72,,12523,,,1,38,,12524,,,1,74,,12525,,,1,95,,12527,,,1,106,,12528,,,1,106,,12529,,,1,106,,12533,,,1
