9901,'1',411,,7366,21,,,1,41,,7367,21,,,1,80,,7368,21,,,1,81,,7369,21,,,1,38,,7370,21,,,1,75,,7371,21,,,1,30,,7372,21,,,1,83,,7373,21,,,1,74,,7374,21,,,1,35,,7375,21,,,1,94,,7376,21,,,1,98,,7377,21,,,1,94,,7378,21,,,1,94,,7379,21,,,1,100,,7380,21,,,1,26,,7381,21,,,1,70,,7382,21,,,1,30,,7383,21,,,1,70,,7384,21,,,1,30,,7385,21,,,1,70,,7386,21,,,1,30,,7387,21,,,1,68,,7388,21,,,1,30,,7389,21,,,1,66,,7390,21,,,1,30,,7391,21,,,1,70,,7392,21,,,1,25,,7393,21,,,1,72,,7394,21,,,1,85,,7395,21,,,1
9901,'2',533,,7396,21,,,1,77,,7397,21,,,1,37,,7398,21,,,1,77,,7399,21,,,1,87,,7400,21,,,1,90,,7401,21,,,1,48,,7402,21,,,1,87,,7403,21,,,1,101,,7404,21,,,1,98,,7405,21,,,1,95,,7406,21,,,1,95,,7407,21,,,1,95,,7408,21,,,1,95,,7409,21,,,1,91,,7410,21,,,1,94,,7411,21,,,1,55,,7412,21,,,1,92,,7413,21,,,1,85,,7414,21,,,1,85,,7415,21,,,1
9901,'3',537,,7416,21,,,1,80,,7417,21,,,1,38,,7418,21,,,1,78,,7419,21,,,1,78,,7420,21,,,1,92,,7421,21,,,1,49,,7422,21,,,1,89,,7423,21,,,1,89,,7424,21,,,1,92,,7425,21,,,1,89,,7426,21,,,1,89,,7427,21,,,1,49,,7428,21,,,1,89,,7429,21,,,1,89,,7430,21,,,1,89,,7431,21,,,1,85,,7432,21,,,1,49,,7433,21,,,1,89,,7434,21,,,1,87,,7435,21,,,1,89,,7436,21,,,1,39,,7437,21,,,1
9901,'80',537,,7438,21,,,1,80,,7439,21,,,1,38,,7440,21,,,1,78,,7441,21,,,1,78,,7442,21,,,1,92,,7443,21,,,1,49,,7444,21,,,1,89,,7445,21,,,1,89,,7446,21,,,1,92,,7447,21,,,1,89,,7448,21,,,1,89,,7449,21,,,1,49,,7450,21,,,1,89,,7451,21,,,1,89,,7452,21,,,1,89,,7453,21,,,1,85,,7454,21,,,1,49,,7455,21,,,1,89,,7456,21,,,1,87,,7457,21,,,1,89,,7458,21,,,1,39,,7459,21,,,1
9901,'81',537,,7460,21,,,1,80,,7461,21,,,1,38,,7462,21,,,1,78,,7463,21,,,1,78,,7464,21,,,1,92,,7465,21,,,1,49,,7466,21,,,1,89,,7467,21,,,1,89,,7468,21,,,1,92,,7469,21,,,1,89,,7470,21,,,1,89,,7471,21,,,1,49,,7472,21,,,1,89,,7473,21,,,1,89,,7474,21,,,1,89,,7475,21,,,1,85,,7476,21,,,1,49,,7477,21,,,1,89,,7478,21,,,1,87,,7479,21,,,1,89,,7480,21,,,1,39,,7481,21,,,1
989901,'1',2236,,11627,76,,,1,70,,11628,76,,,1,38,,11629,76,,,1,75,,11630,76,,,1,35,,11631,76,,,1,70,,11632,76,,,1,35,,11633,76,,,1,75,,11634,76,,,1
989901,'2',2243,,11635,76,,,1,88,,11636,76,,,1,82,,11637,76,,,1,91,,11640,76,,,1,45,,11638,76,,,1,86,,11639,76,,,1
989901,'3',2253,,11641,76,,,1,87,,11642,76,,,1,83,,11643,76,,,1,87,,11644,76,,,1,39,,11645,76,,,1,83,,11646,76,,,1
989901,'80',2253,,11647,76,,,1,87,,11648,76,,,1,83,,11649,76,,,1,87,,11650,76,,,1,39,,11651,76,,,1,83,,11652,76,,,1
989901,'81',2253,,11653,76,,,1,87,,11654,76,,,1,83,,11655,76,,,1,87,,11656,76,,,1,39,,11657,76,,,1,83,,11658,76,,,1
