9801,'1',537,,31521,44,,,1,75,,31520,44,,,1,37,,31519,44,,,1,75,,31518,44,,,1,76,,31517,44,,,1,35,,31516,44,,,1,75,,31515,44,,,1,35,,31514,44,,,1,75,,31525,44,,,1,101,,31524,44,,,1,98,,31523,44,,,1,98,,31522,44,,,1,101,,31537,44,,,1,40,,31536,44,,,1,80,,31535,44,,,1,80,,31534,44,,,1,40,,31533,44,,,1,80,,31532,44,,,1,80,,31531,44,,,1,37,,31530,44,,,1,78,,31529,44,,,1,91,,31528,44,,,1,87,,31527,44,,,1,48,,31526,44,,,1
9801,'2',544,,31556,44,,,1,86,,31555,44,,,1,86,,31554,44,,,1,86,,31553,44,,,1,48,,31552,44,,,1,96,,31551,44,,,1,94,,31550,44,,,1,98,,31549,44,,,1,94,,31548,44,,,1,102,,31547,44,,,1,98,,31546,44,,,1,98,,31545,44,,,1,95,,31544,44,,,1,98,,31543,44,,,1,98,,31542,44,,,1,94,,31541,44,,,1,86,,31540,44,,,1,49,,31539,44,,,1,87,,31538,44,,,1
9801,'3',727,,31573,44,,,1,88,,31574,44,,,1,89,,31572,44,,,1,48,,31571,44,,,1,88,,31570,44,,,1,96,,31569,44,,,1,93,,31568,44,,,1,93,,31567,44,,,1,95,,31566,44,,,1,93,,31565,44,,,1,93,,31564,44,,,1,53,,31563,44,,,1,93,,31562,44,,,1,90,,31561,44,,,1,86,,31560,44,,,1,86,,31559,44,,,1,47,,31558,44,,,1,88,,31557,44,,,1
9801,'74',544,,31593,44,,,1,86,,31592,44,,,1,86,,31591,44,,,1,86,,31590,44,,,1,48,,31589,44,,,1,96,,31588,44,,,1,94,,31587,44,,,1,98,,31586,44,,,1,94,,31585,44,,,1,102,,31584,44,,,1,98,,31583,44,,,1,98,,31582,44,,,1,95,,31581,44,,,1,98,,31580,44,,,1,98,,31579,44,,,1,94,,31578,44,,,1,86,,31577,44,,,1,49,,31576,44,,,1,87,,31575,44,,,1
9801,'80',727,,31610,44,,,1,88,,31611,44,,,1,89,,31609,44,,,1,48,,31608,44,,,1,88,,31607,44,,,1,96,,31606,44,,,1,93,,31605,44,,,1,93,,31604,44,,,1,95,,31603,44,,,1,93,,31602,44,,,1,93,,31601,44,,,1,53,,31600,44,,,1,93,,31599,44,,,1,90,,31598,44,,,1,86,,31597,44,,,1,86,,31596,44,,,1,47,,31595,44,,,1,88,,31594,44,,,1
910201,'1',639,,36824,18,,,1,85,,36825,18,,,1,85,,36826,18,,,1,45,,36827,18,,,1
989901,'1',2217,,36877,44,,,1,31,,36878,44,,,1,78,,36879,44,,,1,76,,36880,44,,,1,35,,36881,44,,,1,71,,36882,44,,,1,35,,36883,44,,,1,75,,36884,44,,,1
989901,'2',2223,,36885,44,,,1,91,,36886,44,,,1,43,,36887,44,,,1,91,,36890,44,,,1,85,,36888,44,,,1,86,,36889,44,,,1
989901,'3',2235,,36891,44,,,1,88,,36892,44,,,1,83,,36893,44,,,1,49,,36894,44,,,1,79,,36895,44,,,1,83,,36896,44,,,1
989901,'74',2223,,36897,44,,,1,91,,36898,44,,,1,43,,36899,44,,,1,91,,36902,44,,,1,85,,36900,44,,,1,86,,36901,44,,,1
989901,'80',2235,,36903,44,,,1,88,,36904,44,,,1,83,,36905,44,,,1,49,,36906,44,,,1,79,,36907,44,,,1,83,,36908,44,,,1
