9601,'1',543,,31339,89,,,1,74,,31340,89,,,1,29,,31341,89,,,1,70,,31342,89,,,1,42,,31343,89,,,1,77,,31344,89,,,1,78,,31345,89,,,1,26,,31346,89,,,1,71,,31347,89,,,1,31,,31348,89,,,1,79,,31349,89,,,1,38,,31350,85,,,1,83,,31351,85,,,1,75,,31352,85,,,1,32,,31353,85,,,1,86,,31354,85,,,1,83,,31355,85,,,1,24,,31374,85,,,1,15,,31356,85,,,1,74,,31357,85,,,1,27,,31358,85,,,1,71,,31359,89,,,1,27,,31360,89,,,1,61,,31361,89,,,1,21,,31362,89,,,1,17,,31363,89,,,1,65,,31364,89,,,1,25,,31365,89,,,1,65,,31366,89,,,1,21,,31367,85,,,1,25,,31368,85,,,1,66,,31369,85,,,1,30,,31370,85,,,1,70,,31371,85,,,1,30,,31372,85,,,1,64,,31373,85,,,1
9601,'2',907,,31375,85,,,1,99,,31376,85,,,1,103,,31377,85,,,1,99,,31378,85,,,1,99,,31379,85,,,1,96,,31380,85,,,1,99,,31381,85,,,1,99,,31382,85,,,1,99,,31383,85,,,1,59,,31384,85,,,1,87,,31385,85,,,1,89,,31386,85,,,1,97,,31387,85,,,1
9601,'3',1007,,31388,85,,,1,94,,31389,85,,,1,54,,31390,85,,,1,94,,31391,85,,,1,94,,31392,85,,,1,94,,31393,85,,,1,96,,31394,85,,,1,94,,31395,85,,,1,87,,31396,85,,,1,94,,31397,85,,,1,92,,31398,85,,,1,54,,31399,85,,,1
9601,'74',907,,31400,85,,,1,99,,31401,85,,,1,103,,31402,85,,,1,99,,31403,85,,,1,99,,31404,85,,,1,96,,31405,85,,,1,99,,31406,85,,,1,99,,31407,85,,,1,99,,31408,85,,,1,59,,31409,85,,,1,87,,31410,85,,,1,89,,31411,85,,,1,97,,31412,85,,,1
9601,'80',1007,,31413,85,,,1,94,,31414,85,,,1,54,,31415,85,,,1,94,,31416,85,,,1,94,,31417,85,,,1,94,,31418,85,,,1,96,,31419,85,,,1,94,,31420,85,,,1,87,,31421,85,,,1,94,,31422,85,,,1,92,,31423,85,,,1,54,,31424,85,,,1
10701,'1',538,,32420,32,,,1,64,,32419,32,,,1,30,,32418,32,,,1,24,,32417,32,,,1,64,,32416,32,,,1,20,,32415,32,,,1,60,,32414,32,,,1,12,,32413,32,,,1,19,,32412,32,,,1,16,,32411,32,,,1,56,,32410,32,,,1,10,,32409,32,,,1,42,,32398,32,,,1,80,,32405,32,,,1,82,,32404,32,,,1,42,,32403,32,,,1,82,,32402,32,,,1,88,,32401,32,,,1,82,,32400,32,,,1,28,,32408,32,,,1,14,,32399,32,,,1,63,,32397,32,,,1,23,,32396,32,,,1,18,,32395,32,,,1,58,,32394,32,,,1,22,,32393,32,,,1,18,,32392,32,,,1,58,,32391,32,,,1,20,,32390,32,,,1,18,,32389,32,,,1,58,,32388,32,,,1,15,,32387,32,,,1,14,,32386,32,,,1,18,,32434,32,,,1,66,,32433,32,,,1,18,,32421,32,,,1,78,,32435,32,,,1,41,,32432,32,,,1,74,,32431,32,,,1,78,,32430,32,,,1,32,,32429,32,,,1,74,,32428,32,,,1,34,,32427,32,,,1,74,,32426,32,,,1,34,,32425,32,,,1,74,,32424,32,,,1,74,,32423,32,,,1,34,,32422,32,,,1
10701,'2',712,,32463,32,,,1,39,,32464,32,,,1,77,,32465,32,,,1,77,,32466,32,,,1,37,,32467,32,,,1,77,,32468,32,,,1,37,,32469,32,,,1,77,,32470,32,,,1,77,,32471,32,,,1,37,,32472,32,,,1,76,,32440,32,,,1,77,,32441,32,,,1,36,,32443,32,,,1,77,,32444,32,,,1,37,,32445,32,,,1,77,,32446,32,,,1,75,,32447,32,,,1,37,,32448,32,,,1,77,,32449,32,,,1,37,,32450,32,,,1,77,,32451,32,,,1,77,,32452,32,,,1,37,,32453,32,,,1,77,,32454,32,,,1,37,,32455,32,,,1,77,,32442,32,,,1,77,,32456,32,,,1,37,,32457,32,,,1,77,,32458,32,,,1,77,,32459,32,,,1,35,,32439,32,,,1,75,,32460,32,,,1
10701,'3',751,,32485,32,,,1,77,,32486,32,,,1,74,,32487,32,,,1,37,,32488,32,,,1,78,,32489,32,,,1,37,,32490,32,,,1,77,,32484,32,,,1,77,,32491,32,,,1,37,,32492,32,,,1,77,,32493,32,,,1,37,,32494,32,,,1,76,,32495,32,,,1,75,,32496,32,,,1,37,,32497,32,,,1,77,,32498,32,,,1,77,,32500,32,,,1,37,,32501,32,,,1,77,,32499,32,,,1,37,,32481,32,,,1,77,,32502,32,,,1,77,,32503,32,,,1,37,,32504,32,,,1,77,,32505,32,,,1,37,,32473,32,,,1,77,,32474,32,,,1,77,,32475,32,,,1,37,,32476,32,,,1,77,,32477,32,,,1,76,,32478,32,,,1,37,,32479,32,,,1,77,,32480,32,,,1
10701,'74',712,,32530,32,,,1,39,,32531,32,,,1,77,,32532,32,,,1,77,,32533,32,,,1,37,,32534,32,,,1,77,,32535,32,,,1,37,,32536,32,,,1,77,,32537,32,,,1,77,,32538,32,,,1,37,,32539,32,,,1,76,,32507,32,,,1,77,,32508,32,,,1,36,,32510,32,,,1,77,,32511,32,,,1,37,,32512,32,,,1,77,,32513,32,,,1,75,,32514,32,,,1,37,,32515,32,,,1,77,,32516,32,,,1,37,,32517,32,,,1,77,,32518,32,,,1,77,,32519,32,,,1,37,,32520,32,,,1,77,,32521,32,,,1,37,,32522,32,,,1,77,,32509,32,,,1,77,,32523,32,,,1,37,,32524,32,,,1,77,,32525,32,,,1,77,,32526,32,,,1,35,,32506,32,,,1,75,,32527,32,,,1
10701,'80',751,,32552,32,,,1,77,,32553,32,,,1,74,,32554,32,,,1,37,,32555,32,,,1,78,,32556,32,,,1,37,,32557,32,,,1,77,,32551,32,,,1,77,,32558,32,,,1,37,,32559,32,,,1,77,,32560,32,,,1,37,,32561,32,,,1,76,,32562,32,,,1,75,,32563,32,,,1,37,,32564,32,,,1,77,,32565,32,,,1,77,,32567,32,,,1,37,,32568,32,,,1,77,,32566,32,,,1,37,,32548,32,,,1,77,,32569,32,,,1,77,,32570,32,,,1,37,,32571,32,,,1,77,,32572,32,,,1,37,,32540,32,,,1,77,,32541,32,,,1,77,,32542,32,,,1,37,,32543,32,,,1,77,,32544,32,,,1,76,,32545,32,,,1,37,,32546,32,,,1,77,,32547,32,,,1
1070201,'1',557,,36981,25,,,1,52,,36980,25,,,1,12,,36979,25,,,1,12,,36978,25,,,1,12,,36977,25,,,1,12,,36976,25,,,1,52,,36975,25,,,1,21,,36974,25,,,1,12,,36973,25,,,1,12,,36972,25,,,1,52,,36971,25,,,1,12,,36970,25,,,1,10,,36969,25,,,1,12,,36968,25,,,1,12,,36967,25,,,1,73,,36955,25,,,1,26,,36964,25,,,1,66,,36966,25,,,1,22,,36965,25,,,1,66,,36963,25,,,1,26,,36962,25,,,1,26,,36961,25,,,1,67,,36960,25,,,1,26,,36959,25,,,1,66,,36958,25,,,1,27,,36957,25,,,1,66,,36956,25,,,1,24,,36997,25,,,1,16,,36996,25,,,1,56,,36982,25,,,1,18,,36983,25,,,1,16,,36984,25,,,1,16,,36985,25,,,1,56,,36986,25,,,1,21,,36987,25,,,1,16,,36988,25,,,1,56,,36989,25,,,1,23,,36990,25,,,1,17,,36991,25,,,1,59,,36992,25,,,1,19,,36993,25,,,1,12,,36994,25,,,1,78,,36995,25,,,1
