600,'1',421,,1183,8,,,1,30,,1184,8,,,1,62,,1185,8,,,1,22,,1186,8,,,1,22,,1187,8,,,1,62,,1188,8,,,1,22,,1189,8,,,1,68,,1190,8,,,1,23,,1191,8,,,1,71,,1192,8,,,1,26,,1193,8,,,1,27,,1194,8,,,1,67,,1195,8,,,1,36,,1196,8,,,1,76,,1197,8,,,1,76,,1198,8,,,1,36,,1199,8,,,1,76,,1200,8,,,1,36,,1201,8,,,1,76,,1202,8,,,1,67,,1203,8,,,1,27,,1204,8,,,1,28,,1205,8,,,1,67,,1206,8,,,1,27,,1207,8,,,1,67,,1208,8,,,1,27,,1209,8,,,1,67,,1210,8,,,1,27,,1211,8,,,1,66,,1212,8,,,1,27,,1213,8,,,1,27,,1214,8,,,1,67,,1215,8,,,1,74,,1216,8,,,1,34,,1217,8,,,1,74,,1218,8,,,1,34,,1219,8,,,1,103,,1220,8,,,1,103,,1221,8,,,1,103,,1222,8,,,1
600,'2',547,,1223,8,,,1,69,,1224,8,,,1,26,,1225,8,,,1,70,,1226,8,,,1,33,,1227,8,,,1,82,,1228,8,,,1,75,,1229,8,,,1,32,,1230,8,,,1,72,,1231,8,,,1,32,,1232,8,,,1,72,,1233,8,,,1,32,,1234,8,,,1,72,,1235,8,,,1,32,,1236,8,,,1,72,,1237,8,,,1,32,,1238,8,,,1,77,,1239,8,,,1,77,,1240,8,,,1,37,,1241,8,,,1,78,,1242,8,,,1,36,,1243,8,,,1,78,,1244,8,,,1,75,,1245,8,,,1,35,,1246,8,,,1,71,,1247,8,,,1,33,,1248,8,,,1,100,,1249,8,,,1,95,,1250,8,,,1,95,,1251,8,,,1,95,,1252,8,,,1
600,'3',602,,1253,8,,,1,26,,1254,8,,,1,29,,1255,8,,,1,74,,1256,8,,,1,69,,1257,8,,,1,42,,1258,8,,,1,75,,1259,8,,,1,32,,1260,8,,,1,72,,1261,8,,,1,32,,1262,8,,,1,72,,1263,8,,,1,32,,1264,8,,,1,72,,1265,8,,,1,72,,1266,8,,,1,32,,1267,8,,,1,72,,1268,8,,,1,39,,1269,8,,,1,76,,1270,8,,,1,37,,1271,8,,,1,77,,1272,8,,,1,77,,1273,8,,,1,37,,1274,8,,,1,73,,1275,8,,,1,37,,1276,8,,,1,71,,1277,8,,,1,100,,1278,8,,,1,98,,1279,8,,,1,98,,1280,8,,,1,98,,1281,8,,,1
600,'80',602,,1282,8,,,1,26,,1283,8,,,1,29,,1284,8,,,1,74,,1285,8,,,1,69,,1286,8,,,1,42,,1287,8,,,1,75,,1288,8,,,1,32,,1289,8,,,1,72,,1290,8,,,1,32,,1291,8,,,1,72,,1292,8,,,1,32,,1293,8,,,1,72,,1294,8,,,1,72,,1295,8,,,1,32,,1296,8,,,1,72,,1297,8,,,1,39,,1298,8,,,1,76,,1299,8,,,1,37,,1300,8,,,1,77,,1301,8,,,1,77,,1302,8,,,1,37,,1303,8,,,1,73,,1304,8,,,1,37,,1305,8,,,1,71,,1306,8,,,1,100,,1307,8,,,1,98,,1308,8,,,1,98,,1309,8,,,1,98,,1310,8,,,1
600,'81',602,,1311,8,,,1,26,,1312,8,,,1,29,,1313,8,,,1,74,,1314,8,,,1,69,,1315,8,,,1,42,,1316,8,,,1,75,,1317,8,,,1,32,,1318,8,,,1,72,,1319,8,,,1,32,,1320,8,,,1,72,,1321,8,,,1,32,,1322,8,,,1,72,,1323,8,,,1,72,,1324,8,,,1,32,,1325,8,,,1,72,,1326,8,,,1,39,,1327,8,,,1,76,,1328,8,,,1,37,,1329,8,,,1,77,,1330,8,,,1,77,,1331,8,,,1,37,,1332,8,,,1,73,,1333,8,,,1,37,,1334,8,,,1,71,,1335,8,,,1,100,,1336,8,,,1,98,,1337,8,,,1,98,,1338,8,,,1,98,,1339,8,,,1
601,'1',2209,,1372,19,4,,1,347,,1377,19,4,,1
601,'2',2012,,1401,19,4,,1,413,,1407,19,4,,1
601,'3',2000,,1431,19,4,,1,419,,1437,19,4,,1
601,'80',2000,,1461,19,4,,1,419,,1467,19,4,,1
601,'81',2000,,1491,19,4,,1,419,,1497,19,4,,1
36101,'1',601,,9182,8,,,1,24,,9183,8,,,1,32,,9184,8,,,1,63,,9185,8,,,1,26,,9186,8,,,1,66,,9187,8,,,1,25,,9188,8,,,1,20,,9189,8,,,1,66,,9190,8,,,1,580,,9191,8,,,1,25,,9192,8,,,1,25,,9193,8,,,1,67,,9194,8,,,1,24,,9195,8,,,1,69,,9196,8,,,1,23,,9197,8,,,1,65,,9198,8,,,1,23,,9199,8,,,1
