60300,'1',504,,9994,10,,,1,20,,9995,10,,,1,21,,9996,10,,,1,60,,9997,10,,,1,22,,9998,10,,,1,18,,9999,10,,,1,60,,10000,10,,,1,18,,10001,10,,,1,18,,10002,10,,,1,60,,10003,10,,,1,18,,10004,10,,,1,18,,10005,10,,,1,18,,10006,10,,,1,58,,10007,10,,,1,19,,10008,10,,,1,22,,10009,10,,,1,62,,10010,10,,,1,22,,10011,10,,,1,62,,10012,10,,,1,22,,10013,10,,,1,22,,10014,10,,,1,62,,10015,10,,,1,22,,10016,10,,,1,22,,10017,10,,,1,63,,10018,10,,,1,22,,10019,10,,,1,22,,10020,10,,,1,62,,10021,10,,,1,22,,10022,10,,,1,18,,10023,10,,,1,56,,10024,10,,,1,16,,10025,10,,,1,16,,10026,10,,,1,56,,10027,10,,,1,16,,10028,10,,,1,16,,10029,10,,,1,16,,10030,10,,,1,56,,10031,10,,,1,16,,10032,10,,,1,16,,10033,10,,,1,16,,10034,10,,,1,56,,10035,10,,,1,14,,10036,10,,,1,16,,10037,10,,,1,16,,10038,10,,,1,55,,10039,10,,,1,30,,10040,10,,,1,70,,10041,10,,,1,30,,10042,10,,,1,70,,10043,10,,,1,28,,10044,10,,,1,70,,10045,10,,,1,42,,10046,10,,,1,80,,10047,10,,,1,82,,10048,10,,,1,87,,10049,10,,,1
60300,'2',534,,10050,10,,,1,81,,10051,10,,,1,40,,10052,10,,,1,81,,10053,10,,,1,80,,10054,10,,,1,41,,10055,10,,,1,81,,10056,10,,,1,82,,10057,10,,,1,39,,10058,10,,,1,78,,10059,10,,,1,78,,10060,10,,,1,36,,10061,10,,,1,78,,10062,10,,,1,78,,10063,10,,,1,39,,10064,10,,,1,78,,10065,10,,,1,78,,10066,10,,,1,38,,10067,10,,,1,77,,10068,10,,,1,39,,10069,10,,,1,77,,10070,10,,,1,78,,10071,10,,,1,38,,10072,10,,,1,80,,10073,10,,,1,80,,10074,10,,,1,38,,10075,10,,,1,86,,10076,10,,,1,91,,10077,10,,,1,92,,10078,10,,,1
60300,'3',718,,10079,10,,,1,36,,10080,10,,,1,76,,10081,10,,,1,76,,10082,10,,,1,42,,10083,10,,,1,84,,10084,10,,,1,83,,10085,10,,,1,42,,10086,10,,,1,83,,10087,10,,,1,82,,10088,10,,,1,82,,10089,10,,,1,43,,10090,10,,,1,79,,10091,10,,,1,75,,10092,10,,,1,37,,10093,10,,,1,76,,10094,10,,,1,35,,10095,10,,,1,76,,10096,10,,,1,34,,10097,10,,,1,76,,10098,10,,,1,75,,10099,10,,,1,36,,10100,10,,,1,91,,10101,10,,,1,106,,10102,10,,,1,104,,10103,10,,,1,106,,10104,10,,,1
60300,'80',718,,10105,10,,,1,36,,10106,10,,,1,76,,10107,10,,,1,76,,10108,10,,,1,42,,10109,10,,,1,84,,10110,10,,,1,83,,10111,10,,,1,42,,10112,10,,,1,83,,10113,10,,,1,82,,10114,10,,,1,82,,10115,10,,,1,43,,10116,10,,,1,79,,10117,10,,,1,75,,10118,10,,,1,37,,10119,10,,,1,76,,10120,10,,,1,35,,10121,10,,,1,76,,10122,10,,,1,34,,10123,10,,,1,76,,10124,10,,,1,75,,10125,10,,,1,36,,10126,10,,,1,91,,10127,10,,,1,106,,10128,10,,,1,104,,10129,10,,,1,106,,10130,10,,,1
60300,'81',718,,10131,10,,,1,36,,10132,10,,,1,76,,10133,10,,,1,76,,10134,10,,,1,42,,10135,10,,,1,84,,10136,10,,,1,83,,10137,10,,,1,42,,10138,10,,,1,83,,10139,10,,,1,82,,10140,10,,,1,82,,10141,10,,,1,43,,10142,10,,,1,79,,10143,10,,,1,75,,10144,10,,,1,37,,10145,10,,,1,76,,10146,10,,,1,35,,10147,10,,,1,76,,10148,10,,,1,34,,10149,10,,,1,76,,10150,10,,,1,75,,10151,10,,,1,36,,10152,10,,,1,91,,10153,10,,,1,106,,10154,10,,,1,104,,10155,10,,,1,106,,10156,10,,,1
6030100,'1',514,,12194,10,,,1,20,,12195,10,,,1,21,,12196,10,,,1,62,,12197,10,,,1,18,,12198,10,,,1,18,,12199,10,,,1,61,,12200,10,,,1,18,,12201,10,,,1,20,,12202,10,,,1,58,,12203,10,,,1,18,,12204,10,,,1,18,,12205,10,,,1,58,,12206,10,,,1,17,,12207,10,,,1,22,,12208,10,,,1,62,,12209,10,,,1,22,,12210,10,,,1,22,,12211,10,,,1,62,,12212,10,,,1,22,,12213,10,,,1,22,,12214,10,,,1,62,,12215,10,,,1,22,,12216,10,,,1,63,,12217,10,,,1,22,,12218,10,,,1,22,,12219,10,,,1,62,,12220,10,,,1,22,,12221,10,,,1,21,,12222,10,,,1,56,,12223,10,,,1,16,,12224,10,,,1,16,,12225,10,,,1,16,,12226,10,,,1,56,,12227,10,,,1,16,,12228,10,,,1,16,,12229,10,,,1,16,,12230,10,,,1,56,,12231,10,,,1,16,,12232,10,,,1,16,,12233,10,,,1,56,,12234,10,,,1,16,,12235,10,,,1,14,,12236,10,,,1,16,,12237,10,,,1,55,,12238,10,,,1,23,,12239,10,,,1,30,,12240,10,,,1,70,,12241,10,,,1,30,,12242,10,,,1,68,,12243,10,,,1,30,,12244,10,,,1,76,,12245,10,,,1,82,,12246,10,,,1,40,,12247,10,,,1,82,,12248,10,,,1
6030100,'2',514,,12249,10,,,1,40,,12250,10,,,1,81,,12251,10,,,1,81,,12252,10,,,1,40,,12253,10,,,1,81,,12254,10,,,1,81,,12255,10,,,1,40,,12256,10,,,1,82,,12257,10,,,1,78,,12258,10,,,1,38,,12259,10,,,1,78,,12260,10,,,1,76,,12261,10,,,1,38,,12262,10,,,1,79,,12263,10,,,1,79,,12264,10,,,1,37,,12265,10,,,1,78,,12266,10,,,1,38,,12267,10,,,1,77,,12268,10,,,1,79,,12269,10,,,1,37,,12270,10,,,1,78,,12271,10,,,1,79,,12272,10,,,1,40,,12273,10,,,1,80,,12274,10,,,1,78,,12275,10,,,1,52,,12276,10,,,1,91,,12277,10,,,1,92,,12278,10,,,1
6030100,'3',700,,12279,10,,,1,36,,12280,10,,,1,76,,12281,10,,,1,36,,12282,10,,,1,79,,12283,10,,,1,84,,12284,10,,,1,43,,12285,10,,,1,82,,12286,10,,,1,83,,12287,10,,,1,82,,12288,10,,,1,42,,12289,10,,,1,83,,12290,10,,,1,82,,12291,10,,,1,35,,12292,10,,,1,77,,12293,10,,,1,36,,12294,10,,,1,75,,12295,10,,,1,76,,12296,10,,,1,36,,12297,10,,,1,75,,12298,10,,,1,36,,12299,10,,,1,75,,12300,10,,,1,76,,12301,10,,,1,105,,12302,10,,,1,106,,12303,10,,,1,104,,12304,10,,,1
6030100,'80',700,,12305,10,,,1,36,,12306,10,,,1,76,,12307,10,,,1,36,,12308,10,,,1,79,,12309,10,,,1,84,,12310,10,,,1,43,,12311,10,,,1,82,,12312,10,,,1,83,,12313,10,,,1,82,,12314,10,,,1,42,,12315,10,,,1,83,,12316,10,,,1,82,,12317,10,,,1,35,,12318,10,,,1,77,,12319,10,,,1,36,,12320,10,,,1,75,,12321,10,,,1,76,,12322,10,,,1,36,,12323,10,,,1,75,,12324,10,,,1,36,,12325,10,,,1,75,,12326,10,,,1,76,,12327,10,,,1,105,,12328,10,,,1,106,,12329,10,,,1,104,,12330,10,,,1
6030100,'81',700,,12331,10,,,1,36,,12332,10,,,1,76,,12333,10,,,1,36,,12334,10,,,1,79,,12335,10,,,1,84,,12336,10,,,1,43,,12337,10,,,1,82,,12338,10,,,1,83,,12339,10,,,1,82,,12340,10,,,1,42,,12341,10,,,1,83,,12342,10,,,1,82,,12343,10,,,1,35,,12344,10,,,1,77,,12345,10,,,1,36,,12346,10,,,1,75,,12347,10,,,1,76,,12348,10,,,1,36,,12349,10,,,1,75,,12350,10,,,1,36,,12351,10,,,1,75,,12352,10,,,1,76,,12353,10,,,1,105,,12354,10,,,1,106,,12355,10,,,1,104,,12356,10,,,1
