9900,'1',344,,31638,3,,,1,80,,31639,3,,,1,32,,31612,23,,,1,81,,31613,23,,,1,80,,31614,23,,,1,83,,31615,23,,,1,53,,31616,23,,,1,75,,31617,23,,,1,78,,31618,23,,,1,31,,31619,23,,,1,75,,31620,23,,,1,35,,31621,23,,,1,98,,31622,23,,,1,94,,31623,23,,,1,94,,31624,23,,,1,94,,31625,23,,,1,73,,31637,23,,,1,31,,31636,23,,,1,69,,31626,23,,,1,30,,31627,23,,,1,70,,31628,23,,,1,30,,31629,23,,,1,70,,31630,23,,,1,28,,31631,23,,,1,30,,31632,23,,,1,65,,31633,23,,,1,30,,31634,23,,,1,68,,31635,23,,,1
9900,'2',504,,31658,3,,,1,37,,31659,3,,,1,73,,31640,23,,,1,39,,31641,23,,,1,78,,31655,23,,,1,89,,31654,23,,,1,87,,31642,23,,,1,47,,31643,23,,,1,87,,31644,23,,,1,88,,31645,23,,,1,106,,31646,23,,,1,95,,31647,23,,,1,95,,31648,23,,,1,95,,31649,23,,,1,95,,31650,23,,,1,95,,31651,23,,,1,95,,31652,23,,,1,95,,31653,23,,,1,46,,31657,23,,,1,90,,31656,23,,,1
9900,'3',506,,31678,3,,,1,38,,31679,3,,,1,79,,31660,23,,,1,78,,31661,23,,,1,38,,31662,23,,,1,78,,31663,23,,,1,92,,31680,23,,,1,49,,31664,23,,,1,89,,31665,23,,,1,89,,31666,23,,,1,91,,31667,23,,,1,89,,31668,23,,,1,89,,31669,23,,,1,49,,31670,23,,,1,89,,31671,23,,,1,89,,31672,23,,,1,89,,31673,23,,,1,87,,31674,23,,,1,49,,31675,23,,,1,89,,31676,23,,,1,85,,31677,23,,,1
9900,'74',504,,31699,3,,,1,37,,31700,3,,,1,73,,31681,23,,,1,39,,31682,23,,,1,78,,31696,23,,,1,89,,31695,23,,,1,87,,31683,23,,,1,47,,31684,23,,,1,87,,31685,23,,,1,88,,31686,23,,,1,106,,31687,23,,,1,95,,31688,23,,,1,95,,31689,23,,,1,95,,31690,23,,,1,95,,31691,23,,,1,95,,31692,23,,,1,95,,31693,23,,,1,95,,31694,23,,,1,46,,31698,23,,,1,90,,31697,23,,,1
9900,'80',506,,31719,3,,,1,38,,31720,3,,,1,79,,31701,23,,,1,78,,31702,23,,,1,38,,31703,23,,,1,78,,31704,23,,,1,92,,31721,23,,,1,49,,31705,23,,,1,89,,31706,23,,,1,89,,31707,23,,,1,91,,31708,23,,,1,89,,31709,23,,,1,89,,31710,23,,,1,49,,31711,23,,,1,89,,31712,23,,,1,89,,31713,23,,,1,89,,31714,23,,,1,87,,31715,23,,,1,49,,31716,23,,,1,89,,31717,23,,,1,85,,31718,23,,,1
989900,'1',2054,,36830,23,,,1,76,,36831,23,,,1,78,,36832,23,,,1,38,,36833,23,,,1,75,,36834,23,,,1,33,,36835,23,,,1,75,,36836,23,,,1,75,,36837,23,,,1,35,,36838,23,0,5 6,1,75,,36839,23,0,5 6,1,41,,36840,23,0,5 6,1
989900,'2',2057,,36841,23,,,1,94,,36842,23,,,1,90,,36843,23,,,1,93,,36844,23,,,1,86,,36845,23,,,1,86,,36846,23,,,1,45,,36847,23,0,5 6,1,86,,36848,23,0,5 6,1,86,,36849,23,0,5 6,1
989900,'3',2114,,36850,23,,,1,90,,36851,23,,,1,48,,36852,23,,,1,90,,36853,23,,,1,82,,36854,23,,,1,83,,36855,23,,,1,40,,36856,23,0,5 6,1,83,,36857,23,0,5 6,1,83,,36858,23,0,5 6,1
989900,'74',2057,,36859,23,,,1,94,,36860,23,,,1,90,,36861,23,,,1,93,,36862,23,,,1,86,,36863,23,,,1,86,,36864,23,,,1,45,,36865,23,0,5 6,1,86,,36866,23,0,5 6,1,86,,36867,23,0,5 6,1
989900,'80',2114,,36868,23,,,1,90,,36869,23,,,1,48,,36870,23,,,1,90,,36871,23,,,1,82,,36872,23,,,1,83,,36873,23,,,1,40,,36874,23,0,5 6,1,83,,36875,23,0,5 6,1,83,,36876,23,0,5 6,1
