2400,'1',604,,3515,76,,,1,14,,3516,76,,,1,14,,3517,76,,,1,14,,3518,76,,,1,10,,3519,76,,,1,62,,3520,76,,,1,14,,3521,76,,,1,15,,3522,76,,,1,11,,3523,76,,,1,49,,3524,76,,,1,12,,3525,76,,,1,11,,3526,76,,,1,11,,3527,76,,,1,11,,3528,76,,,1,51,,3529,76,,,1,11,,3530,76,,,1,11,,3531,76,,,1,11,,3532,76,,,1,10,,3533,76,,,1,9,,3534,76,,,1,45,,3535,63,,,1,25,,3536,63,,,1,22,,3537,63,,,1,68,,3538,63,,,1,25,,3539,63,,,1,65,,3540,63,,,1,25,,3541,63,,,1,20,,3542,57,,,1,67,,3543,57,,,1,25,,3544,57,,,1,65,,3545,57,,,1,25,,3546,57,,,1,27,,3547,57,,,1,52,,3548,57,,,1,12,,3549,57,,,1,12,,3550,57,,,1,12,,3551,57,,,1,12,,3552,57,,,1,52,,3553,57,,,1,12,,3554,57,,,1,12,,3555,57,,,1,12,,3556,57,,,1,12,,3557,57,,,1,62,,3558,57,,,1,9,,3559,57,,,1,13,,3560,57,,,1,11,,3561,57,,,1,54,,3562,57,,,1,10,,3563,57,,,1,5,,3564,57,,,1,12,,3565,57,,,1,8,,3566,57,,,1,7,,3567,57,,,1,51,,3568,57,,,1,12,,3569,57,,,1,12,,3570,57,,,1,9,,3571,57,,,1,69,,3572,57,,,1,26,,3573,57,,,1,26,,3574,57,,,1,62,,3575,57,,,1,26,,3576,57,,,1,66,,3577,57,,,1,26,,3578,57,,,1,23,,3579,57,,,1,64,,3580,57,,,1,22,,3581,57,,,1,63,,3582,57,,,1,23,,3583,57,,,1
2400,'2',826,,3602,57,,,1,74,,3584,57,,,1,34,,3585,57,,,1,75,,3586,57,,,1,33,,3587,57,,,1,76,,3588,57,,,1,34,,3589,57,,,1,83,,3601,57,,,1,77,,3590,57,,,1,37,,3591,57,,,1,77,,3592,57,,,1,77,,3593,57,,,1,38,,3594,57,,,1,76,,3595,57,,,1,37,,3596,57,,,1,77,,3597,57,,,1,77,,3598,57,,,1,38,,3599,57,,,1,75,,3600,57,,,1,35,,3612,57,,,1,71,,3611,57,,,1,74,,3603,57,,,1,34,,3604,57,,,1,74,,3605,57,,,1,34,,3606,57,,,1,74,,3607,57,,,1,34,,3608,57,,,1,74,,3609,57,,,1,34,,3610,57,,,1
2400,'3',757,,3614,57,,,1,72,,3613,57,,,1,76,,3624,57,,,1,34,,3623,57,,,1,74,,3615,57,,,1,34,,3616,57,,,1,74,,3617,57,,,1,34,,3618,57,,,1,74,,3619,57,,,1,74,,3620,57,,,1,34,,3621,57,,,1,74,,3622,57,,,1,37,,3626,57,,,1,79,,3625,57,,,1,76,,3628,57,,,1,37,,3629,57,,,1,77,,3630,57,,,1,37,,3627,57,,,1,77,,3631,57,,,1,77,,3632,57,,,1,33,,3638,57,,,1,74,,3633,57,,,1,36,,3634,57,,,1,75,,3635,57,,,1,75,,3636,57,,,1,35,,3637,57,,,1
2400,'80',757,,3640,57,,,1,72,,3639,57,,,1,76,,3650,57,,,1,34,,3649,57,,,1,74,,3641,57,,,1,34,,3642,57,,,1,74,,3643,57,,,1,34,,3644,57,,,1,74,,3645,57,,,1,74,,3646,57,,,1,34,,3647,57,,,1,74,,3648,57,,,1,37,,3652,57,,,1,79,,3651,57,,,1,76,,3654,57,,,1,37,,3655,57,,,1,77,,3656,57,,,1,37,,3653,57,,,1,77,,3657,57,,,1,77,,3658,57,,,1,33,,3664,57,,,1,74,,3659,57,,,1,36,,3660,57,,,1,75,,3661,57,,,1,75,,3662,57,,,1,35,,3663,57,,,1
2400,'81',757,,3666,57,,,1,72,,3665,57,,,1,76,,3676,57,,,1,34,,3675,57,,,1,74,,3667,57,,,1,34,,3668,57,,,1,74,,3669,57,,,1,34,,3670,57,,,1,74,,3671,57,,,1,74,,3672,57,,,1,34,,3673,57,,,1,74,,3674,57,,,1,37,,3678,57,,,1,79,,3677,57,,,1,76,,3680,57,,,1,37,,3681,57,,,1,77,,3682,57,,,1,37,,3679,57,,,1,77,,3683,57,,,1,77,,3684,57,,,1,33,,3690,57,,,1,74,,3685,57,,,1,36,,3686,57,,,1,75,,3687,57,,,1,75,,3688,57,,,1,35,,3689,57,,,1
8001,'1',521,,5189,2,,,1,29,,5188,2,,,1,62,,5190,2,,,1,29,,5191,2,,,1,69,,5192,2,,,1,29,,5193,2,,,1,72,,5194,2,,,1,29,,5195,2,,,1,69,,5196,2,,,1,23,,5197,2,,,1,69,,5187,2,,,1,50,,5204,2,,,1,90,,5205,2,,,1,90,,5206,2,,,1,90,,5207,2,,,1,88,,5208,2,,,1,27,,5215,2,,,1,68,,5209,2,,,1,29,,5210,2,,,1,69,,5211,2,,,1,29,,5212,2,,,1,69,,5213,2,,,1,29,,5214,2,,,1,29,,5198,2,,,1,69,,5199,2,,,1,29,,5200,2,,,1,93,,5186,2,,,1,89,,5201,2,,,1,89,,5202,2,,,1,89,,5203,2,,,1,89,,5185,2,,,1
8001,'2',630,,5216,2,,,1,86,,5217,2,,,1,86,,5218,2,,,1,98,,5219,2,,,1,58,,5220,2,,,1,98,,5221,2,,,1,98,,5222,2,,,1,98,,5223,2,,,1,98,,5224,2,,,1,98,,5225,2,,,1,98,,5226,2,,,1,98,,5227,2,,,1,98,,5228,2,,,1,98,,5229,2,,,1,93,,5230,2,,,1,93,,5231,2,,,1
8001,'3',857,,5233,2,,,1,85,,5234,2,,,1,85,,5235,2,,,1,85,,5236,2,,,1,45,,5237,2,,,1,85,,5232,2,,,1,85,,5238,2,,,1,85,,5239,2,,,1,45,,5240,2,,,1,85,,5241,2,,,1,85,,5242,2,,,1,85,,5243,2,,,1,45,,5244,2,,,1,85,,5245,2,,,1,85,,5246,2,,,1,85,,5247,2,,,1,45,,5248,2,,,1
8001,'80',857,,5250,2,,,1,85,,5251,2,,,1,85,,5252,2,,,1,85,,5253,2,,,1,45,,5254,2,,,1,85,,5249,2,,,1,85,,5255,2,,,1,85,,5256,2,,,1,45,,5257,2,,,1,85,,5258,2,,,1,85,,5259,2,,,1,85,,5260,2,,,1,45,,5261,2,,,1,85,,5262,2,,,1,85,,5263,2,,,1,85,,5264,2,,,1,45,,5265,2,,,1
8001,'81',857,,5267,2,,,1,85,,5268,2,,,1,85,,5269,2,,,1,85,,5270,2,,,1,45,,5271,2,,,1,85,,5266,2,,,1,85,,5272,2,,,1,85,,5273,2,,,1,45,,5274,2,,,1,85,,5275,2,,,1,85,,5276,2,,,1,85,,5277,2,,,1,45,,5278,2,,,1,85,,5279,2,,,1,85,,5280,2,,,1,85,,5281,2,,,1,45,,5282,2,,,1
41800,'24612.1',727,,9237,5,,,1,1,,9238,5,,,1
41801,'24612.1',1525,,9239,29,,,1,1,,9240,29,,,1
45200,'24612.1',859,,9291,18,,,1
45201,'24612.1',1612,,9292,22,,,1
