8500,'1',647,,5396,65,4,,1,56,,5397,65,4,,1,16,,5398,65,4,,1,16,,5399,65,4,,1,16,,5400,65,4,,1,60,,5401,65,4,,1,16,,5402,65,4,,1,16,,5403,65,4,,1,16,,5404,65,4,,1,56,,5405,65,4,,1,16,,5406,65,4,,1,10,,5407,64,4,,1,16,,5408,64,4,,1,65,,5409,64,4,,1,25,,5410,64,4,,1,58,,5411,64,4,,1,25,,5412,64,4,,1,25,,5413,64,4,,1,65,,5414,64,4,,1,25,,5415,64,4,,1,67,,5416,64,4,,1,25,,5417,64,4,,1,67,,5418,64,4,,1,25,,5419,64,4,,1,20,,5420,64,4,,1,56,,5447,50,4,,1,18,,5421,50,4,,1,20,,5422,50,4,,1,16,,5423,50,4,,1,57,,5424,50,4,,1,16,,5425,50,4,,1,25,,5426,51,4,,1,53,,5427,51,4,,1,16,,5428,51,4,,1,16,,5429,51,4,,1,59,,5430,51,4,,1,16,,5431,51,4,,1,16,,5432,51,4,,1,16,,5433,51,4,,1,10,,5434,51,4,,1,56,,5435,51,4,,1,16,,5436,51,4,,1,16,,5437,51,4,,1,56,,5438,51,4,,1,12,,5439,50,4,,1,25,,5440,50,4,,1,64,,5441,50,4,,1,25,,5442,50,4,,1,73,,5443,50,4,,1,32,,5444,50,4,,1,71,,5445,50,4,,1,32,,5446,50,4,,1
8500,'2',721,,5476,64,4,,1,32,,5477,64,4,,1,70,,5478,64,4,,1,28,,5479,64,4,,1,74,,5480,64,4,,1,30,,5481,64,4,,1,70,,5482,64,4,,1,34,,5483,64,4,,1,70,,5484,64,4,,1,71,,5448,64,4,,1,22,,5449,64,4,,1,25,,5450,64,4,,1,63,,5451,64,4,,1,23,,5452,64,4,,1,23,,5453,64,4,,1,63,,5454,64,4,,1,23,,5455,64,4,,1,63,,5456,64,4,,1,23,,5457,64,4,,1,23,,5458,64,4,,1,63,,5459,64,4,,1,23,,5460,64,4,,1,63,,5461,64,4,,1,23,,5462,64,4,,1,21,,5463,64,4,,1,61,,5464,64,4,,1,17,,5465,64,4,,1,21,,5466,64,4,,1,61,,5467,64,4,,1,21,,5468,64,4,,1,21,,5469,64,4,,1,61,,5470,64,4,,1,18,,5471,64,4,,1,21,,5472,64,4,,1,61,,5473,64,4,,1,21,,5474,64,4,,1,21,,5475,64,4,,1,70,,5485,64,4,,1,30,,5486,64,4,,1,70,,5487,64,4,,1
8500,'3',857,,5505,36,4,,1,80,,5506,36,4,,1,79,,5488,64,4,,1,40,,5489,64,4,,1,81,,5490,64,4,,1,80,,5491,64,4,,1,91,,5492,64,4,,1,43,,5493,64,4,,1,83,,5494,64,4,,1,83,,5495,64,4,,1,42,,5496,64,4,,1,83,,5497,64,4,,1,84,,5498,64,4,,1,74,,5499,64,4,,1,41,,5500,64,4,,1,85,,5501,64,4,,1,77,,5502,64,4,,1,41,,5503,64,4,,1,81,,5504,64,4,,1
8500,'80',857,,5524,36,4,,1,80,,5525,36,4,,1,79,,5507,64,4,,1,40,,5508,64,4,,1,81,,5509,64,4,,1,80,,5510,64,4,,1,91,,5511,64,4,,1,43,,5512,64,4,,1,83,,5513,64,4,,1,83,,5514,64,4,,1,42,,5515,64,4,,1,83,,5516,64,4,,1,84,,5517,64,4,,1,74,,5518,64,4,,1,41,,5519,64,4,,1,85,,5520,64,4,,1,77,,5521,64,4,,1,41,,5522,64,4,,1,81,,5523,64,4,,1
8500,'81',857,,5543,36,4,,1,80,,5544,36,4,,1,79,,5526,64,4,,1,40,,5527,64,4,,1,81,,5528,64,4,,1,80,,5529,64,4,,1,91,,5530,64,4,,1,43,,5531,64,4,,1,83,,5532,64,4,,1,83,,5533,64,4,,1,42,,5534,64,4,,1,83,,5535,64,4,,1,84,,5536,64,4,,1,74,,5537,64,4,,1,41,,5538,64,4,,1,85,,5539,64,4,,1,77,,5540,64,4,,1,41,,5541,64,4,,1,81,,5542,64,4,,1
8501,'1',506,,5559,1,,,1,16,,5558,1,,,1,16,,5557,1,,,1,16,,5556,1,,,1,56,,5555,1,,,1,16,,5554,1,,,1,16,,5553,1,,,1,16,,5545,1,,,1,56,,5546,1,,,1,16,,5547,1,,,1,16,,5548,1,,,1,56,,5549,1,,,1,16,,5550,1,,,1,16,,5551,1,,,1,15,,5552,1,,,1,66,,5569,1,,,1,25,,5568,1,,,1,65,,5567,1,,,1,25,,5560,1,,,1,25,,5561,1,,,1,65,,5562,1,,,1,25,,5563,1,,,1,65,,5564,1,,,1,25,,5565,1,,,1,65,,5566,1,,,1,25,,5570,1,,,1,25,,5571,1,,,1,60,,5572,1,,,1,16,,5599,1,,,1,16,,5600,1,,,1,16,,5589,1,,,1,55,,5588,1,,,1,16,,5587,1,,,1,20,,5586,1,,,1,56,,5585,1,,,1,16,,5573,1,,,1,19,,5574,1,,,1,13,,5575,1,,,1,61,,5576,1,,,1,16,,5577,1,,,1,11,,5578,1,,,1,59,,5579,1,,,1,13,,5580,1,,,1,16,,5581,1,,,1,16,,5582,1,,,1,56,,5583,1,,,1,20,,5584,1,,,1,32,,5592,1,,,1,69,,5591,1,,,1,25,,5590,1,,,1,62,,5596,1,,,1,29,,5595,1,,,1,72,,5593,1,,,1,32,,5594,1,,,1
8501,'2',630,,5629,1,,,1,70,,5630,1,,,1,30,,5631,1,,,1,70,,5632,1,,,1,30,,5633,1,,,1,70,,5634,1,,,1,30,,5635,1,,,1,70,,5636,1,,,1,30,,5637,1,,,1,70,,5601,1,,,1,23,,5602,1,,,1,23,,5603,1,,,1,63,,5604,1,,,1,23,,5605,1,,,1,23,,5606,1,,,1,63,,5607,1,,,1,23,,5608,1,,,1,63,,5609,1,,,1,23,,5610,1,,,1,23,,5611,1,,,1,63,,5612,1,,,1,23,,5613,1,,,1,23,,5614,1,,,1,63,,5615,1,,,1,21,,5616,1,,,1,62,,5617,1,,,1,23,,5618,1,,,1,21,,5619,1,,,1,61,,5620,1,,,1,18,,5621,1,,,1,21,,5622,1,,,1,61,,5623,1,,,1,21,,5624,1,,,1,21,,5625,1,,,1,61,,5626,1,,,1,21,,5627,1,,,1,21,,5628,1,,,1,70,,5638,1,,,1,30,,5639,1,,,1,70,,5640,1,,,1
8501,'3',822,,5643,1,,,1,80,,5644,1,,,1,40,,5645,1,,,1,80,,5646,1,,,1,83,,5647,1,,,1,43,,5648,1,,,1,83,,5649,1,,,1,83,,5650,1,,,1,43,,5651,1,,,1,83,,5652,1,,,1,83,,5653,1,,,1,82,,5654,1,,,1,42,,5655,1,,,1,84,,5656,1,,,1,76,,5657,1,,,1,41,,5658,1,,,1,83,,5659,1,,,1,79,,5641,1,,,1,41,,5642,1,,,1
8501,'80',822,,5662,1,,,1,80,,5663,1,,,1,40,,5664,1,,,1,80,,5665,1,,,1,83,,5666,1,,,1,43,,5667,1,,,1,83,,5668,1,,,1,83,,5669,1,,,1,43,,5670,1,,,1,83,,5671,1,,,1,83,,5672,1,,,1,82,,5673,1,,,1,42,,5674,1,,,1,84,,5675,1,,,1,76,,5676,1,,,1,41,,5677,1,,,1,83,,5678,1,,,1,79,,5660,1,,,1,41,,5661,1,,,1
8501,'81',822,,5681,1,,,1,80,,5682,1,,,1,40,,5683,1,,,1,80,,5684,1,,,1,83,,5685,1,,,1,43,,5686,1,,,1,83,,5687,1,,,1,83,,5688,1,,,1,43,,5689,1,,,1,83,,5690,1,,,1,83,,5691,1,,,1,82,,5692,1,,,1,42,,5693,1,,,1,84,,5694,1,,,1,76,,5695,1,,,1,41,,5696,1,,,1,83,,5697,1,,,1,79,,5679,1,,,1,41,,5680,1,,,1
900200,'1',611,,11509,40,0,204 205 206 207,1,19,,11510,40,0,204 205 206 207,1,19,,11511,40,0,204 205 206 207,1,59,,11512,40,0,204 205 206 207,1,20,,11513,40,0,204 205 206 207,1,26,,11514,40,0,204 205 206 207,1,65,,11515,40,0,204 205 206 207,1,23,,11516,40,0,204 205 206 207,1,61,,11517,40,0,204 205 206 207,1,23,,11518,40,0,204 205 206 207,1,25,,11519,40,0,204 205 206 207,1,62,,11520,40,0,204 205 206 207,1,18,,11521,40,0,204 205 206 207,1
900201,'1',1550,,11550,12,,,1,63,,11551,12,,,1,23,,11552,12,,,1,23,,11553,12,,,1,63,,11554,12,,,1,23,,11555,12,,,1,63,,11556,12,,,1,23,,11557,12,,,1,23,,11561,12,,,1,57,,11558,12,,,1,19,,11559,12,,,1,19,,11560,12,,,1
