9900,'1',439,,31612,1,,,1,80,,31613,1,,,1,40,,31614,1,,,1,80,,31615,1,,,1,90,,31616,1,,,1,75,,31617,1,,,1,35,,31618,1,,,1,75,,31619,1,,,1,35,,31620,1,,,1,75,,31621,1,,,1,96,,31622,1,,,1,94,,31623,1,,,1,94,,31624,1,,,1,94,,31625,1,,,1,28,,31637,1,,,1,71,,31636,1,,,1,29,,31626,1,,,1,70,,31627,1,,,1,30,,31628,1,,,1,70,,31629,1,,,1,30,,31630,1,,,1,70,,31631,1,,,1,30,,31632,1,,,1,70,,31633,1,,,1,30,,31634,1,,,1,70,,31635,1,,,1
9900,'2',558,,31640,1,,,1,77,,31641,1,,,1,78,,31655,1,,,1,87,,31654,1,,,1,47,,31642,1,,,1,87,,31643,1,,,1,87,,31644,1,,,1,87,,31645,1,,,1,104,,31646,1,,,1,95,,31647,1,,,1,95,,31648,1,,,1,55,,31649,1,,,1,95,,31650,1,,,1,95,,31651,1,,,1,95,,31652,1,,,1,95,,31653,1,,,1,89,,31657,1,,,1,90,,31656,1,,,1
9900,'3',604,,31660,1,,,1,38,,31661,1,,,1,78,,31662,1,,,1,38,,31663,1,,,1,90,,31680,1,,,1,89,,31664,1,,,1,89,,31665,1,,,1,89,,31666,1,,,1,89,,31667,1,,,1,49,,31668,1,,,1,89,,31669,1,,,1,89,,31670,1,,,1,89,,31671,1,,,1,89,,31672,1,,,1,49,,31673,1,,,1,89,,31674,1,,,1,89,,31675,1,,,1,89,,31676,1,,,1,89,,31677,1,,,1
9900,'74',558,,31681,1,,,1,77,,31682,1,,,1,78,,31696,1,,,1,87,,31695,1,,,1,47,,31683,1,,,1,87,,31684,1,,,1,87,,31685,1,,,1,87,,31686,1,,,1,104,,31687,1,,,1,95,,31688,1,,,1,95,,31689,1,,,1,55,,31690,1,,,1,95,,31691,1,,,1,95,,31692,1,,,1,95,,31693,1,,,1,95,,31694,1,,,1,89,,31698,1,,,1,90,,31697,1,,,1
9900,'80',604,,31701,1,,,1,38,,31702,1,,,1,78,,31703,1,,,1,38,,31704,1,,,1,90,,31721,1,,,1,89,,31705,1,,,1,89,,31706,1,,,1,89,,31707,1,,,1,89,,31708,1,,,1,49,,31709,1,,,1,89,,31710,1,,,1,89,,31711,1,,,1,89,,31712,1,,,1,89,,31713,1,,,1,49,,31714,1,,,1,89,,31715,1,,,1,89,,31716,1,,,1,89,,31717,1,,,1,89,,31718,1,,,1
9901,'1',429,,31722,47,4,,1,81,,31723,47,4,,1,40,,31724,47,4,,1,84,,31725,47,4,,1,83,,31726,47,4,,1,35,,31727,47,4,,1,73,,31728,47,4,,1,83,,31729,47,4,,1,30,,31730,47,4,,1,75,,31731,47,4,,1,94,,31732,47,4,,1,100,,31733,47,4,,1,94,,31734,47,4,,1,54,,31735,47,4,,1,100,,31736,47,4,,1,68,,31737,47,4,,1,30,,31738,47,4,,1,70,,31739,47,4,,1,30,,31740,47,4,,1,70,,31741,47,4,,1,30,,31742,47,4,,1,70,,31743,47,4,,1,25,,31744,47,4,,1,70,,31745,47,4,,1,24,,31746,47,4,,1,70,,31747,47,4,,1,30,,31748,47,4,,1,65,,31749,47,4,,1,30,,31750,47,4,,1,85,,31751,47,4,,1
9901,'2',552,,31752,47,4,,1,77,,31753,47,4,,1,77,,31754,47,4,,1,37,,31755,47,4,,1,87,,31756,47,4,,1,93,,31757,47,4,,1,89,,31758,47,4,,1,47,,31759,47,4,,1,144,,31760,47,4,,1,98,,31761,47,4,,1,55,,31762,47,4,,1,95,,31763,47,4,,1,95,,31764,47,4,,1,95,,31765,47,4,,1,92,,31766,47,4,,1,93,,31767,47,4,,1,95,,31768,47,4,,1,89,,31769,47,4,,1,45,,31770,47,4,,1,85,,31771,47,4,,1
9901,'3',556,,31772,47,4,,1,81,,31773,47,4,,1,78,,31774,47,4,,1,38,,31775,47,4,,1,78,,31776,47,4,,1,95,,31777,47,4,,1,89,,31778,47,4,,1,89,,31779,47,4,,1,49,,31780,47,4,,1,94,,31781,47,4,,1,89,,31782,47,4,,1,89,,31783,47,4,,1,89,,31784,47,4,,1,89,,31785,47,4,,1,49,,31786,47,4,,1,89,,31787,47,4,,1,84,,31788,47,4,,1,89,,31789,47,4,,1,89,,31790,47,4,,1,43,,31791,47,4,,1,89,,31792,47,4,,1,79,,31793,47,4,,1
9901,'74',552,,31794,47,4,,1,77,,31795,47,4,,1,77,,31796,47,4,,1,37,,31797,47,4,,1,87,,31798,47,4,,1,93,,31799,47,4,,1,89,,31800,47,4,,1,47,,31801,47,4,,1,144,,31802,47,4,,1,98,,31803,47,4,,1,55,,31804,47,4,,1,95,,31805,47,4,,1,95,,31806,47,4,,1,95,,31807,47,4,,1,92,,31808,47,4,,1,93,,31809,47,4,,1,95,,31810,47,4,,1,89,,31811,47,4,,1,45,,31812,47,4,,1,85,,31813,47,4,,1
9901,'80',556,,31814,47,4,,1,81,,31815,47,4,,1,78,,31816,47,4,,1,38,,31817,47,4,,1,78,,31818,47,4,,1,95,,31819,47,4,,1,89,,31820,47,4,,1,89,,31821,47,4,,1,49,,31822,47,4,,1,94,,31823,47,4,,1,89,,31824,47,4,,1,89,,31825,47,4,,1,89,,31826,47,4,,1,89,,31827,47,4,,1,49,,31828,47,4,,1,89,,31829,47,4,,1,84,,31830,47,4,,1,89,,31831,47,4,,1,89,,31832,47,4,,1,43,,31833,47,4,,1,89,,31834,47,4,,1,79,,31835,47,4,,1
989900,'1',2034,,36830,1,,,1,78,,36831,1,,,1,38,,36832,1,,,1,78,,36833,1,,,1,75,,36834,1,,,1,35,,36835,1,,,1,75,,36836,1,,,1,35,,36837,1,,,1,75,,36838,1,0,5 6,1,35,,36839,1,0,5 6,1,82,,36840,1,0,5 6,1
989900,'2',2036,,36841,1,,,1,94,,36842,1,,,1,94,,36843,1,,,1,94,,36844,1,,,1,86,,36845,1,,,1,46,,36846,1,,,1,86,,36847,1,0,5 6,1,86,,36848,1,0,5 6,1,86,,36849,1,0,5 6,1
989900,'3',2055,,36850,1,,,1,90,,36851,1,,,1,90,,36852,1,,,1,90,,36853,1,,,1,83,,36854,1,,,1,43,,36855,1,,,1,83,,36856,1,0,5 6,1,83,,36857,1,0,5 6,1,83,,36858,1,0,5 6,1
989900,'74',2036,,36859,1,,,1,94,,36860,1,,,1,94,,36861,1,,,1,94,,36862,1,,,1,86,,36863,1,,,1,46,,36864,1,,,1,86,,36865,1,0,5 6,1,86,,36866,1,0,5 6,1,86,,36867,1,0,5 6,1
989900,'80',2055,,36868,1,,,1,90,,36869,1,,,1,90,,36870,1,,,1,90,,36871,1,,,1,83,,36872,1,,,1,43,,36873,1,,,1,83,,36874,1,0,5 6,1,83,,36875,1,0,5 6,1,83,,36876,1,0,5 6,1
989901,'1',2256,,36877,102,4,,1,68,,36878,102,4,,1,78,,36879,102,4,,1,34,,36880,102,4,,1,75,,36881,102,4,,1,29,,36882,102,4,,1,75,,36883,102,4,,1,35,,36884,102,4,,1
989901,'2',2305,,36885,102,4,,1,46,,36886,102,4,,1,81,,36887,102,4,,1,91,,36890,102,4,,1,83,,36888,102,4,,1,46,,36889,102,4,,1
989901,'3',2312,,36891,102,4,,1,47,,36892,102,4,,1,83,,36893,102,4,,1,84,,36894,102,4,,1,79,,36895,102,4,,1,43,,36896,102,4,,1
989901,'74',2305,,36897,102,4,,1,46,,36898,102,4,,1,81,,36899,102,4,,1,91,,36902,102,4,,1,83,,36900,102,4,,1,46,,36901,102,4,,1
989901,'80',2312,,36903,102,4,,1,47,,36904,102,4,,1,83,,36905,102,4,,1,84,,36906,102,4,,1,79,,36907,102,4,,1,43,,36908,102,4,,1
