1301,'1',615,,2364,10,,,1,29,,2343,10,,,1,69,,2342,10,,,1,28,,2341,10,,,1,70,,2340,10,,,1,29,,2339,10,,,1,69,,2338,10,,,1,30,,2337,10,,,1,81,,2344,10,,,1,39,,2345,10,,,1,78,,2346,10,,,1,82,,2347,10,,,1,37,,2348,10,,,1,79,,2349,10,,,1,79,,2350,10,,,1,41,,2361,10,,,1,72,,2351,10,,,1,31,,2352,10,,,1,71,,2353,10,,,1,71,,2354,10,,,1,31,,2355,10,,,1,71,,2356,10,,,1,33,,2357,10,,,1,69,,2358,10,,,1,31,,2359,10,,,1,71,,2360,10,,,1,98,,2362,10,,,1,29,,2363,10,,,1,74,,2365,10,,,1
8500,'1',550,,5396,14,,,1,56,,5397,14,,,1,16,,5398,14,,,1,16,,5399,14,,,1,16,,5400,14,,,1,56,,5401,14,,,1,16,,5402,14,,,1,16,,5403,14,,,1,16,,5404,14,,,1,56,,5405,14,,,1,16,,5406,14,,,1,16,,5407,14,,,1,56,,5408,14,,,1,25,,5409,14,,,1,25,,5410,14,,,1,62,,5411,14,,,1,25,,5412,14,,,1,65,,5413,14,,,1,25,,5414,14,,,1,25,,5415,14,,,1,65,,5416,14,,,1,25,,5417,14,,,1,65,,5418,14,,,1,25,,5419,14,,,1,20,,5420,14,,,1
8500,'2',637,,5476,14,,,1,70,,5477,14,,,1,30,,5478,14,,,1,68,,5479,14,,,1,30,,5480,14,,,1,70,,5481,14,,,1,30,,5482,14,,,1,73,,5483,14,,,1,30,,5484,14,,,1,71,,5448,14,,,1,22,,5449,14,,,1,23,,5450,14,,,1,63,,5451,14,,,1,23,,5452,14,,,1,63,,5453,14,,,1,23,,5454,14,,,1,23,,5455,14,,,1,63,,5456,14,,,1,23,,5457,14,,,1,23,,5458,14,,,1,63,,5459,14,,,1,23,,5460,14,,,1,63,,5461,14,,,1,23,,5462,14,,,1,21,,5463,14,,,1,64,,5464,14,,,1,17,,5465,14,,,1,21,,5466,14,,,1,61,,5467,14,,,1,21,,5468,14,,,1,21,,5469,14,,,1,61,,5470,14,,,1,21,,5471,14,,,1,21,,5472,14,,,1,61,,5473,14,,,1,21,,5474,14,,,1,61,,5475,14,,,1,30,,5485,14,,,1,70,,5486,14,,,1,30,,5487,14,,,1
8500,'3',926,,5488,14,,,1,80,,5489,14,,,1,40,,5490,14,,,1,80,,5491,14,,,1,91,,5492,14,,,1,83,,5493,14,,,1,43,,5494,14,,,1,83,,5495,14,,,1,82,,5496,14,,,1,43,,5497,14,,,1,83,,5498,14,,,1,74,,5499,14,,,1,41,,5500,14,,,1,85,,5501,14,,,1,77,,5502,14,,,1,41,,5503,14,,,1,81,,5504,14,,,1
8500,'80',926,,5507,14,,,1,80,,5508,14,,,1,40,,5509,14,,,1,80,,5510,14,,,1,91,,5511,14,,,1,83,,5512,14,,,1,43,,5513,14,,,1,83,,5514,14,,,1,82,,5515,14,,,1,43,,5516,14,,,1,83,,5517,14,,,1,74,,5518,14,,,1,41,,5519,14,,,1,85,,5520,14,,,1,77,,5521,14,,,1,41,,5522,14,,,1,81,,5523,14,,,1
8500,'81',926,,5526,14,,,1,80,,5527,14,,,1,40,,5528,14,,,1,80,,5529,14,,,1,91,,5530,14,,,1,83,,5531,14,,,1,43,,5532,14,,,1,83,,5533,14,,,1,82,,5534,14,,,1,43,,5535,14,,,1,83,,5536,14,,,1,74,,5537,14,,,1,41,,5538,14,,,1,85,,5539,14,,,1,77,,5540,14,,,1,41,,5541,14,,,1,81,,5542,14,,,1
8501,'1',1401,,5566,65,,,1,25,,5570,65,,,1,25,,5571,65,,,1,66,,5572,65,,,1,16,,5599,65,,,1,16,,5600,65,,,1,56,,5589,65,,,1,16,,5588,65,,,1,16,,5587,65,,,1,73,,5586,65,,,1,24,,5585,65,,,1,16,,5573,65,,,1,59,,5574,65,,,1,13,,5575,65,,,1,6,,5576,65,,,1,16,,5577,65,,,1,11,,5578,65,,,1,59,,5579,65,,,1,13,,5580,65,,,1,16,,5581,65,,,1,16,,5582,65,,,1,56,,5583,65,,,1,12,,5584,65,,,1,32,,5592,65,,,1,63,,5591,65,,,1,25,,5590,65,,,1,62,,5596,65,,,1,29,,5595,65,,,1,72,,5593,65,,,1,32,,5594,65,,,1
8501,'2',2251,,5639,65,,,1,70,,5640,65,,,1
8501,'3',2107,,5641,65,,,1,41,,5642,65,,,1
8501,'80',2107,,5660,65,,,1,41,,5661,65,,,1
8501,'81',2107,,5679,65,,,1,41,,5680,65,,,1
46100,'24612.1',738,,9294,30,,,1
