400,'1',526,,589,41,,,1,27,,590,41,,,1,56,,591,41,,,1,16,,592,41,,,1,16,,593,41,,,1,18,,594,41,,,1,55,,595,41,,,1,16,,596,41,,,1,15,,597,41,,,1,59,,598,41,,,1,18,,599,41,,,1,13,,600,41,,,1,15,,601,41,,,1,50,,602,41,,,1,15,,603,41,,,1,12,,604,41,,,1,15,,605,41,,,1,15,,606,41,,,1,62,,607,41,,,1,22,,608,41,,,1,66,,609,41,,,1,22,,610,41,,,1,22,,611,41,,,1,62,,612,41,,,1,22,,613,41,,,1,22,,614,41,,,1,62,,615,41,,,1,22,,616,41,,,1,17,,617,41,,,1,57,,618,41,,,1,17,,619,41,,,1,20,,620,41,,,1,57,,621,41,,,1,25,,622,41,,,1,17,,623,41,,,1,52,,624,41,,,1,17,,625,41,,,1,17,,626,41,,,1,14,,627,41,,,1,54,,628,41,,,1,14,,629,41,,,1,14,,630,41,,,1,14,,631,41,,,1,54,,632,41,,,1,14,,633,41,,,1,14,,634,41,,,1,9,,635,41,,,1,14,,636,41,,,1,54,,637,41,,,1,11,,638,41,,,1,13,,639,41,,,1,17,,640,41,,,1,57,,641,41,,,1,17,,642,41,,,1,17,,643,41,,,1,17,,644,41,,,1,53,,645,41,,,1,17,,646,41,,,1,17,,647,41,,,1,17,,648,41,,,1,57,,649,41,,,1,17,,650,41,,,1,19,,651,41,,,1,58,,652,41,,,1,18,,653,41,,,1,15,,654,41,,,1,58,,655,41,,,1,18,,656,41,,,1,18,,657,41,,,1
400,'2',544,,695,33,,,1,72,,696,33,,,1,30,,658,41,,,1,72,,659,41,,,1,32,,660,41,,,1,72,,661,41,,,1,33,,662,41,,,1,72,,663,41,,,1,73,,664,41,,,1,32,,665,41,,,1,76,,666,41,,,1,33,,667,41,,,1,64,,668,41,,,1,27,,669,41,,,1,72,,670,41,,,1,28,,671,41,,,1,68,,672,41,,,1,28,,673,41,,,1,28,,674,41,,,1,68,,675,41,,,1,29,,676,41,,,1,64,,677,41,,,1,28,,678,41,,,1,68,,679,41,,,1,27,,680,41,,,1,68,,681,41,,,1,28,,682,41,,,1,68,,683,41,,,1,28,,684,41,,,1,27,,685,41,,,1,69,,686,41,,,1,30,,687,41,,,1,68,,688,41,,,1,30,,689,41,,,1,70,,690,41,,,1,28,,691,41,,,1,70,,692,41,,,1,30,,693,41,,,1,70,,694,41,,,1
400,'3',552,,697,33,,,1,70,,698,33,,,1,36,,699,41,,,1,70,,700,41,,,1,30,,701,41,,,1,70,,702,41,,,1,74,,703,41,,,1,30,,704,41,,,1,70,,705,41,,,1,30,,706,41,,,1,70,,707,41,,,1,30,,708,41,,,1,74,,709,41,,,1,31,,710,41,,,1,21,,711,41,,,1,64,,712,41,,,1,26,,713,41,,,1,66,,714,41,,,1,27,,715,41,,,1,66,,716,41,,,1,27,,717,41,,,1,66,,718,41,,,1,28,,719,41,,,1,26,,720,41,,,1,66,,721,41,,,1,23,,722,41,,,1,67,,723,41,,,1,26,,724,41,,,1,66,,725,41,,,1,23,,726,41,,,1,27,,727,41,,,1,69,,728,41,,,1,29,,729,41,,,1,69,,730,41,,,1,29,,731,41,,,1,68,,732,41,,,1,29,,733,41,,,1,69,,734,41,,,1,29,,735,41,,,1,69,,736,41,,,1
400,'80',552,,737,33,,,1,70,,738,33,,,1,36,,739,41,,,1,70,,740,41,,,1,30,,741,41,,,1,70,,742,41,,,1,74,,743,41,,,1,30,,744,41,,,1,70,,745,41,,,1,30,,746,41,,,1,70,,747,41,,,1,30,,748,41,,,1,74,,749,41,,,1,31,,750,41,,,1,21,,751,41,,,1,64,,752,41,,,1,26,,753,41,,,1,66,,754,41,,,1,27,,755,41,,,1,66,,756,41,,,1,27,,757,41,,,1,66,,758,41,,,1,28,,759,41,,,1,26,,760,41,,,1,66,,761,41,,,1,23,,762,41,,,1,67,,763,41,,,1,26,,764,41,,,1,66,,765,41,,,1,23,,766,41,,,1,27,,767,41,,,1,69,,768,41,,,1,29,,769,41,,,1,69,,770,41,,,1,29,,771,41,,,1,68,,772,41,,,1,29,,773,41,,,1,69,,774,41,,,1,29,,775,41,,,1,69,,776,41,,,1
400,'81',552,,777,33,,,1,70,,778,33,,,1,36,,779,41,,,1,70,,780,41,,,1,30,,781,41,,,1,70,,782,41,,,1,74,,783,41,,,1,30,,784,41,,,1,70,,785,41,,,1,30,,786,41,,,1,70,,787,41,,,1,30,,788,41,,,1,74,,789,41,,,1,31,,790,41,,,1,21,,791,41,,,1,64,,792,41,,,1,26,,793,41,,,1,66,,794,41,,,1,27,,795,41,,,1,66,,796,41,,,1,27,,797,41,,,1,66,,798,41,,,1,28,,799,41,,,1,26,,800,41,,,1,66,,801,41,,,1,23,,802,41,,,1,67,,803,41,,,1,26,,804,41,,,1,66,,805,41,,,1,23,,806,41,,,1,27,,807,41,,,1,69,,808,41,,,1,29,,809,41,,,1,69,,810,41,,,1,29,,811,41,,,1,68,,812,41,,,1,29,,813,41,,,1,69,,814,41,,,1,29,,815,41,,,1,69,,816,41,,,1
2401,'1',549,,3729,15,,,1,54,,3728,15,,,1,14,,3727,15,,,1,14,,3691,15,,,1,14,,3692,15,,,1,55,,3693,15,,,1,15,,3706,15,,,1,11,,3705,15,,,1,11,,3704,15,,,1,15,,3703,15,,,1,51,,3702,15,,,1,11,,3701,15,,,1,11,,3694,15,,,1,11,,3695,15,,,1,10,,3696,15,,,1,11,,3697,15,,,1,51,,3698,15,,,1,11,,3699,15,,,1,11,,3700,15,,,1,71,,3712,15,,,1,21,,3711,15,,,1,25,,3707,15,,,1,65,,3708,15,,,1,25,,3709,15,,,1,65,,3710,15,,,1
2401,'2',740,,3759,15,,,1,74,,3760,15,,,1,34,,3761,15,,,1,74,,3762,15,,,1,34,,3763,15,,,1,74,,3764,15,,,1,75,,3765,15,,,1,37,,3766,15,,,1,77,,3767,15,,,1,37,,3768,15,,,1,77,,3769,15,,,1,76,,3770,15,,,1,38,,3771,15,,,1,77,,3772,15,,,1,77,,3773,15,,,1,37,,3774,15,,,1,76,,3775,15,,,1,38,,3776,15,,,1,76,,3777,15,,,1,77,,3778,15,,,1,34,,3779,15,,,1,75,,3780,15,,,1,33,,3781,15,,,1,74,,3782,15,,,1,34,,3783,15,,,1,74,,3784,15,,,1,74,,3785,15,,,1,34,,3786,15,,,1,74,,3787,15,,,1
2401,'3',714,,3788,15,,,1,32,,3789,15,,,1,72,,3790,15,,,1,34,,3791,15,,,1,74,,3792,15,,,1,74,,3793,15,,,1,34,,3794,15,,,1,74,,3795,15,,,1,34,,3796,15,,,1,72,,3797,15,,,1,36,,3798,15,,,1,74,,3799,15,,,1,77,,3800,15,,,1,35,,3801,15,,,1,77,,3802,15,,,1,37,,3803,15,,,1,77,,3804,15,,,1,77,,3805,15,,,1,37,,3806,15,,,1,77,,3807,15,,,1,35,,3808,15,,,1,76,,3809,15,,,1,75,,3810,15,,,1,35,,3811,15,,,1,75,,3812,15,,,1,35,,3813,15,,,1
2401,'80',714,,3814,15,,,1,32,,3815,15,,,1,72,,3816,15,,,1,34,,3817,15,,,1,74,,3818,15,,,1,74,,3819,15,,,1,34,,3820,15,,,1,74,,3821,15,,,1,34,,3822,15,,,1,72,,3823,15,,,1,36,,3824,15,,,1,74,,3825,15,,,1,77,,3826,15,,,1,35,,3827,15,,,1,77,,3828,15,,,1,37,,3829,15,,,1,77,,3830,15,,,1,77,,3831,15,,,1,37,,3832,15,,,1,77,,3833,15,,,1,35,,3834,15,,,1,76,,3835,15,,,1,75,,3836,15,,,1,35,,3837,15,,,1,75,,3838,15,,,1,35,,3839,15,,,1
2401,'81',714,,3840,15,,,1,32,,3841,15,,,1,72,,3842,15,,,1,34,,3843,15,,,1,74,,3844,15,,,1,74,,3845,15,,,1,34,,3846,15,,,1,74,,3847,15,,,1,34,,3848,15,,,1,72,,3849,15,,,1,36,,3850,15,,,1,74,,3851,15,,,1,77,,3852,15,,,1,35,,3853,15,,,1,77,,3854,15,,,1,37,,3855,15,,,1,77,,3856,15,,,1,77,,3857,15,,,1,37,,3858,15,,,1,77,,3859,15,,,1,35,,3860,15,,,1,76,,3861,15,,,1,75,,3862,15,,,1,35,,3863,15,,,1,75,,3864,15,,,1,35,,3865,15,,,1
41800,'24612.1',738,,9237,16,,,1,1,,9238,16,,,1
44900,'24612.1',848,,9287,2,,,1
