901,'1',653,,2160,53,,,1,69,,2153,53,,,1,35,,2154,53,,,1,73,,2155,53,,,1,73,,2156,53,,,1,33,,2157,53,,,1,73,,2158,53,,,1,33,,2159,53,,,1,70,,2167,53,,,1,44,,2161,53,,,1,84,,2162,53,,,1,84,,2163,53,,,1,86,,2164,53,,,1,44,,2165,53,,,1,102,,2166,53,,,1,82,,2168,53,,,1,73,,2169,53,,,1,33,,2170,53,,,1,76,,2171,53,,,1,87,,2172,53,,,1,31,,2173,53,,,1,78,,2174,53,,,1,38,,2175,53,,,1,71,,2176,53,,,1
901,'2',757,,2177,53,,,1,87,,2178,53,,,1,87,,2179,53,,,1,87,,2180,53,,,1,87,,2181,53,,,1,47,,2182,53,,,1,87,,2183,53,,,1,87,,2184,53,,,1,87,,2185,53,,,1,87,,2186,53,,,1,47,,2187,53,,,1,87,,2188,53,,,1,87,,2189,53,,,1,87,,2190,53,,,1,47,,2191,53,,,1,87,,2192,53,,,1,87,,2193,53,,,1,87,,2194,53,,,1,87,,2195,53,,,1
901,'3',859,,2196,53,,,1,87,,2197,53,,,1,87,,2198,53,,,1,87,,2199,53,,,1,87,,2200,53,,,1,47,,2201,53,,,1,87,,2202,53,,,1,87,,2203,53,,,1,87,,2204,53,,,1,87,,2205,53,,,1,47,,2206,53,,,1,87,,2207,53,,,1,87,,2208,53,,,1,87,,2209,53,,,1,47,,2210,53,,,1,87,,2211,53,,,1
901,'80',859,,2212,53,,,1,87,,2213,53,,,1,87,,2214,53,,,1,87,,2215,53,,,1,87,,2216,53,,,1,47,,2217,53,,,1,87,,2218,53,,,1,87,,2219,53,,,1,87,,2220,53,,,1,87,,2221,53,,,1,47,,2222,53,,,1,87,,2223,53,,,1,87,,2224,53,,,1,87,,2225,53,,,1,47,,2226,53,,,1,87,,2227,53,,,1
901,'81',859,,2228,53,,,1,87,,2229,53,,,1,87,,2230,53,,,1,87,,2231,53,,,1,87,,2232,53,,,1,47,,2233,53,,,1,87,,2234,53,,,1,87,,2235,53,,,1,87,,2236,53,,,1,87,,2237,53,,,1,47,,2238,53,,,1,87,,2239,53,,,1,87,,2240,53,,,1,87,,2241,53,,,1,47,,2242,53,,,1,87,,2243,53,,,1
1600,'1',539,,2463,31,,,1,62,,2464,31,,,1,10,,2421,52,,,1,22,,2422,52,,,1,67,,2423,52,,,1,22,,2424,52,,,1,26,,2425,52,,,1,62,,2426,52,,,1,18,,2427,52,,,1,26,,2428,52,,,1,62,,2429,52,,,1,22,,2430,52,,,1,68,,2431,52,,,1,29,,2432,52,,,1,75,,2433,52,,,1,27,,2434,52,,,1,71,,2435,52,,,1,31,,2436,52,,,1,71,,2437,52,,,1,31,,2438,52,,,1,71,,2439,52,,,1,23,,2465,31,,,1,12,,2440,52,,,1,66,,2441,52,,,1,23,,2442,52,,,1,23,,2443,52,,,1,63,,2444,52,,,1,23,,2445,52,,,1,68,,2446,52,,,1,23,,2447,52,,,1,23,,2448,52,,,1,63,,2449,52,,,1,23,,2450,52,,,1,58,,2451,52,,,1,17,,2452,52,,,1,23,,2453,52,,,1,63,,2454,52,,,1,23,,2455,52,,,1,23,,2456,52,,,1,56,,2457,52,,,1,34,,2458,52,,,1,74,,2459,52,,,1,34,,2460,52,,,1,71,,2461,52,,,1,34,,2462,52,,,1,74,,2466,52,,,1
1600,'2',646,,2494,31,,,1,73,,2467,52,,,1,38,,2468,52,,,1,83,,2469,52,,,1,78,,2470,52,,,1,38,,2471,52,,,1,78,,2472,52,,,1,78,,2473,52,,,1,38,,2474,52,,,1,78,,2475,52,,,1,78,,2476,52,,,1,45,,2477,52,,,1,81,,2478,52,,,1,83,,2479,52,,,1,41,,2480,52,,,1,77,,2481,52,,,1,81,,2482,52,,,1,41,,2483,52,,,1,81,,2484,52,,,1,81,,2485,52,,,1,31,,2486,52,,,1,76,,2487,52,,,1,79,,2488,52,,,1,33,,2489,52,,,1,73,,2490,52,,,1,37,,2491,52,,,1,75,,2492,52,,,1,36,,2493,52,,,1
1600,'3',728,,2510,31,,,1,95,,2511,31,,,1,91,,2495,52,,,1,97,,2496,52,,,1,95,,2497,52,,,1,95,,2498,52,,,1,56,,2499,52,,,1,99,,2504,52,,,1,97,,2500,52,,,1,98,,2501,52,,,1,98,,2502,52,,,1,95,,2503,52,,,1,93,,2509,52,,,1,92,,2505,52,,,1,89,,2506,52,,,1,92,,2507,52,,,1,49,,2508,52,,,1
1600,'80',728,,2527,31,,,1,95,,2528,31,,,1,91,,2512,52,,,1,97,,2513,52,,,1,95,,2514,52,,,1,95,,2515,52,,,1,56,,2516,52,,,1,99,,2521,52,,,1,97,,2517,52,,,1,98,,2518,52,,,1,98,,2519,52,,,1,95,,2520,52,,,1,93,,2526,52,,,1,92,,2522,52,,,1,89,,2523,52,,,1,92,,2524,52,,,1,49,,2525,52,,,1
1600,'81',728,,2530,31,,,1,95,,2531,31,,,1,91,,2529,52,,,1,97,,2532,52,,,1,95,,2533,52,,,1,95,,2534,52,,,1,56,,2535,52,,,1,99,,2540,52,,,1,97,,2536,52,,,1,98,,2537,52,,,1,98,,2538,52,,,1,95,,2539,52,,,1,93,,2545,52,,,1,92,,2541,52,,,1,89,,2542,52,,,1,92,,2543,52,,,1,49,,2544,52,,,1
41700,'24612.1',835,,9233,59,,,1,1,,9234,59,,,1
52201,'1',904,,9328,11,,,1,121,,9323,11,,,1,119,,9324,11,,,1,159,,9325,11,,,1,119,,9326,11,,,1,120,,9327,11,,,1,159,,9330,11,,,1
