8500,'1',623,,29617,41,,,1,16,,29618,41,,,1,16,,29619,41,,,1,56,,29620,41,,,1,16,,29621,41,,,1,20,,29622,41,,,1,56,,29623,41,,,1,16,,29624,41,,,1,16,,29625,41,,,1,16,,29626,41,,,1,56,,29627,41,,,1,10,,29628,40,,,1,16,,29629,40,,,1,25,,29630,40,,,1,65,,29631,40,,,1,20,,29632,40,,,1,65,,29633,40,,,1,25,,29634,40,,,1,25,,29635,40,,,1,65,,29636,40,,,1,26,,29637,40,,,1,65,,29638,40,,,1,26,,29639,40,,,1,65,,29640,40,,,1,20,,29641,40,,,1,16,,29668,26,,,1,18,,29642,26,,,1,60,,29643,26,,,1,16,,29644,26,,,1,17,,29645,26,,,1,56,,29646,26,,,1,24,,29647,27,,,1,13,,29648,27,,,1,56,,29649,27,,,1,16,,29650,27,,,1,18,,29651,27,,,1,16,,29652,27,,,1,56,,29653,27,,,1,16,,29654,27,,,1,10,,29655,27,,,1,16,,29656,27,,,1,56,,29657,27,,,1,16,,29658,27,,,1,16,,29659,27,,,1,13,,29660,26,,,1,65,,29661,26,,,1,27,,29662,26,,,1,65,,29663,26,,,1,32,,29664,26,,,1,72,,29665,26,,,1,32,,29666,26,,,1,72,,29667,26,,,1
8500,'2',700,,29697,40,,,1,30,,29698,40,,,1,70,,29699,40,,,1,28,,29700,40,,,1,75,,29701,40,,,1,30,,29702,40,,,1,70,,29703,40,,,1,34,,29704,40,,,1,70,,29705,40,,,1,31,,29669,40,,,1,62,,29670,40,,,1,25,,29671,40,,,1,23,,29672,40,,,1,63,,29673,40,,,1,23,,29674,40,,,1,23,,29675,40,,,1,63,,29676,40,,,1,23,,29677,40,,,1,63,,29678,40,,,1,23,,29679,40,,,1,23,,29680,40,,,1,63,,29681,40,,,1,23,,29682,40,,,1,63,,29683,40,,,1,21,,29684,40,,,1,21,,29685,40,,,1,57,,29686,40,,,1,21,,29687,40,,,1,21,,29688,40,,,1,61,,29689,40,,,1,21,,29690,40,,,1,21,,29691,40,,,1,59,,29692,40,,,1,21,,29693,40,,,1,21,,29694,40,,,1,61,,29695,40,,,1,21,,29696,40,,,1,30,,29706,40,,,1,70,,29707,40,,,1,30,,29708,40,,,1
8500,'3',835,,29726,12,,,1,80,,29727,12,,,1,39,,29709,40,,,1,80,,29710,40,,,1,81,,29711,40,,,1,40,,29712,40,,,1,91,,29713,40,,,1,83,,29714,40,,,1,83,,29715,40,,,1,43,,29716,40,,,1,82,,29717,40,,,1,83,,29718,40,,,1,83,,29719,40,,,1,34,,29720,40,,,1,81,,29721,40,,,1,85,,29722,40,,,1,37,,29723,40,,,1,81,,29724,40,,,1,81,,29725,40,,,1
8500,'74',700,,29756,40,,,1,30,,29757,40,,,1,70,,29758,40,,,1,28,,29759,40,,,1,75,,29760,40,,,1,30,,29761,40,,,1,70,,29762,40,,,1,34,,29763,40,,,1,70,,29764,40,,,1,31,,29728,40,,,1,62,,29729,40,,,1,25,,29730,40,,,1,23,,29731,40,,,1,63,,29732,40,,,1,23,,29733,40,,,1,23,,29734,40,,,1,63,,29735,40,,,1,23,,29736,40,,,1,63,,29737,40,,,1,23,,29738,40,,,1,23,,29739,40,,,1,63,,29740,40,,,1,23,,29741,40,,,1,63,,29742,40,,,1,21,,29743,40,,,1,21,,29744,40,,,1,57,,29745,40,,,1,21,,29746,40,,,1,21,,29747,40,,,1,61,,29748,40,,,1,21,,29749,40,,,1,21,,29750,40,,,1,59,,29751,40,,,1,21,,29752,40,,,1,21,,29753,40,,,1,61,,29754,40,,,1,21,,29755,40,,,1,30,,29765,40,,,1,70,,29766,40,,,1,30,,29767,40,,,1
8500,'80',835,,29785,12,,,1,80,,29786,12,,,1,39,,29768,40,,,1,80,,29769,40,,,1,81,,29770,40,,,1,40,,29771,40,,,1,91,,29772,40,,,1,83,,29773,40,,,1,83,,29774,40,,,1,43,,29775,40,,,1,82,,29776,40,,,1,83,,29777,40,,,1,83,,29778,40,,,1,34,,29779,40,,,1,81,,29780,40,,,1,85,,29781,40,,,1,37,,29782,40,,,1,81,,29783,40,,,1,81,,29784,40,,,1
10501,'1',2149,,32072,8,,,1,65,,32066,8,,,1,29,,32062,8,,,1,69,,32067,8,,,1,28,,32063,8,,,1,69,,32064,8,,,1,29,,32065,8,,,1
10501,'2',536,,32075,8,,,1,72,,32076,8,,,1,32,,32077,8,,,1,73,,32078,8,,,1,32,,32079,8,,,1,72,,32080,8,,,1,33,,32081,8,,,1,72,,32082,8,,,1,36,,32083,8,,,1,76,,32084,8,,,1,76,,32085,8,,,1,36,,32086,8,,,1,76,,32087,8,,,1,36,,32088,8,,,1,76,,32089,8,,,1,76,,32090,8,,,1,36,,32091,8,,,1,76,,32092,8,,,1,36,,32093,8,,,1,75,,32094,8,,,1,76,,32095,8,,,1,36,,32096,8,,,1,76,,32097,8,,,1,36,,32098,8,,,1,76,,32099,8,,,1,76,,32100,8,,,1,36,,32101,8,,,1,76,,32102,8,,,1,36,,32103,8,,,1,67,,32107,8,0,107 108,1,35,,32104,8,,,1,142,,32105,8,,,1,55,,32106,8,,,1
10501,'3',745,,32109,8,,,1,73,,32108,8,,,1,35,,32111,8,,,1,74,,32112,8,,,1,74,,32113,8,,,1,33,,32114,8,,,1,74,,32115,8,,,1,34,,32116,8,,,1,74,,32117,8,,,1,34,,32118,8,,,1,74,,32119,8,,,1,34,,32120,8,,,1,74,,32121,8,,,1,74,,32122,8,,,1,34,,32123,8,,,1,74,,32124,8,,,1,34,,32125,8,,,1,74,,32126,8,,,1,34,,32127,8,,,1,75,,32128,8,,,1,74,,32129,8,,,1,34,,32130,8,,,1,74,,32131,8,,,1,34,,32132,8,,,1,73,,32133,8,,,1,34,,32134,8,,,1,99,,32135,8,,,1,99,,32136,8,,,1,94,,32110,8,0,107 108,1
10501,'74',536,,32137,8,,,1,72,,32138,8,,,1,32,,32139,8,,,1,73,,32140,8,,,1,32,,32141,8,,,1,72,,32142,8,,,1,33,,32143,8,,,1,72,,32144,8,,,1,36,,32145,8,,,1,76,,32146,8,,,1,76,,32147,8,,,1,36,,32148,8,,,1,76,,32149,8,,,1,36,,32150,8,,,1,76,,32151,8,,,1,76,,32152,8,,,1,36,,32153,8,,,1,76,,32154,8,,,1,36,,32155,8,,,1,75,,32156,8,,,1,76,,32157,8,,,1,36,,32158,8,,,1,76,,32159,8,,,1,36,,32160,8,,,1,76,,32161,8,,,1,76,,32162,8,,,1,36,,32163,8,,,1,76,,32164,8,,,1,36,,32165,8,,,1,67,,32169,8,0,107 108,1,35,,32166,8,,,1,142,,32167,8,,,1,55,,32168,8,,,1
10501,'80',745,,32171,8,,,1,73,,32170,8,,,1,35,,32173,8,,,1,74,,32174,8,,,1,74,,32175,8,,,1,33,,32176,8,,,1,74,,32177,8,,,1,34,,32178,8,,,1,74,,32179,8,,,1,34,,32180,8,,,1,74,,32181,8,,,1,34,,32182,8,,,1,74,,32183,8,,,1,74,,32184,8,,,1,34,,32185,8,,,1,74,,32186,8,,,1,34,,32187,8,,,1,74,,32188,8,,,1,34,,32189,8,,,1,75,,32190,8,,,1,74,,32191,8,,,1,34,,32192,8,,,1,74,,32193,8,,,1,34,,32194,8,,,1,73,,32195,8,,,1,34,,32196,8,,,1,99,,32197,8,,,1,99,,32198,8,,,1,94,,32172,8,0,107 108,1
