9600,'1',619,,6908,21,,,1,82,,6907,21,,,1,31,,6906,21,,,1,77,,6905,21,,,1,27,,6904,21,,,1,79,,6901,21,,,1,34,,6902,21,,,1,70,,6903,21,,,1,32,,6916,21,,,1,70,,6915,21,,,1,79,,6909,21,,,1,39,,6910,21,,,1,79,,6911,21,,,1,83,,6912,21,,,1,25,,6913,21,,,1,85,,6914,21,,,1,43,,6922,21,,,1,67,,6921,21,,,1,29,,6920,21,,,1,68,,6917,21,,,1,27,,6918,21,,,1,62,,6919,21,,,1,27,,6925,21,,,1,24,,6926,21,,,1,53,,6936,21,,,1,14,,6924,21,,,1,25,,6923,21,,,1,74,,6933,21,,,1,30,,6932,21,,,1,55,,6935,21,,,1,15,,6927,21,,,1,30,,6928,21,,,1,70,,6929,21,,,1,30,,6930,21,,,1,70,,6931,21,,,1,17,,6934,21,,,1
9600,'2',943,,6937,21,,,1,99,,6938,21,,,1,99,,6939,21,,,1,99,,6940,21,,,1,99,,6941,21,,,1,99,,6942,21,,,1,98,,6943,21,,,1,99,,6944,21,,,1,96,,6945,21,,,1,97,,6946,21,,,1,87,,6947,21,,,1,87,,6948,21,,,1,57,,6949,21,,,1
9600,'3',1036,,6950,21,,,1,94,,6951,21,,,1,94,,6952,21,,,1,94,,6953,21,,,1,94,,6954,21,,,1,94,,6955,21,,,1,94,,6956,21,,,1,54,,6957,21,,,1,93,,6958,21,,,1,94,,6959,21,,,1,94,,6960,21,,,1,93,,6961,21,,,1
9600,'80',1036,,6962,21,,,1,94,,6963,21,,,1,94,,6964,21,,,1,94,,6965,21,,,1,94,,6966,21,,,1,94,,6967,21,,,1,94,,6968,21,,,1,54,,6969,21,,,1,93,,6970,21,,,1,94,,6971,21,,,1,94,,6972,21,,,1,93,,6973,21,,,1
9600,'81',1036,,6974,21,,,1,94,,6975,21,,,1,94,,6976,21,,,1,94,,6977,21,,,1,94,,6978,21,,,1,94,,6979,21,,,1,94,,6980,21,,,1,54,,6981,21,,,1,93,,6982,21,,,1,94,,6983,21,,,1,94,,6984,21,,,1,93,,6985,21,,,1
10700,'1',458,,7861,21,,,1,64,,7860,21,,,1,24,,7859,21,,,1,64,,7858,21,,,1,20,,7857,21,,,1,16,,7856,21,,,1,61,,7855,21,,,1,11,,7854,21,,,1,16,,7853,21,,,1,19,,7852,21,,,1,56,,7851,21,,,1,12,,7850,21,,,1,16,,7849,21,,,1,16,,7848,21,,,1,55,,7847,21,,,1,42,,7846,21,,,1,82,,7845,21,,,1,82,,7844,21,,,1,42,,7843,21,,,1,85,,7842,21,,,1,81,,7841,21,,,1,82,,7840,21,,,1,21,,7839,21,,,1,18,,7838,21,,,1,58,,7889,21,,,1,19,,7888,21,,,1,19,,7887,21,,,1,18,,7886,21,,,1,58,,7885,21,,,1,24,,7884,21,,,1,16,,7883,21,,,1,58,,7882,21,,,1,16,,7881,21,,,1,20,,7880,21,,,1,56,,7879,21,,,1,18,,7878,21,,,1,14,,7877,21,,,1,18,,7876,21,,,1,78,,7875,21,,,1,81,,7874,21,,,1,38,,7873,21,,,1,80,,7872,21,,,1,74,,7871,21,,,1,34,,7870,21,,,1,74,,7869,21,,,1,34,,7868,21,,,1,74,,7867,21,,,1,34,,7866,21,,,1,74,,7865,21,,,1,74,,7864,21,,,1,30,,7863,21,,,1,74,,7862,21,,,1
10700,'2',633,,7892,21,,,1,78,,7891,21,,,1,37,,7890,21,,,1,77,,7893,21,,,1,77,,7894,21,,,1,37,,7895,21,,,1,77,,7896,21,,,1,37,,7897,21,,,1,77,,7898,21,,,1,77,,7899,21,,,1,36,,7900,21,,,1,77,,7901,21,,,1,37,,7902,21,,,1,77,,7903,21,,,1,77,,7904,21,,,1,37,,7905,21,,,1,75,,7906,21,,,1,77,,7907,21,,,1,37,,7908,21,,,1,77,,7909,21,,,1,37,,7910,21,,,1,77,,7911,21,,,1,77,,7912,21,,,1,37,,7913,21,,,1,77,,7914,21,,,1,37,,7915,21,,,1,77,,7916,21,,,1,77,,7917,21,,,1,37,,7918,21,,,1,77,,7919,21,,,1,77,,7920,21,,,1,36,,7921,21,,,1,77,,7923,21,,,1,37,,7922,21,,,1
10700,'3',822,,7937,21,,,1,37,,7938,21,,,1,77,,7939,21,,,1,77,,7940,21,,,1,37,,7941,21,,,1,77,,7942,21,,,1,77,,7943,21,,,1,37,,7944,21,,,1,77,,7945,21,,,1,37,,7946,21,,,1,76,,7947,21,,,1,77,,7948,21,,,1,37,,7952,21,,,1,77,,7951,21,,,1,37,,7953,21,,,1,77,,7954,21,,,1,77,,7955,21,,,1,37,,7956,21,,,1,77,,7924,21,,,1,77,,7925,21,,,1,37,,7926,21,,,1,77,,7949,21,,,1,37,,7927,21,,,1,77,,7928,21,,,1,77,,7929,21,,,1,37,,7930,21,,,1,77,,7931,21,,,1,77,,7932,21,,,1,37,,7933,21,,,1,77,,7950,21,,,1,37,,7934,21,,,1
10700,'80',822,,7970,21,,,1,37,,7971,21,,,1,77,,7972,21,,,1,77,,7973,21,,,1,37,,7974,21,,,1,77,,7975,21,,,1,77,,7976,21,,,1,37,,7977,21,,,1,77,,7978,21,,,1,37,,7979,21,,,1,76,,7980,21,,,1,77,,7981,21,,,1,37,,7985,21,,,1,77,,7984,21,,,1,37,,7986,21,,,1,77,,7987,21,,,1,77,,7988,21,,,1,37,,7989,21,,,1,77,,7957,21,,,1,77,,7958,21,,,1,37,,7959,21,,,1,77,,7982,21,,,1,37,,7960,21,,,1,77,,7961,21,,,1,77,,7962,21,,,1,37,,7963,21,,,1,77,,7964,21,,,1,77,,7965,21,,,1,37,,7966,21,,,1,77,,7983,21,,,1,37,,7967,21,,,1
10700,'81',822,,7995,21,,,1,37,,7996,21,,,1,77,,7997,21,,,1,77,,7998,21,,,1,37,,7999,21,,,1,77,,8000,21,,,1,77,,8001,21,,,1,37,,8002,21,,,1,77,,8003,21,,,1,37,,8004,21,,,1,76,,8005,21,,,1,77,,8006,21,,,1,37,,8009,21,,,1,77,,8008,21,,,1,37,,8010,21,,,1,77,,8011,21,,,1,77,,8012,21,,,1,37,,8013,21,,,1,77,,7990,21,,,1,77,,7991,21,,,1,37,,7992,21,,,1,77,,8007,21,,,1,37,,8014,21,,,1,77,,8015,21,,,1,77,,8016,21,,,1,37,,8017,21,,,1,77,,8018,21,,,1,77,,8019,21,,,1,37,,8020,21,,,1,77,,8022,21,,,1,37,,8021,21,,,1
