5000,'1',617,,4159,53,,,1,35,,4158,53,,,1,67,,4157,53,,,1,31,,4156,53,,,1,65,,4155,53,,,1,29,,4154,53,,,1,66,,4150,53,,,1,27,,4151,53,,,1,67,,4152,53,,,1,28,,4153,53,,,1,82,,4168,53,,,1,31,,4167,53,,,1,69,,4166,53,,,1,31,,4160,53,,,1,70,,4161,53,,,1,28,,4162,53,,,1,69,,4163,53,,,1,32,,4164,53,,,1,67,,4165,53,,,1,21,,4179,53,,,1,69,,4178,53,,,1,28,,4177,53,,,1,19,,4176,53,,,1,76,,4169,53,,,1,26,,4170,53,,,1,68,,4171,53,,,1,28,,4172,53,,,1,64,,4173,53,,,1,34,,4174,53,,,1,59,,4175,53,,,1,25,,4185,53,,,1,77,,4184,53,,,1,37,,4180,53,,,1,74,,4181,53,,,1,37,,4182,53,,,1,77,,4183,53,,,1
5000,'2',647,,4186,53,,,1,77,,4187,53,,,1,80,,4188,53,,,1,37,,4189,53,,,1,77,,4190,53,,,1,41,,4191,53,,,1,80,,4192,53,,,1,80,,4193,53,,,1,40,,4194,53,,,1,80,,4195,53,,,1,82,,4196,53,,,1,80,,4197,53,,,1,40,,4198,53,,,1,80,,4199,53,,,1,38,,4200,53,,,1,80,,4201,53,,,1,79,,4202,53,,,1,40,,4203,53,,,1,76,,4204,53,,,1,76,,4205,53,,,1,36,,4206,53,,,1,76,,4207,53,,,1,36,,4208,53,,,1,76,,4209,53,,,1,76,,4210,53,,,1,34,,4211,53,,,1,76,,4212,53,,,1
5000,'3',648,,4213,53,,,1,88,,4214,53,,,1,88,,4215,53,,,1,88,,4216,53,,,1,88,,4217,53,,,1,48,,4218,53,,,1,92,,4219,53,,,1,90,,4220,53,,,1,92,,4221,53,,,1,90,,4222,53,,,1,90,,4223,53,,,1,49,,4224,53,,,1,90,,4225,53,,,1,87,,4226,53,,,1,87,,4227,53,,,1,87,,4228,53,,,1,47,,4229,53,,,1,84,,4230,53,,,1,81,,4231,53,,,1,43,,4232,53,,,1,83,,4233,53,,,1,83,,4234,53,,,1
5000,'80',648,,4235,53,,,1,88,,4236,53,,,1,88,,4237,53,,,1,88,,4238,53,,,1,88,,4239,53,,,1,48,,4240,53,,,1,92,,4241,53,,,1,90,,4242,53,,,1,92,,4243,53,,,1,90,,4244,53,,,1,90,,4245,53,,,1,49,,4246,53,,,1,90,,4247,53,,,1,87,,4248,53,,,1,87,,4249,53,,,1,87,,4250,53,,,1,47,,4251,53,,,1,84,,4252,53,,,1,81,,4253,53,,,1,43,,4254,53,,,1,83,,4255,53,,,1,83,,4256,53,,,1
5000,'81',648,,4257,53,,,1,88,,4258,53,,,1,88,,4259,53,,,1,88,,4260,53,,,1,88,,4261,53,,,1,48,,4262,53,,,1,92,,4263,53,,,1,90,,4264,53,,,1,92,,4265,53,,,1,90,,4266,53,,,1,90,,4267,53,,,1,49,,4268,53,,,1,90,,4269,53,,,1,87,,4270,53,,,1,87,,4271,53,,,1,87,,4272,53,,,1,47,,4273,53,,,1,84,,4274,53,,,1,81,,4275,53,,,1,43,,4276,53,,,1,83,,4277,53,,,1,83,,4278,53,,,1
5001,'1',433,,4279,56,,,1,83,,4280,56,,,1,41,,4281,56,,,1,78,,4282,56,,,1,69,,4283,56,,,1,27,,4284,56,,,1,73,,4285,56,,,1,21,,4286,56,,,1,31,,4287,56,,,1,65,,4288,56,,,1,23,,4289,56,,,1,69,,4290,56,,,1,30,,4291,56,,,1,70,,4292,56,,,1,28,,4293,56,,,1,70,,4294,56,,,1,32,,4295,56,,,1,67,,4296,56,,,1,32,,4297,56,,,1,70,,4298,56,,,1,30,,4299,56,,,1,71,,4300,56,,,1,25,,4301,56,,,1,72,,4302,56,,,1,29,,4303,56,,,1,62,,4304,56,,,1,27,,4305,56,,,1,28,,4306,56,,,1,68,,4307,56,,,1,28,,4308,56,,,1,64,,4309,56,,,1,38,,4310,56,,,1,77,,4311,56,,,1,77,,4312,56,,,1,36,,4313,56,,,1,77,,4314,56,,,1,37,,4315,56,,,1
5001,'2',655,,4339,56,,,1,77,,4332,56,,,1,77,,4316,56,,,1,37,,4317,56,,,1,77,,4318,56,,,1,81,,4331,56,,,1,40,,4330,56,,,1,80,,4319,56,,,1,80,,4320,56,,,1,40,,4321,56,,,1,80,,4322,56,,,1,78,,4323,56,,,1,40,,4324,56,,,1,80,,4325,56,,,1,80,,4326,56,,,1,39,,4327,56,,,1,80,,4328,56,,,1,80,,4329,56,,,1,37,,4338,56,,,1,76,,4337,56,,,1,36,,4333,56,,,1,76,,4334,56,,,1,76,,4335,56,,,1,33,,4336,56,,,1,76,,4340,56,,,1,36,,4341,56,,,1,76,,4342,56,,,1
5001,'3',720,,4347,56,,,1,88,,4343,56,,,1,48,,4344,56,,,1,89,,4345,56,,,1,88,,4346,56,,,1,92,,4354,56,,,1,90,,4353,56,,,1,91,,4348,56,,,1,50,,4349,56,,,1,90,,4350,56,,,1,90,,4351,56,,,1,92,,4352,56,,,1,84,,4359,56,,,1,47,,4358,56,,,1,86,,4355,56,,,1,87,,4356,56,,,1,86,,4357,56,,,1,84,,4363,56,,,1,44,,4362,56,,,1,82,,4360,56,,,1,83,,4361,56,,,1
5001,'80',720,,4368,56,,,1,88,,4364,56,,,1,48,,4365,56,,,1,89,,4366,56,,,1,88,,4367,56,,,1,92,,4375,56,,,1,90,,4374,56,,,1,91,,4369,56,,,1,50,,4370,56,,,1,90,,4371,56,,,1,90,,4372,56,,,1,92,,4373,56,,,1,84,,4380,56,,,1,47,,4379,56,,,1,86,,4376,56,,,1,87,,4377,56,,,1,86,,4378,56,,,1,84,,4384,56,,,1,44,,4383,56,,,1,82,,4381,56,,,1,83,,4382,56,,,1
5001,'81',720,,4389,56,,,1,88,,4385,56,,,1,48,,4386,56,,,1,89,,4387,56,,,1,88,,4388,56,,,1,92,,4396,56,,,1,90,,4395,56,,,1,91,,4390,56,,,1,50,,4391,56,,,1,90,,4392,56,,,1,90,,4393,56,,,1,92,,4394,56,,,1,84,,4401,56,,,1,47,,4400,56,,,1,86,,4397,56,,,1,87,,4398,56,,,1,86,,4399,56,,,1,84,,4405,56,,,1,44,,4404,56,,,1,82,,4402,56,,,1,83,,4403,56,,,1
