901,'1',702,,2160,61,,,1,29,,2153,61,,,1,77,,2154,61,,,1,33,,2155,61,,,1,73,,2156,61,,,1,33,,2157,61,,,1,73,,2158,61,,,1,33,,2159,61,,,1,68,,2167,61,,,1,84,,2161,61,,,1,44,,2162,61,,,1,84,,2163,61,,,1,87,,2164,61,,,1,84,,2165,61,,,1,104,,2166,61,,,1,42,,2168,61,,,1,73,,2169,61,,,1,33,,2170,61,,,1,76,,2171,61,,,1,85,,2172,61,,,1,31,,2173,61,,,1,78,,2174,61,,,1,78,,2175,61,,,1,31,,2176,61,,,1
901,'2',808,,2177,61,,,1,47,,2178,61,,,1,87,,2179,61,,,1,87,,2180,61,,,1,87,,2181,61,,,1,87,,2182,61,,,1,47,,2183,61,,,1,87,,2184,61,,,1,87,,2185,61,,,1,87,,2186,61,,,1,47,,2187,61,,,1,87,,2188,61,,,1,87,,2189,61,,,1,87,,2190,61,,,1,87,,2191,61,,,1,47,,2192,61,,,1,87,,2193,61,,,1,87,,2194,61,,,1,87,,2195,61,,,1
901,'3',910,,2196,61,,,1,47,,2197,61,,,1,87,,2198,61,,,1,87,,2199,61,,,1,87,,2200,61,,,1,87,,2201,61,,,1,47,,2202,61,,,1,87,,2203,61,,,1,87,,2204,61,,,1,87,,2205,61,,,1,87,,2206,61,,,1,47,,2207,61,,,1,87,,2208,61,,,1,87,,2209,61,,,1,87,,2210,61,,,1,47,,2211,61,,,1
901,'80',910,,2212,61,,,1,47,,2213,61,,,1,87,,2214,61,,,1,87,,2215,61,,,1,87,,2216,61,,,1,87,,2217,61,,,1,47,,2218,61,,,1,87,,2219,61,,,1,87,,2220,61,,,1,87,,2221,61,,,1,87,,2222,61,,,1,47,,2223,61,,,1,87,,2224,61,,,1,87,,2225,61,,,1,87,,2226,61,,,1,47,,2227,61,,,1
901,'81',910,,2228,61,,,1,47,,2229,61,,,1,87,,2230,61,,,1,87,,2231,61,,,1,87,,2232,61,,,1,87,,2233,61,,,1,47,,2234,61,,,1,87,,2235,61,,,1,87,,2236,61,,,1,87,,2237,61,,,1,87,,2238,61,,,1,47,,2239,61,,,1,87,,2240,61,,,1,87,,2241,61,,,1,87,,2242,61,,,1,47,,2243,61,,,1
1400,'1',539,,2372,49,,,1,67,,2371,49,,,1,29,,2370,49,,,1,72,,2366,49,,,1,30,,2369,49,,,1,73,,2368,49,,,1,22,,2367,49,,,1,77,,2392,49,,,1,28,,2391,46,,,1,74,,2390,46,,,1,34,,2384,46,,,1,75,,2374,46,,,1,34,,2389,46,,,1,73,,2388,46,,,1,73,,2387,46,,,1,33,,2386,46,,,1,73,,2385,46,,,1,37,,2383,49,,,1,72,,2382,49,,,1,36,,2381,49,,,1,71,,2380,49,,,1,37,,2379,49,,,1,72,,2378,49,,,1,75,,2377,49,,,1,35,,2376,49,,,1,66,,2375,49,,,1,29,,2373,46,,,1,76,,2393,46,,,1,41,,2394,46,,,1
30500,'1',604,,8621,6,,,1,25,,8620,6,,,1,25,,8619,6,,,1,67,,8616,6,,,1,23,,8618,6,,,1,65,,8617,6,,,1
30501,'1',1631,,8628,7,,,1,25,,8627,7,,,1,68,,8626,7,,,1,26,,8625,7,,,1,61,,8624,7,,,1,25,,8623,7,,,1,65,,8622,7,,,1
40100,'24611.1',739,,9203,26,,,1
40101,'24611.1',1508,,9204,37,,,1
