9600,'1',621,,6908,22,,,1,82,,6907,22,,,1,31,,6906,22,,,1,77,,6905,22,,,1,27,,6904,22,,,1,79,,6901,22,,,1,34,,6902,22,,,1,70,,6903,22,,,1,32,,6916,22,,,1,70,,6915,22,,,1,79,,6909,22,,,1,39,,6910,22,,,1,79,,6911,22,,,1,83,,6912,22,,,1,25,,6913,22,,,1,85,,6914,22,,,1,43,,6922,22,,,1,67,,6921,22,,,1,29,,6920,22,,,1,68,,6917,22,,,1,27,,6918,22,,,1,62,,6919,22,,,1,27,,6925,22,,,1,64,,6926,22,,,1,13,,6936,22,,,1,13,,6924,22,,,1,25,,6923,22,,,1,74,,6933,22,,,1,30,,6932,22,,,1,55,,6935,22,,,1,15,,6927,22,,,1,30,,6928,22,,,1,70,,6929,22,,,1,30,,6930,22,,,1,70,,6931,22,,,1,17,,6934,22,,,1
9600,'2',944,,6937,22,,,1,99,,6938,22,,,1,99,,6939,22,,,1,99,,6940,22,,,1,99,,6941,22,,,1,99,,6942,22,,,1,98,,6943,22,,,1,99,,6944,22,,,1,96,,6945,22,,,1,97,,6946,22,,,1,87,,6947,22,,,1,87,,6948,22,,,1,97,,6949,22,,,1
9600,'3',1037,,6950,22,,,1,94,,6951,22,,,1,94,,6952,22,,,1,94,,6953,22,,,1,94,,6954,22,,,1,94,,6955,22,,,1,94,,6956,22,,,1,54,,6957,22,,,1,93,,6958,22,,,1,94,,6959,22,,,1,94,,6960,22,,,1,93,,6961,22,,,1
9600,'80',1037,,6962,22,,,1,94,,6963,22,,,1,94,,6964,22,,,1,94,,6965,22,,,1,94,,6966,22,,,1,94,,6967,22,,,1,94,,6968,22,,,1,54,,6969,22,,,1,93,,6970,22,,,1,94,,6971,22,,,1,94,,6972,22,,,1,93,,6973,22,,,1
9600,'81',1037,,6974,22,,,1,94,,6975,22,,,1,94,,6976,22,,,1,94,,6977,22,,,1,94,,6978,22,,,1,94,,6979,22,,,1,94,,6980,22,,,1,54,,6981,22,,,1,93,,6982,22,,,1,94,,6983,22,,,1,94,,6984,22,,,1,93,,6985,22,,,1
10700,'1',459,,7861,22,,,1,64,,7860,22,,,1,24,,7859,22,,,1,64,,7858,22,,,1,21,,7857,22,,,1,16,,7856,22,,,1,61,,7855,22,,,1,11,,7854,22,,,1,16,,7853,22,,,1,19,,7852,22,,,1,56,,7851,22,,,1,12,,7850,22,,,1,15,,7849,22,,,1,16,,7848,22,,,1,55,,7847,22,,,1,42,,7846,22,,,1,82,,7845,22,,,1,82,,7844,22,,,1,42,,7843,22,,,1,85,,7842,22,,,1,81,,7841,22,,,1,28,,7837,1,,,1,54,,7840,22,,,1,21,,7839,22,,,1,18,,7838,22,,,1,58,,7889,22,,,1,19,,7888,22,,,1,20,,7887,22,,,1,18,,7886,22,,,1,58,,7885,22,,,1,24,,7884,22,,,1,16,,7883,22,,,1,58,,7882,22,,,1,16,,7881,22,,,1,20,,7880,22,,,1,56,,7879,22,,,1,18,,7878,22,,,1,13,,7877,22,,,1,18,,7876,22,,,1,78,,7875,22,,,1,81,,7874,22,,,1,38,,7873,22,,,1,80,,7872,22,,,1,74,,7871,22,,,1,34,,7870,22,,,1,74,,7869,22,,,1,34,,7868,22,,,1,74,,7867,22,,,1,34,,7866,22,,,1,74,,7865,22,,,1,74,,7864,22,,,1,30,,7863,22,,,1,74,,7862,22,,,1
10700,'2',634,,7892,22,,,1,78,,7891,22,,,1,37,,7890,22,,,1,77,,7893,22,,,1,77,,7894,22,,,1,37,,7895,22,,,1,77,,7896,22,,,1,37,,7897,22,,,1,77,,7898,22,,,1,77,,7899,22,,,1,36,,7900,22,,,1,77,,7901,22,,,1,37,,7902,22,,,1,77,,7903,22,,,1,77,,7904,22,,,1,37,,7905,22,,,1,75,,7906,22,,,1,77,,7907,22,,,1,37,,7908,22,,,1,77,,7909,22,,,1,37,,7910,22,,,1,77,,7911,22,,,1,77,,7912,22,,,1,37,,7913,22,,,1,77,,7914,22,,,1,37,,7915,22,,,1,77,,7916,22,,,1,77,,7917,22,,,1,37,,7918,22,,,1,77,,7919,22,,,1,77,,7920,22,,,1,36,,7921,22,,,1,77,,7923,22,,,1,37,,7922,22,,,1
10700,'3',718,,7935,1,,,1,37,,7936,1,,,1,68,,7937,22,,,1,77,,7938,22,,,1,37,,7939,22,,,1,77,,7940,22,,,1,37,,7941,22,,,1,77,,7942,22,,,1,77,,7943,22,,,1,37,,7944,22,,,1,77,,7945,22,,,1,37,,7946,22,,,1,76,,7947,22,,,1,77,,7948,22,,,1,37,,7952,22,,,1,77,,7951,22,,,1,77,,7953,22,,,1,37,,7954,22,,,1,77,,7955,22,,,1,37,,7956,22,,,1,77,,7924,22,,,1,77,,7925,22,,,1,37,,7926,22,,,1,77,,7949,22,,,1,37,,7927,22,,,1,77,,7928,22,,,1,77,,7929,22,,,1,37,,7930,22,,,1,77,,7931,22,,,1,77,,7932,22,,,1,37,,7933,22,,,1,77,,7950,22,,,1,37,,7934,22,,,1
10700,'80',718,,7968,1,,,1,37,,7969,1,,,1,68,,7970,22,,,1,77,,7971,22,,,1,37,,7972,22,,,1,77,,7973,22,,,1,37,,7974,22,,,1,77,,7975,22,,,1,77,,7976,22,,,1,37,,7977,22,,,1,77,,7978,22,,,1,37,,7979,22,,,1,76,,7980,22,,,1,77,,7981,22,,,1,37,,7985,22,,,1,77,,7984,22,,,1,77,,7986,22,,,1,37,,7987,22,,,1,77,,7988,22,,,1,37,,7989,22,,,1,77,,7957,22,,,1,77,,7958,22,,,1,37,,7959,22,,,1,77,,7982,22,,,1,37,,7960,22,,,1,77,,7961,22,,,1,77,,7962,22,,,1,37,,7963,22,,,1,77,,7964,22,,,1,77,,7965,22,,,1,37,,7966,22,,,1,77,,7983,22,,,1,37,,7967,22,,,1
10700,'81',718,,7993,1,,,1,37,,7994,1,,,1,68,,7995,22,,,1,77,,7996,22,,,1,37,,7997,22,,,1,77,,7998,22,,,1,37,,7999,22,,,1,77,,8000,22,,,1,77,,8001,22,,,1,37,,8002,22,,,1,77,,8003,22,,,1,37,,8004,22,,,1,76,,8005,22,,,1,77,,8006,22,,,1,37,,8009,22,,,1,77,,8008,22,,,1,77,,8010,22,,,1,37,,8011,22,,,1,77,,8012,22,,,1,37,,8013,22,,,1,77,,7990,22,,,1,77,,7991,22,,,1,37,,7992,22,,,1,77,,8007,22,,,1,37,,8014,22,,,1,77,,8015,22,,,1,77,,8016,22,,,1,37,,8017,22,,,1,77,,8018,22,,,1,77,,8019,22,,,1,37,,8020,22,,,1,77,,8022,22,,,1,37,,8021,22,,,1
46200,'24610.1',724,,9296,1,,,1
