100,'1',343,,23457,1,,,1,78,,23456,1,,,1,31,,23455,1,,,1,80,,23483,16,,,1,78,,23482,16,,,1,34,,23480,16,,,1,73,,23481,16,,,1,33,,23479,16,,,1,75,,23478,16,,,1,75,,23477,16,,,1,111,,23476,16,,,1,113,,23475,16,,,1,112,,23474,16,,,1,114,,23473,16,,,1,87,,23484,16,,,1,75,,23472,16,,,1,31,,23471,16,,,1,77,,23470,16,,,1,31,,23469,16,,,1,74,,23468,16,,,1,34,,23467,16,,,1,73,,23466,16,,,1,68,,23465,16,,,1,58,,23464,16,,,1,147,,23463,16,,,1,100,,23462,16,,,1,54,,23461,16,,,1,98,,23460,16,,,1,89,,23459,16,,,1,95,,23458,16,,,1
100,'74',542,,23507,1,,,1,94,,23485,16,,,1,103,,23486,16,,,1,105,,23487,16,,,1,103,,23488,16,,,1,104,,23489,16,,,1,93,,23490,16,,,1,87,,23491,16,,,1,98,,23492,16,,,1,92,,23493,16,,,1,92,,23494,16,,,1,92,,23495,16,,,1,51,,23496,16,,,1,92,,23497,16,,,1,93,,23498,16,,,1,88,,23499,16,,,1,92,,23500,16,,,1,92,,23501,16,,,1,97,,23502,16,,,1,97,,23503,16,,,1,95,,23504,16,,,1,56,,23505,16,,,1,97,,23506,16,,,1
100,'80',732,,23523,1,,,1,90,,23508,16,,,1,114,,23509,16,,,1,114,,23510,16,,,1,152,,23511,16,,,1,113,,23512,16,,,1,112,,23513,16,,,1,110,,23514,16,,,1,112,,23515,16,,,1,152,,23516,16,,,1,111,,23517,16,,,1,99,,23518,16,,,1,99,,23519,16,,,1,99,,23520,16,,,1,96,,23521,16,,,1,99,,23522,16,,,1
100,'35296.2',542,,23546,1,,,1,94,,23524,16,,,1,103,,23525,16,,,1,105,,23526,16,,,1,103,,23527,16,,,1,104,,23528,16,,,1,93,,23529,16,,,1,87,,23530,16,,,1,98,,23531,16,,,1,92,,23532,16,,,1,92,,23533,16,,,1,92,,23534,16,,,1,51,,23535,16,,,1,92,,23536,16,,,1,93,,23537,16,,,1,88,,23538,16,,,1,92,,23539,16,,,1,92,,23540,16,,,1,97,,23541,16,,,1,97,,23542,16,,,1,95,,23543,16,,,1,56,,23544,16,,,1,97,,23545,16,,,1
100,'35296.3',732,,23562,1,,,1,90,,23547,16,,,1,114,,23548,16,,,1,114,,23549,16,,,1,152,,23550,16,,,1,113,,23551,16,,,1,112,,23552,16,,,1,110,,23553,16,,,1,112,,23554,16,,,1,152,,23555,16,,,1,111,,23556,16,,,1,99,,23557,16,,,1,99,,23558,16,,,1,99,,23559,16,,,1,96,,23560,16,,,1,99,,23561,16,,,1
100,'35298.2',542,,23615,1,,,1,94,,23614,16,,,1,77,,23563,16,,,1,17,,23564,16,,,1,19,,23565,16,,,1,57,,23566,16,,,1,17,,23567,16,,,1,17,,23568,16,,,1,17,,23569,16,,,1,57,,23570,16,,,1,17,,23571,16,,,1,17,,23572,16,,,1,57,,23573,16,,,1,18,,23574,16,,,1,17,,23575,16,,,1,17,,23576,16,,,1,57,,23577,16,,,1,18,,23578,16,,,1,17,,23579,16,,,1,57,,23580,16,,,1,17,,23581,16,,,1,18,,23582,16,,,1,17,,23583,16,,,1,57,,23584,16,,,1,17,,23585,16,,,1,17,,23586,16,,,1,57,,23587,16,,,1,17,,23588,16,,,1,17,,23589,16,,,1,17,,23590,16,,,1,57,,23591,16,,,1,17,,23592,16,,,1,17,,23593,16,,,1,57,,23594,16,,,1,16,,23595,16,,,1,17,,23596,16,,,1,17,,23597,16,,,1,57,,23598,16,,,1,17,,23599,16,,,1,17,,23600,16,,,1,57,,23601,16,,,1,18,,23602,16,,,1,17,,23603,16,,,1,17,,23604,16,,,1,57,,23605,16,,,1,17,,23606,16,,,1,92,,23607,16,,,1,92,,23608,16,,,1,97,,23609,16,,,1,97,,23610,16,,,1,95,,23611,16,,,1,56,,23612,16,,,1,97,,23613,16,,,1
100,'35298.3',712,,23616,16,,,1,17,,23617,16,,,1,17,,23618,16,,,1,57,,23619,16,,,1,17,,23620,16,,,1,17,,23621,16,,,1,17,,23622,16,,,1,59,,23623,16,,,1,17,,23624,16,,,1,17,,23625,16,,,1,57,,23626,16,,,1,19,,23627,16,,,1,17,,23628,16,,,1,17,,23629,16,,,1,57,,23630,16,,,1,17,,23631,16,,,1,17,,23632,16,,,1,57,,23633,16,,,1,17,,23634,16,,,1,17,,23635,16,,,1,18,,23636,16,,,1,57,,23637,16,,,1,17,,23638,16,,,1,17,,23639,16,,,1,57,,23640,16,,,1,17,,23641,16,,,1,17,,23642,16,,,1,17,,23643,16,,,1,57,,23644,16,,,1,15,,23645,16,,,1,17,,23646,16,,,1,57,,23647,16,,,1,17,,23648,16,,,1,17,,23649,16,,,1,17,,23650,16,,,1,57,,23651,16,,,1,17,,23652,16,,,1,17,,23653,16,,,1,57,,23654,16,,,1,17,,23655,16,,,1,17,,23656,16,,,1,17,,23657,16,,,1,56,,23658,16,,,1,103,,23659,16,,,1,99,,23660,16,,,1,99,,23661,16,,,1,96,,23662,16,,,1,99,,23663,16,,,1
30000,'1',751,,32934,7,,,1,57,,32933,7,,,1,13,,32932,7,,,1,11,,32935,7,,,1,10,,32936,7,,,1,11,,32937,7,,,1,51,,32938,7,,,1,11,,32939,7,,,1,11,,32940,7,,,1,11,,32941,7,,,1,11,,32942,7,,,1
900200,'1',621,,36759,53,,,1,19,,36760,53,,,1,19,,36761,53,,,1,59,,36762,53,,,1,20,,36763,53,,,1,67,,36764,53,,,1,29,,36765,53,,,1,23,,36766,53,,,1,55,,36767,53,,,1,23,,36768,53,,,1,68,,36769,53,,,1,21,,36770,53,,,1,18,,36771,53,,,1
900201,'1',516,,36796,11,,,1,19,,36797,11,,,1,19,,36798,11,,,1,59,,36799,11,,,1,992,,36800,25,,,1,23,,36801,25,,,1,23,,36802,25,,,1,63,,36803,25,,,1,23,,36804,25,,,1,21,,36805,25,,,1,63,,36806,25,,,1,22,,36807,25,,,1,63,,36811,25,,,1,17,,36808,25,,,1,19,,36809,25,,,1,59,,36810,25,,,1
