8800,'152.0.1',551,,5869,4,,1,55,,5870,4,,1,17,,5871,4,,1,8,,5813,4,,1,15,,5814,4,,1,59,,5815,4,,1,15,,5816,4,,1,21,,5817,4,,1,15,,5818,4,,1,57,,5819,4,,1,18,,5820,4,,1,7,,5872,4,,1,7,,5821,4,,1,14,,5822,4,,1,54,,5823,4,,1,11,,5824,4,,1,14,,5825,4,,1,14,,5826,4,,1,51,,5827,4,,1,14,,5828,4,,1,14,,5829,4,,1,14,,5830,4,,1,14,,5831,4,,1,54,,5832,4,,1,14,,5833,4,,1,77,,5834,4,,1,37,,5835,4,,1,83,,5836,4,,1,77,,5837,4,,1,47,,5838,4,,1,8,,5839,4,,1,55,,5840,4,,1,15,,5841,4,,1,18,,5842,4,,1,15,,5843,4,,1,60,,5844,4,,1,15,,5845,4,,1,15,,5846,4,,1,55,,5847,4,,1,17,,5848,4,,1,13,,5849,4,,1,15,,5850,4,,1,55,,5851,4,,1,12,,5852,4,,1,15,,5853,4,,1,9,,5854,4,,1,15,,5855,4,,1,51,,5856,4,,1,14,,5857,4,,1,11,,5858,4,,1,14,,5859,4,,1,11,,5860,4,,1,54,,5861,4,,1,14,,5862,4,,1,14,,5863,4,,1,14,,5864,4,,1,81,,5865,4,,1,75,,5866,4,,1,41,,5867,4,,1,81,,5868,4,,1,29,,5873,4,,1
8800,'152.0.2',540,,5908,4,,1,69,,5909,4,,1,29,,5910,4,,1,69,,5911,4,,1,27,,5874,4,,1,69,,5875,4,,1,42,,5881,4,,1,74,,5880,4,,1,34,,5876,4,,1,72,,5877,4,,1,78,,5878,4,,1,34,,5879,4,,1,83,,5897,4,,1,29,,5882,4,,1,69,,5883,4,,1,29,,5884,4,,1,69,,5885,4,,1,29,,5886,4,,1,69,,5887,4,,1,29,,5888,4,,1,67,,5889,4,,1,29,,5890,4,,1,69,,5891,4,,1,29,,5892,4,,1,69,,5893,4,,1,29,,5894,4,,1,69,,5895,4,,1,29,,5896,4,,1,21,,5907,4,,1,66,,5906,4,,1,24,,5905,4,,1,64,,5898,4,,1,27,,5899,4,,1,23,,5900,4,,1,66,,5901,4,,1,26,,5902,4,,1,62,,5903,4,,1,26,,5904,4,,1
8800,'152.0.3',735,,5940,4,,1,71,,5941,4,,1,31,,5942,4,,1,69,,5914,4,,1,31,,5912,4,,1,71,,5913,4,,1,39,,5919,4,,1,75,,5918,4,,1,35,,5915,4,,1,75,,5916,4,,1,78,,5917,4,,1,35,,5930,4,,1,69,,5920,4,,1,32,,5921,4,,1,69,,5922,4,,1,29,,5923,4,,1,69,,5924,4,,1,31,,5925,4,,1,69,,5926,4,,1,29,,5927,4,,1,65,,5928,4,,1,27,,5929,4,,1,25,,5939,4,,1,66,,5938,4,,1,23,,5937,4,,1,65,,5931,4,,1,25,,5932,4,,1,63,,5933,4,,1,25,,5934,4,,1,25,,5935,4,,1,59,,5936,4,,1
8800,'152.0.80',735,,5943,4,,1,71,,5944,4,,1,31,,5945,4,,1,69,,5948,4,,1,31,,5946,4,,1,71,,5947,4,,1,39,,5953,4,,1,75,,5952,4,,1,35,,5949,4,,1,75,,5950,4,,1,78,,5951,4,,1,35,,5964,4,,1,69,,5954,4,,1,32,,5955,4,,1,69,,5956,4,,1,29,,5957,4,,1,69,,5958,4,,1,31,,5959,4,,1,69,,5960,4,,1,29,,5961,4,,1,65,,5962,4,,1,27,,5963,4,,1,25,,5973,4,,1,66,,5972,4,,1,23,,5971,4,,1,65,,5965,4,,1,25,,5966,4,,1,63,,5967,4,,1,25,,5968,4,,1,25,,5969,4,,1,59,,5970,4,,1
8800,'152.0.81',735,,6002,4,,1,71,,6003,4,,1,31,,6004,4,,1,69,,5976,4,,1,31,,5974,4,,1,71,,5975,4,,1,39,,5981,4,,1,75,,5980,4,,1,35,,5977,4,,1,75,,5978,4,,1,78,,5979,4,,1,35,,5992,4,,1,69,,5982,4,,1,32,,5983,4,,1,69,,5984,4,,1,29,,5985,4,,1,69,,5986,4,,1,31,,5987,4,,1,69,,5988,4,,1,29,,5989,4,,1,65,,5990,4,,1,27,,5991,4,,1,25,,6001,4,,1,66,,6000,4,,1,23,,5999,4,,1,65,,5993,4,,1,25,,5994,4,,1,63,,5995,4,,1,25,,5996,4,,1,25,,5997,4,,1,59,,5998,4,,1
8801,'152.0.1',537,,6044,,,1,67,,6010,,,1,15,,6009,,,1,15,,6008,,,1,15,,6005,,,1,55,,6006,,,1,15,,6007,,,1,14,,6024,,,1,24,,6023,,,1,54,,6022,,,1,14,,6011,,,1,14,,6012,,,1,14,,6013,,,1,54,,6014,,,1,14,,6015,,,1,14,,6016,,,1,14,,6017,,,1,54,,6018,,,1,14,,6019,,,1,14,,6020,,,1,14,,6021,,,1,62,,6029,,,1,37,,6028,,,1,77,,6025,,,1,37,,6026,,,1,77,,6027,,,1,23,,6041,,,1,50,,6040,,,1,20,,6039,,,1,18,,6038,,,1,12,,6037,,,1,55,,6030,,,1,15,,6031,,,1,15,,6032,,,1,15,,6033,,,1,55,,6034,,,1,15,,6035,,,1,15,,6036,,,1,15,,6045,,,1,55,,6046,,,1,15,,6047,,,1,15,,6048,,,1,15,,6049,,,1,55,,6050,,,1,21,,6057,,,1,14,,6056,,,1,54,,6055,,,1,14,,6054,,,1,14,,6051,,,1,14,,6052,,,1,14,,6053,,,1,60,,6062,,,1,41,,6061,,,1,81,,6058,,,1,81,,6059,,,1,81,,6060,,,1
8801,'152.0.2',545,,6063,,,1,69,,6064,,,1,29,,6065,,,1,69,,6066,,,1,34,,6067,,,1,74,,6068,,,1,34,,6069,,,1,74,,6070,,,1,74,,6071,,,1,29,,6072,,,1,69,,6073,,,1,29,,6074,,,1,29,,6075,,,1,69,,6076,,,1,29,,6077,,,1,69,,6078,,,1,29,,6079,,,1,69,,6080,,,1,29,,6081,,,1,69,,6082,,,1,29,,6083,,,1,69,,6084,,,1,29,,6085,,,1,69,,6086,,,1,29,,6087,,,1,69,,6088,,,1,29,,6089,,,1,66,,6090,,,1,29,,6091,,,1,63,,6092,,,1,26,,6093,,,1,26,,6094,,,1,66,,6095,,,1,26,,6096,,,1,66,,6097,,,1,26,,6098,,,1,66,,6099,,,1
8801,'152.0.3',740,,6100,,,1,71,,6101,,,1,31,,6102,,,1,71,,6103,,,1,35,,6104,,,1,75,,6105,,,1,35,,6106,,,1,75,,6107,,,1,69,,6108,,,1,29,,6109,,,1,69,,6110,,,1,29,,6111,,,1,29,,6112,,,1,69,,6113,,,1,29,,6114,,,1,69,,6115,,,1,29,,6116,,,1,69,,6117,,,1,29,,6118,,,1,69,,6119,,,1,29,,6120,,,1,65,,6121,,,1,25,,6122,,,1,65,,6123,,,1,25,,6124,,,1,25,,6125,,,1,65,,6126,,,1,25,,6127,,,1
8801,'152.0.80',740,,6128,,,1,71,,6129,,,1,31,,6130,,,1,71,,6131,,,1,35,,6132,,,1,75,,6133,,,1,35,,6134,,,1,75,,6135,,,1,69,,6136,,,1,29,,6137,,,1,69,,6138,,,1,29,,6139,,,1,29,,6140,,,1,69,,6141,,,1,29,,6142,,,1,69,,6143,,,1,29,,6144,,,1,69,,6145,,,1,29,,6146,,,1,69,,6147,,,1,29,,6148,,,1,65,,6149,,,1,25,,6150,,,1,65,,6151,,,1,25,,6152,,,1,25,,6153,,,1,65,,6154,,,1,25,,6155,,,1
8801,'152.0.81',740,,6156,,,1,71,,6157,,,1,31,,6158,,,1,71,,6159,,,1,35,,6160,,,1,75,,6161,,,1,35,,6162,,,1,75,,6163,,,1,69,,6164,,,1,29,,6165,,,1,69,,6166,,,1,29,,6167,,,1,29,,6168,,,1,69,,6169,,,1,29,,6170,,,1,69,,6171,,,1,29,,6172,,,1,69,,6173,,,1,29,,6174,,,1,69,,6175,,,1,29,,6176,,,1,65,,6177,,,1,25,,6178,,,1,65,,6179,,,1,25,,6180,,,1,25,,6181,,,1,65,,6182,,,1,25,,6183,,,1
