301,'1',512,,24203,2,,,1,32,,24204,2,,,1,72,,24205,2,,,1,32,,24206,2,,,1,72,,24207,2,,,1,33,,24208,2,,,1,72,,24209,2,,,1,31,,24210,2,,,1,72,,24202,2,,,1,77,,24226,2,,,1,46,,24211,2,,,1,86,,24212,2,,,1,86,,24213,2,,,1,86,,24214,2,,,1,46,,24215,2,,,1,86,,24216,2,,,1,67,,24217,2,,,1,32,,24218,2,,,1,72,,24219,2,,,1,32,,24220,2,,,1,72,,24221,2,,,1,32,,24222,2,,,1,72,,24223,2,,,1,32,,24224,2,,,1,66,,24225,2,,,1,29,,24231,2,,,1,66,,24228,2,,,1,43,,24229,2,,,1,80,,24230,2,0,25 26,1
301,'2',750,,24234,2,,,1,103,,24233,2,,,1,103,,24238,2,,,1,145,,24235,2,,,1,105,,24236,2,,,1,105,,24237,2,,,1,105,,24239,2,,,1,106,,24240,2,,,1,106,,24241,2,,,1,106,,24242,2,,,1,106,,24243,2,,,1,102,,24244,2,,,1,102,,24245,2,,,1,102,,24232,2,0,25 26,1
301,'3',910,,24253,2,,,1,102,,24252,2,,,1,102,,24251,2,,,1,102,,24250,2,,,1,102,,24249,2,,,1,102,,24248,2,,,1,102,,24247,2,,,1,102,,24246,2,,,1,102,,24258,2,,,1,102,,24257,2,,,1,102,,24256,2,,,1,98,,24255,2,,,1,98,,24254,2,0,25 26,1
301,'74',750,,24261,2,,,1,103,,24260,2,,,1,103,,24265,2,,,1,145,,24262,2,,,1,105,,24263,2,,,1,105,,24264,2,,,1,105,,24266,2,,,1,106,,24267,2,,,1,106,,24268,2,,,1,106,,24269,2,,,1,106,,24270,2,,,1,102,,24271,2,,,1,102,,24272,2,,,1,102,,24259,2,0,25 26,1
301,'80',910,,24276,2,,,1,102,,24275,2,,,1,102,,24274,2,,,1,102,,24273,2,,,1,102,,24280,2,,,1,102,,24279,2,,,1,102,,24278,2,,,1,102,,24277,2,,,1,102,,24285,2,,,1,102,,24284,2,,,1,102,,24283,2,,,1,98,,24282,2,,,1,98,,24281,2,0,25 26,1
9000,'1',624,,30495,17,,,1,12,,30496,17,,,1,10,,30497,17,,,1,11,,30498,17,,,1,51,,30499,17,,,1,15,,30500,17,,,1,12,,30501,17,,,1,13,,30502,17,,,1,11,,30503,17,,,1,55,,30504,17,,,1,13,,30505,17,,,1,10,,30506,17,,,1,15,,30507,17,,,1,53,,30508,17,,,1,13,,30509,17,,,1,13,,30510,17,,,1,13,,30511,17,,,1,72,,30512,17,,,1,32,,30513,17,,,1,72,,30514,17,,,1,31,,30515,17,,,1,73,,30516,17,,,1,32,,30517,17,,,1,72,,30518,17,,,1,73,,30519,17,,,1,30,,30520,17,,,1,14,,30521,17,,,1,56,,30522,17,,,1,13,,30523,17,,,1,14,,30524,17,,,1,14,,30525,17,,,1,14,,30526,17,,,1,53,,30527,17,,,1,16,,30528,17,,,1,11,,30529,17,,,1,16,,30530,17,,,1,54,,30531,17,,,1,14,,30532,17,,,1,14,,30533,17,,,1,14,,30534,17,,,1,53,,30535,17,,,1,14,,30536,17,,,1,12,,30537,17,,,1,15,,30538,17,,,1,13,,30539,17,,,1,55,,30540,17,,,1,13,,30541,17,,,1,14,,30542,17,,,1,82,,30543,17,,,1,82,,30544,17,,,1,39,,30545,17,,,1,83,,30546,17,,,1,82,,30547,17,,,1,42,,30548,17,,,1
9000,'2',642,,30555,17,,,1,81,,30556,17,,,1,82,,30557,17,,,1,34,,30562,17,,,1,72,,30563,17,,,1,32,,30564,17,,,1,72,,30565,17,,,1,32,,30566,17,,,1,72,,30567,17,,,1,32,,30568,17,,,1,72,,30569,17,,,1,32,,30570,17,,,1,72,,30571,17,,,1,32,,30572,17,,,1,72,,30573,17,,,1,72,,30574,17,,,1,32,,30575,17,,,1,72,,30576,17,,,1,32,,30577,17,,,1,72,,30578,17,,,1,32,,30579,17,,,1,72,,30580,17,,,1,32,,30581,17,,,1,69,,30582,17,,,1,31,,30583,17,,,1,71,,30584,17,,,1,40,,30558,17,,,1,81,,30559,17,,,1,81,,30560,17,,,1,81,,30561,17,,,1,41,,30585,17,,,1,81,,30586,17,,,1
9000,'3',852,,30587,17,,,1,83,,30589,17,,,1,82,,30590,17,,,1,42,,30591,17,,,1,82,,30592,17,,,1,85,,30593,17,,,1,85,,30594,17,,,1,45,,30595,17,,,1,85,,30596,17,,,1,85,,30597,17,,,1,85,,30598,17,,,1,45,,30599,17,,,1,84,,30600,17,,,1,84,,30601,17,,,1,81,,30602,17,,,1,44,,30603,17,,,1,79,,30604,17,,,1,81,,30605,17,,,1,39,,30606,17,,,1,79,,30607,17,,,1
9000,'74',642,,30609,17,,,1,81,,30610,17,,,1,82,,30611,17,,,1,34,,30614,17,,,1,72,,30615,17,,,1,32,,30616,17,,,1,72,,30617,17,,,1,32,,30618,17,,,1,72,,30619,17,,,1,32,,30620,17,,,1,72,,30621,17,,,1,32,,30622,17,,,1,72,,30623,17,,,1,32,,30624,17,,,1,72,,30625,17,,,1,72,,30626,17,,,1,32,,30627,17,,,1,72,,30628,17,,,1,32,,30629,17,,,1,72,,30630,17,,,1,32,,30631,17,,,1,72,,30632,17,,,1,32,,30633,17,,,1,69,,30634,17,,,1,31,,30635,17,,,1,71,,30636,17,,,1,40,,30612,17,,,1,81,,30613,17,,,1,81,,30637,17,,,1,81,,30638,17,,,1,41,,30639,17,,,1,81,,30640,17,,,1
9000,'80',852,,30641,17,,,1,83,,30643,17,,,1,82,,30644,17,,,1,42,,30645,17,,,1,82,,30646,17,,,1,85,,30647,17,,,1,85,,30648,17,,,1,45,,30649,17,,,1,85,,30650,17,,,1,85,,30651,17,,,1,85,,30652,17,,,1,45,,30653,17,,,1,84,,30654,17,,,1,84,,30655,17,,,1,81,,30656,17,,,1,44,,30657,17,,,1,79,,30658,17,,,1,81,,30659,17,,,1,39,,30660,17,,,1,79,,30661,17,,,1
900200,'1',554,,36759,17,,,1,59,,36760,17,,,1,19,,36761,17,,,1,20,,36762,17,,,1,60,,36763,17,,,1,25,,36764,17,,,1,63,,36765,17,,,1,23,,36766,17,,,1,23,,36767,17,,,1,63,,36768,17,,,1,25,,36769,17,,,1,21,,36770,17,,,1,58,,36771,17,,,1,513,,36772,17,0,16 17,1,24,,36773,17,0,16 17,1,63,,36774,17,0,16 17,1,22,,36775,17,0,16 17,1,22,,36776,17,0,16 17,1,65,,36777,17,0,16 17,1,22,,36778,17,0,16 17,1,62,,36779,17,0,16 17,1,23,,36780,17,0,16 17,1,19,,36781,17,0,16 17,1,59,,36782,17,0,16 17,1,19,,36783,17,0,16 17,1
