8800,'1',544,,5813,1,,,1,15,,5814,1,,,1,55,,5815,1,,,1,15,,5816,1,,,1,15,,5817,1,,,1,15,,5818,1,,,1,50,,5819,1,,,1,18,,5820,1,,,1,7,,5872,1,,,1,7,,5821,1,,,1,14,,5822,1,,,1,54,,5823,1,,,1,14,,5824,1,,,1,14,,5825,1,,,1,14,,5826,1,,,1,54,,5827,1,,,1,14,,5828,1,,,1,14,,5829,1,,,1,14,,5830,1,,,1,54,,5831,1,,,1,14,,5832,1,,,1,14,,5833,1,,,1,77,,5834,1,,,1,37,,5835,1,,,1,77,,5836,1,,,1,37,,5837,1,,,1,84,,5838,1,,,1,8,,5839,1,,,1,55,,5840,1,,,1,15,,5841,1,,,1,15,,5842,1,,,1,15,,5843,1,,,1,55,,5844,1,,,1,15,,5845,1,,,1,15,,5846,1,,,1,15,,5847,1,,,1,57,,5848,1,,,1,13,,5849,1,,,1,15,,5850,1,,,1,15,,5851,1,,,1,55,,5852,1,,,1,15,,5853,1,,,1,15,,5854,1,,,1,15,,5855,1,,,1,55,,5856,1,,,1,14,,5857,1,,,1,14,,5858,1,,,1,14,,5859,1,,,1,54,,5860,1,,,1,14,,5861,1,,,1,14,,5862,1,,,1,14,,5863,1,,,1,14,,5864,1,,,1,81,,5865,1,,,1,81,,5866,1,,,1,41,,5867,1,,,1,81,,5868,1,,,1,73,,5873,1,,,1
8800,'2',644,,5874,1,,,1,69,,5875,1,,,1,35,,5881,1,,,1,74,,5880,1,,,1,34,,5876,1,,,1,72,,5877,1,,,1,76,,5878,1,,,1,34,,5879,1,,,1,79,,5897,1,,,1,29,,5882,1,,,1,69,,5883,1,,,1,29,,5884,1,,,1,69,,5885,1,,,1,29,,5886,1,,,1,69,,5887,1,,,1,29,,5888,1,,,1,69,,5889,1,,,1,29,,5890,1,,,1,69,,5891,1,,,1,29,,5892,1,,,1,69,,5893,1,,,1,29,,5894,1,,,1,69,,5895,1,,,1,29,,5896,1,,,1,25,,5907,1,,,1,66,,5906,1,,,1,28,,5905,1,,,1,64,,5898,1,,,1,27,,5899,1,,,1,65,,5900,1,,,1,26,,5901,1,,,1,26,,5902,1,,,1,66,,5903,1,,,1,26,,5904,1,,,1
8800,'3',813,,5914,1,,,1,31,,5912,1,,,1,71,,5913,1,,,1,37,,5919,1,,,1,75,,5918,1,,,1,75,,5915,1,,,1,35,,5916,1,,,1,75,,5917,1,,,1,35,,5930,1,,,1,69,,5920,1,,,1,29,,5921,1,,,1,69,,5922,1,,,1,29,,5923,1,,,1,69,,5924,1,,,1,29,,5925,1,,,1,69,,5926,1,,,1,29,,5927,1,,,1,69,,5928,1,,,1,27,,5929,1,,,1,69,,5939,1,,,1,26,,5938,1,,,1,23,,5937,1,,,1,65,,5931,1,,,1,25,,5932,1,,,1,65,,5933,1,,,1,25,,5934,1,,,1,25,,5935,1,,,1,65,,5936,1,,,1
8800,'80',813,,5948,1,,,1,31,,5946,1,,,1,71,,5947,1,,,1,37,,5953,1,,,1,75,,5952,1,,,1,75,,5949,1,,,1,35,,5950,1,,,1,75,,5951,1,,,1,35,,5964,1,,,1,69,,5954,1,,,1,29,,5955,1,,,1,69,,5956,1,,,1,29,,5957,1,,,1,69,,5958,1,,,1,29,,5959,1,,,1,69,,5960,1,,,1,29,,5961,1,,,1,69,,5962,1,,,1,27,,5963,1,,,1,69,,5973,1,,,1,26,,5972,1,,,1,23,,5971,1,,,1,65,,5965,1,,,1,25,,5966,1,,,1,65,,5967,1,,,1,25,,5968,1,,,1,25,,5969,1,,,1,65,,5970,1,,,1
8800,'81',813,,5976,1,,,1,31,,5974,1,,,1,71,,5975,1,,,1,37,,5981,1,,,1,75,,5980,1,,,1,75,,5977,1,,,1,35,,5978,1,,,1,75,,5979,1,,,1,35,,5992,1,,,1,69,,5982,1,,,1,29,,5983,1,,,1,69,,5984,1,,,1,29,,5985,1,,,1,69,,5986,1,,,1,29,,5987,1,,,1,69,,5988,1,,,1,29,,5989,1,,,1,69,,5990,1,,,1,27,,5991,1,,,1,69,,6001,1,,,1,26,,6000,1,,,1,23,,5999,1,,,1,65,,5993,1,,,1,25,,5994,1,,,1,65,,5995,1,,,1,25,,5996,1,,,1,25,,5997,1,,,1,65,,5998,1,,,1
8801,'1',535,,6042,20,4,,1,69,,6043,43,4,,1,28,,6044,62,4,,1,27,,6010,62,4,,1,55,,6009,62,4,,1,22,,6008,62,4,,1,15,,6005,62,4,,1,59,,6006,62,4,,1,22,,6007,62,4,,1,14,,6024,62,4,,1,64,,6023,62,4,,1,9,,6022,62,4,,1,14,,6011,62,4,,1,14,,6012,62,4,,1,10,,6013,62,4,,1,54,,6014,62,4,,1,9,,6015,62,4,,1,14,,6016,62,4,,1,14,,6017,62,4,,1,54,,6018,62,4,,1,14,,6019,62,4,,1,21,,6020,62,4,,1,14,,6021,62,4,,1,62,,6029,62,4,,1,37,,6028,62,4,,1,77,,6025,62,4,,1,77,,6026,62,4,,1,44,,6027,62,4,,1,63,,6041,62,4,,1,10,,6040,62,4,,1,20,,6039,62,4,,1,18,,6038,62,4,,1,52,,6037,62,4,,1,15,,6030,62,4,,1,15,,6031,62,4,,1,13,,6032,62,4,,1,55,,6033,62,4,,1,15,,6034,62,4,,1,15,,6035,62,4,,1,15,,6036,62,4,,1,55,,6045,62,4,,1,10,,6046,62,4,,1,15,,6047,62,4,,1,15,,6048,62,4,,1,55,,6049,62,4,,1,8,,6050,62,4,,1,19,,6057,62,4,,1,14,,6056,62,4,,1,14,,6055,62,4,,1,54,,6054,62,4,,1,14,,6051,62,4,,1,14,,6052,62,4,,1,11,,6053,62,4,,1,60,,6062,62,4,,1,41,,6061,62,4,,1,74,,6058,62,4,,1,81,,6059,62,4,,1,38,,6060,62,4,,1
8801,'2',637,,6063,62,4,,1,69,,6064,62,4,,1,29,,6065,62,4,,1,69,,6066,62,4,,1,41,,6067,62,4,,1,74,,6068,62,4,,1,38,,6069,62,4,,1,74,,6070,62,4,,1,74,,6071,62,4,,1,29,,6072,62,4,,1,69,,6073,62,4,,1,33,,6074,62,4,,1,69,,6075,62,4,,1,29,,6076,62,4,,1,69,,6077,62,4,,1,29,,6078,62,4,,1,69,,6079,62,4,,1,29,,6080,62,4,,1,29,,6081,62,4,,1,69,,6082,62,4,,1,29,,6083,62,4,,1,69,,6084,62,4,,1,29,,6085,62,4,,1,69,,6086,62,4,,1,23,,6087,62,4,,1,69,,6088,62,4,,1,29,,6089,62,4,,1,62,,6090,62,4,,1,29,,6091,62,4,,1,23,,6092,62,4,,1,66,,6093,62,4,,1,22,,6094,62,4,,1,66,,6095,62,4,,1,26,,6096,62,4,,1,66,,6097,62,4,,1,26,,6098,62,4,,1,26,,6099,62,4,,1
8801,'3',834,,6100,62,4,,1,71,,6101,62,4,,1,34,,6102,62,4,,1,71,,6103,62,4,,1,35,,6104,62,4,,1,75,,6105,62,4,,1,80,,6106,62,4,,1,39,,6107,62,4,,1,69,,6108,62,4,,1,29,,6109,62,4,,1,69,,6110,62,4,,1,29,,6111,62,4,,1,69,,6112,62,4,,1,29,,6113,62,4,,1,69,,6114,62,4,,1,29,,6115,62,4,,1,69,,6116,62,4,,1,29,,6117,62,4,,1,26,,6118,62,4,,1,69,,6119,62,4,,1,21,,6120,62,4,,1,65,,6121,62,4,,1,25,,6122,62,4,,1,65,,6123,62,4,,1,25,,6124,62,4,,1,25,,6125,62,4,,1,59,,6126,62,4,,1,25,,6127,62,4,,1
8801,'80',834,,6128,62,4,,1,71,,6129,62,4,,1,34,,6130,62,4,,1,71,,6131,62,4,,1,35,,6132,62,4,,1,75,,6133,62,4,,1,80,,6134,62,4,,1,39,,6135,62,4,,1,69,,6136,62,4,,1,29,,6137,62,4,,1,69,,6138,62,4,,1,29,,6139,62,4,,1,69,,6140,62,4,,1,29,,6141,62,4,,1,69,,6142,62,4,,1,29,,6143,62,4,,1,69,,6144,62,4,,1,29,,6145,62,4,,1,26,,6146,62,4,,1,69,,6147,62,4,,1,21,,6148,62,4,,1,65,,6149,62,4,,1,25,,6150,62,4,,1,65,,6151,62,4,,1,25,,6152,62,4,,1,25,,6153,62,4,,1,59,,6154,62,4,,1,25,,6155,62,4,,1
8801,'81',834,,6156,62,4,,1,71,,6157,62,4,,1,34,,6158,62,4,,1,71,,6159,62,4,,1,35,,6160,62,4,,1,75,,6161,62,4,,1,80,,6162,62,4,,1,39,,6163,62,4,,1,69,,6164,62,4,,1,29,,6165,62,4,,1,69,,6166,62,4,,1,29,,6167,62,4,,1,69,,6168,62,4,,1,29,,6169,62,4,,1,69,,6170,62,4,,1,29,,6171,62,4,,1,69,,6172,62,4,,1,29,,6173,62,4,,1,26,,6174,62,4,,1,69,,6175,62,4,,1,21,,6176,62,4,,1,65,,6177,62,4,,1,25,,6178,62,4,,1,65,,6179,62,4,,1,25,,6180,62,4,,1,25,,6181,62,4,,1,59,,6182,62,4,,1,25,,6183,62,4,,1
