9600,'1',655,,31260,63,,,1,86,,31259,63,,,1,71,,31258,63,,,1,37,,31257,63,,,1,67,,31256,63,,,1,34,,31253,63,,,1,74,,31254,63,,,1,30,,31255,63,,,1,72,,31268,63,,,1,27,,31267,59,,,1,79,,31261,59,,,1,79,,31262,59,,,1,39,,31263,59,,,1,85,,31264,59,,,1,65,,31265,59,,,1,53,,31266,63,,,1,83,,31274,63,,,1,67,,31273,63,,,1,31,,31272,63,,,1,24,,31269,63,,,1,67,,31270,63,,,1,21,,31271,63,,,1,67,,31277,63,,,1,20,,31278,63,,,1,13,,31288,63,,,1,11,,31276,63,,,1,65,,31275,63,,,1,30,,31285,59,,,1,70,,31284,59,,,1,15,,31287,59,,,1,13,,31279,59,,,1,70,,31280,59,,,1,30,,31281,59,,,1,68,,31282,59,,,1,30,,31283,59,,,1,57,,31286,59,,,1
9600,'2',1016,,31289,59,,,1,100,,31290,59,,,1,99,,31291,59,,,1,97,,31292,59,,,1,99,,31293,59,,,1,99,,31294,59,,,1,99,,31295,59,,,1,99,,31296,59,,,1,95,,31297,59,,,1,97,,31298,59,,,1,47,,31299,59,,,1,83,,31300,59,,,1,97,,31301,59,,,1
9600,'3',1107,,31302,59,,,1,94,,31303,59,,,1,54,,31304,59,,,1,94,,31305,59,,,1,94,,31306,59,,,1,94,,31307,59,,,1,94,,31308,59,,,1,94,,31309,59,,,1,92,,31310,59,,,1,94,,31311,59,,,1,94,,31312,59,,,1,51,,31313,59,,,1
9600,'74',1016,,31314,59,,,1,100,,31315,59,,,1,99,,31316,59,,,1,97,,31317,59,,,1,99,,31318,59,,,1,99,,31319,59,,,1,99,,31320,59,,,1,99,,31321,59,,,1,95,,31322,59,,,1,97,,31323,59,,,1,47,,31324,59,,,1,83,,31325,59,,,1,97,,31326,59,,,1
9600,'80',1107,,31327,59,,,1,94,,31328,59,,,1,54,,31329,59,,,1,94,,31330,59,,,1,94,,31331,59,,,1,94,,31332,59,,,1,94,,31333,59,,,1,94,,31334,59,,,1,92,,31335,59,,,1,94,,31336,59,,,1,94,,31337,59,,,1,51,,31338,59,,,1
9800,'1',613,,31445,15,,,1,35,,31444,15,,,1,73,,31443,15,,,1,35,,31442,15,,,1,75,,31441,15,,,1,75,,31440,15,,,1,98,,31436,15,,,1,98,,31433,15,,,1,54,,31438,15,,,1,98,,31437,15,,,1,80,,31425,15,,,1,77,,31435,15,,,1,40,,31434,15,,,1,80,,31432,15,,,1,80,,31431,15,,,1,40,,31430,15,,,1,86,,31429,15,,,1,80,,31428,15,,,1,95,,31427,15,,,1,91,,31426,15,,,1,50,,31439,15,,,1
9800,'2',613,,31463,15,,,1,46,,31462,15,,,1,84,,31461,15,,,1,94,,31460,15,,,1,92,,31459,15,,,1,90,,31458,15,,,1,94,,31457,15,,,1,98,,31456,15,,,1,98,,31455,15,,,1,96,,31454,15,,,1,98,,31453,15,,,1,98,,31452,15,,,1,101,,31451,15,,,1,102,,31450,15,,,1,49,,31449,15,,,1,93,,31448,15,,,1,89,,31447,15,,,1,85,,31446,15,,,1
9800,'3',758,,31479,15,,,1,88,,31478,15,,,1,88,,31477,15,,,1,91,,31476,15,,,1,93,,31475,15,,,1,89,,31474,15,,,1,93,,31473,15,,,1,53,,31472,15,,,1,93,,31471,15,,,1,93,,31470,15,,,1,93,,31469,15,,,1,98,,31468,15,,,1,88,,31467,15,,,1,91,,31466,15,,,1,47,,31465,15,,,1,88,,31464,15,,,1
9800,'74',613,,31497,15,,,1,46,,31496,15,,,1,84,,31495,15,,,1,94,,31494,15,,,1,92,,31493,15,,,1,90,,31492,15,,,1,94,,31491,15,,,1,98,,31490,15,,,1,98,,31489,15,,,1,96,,31488,15,,,1,98,,31487,15,,,1,98,,31486,15,,,1,101,,31485,15,,,1,102,,31484,15,,,1,49,,31483,15,,,1,93,,31482,15,,,1,89,,31481,15,,,1,85,,31480,15,,,1
9800,'80',758,,31513,15,,,1,88,,31512,15,,,1,88,,31511,15,,,1,91,,31510,15,,,1,93,,31509,15,,,1,89,,31508,15,,,1,93,,31507,15,,,1,53,,31506,15,,,1,93,,31505,15,,,1,93,,31504,15,,,1,93,,31503,15,,,1,98,,31502,15,,,1,88,,31501,15,,,1,91,,31500,15,,,1,47,,31499,15,,,1,88,,31498,15,,,1
60100,'1',410,,34138,11,,,1,11,,34139,11,,,1,11,,34140,11,,,1,11,,34141,11,,,1,11,,34142,11,,,1,51,,34143,11,,,1,8,,34144,11,,,1,10,,34145,11,,,1,11,,34148,11,,,1,10,,34146,11,,,1,11,,34147,11,,,1,50,,34053,16,,,1,11,,34054,16,,,1,12,,34055,16,,,1,14,,34056,16,,,1,11,,34057,16,,,1,51,,34058,16,,,1,11,,34059,16,,,1,11,,34060,16,,,1,11,,34061,16,,,1,16,,34062,16,,,1,51,,34063,16,,,1,11,,34064,16,,,1,13,,34065,16,,,1,11,,34066,16,,,1,14,,34067,16,,,1,51,,34068,16,,,1,8,,34069,16,,,1,11,,34070,16,,,1,11,,34071,16,,,1,11,,34072,16,,,1,8,,34073,16,,,1,51,,34074,16,,,1,11,,34075,16,,,1,11,,34076,16,,,1,11,,34077,16,,,1,14,,34078,16,,,1,56,,34079,16,,,1,20,,34080,16,,,1,16,,34081,16,,,1,16,,34082,16,,,1,56,,34083,16,,,1,16,,34084,16,,,1,16,,34085,16,,,1,56,,34086,16,,,1,16,,34087,16,,,1,16,,34088,16,,,1,16,,34089,16,,,1,61,,34090,16,,,1,16,,34091,16,,,1,16,,34092,16,,,1,14,,34093,16,,,1,52,,34094,16,,,1,12,,34095,16,,,1,12,,34096,16,,,1,12,,34097,16,,,1,12,,34098,16,,,1,52,,34099,16,,,1,12,,34100,16,,,1,12,,34101,16,,,1,12,,34102,16,,,1,12,,34103,16,,,1,52,,34104,16,,,1,12,,34105,16,,,1,12,,34106,16,,,1,12,,34107,16,,,1,12,,34108,16,,,1,52,,34109,16,,,1,12,,34110,16,,,1,12,,34111,16,,,1,12,,34112,16,,,1,12,,34113,16,,,1,52,,34114,16,,,1,12,,34115,16,,,1,10,,34116,16,,,1,12,,34117,16,,,1,12,,34118,16,,,1,45,,34119,16,,,1,12,,34120,16,,,1,12,,34121,16,,,1,12,,34122,16,,,1,22,,34123,16,,,1,58,,34124,16,,,1,18,,34125,16,,,1,17,,34126,16,,,1,58,,34127,16,,,1,18,,34128,16,,,1,19,,34129,16,,,1,59,,34130,16,,,1,16,,34131,16,,,1,15,,34132,16,,,1,19,,34133,16,,,1,59,,34134,16,,,1,19,,34135,16,,,1,19,,34136,16,,,1,59,,34137,16,,,1
60100,'2',539,,34149,16,,,1,17,,34150,16,,,1,57,,34151,16,,,1,17,,34152,16,,,1,17,,34153,16,,,1,61,,34154,16,,,1,19,,34155,16,,,1,17,,34156,16,,,1,57,,34157,16,,,1,16,,34158,16,,,1,17,,34159,16,,,1,16,,34160,16,,,1,56,,34161,16,,,1,16,,34162,16,,,1,17,,34163,16,,,1,16,,34164,16,,,1,58,,34165,16,,,1,16,,34166,16,,,1,16,,34167,16,,,1,56,,34168,16,,,1,16,,34169,16,,,1,18,,34170,16,,,1,16,,34171,16,,,1,56,,34172,16,,,1,20,,34173,16,,,1,16,,34174,16,,,1,15,,34175,16,,,1,55,,34176,16,,,1,15,,34177,16,,,1,15,,34178,16,,,1,15,,34179,16,,,1,55,,34180,16,,,1,15,,34181,16,,,1,15,,34182,16,,,1,15,,34183,16,,,1,55,,34184,16,,,1,15,,34185,16,,,1,15,,34186,16,,,1,13,,34187,16,,,1,55,,34188,16,,,1,15,,34189,16,,,1,15,,34190,16,,,1,15,,34191,16,,,1,55,,34192,16,,,1,15,,34193,16,,,1,15,,34194,16,,,1,15,,34195,16,,,1,55,,34196,16,,,1,15,,34197,16,,,1,13,,34198,16,,,1,15,,34199,16,,,1,55,,34200,16,,,1,15,,34201,16,,,1,15,,34202,16,,,1,15,,34203,16,,,1,55,,34204,16,,,1,15,,34205,16,,,1,11,,34206,16,,,1,18,,34207,16,,,1,58,,34208,16,,,1,18,,34209,16,,,1,15,,34210,16,,,1,58,,34211,16,,,1,18,,34212,16,,,1,18,,34213,16,,,1,16,,34214,16,,,1,56,,34215,16,,,1,12,,34216,16,,,1,16,,34217,16,,,1,16,,34218,16,,,1,56,,34219,16,,,1,16,,34220,16,,,1,16,,34221,16,,,1,16,,34222,16,,,1,56,,34223,16,,,1
60100,'3',611,,34238,16,,,1,20,,34237,16,,,1,20,,34236,16,,,1,60,,34235,16,,,1,20,,34234,16,,,1,23,,34233,16,,,1,60,,34232,16,,,1,20,,34231,16,,,1,23,,34230,16,,,1,60,,34224,16,,,1,20,,34225,16,,,1,20,,34226,16,,,1,64,,34227,16,,,1,20,,34228,16,,,1,61,,34229,16,,,1,27,,34265,16,,,1,21,,34264,16,,,1,63,,34263,16,,,1,21,,34239,16,,,1,25,,34240,16,,,1,61,,34241,16,,,1,21,,34242,16,,,1,61,,34243,16,,,1,21,,34244,16,,,1,21,,34245,16,,,1,61,,34246,16,,,1,21,,34247,16,,,1,21,,34248,16,,,1,61,,34249,16,,,1,19,,34250,16,,,1,21,,34251,16,,,1,61,,34252,16,,,1,21,,34253,16,,,1,21,,34254,16,,,1,61,,34255,16,,,1,19,,34256,16,,,1,21,,34257,16,,,1,61,,34258,16,,,1,20,,34259,16,,,1,21,,34260,16,,,1,61,,34261,16,,,1,21,,34262,16,,,1,16,,34266,16,,,1,69,,34272,16,,,1,20,,34271,16,,,1,60,,34270,16,,,1,20,,34267,16,,,1,20,,34268,16,,,1,17,,34269,16,,,1,70,,34279,16,,,1,16,,34278,16,,,1,60,,34273,16,,,1,20,,34274,16,,,1,20,,34275,16,,,1,60,,34276,16,,,1,20,,34277,16,,,1
60100,'74',539,,34280,16,,,1,17,,34281,16,,,1,57,,34282,16,,,1,17,,34283,16,,,1,17,,34284,16,,,1,61,,34285,16,,,1,19,,34286,16,,,1,17,,34287,16,,,1,57,,34288,16,,,1,16,,34289,16,,,1,17,,34290,16,,,1,16,,34291,16,,,1,56,,34292,16,,,1,16,,34293,16,,,1,17,,34294,16,,,1,16,,34295,16,,,1,58,,34296,16,,,1,16,,34297,16,,,1,16,,34298,16,,,1,56,,34299,16,,,1,16,,34300,16,,,1,18,,34301,16,,,1,16,,34302,16,,,1,56,,34303,16,,,1,20,,34304,16,,,1,16,,34305,16,,,1,15,,34306,16,,,1,55,,34307,16,,,1,15,,34308,16,,,1,15,,34309,16,,,1,15,,34310,16,,,1,55,,34311,16,,,1,15,,34312,16,,,1,15,,34313,16,,,1,15,,34314,16,,,1,55,,34315,16,,,1,15,,34316,16,,,1,15,,34317,16,,,1,13,,34318,16,,,1,55,,34319,16,,,1,15,,34320,16,,,1,15,,34321,16,,,1,15,,34322,16,,,1,55,,34323,16,,,1,15,,34324,16,,,1,15,,34325,16,,,1,15,,34326,16,,,1,55,,34327,16,,,1,15,,34328,16,,,1,13,,34329,16,,,1,15,,34330,16,,,1,55,,34331,16,,,1,15,,34332,16,,,1,15,,34333,16,,,1,15,,34334,16,,,1,55,,34335,16,,,1,15,,34336,16,,,1,11,,34337,16,,,1,18,,34338,16,,,1,58,,34339,16,,,1,18,,34340,16,,,1,15,,34341,16,,,1,58,,34342,16,,,1,18,,34343,16,,,1,18,,34344,16,,,1,16,,34345,16,,,1,56,,34346,16,,,1,12,,34347,16,,,1,16,,34348,16,,,1,16,,34349,16,,,1,56,,34350,16,,,1,16,,34351,16,,,1,16,,34352,16,,,1,16,,34353,16,,,1,56,,34354,16,,,1
60100,'80',611,,34369,16,,,1,20,,34368,16,,,1,20,,34367,16,,,1,60,,34366,16,,,1,20,,34365,16,,,1,23,,34364,16,,,1,60,,34363,16,,,1,20,,34362,16,,,1,23,,34361,16,,,1,60,,34355,16,,,1,20,,34356,16,,,1,20,,34357,16,,,1,64,,34358,16,,,1,20,,34359,16,,,1,61,,34360,16,,,1,27,,34397,16,,,1,21,,34396,16,,,1,63,,34395,16,,,1,21,,34370,16,,,1,25,,34371,16,,,1,61,,34372,16,,,1,21,,34373,16,,,1,61,,34374,16,,,1,21,,34375,16,,,1,21,,34376,16,,,1,61,,34377,16,,,1,21,,34378,16,,,1,21,,34379,16,,,1,61,,34380,16,,,1,19,,34381,16,,,1,21,,34382,16,,,1,61,,34383,16,,,1,21,,34384,16,,,1,21,,34385,16,,,1,61,,34386,16,,,1,19,,34387,16,,,1,21,,34388,16,,,1,61,,34389,16,,,1,20,,34390,16,,,1,21,,34391,16,,,1,61,,34392,16,,,1,21,,34393,16,,,1,16,,34394,16,,,1,69,,34403,16,,,1,20,,34402,16,,,1,60,,34401,16,,,1,20,,34398,16,,,1,20,,34399,16,,,1,17,,34400,16,,,1,70,,34410,16,,,1,16,,34409,16,,,1,60,,34404,16,,,1,20,,34405,16,,,1,20,,34406,16,,,1,60,,34407,16,,,1,20,,34408,16,,,1
910200,'1',1602,,36812,37,,,1,43,,36820,37,,,1,85,,36816,37,,,1,85,,36817,37,,,1,43,,36818,37,,,1
989900,'1',2118,,36830,58,,,1,34,,36831,58,,,1,78,,36832,58,,,1,78,,36833,58,,,1,35,,36834,58,,,1,71,,36835,58,,,1,35,,36836,58,,,1,75,,36837,58,,,1,76,,36838,58,0,5 6,1,35,,36839,58,0,5 6,1,79,,36840,58,0,5 6,1
989900,'2',2122,,36841,58,,,1,94,,36842,58,,,1,86,,36843,58,,,1,52,,36844,58,,,1,86,,36845,58,,,1,86,,36846,58,,,1,84,,36847,58,0,5 6,1,46,,36848,58,0,5 6,1,86,,36849,58,0,5 6,1
989900,'3',2138,,36850,58,,,1,90,,36851,58,,,1,85,,36852,58,,,1,90,,36853,58,,,1,40,,36854,58,,,1,83,,36855,58,,,1,79,,36856,58,0,5 6,1,43,,36857,58,0,5 6,1,83,,36858,58,0,5 6,1
989900,'74',2122,,36859,58,,,1,94,,36860,58,,,1,86,,36861,58,,,1,52,,36862,58,,,1,86,,36863,58,,,1,86,,36864,58,,,1,84,,36865,58,0,5 6,1,46,,36866,58,0,5 6,1,86,,36867,58,0,5 6,1
989900,'80',2138,,36868,58,,,1,90,,36869,58,,,1,85,,36870,58,,,1,90,,36871,58,,,1,40,,36872,58,,,1,83,,36873,58,,,1,79,,36874,58,0,5 6,1,43,,36875,58,0,5 6,1,83,,36876,58,0,5 6,1
