600,'1',418,,24934,3,,,1,30,,24935,3,,,1,62,,24936,3,,,1,22,,24937,3,,,1,22,,24938,3,,,1,63,,24939,3,,,1,22,,24940,3,,,1,67,,24941,3,,,1,23,,24942,3,,,1,71,,24943,3,,,1,27,,24944,3,,,1,27,,24945,3,,,1,67,,24946,3,,,1,36,,24947,3,,,1,76,,24948,3,,,1,76,,24949,3,,,1,36,,24950,3,,,1,76,,24951,3,,,1,36,,24952,3,,,1,76,,24953,3,,,1,67,,24954,3,,,1,26,,24955,3,,,1,28,,24956,3,,,1,67,,24957,3,,,1,27,,24958,3,,,1,67,,24959,3,,,1,27,,24960,3,,,1,67,,24961,3,,,1,27,,24962,3,,,1,67,,24963,3,,,1,27,,24964,3,,,1,27,,24965,3,,,1,67,,24966,3,,,1,34,,24967,3,,,1,73,,24968,3,,,1,74,,24969,3,,,1,34,,24970,3,,,1,103,,24971,3,,,1,103,,24972,3,,,1,103,,24973,3,,,1
600,'2',544,,24974,3,,,1,69,,24975,3,,,1,26,,24976,3,,,1,70,,24977,3,,,1,33,,24978,3,,,1,83,,24979,3,,,1,75,,24980,3,,,1,31,,24981,3,,,1,72,,24982,3,,,1,32,,24983,3,,,1,72,,24984,3,,,1,32,,24985,3,,,1,72,,24986,3,,,1,32,,24987,3,,,1,72,,24988,3,,,1,32,,24989,3,,,1,78,,24990,3,,,1,77,,24991,3,,,1,36,,24992,3,,,1,78,,24993,3,,,1,36,,24994,3,,,1,78,,24995,3,,,1,76,,24996,3,,,1,35,,24997,3,,,1,70,,24998,3,,,1,33,,24999,3,,,1,100,,25000,3,,,1,95,,25001,3,,,1,95,,25002,3,,,1,95,,25003,3,,,1
600,'3',559,,25004,3,,,1,66,,25005,3,,,1,29,,25006,3,,,1,74,,25007,3,,,1,29,,25008,3,,,1,83,,25009,3,,,1,74,,25010,3,,,1,32,,25011,3,,,1,72,,25012,3,,,1,32,,25013,3,,,1,72,,25014,3,,,1,32,,25015,3,,,1,72,,25016,3,,,1,32,,25017,3,,,1,72,,25018,3,,,1,73,,25019,3,,,1,39,,25020,3,,,1,75,,25021,3,,,1,37,,25022,3,,,1,77,,25023,3,,,1,77,,25024,3,,,1,37,,25025,3,,,1,74,,25026,3,,,1,37,,25027,3,,,1,70,,25028,3,,,1,100,,25029,3,,,1,98,,25030,3,,,1,98,,25031,3,,,1,98,,25032,3,,,1
600,'74',544,,25033,3,,,1,69,,25034,3,,,1,26,,25035,3,,,1,70,,25036,3,,,1,33,,25037,3,,,1,83,,25038,3,,,1,75,,25039,3,,,1,31,,25040,3,,,1,72,,25041,3,,,1,32,,25042,3,,,1,72,,25043,3,,,1,32,,25044,3,,,1,72,,25045,3,,,1,32,,25046,3,,,1,72,,25047,3,,,1,32,,25048,3,,,1,78,,25049,3,,,1,77,,25050,3,,,1,36,,25051,3,,,1,78,,25052,3,,,1,36,,25053,3,,,1,78,,25054,3,,,1,76,,25055,3,,,1,35,,25056,3,,,1,70,,25057,3,,,1,33,,25058,3,,,1,100,,25059,3,,,1,95,,25060,3,,,1,95,,25061,3,,,1,95,,25062,3,,,1
600,'80',559,,25063,3,,,1,66,,25064,3,,,1,29,,25065,3,,,1,74,,25066,3,,,1,29,,25067,3,,,1,83,,25068,3,,,1,74,,25069,3,,,1,32,,25070,3,,,1,72,,25071,3,,,1,32,,25072,3,,,1,72,,25073,3,,,1,32,,25074,3,,,1,72,,25075,3,,,1,32,,25076,3,,,1,72,,25077,3,,,1,73,,25078,3,,,1,39,,25079,3,,,1,75,,25080,3,,,1,37,,25081,3,,,1,77,,25082,3,,,1,77,,25083,3,,,1,37,,25084,3,,,1,74,,25085,3,,,1,37,,25086,3,,,1,70,,25087,3,,,1,100,,25088,3,,,1,98,,25089,3,,,1,98,,25090,3,,,1,98,,25091,3,,,1
601,'1',2206,,25124,14,4,,1,347,,25129,14,4,,1
601,'2',2009,,25153,14,4,,1,413,,25159,14,4,,1
601,'3',1957,,25183,14,4,,1,459,,25189,14,4,,1
601,'74',2009,,25213,14,4,,1,413,,25219,14,4,,1
601,'80',1957,,25243,14,4,,1,459,,25249,14,4,,1
36101,'1',559,,34011,3,,,1,64,,34012,3,,,1,32,,34013,3,,,1,62,,34014,3,,,1,26,,34015,3,,,1,66,,34016,3,,,1,26,,34017,3,,,1,20,,34018,3,,,1,65,,34019,3,,,1,581,,34020,3,,,1,25,,34021,3,,,1,25,,34022,3,,,1,67,,34023,3,,,1,24,,34024,3,,,1,69,,34025,3,,,1,23,,34026,3,,,1,25,,34027,3,,,1,63,,34028,3,,,1
