9600,'1',704,,31260,78,,,1,47,,31259,78,,,1,71,,31258,78,,,1,37,,31257,78,,,1,67,,31256,78,,,1,33,,31253,78,,,1,74,,31254,78,,,1,70,,31255,78,,,1,32,,31268,78,,,1,68,,31267,74,,,1,39,,31261,74,,,1,79,,31262,74,,,1,79,,31263,74,,,1,45,,31264,74,,,1,65,,31265,74,,,1,92,,31266,78,,,1,43,,31274,78,,,1,67,,31273,78,,,1,32,,31272,78,,,1,63,,31269,78,,,1,27,,31270,78,,,1,21,,31271,78,,,1,67,,31277,78,,,1,19,,31278,78,,,1,12,,31288,78,,,1,51,,31276,78,,,1,25,,31275,78,,,1,30,,31285,74,,,1,70,,31284,74,,,1,15,,31287,74,,,1,12,,31279,74,,,1,70,,31280,74,,,1,30,,31281,74,,,1,68,,31282,74,,,1,30,,31283,74,,,1,57,,31286,74,,,1
9600,'2',1025,,31289,74,,,1,101,,31290,74,,,1,99,,31291,74,,,1,96,,31292,74,,,1,99,,31293,74,,,1,99,,31294,74,,,1,99,,31295,74,,,1,99,,31296,74,,,1,94,,31297,74,,,1,97,,31298,74,,,1,47,,31299,74,,,1,82,,31300,74,,,1,97,,31301,74,,,1
9600,'3',1116,,31302,74,,,1,94,,31303,74,,,1,94,,31304,74,,,1,54,,31305,74,,,1,94,,31306,74,,,1,94,,31307,74,,,1,94,,31308,74,,,1,94,,31309,74,,,1,91,,31310,74,,,1,94,,31311,74,,,1,94,,31312,74,,,1,90,,31313,74,,,1
9600,'74',1025,,31314,74,,,1,101,,31315,74,,,1,99,,31316,74,,,1,96,,31317,74,,,1,99,,31318,74,,,1,99,,31319,74,,,1,99,,31320,74,,,1,99,,31321,74,,,1,94,,31322,74,,,1,97,,31323,74,,,1,47,,31324,74,,,1,82,,31325,74,,,1,97,,31326,74,,,1
9600,'80',1116,,31327,74,,,1,94,,31328,74,,,1,94,,31329,74,,,1,54,,31330,74,,,1,94,,31331,74,,,1,94,,31332,74,,,1,94,,31333,74,,,1,94,,31334,74,,,1,91,,31335,74,,,1,94,,31336,74,,,1,94,,31337,74,,,1,90,,31338,74,,,1
9800,'1',621,,31445,30,,,1,35,,31444,30,,,1,73,,31443,30,,,1,75,,31442,30,,,1,35,,31441,30,,,1,75,,31440,30,,,1,98,,31436,30,,,1,98,,31433,30,,,1,96,,31438,30,,,1,98,,31437,30,,,1,40,,31425,30,,,1,78,,31435,30,,,1,80,,31434,30,,,1,40,,31432,30,,,1,80,,31431,30,,,1,80,,31430,30,,,1,45,,31429,30,,,1,80,,31428,30,,,1,93,,31427,30,,,1,91,,31426,30,,,1,89,,31439,30,,,1
9800,'2',620,,31463,30,,,1,86,,31462,30,,,1,44,,31461,30,,,1,94,,31460,30,,,1,93,,31459,30,,,1,91,,31458,30,,,1,94,,31457,30,,,1,98,,31456,30,,,1,98,,31455,30,,,1,96,,31454,30,,,1,98,,31453,30,,,1,98,,31452,30,,,1,100,,31451,30,,,1,101,,31450,30,,,1,89,,31449,30,,,1,53,,31448,30,,,1,89,,31447,30,,,1,85,,31446,30,,,1
9800,'3',805,,31479,30,,,1,48,,31478,30,,,1,88,,31477,30,,,1,91,,31476,30,,,1,93,,31475,30,,,1,90,,31474,30,,,1,93,,31473,30,,,1,93,,31472,30,,,1,53,,31471,30,,,1,93,,31470,30,,,1,93,,31469,30,,,1,97,,31468,30,,,1,88,,31467,30,,,1,91,,31466,30,,,1,87,,31465,30,,,1,48,,31464,30,,,1
9800,'74',620,,31497,30,,,1,86,,31496,30,,,1,44,,31495,30,,,1,94,,31494,30,,,1,93,,31493,30,,,1,91,,31492,30,,,1,94,,31491,30,,,1,98,,31490,30,,,1,98,,31489,30,,,1,96,,31488,30,,,1,98,,31487,30,,,1,98,,31486,30,,,1,100,,31485,30,,,1,101,,31484,30,,,1,89,,31483,30,,,1,53,,31482,30,,,1,89,,31481,30,,,1,85,,31480,30,,,1
9800,'80',805,,31513,30,,,1,48,,31512,30,,,1,88,,31511,30,,,1,91,,31510,30,,,1,93,,31509,30,,,1,90,,31508,30,,,1,93,,31507,30,,,1,93,,31506,30,,,1,53,,31505,30,,,1,93,,31504,30,,,1,93,,31503,30,,,1,97,,31502,30,,,1,88,,31501,30,,,1,91,,31500,30,,,1,87,,31499,30,,,1,48,,31498,30,,,1
60100,'1',419,,34138,15,,,1,11,,34139,15,,,1,11,,34140,15,,,1,11,,34141,15,,,1,51,,34142,15,,,1,11,,34143,15,,,1,8,,34144,15,,,1,10,,34145,15,,,1,11,,34148,15,,,1,10,,34146,15,,,1,51,,34147,15,,,1,10,,34053,20,,,1,11,,34054,20,,,1,12,,34055,20,,,1,15,,34056,20,,,1,51,,34057,20,,,1,11,,34058,20,,,1,11,,34059,20,,,1,11,,34060,20,,,1,11,,34061,20,,,1,56,,34062,20,,,1,11,,34063,20,,,1,11,,34064,20,,,1,13,,34065,20,,,1,11,,34066,20,,,1,54,,34067,20,,,1,11,,34068,20,,,1,8,,34069,20,,,1,11,,34070,20,,,1,11,,34071,20,,,1,11,,34072,20,,,1,48,,34073,20,,,1,11,,34074,20,,,1,11,,34075,20,,,1,11,,34076,20,,,1,11,,34077,20,,,1,54,,34078,20,,,1,16,,34079,20,,,1,21,,34080,20,,,1,16,,34081,20,,,1,56,,34082,20,,,1,16,,34083,20,,,1,16,,34084,20,,,1,16,,34085,20,,,1,56,,34086,20,,,1,16,,34087,20,,,1,16,,34088,20,,,1,56,,34089,20,,,1,20,,34090,20,,,1,16,,34091,20,,,1,16,,34092,20,,,1,54,,34093,20,,,1,12,,34094,20,,,1,12,,34095,20,,,1,12,,34096,20,,,1,12,,34097,20,,,1,52,,34098,20,,,1,12,,34099,20,,,1,12,,34100,20,,,1,12,,34101,20,,,1,12,,34102,20,,,1,52,,34103,20,,,1,12,,34104,20,,,1,12,,34105,20,,,1,12,,34106,20,,,1,12,,34107,20,,,1,52,,34108,20,,,1,12,,34109,20,,,1,12,,34110,20,,,1,12,,34111,20,,,1,12,,34112,20,,,1,52,,34113,20,,,1,12,,34114,20,,,1,12,,34115,20,,,1,9,,34116,20,,,1,12,,34117,20,,,1,52,,34118,20,,,1,5,,34119,20,,,1,12,,34120,20,,,1,12,,34121,20,,,1,12,,34122,20,,,1,62,,34123,20,,,1,18,,34124,20,,,1,18,,34125,20,,,1,56,,34126,20,,,1,18,,34127,20,,,1,18,,34128,20,,,1,19,,34129,20,,,1,59,,34130,20,,,1,16,,34131,20,,,1,14,,34132,20,,,1,59,,34133,20,,,1,19,,34134,20,,,1,19,,34135,20,,,1,59,,34136,20,,,1,19,,34137,20,,,1
60100,'2',547,,34149,20,,,1,57,,34150,20,,,1,17,,34151,20,,,1,17,,34152,20,,,1,17,,34153,20,,,1,61,,34154,20,,,1,19,,34155,20,,,1,17,,34156,20,,,1,58,,34157,20,,,1,16,,34158,20,,,1,18,,34159,20,,,1,56,,34160,20,,,1,16,,34161,20,,,1,16,,34162,20,,,1,17,,34163,20,,,1,56,,34164,20,,,1,19,,34165,20,,,1,16,,34166,20,,,1,16,,34167,20,,,1,56,,34168,20,,,1,16,,34169,20,,,1,18,,34170,20,,,1,56,,34171,20,,,1,16,,34172,20,,,1,20,,34173,20,,,1,16,,34174,20,,,1,55,,34175,20,,,1,15,,34176,20,,,1,15,,34177,20,,,1,15,,34178,20,,,1,55,,34179,20,,,1,15,,34180,20,,,1,15,,34181,20,,,1,15,,34182,20,,,1,55,,34183,20,,,1,15,,34184,20,,,1,15,,34185,20,,,1,15,,34186,20,,,1,52,,34187,20,,,1,15,,34188,20,,,1,15,,34189,20,,,1,15,,34190,20,,,1,55,,34191,20,,,1,15,,34192,20,,,1,15,,34193,20,,,1,15,,34194,20,,,1,55,,34195,20,,,1,15,,34196,20,,,1,15,,34197,20,,,1,13,,34198,20,,,1,55,,34199,20,,,1,15,,34200,20,,,1,15,,34201,20,,,1,15,,34202,20,,,1,55,,34203,20,,,1,15,,34204,20,,,1,15,,34205,20,,,1,9,,34206,20,,,1,58,,34207,20,,,1,18,,34208,20,,,1,18,,34209,20,,,1,15,,34210,20,,,1,58,,34211,20,,,1,18,,34212,20,,,1,18,,34213,20,,,1,56,,34214,20,,,1,16,,34215,20,,,1,11,,34216,20,,,1,16,,34217,20,,,1,56,,34218,20,,,1,16,,34219,20,,,1,16,,34220,20,,,1,16,,34221,20,,,1,56,,34222,20,,,1,16,,34223,20,,,1
60100,'3',619,,34238,20,,,1,20,,34237,20,,,1,20,,34236,20,,,1,60,,34235,20,,,1,20,,34234,20,,,1,64,,34233,20,,,1,20,,34232,20,,,1,20,,34231,20,,,1,63,,34230,20,,,1,20,,34224,20,,,1,20,,34225,20,,,1,60,,34226,20,,,1,24,,34227,20,,,1,20,,34228,20,,,1,62,,34229,20,,,1,27,,34265,20,,,1,61,,34264,20,,,1,23,,34263,20,,,1,21,,34239,20,,,1,65,,34240,20,,,1,21,,34241,20,,,1,21,,34242,20,,,1,61,,34243,20,,,1,21,,34244,20,,,1,21,,34245,20,,,1,61,,34246,20,,,1,21,,34247,20,,,1,21,,34248,20,,,1,61,,34249,20,,,1,19,,34250,20,,,1,21,,34251,20,,,1,61,,34252,20,,,1,21,,34253,20,,,1,61,,34254,20,,,1,21,,34255,20,,,1,18,,34256,20,,,1,61,,34257,20,,,1,21,,34258,20,,,1,20,,34259,20,,,1,61,,34260,20,,,1,21,,34261,20,,,1,21,,34262,20,,,1,56,,34266,20,,,1,29,,34272,20,,,1,20,,34271,20,,,1,60,,34270,20,,,1,20,,34267,20,,,1,20,,34268,20,,,1,56,,34269,20,,,1,30,,34279,20,,,1,16,,34278,20,,,1,60,,34273,20,,,1,20,,34274,20,,,1,20,,34275,20,,,1,60,,34276,20,,,1,20,,34277,20,,,1
60100,'74',547,,34280,20,,,1,57,,34281,20,,,1,17,,34282,20,,,1,17,,34283,20,,,1,17,,34284,20,,,1,61,,34285,20,,,1,19,,34286,20,,,1,17,,34287,20,,,1,58,,34288,20,,,1,16,,34289,20,,,1,18,,34290,20,,,1,56,,34291,20,,,1,16,,34292,20,,,1,16,,34293,20,,,1,17,,34294,20,,,1,56,,34295,20,,,1,19,,34296,20,,,1,16,,34297,20,,,1,16,,34298,20,,,1,56,,34299,20,,,1,16,,34300,20,,,1,18,,34301,20,,,1,56,,34302,20,,,1,16,,34303,20,,,1,20,,34304,20,,,1,16,,34305,20,,,1,55,,34306,20,,,1,15,,34307,20,,,1,15,,34308,20,,,1,15,,34309,20,,,1,55,,34310,20,,,1,15,,34311,20,,,1,15,,34312,20,,,1,15,,34313,20,,,1,55,,34314,20,,,1,15,,34315,20,,,1,15,,34316,20,,,1,15,,34317,20,,,1,52,,34318,20,,,1,15,,34319,20,,,1,15,,34320,20,,,1,15,,34321,20,,,1,55,,34322,20,,,1,15,,34323,20,,,1,15,,34324,20,,,1,15,,34325,20,,,1,55,,34326,20,,,1,15,,34327,20,,,1,15,,34328,20,,,1,13,,34329,20,,,1,55,,34330,20,,,1,15,,34331,20,,,1,15,,34332,20,,,1,15,,34333,20,,,1,55,,34334,20,,,1,15,,34335,20,,,1,15,,34336,20,,,1,9,,34337,20,,,1,58,,34338,20,,,1,18,,34339,20,,,1,18,,34340,20,,,1,15,,34341,20,,,1,58,,34342,20,,,1,18,,34343,20,,,1,18,,34344,20,,,1,56,,34345,20,,,1,16,,34346,20,,,1,11,,34347,20,,,1,16,,34348,20,,,1,56,,34349,20,,,1,16,,34350,20,,,1,16,,34351,20,,,1,16,,34352,20,,,1,56,,34353,20,,,1,16,,34354,20,,,1
60100,'80',619,,34369,20,,,1,20,,34368,20,,,1,20,,34367,20,,,1,60,,34366,20,,,1,20,,34365,20,,,1,64,,34364,20,,,1,20,,34363,20,,,1,20,,34362,20,,,1,63,,34361,20,,,1,20,,34355,20,,,1,20,,34356,20,,,1,60,,34357,20,,,1,24,,34358,20,,,1,20,,34359,20,,,1,62,,34360,20,,,1,27,,34397,20,,,1,61,,34396,20,,,1,23,,34395,20,,,1,21,,34370,20,,,1,65,,34371,20,,,1,21,,34372,20,,,1,21,,34373,20,,,1,61,,34374,20,,,1,21,,34375,20,,,1,21,,34376,20,,,1,61,,34377,20,,,1,21,,34378,20,,,1,21,,34379,20,,,1,61,,34380,20,,,1,19,,34381,20,,,1,21,,34382,20,,,1,61,,34383,20,,,1,21,,34384,20,,,1,61,,34385,20,,,1,21,,34386,20,,,1,18,,34387,20,,,1,61,,34388,20,,,1,21,,34389,20,,,1,20,,34390,20,,,1,61,,34391,20,,,1,21,,34392,20,,,1,21,,34393,20,,,1,56,,34394,20,,,1,29,,34403,20,,,1,20,,34402,20,,,1,60,,34401,20,,,1,20,,34398,20,,,1,20,,34399,20,,,1,56,,34400,20,,,1,30,,34410,20,,,1,16,,34409,20,,,1,60,,34404,20,,,1,20,,34405,20,,,1,20,,34406,20,,,1,60,,34407,20,,,1,20,,34408,20,,,1
989900,'1',2125,,36830,73,,,1,34,,36831,73,,,1,78,,36832,73,,,1,78,,36833,73,,,1,35,,36834,73,,,1,71,,36835,73,,,1,35,,36836,73,,,1,75,,36837,73,,,1,76,,36838,73,0,5 6,1,35,,36839,73,0,5 6,1,79,,36840,73,0,5 6,1
989900,'2',2129,,36841,73,,,1,94,,36842,73,,,1,86,,36843,73,,,1,92,,36844,73,,,1,46,,36845,73,,,1,86,,36846,73,,,1,83,,36847,73,0,5 6,1,86,,36848,73,0,5 6,1,46,,36849,73,0,5 6,1
989900,'3',2145,,36850,73,,,1,90,,36851,73,,,1,85,,36852,73,,,1,90,,36853,73,,,1,40,,36854,73,,,1,83,,36855,73,,,1,79,,36856,73,0,5 6,1,43,,36857,73,0,5 6,1,83,,36858,73,0,5 6,1
989900,'74',2129,,36859,73,,,1,94,,36860,73,,,1,86,,36861,73,,,1,92,,36862,73,,,1,46,,36863,73,,,1,86,,36864,73,,,1,83,,36865,73,0,5 6,1,86,,36866,73,0,5 6,1,46,,36867,73,0,5 6,1
989900,'80',2145,,36868,73,,,1,90,,36869,73,,,1,85,,36870,73,,,1,90,,36871,73,,,1,40,,36872,73,,,1,83,,36873,73,,,1,79,,36874,73,0,5 6,1,43,,36875,73,0,5 6,1,83,,36876,73,0,5 6,1
