9900,'1',453,,31612,20,,,1,81,,31613,20,,,1,80,,31614,20,,,1,42,,31615,20,,,1,93,,31616,20,,,1,75,,31617,20,,,1,78,,31618,20,,,1,31,,31619,20,,,1,75,,31620,20,,,1,35,,31621,20,,,1,97,,31622,20,,,1,94,,31623,20,,,1,94,,31624,20,,,1,94,,31625,20,,,1,31,,31637,20,,,1,71,,31636,20,,,1,29,,31626,20,,,1,70,,31627,20,,,1,30,,31628,20,,,1,70,,31629,20,,,1,30,,31630,20,,,1,69,,31631,20,,,1,30,,31632,20,,,1,66,,31633,20,,,1,30,,31634,20,,,1,69,,31635,20,,,1
9900,'2',611,,31640,20,,,1,38,,31641,20,,,1,78,,31655,20,,,1,89,,31654,20,,,1,87,,31642,20,,,1,47,,31643,20,,,1,87,,31644,20,,,1,88,,31645,20,,,1,105,,31646,20,,,1,95,,31647,20,,,1,95,,31648,20,,,1,95,,31649,20,,,1,95,,31650,20,,,1,95,,31651,20,,,1,95,,31652,20,,,1,55,,31653,20,,,1,87,,31657,20,,,1,90,,31656,20,,,1
9900,'3',619,,31660,20,,,1,38,,31661,20,,,1,78,,31662,20,,,1,78,,31663,20,,,1,92,,31680,20,,,1,49,,31664,20,,,1,89,,31665,20,,,1,89,,31666,20,,,1,90,,31667,20,,,1,89,,31668,20,,,1,89,,31669,20,,,1,49,,31670,20,,,1,89,,31671,20,,,1,89,,31672,20,,,1,89,,31673,20,,,1,87,,31674,20,,,1,49,,31675,20,,,1,89,,31676,20,,,1,86,,31677,20,,,1
9900,'74',611,,31681,20,,,1,38,,31682,20,,,1,78,,31696,20,,,1,89,,31695,20,,,1,87,,31683,20,,,1,47,,31684,20,,,1,87,,31685,20,,,1,88,,31686,20,,,1,105,,31687,20,,,1,95,,31688,20,,,1,95,,31689,20,,,1,95,,31690,20,,,1,95,,31691,20,,,1,95,,31692,20,,,1,95,,31693,20,,,1,55,,31694,20,,,1,87,,31698,20,,,1,90,,31697,20,,,1
9900,'80',619,,31701,20,,,1,38,,31702,20,,,1,78,,31703,20,,,1,78,,31704,20,,,1,92,,31721,20,,,1,49,,31705,20,,,1,89,,31706,20,,,1,89,,31707,20,,,1,90,,31708,20,,,1,89,,31709,20,,,1,89,,31710,20,,,1,49,,31711,20,,,1,89,,31712,20,,,1,89,,31713,20,,,1,89,,31714,20,,,1,87,,31715,20,,,1,49,,31716,20,,,1,89,,31717,20,,,1,86,,31718,20,,,1
36000,'1',849,,33649,20,,,1,69,,33650,20,,,1,29,,33651,20,,,1,69,,33652,20,,,1,27,,33653,20,,,1,70,,33654,20,,,1,44,,33655,20,,,1,84,,33656,20,,,1,85,,33657,20,,,1,84,,33658,20,,,1,44,,33659,20,,,1,85,,33660,20,,,1,83,,33661,20,,,1,84,,33662,20,,,1,43,,33663,20,,,1,84,,33664,20,,,1,81,,33665,20,,,1,44,,33666,20,,,1,84,,33667,20,,,1,66,,33668,20,,,1,26,,33669,20,,,1,25,,33670,20,,,1,66,,33671,20,,,1
36000,'2',847,,33672,20,,,1,63,,33673,20,,,1,23,,33674,20,,,1,23,,33675,20,,,1,63,,33676,20,,,1,23,,33677,20,,,1,63,,33678,20,,,1,24,,33679,20,,,1,23,,33680,20,,,1,63,,33681,20,,,1,23,,33682,20,,,1,63,,33683,20,,,1,23,,33684,20,,,1,23,,33685,20,,,1,62,,33686,20,,,1,23,,33687,20,,,1,25,,33688,20,,,1,64,,33689,20,,,1,23,,33690,20,,,1,63,,33691,20,,,1,18,,33692,20,,,1,23,,33693,20,,,1,63,,33694,20,,,1,23,,33695,20,,,1,66,,33696,20,,,1,22,,33697,20,,,1,24,,33698,20,,,1,64,,33699,20,,,1,24,,33700,20,,,1,24,,33701,20,,,1,62,,33702,20,,,1,27,,33703,20,,,1,64,,33704,20,,,1,24,,33705,20,,,1,24,,33706,20,,,1,64,,33707,20,,,1
36000,'3',844,,33708,20,,,1,62,,33709,20,,,1,22,,33710,20,,,1,22,,33711,20,,,1,62,,33712,20,,,1,22,,33713,20,,,1,24,,33714,20,,,1,62,,33715,20,,,1,22,,33716,20,,,1,61,,33717,20,,,1,22,,33718,20,,,1,22,,33719,20,,,1,62,,33720,20,,,1,22,,33721,20,,,1,22,,33722,20,,,1,63,,33723,20,,,1,22,,33724,20,,,1,62,,33725,20,,,1,22,,33726,20,,,1,22,,33727,20,,,1,61,,33728,20,,,1,22,,33729,20,,,1,22,,33730,20,,,1,62,,33731,20,,,1,22,,33732,20,,,1,22,,33733,20,,,1,62,,33734,20,,,1,22,,33735,20,,,1,63,,33736,20,,,1,23,,33737,20,,,1,22,,33738,20,,,1,63,,33739,20,,,1,23,,33740,20,,,1,25,,33741,20,,,1,63,,33742,20,,,1,22,,33743,20,,,1,63,,33744,20,,,1,23,,33745,20,,,1
36000,'74',847,,33746,20,,,1,63,,33747,20,,,1,23,,33748,20,,,1,23,,33749,20,,,1,63,,33750,20,,,1,23,,33751,20,,,1,63,,33752,20,,,1,24,,33753,20,,,1,23,,33754,20,,,1,63,,33755,20,,,1,23,,33756,20,,,1,63,,33757,20,,,1,23,,33758,20,,,1,23,,33759,20,,,1,62,,33760,20,,,1,23,,33761,20,,,1,25,,33762,20,,,1,64,,33763,20,,,1,23,,33764,20,,,1,63,,33765,20,,,1,18,,33766,20,,,1,23,,33767,20,,,1,63,,33768,20,,,1,23,,33769,20,,,1,66,,33770,20,,,1,22,,33771,20,,,1,24,,33772,20,,,1,64,,33773,20,,,1,24,,33774,20,,,1,24,,33775,20,,,1,62,,33776,20,,,1,27,,33777,20,,,1,64,,33778,20,,,1,24,,33779,20,,,1,24,,33780,20,,,1,64,,33781,20,,,1,24,,33782,20,,,1
36000,'80',844,,33783,20,,,1,62,,33784,20,,,1,22,,33785,20,,,1,22,,33786,20,,,1,62,,33787,20,,,1,22,,33788,20,,,1,24,,33789,20,,,1,62,,33790,20,,,1,22,,33791,20,,,1,61,,33792,20,,,1,22,,33793,20,,,1,22,,33794,20,,,1,62,,33795,20,,,1,22,,33796,20,,,1,22,,33797,20,,,1,63,,33798,20,,,1,22,,33799,20,,,1,62,,33800,20,,,1,22,,33801,20,,,1,22,,33802,20,,,1,61,,33803,20,,,1,22,,33804,20,,,1,22,,33805,20,,,1,62,,33806,20,,,1,22,,33807,20,,,1,22,,33808,20,,,1,62,,33809,20,,,1,22,,33810,20,,,1,63,,33811,20,,,1,23,,33812,20,,,1,22,,33813,20,,,1,63,,33814,20,,,1,23,,33815,20,,,1,25,,33816,20,,,1,63,,33817,20,,,1,22,,33818,20,,,1,63,,33819,20,,,1,23,,33820,20,,,1
989900,'1',2050,,36830,20,,,1,76,,36831,20,,,1,78,,36832,20,,,1,38,,36833,20,,,1,75,,36834,20,,,1,34,,36835,20,,,1,75,,36836,20,,,1,75,,36837,20,,,1,35,,36838,20,0,5 6,1,75,,36839,20,0,5 6,1,41,,36840,20,0,5 6,1
989900,'2',2053,,36841,20,,,1,94,,36842,20,,,1,90,,36843,20,,,1,94,,36844,20,,,1,86,,36845,20,,,1,86,,36846,20,,,1,45,,36847,20,0,5 6,1,86,,36848,20,0,5 6,1,86,,36849,20,0,5 6,1
989900,'3',2110,,36850,20,,,1,90,,36851,20,,,1,49,,36852,20,,,1,90,,36853,20,,,1,82,,36854,20,,,1,83,,36855,20,,,1,40,,36856,20,0,5 6,1,83,,36857,20,0,5 6,1,83,,36858,20,0,5 6,1
989900,'74',2053,,36859,20,,,1,94,,36860,20,,,1,90,,36861,20,,,1,94,,36862,20,,,1,86,,36863,20,,,1,86,,36864,20,,,1,45,,36865,20,0,5 6,1,86,,36866,20,0,5 6,1,86,,36867,20,0,5 6,1
989900,'80',2110,,36868,20,,,1,90,,36869,20,,,1,49,,36870,20,,,1,90,,36871,20,,,1,82,,36872,20,,,1,83,,36873,20,,,1,40,,36874,20,0,5 6,1,83,,36875,20,0,5 6,1,83,,36876,20,0,5 6,1
