60301,'1',557,,10162,12,,,1,60,,10163,12,,,1,16,,10164,12,,,1,18,,10165,12,,,1,58,,10166,12,,,1,20,,10167,12,,,1,18,,10168,12,,,1,60,,10169,12,,,1,23,,10170,12,,,1,18,,10171,12,,,1,58,,10172,12,,,1,13,,10173,12,,,1,19,,10174,12,,,1,62,,10175,12,,,1,22,,10176,12,,,1,22,,10177,12,,,1,63,,10178,12,,,1,22,,10179,12,,,1,22,,10180,12,,,1,62,,10181,12,,,1,22,,10182,12,,,1,22,,10183,12,,,1,62,,10184,12,,,1,22,,10185,12,,,1,62,,10186,12,,,1,22,,10187,12,,,1,22,,10188,12,,,1,63,,10189,12,,,1,16,,10190,12,,,1,16,,10191,12,,,1,16,,10192,12,,,1,56,,10193,12,,,1,16,,10194,12,,,1,16,,10195,12,,,1,56,,10196,12,,,1,16,,10197,12,,,1,16,,10198,12,,,1,16,,10199,12,,,1,56,,10200,12,,,1,16,,10201,12,,,1,13,,10202,12,,,1,16,,10203,12,,,1,56,,10204,12,,,1,16,,10205,12,,,1,26,,10206,12,,,1,67,,10207,12,,,1,30,,10208,12,,,1,70,,10209,12,,,1,30,,10210,12,,,1,70,,10211,12,,,1,34,,10212,12,,,1,82,,10213,12,,,1,78,,10214,12,,,1
60301,'2',604,,10217,12,,,1,39,,10218,12,,,1,84,,10219,12,,,1,80,,10220,12,,,1,38,,10221,12,,,1,84,,10222,12,,,1,80,,10223,12,,,1,38,,10224,12,,,1,88,,10225,12,,,1,77,,10226,12,,,1,38,,10227,12,,,1,79,,10228,12,,,1,78,,10229,12,,,1,37,,10230,12,,,1,80,,10231,12,,,1,77,,10232,12,,,1,38,,10233,12,,,1,75,,10234,12,,,1,38,,10235,12,,,1,78,,10236,12,,,1,78,,10237,12,,,1,36,,10238,12,,,1,91,,10239,12,,,1,78,,10240,12,,,1,39,,10241,12,,,1,80,,10242,12,,,1,96,,10243,12,,,1,92,,10244,12,,,1,92,,10245,12,,,1
60301,'3',817,,10249,12,,,1,40,,10250,12,,,1,76,,10251,12,,,1,89,,10252,12,,,1,80,,10253,12,,,1,42,,10254,12,,,1,82,,10255,12,,,1,85,,10256,12,,,1,41,,10257,12,,,1,82,,10258,12,,,1,82,,10259,12,,,1,41,,10260,12,,,1,79,,10261,12,,,1,76,,10262,12,,,1,37,,10263,12,,,1,75,,10264,12,,,1,34,,10265,12,,,1,76,,10266,12,,,1,75,,10267,12,,,1,35,,10268,12,,,1,76,,10269,12,,,1,80,,10270,12,,,1,104,,10271,12,,,1,104,,10272,12,,,1,106,,10273,12,,,1
60301,'80',817,,10277,12,,,1,40,,10278,12,,,1,76,,10279,12,,,1,89,,10280,12,,,1,80,,10281,12,,,1,42,,10282,12,,,1,82,,10283,12,,,1,85,,10284,12,,,1,41,,10285,12,,,1,82,,10286,12,,,1,82,,10287,12,,,1,41,,10288,12,,,1,79,,10289,12,,,1,76,,10290,12,,,1,37,,10291,12,,,1,75,,10292,12,,,1,34,,10293,12,,,1,76,,10294,12,,,1,75,,10295,12,,,1,35,,10296,12,,,1,76,,10297,12,,,1,80,,10298,12,,,1,104,,10299,12,,,1,104,,10300,12,,,1,106,,10301,12,,,1
60301,'81',817,,10305,12,,,1,40,,10306,12,,,1,76,,10307,12,,,1,89,,10308,12,,,1,80,,10309,12,,,1,42,,10310,12,,,1,82,,10311,12,,,1,85,,10312,12,,,1,41,,10313,12,,,1,82,,10314,12,,,1,82,,10315,12,,,1,41,,10316,12,,,1,79,,10317,12,,,1,76,,10318,12,,,1,37,,10319,12,,,1,75,,10320,12,,,1,34,,10321,12,,,1,76,,10322,12,,,1,75,,10323,12,,,1,35,,10324,12,,,1,76,,10325,12,,,1,80,,10326,12,,,1,104,,10327,12,,,1,104,,10328,12,,,1,106,,10329,12,,,1
6030101,'1',614,,12362,12,,,1,17,,12363,12,,,1,18,,12364,12,,,1,58,,12365,12,,,1,18,,12366,12,,,1,21,,12367,12,,,1,58,,12368,12,,,1,23,,12369,12,,,1,18,,12370,12,,,1,58,,12371,12,,,1,13,,12372,12,,,1,18,,12373,12,,,1,21,,12374,12,,,1,62,,12375,12,,,1,22,,12376,12,,,1,63,,12377,12,,,1,22,,12378,12,,,1,22,,12379,12,,,1,62,,12380,12,,,1,22,,12381,12,,,1,22,,12382,12,,,1,62,,12383,12,,,1,23,,12384,12,,,1,22,,12385,12,,,1,62,,12386,12,,,1,22,,12387,12,,,1,62,,12388,12,,,1,19,,12389,12,,,1,16,,12390,12,,,1,16,,12391,12,,,1,56,,12392,12,,,1,16,,12393,12,,,1,16,,12394,12,,,1,56,,12395,12,,,1,16,,12396,12,,,1,16,,12397,12,,,1,16,,12398,12,,,1,56,,12399,12,,,1,16,,12400,12,,,1,13,,12401,12,,,1,16,,12402,12,,,1,56,,12403,12,,,1,16,,12404,12,,,1,19,,12405,12,,,1,70,,12406,12,,,1,28,,12407,12,,,1,70,,12408,12,,,1,30,,12409,12,,,1,70,,12410,12,,,1,29,,12411,12,,,1,80,,12412,12,,,1,40,,12413,12,,,1,79,,12414,12,,,1
6030101,'2',628,,12415,12,,,1,80,,12416,12,,,1,41,,12417,12,,,1,80,,12418,12,,,1,81,,12419,12,,,1,44,,12420,12,,,1,78,,12421,12,,,1,88,,12435,12,,,1,38,,12434,12,,,1,81,,12422,12,,,1,78,,12423,12,,,1,38,,12424,12,,,1,78,,12425,12,,,1,77,,12426,12,,,1,42,,12427,12,,,1,78,,12428,12,,,1,78,,12429,12,,,1,32,,12430,12,,,1,85,,12431,12,,,1,32,,12432,12,,,1,76,,12433,12,,,1,90,,12437,12,,,1,36,,12436,12,,,1,80,,12441,12,,,1,83,,12442,12,,,1,90,,12446,12,,,1,88,,12443,12,,,1,52,,12444,12,,,1,92,,12445,12,,,1
6030101,'3',804,,12447,12,,,1,36,,12448,12,,,1,79,,12449,12,,,1,83,,12458,12,,,1,44,,12450,12,,,1,83,,12451,12,,,1,82,,12452,12,,,1,42,,12453,12,,,1,85,,12454,12,,,1,82,,12455,12,,,1,39,,12456,12,,,1,82,,12457,12,,,1,82,,12468,12,,,1,78,,12459,12,,,1,37,,12460,12,,,1,76,,12461,12,,,1,33,,12462,12,,,1,77,,12463,12,,,1,76,,12464,12,,,1,31,,12465,12,,,1,78,,12466,12,,,1,33,,12467,12,,,1,95,,12469,12,,,1,106,,12470,12,,,1,106,,12471,12,,,1,106,,12475,12,,,1
6030101,'80',804,,12476,12,,,1,36,,12477,12,,,1,79,,12478,12,,,1,83,,12487,12,,,1,44,,12479,12,,,1,83,,12480,12,,,1,82,,12481,12,,,1,42,,12482,12,,,1,85,,12483,12,,,1,82,,12484,12,,,1,39,,12485,12,,,1,82,,12486,12,,,1,82,,12497,12,,,1,78,,12488,12,,,1,37,,12489,12,,,1,76,,12490,12,,,1,33,,12491,12,,,1,77,,12492,12,,,1,76,,12493,12,,,1,31,,12494,12,,,1,78,,12495,12,,,1,33,,12496,12,,,1,95,,12498,12,,,1,106,,12499,12,,,1,106,,12500,12,,,1,106,,12504,12,,,1
6030101,'81',804,,12505,12,,,1,36,,12506,12,,,1,79,,12507,12,,,1,83,,12516,12,,,1,44,,12508,12,,,1,83,,12509,12,,,1,82,,12510,12,,,1,42,,12511,12,,,1,85,,12512,12,,,1,82,,12513,12,,,1,39,,12514,12,,,1,82,,12515,12,,,1,82,,12526,12,,,1,78,,12517,12,,,1,37,,12518,12,,,1,76,,12519,12,,,1,33,,12520,12,,,1,77,,12521,12,,,1,76,,12522,12,,,1,31,,12523,12,,,1,78,,12524,12,,,1,33,,12525,12,,,1,95,,12527,12,,,1,106,,12528,12,,,1,106,,12529,12,,,1,106,,12533,12,,,1
