1601,'1',516,,26620,5,,,1,22,,26621,5,,,1,62,,26622,5,,,1,19,,26623,5,,,1,7,,26588,46,,,1,25,,26587,46,,,1,62,,26579,46,,,1,22,,26580,46,,,1,70,,26581,46,,,1,22,,26582,46,,,1,22,,26583,46,,,1,62,,26584,46,,,1,9,,26585,46,,,1,26,,26586,46,,,1,61,,26599,46,,,1,24,,26598,46,,,1,28,,26589,46,,,1,72,,26590,46,,,1,71,,26591,46,,,1,29,,26592,46,,,1,71,,26593,46,,,1,31,,26594,46,,,1,69,,26595,46,,,1,22,,26624,5,,,1,13,,26596,46,,,1,70,,26597,46,,,1,21,,26616,46,,,1,23,,26615,46,,,1,63,,26600,46,,,1,17,,26601,46,,,1,69,,26602,46,,,1,24,,26603,46,,,1,23,,26604,46,,,1,63,,26605,46,,,1,20,,26606,46,,,1,23,,26607,46,,,1,58,,26608,46,,,1,23,,26609,46,,,1,23,,26610,46,,,1,63,,26611,46,,,1,23,,26612,46,,,1,63,,26613,46,,,1,20,,26614,46,,,1,28,,26619,46,,,1,74,,26617,46,,,1,30,,26618,46,,,1,74,,26625,46,,,1
1601,'2',624,,26652,5,,,1,78,,26653,5,,,1,30,,26635,46,,,1,80,,26626,46,,,1,38,,26627,46,,,1,78,,26628,46,,,1,78,,26629,46,,,1,38,,26630,46,,,1,78,,26631,46,,,1,79,,26632,46,,,1,38,,26633,46,,,1,78,,26634,46,,,1,42,,26644,46,,,1,82,,26636,46,,,1,81,,26637,46,,,1,81,,26638,46,,,1,40,,26639,46,,,1,81,,26640,46,,,1,81,,26641,46,,,1,41,,26642,46,,,1,77,,26643,46,,,1,81,,26651,46,,,1,32,,26645,46,,,1,76,,26646,46,,,1,38,,26647,46,,,1,72,,26648,46,,,1,36,,26649,46,,,1,73,,26650,46,,,1
1601,'3',812,,26654,46,,,1,95,,26655,46,,,1,96,,26656,46,,,1,55,,26657,46,,,1,95,,26658,46,,,1,95,,26659,46,,,1,98,,26660,46,,,1,96,,26661,46,,,1,98,,26662,46,,,1,98,,26663,46,,,1,99,,26664,46,,,1,92,,26665,46,,,1,90,,26666,46,,,1,92,,26667,46,,,1,92,,26668,46,,,1,49,,26669,46,,,1
1601,'74',624,,26696,5,,,1,78,,26697,5,,,1,30,,26679,46,,,1,80,,26670,46,,,1,38,,26671,46,,,1,78,,26672,46,,,1,78,,26673,46,,,1,38,,26674,46,,,1,78,,26675,46,,,1,79,,26676,46,,,1,38,,26677,46,,,1,78,,26678,46,,,1,42,,26688,46,,,1,82,,26680,46,,,1,81,,26681,46,,,1,81,,26682,46,,,1,40,,26683,46,,,1,81,,26684,46,,,1,81,,26685,46,,,1,41,,26686,46,,,1,77,,26687,46,,,1,81,,26695,46,,,1,32,,26689,46,,,1,76,,26690,46,,,1,38,,26691,46,,,1,72,,26692,46,,,1,36,,26693,46,,,1,73,,26694,46,,,1
1601,'80',812,,26698,46,,,1,95,,26699,46,,,1,96,,26700,46,,,1,55,,26701,46,,,1,95,,26702,46,,,1,95,,26703,46,,,1,98,,26704,46,,,1,96,,26705,46,,,1,98,,26706,46,,,1,98,,26707,46,,,1,99,,26708,46,,,1,92,,26709,46,,,1,90,,26710,46,,,1,92,,26711,46,,,1,92,,26712,46,,,1,49,,26713,46,,,1
8501,'1',509,,29801,5,,,1,16,,29800,5,,,1,16,,29799,5,,,1,16,,29798,5,,,1,56,,29797,5,,,1,16,,29796,5,,,1,16,,29795,5,,,1,56,,29787,5,,,1,16,,29788,5,,,1,16,,29789,5,,,1,16,,29790,5,,,1,56,,29791,5,,,1,16,,29792,5,,,1,16,,29793,5,,,1,15,,29794,5,,,1,66,,29811,5,,,1,25,,29810,5,,,1,65,,29809,5,,,1,25,,29802,5,,,1,25,,29803,5,,,1,65,,29804,5,,,1,25,,29805,5,,,1,65,,29806,5,,,1,25,,29807,5,,,1,65,,29808,5,,,1,25,,29812,5,,,1,25,,29813,5,,,1,60,,29814,5,,,1,16,,29841,5,,,1,16,,29842,5,,,1,56,,29831,5,,,1,15,,29830,5,,,1,16,,29829,5,,,1,20,,29828,5,,,1,56,,29827,5,,,1,16,,29815,5,,,1,19,,29816,5,,,1,13,,29817,5,,,1,61,,29818,5,,,1,16,,29819,5,,,1,11,,29820,5,,,1,59,,29821,5,,,1,13,,29822,5,,,1,16,,29823,5,,,1,16,,29824,5,,,1,56,,29825,5,,,1,20,,29826,5,,,1,32,,29834,5,,,1,69,,29833,5,,,1,25,,29832,5,,,1,62,,29838,5,,,1,29,,29837,5,,,1,72,,29835,5,,,1,32,,29836,5,,,1
8501,'2',633,,29858,5,,,1,70,,29859,5,,,1,30,,29860,5,,,1,70,,29861,5,,,1,30,,29862,5,,,1,70,,29863,5,,,1,30,,29864,5,,,1,70,,29865,5,,,1,30,,29866,5,,,1,70,,29843,5,,,1,23,,29844,5,,,1,24,,29845,5,,,1,63,,29846,5,,,1,23,,29847,5,,,1,23,,29848,5,,,1,63,,29849,5,,,1,23,,29850,5,,,1,63,,29851,5,,,1,23,,29852,5,,,1,23,,29853,5,,,1,63,,29854,5,,,1,23,,29855,5,,,1,63,,29856,5,,,1,22,,29857,5,,,1,21,,29867,5,,,1,62,,29868,5,,,1,23,,29869,5,,,1,21,,29870,5,,,1,61,,29871,5,,,1,18,,29872,5,,,1,21,,29873,5,,,1,61,,29874,5,,,1,21,,29875,5,,,1,21,,29876,5,,,1,61,,29877,5,,,1,21,,29878,5,,,1,21,,29879,5,,,1,70,,29880,5,,,1,30,,29881,5,,,1,70,,29882,5,,,1
8501,'3',825,,29885,5,,,1,80,,29886,5,,,1,40,,29887,5,,,1,80,,29888,5,,,1,83,,29889,5,,,1,43,,29890,5,,,1,83,,29891,5,,,1,83,,29892,5,,,1,83,,29893,5,,,1,43,,29894,5,,,1,83,,29895,5,,,1,82,,29896,5,,,1,42,,29897,5,,,1,84,,29898,5,,,1,76,,29899,5,,,1,41,,29900,5,,,1,83,,29901,5,,,1,79,,29883,5,,,1,41,,29884,5,,,1
8501,'74',633,,29902,5,,,1,70,,29903,5,,,1,30,,29904,5,,,1,70,,29905,5,,,1,30,,29906,5,,,1,70,,29907,5,,,1,30,,29908,5,,,1,70,,29909,5,,,1,30,,29910,5,,,1,70,,29911,5,,,1,23,,29912,5,,,1,24,,29913,5,,,1,63,,29914,5,,,1,23,,29915,5,,,1,23,,29916,5,,,1,63,,29917,5,,,1,23,,29918,5,,,1,63,,29919,5,,,1,23,,29920,5,,,1,23,,29921,5,,,1,63,,29922,5,,,1,23,,29923,5,,,1,63,,29924,5,,,1,22,,29925,5,,,1,21,,29926,5,,,1,62,,29927,5,,,1,23,,29928,5,,,1,21,,29929,5,,,1,61,,29930,5,,,1,18,,29931,5,,,1,21,,29932,5,,,1,61,,29933,5,,,1,21,,29934,5,,,1,21,,29935,5,,,1,61,,29936,5,,,1,21,,29937,5,,,1,21,,29938,5,,,1,70,,29939,5,,,1,30,,29940,5,,,1,70,,29941,5,,,1
8501,'80',825,,29942,5,,,1,80,,29943,5,,,1,40,,29944,5,,,1,80,,29945,5,,,1,83,,29946,5,,,1,43,,29947,5,,,1,83,,29948,5,,,1,83,,29949,5,,,1,83,,29950,5,,,1,43,,29951,5,,,1,83,,29952,5,,,1,82,,29953,5,,,1,42,,29954,5,,,1,84,,29955,5,,,1,76,,29958,5,,,1,41,,29959,5,,,1,83,,29960,5,,,1,79,,29956,5,,,1,41,,29957,5,,,1
