9901,'1',416,,7366,27,,,1,41,,7367,27,,,1,80,,7368,27,,,1,82,,7369,27,,,1,40,,7370,27,,,1,75,,7371,27,,,1,70,,7372,27,,,1,43,,7373,27,,,1,74,,7374,27,,,1,35,,7375,27,,,1,94,,7376,27,,,1,98,,7377,27,,,1,94,,7378,27,,,1,94,,7379,27,,,1,100,,7380,27,,,1,66,,7381,27,,,1,30,,7382,27,,,1,70,,7383,27,,,1,30,,7384,27,,,1,70,,7385,27,,,1,30,,7386,27,,,1,70,,7387,27,,,1,28,,7388,27,,,1,70,,7389,27,,,1,26,,7390,27,,,1,30,,7391,27,,,1,70,,7392,27,,,1,25,,7393,27,,,1,71,,7394,27,,,1,85,,7395,27,,,1
9901,'2',538,,7396,27,,,1,77,,7397,27,,,1,37,,7398,27,,,1,77,,7399,27,,,1,87,,7400,27,,,1,92,,7401,27,,,1,48,,7402,27,,,1,87,,7403,27,,,1,102,,7404,27,,,1,97,,7405,27,,,1,95,,7406,27,,,1,95,,7407,27,,,1,95,,7408,27,,,1,95,,7409,27,,,1,92,,7410,27,,,1,94,,7411,27,,,1,95,,7412,27,,,1,51,,7413,27,,,1,85,,7414,27,,,1,85,,7415,27,,,1
9901,'3',542,,7416,27,,,1,81,,7417,27,,,1,78,,7418,27,,,1,38,,7419,27,,,1,78,,7420,27,,,1,93,,7421,27,,,1,49,,7422,27,,,1,89,,7423,27,,,1,89,,7424,27,,,1,93,,7425,27,,,1,89,,7426,27,,,1,89,,7427,27,,,1,49,,7428,27,,,1,89,,7429,27,,,1,89,,7430,27,,,1,89,,7431,27,,,1,85,,7432,27,,,1,49,,7433,27,,,1,89,,7434,27,,,1,86,,7435,27,,,1,89,,7436,27,,,1,79,,7437,27,,,1
9901,'80',542,,7438,27,,,1,81,,7439,27,,,1,78,,7440,27,,,1,38,,7441,27,,,1,78,,7442,27,,,1,93,,7443,27,,,1,49,,7444,27,,,1,89,,7445,27,,,1,89,,7446,27,,,1,93,,7447,27,,,1,89,,7448,27,,,1,89,,7449,27,,,1,49,,7450,27,,,1,89,,7451,27,,,1,89,,7452,27,,,1,89,,7453,27,,,1,85,,7454,27,,,1,49,,7455,27,,,1,89,,7456,27,,,1,86,,7457,27,,,1,89,,7458,27,,,1,79,,7459,27,,,1
9901,'81',542,,7460,27,,,1,81,,7461,27,,,1,78,,7462,27,,,1,38,,7463,27,,,1,78,,7464,27,,,1,93,,7465,27,,,1,49,,7466,27,,,1,89,,7467,27,,,1,89,,7468,27,,,1,93,,7469,27,,,1,89,,7470,27,,,1,89,,7471,27,,,1,49,,7472,27,,,1,89,,7473,27,,,1,89,,7474,27,,,1,89,,7475,27,,,1,85,,7476,27,,,1,49,,7477,27,,,1,89,,7478,27,,,1,86,,7479,27,,,1,89,,7480,27,,,1,79,,7481,27,,,1
36001,'2',955,,9097,8,,,1,76,,9098,8,,,1,76,,9099,8,,,1,30,,9100,8,,,1,78,,9113,8,,,1,34,,9101,8,,,1,68,,9102,8,,,1,28,,9103,8,,,1,66,,9104,8,,,1,28,,9105,8,,,1,69,,9106,8,,,1,27,,9107,8,,,1,68,,9108,8,,,1,31,,9109,8,,,1,68,,9110,8,,,1,28,,9111,8,,,1,25,,9112,8,,,1,69,,9117,8,,,1,85,,9114,8,,,1,37,,9115,8,,,1,79,,9116,8,,,1,79,,9121,8,,,1,29,,9118,8,,,1,26,,9119,8,,,1,69,,9120,8,,,1
36001,'80',1051,,9122,8,,,1,71,,9123,8,,,1,34,,9124,8,,,1,71,,9125,8,,,1,28,,9126,8,,,1,68,,9127,8,,,1,29,,9128,8,,,1,68,,9129,8,,,1,26,,9130,8,,,1,71,,9131,8,,,1,28,,9132,8,,,1,68,,9133,8,,,1,28,,9134,8,,,1,68,,9135,8,,,1,28,,9136,8,,,1,69,,9137,8,,,1,28,,9138,8,,,1,73,,9139,8,,,1,28,,9140,8,,,1,22,,9141,8,,,1,68,,9142,8,,,1
36001,'32681.3',1051,,9143,8,,,1,71,,9144,8,,,1,34,,9145,8,,,1,71,,9146,8,,,1,28,,9147,8,,,1,68,,9148,8,,,1,29,,9149,8,,,1,68,,9150,8,,,1,26,,9151,8,,,1,71,,9152,8,,,1,28,,9153,8,,,1,68,,9154,8,,,1,28,,9155,8,,,1,68,,9156,8,,,1,28,,9157,8,,,1,69,,9158,8,,,1,28,,9159,8,,,1,73,,9160,8,,,1,28,,9161,8,,,1,22,,9162,8,,,1,68,,9163,8,,,1
989901,'1',2242,,11627,82,,,1,69,,11628,82,,,1,38,,11629,82,,,1,75,,11630,82,,,1,35,,11631,82,,,1,70,,11632,82,,,1,75,,11633,82,,,1,35,,11634,82,,,1
989901,'2',2250,,11635,82,,,1,87,,11636,82,,,1,81,,11637,82,,,1,91,,11640,82,,,1,45,,11638,82,,,1,86,,11639,82,,,1
989901,'3',2258,,11641,82,,,1,87,,11642,82,,,1,83,,11643,82,,,1,86,,11644,82,,,1,39,,11645,82,,,1,83,,11646,82,,,1
989901,'80',2258,,11647,82,,,1,87,,11648,82,,,1,83,,11649,82,,,1,86,,11650,82,,,1,39,,11651,82,,,1,83,,11652,82,,,1
989901,'81',2258,,11653,82,,,1,87,,11654,82,,,1,83,,11655,82,,,1,86,,11656,82,,,1,39,,11657,82,,,1,83,,11658,82,,,1
