9600,'1',613,,6908,13,,,1,42,,6907,13,,,1,71,,6906,13,,,1,77,,6905,13,,,1,27,,6904,13,,,1,80,,6901,13,,,1,34,,6902,13,,,1,70,,6903,13,,,1,32,,6916,13,,,1,70,,6915,13,,,1,39,,6909,13,,,1,79,,6910,13,,,1,79,,6911,13,,,1,41,,6912,13,,,1,65,,6913,13,,,1,86,,6914,13,,,1,43,,6922,13,,,1,67,,6921,13,,,1,28,,6920,13,,,1,68,,6917,13,,,1,27,,6918,13,,,1,63,,6919,13,,,1,27,,6925,13,,,1,25,,6926,13,,,1,53,,6936,13,,,1,14,,6924,13,,,1,25,,6923,13,,,1,74,,6933,13,,,1,30,,6932,13,,,1,55,,6935,13,,,1,15,,6927,13,,,1,30,,6928,13,,,1,70,,6929,13,,,1,30,,6930,13,,,1,70,,6931,13,,,1,17,,6934,13,,,1
9600,'2',937,,6937,13,,,1,99,,6938,13,,,1,99,,6939,13,,,1,99,,6940,13,,,1,99,,6941,13,,,1,99,,6942,13,,,1,99,,6943,13,,,1,99,,6944,13,,,1,96,,6945,13,,,1,97,,6946,13,,,1,87,,6947,13,,,1,47,,6948,13,,,1,97,,6949,13,,,1
9600,'3',1031,,6950,13,,,1,94,,6951,13,,,1,94,,6952,13,,,1,94,,6953,13,,,1,94,,6954,13,,,1,94,,6955,13,,,1,54,,6956,13,,,1,94,,6957,13,,,1,93,,6958,13,,,1,94,,6959,13,,,1,94,,6960,13,,,1,93,,6961,13,,,1
9600,'80',1031,,6962,13,,,1,94,,6963,13,,,1,94,,6964,13,,,1,94,,6965,13,,,1,94,,6966,13,,,1,94,,6967,13,,,1,54,,6968,13,,,1,94,,6969,13,,,1,93,,6970,13,,,1,94,,6971,13,,,1,94,,6972,13,,,1,93,,6973,13,,,1
9600,'81',1031,,6974,13,,,1,94,,6975,13,,,1,94,,6976,13,,,1,94,,6977,13,,,1,94,,6978,13,,,1,94,,6979,13,,,1,54,,6980,13,,,1,94,,6981,13,,,1,93,,6982,13,,,1,94,,6983,13,,,1,94,,6984,13,,,1,93,,6985,13,,,1
10700,'1',454,,7861,13,,,1,64,,7860,13,,,1,24,,7859,13,,,1,64,,7858,13,,,1,19,,7857,13,,,1,16,,7856,13,,,1,61,,7855,13,,,1,11,,7854,13,,,1,16,,7853,13,,,1,19,,7852,13,,,1,56,,7851,13,,,1,12,,7850,13,,,1,16,,7849,13,,,1,16,,7848,13,,,1,55,,7847,13,,,1,43,,7846,13,,,1,82,,7845,13,,,1,82,,7844,13,,,1,42,,7843,13,,,1,84,,7842,13,,,1,82,,7841,13,,,1,82,,7840,13,,,1,20,,7839,13,,,1,18,,7838,13,,,1,18,,7889,13,,,1,59,,7888,13,,,1,19,,7887,13,,,1,18,,7886,13,,,1,58,,7885,13,,,1,22,,7884,13,,,1,16,,7883,13,,,1,58,,7882,13,,,1,18,,7881,13,,,1,20,,7880,13,,,1,56,,7879,13,,,1,18,,7878,13,,,1,14,,7877,13,,,1,18,,7876,13,,,1,79,,7875,13,,,1,81,,7874,13,,,1,38,,7873,13,,,1,80,,7872,13,,,1,74,,7871,13,,,1,34,,7870,13,,,1,74,,7869,13,,,1,34,,7868,13,,,1,74,,7867,13,,,1,34,,7866,13,,,1,74,,7865,13,,,1,74,,7864,13,,,1,31,,7863,13,,,1,74,,7862,13,,,1
10700,'2',629,,7892,13,,,1,78,,7891,13,,,1,37,,7890,13,,,1,77,,7893,13,,,1,37,,7894,13,,,1,77,,7895,13,,,1,77,,7896,13,,,1,37,,7897,13,,,1,77,,7898,13,,,1,77,,7899,13,,,1,36,,7900,13,,,1,77,,7901,13,,,1,37,,7902,13,,,1,77,,7903,13,,,1,77,,7904,13,,,1,37,,7905,13,,,1,76,,7906,13,,,1,37,,7907,13,,,1,77,,7908,13,,,1,77,,7909,13,,,1,37,,7910,13,,,1,77,,7911,13,,,1,77,,7912,13,,,1,37,,7913,13,,,1,77,,7914,13,,,1,37,,7915,13,,,1,77,,7916,13,,,1,77,,7917,13,,,1,37,,7918,13,,,1,77,,7919,13,,,1,37,,7920,13,,,1,76,,7921,13,,,1,77,,7923,13,,,1,37,,7922,13,,,1
10700,'3',819,,7937,13,,,1,37,,7938,13,,,1,77,,7939,13,,,1,77,,7940,13,,,1,37,,7941,13,,,1,77,,7942,13,,,1,77,,7943,13,,,1,37,,7944,13,,,1,77,,7945,13,,,1,37,,7946,13,,,1,76,,7947,13,,,1,77,,7948,13,,,1,37,,7952,13,,,1,77,,7951,13,,,1,37,,7953,13,,,1,77,,7954,13,,,1,77,,7955,13,,,1,37,,7956,13,,,1,77,,7924,13,,,1,77,,7925,13,,,1,37,,7926,13,,,1,77,,7949,13,,,1,37,,7927,13,,,1,77,,7928,13,,,1,77,,7929,13,,,1,37,,7930,13,,,1,77,,7931,13,,,1,37,,7932,13,,,1,77,,7933,13,,,1,77,,7950,13,,,1,37,,7934,13,,,1
10700,'80',819,,7970,13,,,1,37,,7971,13,,,1,77,,7972,13,,,1,77,,7973,13,,,1,37,,7974,13,,,1,77,,7975,13,,,1,77,,7976,13,,,1,37,,7977,13,,,1,77,,7978,13,,,1,37,,7979,13,,,1,76,,7980,13,,,1,77,,7981,13,,,1,37,,7985,13,,,1,77,,7984,13,,,1,37,,7986,13,,,1,77,,7987,13,,,1,77,,7988,13,,,1,37,,7989,13,,,1,77,,7957,13,,,1,77,,7958,13,,,1,37,,7959,13,,,1,77,,7982,13,,,1,37,,7960,13,,,1,77,,7961,13,,,1,77,,7962,13,,,1,37,,7963,13,,,1,77,,7964,13,,,1,37,,7965,13,,,1,77,,7966,13,,,1,77,,7983,13,,,1,37,,7967,13,,,1
10700,'81',819,,7995,13,,,1,37,,7996,13,,,1,77,,7997,13,,,1,77,,7998,13,,,1,37,,7999,13,,,1,77,,8000,13,,,1,77,,8001,13,,,1,37,,8002,13,,,1,77,,8003,13,,,1,37,,8004,13,,,1,76,,8005,13,,,1,77,,8006,13,,,1,37,,8009,13,,,1,77,,8008,13,,,1,37,,8010,13,,,1,77,,8011,13,,,1,77,,8012,13,,,1,37,,8013,13,,,1,77,,7990,13,,,1,77,,7991,13,,,1,37,,7992,13,,,1,77,,8007,13,,,1,37,,8014,13,,,1,77,,8015,13,,,1,77,,8016,13,,,1,37,,8017,13,,,1,77,,8018,13,,,1,37,,8019,13,,,1,77,,8020,13,,,1,77,,8022,13,,,1,37,,8021,13,,,1
