60300,'1',525,,9994,23,4,,1,20,,9995,23,4,,1,63,,9996,23,4,,1,22,,9997,23,4,,1,24,,9998,23,4,,1,58,,9999,23,4,,1,25,,10000,23,4,,1,18,,10001,23,4,,1,58,,10002,23,4,,1,22,,10003,23,4,,1,18,,10004,23,4,,1,58,,10005,23,4,,1,18,,10006,23,4,,1,18,,10007,23,4,,1,58,,10008,23,4,,1,22,,10009,23,4,,1,22,,10010,23,4,,1,62,,10011,23,4,,1,24,,10012,23,4,,1,22,,10013,23,4,,1,62,,10014,23,4,,1,22,,10015,23,4,,1,62,,10016,23,4,,1,22,,10017,23,4,,1,23,,10018,23,4,,1,62,,10019,23,4,,1,22,,10020,23,4,,1,22,,10021,23,4,,1,62,,10022,23,4,,1,24,,10023,23,4,,1,16,,10024,23,4,,1,56,,10025,23,4,,1,16,,10026,23,4,,1,16,,10027,23,4,,1,56,,10028,23,4,,1,16,,10029,23,4,,1,16,,10030,23,4,,1,16,,10031,23,4,,1,57,,10032,23,4,,1,16,,10033,23,4,,1,14,,10034,23,4,,1,16,,10035,23,4,,1,49,,10036,23,4,,1,16,,10037,23,4,,1,16,,10038,23,4,,1,11,,10039,23,4,,1,70,,10040,23,4,,1,30,,10041,23,4,,1,70,,10042,23,4,,1,28,,10043,23,4,,1,66,,10044,23,4,,1,30,,10045,23,4,,1,80,,10046,23,4,,1,38,,10047,23,4,,1,82,,10048,23,4,,1,87,,10049,23,4,,1
60300,'2',557,,10050,23,4,,1,82,,10051,23,4,,1,80,,10052,23,4,,1,82,,10053,23,4,,1,40,,10054,23,4,,1,85,,10055,23,4,,1,85,,10056,23,4,,1,42,,10057,23,4,,1,78,,10058,23,4,,1,78,,10059,23,4,,1,43,,10060,23,4,,1,74,,10061,23,4,,1,78,,10062,23,4,,1,38,,10063,23,4,,1,78,,10064,23,4,,1,39,,10065,23,4,,1,78,,10066,23,4,,1,78,,10067,23,4,,1,33,,10068,23,4,,1,81,,10069,23,4,,1,76,,10070,23,4,,1,38,,10071,23,4,,1,76,,10072,23,4,,1,40,,10073,23,4,,1,79,,10074,23,4,,1,76,,10075,23,4,,1,44,,10076,23,4,,1,89,,10077,23,4,,1,92,,10078,23,4,,1
60300,'3',740,,10079,23,4,,1,76,,10080,23,4,,1,40,,10081,23,4,,1,78,,10082,23,4,,1,82,,10083,23,4,,1,86,,10084,23,4,,1,45,,10085,23,4,,1,82,,10086,23,4,,1,82,,10087,23,4,,1,42,,10088,23,4,,1,83,,10089,23,4,,1,84,,10090,23,4,,1,39,,10091,23,4,,1,77,,10092,23,4,,1,74,,10093,23,4,,1,36,,10094,23,4,,1,74,,10095,23,4,,1,35,,10096,23,4,,1,72,,10097,23,4,,1,76,,10098,23,4,,1,34,,10099,23,4,,1,75,,10100,23,4,,1,91,,10101,23,4,,1,105,,10102,23,4,,1,101,,10103,23,4,,1,106,,10104,23,4,,1
60300,'80',740,,10105,23,4,,1,76,,10106,23,4,,1,40,,10107,23,4,,1,78,,10108,23,4,,1,82,,10109,23,4,,1,86,,10110,23,4,,1,45,,10111,23,4,,1,82,,10112,23,4,,1,82,,10113,23,4,,1,42,,10114,23,4,,1,83,,10115,23,4,,1,84,,10116,23,4,,1,39,,10117,23,4,,1,77,,10118,23,4,,1,74,,10119,23,4,,1,36,,10120,23,4,,1,74,,10121,23,4,,1,35,,10122,23,4,,1,72,,10123,23,4,,1,76,,10124,23,4,,1,34,,10125,23,4,,1,75,,10126,23,4,,1,91,,10127,23,4,,1,105,,10128,23,4,,1,101,,10129,23,4,,1,106,,10130,23,4,,1
60300,'81',740,,10131,23,4,,1,76,,10132,23,4,,1,40,,10133,23,4,,1,78,,10134,23,4,,1,82,,10135,23,4,,1,86,,10136,23,4,,1,45,,10137,23,4,,1,82,,10138,23,4,,1,82,,10139,23,4,,1,42,,10140,23,4,,1,83,,10141,23,4,,1,84,,10142,23,4,,1,39,,10143,23,4,,1,77,,10144,23,4,,1,74,,10145,23,4,,1,36,,10146,23,4,,1,74,,10147,23,4,,1,35,,10148,23,4,,1,72,,10149,23,4,,1,76,,10150,23,4,,1,34,,10151,23,4,,1,75,,10152,23,4,,1,91,,10153,23,4,,1,105,,10154,23,4,,1,101,,10155,23,4,,1,106,,10156,23,4,,1
60301,'1',536,,10162,1,,,1,20,,10163,1,,,1,56,,10164,1,,,1,18,,10165,1,,,1,18,,10166,1,,,1,58,,10167,1,,,1,18,,10168,1,,,1,18,,10169,1,,,1,58,,10170,1,,,1,18,,10171,1,,,1,18,,10172,1,,,1,18,,10173,1,,,1,59,,10174,1,,,1,22,,10175,1,,,1,22,,10176,1,,,1,62,,10177,1,,,1,22,,10178,1,,,1,62,,10179,1,,,1,22,,10180,1,,,1,22,,10181,1,,,1,62,,10182,1,,,1,22,,10183,1,,,1,22,,10184,1,,,1,62,,10185,1,,,1,22,,10186,1,,,1,22,,10187,1,,,1,62,,10188,1,,,1,22,,10189,1,,,1,16,,10190,1,,,1,56,,10191,1,,,1,16,,10192,1,,,1,16,,10193,1,,,1,56,,10194,1,,,1,16,,10195,1,,,1,16,,10196,1,,,1,16,,10197,1,,,1,56,,10198,1,,,1,16,,10199,1,,,1,16,,10200,1,,,1,16,,10201,1,,,1,56,,10202,1,,,1,16,,10203,1,,,1,16,,10204,1,,,1,16,,10205,1,,,1,66,,10206,1,,,1,30,,10207,1,,,1,70,,10208,1,,,1,30,,10209,1,,,1,70,,10210,1,,,1,30,,10211,1,,,1,74,,10212,1,,,1,82,,10213,1,,,1,42,,10214,1,,,1
60301,'2',543,,10217,1,,,1,80,,10218,1,,,1,80,,10219,1,,,1,40,,10220,1,,,1,80,,10221,1,,,1,80,,10222,1,,,1,40,,10223,1,,,1,80,,10224,1,,,1,84,,10225,1,,,1,38,,10226,1,,,1,78,,10227,1,,,1,78,,10228,1,,,1,38,,10229,1,,,1,78,,10230,1,,,1,38,,10231,1,,,1,78,,10232,1,,,1,78,,10233,1,,,1,38,,10234,1,,,1,78,,10235,1,,,1,78,,10236,1,,,1,38,,10237,1,,,1,78,,10238,1,,,1,91,,10239,1,,,1,40,,10240,1,,,1,80,,10241,1,,,1,80,,10242,1,,,1,100,,10243,1,,,1,92,,10244,1,,,1,52,,10245,1,,,1
60301,'3',757,,10249,1,,,1,76,,10250,1,,,1,76,,10251,1,,,1,46,,10252,1,,,1,82,,10253,1,,,1,82,,10254,1,,,1,82,,10255,1,,,1,42,,10256,1,,,1,82,,10257,1,,,1,82,,10258,1,,,1,42,,10259,1,,,1,82,,10260,1,,,1,80,,10261,1,,,1,36,,10262,1,,,1,76,,10263,1,,,1,36,,10264,1,,,1,76,,10265,1,,,1,76,,10266,1,,,1,36,,10267,1,,,1,76,,10268,1,,,1,36,,10269,1,,,1,81,,10270,1,,,1,106,,10271,1,,,1,106,,10272,1,,,1,106,,10273,1,,,1
60301,'80',757,,10277,1,,,1,76,,10278,1,,,1,76,,10279,1,,,1,46,,10280,1,,,1,82,,10281,1,,,1,82,,10282,1,,,1,82,,10283,1,,,1,42,,10284,1,,,1,82,,10285,1,,,1,82,,10286,1,,,1,42,,10287,1,,,1,82,,10288,1,,,1,80,,10289,1,,,1,36,,10290,1,,,1,76,,10291,1,,,1,36,,10292,1,,,1,76,,10293,1,,,1,76,,10294,1,,,1,36,,10295,1,,,1,76,,10296,1,,,1,36,,10297,1,,,1,81,,10298,1,,,1,106,,10299,1,,,1,106,,10300,1,,,1,106,,10301,1,,,1
60301,'81',757,,10305,1,,,1,76,,10306,1,,,1,76,,10307,1,,,1,46,,10308,1,,,1,82,,10309,1,,,1,82,,10310,1,,,1,82,,10311,1,,,1,42,,10312,1,,,1,82,,10313,1,,,1,82,,10314,1,,,1,42,,10315,1,,,1,82,,10316,1,,,1,80,,10317,1,,,1,36,,10318,1,,,1,76,,10319,1,,,1,36,,10320,1,,,1,76,,10321,1,,,1,76,,10322,1,,,1,36,,10323,1,,,1,76,,10324,1,,,1,36,,10325,1,,,1,81,,10326,1,,,1,106,,10327,1,,,1,106,,10328,1,,,1,106,,10329,1,,,1
6030100,'1',541,,12194,23,4,,1,60,,12195,23,4,,1,25,,12196,23,4,,1,25,,12197,23,4,,1,58,,12198,23,4,,1,18,,12199,23,4,,1,24,,12200,23,4,,1,58,,12201,23,4,,1,23,,12202,23,4,,1,18,,12203,23,4,,1,58,,12204,23,4,,1,18,,12205,23,4,,1,18,,12206,23,4,,1,15,,12207,23,4,,1,62,,12208,23,4,,1,22,,12209,23,4,,1,62,,12210,23,4,,1,22,,12211,23,4,,1,22,,12212,23,4,,1,62,,12213,23,4,,1,22,,12214,23,4,,1,22,,12215,23,4,,1,62,,12216,23,4,,1,24,,12217,23,4,,1,62,,12218,23,4,,1,22,,12219,23,4,,1,22,,12220,23,4,,1,62,,12221,23,4,,1,25,,12222,23,4,,1,16,,12223,23,4,,1,56,,12224,23,4,,1,16,,12225,23,4,,1,16,,12226,23,4,,1,16,,12227,23,4,,1,56,,12228,23,4,,1,16,,12229,23,4,,1,16,,12230,23,4,,1,16,,12231,23,4,,1,59,,12232,23,4,,1,16,,12233,23,4,,1,16,,12234,23,4,,1,56,,12235,23,4,,1,7,,12236,23,4,,1,16,,12237,23,4,,1,12,,12238,23,4,,1,63,,12239,23,4,,1,30,,12240,23,4,,1,70,,12241,23,4,,1,30,,12242,23,4,,1,26,,12243,23,4,,1,70,,12244,23,4,,1,76,,12245,23,4,,1,39,,12246,23,4,,1,78,,12247,23,4,,1,82,,12248,23,4,,1
6030100,'2',540,,12249,23,4,,1,80,,12250,23,4,,1,85,,12251,23,4,,1,44,,12252,23,4,,1,80,,12253,23,4,,1,80,,12254,23,4,,1,42,,12255,23,4,,1,80,,12256,23,4,,1,85,,12257,23,4,,1,40,,12258,23,4,,1,78,,12259,23,4,,1,78,,12260,23,4,,1,35,,12261,23,4,,1,78,,12262,23,4,,1,81,,12263,23,4,,1,38,,12264,23,4,,1,78,,12265,23,4,,1,78,,12266,23,4,,1,38,,12267,23,4,,1,78,,12268,23,4,,1,38,,12269,23,4,,1,80,,12270,23,4,,1,71,,12271,23,4,,1,39,,12272,23,4,,1,80,,12273,23,4,,1,80,,12274,23,4,,1,38,,12275,23,4,,1,90,,12276,23,4,,1,86,,12277,23,4,,1,92,,12278,23,4,,1
6030100,'3',727,,12279,23,4,,1,76,,12280,23,4,,1,39,,12281,23,4,,1,77,,12282,23,4,,1,39,,12283,23,4,,1,89,,12284,23,4,,1,82,,12285,23,4,,1,82,,12286,23,4,,1,45,,12287,23,4,,1,83,,12288,23,4,,1,80,,12289,23,4,,1,84,,12290,23,4,,1,42,,12291,23,4,,1,77,,12292,23,4,,1,34,,12293,23,4,,1,76,,12294,23,4,,1,75,,12295,23,4,,1,35,,12296,23,4,,1,76,,12297,23,4,,1,33,,12298,23,4,,1,76,,12299,23,4,,1,76,,12300,23,4,,1,32,,12301,23,4,,1,105,,12302,23,4,,1,103,,12303,23,4,,1,102,,12304,23,4,,1
6030100,'80',727,,12305,23,4,,1,76,,12306,23,4,,1,39,,12307,23,4,,1,77,,12308,23,4,,1,39,,12309,23,4,,1,89,,12310,23,4,,1,82,,12311,23,4,,1,82,,12312,23,4,,1,45,,12313,23,4,,1,83,,12314,23,4,,1,80,,12315,23,4,,1,84,,12316,23,4,,1,42,,12317,23,4,,1,77,,12318,23,4,,1,34,,12319,23,4,,1,76,,12320,23,4,,1,75,,12321,23,4,,1,35,,12322,23,4,,1,76,,12323,23,4,,1,33,,12324,23,4,,1,76,,12325,23,4,,1,76,,12326,23,4,,1,32,,12327,23,4,,1,105,,12328,23,4,,1,103,,12329,23,4,,1,102,,12330,23,4,,1
6030100,'81',727,,12331,23,4,,1,76,,12332,23,4,,1,39,,12333,23,4,,1,77,,12334,23,4,,1,39,,12335,23,4,,1,89,,12336,23,4,,1,82,,12337,23,4,,1,82,,12338,23,4,,1,45,,12339,23,4,,1,83,,12340,23,4,,1,80,,12341,23,4,,1,84,,12342,23,4,,1,42,,12343,23,4,,1,77,,12344,23,4,,1,34,,12345,23,4,,1,76,,12346,23,4,,1,75,,12347,23,4,,1,35,,12348,23,4,,1,76,,12349,23,4,,1,33,,12350,23,4,,1,76,,12351,23,4,,1,76,,12352,23,4,,1,32,,12353,23,4,,1,105,,12354,23,4,,1,103,,12355,23,4,,1,102,,12356,23,4,,1
6030101,'1',546,,12362,1,,,1,57,,12363,1,,,1,18,,12364,1,,,1,18,,12365,1,,,1,18,,12366,1,,,1,58,,12367,1,,,1,18,,12368,1,,,1,18,,12369,1,,,1,58,,12370,1,,,1,18,,12371,1,,,1,18,,12372,1,,,1,58,,12373,1,,,1,21,,12374,1,,,1,22,,12375,1,,,1,62,,12376,1,,,1,22,,12377,1,,,1,22,,12378,1,,,1,62,,12379,1,,,1,22,,12380,1,,,1,22,,12381,1,,,1,62,,12382,1,,,1,22,,12383,1,,,1,62,,12384,1,,,1,22,,12385,1,,,1,22,,12386,1,,,1,62,,12387,1,,,1,22,,12388,1,,,1,19,,12389,1,,,1,56,,12390,1,,,1,16,,12391,1,,,1,16,,12392,1,,,1,16,,12393,1,,,1,56,,12394,1,,,1,16,,12395,1,,,1,16,,12396,1,,,1,16,,12397,1,,,1,56,,12398,1,,,1,16,,12399,1,,,1,16,,12400,1,,,1,56,,12401,1,,,1,16,,12402,1,,,1,16,,12403,1,,,1,16,,12404,1,,,1,59,,12405,1,,,1,30,,12406,1,,,1,70,,12407,1,,,1,30,,12408,1,,,1,70,,12409,1,,,1,30,,12410,1,,,1,70,,12411,1,,,1,40,,12412,1,,,1,82,,12413,1,,,1,82,,12414,1,,,1
6030101,'2',603,,12415,1,,,1,40,,12416,1,,,1,80,,12417,1,,,1,80,,12418,1,,,1,40,,12419,1,,,1,80,,12420,1,,,1,80,,12421,1,,,1,45,,12435,1,,,1,78,,12434,1,,,1,78,,12422,1,,,1,38,,12423,1,,,1,78,,12424,1,,,1,38,,12425,1,,,1,78,,12426,1,,,1,78,,12427,1,,,1,38,,12428,1,,,1,78,,12429,1,,,1,78,,12430,1,,,1,38,,12431,1,,,1,78,,12432,1,,,1,78,,12433,1,,,1,50,,12437,1,,,1,80,,12436,1,,,1,80,,12441,1,,,1,40,,12442,1,,,1,94,,12446,1,,,1,92,,12443,1,,,1,92,,12444,1,,,1,92,,12445,1,,,1
6030101,'3',739,,12447,1,,,1,76,,12448,1,,,1,36,,12449,1,,,1,83,,12458,1,,,1,82,,12450,1,,,1,42,,12451,1,,,1,82,,12452,1,,,1,82,,12453,1,,,1,82,,12454,1,,,1,42,,12455,1,,,1,82,,12456,1,,,1,82,,12457,1,,,1,43,,12468,1,,,1,76,,12459,1,,,1,76,,12460,1,,,1,36,,12461,1,,,1,76,,12462,1,,,1,36,,12463,1,,,1,76,,12464,1,,,1,76,,12465,1,,,1,36,,12466,1,,,1,76,,12467,1,,,1,96,,12469,1,,,1,106,,12470,1,,,1,106,,12471,1,,,1,106,,12475,1,,,1
6030101,'80',739,,12476,1,,,1,76,,12477,1,,,1,36,,12478,1,,,1,83,,12487,1,,,1,82,,12479,1,,,1,42,,12480,1,,,1,82,,12481,1,,,1,82,,12482,1,,,1,82,,12483,1,,,1,42,,12484,1,,,1,82,,12485,1,,,1,82,,12486,1,,,1,43,,12497,1,,,1,76,,12488,1,,,1,76,,12489,1,,,1,36,,12490,1,,,1,76,,12491,1,,,1,36,,12492,1,,,1,76,,12493,1,,,1,76,,12494,1,,,1,36,,12495,1,,,1,76,,12496,1,,,1,96,,12498,1,,,1,106,,12499,1,,,1,106,,12500,1,,,1,106,,12504,1,,,1
6030101,'81',739,,12505,1,,,1,76,,12506,1,,,1,36,,12507,1,,,1,83,,12516,1,,,1,82,,12508,1,,,1,42,,12509,1,,,1,82,,12510,1,,,1,82,,12511,1,,,1,82,,12512,1,,,1,42,,12513,1,,,1,82,,12514,1,,,1,82,,12515,1,,,1,43,,12526,1,,,1,76,,12517,1,,,1,76,,12518,1,,,1,36,,12519,1,,,1,76,,12520,1,,,1,36,,12521,1,,,1,76,,12522,1,,,1,76,,12523,1,,,1,36,,12524,1,,,1,76,,12525,1,,,1,96,,12527,1,,,1,106,,12528,1,,,1,106,,12529,1,,,1,106,,12533,1,,,1
