9901,'1',410,,7366,19,,,1,41,,7367,19,,,1,80,,7368,19,,,1,81,,7369,19,,,1,38,,7370,19,,,1,75,,7371,19,,,1,29,,7372,19,,,1,83,,7373,19,,,1,75,,7374,19,,,1,35,,7375,19,,,1,94,,7376,19,,,1,98,,7377,19,,,1,94,,7378,19,,,1,94,,7379,19,,,1,100,,7380,19,,,1,25,,7381,19,,,1,70,,7382,19,,,1,30,,7383,19,,,1,70,,7384,19,,,1,30,,7385,19,,,1,70,,7386,19,,,1,30,,7387,19,,,1,69,,7388,19,,,1,30,,7389,19,,,1,66,,7390,19,,,1,30,,7391,19,,,1,70,,7392,19,,,1,25,,7393,19,,,1,72,,7394,19,,,1,45,,7395,19,,,1
9901,'2',532,,7396,19,,,1,77,,7397,19,,,1,37,,7398,19,,,1,77,,7399,19,,,1,87,,7400,19,,,1,90,,7401,19,,,1,48,,7402,19,,,1,87,,7403,19,,,1,101,,7404,19,,,1,98,,7405,19,,,1,95,,7406,19,,,1,95,,7407,19,,,1,95,,7408,19,,,1,95,,7409,19,,,1,91,,7410,19,,,1,54,,7411,19,,,1,95,,7412,19,,,1,92,,7413,19,,,1,85,,7414,19,,,1,85,,7415,19,,,1
9901,'3',536,,7416,19,,,1,80,,7417,19,,,1,38,,7418,19,,,1,78,,7419,19,,,1,78,,7420,19,,,1,92,,7421,19,,,1,49,,7422,19,,,1,89,,7423,19,,,1,89,,7424,19,,,1,92,,7425,19,,,1,89,,7426,19,,,1,49,,7427,19,,,1,89,,7428,19,,,1,89,,7429,19,,,1,89,,7430,19,,,1,89,,7431,19,,,1,85,,7432,19,,,1,49,,7433,19,,,1,89,,7434,19,,,1,87,,7435,19,,,1,89,,7436,19,,,1,39,,7437,19,,,1
9901,'80',536,,7438,19,,,1,80,,7439,19,,,1,38,,7440,19,,,1,78,,7441,19,,,1,78,,7442,19,,,1,92,,7443,19,,,1,49,,7444,19,,,1,89,,7445,19,,,1,89,,7446,19,,,1,92,,7447,19,,,1,89,,7448,19,,,1,49,,7449,19,,,1,89,,7450,19,,,1,89,,7451,19,,,1,89,,7452,19,,,1,89,,7453,19,,,1,85,,7454,19,,,1,49,,7455,19,,,1,89,,7456,19,,,1,87,,7457,19,,,1,89,,7458,19,,,1,39,,7459,19,,,1
9901,'81',536,,7460,19,,,1,80,,7461,19,,,1,38,,7462,19,,,1,78,,7463,19,,,1,78,,7464,19,,,1,92,,7465,19,,,1,49,,7466,19,,,1,89,,7467,19,,,1,89,,7468,19,,,1,92,,7469,19,,,1,89,,7470,19,,,1,49,,7471,19,,,1,89,,7472,19,,,1,89,,7473,19,,,1,89,,7474,19,,,1,89,,7475,19,,,1,85,,7476,19,,,1,49,,7477,19,,,1,89,,7478,19,,,1,87,,7479,19,,,1,89,,7480,19,,,1,39,,7481,19,,,1
989901,'1',2235,,11627,74,,,1,70,,11628,74,,,1,38,,11629,74,,,1,75,,11630,74,,,1,35,,11631,74,,,1,70,,11632,74,,,1,35,,11633,74,,,1,75,,11634,74,,,1
989901,'2',2242,,11635,74,,,1,88,,11636,74,,,1,82,,11637,74,,,1,91,,11640,74,,,1,45,,11638,74,,,1,86,,11639,74,,,1
989901,'3',2252,,11641,74,,,1,87,,11642,74,,,1,83,,11643,74,,,1,87,,11644,74,,,1,39,,11645,74,,,1,83,,11646,74,,,1
989901,'80',2252,,11647,74,,,1,87,,11648,74,,,1,83,,11649,74,,,1,87,,11650,74,,,1,39,,11651,74,,,1,83,,11652,74,,,1
989901,'81',2252,,11653,74,,,1,87,,11654,74,,,1,83,,11655,74,,,1,87,,11656,74,,,1,39,,11657,74,,,1,83,,11658,74,,,1
