9601,'1',540,,31339,86,,,1,74,,31340,86,,,1,29,,31341,86,,,1,70,,31342,86,,,1,42,,31343,86,,,1,76,,31344,86,,,1,78,,31345,86,,,1,27,,31346,86,,,1,71,,31347,86,,,1,31,,31348,86,,,1,79,,31349,86,,,1,38,,31350,82,,,1,83,,31351,82,,,1,75,,31352,82,,,1,32,,31353,82,,,1,86,,31354,82,,,1,83,,31355,82,,,1,23,,31374,82,,,1,16,,31356,82,,,1,73,,31357,82,,,1,27,,31358,82,,,1,71,,31359,86,,,1,27,,31360,86,,,1,62,,31361,86,,,1,21,,31362,86,,,1,17,,31363,86,,,1,65,,31364,86,,,1,25,,31365,86,,,1,65,,31366,86,,,1,21,,31367,82,,,1,25,,31368,82,,,1,66,,31369,82,,,1,30,,31370,82,,,1,70,,31371,82,,,1,30,,31372,82,,,1,64,,31373,82,,,1
9601,'2',904,,31375,82,,,1,99,,31376,82,,,1,103,,31377,82,,,1,99,,31378,82,,,1,99,,31379,82,,,1,96,,31380,82,,,1,59,,31381,82,,,1,99,,31382,82,,,1,99,,31383,82,,,1,99,,31384,82,,,1,87,,31385,82,,,1,90,,31386,82,,,1,97,,31387,82,,,1
9601,'3',1004,,31388,82,,,1,54,,31389,82,,,1,94,,31390,82,,,1,94,,31391,82,,,1,94,,31392,82,,,1,94,,31393,82,,,1,96,,31394,82,,,1,94,,31395,82,,,1,88,,31396,82,,,1,94,,31397,82,,,1,52,,31398,82,,,1,94,,31399,82,,,1
9601,'74',904,,31400,82,,,1,99,,31401,82,,,1,103,,31402,82,,,1,99,,31403,82,,,1,99,,31404,82,,,1,96,,31405,82,,,1,59,,31406,82,,,1,99,,31407,82,,,1,99,,31408,82,,,1,99,,31409,82,,,1,87,,31410,82,,,1,90,,31411,82,,,1,97,,31412,82,,,1
9601,'80',1004,,31413,82,,,1,54,,31414,82,,,1,94,,31415,82,,,1,94,,31416,82,,,1,94,,31417,82,,,1,94,,31418,82,,,1,96,,31419,82,,,1,94,,31420,82,,,1,88,,31421,82,,,1,94,,31422,82,,,1,52,,31423,82,,,1,94,,31424,82,,,1
10701,'1',534,,32420,29,,,1,24,,32419,29,,,1,69,,32418,29,,,1,24,,32417,29,,,1,64,,32416,29,,,1,19,,32415,29,,,1,20,,32414,29,,,1,52,,32413,29,,,1,20,,32412,29,,,1,16,,32411,29,,,1,16,,32410,29,,,1,50,,32409,29,,,1,42,,32398,29,,,1,80,,32405,29,,,1,82,,32404,29,,,1,42,,32403,29,,,1,82,,32402,29,,,1,88,,32401,29,,,1,82,,32400,29,,,1,28,,32408,29,,,1,14,,32399,29,,,1,63,,32397,29,,,1,22,,32396,29,,,1,18,,32395,29,,,1,58,,32394,29,,,1,22,,32393,29,,,1,18,,32392,29,,,1,58,,32391,29,,,1,21,,32390,29,,,1,18,,32389,29,,,1,58,,32388,29,,,1,15,,32387,29,,,1,15,,32386,29,,,1,18,,32434,29,,,1,66,,32433,29,,,1,18,,32421,29,,,1,78,,32435,29,,,1,41,,32432,29,,,1,75,,32431,29,,,1,78,,32430,29,,,1,32,,32429,29,,,1,74,,32428,29,,,1,34,,32427,29,,,1,74,,32426,29,,,1,34,,32425,29,,,1,74,,32424,29,,,1,74,,32423,29,,,1,34,,32422,29,,,1
10701,'2',709,,32463,29,,,1,39,,32464,29,,,1,77,,32465,29,,,1,77,,32466,29,,,1,37,,32467,29,,,1,77,,32468,29,,,1,37,,32469,29,,,1,77,,32470,29,,,1,77,,32471,29,,,1,37,,32472,29,,,1,76,,32440,29,,,1,37,,32441,29,,,1,76,,32443,29,,,1,77,,32444,29,,,1,37,,32445,29,,,1,77,,32446,29,,,1,35,,32447,29,,,1,77,,32448,29,,,1,77,,32449,29,,,1,37,,32450,29,,,1,77,,32451,29,,,1,77,,32452,29,,,1,37,,32453,29,,,1,77,,32454,29,,,1,37,,32455,29,,,1,77,,32442,29,,,1,77,,32456,29,,,1,37,,32457,29,,,1,77,,32458,29,,,1,77,,32459,29,,,1,35,,32439,29,,,1,75,,32460,29,,,1
10701,'3',748,,32485,29,,,1,77,,32486,29,,,1,34,,32487,29,,,1,77,,32488,29,,,1,78,,32489,29,,,1,37,,32490,29,,,1,77,,32484,29,,,1,77,,32491,29,,,1,37,,32492,29,,,1,77,,32493,29,,,1,37,,32494,29,,,1,76,,32495,29,,,1,75,,32496,29,,,1,37,,32497,29,,,1,77,,32498,29,,,1,37,,32500,29,,,1,77,,32501,29,,,1,77,,32499,29,,,1,37,,32481,29,,,1,77,,32502,29,,,1,77,,32503,29,,,1,37,,32504,29,,,1,77,,32505,29,,,1,37,,32473,29,,,1,77,,32474,29,,,1,77,,32475,29,,,1,37,,32476,29,,,1,77,,32477,29,,,1,36,,32478,29,,,1,77,,32479,29,,,1,77,,32480,29,,,1
10701,'74',709,,32530,29,,,1,39,,32531,29,,,1,77,,32532,29,,,1,77,,32533,29,,,1,37,,32534,29,,,1,77,,32535,29,,,1,37,,32536,29,,,1,77,,32537,29,,,1,77,,32538,29,,,1,37,,32539,29,,,1,76,,32507,29,,,1,37,,32508,29,,,1,76,,32510,29,,,1,77,,32511,29,,,1,37,,32512,29,,,1,77,,32513,29,,,1,35,,32514,29,,,1,77,,32515,29,,,1,77,,32516,29,,,1,37,,32517,29,,,1,77,,32518,29,,,1,77,,32519,29,,,1,37,,32520,29,,,1,77,,32521,29,,,1,37,,32522,29,,,1,77,,32509,29,,,1,77,,32523,29,,,1,37,,32524,29,,,1,77,,32525,29,,,1,77,,32526,29,,,1,35,,32506,29,,,1,75,,32527,29,,,1
10701,'80',748,,32552,29,,,1,77,,32553,29,,,1,34,,32554,29,,,1,77,,32555,29,,,1,78,,32556,29,,,1,37,,32557,29,,,1,77,,32551,29,,,1,77,,32558,29,,,1,37,,32559,29,,,1,77,,32560,29,,,1,37,,32561,29,,,1,76,,32562,29,,,1,75,,32563,29,,,1,37,,32564,29,,,1,77,,32565,29,,,1,37,,32567,29,,,1,77,,32568,29,,,1,77,,32566,29,,,1,37,,32548,29,,,1,77,,32569,29,,,1,77,,32570,29,,,1,37,,32571,29,,,1,77,,32572,29,,,1,37,,32540,29,,,1,77,,32541,29,,,1,77,,32542,29,,,1,37,,32543,29,,,1,77,,32544,29,,,1,36,,32545,29,,,1,77,,32546,29,,,1,77,,32547,29,,,1
1070201,'1',552,,36981,22,,,1,52,,36980,22,,,1,12,,36979,22,,,1,12,,36978,22,,,1,12,,36977,22,,,1,12,,36976,22,,,1,52,,36975,22,,,1,20,,36974,22,,,1,12,,36973,22,,,1,12,,36972,22,,,1,52,,36971,22,,,1,12,,36970,22,,,1,10,,36969,22,,,1,12,,36968,22,,,1,12,,36967,22,,,1,73,,36955,22,,,1,26,,36964,22,,,1,66,,36966,22,,,1,23,,36965,22,,,1,66,,36963,22,,,1,26,,36962,22,,,1,26,,36961,22,,,1,67,,36960,22,,,1,26,,36959,22,,,1,66,,36958,22,,,1,27,,36957,22,,,1,66,,36956,22,,,1,24,,36997,22,,,1,16,,36996,22,,,1,56,,36982,22,,,1,18,,36983,22,,,1,16,,36984,22,,,1,16,,36985,22,,,1,56,,36986,22,,,1,19,,36987,22,,,1,16,,36988,22,,,1,16,,36989,22,,,1,63,,36990,22,,,1,18,,36991,22,,,1,19,,36992,22,,,1,59,,36993,22,,,1,14,,36994,22,,,1,78,,36995,22,,,1
