5601,'1',636,,4568,45,,,1,106,,4567,45,,,1,106,,4566,45,,,1,107,,4565,45,,,1,500,,4564,45,,,1,150,,4563,45,,,1,110,,4562,45,,,1,107,,4561,45,,,1,107,,4560,45,,,1
9600,'1',719,,6908,94,,,1,88,,6907,94,,,1,31,,6906,94,,,1,77,,6905,94,,,1,27,,6904,94,,,1,73,,6901,94,,,1,34,,6902,94,,,1,70,,6903,94,,,1,32,,6916,94,,,1,69,,6915,90,,,1,39,,6909,90,,,1,79,,6910,90,,,1,79,,6911,90,,,1,87,,6912,90,,,1,25,,6913,90,,,1,91,,6914,94,,,1,83,,6922,94,,,1,27,,6921,94,,,1,72,,6920,94,,,1,20,,6917,94,,,1,27,,6918,94,,,1,61,,6919,94,,,1,27,,6925,94,,,1,18,,6926,94,,,1,51,,6936,94,,,1,11,,6924,94,,,1,25,,6923,94,,,1,70,,6933,90,,,1,30,,6932,90,,,1,15,,6935,90,,,1,51,,6927,90,,,1,30,,6928,90,,,1,69,,6929,90,,,1,28,,6930,90,,,1,70,,6931,90,,,1,17,,6934,90,,,1
9600,'2',1040,,6937,90,,,1,104,,6938,90,,,1,99,,6939,90,,,1,95,,6940,90,,,1,99,,6941,90,,,1,99,,6942,90,,,1,97,,6943,90,,,1,99,,6944,90,,,1,93,,6945,90,,,1,97,,6946,90,,,1,87,,6947,90,,,1,40,,6948,90,,,1,97,,6949,90,,,1
9600,'3',1130,,6950,90,,,1,94,,6951,90,,,1,94,,6952,90,,,1,94,,6953,90,,,1,94,,6954,90,,,1,94,,6955,90,,,1,54,,6956,90,,,1,94,,6957,90,,,1,91,,6958,90,,,1,94,,6959,90,,,1,94,,6960,90,,,1,88,,6961,90,,,1
9600,'80',1130,,6962,90,,,1,94,,6963,90,,,1,94,,6964,90,,,1,94,,6965,90,,,1,94,,6966,90,,,1,94,,6967,90,,,1,54,,6968,90,,,1,94,,6969,90,,,1,91,,6970,90,,,1,94,,6971,90,,,1,94,,6972,90,,,1,88,,6973,90,,,1
9600,'81',1130,,6974,90,,,1,94,,6975,90,,,1,94,,6976,90,,,1,94,,6977,90,,,1,94,,6978,90,,,1,94,,6979,90,,,1,54,,6980,90,,,1,94,,6981,90,,,1,91,,6982,90,,,1,94,,6983,90,,,1,94,,6984,90,,,1,88,,6985,90,,,1
9800,'1',634,,7091,46,,,1,75,,7090,46,,,1,34,,7089,46,,,1,75,,7088,46,,,1,35,,7087,46,,,1,75,,7086,46,,,1,98,,7082,46,,,1,98,,7079,46,,,1,96,,7084,46,,,1,98,,7083,46,,,1,40,,7071,46,,,1,79,,7081,46,,,1,80,,7080,46,,,1,40,,7078,46,,,1,80,,7077,46,,,1,80,,7076,46,,,1,84,,7075,46,,,1,40,,7074,46,,,1,92,,7073,46,,,1,91,,7072,46,,,1,88,,7085,46,,,1
9800,'2',632,,7109,46,,,1,86,,7108,46,,,1,85,,7107,46,,,1,54,,7106,46,,,1,93,,7105,46,,,1,92,,7104,46,,,1,94,,7103,46,,,1,98,,7102,46,,,1,98,,7101,46,,,1,97,,7100,46,,,1,98,,7099,46,,,1,98,,7098,46,,,1,99,,7097,46,,,1,100,,7096,46,,,1,89,,7095,46,,,1,92,,7094,46,,,1,49,,7093,46,,,1,85,,7092,46,,,1
9800,'3',816,,7125,46,,,1,88,,7124,46,,,1,48,,7123,46,,,1,93,,7122,46,,,1,93,,7121,46,,,1,91,,7120,46,,,1,93,,7119,46,,,1,93,,7118,46,,,1,93,,7117,46,,,1,93,,7116,46,,,1,53,,7115,46,,,1,95,,7114,46,,,1,88,,7113,46,,,1,90,,7112,46,,,1,87,,7111,46,,,1,88,,7110,46,,,1
9800,'80',816,,7141,46,,,1,88,,7140,46,,,1,48,,7139,46,,,1,93,,7138,46,,,1,93,,7137,46,,,1,91,,7136,46,,,1,93,,7135,46,,,1,93,,7134,46,,,1,93,,7133,46,,,1,93,,7132,46,,,1,53,,7131,46,,,1,95,,7130,46,,,1,88,,7129,46,,,1,90,,7128,46,,,1,87,,7127,46,,,1,88,,7126,46,,,1
9800,'81',816,,7157,46,,,1,88,,7156,46,,,1,48,,7155,46,,,1,93,,7154,46,,,1,93,,7153,46,,,1,91,,7152,46,,,1,93,,7151,46,,,1,93,,7150,46,,,1,93,,7149,46,,,1,93,,7148,46,,,1,53,,7147,46,,,1,95,,7146,46,,,1,88,,7145,46,,,1,90,,7144,46,,,1,87,,7143,46,,,1,88,,7142,46,,,1
989900,'1',2137,,11580,89,0,198 199,1,73,,11581,89,0,198 199,1,38,,11582,89,0,198 199,1,78,,11583,89,0,198 199,1,75,,11584,89,0,198 199,1,32,,11585,89,0,198 199,1,75,,11586,89,0,198 199,1,35,,11587,89,0,198 199,1,74,,11588,89,0,5 6,1,35,,11589,89,0,5 6,1,79,,11590,89,0,5 6,1
989900,'2',2142,,11591,89,0,198 199,1,94,,11592,89,0,198 199,1,85,,11593,89,0,198 199,1,91,,11594,89,0,198 199,1,46,,11595,89,0,198 199,1,86,,11596,89,0,198 199,1,81,,11597,89,0,5 6,1,86,,11598,89,0,5 6,1,46,,11599,89,0,5 6,1
989900,'3',2156,,11600,89,0,198 199,1,90,,11601,89,0,198 199,1,85,,11602,89,0,198 199,1,90,,11603,89,0,198 199,1,79,,11604,89,0,198 199,1,43,,11605,89,0,198 199,1,78,,11606,89,0,5 6,1,83,,11607,89,0,5 6,1,43,,11608,89,0,5 6,1
989900,'80',2156,,11609,89,0,198 199,1,90,,11610,89,0,198 199,1,85,,11611,89,0,198 199,1,90,,11612,89,0,198 199,1,79,,11613,89,0,198 199,1,43,,11614,89,0,198 199,1,78,,11615,89,0,5 6,1,83,,11616,89,0,5 6,1,43,,11617,89,0,5 6,1
989900,'81',2156,,11618,89,0,198 199,1,90,,11619,89,0,198 199,1,85,,11620,89,0,198 199,1,90,,11621,89,0,198 199,1,79,,11622,89,0,198 199,1,43,,11623,89,0,198 199,1,78,,11624,89,0,5 6,1,83,,11625,89,0,5 6,1,43,,11626,89,0,5 6,1
