101,'1',451,,23682,18,,,1,78,,23683,18,,,1,71,,23684,18,,,1,47,,23690,18,,,1,79,,23692,18,,,1,31,,23685,18,,,1,56,,23691,18,,,1,45,,23689,18,,,1,71,,23688,18,,,1,72,,23687,18,,,1,30,,23686,18,,,1,109,,23681,18,,,1,113,,23680,18,,,1,153,,23679,18,,,1,36,,23693,18,,,1,77,,23678,18,,,1,23,,23670,18,,,1,75,,23671,18,,,1,34,,23672,18,,,1,74,,23677,18,,,1,34,,23676,18,,,1,76,,23675,18,,,1,73,,23674,18,,,1,30,,23673,18,,,1,82,,23666,18,,,1,99,,23669,18,,,1,102,,23668,18,,,1,99,,23667,18,,,1,89,,23665,18,,,1,95,,23664,18,,,1
101,'74',645,,23715,18,,,1,104,,23694,18,,,1,103,,23695,18,,,1,107,,23696,18,,,1,149,,23697,18,,,1,110,,23708,18,,,1,101,,23698,18,,,1,92,,23699,18,,,1,92,,23700,18,,,1,52,,23701,18,,,1,93,,23702,18,,,1,92,,23703,18,,,1,88,,23704,18,,,1,92,,23705,18,,,1,92,,23706,18,,,1,90,,23707,18,,,1,121,,23709,18,,,1,97,,23710,18,,,1,95,,23711,18,,,1,95,,23712,18,,,1,97,,23713,18,,,1
101,'80',835,,23730,18,,,1,114,,23729,18,,,1,154,,23716,18,,,1,112,,23717,18,,,1,113,,23718,18,,,1,112,,23719,18,,,1,112,,23720,18,,,1,152,,23721,18,,,1,111,,23722,18,,,1,109,,23723,18,,,1,97,,23728,18,,,1,99,,23724,18,,,1,99,,23725,18,,,1,97,,23726,18,,,1,99,,23727,18,,,1
101,'35296.2',645,,23744,18,,,1,104,,23732,18,,,1,103,,23733,18,,,1,107,,23734,18,,,1,149,,23735,18,,,1,110,,23742,18,,,1,101,,23736,18,,,1,92,,23737,18,,,1,92,,23738,18,,,1,52,,23739,18,,,1,93,,23740,18,,,1,92,,23741,18,,,1,88,,23745,18,,,1,92,,23746,18,,,1,92,,23747,18,,,1,90,,23748,18,,,1,121,,23749,18,,,1,97,,23750,18,,,1,95,,23751,18,,,1,95,,23752,18,,,1,97,,23753,18,,,1
101,'35296.3',835,,23757,18,,,1,114,,23756,18,,,1,154,,23754,18,,,1,112,,23755,18,,,1,113,,23759,18,,,1,112,,23760,18,,,1,112,,23761,18,,,1,152,,23762,18,,,1,111,,23763,18,,,1,109,,23764,18,,,1,97,,23769,18,,,1,99,,23765,18,,,1,99,,23766,18,,,1,97,,23767,18,,,1,99,,23768,18,,,1
101,'35298.2',645,,23808,18,,,1,75,,23804,18,,,1,17,,23805,18,,,1,18,,23806,18,,,1,57,,23807,18,,,1,17,,23770,18,,,1,17,,23771,18,,,1,57,,23772,18,,,1,21,,23773,18,,,1,17,,23774,18,,,1,17,,23775,18,,,1,57,,23776,18,,,1,18,,23777,18,,,1,17,,23778,18,,,1,57,,23779,18,,,1,18,,23780,18,,,1,17,,23781,18,,,1,17,,23782,18,,,1,57,,23783,18,,,1,17,,23784,18,,,1,16,,23785,18,,,1,57,,23786,18,,,1,17,,23787,18,,,1,17,,23788,18,,,1,17,,23789,18,,,1,57,,23790,18,,,1,17,,23791,18,,,1,17,,23792,18,,,1,57,,23793,18,,,1,17,,23794,18,,,1,17,,23795,18,,,1,17,,23796,18,,,1,57,,23797,18,,,1,18,,23798,18,,,1,17,,23799,18,,,1,57,,23800,18,,,1,17,,23801,18,,,1,17,,23802,18,,,1,17,,23803,18,,,1,57,,23810,18,,,1,13,,23811,18,,,1,17,,23812,18,,,1,57,,23813,18,,,1,20,,23814,18,,,1,92,,23815,18,,,1,90,,23816,18,,,1,121,,23817,18,,,1,97,,23818,18,,,1,95,,23819,18,,,1,95,,23820,18,,,1,97,,23821,18,,,1
101,'35298.3',716,,23822,18,,,1,17,,23823,18,,,1,17,,23824,18,,,1,57,,23825,18,,,1,17,,23826,18,,,1,17,,23827,18,,,1,17,,23828,18,,,1,59,,23829,18,,,1,17,,23830,18,,,1,17,,23831,18,,,1,57,,23832,18,,,1,19,,23833,18,,,1,17,,23834,18,,,1,57,,23835,18,,,1,17,,23836,18,,,1,17,,23837,18,,,1,17,,23838,18,,,1,57,,23839,18,,,1,17,,23840,18,,,1,17,,23841,18,,,1,58,,23842,18,,,1,17,,23843,18,,,1,17,,23844,18,,,1,17,,23845,18,,,1,57,,23846,18,,,1,17,,23847,18,,,1,17,,23848,18,,,1,57,,23849,18,,,1,17,,23850,18,,,1,17,,23851,18,,,1,17,,23852,18,,,1,57,,23853,18,,,1,17,,23854,18,,,1,17,,23855,18,,,1,17,,23856,18,,,1,57,,23857,18,,,1,17,,23858,18,,,1,17,,23859,18,,,1,56,,23860,18,,,1,17,,23861,18,,,1,17,,23862,18,,,1,17,,23863,18,,,1,54,,23864,18,,,1,17,,23865,18,,,1,93,,23866,18,,,1,99,,23867,18,,,1,99,,23868,18,,,1,97,,23869,18,,,1,99,,23870,18,,,1
60301,'1',552,,35160,9,,,1,60,,35161,9,,,1,16,,35162,9,,,1,18,,35163,9,,,1,58,,35164,9,,,1,20,,35165,9,,,1,18,,35166,9,,,1,59,,35167,9,,,1,23,,35168,9,,,1,18,,35169,9,,,1,58,,35170,9,,,1,13,,35171,9,,,1,19,,35172,9,,,1,22,,35173,9,,,1,62,,35174,9,,,1,22,,35175,9,,,1,62,,35176,9,,,1,22,,35177,9,,,1,22,,35178,9,,,1,62,,35179,9,,,1,22,,35180,9,,,1,22,,35181,9,,,1,62,,35182,9,,,1,22,,35183,9,,,1,22,,35184,9,,,1,62,,35185,9,,,1,22,,35186,9,,,1,63,,35187,9,,,1,16,,35188,9,,,1,16,,35189,9,,,1,16,,35190,9,,,1,56,,35191,9,,,1,16,,35192,9,,,1,16,,35193,9,,,1,16,,35194,9,,,1,56,,35195,9,,,1,16,,35196,9,,,1,16,,35197,9,,,1,16,,35198,9,,,1,56,,35199,9,,,1,14,,35200,9,,,1,16,,35201,9,,,1,56,,35202,9,,,1,16,,35203,9,,,1,26,,35204,9,,,1,68,,35205,9,,,1,30,,35206,9,,,1,70,,35207,9,,,1,30,,35208,9,,,1,70,,35209,9,,,1,34,,35210,9,,,1,82,,35211,9,,,1,78,,35212,9,,,1
60301,'74',559,,35215,9,,,1,79,,35216,9,,,1,81,,35217,9,,,1,40,,35218,9,,,1,81,,35219,9,,,1,83,,35220,9,,,1,80,,35221,9,,,1,39,,35222,9,,,1,87,,35223,9,,,1,77,,35224,9,,,1,38,,35225,9,,,1,79,,35226,9,,,1,78,,35227,9,,,1,37,,35228,9,,,1,80,,35229,9,,,1,37,,35230,9,,,1,78,,35231,9,,,1,75,,35232,9,,,1,38,,35233,9,,,1,77,,35234,9,,,1,78,,35235,9,,,1,38,,35236,9,,,1,91,,35237,9,,,1,78,,35238,9,,,1,39,,35239,9,,,1,80,,35240,9,,,1,98,,35241,9,,,1,92,,35242,9,,,1,92,,35243,9,,,1
60301,'80',812,,35247,9,,,1,39,,35248,9,,,1,76,,35249,9,,,1,89,,35250,9,,,1,40,,35251,9,,,1,82,,35252,9,,,1,82,,35253,9,,,1,84,,35254,9,,,1,42,,35255,9,,,1,81,,35256,9,,,1,82,,35257,9,,,1,41,,35258,9,,,1,80,,35259,9,,,1,76,,35260,9,,,1,37,,35261,9,,,1,76,,35262,9,,,1,34,,35263,9,,,1,76,,35264,9,,,1,75,,35265,9,,,1,35,,35266,9,,,1,76,,35267,9,,,1,40,,35268,9,,,1,145,,35269,9,,,1,105,,35270,9,,,1,106,,35271,9,,,1
60301,'35296.2',559,,35274,9,,,1,79,,35275,9,,,1,81,,35276,9,,,1,40,,35277,9,,,1,81,,35278,9,,,1,83,,35279,9,,,1,80,,35280,9,,,1,39,,35281,9,,,1,87,,35282,9,,,1,77,,35283,9,,,1,38,,35284,9,,,1,79,,35285,9,,,1,78,,35286,9,,,1,37,,35287,9,,,1,80,,35288,9,,,1,37,,35289,9,,,1,78,,35290,9,,,1,75,,35291,9,,,1,38,,35292,9,,,1,77,,35293,9,,,1,78,,35294,9,,,1,38,,35295,9,,,1,91,,35296,9,,,1,78,,35297,9,,,1,39,,35298,9,,,1,80,,35299,9,,,1,98,,35300,9,,,1,92,,35301,9,,,1,92,,35302,9,,,1
60301,'35296.3',812,,35306,9,,,1,39,,35307,9,,,1,76,,35308,9,,,1,89,,35309,9,,,1,40,,35310,9,,,1,82,,35311,9,,,1,82,,35312,9,,,1,84,,35313,9,,,1,42,,35314,9,,,1,81,,35315,9,,,1,82,,35316,9,,,1,41,,35317,9,,,1,80,,35318,9,,,1,76,,35319,9,,,1,37,,35320,9,,,1,76,,35321,9,,,1,34,,35322,9,,,1,76,,35323,9,,,1,75,,35324,9,,,1,35,,35325,9,,,1,76,,35326,9,,,1,40,,35327,9,,,1,145,,35328,9,,,1,105,,35329,9,,,1,106,,35330,9,,,1
60301,'35297.2',526,,35438,9,,,1,22,,35439,9,,,1,62,,35440,9,,,1,21,,35441,9,,,1,22,,35442,9,,,1,63,,35331,9,,,1,7,,35332,9,,,1,7,,35333,9,,,1,7,,35334,9,,,1,7,,35335,9,,,1,7,,35336,9,,,1,7,,35337,9,,,1,47,,35338,9,,,1,7,,35339,9,,,1,7,,35340,9,,,1,7,,35341,9,,,1,8,,35342,9,,,1,7,,35343,9,,,1,7,,35344,9,,,1,7,,35345,9,,,1,47,,35346,9,,,1,7,,35347,9,,,1,7,,35348,9,,,1,10,,35349,9,,,1,7,,35350,9,,,1,7,,35351,9,,,1,7,,35352,9,,,1,7,,35353,9,,,1,47,,35354,9,,,1,6,,35355,9,,,1,7,,35356,9,,,1,7,,35357,9,,,1,7,,35358,9,,,1,7,,35359,9,,,1,7,,35360,9,,,1,10,,35361,9,,,1,7,,35362,9,,,1,47,,35363,9,,,1,7,,35364,9,,,1,7,,35365,9,,,1,7,,35366,9,,,1,7,,35367,9,,,1,7,,35368,9,,,1,7,,35369,9,,,1,6,,35370,9,,,1,47,,35371,9,,,1,7,,35372,9,,,1,7,,35373,9,,,1,7,,35374,9,,,1,7,,35375,9,,,1,7,,35376,9,,,1,7,,35377,9,,,1,7,,35378,9,,,1,8,,35379,9,,,1,47,,35380,9,,,1,7,,35381,9,,,1,7,,35382,9,,,1,7,,35383,9,,,1,7,,35384,9,,,1,7,,35385,9,,,1,7,,35386,9,,,1,7,,35387,9,,,1,47,,35388,9,,,1,7,,35389,9,,,1,7,,35390,9,,,1,6,,35391,9,,,1,7,,35392,9,,,1,7,,35393,9,,,1,7,,35394,9,,,1,7,,35395,9,,,1,9,,35396,9,,,1,47,,35397,9,,,1,7,,35398,9,,,1,7,,35399,9,,,1,6,,35400,9,,,1,7,,35401,9,,,1,7,,35402,9,,,1,7,,35403,9,,,1,7,,35404,9,,,1,47,,35405,9,,,1,7,,35406,9,,,1,7,,35407,9,,,1,7,,35408,9,,,1,7,,35409,9,,,1,7,,35410,9,,,1,7,,35411,9,,,1,7,,35412,9,,,1,7,,35413,9,,,1,47,,35414,9,,,1,4,,35415,9,,,1,7,,35416,9,,,1,7,,35417,9,,,1,7,,35418,9,,,1,7,,35419,9,,,1,7,,35420,9,,,1,12,,35421,9,,,1,47,,35422,9,,,1,7,,35423,9,,,1,7,,35424,9,,,1,7,,35425,9,,,1,1,,35426,9,,,1,7,,35427,9,,,1,7,,35428,9,,,1,7,,35429,9,,,1,7,,35430,9,,,1,7,,35431,9,,,1,47,,35432,9,,,1,7,,35433,9,,,1,7,,35434,9,,,1,7,,35435,9,,,1,7,,35436,9,,,1,7,,35437,9,,,1,62,,35443,9,,,1,22,,35444,9,,,1,22,,35445,9,,,1,60,,35446,9,,,1,22,,35447,9,,,1,21,,35448,9,,,1,62,,35449,9,,,1,22,,35450,9,,,1,22,,35451,9,,,1,60,,35452,9,,,1,22,,35453,9,,,1,22,,35454,9,,,1,62,,35455,9,,,1,22,,35456,9,,,1,62,,35457,9,,,1,22,,35458,9,,,1
60301,'35297.3',715,,35459,9,,,1,7,,35460,9,,,1,7,,35461,9,,,1,7,,35462,9,,,1,7,,35463,9,,,1,7,,35464,9,,,1,7,,35465,9,,,1,47,,35466,9,,,1,7,,35467,9,,,1,7,,35468,9,,,1,7,,35469,9,,,1,7,,35470,9,,,1,7,,35471,9,,,1,10,,35472,9,,,1,7,,35473,9,,,1,47,,35474,9,,,1,7,,35475,9,,,1,7,,35476,9,,,1,7,,35477,9,,,1,7,,35478,9,,,1,7,,35479,9,,,1,7,,35480,9,,,1,7,,35481,9,,,1,50,,35482,9,,,1,7,,35483,9,,,1,7,,35484,9,,,1,7,,35485,9,,,1,7,,35486,9,,,1,7,,35487,9,,,1,7,,35488,9,,,1,5,,35489,9,,,1,7,,35490,9,,,1,47,,35491,9,,,1,7,,35492,9,,,1,7,,35493,9,,,1,7,,35494,9,,,1,7,,35495,9,,,1,7,,35496,9,,,1,7,,35497,9,,,1,7,,35498,9,,,1,7,,35499,9,,,1,47,,35500,9,,,1,7,,35501,9,,,1,7,,35502,9,,,1,7,,35503,9,,,1,7,,35504,9,,,1,7,,35505,9,,,1,7,,35506,9,,,1,9,,35507,9,,,1,47,,35508,9,,,1,7,,35509,9,,,1,7,,35510,9,,,1,7,,35511,9,,,1,7,,35512,9,,,1,7,,35513,9,,,1,7,,35514,9,,,1,7,,35515,9,,,1,47,,35516,9,,,1,7,,35517,9,,,1,7,,35518,9,,,1,6,,35519,9,,,1,7,,35520,9,,,1,7,,35521,9,,,1,7,,35522,9,,,1,7,,35523,9,,,1,7,,35524,9,,,1,47,,35525,9,,,1,7,,35526,9,,,1,7,,35527,9,,,1,7,,35528,9,,,1,7,,35529,9,,,1,6,,35530,9,,,1,7,,35531,9,,,1,7,,35532,9,,,1,7,,35533,9,,,1,47,,35534,9,,,1,7,,35535,9,,,1,7,,35536,9,,,1,7,,35537,9,,,1,7,,35538,9,,,1,7,,35539,9,,,1,7,,35540,9,,,1,7,,35541,9,,,1,47,,35542,9,,,1,7,,35543,9,,,1,7,,35544,9,,,1,8,,35545,9,,,1,7,,35546,9,,,1,7,,35547,9,,,1,7,,35548,9,,,1,7,,35549,9,,,1,7,,35550,9,,,1,47,,35551,9,,,1,7,,35552,9,,,1,7,,35553,9,,,1,7,,35554,9,,,1,7,,35555,9,,,1,7,,35556,9,,,1,7,,35557,9,,,1,5,,35558,9,,,1,7,,35559,9,,,1,47,,35560,9,,,1,7,,35561,9,,,1,7,,35562,9,,,1,7,,35563,9,,,1,7,,35564,9,,,1,7,,35565,9,,,1,7,,35566,9,,,1,61,,35567,9,,,1,22,,35568,9,,,1,21,,35569,9,,,1,62,,35570,9,,,1,21,,35571,9,,,1,22,,35572,9,,,1,61,,35573,9,,,1,22,,35574,9,,,1,62,,35575,9,,,1,22,,35576,9,,,1,21,,35577,9,,,1,62,,35578,9,,,1,22,,35579,9,,,1,22,,35580,9,,,1,62,,35581,9,,,1
