9600,'1',614,,31260,14,,,1,42,,31259,14,,,1,71,,31258,14,,,1,77,,31257,14,,,1,27,,31256,14,,,1,79,,31253,14,,,1,34,,31254,14,,,1,70,,31255,14,,,1,32,,31268,14,,,1,70,,31267,14,,,1,39,,31261,14,,,1,79,,31262,14,,,1,79,,31263,14,,,1,42,,31264,14,,,1,65,,31265,14,,,1,85,,31266,14,,,1,43,,31274,14,,,1,67,,31273,14,,,1,29,,31272,14,,,1,68,,31269,14,,,1,27,,31270,14,,,1,63,,31271,14,,,1,27,,31277,14,,,1,24,,31278,14,,,1,54,,31288,14,,,1,13,,31276,14,,,1,25,,31275,14,,,1,75,,31285,14,,,1,30,,31284,14,,,1,55,,31287,14,,,1,15,,31279,14,,,1,30,,31280,14,,,1,70,,31281,14,,,1,30,,31282,14,,,1,70,,31283,14,,,1,17,,31286,14,,,1
9600,'2',938,,31289,14,,,1,99,,31290,14,,,1,99,,31291,14,,,1,99,,31292,14,,,1,99,,31293,14,,,1,99,,31294,14,,,1,98,,31295,14,,,1,99,,31296,14,,,1,96,,31297,14,,,1,97,,31298,14,,,1,87,,31299,14,,,1,48,,31300,14,,,1,97,,31301,14,,,1
9600,'3',1031,,31302,14,,,1,94,,31303,14,,,1,94,,31304,14,,,1,94,,31305,14,,,1,94,,31306,14,,,1,94,,31307,14,,,1,54,,31308,14,,,1,94,,31309,14,,,1,94,,31310,14,,,1,94,,31311,14,,,1,94,,31312,14,,,1,93,,31313,14,,,1
9600,'74',938,,31314,14,,,1,99,,31315,14,,,1,99,,31316,14,,,1,99,,31317,14,,,1,99,,31318,14,,,1,99,,31319,14,,,1,98,,31320,14,,,1,99,,31321,14,,,1,96,,31322,14,,,1,97,,31323,14,,,1,87,,31324,14,,,1,48,,31325,14,,,1,97,,31326,14,,,1
9600,'80',1031,,31327,14,,,1,94,,31328,14,,,1,94,,31329,14,,,1,94,,31330,14,,,1,94,,31331,14,,,1,94,,31332,14,,,1,54,,31333,14,,,1,94,,31334,14,,,1,94,,31335,14,,,1,94,,31336,14,,,1,94,,31337,14,,,1,93,,31338,14,,,1
10700,'1',454,,32223,14,,,1,64,,32222,14,,,1,24,,32221,14,,,1,64,,32220,14,,,1,19,,32219,14,,,1,16,,32218,14,,,1,61,,32217,14,,,1,11,,32216,14,,,1,16,,32215,14,,,1,19,,32214,14,,,1,56,,32213,14,,,1,12,,32212,14,,,1,16,,32211,14,,,1,16,,32210,14,,,1,55,,32209,14,,,1,43,,32208,14,,,1,82,,32207,14,,,1,82,,32206,14,,,1,42,,32205,14,,,1,84,,32204,14,,,1,82,,32203,14,,,1,82,,32202,14,,,1,20,,32201,14,,,1,18,,32200,14,,,1,18,,32251,14,,,1,59,,32250,14,,,1,19,,32249,14,,,1,18,,32248,14,,,1,58,,32247,14,,,1,22,,32246,14,,,1,16,,32245,14,,,1,58,,32244,14,,,1,18,,32243,14,,,1,20,,32242,14,,,1,56,,32241,14,,,1,18,,32240,14,,,1,14,,32239,14,,,1,18,,32238,14,,,1,79,,32237,14,,,1,81,,32236,14,,,1,38,,32235,14,,,1,80,,32234,14,,,1,74,,32233,14,,,1,34,,32232,14,,,1,74,,32231,14,,,1,34,,32230,14,,,1,74,,32229,14,,,1,34,,32228,14,,,1,74,,32227,14,,,1,74,,32226,14,,,1,31,,32225,14,,,1,74,,32224,14,,,1
10700,'2',629,,32254,14,,,1,78,,32253,14,,,1,37,,32252,14,,,1,77,,32255,14,,,1,37,,32256,14,,,1,77,,32257,14,,,1,77,,32258,14,,,1,37,,32259,14,,,1,77,,32260,14,,,1,77,,32261,14,,,1,36,,32262,14,,,1,77,,32263,14,,,1,37,,32264,14,,,1,77,,32265,14,,,1,77,,32266,14,,,1,37,,32267,14,,,1,76,,32268,14,,,1,37,,32269,14,,,1,77,,32270,14,,,1,77,,32271,14,,,1,37,,32272,14,,,1,77,,32273,14,,,1,77,,32274,14,,,1,37,,32275,14,,,1,77,,32276,14,,,1,37,,32277,14,,,1,77,,32278,14,,,1,77,,32279,14,,,1,37,,32280,14,,,1,77,,32281,14,,,1,37,,32282,14,,,1,76,,32283,14,,,1,77,,32285,14,,,1,37,,32284,14,,,1
10700,'3',819,,32299,14,,,1,37,,32300,14,,,1,77,,32301,14,,,1,77,,32302,14,,,1,37,,32303,14,,,1,77,,32304,14,,,1,77,,32305,14,,,1,37,,32306,14,,,1,77,,32307,14,,,1,37,,32308,14,,,1,76,,32309,14,,,1,77,,32310,14,,,1,37,,32314,14,,,1,77,,32313,14,,,1,37,,32315,14,,,1,77,,32316,14,,,1,77,,32317,14,,,1,37,,32318,14,,,1,77,,32286,14,,,1,77,,32287,14,,,1,37,,32288,14,,,1,77,,32311,14,,,1,37,,32289,14,,,1,77,,32290,14,,,1,77,,32291,14,,,1,37,,32292,14,,,1,77,,32293,14,,,1,37,,32294,14,,,1,77,,32295,14,,,1,77,,32312,14,,,1,37,,32296,14,,,1
10700,'74',629,,32321,14,,,1,78,,32320,14,,,1,37,,32319,14,,,1,77,,32322,14,,,1,37,,32323,14,,,1,77,,32324,14,,,1,77,,32325,14,,,1,37,,32326,14,,,1,77,,32327,14,,,1,77,,32328,14,,,1,36,,32329,14,,,1,77,,32330,14,,,1,37,,32331,14,,,1,77,,32332,14,,,1,77,,32333,14,,,1,37,,32334,14,,,1,76,,32335,14,,,1,37,,32336,14,,,1,77,,32337,14,,,1,77,,32338,14,,,1,37,,32339,14,,,1,77,,32340,14,,,1,77,,32341,14,,,1,37,,32342,14,,,1,77,,32343,14,,,1,37,,32344,14,,,1,77,,32345,14,,,1,77,,32346,14,,,1,37,,32347,14,,,1,77,,32348,14,,,1,37,,32349,14,,,1,76,,32350,14,,,1,77,,32352,14,,,1,37,,32351,14,,,1
10700,'80',819,,32366,14,,,1,37,,32367,14,,,1,77,,32368,14,,,1,77,,32369,14,,,1,37,,32370,14,,,1,77,,32371,14,,,1,77,,32372,14,,,1,37,,32373,14,,,1,77,,32374,14,,,1,37,,32375,14,,,1,76,,32376,14,,,1,77,,32377,14,,,1,37,,32381,14,,,1,77,,32380,14,,,1,37,,32382,14,,,1,77,,32383,14,,,1,77,,32384,14,,,1,37,,32385,14,,,1,77,,32353,14,,,1,77,,32354,14,,,1,37,,32355,14,,,1,77,,32378,14,,,1,37,,32356,14,,,1,77,,32357,14,,,1,77,,32358,14,,,1,37,,32359,14,,,1,77,,32360,14,,,1,37,,32361,14,,,1,77,,32362,14,,,1,77,,32379,14,,,1,37,,32363,14,,,1
