2400,'1',603,,3515,74,,,1,14,,3516,74,,,1,14,,3517,74,,,1,14,,3518,74,,,1,10,,3519,74,,,1,62,,3520,74,,,1,14,,3521,74,,,1,15,,3522,74,,,1,11,,3523,74,,,1,49,,3524,74,,,1,12,,3525,74,,,1,11,,3526,74,,,1,11,,3527,74,,,1,11,,3528,74,,,1,51,,3529,74,,,1,11,,3530,74,,,1,11,,3531,74,,,1,11,,3532,74,,,1,10,,3533,74,,,1,9,,3534,74,,,1,5,,3535,61,,,1,65,,3536,61,,,1,22,,3537,61,,,1,68,,3538,61,,,1,25,,3539,61,,,1,65,,3540,61,,,1,25,,3541,61,,,1,20,,3542,55,,,1,67,,3543,55,,,1,25,,3544,55,,,1,65,,3545,55,,,1,25,,3546,55,,,1,27,,3547,55,,,1,52,,3548,55,,,1,12,,3549,55,,,1,12,,3550,55,,,1,12,,3551,55,,,1,12,,3552,55,,,1,52,,3553,55,,,1,12,,3554,55,,,1,12,,3555,55,,,1,12,,3556,55,,,1,12,,3557,55,,,1,62,,3558,55,,,1,9,,3559,55,,,1,13,,3560,55,,,1,11,,3561,55,,,1,54,,3562,55,,,1,10,,3563,55,,,1,5,,3564,55,,,1,12,,3565,55,,,1,8,,3566,55,,,1,7,,3567,55,,,1,51,,3568,55,,,1,12,,3569,55,,,1,12,,3570,55,,,1,9,,3571,55,,,1,69,,3572,55,,,1,26,,3573,55,,,1,26,,3574,55,,,1,62,,3575,55,,,1,26,,3576,55,,,1,66,,3577,55,,,1,26,,3578,55,,,1,23,,3579,55,,,1,64,,3580,55,,,1,22,,3581,55,,,1,63,,3582,55,,,1,23,,3583,55,,,1
2400,'2',825,,3602,55,,,1,34,,3584,55,,,1,74,,3585,55,,,1,75,,3586,55,,,1,33,,3587,55,,,1,76,,3588,55,,,1,34,,3589,55,,,1,83,,3601,55,,,1,77,,3590,55,,,1,37,,3591,55,,,1,77,,3592,55,,,1,77,,3593,55,,,1,38,,3594,55,,,1,76,,3595,55,,,1,37,,3596,55,,,1,77,,3597,55,,,1,77,,3598,55,,,1,38,,3599,55,,,1,75,,3600,55,,,1,35,,3612,55,,,1,71,,3611,55,,,1,74,,3603,55,,,1,34,,3604,55,,,1,74,,3605,55,,,1,34,,3606,55,,,1,74,,3607,55,,,1,34,,3608,55,,,1,74,,3609,55,,,1,34,,3610,55,,,1
2400,'3',756,,3614,55,,,1,72,,3613,55,,,1,76,,3624,55,,,1,34,,3623,55,,,1,74,,3615,55,,,1,34,,3616,55,,,1,74,,3617,55,,,1,34,,3618,55,,,1,74,,3619,55,,,1,74,,3620,55,,,1,34,,3621,55,,,1,74,,3622,55,,,1,37,,3626,55,,,1,79,,3625,55,,,1,76,,3628,55,,,1,37,,3629,55,,,1,77,,3630,55,,,1,37,,3627,55,,,1,77,,3631,55,,,1,77,,3632,55,,,1,33,,3638,55,,,1,74,,3633,55,,,1,36,,3634,55,,,1,75,,3635,55,,,1,75,,3636,55,,,1,35,,3637,55,,,1
2400,'80',756,,3640,55,,,1,72,,3639,55,,,1,76,,3650,55,,,1,34,,3649,55,,,1,74,,3641,55,,,1,34,,3642,55,,,1,74,,3643,55,,,1,34,,3644,55,,,1,74,,3645,55,,,1,74,,3646,55,,,1,34,,3647,55,,,1,74,,3648,55,,,1,37,,3652,55,,,1,79,,3651,55,,,1,76,,3654,55,,,1,37,,3655,55,,,1,77,,3656,55,,,1,37,,3653,55,,,1,77,,3657,55,,,1,77,,3658,55,,,1,33,,3664,55,,,1,74,,3659,55,,,1,36,,3660,55,,,1,75,,3661,55,,,1,75,,3662,55,,,1,35,,3663,55,,,1
2400,'81',756,,3666,55,,,1,72,,3665,55,,,1,76,,3676,55,,,1,34,,3675,55,,,1,74,,3667,55,,,1,34,,3668,55,,,1,74,,3669,55,,,1,34,,3670,55,,,1,74,,3671,55,,,1,74,,3672,55,,,1,34,,3673,55,,,1,74,,3674,55,,,1,37,,3678,55,,,1,79,,3677,55,,,1,76,,3680,55,,,1,37,,3681,55,,,1,77,,3682,55,,,1,37,,3679,55,,,1,77,,3683,55,,,1,77,,3684,55,,,1,33,,3690,55,,,1,74,,3685,55,,,1,36,,3686,55,,,1,75,,3687,55,,,1,75,,3688,55,,,1,35,,3689,55,,,1
8000,'1',603,,5106,30,,,1,34,,5107,30,,,1,69,,5108,30,,,1,29,,5109,30,,,1,72,,5110,30,,,1,29,,5111,30,,,1,69,,5112,30,,,1,23,,5113,30,,,1,29,,5115,30,,,1,90,,5114,30,,,1,90,,5088,30,,,1,90,,5116,30,,,1,90,,5093,30,,,1,88,,5094,30,,,1,27,,5118,30,,,1,68,,5095,30,,,1,29,,5096,30,,,1,29,,5097,30,,,1,69,,5098,30,,,1,29,,5099,30,,,1,69,,5100,30,,,1,29,,5101,30,,,1,69,,5102,30,,,1,29,,5103,30,,,1,69,,5104,30,,,1,24,,5117,30,,,1,89,,5089,30,,,1,89,,5090,30,,,1,89,,5091,30,,,1,89,,5092,30,,,1,49,,5105,30,,,1
8000,'2',713,,5119,30,,,1,46,,5120,30,,,1,98,,5121,30,,,1,98,,5122,30,,,1,98,,5123,30,,,1,98,,5124,30,,,1,98,,5125,30,,,1,98,,5126,30,,,1,98,,5127,30,,,1,98,,5128,30,,,1,98,,5129,30,,,1,98,,5130,30,,,1,98,,5131,30,,,1,93,,5132,30,,,1,93,,5133,30,,,1
8000,'3',939,,5147,30,,,1,85,,5148,30,,,1,85,,5146,30,,,1,45,,5149,30,,,1,85,,5150,30,,,1,85,,5134,30,,,1,85,,5135,30,,,1,45,,5136,30,,,1,85,,5137,30,,,1,85,,5138,30,,,1,85,,5139,30,,,1,45,,5140,30,,,1,85,,5141,30,,,1,85,,5142,30,,,1,85,,5143,30,,,1,45,,5144,30,,,1,85,,5145,30,,,1
8000,'80',939,,5164,30,,,1,85,,5165,30,,,1,85,,5163,30,,,1,45,,5166,30,,,1,85,,5167,30,,,1,85,,5151,30,,,1,85,,5152,30,,,1,45,,5153,30,,,1,85,,5154,30,,,1,85,,5155,30,,,1,85,,5156,30,,,1,45,,5157,30,,,1,85,,5158,30,,,1,85,,5159,30,,,1,85,,5160,30,,,1,45,,5161,30,,,1,85,,5162,30,,,1
8000,'81',939,,5181,30,,,1,85,,5182,30,,,1,85,,5180,30,,,1,45,,5183,30,,,1,85,,5184,30,,,1,85,,5168,30,,,1,85,,5169,30,,,1,45,,5170,30,,,1,85,,5171,30,,,1,85,,5172,30,,,1,85,,5173,30,,,1,45,,5174,30,,,1,85,,5175,30,,,1,85,,5176,30,,,1,85,,5177,30,,,1,45,,5178,30,,,1,85,,5179,30,,,1
41800,'24612.1',726,,9237,3,,,1,1,,9238,3,,,1
41801,'24612.1',1523,,9239,27,,,1,1,,9240,27,,,1
45200,'24612.1',858,,9291,16,,,1
45201,'24612.1',1611,,9292,20,,,1
