1601,'1',553,,14729,10,,,1,62,,14728,10,,,1,22,,14720,10,,,1,22,,14721,10,,,1,63,,14722,10,,,1,22,,14723,10,,,1,62,,14724,10,,,1,22,,14725,10,,,1,17,,14726,10,,,1,66,,14727,10,,,1,21,,14740,10,,,1,24,,14739,10,,,1,68,,14730,10,,,1,31,,14731,10,,,1,71,,14732,10,,,1,31,,14733,10,,,1,71,,14734,10,,,1,31,,14735,10,,,1,69,,14736,10,,,1,74,,14737,10,,,1,27,,14738,10,,,1,21,,14757,10,,,1,63,,14756,10,,,1,23,,14741,10,,,1,17,,14742,10,,,1,69,,14743,10,,,1,23,,14744,10,,,1,63,,14745,10,,,1,23,,14746,10,,,1,23,,14747,10,,,1,63,,14748,10,,,1,22,,14749,10,,,1,63,,14750,10,,,1,23,,14751,10,,,1,23,,14752,10,,,1,63,,14753,10,,,1,23,,14754,10,,,1,22,,14755,10,,,1,68,,14760,10,,,1,34,,14758,10,,,1,74,,14759,10,,,1,74,,14766,10,,,1
1601,'2',702,,14768,10,,,1,38,,14767,10,,,1,78,,14771,10,,,1,38,,14772,10,,,1,78,,14773,10,,,1,78,,14774,10,,,1,38,,14775,10,,,1,77,,14776,10,,,1,78,,14777,10,,,1,38,,14778,10,,,1,84,,14787,10,,,1,81,,14779,10,,,1,41,,14780,10,,,1,81,,14781,10,,,1,81,,14782,10,,,1,41,,14783,10,,,1,81,,14784,10,,,1,81,,14785,10,,,1,37,,14786,10,,,1,82,,14794,10,,,1,72,,14788,10,,,1,36,,14789,10,,,1,78,,14790,10,,,1,33,,14791,10,,,1,76,,14792,10,,,1,73,,14793,10,,,1
1601,'3',741,,14795,10,,,1,95,,14796,10,,,1,95,,14797,10,,,1,95,,14798,10,,,1,95,,14799,10,,,1,95,,14800,10,,,1,98,,14801,10,,,1,98,,14802,10,,,1,98,,14803,10,,,1,98,,14804,10,,,1,98,,14805,10,,,1,52,,14806,10,,,1,92,,14807,10,,,1,92,,14808,10,,,1,92,,14809,10,,,1,91,,14810,10,,,1
1601,'80',741,,14811,10,,,1,95,,14812,10,,,1,95,,14813,10,,,1,95,,14814,10,,,1,95,,14815,10,,,1,95,,14816,10,,,1,98,,14817,10,,,1,98,,14818,10,,,1,98,,14819,10,,,1,98,,14820,10,,,1,98,,14821,10,,,1,52,,14822,10,,,1,92,,14823,10,,,1,92,,14824,10,,,1,92,,14825,10,,,1,91,,14826,10,,,1
1801,'1',547,,14864,8,0,236 237 228,1,65,,14863,8,0,236 237 228,1,25,,14862,8,0,236 237 228,1,66,,14861,8,0,236 237 228,1,26,,14860,8,0,236 237 228,1,19,,14859,8,0,236 237 228,1,63,,14858,8,0,236 237 228,1,28,,14857,8,0,236 237 228,1,66,,14856,8,0,236 237 228,1,26,,14855,8,0,236 237 228,1,517,,14853,8,0,236 237 228,1,107,,14854,8,0,236 237 228,1,73,,14852,8,0,236 237 228,1,72,,14851,8,0,236 237 228,1,45,,14850,8,0,236 237 228,1,75,,14849,8,0,236 237 228,1,25,,14848,8,0,236 237 228,1,68,,14847,8,0,236 237 228,1,34,,14845,8,0,236 237 228,1,74,,14846,8,0,236 237 228,1
30301,'1',1630,,19941,12,,,1,71,,19938,12,,,1,20,,19939,12,,,1,10,,19940,12,,,1,17,,19942,12,,,1,10,,19937,12,,,1,53,,19943,12,,,1,12,,19944,12,,,1,15,,19936,12,,,1
40100,'24611.1',756,,20653,50,,,1
40200,'24612.1',734,,20655,13,,,1
41700,'24612.1',839,,20683,66,4,,1,1,,20684,66,4,,1
41701,'24612.1',1550,,20685,1,,,1,1,,20686,1,,,1
