5601,'1',637,,28761,48,,,1,106,,28760,48,,,1,106,,28759,48,,,1,107,,28758,48,,,1,500,,28757,48,,,1,150,,28756,48,,,1,110,,28755,48,,,1,107,,28754,48,,,1,107,,28753,48,,,1
9600,'1',720,,31260,97,,,1,88,,31259,97,,,1,31,,31258,97,,,1,77,,31257,97,,,1,27,,31256,97,,,1,73,,31253,97,,,1,34,,31254,97,,,1,70,,31255,97,,,1,32,,31268,97,,,1,69,,31267,93,,,1,79,,31261,93,,,1,39,,31262,93,,,1,79,,31263,93,,,1,88,,31264,93,,,1,25,,31265,93,,,1,90,,31266,97,,,1,83,,31274,97,,,1,27,,31273,97,,,1,72,,31272,97,,,1,20,,31269,97,,,1,27,,31270,97,,,1,61,,31271,97,,,1,27,,31277,97,,,1,18,,31278,97,,,1,51,,31288,97,,,1,11,,31276,97,,,1,25,,31275,97,,,1,70,,31285,93,,,1,30,,31284,93,,,1,15,,31287,93,,,1,52,,31279,93,,,1,30,,31280,93,,,1,68,,31281,93,,,1,28,,31282,93,,,1,70,,31283,93,,,1,17,,31286,93,,,1
9600,'2',1041,,31289,93,,,1,104,,31290,93,,,1,99,,31291,93,,,1,95,,31292,93,,,1,99,,31293,93,,,1,99,,31294,93,,,1,97,,31295,93,,,1,99,,31296,93,,,1,93,,31297,93,,,1,97,,31298,93,,,1,87,,31299,93,,,1,41,,31300,93,,,1,97,,31301,93,,,1
9600,'3',1131,,31302,93,,,1,94,,31303,93,,,1,94,,31304,93,,,1,94,,31305,93,,,1,94,,31306,93,,,1,94,,31307,93,,,1,54,,31308,93,,,1,94,,31309,93,,,1,91,,31310,93,,,1,94,,31311,93,,,1,94,,31312,93,,,1,89,,31313,93,,,1
9600,'74',1041,,31314,93,,,1,104,,31315,93,,,1,99,,31316,93,,,1,95,,31317,93,,,1,99,,31318,93,,,1,99,,31319,93,,,1,97,,31320,93,,,1,99,,31321,93,,,1,93,,31322,93,,,1,97,,31323,93,,,1,87,,31324,93,,,1,41,,31325,93,,,1,97,,31326,93,,,1
9600,'80',1131,,31327,93,,,1,94,,31328,93,,,1,94,,31329,93,,,1,94,,31330,93,,,1,94,,31331,93,,,1,94,,31332,93,,,1,54,,31333,93,,,1,94,,31334,93,,,1,91,,31335,93,,,1,94,,31336,93,,,1,94,,31337,93,,,1,89,,31338,93,,,1
9800,'1',635,,31445,49,,,1,75,,31444,49,,,1,35,,31443,49,,,1,75,,31442,49,,,1,35,,31441,49,,,1,75,,31440,49,,,1,98,,31436,49,,,1,98,,31433,49,,,1,96,,31438,49,,,1,98,,31437,49,,,1,80,,31425,49,,,1,39,,31435,49,,,1,80,,31434,49,,,1,40,,31432,49,,,1,80,,31431,49,,,1,80,,31430,49,,,1,83,,31429,49,,,1,40,,31428,49,,,1,92,,31427,49,,,1,91,,31426,49,,,1,88,,31439,49,,,1
9800,'2',634,,31463,49,,,1,86,,31462,49,,,1,85,,31461,49,,,1,54,,31460,49,,,1,93,,31459,49,,,1,92,,31458,49,,,1,94,,31457,49,,,1,98,,31456,49,,,1,98,,31455,49,,,1,97,,31454,49,,,1,98,,31453,49,,,1,98,,31452,49,,,1,99,,31451,49,,,1,100,,31450,49,,,1,89,,31449,49,,,1,91,,31448,49,,,1,49,,31447,49,,,1,85,,31446,49,,,1
9800,'3',818,,31479,49,,,1,88,,31478,49,,,1,48,,31477,49,,,1,93,,31476,49,,,1,93,,31475,49,,,1,91,,31474,49,,,1,93,,31473,49,,,1,93,,31472,49,,,1,93,,31471,49,,,1,93,,31470,49,,,1,53,,31469,49,,,1,95,,31468,49,,,1,88,,31467,49,,,1,90,,31466,49,,,1,87,,31465,49,,,1,88,,31464,49,,,1
9800,'74',634,,31497,49,,,1,86,,31496,49,,,1,85,,31495,49,,,1,54,,31494,49,,,1,93,,31493,49,,,1,92,,31492,49,,,1,94,,31491,49,,,1,98,,31490,49,,,1,98,,31489,49,,,1,97,,31488,49,,,1,98,,31487,49,,,1,98,,31486,49,,,1,99,,31485,49,,,1,100,,31484,49,,,1,89,,31483,49,,,1,91,,31482,49,,,1,49,,31481,49,,,1,85,,31480,49,,,1
9800,'80',818,,31513,49,,,1,88,,31512,49,,,1,48,,31511,49,,,1,93,,31510,49,,,1,93,,31509,49,,,1,91,,31508,49,,,1,93,,31507,49,,,1,93,,31506,49,,,1,93,,31505,49,,,1,93,,31504,49,,,1,53,,31503,49,,,1,95,,31502,49,,,1,88,,31501,49,,,1,90,,31500,49,,,1,87,,31499,49,,,1,88,,31498,49,,,1
989900,'1',2139,,36830,92,,,1,73,,36831,92,,,1,38,,36832,92,,,1,78,,36833,92,,,1,75,,36834,92,,,1,32,,36835,92,,,1,75,,36836,92,,,1,35,,36837,92,,,1,73,,36838,92,0,5 6,1,35,,36839,92,0,5 6,1,79,,36840,92,0,5 6,1
989900,'2',2144,,36841,92,,,1,94,,36842,92,,,1,85,,36843,92,,,1,91,,36844,92,,,1,86,,36845,92,,,1,46,,36846,92,,,1,80,,36847,92,0,5 6,1,86,,36848,92,0,5 6,1,46,,36849,92,0,5 6,1
989900,'3',2158,,36850,92,,,1,90,,36851,92,,,1,84,,36852,92,,,1,90,,36853,92,,,1,79,,36854,92,,,1,43,,36855,92,,,1,78,,36856,92,0,5 6,1,83,,36857,92,0,5 6,1,43,,36858,92,0,5 6,1
989900,'74',2144,,36859,92,,,1,94,,36860,92,,,1,85,,36861,92,,,1,91,,36862,92,,,1,86,,36863,92,,,1,46,,36864,92,,,1,80,,36865,92,0,5 6,1,86,,36866,92,0,5 6,1,46,,36867,92,0,5 6,1
989900,'80',2158,,36868,92,,,1,90,,36869,92,,,1,84,,36870,92,,,1,90,,36871,92,,,1,79,,36872,92,,,1,43,,36873,92,,,1,78,,36874,92,0,5 6,1,83,,36875,92,0,5 6,1,43,,36876,92,0,5 6,1
