100,'1',406,,3,30,,,1,38,,2,30,,,1,71,,1,30,,,1,43,,29,45,,,1,78,,28,45,,,1,81,,26,45,,,1,38,,27,45,,,1,73,,25,45,,,1,75,,24,45,,,1,35,,23,45,,,1,109,,22,45,,,1,153,,21,45,,,1,112,,20,45,,,1,116,,19,45,,,1,87,,30,45,,,1,43,,18,45,,,1,71,,17,45,,,1,77,,16,45,,,1,31,,15,45,,,1,74,,14,45,,,1,34,,13,45,,,1,65,,12,45,,,1,24,,11,45,,,1,98,,10,45,,,1,102,,9,45,,,1,100,,8,45,,,1,91,,7,45,,,1,95,,6,45,,,1,89,,5,45,,,1,95,,4,45,,,1
100,'2',606,,53,30,,,1,97,,31,45,,,1,103,,32,45,,,1,107,,33,45,,,1,103,,34,45,,,1,111,,35,45,,,1,95,,36,45,,,1,87,,37,45,,,1,103,,38,45,,,1,92,,39,45,,,1,52,,40,45,,,1,92,,41,45,,,1,86,,42,45,,,1,92,,43,45,,,1,91,,44,45,,,1,42,,45,45,,,1,92,,46,45,,,1,90,,47,45,,,1,97,,48,45,,,1,97,,49,45,,,1,94,,50,45,,,1,92,,51,45,,,1,97,,52,45,,,1
100,'3',756,,69,30,,,1,92,,54,45,,,1,159,,55,45,,,1,115,,56,45,,,1,115,,57,45,,,1,115,,58,45,,,1,152,,59,45,,,1,107,,60,45,,,1,112,,61,45,,,1,110,,62,45,,,1,108,,63,45,,,1,96,,64,45,,,1,99,,65,45,,,1,99,,66,45,,,1,94,,67,45,,,1,99,,68,45,,,1
100,'80',756,,85,30,,,1,92,,70,45,,,1,159,,71,45,,,1,115,,72,45,,,1,115,,73,45,,,1,115,,74,45,,,1,152,,75,45,,,1,107,,76,45,,,1,112,,77,45,,,1,110,,78,45,,,1,108,,79,45,,,1,96,,80,45,,,1,99,,81,45,,,1,99,,82,45,,,1,94,,83,45,,,1,99,,84,45,,,1
100,'81',756,,101,30,,,1,92,,86,45,,,1,159,,87,45,,,1,115,,88,45,,,1,115,,89,45,,,1,115,,90,45,,,1,152,,91,45,,,1,107,,92,45,,,1,112,,93,45,,,1,110,,94,45,,,1,108,,95,45,,,1,96,,96,45,,,1,99,,97,45,,,1,99,,98,45,,,1,94,,99,45,,,1,99,,100,45,,,1
900,'1',546,,2059,9,,,1,71,,2060,9,,,1,37,,2061,9,,,1,73,,2062,9,,,1,73,,2063,9,,,1,33,,2064,9,,,1,73,,2065,9,,,1,33,,2066,9,,,1,84,,2067,9,,,1,84,,2068,9,,,1,44,,2069,9,,,1,84,,2070,9,,,1,83,,2071,9,,,1,84,,2072,9,,,1,42,,2073,9,,,1,76,,2074,9,,,1,34,,2075,9,,,1,81,,2076,9,,,1,82,,2077,9,,,1,34,,2078,9,,,1,77,,2079,9,,,1,78,,2080,9,,,1,38,,2081,9,,,1,78,,2082,9,,,1
900,'2',703,,2101,9,,,1,47,,2100,9,,,1,87,,2083,9,,,1,87,,2084,9,,,1,87,,2085,9,,,1,47,,2086,9,,,1,87,,2087,9,,,1,87,,2088,9,,,1,87,,2089,9,,,1,87,,2090,9,,,1,47,,2091,9,,,1,87,,2092,9,,,1,87,,2093,9,,,1,87,,2094,9,,,1,87,,2095,9,,,1,47,,2096,9,,,1,87,,2097,9,,,1,87,,2098,9,,,1,87,,2099,9,,,1
900,'3',805,,2102,9,,,1,47,,2103,9,,,1,87,,2104,9,,,1,87,,2105,9,,,1,87,,2106,9,,,1,87,,2107,9,,,1,47,,2108,9,,,1,87,,2109,9,,,1,87,,2110,9,,,1,87,,2111,9,,,1,47,,2112,9,,,1,87,,2113,9,,,1,87,,2114,9,,,1,87,,2115,9,,,1,87,,2116,9,,,1,47,,2117,9,,,1,87,,2118,9,,,1
900,'80',805,,2119,9,,,1,47,,2120,9,,,1,87,,2121,9,,,1,87,,2122,9,,,1,87,,2123,9,,,1,87,,2124,9,,,1,47,,2125,9,,,1,87,,2126,9,,,1,87,,2127,9,,,1,87,,2128,9,,,1,47,,2129,9,,,1,87,,2130,9,,,1,87,,2131,9,,,1,87,,2132,9,,,1,87,,2133,9,,,1,47,,2134,9,,,1,87,,2135,9,,,1
900,'81',805,,2136,9,,,1,47,,2137,9,,,1,87,,2138,9,,,1,87,,2139,9,,,1,87,,2140,9,,,1,87,,2141,9,,,1,47,,2142,9,,,1,87,,2143,9,,,1,87,,2144,9,,,1,87,,2145,9,,,1,47,,2146,9,,,1,87,,2147,9,,,1,87,,2148,9,,,1,87,,2149,9,,,1,87,,2150,9,,,1,47,,2151,9,,,1,87,,2152,9,,,1
1601,'1',549,,2555,3,,,1,62,,2554,3,,,1,22,,2546,3,,,1,22,,2547,3,,,1,62,,2548,3,,,1,22,,2549,3,,,1,62,,2550,3,,,1,22,,2551,3,,,1,17,,2552,3,,,1,66,,2553,3,,,1,21,,2566,3,,,1,24,,2565,3,,,1,68,,2556,3,,,1,32,,2557,3,,,1,71,,2558,3,,,1,31,,2559,3,,,1,71,,2560,3,,,1,31,,2561,3,,,1,69,,2562,3,,,1,33,,2563,3,,,1,67,,2564,3,,,1,21,,2583,3,,,1,63,,2582,3,,,1,23,,2567,3,,,1,17,,2568,3,,,1,69,,2569,3,,,1,23,,2570,3,,,1,63,,2571,3,,,1,23,,2572,3,,,1,23,,2573,3,,,1,63,,2574,3,,,1,23,,2575,3,,,1,23,,2576,3,,,1,63,,2577,3,,,1,23,,2578,3,,,1,63,,2579,3,,,1,23,,2580,3,,,1,22,,2581,3,,,1,68,,2586,3,,,1,34,,2584,3,,,1,74,,2585,3,,,1,74,,2592,3,,,1
1601,'2',657,,2596,3,,,1,78,,2593,3,,,1,78,,2594,3,,,1,38,,2595,3,,,1,78,,2599,3,,,1,78,,2600,3,,,1,38,,2601,3,,,1,78,,2602,3,,,1,78,,2603,3,,,1,38,,2604,3,,,1,84,,2613,3,,,1,81,,2605,3,,,1,41,,2606,3,,,1,81,,2607,3,,,1,81,,2608,3,,,1,41,,2609,3,,,1,81,,2610,3,,,1,81,,2611,3,,,1,37,,2612,3,,,1,81,,2620,3,,,1,72,,2614,3,,,1,36,,2615,3,,,1,78,,2616,3,,,1,34,,2617,3,,,1,76,,2618,3,,,1,33,,2619,3,,,1
1601,'3',738,,2621,3,,,1,95,,2622,3,,,1,95,,2623,3,,,1,95,,2624,3,,,1,95,,2625,3,,,1,95,,2626,3,,,1,98,,2627,3,,,1,97,,2628,3,,,1,98,,2629,3,,,1,98,,2630,3,,,1,99,,2631,3,,,1,52,,2632,3,,,1,92,,2633,3,,,1,92,,2634,3,,,1,92,,2635,3,,,1,91,,2636,3,,,1
1601,'80',738,,2637,3,,,1,95,,2638,3,,,1,95,,2639,3,,,1,95,,2640,3,,,1,95,,2641,3,,,1,95,,2642,3,,,1,98,,2643,3,,,1,97,,2644,3,,,1,98,,2645,3,,,1,98,,2646,3,,,1,99,,2647,3,,,1,52,,2648,3,,,1,92,,2649,3,,,1,92,,2650,3,,,1,92,,2651,3,,,1,91,,2652,3,,,1
1601,'81',738,,2653,3,,,1,95,,2654,3,,,1,95,,2655,3,,,1,95,,2656,3,,,1,95,,2657,3,,,1,95,,2658,3,,,1,98,,2659,3,,,1,97,,2660,3,,,1,98,,2661,3,,,1,98,,2662,3,,,1,99,,2663,3,,,1,52,,2664,3,,,1,92,,2665,3,,,1,92,,2666,3,,,1,92,,2667,3,,,1,91,,2668,3,,,1
30301,'1',1626,,8600,5,,,1,31,,8597,5,,,1,60,,8598,5,,,1,10,,8599,5,,,1,17,,8601,5,,,1,10,,8596,5,,,1,53,,8602,5,,,1,12,,8603,5,,,1,15,,8595,5,,,1
40100,'24611.1',753,,9203,43,,,1
52201,'1',856,,9328,2,,,1,162,,9323,2,,,1,119,,9324,2,,,1,119,,9325,2,,,1,159,,9326,2,,,1,119,,9327,2,,,1,119,,9330,2,,,1
