5500,'1',550,,4534,35,0,239 24 235,1,81,,4533,35,0,239 24 235,1,74,,4532,35,0,239 24 235,1,44,,4531,35,0,239 24 235,1,78,,4530,35,0,239 24 235,1,79,,4529,35,0,239 24 235,1,39,,4520,35,0,239 24 235,1,669,,4528,35,0,239 24 235,1,41,,4527,35,0,239 24 235,1,81,,4526,35,0,239 24 235,1,80,,4525,35,0,239 24 235,1,41,,4524,35,0,239 24 235,1,81,,4523,35,0,239 24 235,1,79,,4522,35,0,239 24 235,1,41,,4521,35,0,239 24 235,1
5501,'1',604,,4550,6,,,1,39,,4549,6,,,1,77,,4548,6,,,1,81,,4547,6,,,1,40,,4546,6,,,1,79,,4545,6,,,1,39,,4535,6,,,1,544,,4537,6,,,1,44,,4538,6,,,1,81,,4539,6,,,1,81,,4544,6,,,1,40,,4543,6,,,1,81,,4542,6,,,1,81,,4541,6,,,1,41,,4540,6,,,1,81,,4536,6,,,1
5600,'1',600,,4559,33,4,,1,106,,4558,33,4,,1,106,,4557,33,4,,1,108,,4556,34,4,,1,497,,4555,34,4,,1,110,,4554,34,4,,1,110,,4553,34,4,,1,110,,4552,34,4,,1,108,,4551,34,4,,1
5601,'1',607,,4568,1,,,1,12,,4568,20,,,1,94,,4567,1,,,1,12,,4567,20,,,1,94,,4566,1,,,1,12,,4566,20,,,1,94,,4565,1,,,1,11,,4565,20,,,1,486,,4564,1,,,1,14,,4564,20,,,1,96,,4563,1,,,1,14,,4563,20,,,1,96,,4562,1,,,1,14,,4562,20,,,1,96,,4561,1,,,1,52,,4561,20,,,1,98,,4560,1,,,1,11,,4560,20,,,1
5700,'1',723,,4569,36,4,,1,32,,4570,36,4,,1,82,,4571,36,4,,1,77,,4572,36,4,,1,34,,4573,36,4,,1,76,,4574,36,4,,1,76,,4575,36,4,,1,36,,4576,36,4,,1,76,,4577,36,4,,1,36,,4578,36,4,,1,76,,4579,36,4,,1,76,,4580,36,4,,1,41,,4581,36,4,,1,78,,4582,36,4,,1,39,,4583,36,4,,1,77,,4584,36,4,,1,78,,4585,36,4,,1,36,,4586,36,4,,1,78,,4587,36,4,,1,75,,4588,36,4,,1,38,,4589,36,4,,1,99,,4590,36,4,,1,102,,4591,36,4,,1,102,,4592,36,4,,1
5700,'2',727,,4607,36,4,,1,104,,4606,36,4,,1,106,,4605,36,4,,1,104,,4604,36,4,,1,104,,4603,36,4,,1,104,,4602,36,4,,1,104,,4601,36,4,,1,104,,4600,36,4,,1,145,,4599,36,4,,1,104,,4598,36,4,,1,104,,4597,36,4,,1,104,,4596,36,4,,1,101,,4595,36,4,,1,104,,4594,36,4,,1,104,,4593,36,4,,1
5700,'3',827,,4621,36,4,,1,103,,4620,36,4,,1,105,,4619,36,4,,1,105,,4618,36,4,,1,105,,4617,36,4,,1,105,,4616,36,4,,1,105,,4615,36,4,,1,145,,4614,36,4,,1,105,,4613,36,4,,1,105,,4612,36,4,,1,103,,4611,36,4,,1,105,,4610,36,4,,1,107,,4609,36,4,,1,102,,4608,36,4,,1
5700,'80',827,,4635,36,4,,1,103,,4634,36,4,,1,105,,4633,36,4,,1,105,,4632,36,4,,1,105,,4631,36,4,,1,105,,4630,36,4,,1,105,,4629,36,4,,1,145,,4628,36,4,,1,105,,4627,36,4,,1,105,,4626,36,4,,1,103,,4625,36,4,,1,105,,4624,36,4,,1,107,,4623,36,4,,1,102,,4622,36,4,,1
5700,'81',827,,4649,36,4,,1,103,,4648,36,4,,1,105,,4647,36,4,,1,105,,4646,36,4,,1,105,,4645,36,4,,1,105,,4644,36,4,,1,105,,4643,36,4,,1,145,,4642,36,4,,1,105,,4641,36,4,,1,105,,4640,36,4,,1,103,,4639,36,4,,1,105,,4638,36,4,,1,107,,4637,36,4,,1,102,,4636,36,4,,1
5701,'1',729,,4650,1,,,1,77,,4651,1,,,1,36,,4652,1,,,1,78,,4653,1,,,1,36,,4654,1,,,1,76,,4655,1,,,1,76,,4656,1,,,1,36,,4657,1,,,1,76,,4658,1,,,1,36,,4659,1,,,1,76,,4660,1,,,1,76,,4661,1,,,1,40,,4662,1,,,1,77,,4663,1,,,1,78,,4664,1,,,1,38,,4665,1,,,1,78,,4666,1,,,1,38,,4667,1,,,1,78,,4668,1,,,1,78,,4669,1,,,1,32,,4672,1,,,1,102,,4670,1,,,1,102,,4671,1,,,1
5701,'2',730,,4686,1,,,1,104,,4685,1,,,1,104,,4684,1,,,1,104,,4683,1,,,1,104,,4682,1,,,1,104,,4681,1,,,1,104,,4680,1,,,1,104,,4679,1,,,1,145,,4678,1,,,1,104,,4677,1,,,1,104,,4676,1,,,1,104,,4675,1,,,1,103,,4674,1,,,1,104,,4673,1,,,1
5701,'3',827,,4699,1,,,1,105,,4698,1,,,1,105,,4697,1,,,1,105,,4696,1,,,1,105,,4695,1,,,1,105,,4694,1,,,1,105,,4693,1,,,1,145,,4692,1,,,1,105,,4691,1,,,1,105,,4690,1,,,1,103,,4689,1,,,1,105,,4688,1,,,1,107,,4687,1,,,1
5701,'80',827,,4712,1,,,1,105,,4711,1,,,1,105,,4710,1,,,1,105,,4709,1,,,1,105,,4708,1,,,1,105,,4707,1,,,1,105,,4706,1,,,1,145,,4705,1,,,1,105,,4704,1,,,1,105,,4703,1,,,1,103,,4702,1,,,1,105,,4701,1,,,1,107,,4700,1,,,1
5701,'81',827,,4725,1,,,1,105,,4724,1,,,1,105,,4723,1,,,1,105,,4722,1,,,1,105,,4721,1,,,1,105,,4720,1,,,1,105,,4719,1,,,1,145,,4718,1,,,1,105,,4717,1,,,1,105,,4716,1,,,1,103,,4715,1,,,1,105,,4714,1,,,1,107,,4713,1,,,1
