8500,'1',543,,5396,6,,,1,16,,5397,6,,,1,56,,5398,6,,,1,16,,5399,6,,,1,16,,5400,6,,,1,56,,5401,6,,,1,16,,5402,6,,,1,16,,5403,6,,,1,16,,5404,6,,,1,56,,5405,6,,,1,16,,5406,6,,,1,16,,5407,6,,,1,16,,5408,6,,,1,65,,5409,6,,,1,25,,5410,6,,,1,65,,5411,6,,,1,25,,5412,6,,,1,65,,5413,6,,,1,25,,5414,6,,,1,25,,5415,6,,,1,65,,5416,6,,,1,25,,5417,6,,,1,65,,5418,6,,,1,25,,5419,6,,,1,20,,5420,6,,,1
8500,'2',632,,5476,6,,,1,70,,5477,6,,,1,30,,5478,6,,,1,68,,5479,6,,,1,31,,5480,6,,,1,70,,5481,6,,,1,30,,5482,6,,,1,72,,5483,6,,,1,30,,5484,6,,,1,71,,5448,6,,,1,22,,5449,6,,,1,23,,5450,6,,,1,63,,5451,6,,,1,23,,5452,6,,,1,23,,5453,6,,,1,63,,5454,6,,,1,23,,5455,6,,,1,63,,5456,6,,,1,23,,5457,6,,,1,23,,5458,6,,,1,63,,5459,6,,,1,23,,5460,6,,,1,63,,5461,6,,,1,23,,5462,6,,,1,21,,5463,6,,,1,65,,5464,6,,,1,17,,5465,6,,,1,21,,5466,6,,,1,61,,5467,6,,,1,21,,5468,6,,,1,21,,5469,6,,,1,61,,5470,6,,,1,21,,5471,6,,,1,21,,5472,6,,,1,61,,5473,6,,,1,21,,5474,6,,,1,21,,5475,6,,,1,70,,5485,6,,,1,30,,5486,6,,,1,70,,5487,6,,,1
8500,'3',922,,5488,6,,,1,80,,5489,6,,,1,40,,5490,6,,,1,80,,5491,6,,,1,91,,5492,6,,,1,43,,5493,6,,,1,83,,5494,6,,,1,83,,5495,6,,,1,82,,5496,6,,,1,43,,5497,6,,,1,82,,5498,6,,,1,74,,5499,6,,,1,41,,5500,6,,,1,85,,5501,6,,,1,77,,5502,6,,,1,41,,5503,6,,,1,81,,5504,6,,,1
8500,'80',922,,5507,6,,,1,80,,5508,6,,,1,40,,5509,6,,,1,80,,5510,6,,,1,91,,5511,6,,,1,43,,5512,6,,,1,83,,5513,6,,,1,83,,5514,6,,,1,82,,5515,6,,,1,43,,5516,6,,,1,82,,5517,6,,,1,74,,5518,6,,,1,41,,5519,6,,,1,85,,5520,6,,,1,77,,5521,6,,,1,41,,5522,6,,,1,81,,5523,6,,,1
8500,'81',922,,5526,6,,,1,80,,5527,6,,,1,40,,5528,6,,,1,80,,5529,6,,,1,91,,5530,6,,,1,43,,5531,6,,,1,83,,5532,6,,,1,83,,5533,6,,,1,82,,5534,6,,,1,43,,5535,6,,,1,82,,5536,6,,,1,74,,5537,6,,,1,41,,5538,6,,,1,85,,5539,6,,,1,77,,5540,6,,,1,41,,5541,6,,,1,81,,5542,6,,,1
8501,'1',1356,,5566,57,,,1,65,,5570,57,,,1,25,,5571,57,,,1,66,,5572,57,,,1,16,,5599,57,,,1,16,,5600,57,,,1,56,,5589,57,,,1,16,,5588,57,,,1,16,,5587,57,,,1,71,,5586,57,,,1,25,,5585,57,,,1,16,,5573,57,,,1,59,,5574,57,,,1,13,,5575,57,,,1,6,,5576,57,,,1,16,,5577,57,,,1,11,,5578,57,,,1,59,,5579,57,,,1,13,,5580,57,,,1,16,,5581,57,,,1,16,,5582,57,,,1,56,,5583,57,,,1,13,,5584,57,,,1,32,,5592,57,,,1,63,,5591,57,,,1,25,,5590,57,,,1,62,,5596,57,,,1,29,,5595,57,,,1,70,,5593,57,,,1,32,,5594,57,,,1
8501,'2',2247,,5639,57,,,1,70,,5640,57,,,1
8501,'3',2102,,5641,57,,,1,41,,5642,57,,,1
8501,'80',2102,,5660,57,,,1,41,,5661,57,,,1
8501,'81',2102,,5679,57,,,1,41,,5680,57,,,1
46100,'24612.1',732,,9294,22,,,1
