8500,'1',549,,5396,13,,,1,56,,5397,13,,,1,16,,5398,13,,,1,16,,5399,13,,,1,16,,5400,13,,,1,56,,5401,13,,,1,16,,5402,13,,,1,16,,5403,13,,,1,16,,5404,13,,,1,56,,5405,13,,,1,16,,5406,13,,,1,16,,5407,13,,,1,56,,5408,13,,,1,25,,5409,13,,,1,25,,5410,13,,,1,63,,5411,13,,,1,25,,5412,13,,,1,65,,5413,13,,,1,25,,5414,13,,,1,25,,5415,13,,,1,65,,5416,13,,,1,25,,5417,13,,,1,65,,5418,13,,,1,25,,5419,13,,,1,20,,5420,13,,,1
8500,'2',636,,5476,13,,,1,70,,5477,13,,,1,30,,5478,13,,,1,68,,5479,13,,,1,31,,5480,13,,,1,70,,5481,13,,,1,30,,5482,13,,,1,72,,5483,13,,,1,30,,5484,13,,,1,71,,5448,13,,,1,22,,5449,13,,,1,23,,5450,13,,,1,63,,5451,13,,,1,23,,5452,13,,,1,63,,5453,13,,,1,23,,5454,13,,,1,23,,5455,13,,,1,63,,5456,13,,,1,23,,5457,13,,,1,23,,5458,13,,,1,63,,5459,13,,,1,23,,5460,13,,,1,63,,5461,13,,,1,23,,5462,13,,,1,21,,5463,13,,,1,65,,5464,13,,,1,17,,5465,13,,,1,21,,5466,13,,,1,61,,5467,13,,,1,21,,5468,13,,,1,21,,5469,13,,,1,61,,5470,13,,,1,21,,5471,13,,,1,21,,5472,13,,,1,61,,5473,13,,,1,21,,5474,13,,,1,61,,5475,13,,,1,30,,5485,13,,,1,70,,5486,13,,,1,30,,5487,13,,,1
8500,'3',926,,5488,13,,,1,80,,5489,13,,,1,40,,5490,13,,,1,80,,5491,13,,,1,91,,5492,13,,,1,83,,5493,13,,,1,43,,5494,13,,,1,83,,5495,13,,,1,82,,5496,13,,,1,43,,5497,13,,,1,82,,5498,13,,,1,74,,5499,13,,,1,41,,5500,13,,,1,85,,5501,13,,,1,77,,5502,13,,,1,41,,5503,13,,,1,81,,5504,13,,,1
8500,'80',926,,5507,13,,,1,80,,5508,13,,,1,40,,5509,13,,,1,80,,5510,13,,,1,91,,5511,13,,,1,83,,5512,13,,,1,43,,5513,13,,,1,83,,5514,13,,,1,82,,5515,13,,,1,43,,5516,13,,,1,82,,5517,13,,,1,74,,5518,13,,,1,41,,5519,13,,,1,85,,5520,13,,,1,77,,5521,13,,,1,41,,5522,13,,,1,81,,5523,13,,,1
8500,'81',926,,5526,13,,,1,80,,5527,13,,,1,40,,5528,13,,,1,80,,5529,13,,,1,91,,5530,13,,,1,83,,5531,13,,,1,43,,5532,13,,,1,83,,5533,13,,,1,82,,5534,13,,,1,43,,5535,13,,,1,82,,5536,13,,,1,74,,5537,13,,,1,41,,5538,13,,,1,85,,5539,13,,,1,77,,5540,13,,,1,41,,5541,13,,,1,81,,5542,13,,,1
8501,'1',1400,,5566,64,,,1,25,,5570,64,,,1,25,,5571,64,,,1,66,,5572,64,,,1,16,,5599,64,,,1,16,,5600,64,,,1,56,,5589,64,,,1,16,,5588,64,,,1,16,,5587,64,,,1,73,,5586,64,,,1,24,,5585,64,,,1,16,,5573,64,,,1,59,,5574,64,,,1,13,,5575,64,,,1,6,,5576,64,,,1,16,,5577,64,,,1,11,,5578,64,,,1,59,,5579,64,,,1,13,,5580,64,,,1,16,,5581,64,,,1,16,,5582,64,,,1,56,,5583,64,,,1,12,,5584,64,,,1,32,,5592,64,,,1,63,,5591,64,,,1,25,,5590,64,,,1,62,,5596,64,,,1,29,,5595,64,,,1,72,,5593,64,,,1,32,,5594,64,,,1
8501,'2',2250,,5639,64,,,1,70,,5640,64,,,1
8501,'3',2106,,5641,64,,,1,41,,5642,64,,,1
8501,'80',2106,,5660,64,,,1,41,,5661,64,,,1
8501,'81',2106,,5679,64,,,1,41,,5680,64,,,1
46100,'24612.1',738,,9294,29,,,1
