1600,'1',540,,2421,8,,,1,62,,2422,8,,,1,23,,2423,8,,,1,22,,2424,8,,,1,62,,2425,8,,,1,22,,2426,8,,,1,18,,2427,8,,,1,66,,2428,8,,,1,22,,2429,8,,,1,22,,2430,8,,,1,71,,2431,8,,,1,71,,2432,8,,,1,35,,2433,8,,,1,67,,2434,8,,,1,31,,2435,8,,,1,71,,2436,8,,,1,31,,2437,8,,,1,71,,2438,8,,,1,31,,2439,8,,,1,75,,2440,8,,,1,20,,2441,8,,,1,23,,2442,8,,,1,63,,2443,8,,,1,23,,2444,8,,,1,63,,2445,8,,,1,24,,2446,8,,,1,23,,2447,8,,,1,63,,2448,8,,,1,23,,2449,8,,,1,63,,2450,8,,,1,23,,2451,8,,,1,20,,2452,8,,,1,63,,2453,8,,,1,23,,2454,8,,,1,23,,2455,8,,,1,63,,2456,8,,,1,23,,2457,8,,,1,74,,2458,8,,,1,34,,2459,8,,,1,74,,2460,8,,,1,34,,2461,8,,,1,74,,2462,8,,,1,74,,2466,8,,,1
1600,'2',649,,2467,8,,,1,78,,2468,8,,,1,78,,2469,8,,,1,38,,2470,8,,,1,78,,2471,8,,,1,38,,2472,8,,,1,78,,2473,8,,,1,78,,2474,8,,,1,38,,2475,8,,,1,78,,2476,8,,,1,81,,2477,8,,,1,41,,2478,8,,,1,82,,2479,8,,,1,81,,2480,8,,,1,42,,2481,8,,,1,81,,2482,8,,,1,81,,2483,8,,,1,81,,2484,8,,,1,41,,2485,8,,,1,75,,2486,8,,,1,36,,2487,8,,,1,79,,2488,8,,,1,73,,2489,8,,,1,35,,2490,8,,,1,77,,2491,8,,,1,35,,2492,8,,,1,76,,2493,8,,,1
1600,'3',842,,2495,8,,,1,96,,2496,8,,,1,95,,2497,8,,,1,95,,2498,8,,,1,95,,2499,8,,,1,99,,2504,8,,,1,98,,2500,8,,,1,98,,2501,8,,,1,98,,2502,8,,,1,94,,2503,8,,,1,95,,2509,8,,,1,52,,2505,8,,,1,91,,2506,8,,,1,92,,2507,8,,,1,92,,2508,8,,,1
1600,'80',842,,2512,8,,,1,96,,2513,8,,,1,95,,2514,8,,,1,95,,2515,8,,,1,95,,2516,8,,,1,99,,2521,8,,,1,98,,2517,8,,,1,98,,2518,8,,,1,98,,2519,8,,,1,94,,2520,8,,,1,95,,2526,8,,,1,52,,2522,8,,,1,91,,2523,8,,,1,92,,2524,8,,,1,92,,2525,8,,,1
1600,'81',842,,2529,8,,,1,96,,2532,8,,,1,95,,2533,8,,,1,95,,2534,8,,,1,95,,2535,8,,,1,99,,2540,8,,,1,98,,2536,8,,,1,98,,2537,8,,,1,98,,2538,8,,,1,94,,2539,8,,,1,95,,2545,8,,,1,52,,2541,8,,,1,91,,2542,8,,,1,92,,2543,8,,,1,92,,2544,8,,,1
8500,'1',635,,5396,52,,,1,16,,5397,52,,,1,56,,5398,52,,,1,16,,5399,52,,,1,16,,5400,52,,,1,19,,5401,52,,,1,56,,5402,52,,,1,16,,5403,52,,,1,16,,5404,52,,,1,56,,5405,52,,,1,16,,5406,52,,,1,11,,5407,51,,,1,16,,5408,51,,,1,65,,5409,51,,,1,25,,5410,51,,,1,18,,5411,51,,,1,65,,5412,51,,,1,25,,5413,51,,,1,65,,5414,51,,,1,25,,5415,51,,,1,67,,5416,51,,,1,25,,5417,51,,,1,27,,5418,51,,,1,65,,5419,51,,,1,20,,5420,51,,,1,16,,5447,37,,,1,58,,5421,37,,,1,20,,5422,37,,,1,16,,5423,37,,,1,57,,5424,37,,,1,16,,5425,37,,,1,24,,5426,38,,,1,13,,5427,38,,,1,56,,5428,38,,,1,16,,5429,38,,,1,19,,5430,38,,,1,56,,5431,38,,,1,16,,5432,38,,,1,16,,5433,38,,,1,9,,5434,38,,,1,56,,5435,38,,,1,16,,5436,38,,,1,16,,5437,38,,,1,16,,5438,38,,,1,53,,5439,37,,,1,25,,5440,37,,,1,26,,5441,37,,,1,65,,5442,37,,,1,32,,5443,37,,,1,72,,5444,37,,,1,32,,5445,37,,,1,72,,5446,37,,,1
8500,'2',710,,5476,51,,,1,31,,5477,51,,,1,70,,5478,51,,,1,28,,5479,51,,,1,74,,5480,51,,,1,30,,5481,51,,,1,70,,5482,51,,,1,34,,5483,51,,,1,70,,5484,51,,,1,31,,5448,51,,,1,62,,5449,51,,,1,25,,5450,51,,,1,23,,5451,51,,,1,63,,5452,51,,,1,23,,5453,51,,,1,63,,5454,51,,,1,23,,5455,51,,,1,23,,5456,51,,,1,63,,5457,51,,,1,23,,5458,51,,,1,63,,5459,51,,,1,23,,5460,51,,,1,23,,5461,51,,,1,63,,5462,51,,,1,21,,5463,51,,,1,21,,5464,51,,,1,57,,5465,51,,,1,21,,5466,51,,,1,21,,5467,51,,,1,61,,5468,51,,,1,21,,5469,51,,,1,21,,5470,51,,,1,59,,5471,51,,,1,21,,5472,51,,,1,21,,5473,51,,,1,61,,5474,51,,,1,21,,5475,51,,,1,70,,5485,51,,,1,30,,5486,51,,,1,70,,5487,51,,,1
8500,'3',845,,5505,23,,,1,80,,5506,23,,,1,79,,5488,51,,,1,40,,5489,51,,,1,81,,5490,51,,,1,80,,5491,51,,,1,51,,5492,51,,,1,83,,5493,51,,,1,83,,5494,51,,,1,83,,5495,51,,,1,42,,5496,51,,,1,83,,5497,51,,,1,84,,5498,51,,,1,34,,5499,51,,,1,81,,5500,51,,,1,85,,5501,51,,,1,37,,5502,51,,,1,81,,5503,51,,,1,81,,5504,51,,,1
8500,'80',845,,5524,23,,,1,80,,5525,23,,,1,79,,5507,51,,,1,40,,5508,51,,,1,81,,5509,51,,,1,80,,5510,51,,,1,51,,5511,51,,,1,83,,5512,51,,,1,83,,5513,51,,,1,83,,5514,51,,,1,42,,5515,51,,,1,83,,5516,51,,,1,84,,5517,51,,,1,34,,5518,51,,,1,81,,5519,51,,,1,85,,5520,51,,,1,37,,5521,51,,,1,81,,5522,51,,,1,81,,5523,51,,,1
8500,'81',845,,5543,23,,,1,80,,5544,23,,,1,79,,5526,51,,,1,40,,5527,51,,,1,81,,5528,51,,,1,80,,5529,51,,,1,51,,5530,51,,,1,83,,5531,51,,,1,83,,5532,51,,,1,83,,5533,51,,,1,42,,5534,51,,,1,83,,5535,51,,,1,84,,5536,51,,,1,34,,5537,51,,,1,81,,5538,51,,,1,85,,5539,51,,,1,37,,5540,51,,,1,81,,5541,51,,,1,81,,5542,51,,,1
