8100,'1',517,,29504,6,,,1,31,,29506,6,,,1,71,,29508,6,,,1,32,,29509,6,,,1,74,,29507,6,,,1,34,,29510,6,,,1,86,,29505,6,,,1
8101,'1',1507,,29518,6,,,1,41,,29517,6,,,1,81,,29516,6,,,1,79,,29515,6,,,1,38,,29514,6,,,1,77,,29513,6,,,1,36,,29512,6,,,1,79,,29511,6,,,1
9800,'1',606,,31445,6,,,1,35,,31444,6,,,1,72,,31443,6,,,1,35,,31442,6,,,1,75,,31441,6,,,1,35,,31440,6,,,1,98,,31436,6,,,1,98,,31433,6,,,1,94,,31438,6,,,1,98,,31437,6,,,1,80,,31425,6,,,1,76,,31435,6,,,1,40,,31434,6,,,1,80,,31432,6,,,1,80,,31431,6,,,1,40,,31430,6,,,1,87,,31429,6,,,1,80,,31428,6,,,1,95,,31427,6,,,1,51,,31426,6,,,1,91,,31439,6,,,1
9800,'2',607,,31463,6,,,1,46,,31462,6,,,1,84,,31461,6,,,1,94,,31460,6,,,1,91,,31459,6,,,1,89,,31458,6,,,1,94,,31457,6,,,1,98,,31456,6,,,1,98,,31455,6,,,1,56,,31454,6,,,1,98,,31453,6,,,1,98,,31452,6,,,1,101,,31451,6,,,1,103,,31450,6,,,1,89,,31449,6,,,1,93,,31448,6,,,1,89,,31447,6,,,1,85,,31446,6,,,1
9800,'3',752,,31479,6,,,1,88,,31478,6,,,1,88,,31477,6,,,1,90,,31476,6,,,1,93,,31475,6,,,1,48,,31474,6,,,1,93,,31473,6,,,1,93,,31472,6,,,1,93,,31471,6,,,1,93,,31470,6,,,1,93,,31469,6,,,1,99,,31468,6,,,1,88,,31467,6,,,1,92,,31466,6,,,1,47,,31465,6,,,1,88,,31464,6,,,1
9800,'74',607,,31497,6,,,1,46,,31496,6,,,1,84,,31495,6,,,1,94,,31494,6,,,1,91,,31493,6,,,1,89,,31492,6,,,1,94,,31491,6,,,1,98,,31490,6,,,1,98,,31489,6,,,1,56,,31488,6,,,1,98,,31487,6,,,1,98,,31486,6,,,1,101,,31485,6,,,1,103,,31484,6,,,1,89,,31483,6,,,1,93,,31482,6,,,1,89,,31481,6,,,1,85,,31480,6,,,1
9800,'80',752,,31513,6,,,1,88,,31512,6,,,1,88,,31511,6,,,1,90,,31510,6,,,1,93,,31509,6,,,1,48,,31508,6,,,1,93,,31507,6,,,1,93,,31506,6,,,1,93,,31505,6,,,1,93,,31504,6,,,1,93,,31503,6,,,1,99,,31502,6,,,1,88,,31501,6,,,1,92,,31500,6,,,1,47,,31499,6,,,1,88,,31498,6,,,1
989900,'1',2111,,36830,49,,,1,34,,36831,49,,,1,78,,36832,49,,,1,78,,36833,49,,,1,35,,36834,49,,,1,72,,36835,49,,,1,35,,36836,49,,,1,75,,36837,49,,,1,36,,36838,49,0,5 6,1,75,,36839,49,0,5 6,1,80,,36840,49,0,5 6,1
989900,'2',2115,,36841,49,,,1,94,,36842,49,,,1,47,,36843,49,,,1,92,,36844,49,,,1,86,,36845,49,,,1,86,,36846,49,,,1,85,,36847,49,0,5 6,1,46,,36848,49,0,5 6,1,86,,36849,49,0,5 6,1
989900,'3',2132,,36850,49,,,1,90,,36851,49,,,1,85,,36852,49,,,1,50,,36853,49,,,1,80,,36854,49,,,1,83,,36855,49,,,1,80,,36856,49,0,5 6,1,43,,36857,49,0,5 6,1,83,,36858,49,0,5 6,1
989900,'74',2115,,36859,49,,,1,94,,36860,49,,,1,47,,36861,49,,,1,92,,36862,49,,,1,86,,36863,49,,,1,86,,36864,49,,,1,85,,36865,49,0,5 6,1,46,,36866,49,0,5 6,1,86,,36867,49,0,5 6,1
989900,'80',2132,,36868,49,,,1,90,,36869,49,,,1,85,,36870,49,,,1,50,,36871,49,,,1,80,,36872,49,,,1,83,,36873,49,,,1,80,,36874,49,0,5 6,1,43,,36875,49,0,5 6,1,83,,36876,49,0,5 6,1
