100,'1',420,,3,44,,,1,38,,2,44,,,1,71,,1,44,,,1,83,,29,59,,,1,38,,28,59,,,1,83,,26,59,,,1,79,,27,59,,,1,32,,25,59,,,1,75,,24,59,,,1,35,,23,59,,,1,147,,22,59,,,1,113,,21,59,,,1,112,,20,59,,,1,116,,19,59,,,1,87,,30,59,,,1,84,,18,59,,,1,31,,17,59,,,1,77,,16,59,,,1,31,,15,59,,,1,74,,14,59,,,1,74,,13,59,,,1,24,,12,59,,,1,23,,11,59,,,1,97,,10,59,,,1,102,,9,59,,,1,100,,8,59,,,1,91,,7,59,,,1,95,,6,59,,,1,89,,5,59,,,1,95,,4,59,,,1
100,'2',617,,53,44,,,1,97,,31,59,,,1,103,,32,59,,,1,107,,33,59,,,1,103,,34,59,,,1,112,,35,59,,,1,96,,36,59,,,1,87,,37,59,,,1,103,,38,59,,,1,92,,39,59,,,1,92,,40,59,,,1,92,,41,59,,,1,46,,42,59,,,1,92,,43,59,,,1,91,,44,59,,,1,80,,45,59,,,1,92,,46,59,,,1,50,,47,59,,,1,97,,48,59,,,1,97,,49,59,,,1,94,,50,59,,,1,92,,51,59,,,1,96,,52,59,,,1
100,'3',807,,69,44,,,1,52,,54,59,,,1,159,,55,59,,,1,115,,56,59,,,1,115,,57,59,,,1,155,,58,59,,,1,112,,59,59,,,1,107,,60,59,,,1,112,,61,59,,,1,110,,62,59,,,1,108,,63,59,,,1,95,,64,59,,,1,99,,65,59,,,1,99,,66,59,,,1,94,,67,59,,,1,99,,68,59,,,1
100,'80',807,,85,44,,,1,52,,70,59,,,1,159,,71,59,,,1,115,,72,59,,,1,115,,73,59,,,1,155,,74,59,,,1,112,,75,59,,,1,107,,76,59,,,1,112,,77,59,,,1,110,,78,59,,,1,108,,79,59,,,1,95,,80,59,,,1,99,,81,59,,,1,99,,82,59,,,1,94,,83,59,,,1,99,,84,59,,,1
100,'81',807,,101,44,,,1,52,,86,59,,,1,159,,87,59,,,1,115,,88,59,,,1,115,,89,59,,,1,155,,90,59,,,1,112,,91,59,,,1,107,,92,59,,,1,112,,93,59,,,1,110,,94,59,,,1,108,,95,59,,,1,95,,96,59,,,1,99,,97,59,,,1,99,,98,59,,,1,94,,99,59,,,1,99,,100,59,,,1
900,'1',538,,2059,3,,,1,69,,2060,3,,,1,37,,2061,3,,,1,73,,2062,3,,,1,33,,2063,3,,,1,73,,2064,3,,,1,33,,2065,3,,,1,73,,2066,3,,,1,84,,2067,3,,,1,44,,2068,3,,,1,84,,2069,3,,,1,84,,2070,3,,,1,84,,2071,3,,,1,44,,2072,3,,,1,82,,2073,3,,,1,74,,2074,3,,,1,34,,2075,3,,,1,82,,2076,3,,,1,82,,2077,3,,,1,34,,2078,3,,,1,78,,2079,3,,,1,38,,2080,3,,,1,78,,2081,3,,,1,78,,2082,3,,,1
900,'2',653,,2101,3,,,1,87,,2100,3,,,1,87,,2083,3,,,1,87,,2084,3,,,1,87,,2085,3,,,1,47,,2086,3,,,1,87,,2087,3,,,1,87,,2088,3,,,1,87,,2089,3,,,1,47,,2090,3,,,1,87,,2091,3,,,1,87,,2092,3,,,1,87,,2093,3,,,1,87,,2094,3,,,1,47,,2095,3,,,1,87,,2096,3,,,1,87,,2097,3,,,1,87,,2098,3,,,1,47,,2099,3,,,1
900,'3',755,,2102,3,,,1,87,,2103,3,,,1,87,,2104,3,,,1,87,,2105,3,,,1,87,,2106,3,,,1,47,,2107,3,,,1,87,,2108,3,,,1,87,,2109,3,,,1,87,,2110,3,,,1,47,,2111,3,,,1,87,,2112,3,,,1,87,,2113,3,,,1,87,,2114,3,,,1,87,,2115,3,,,1,47,,2116,3,,,1,87,,2117,3,,,1,87,,2118,3,,,1
900,'80',755,,2119,3,,,1,87,,2120,3,,,1,87,,2121,3,,,1,87,,2122,3,,,1,87,,2123,3,,,1,47,,2124,3,,,1,87,,2125,3,,,1,87,,2126,3,,,1,87,,2127,3,,,1,47,,2128,3,,,1,87,,2129,3,,,1,87,,2130,3,,,1,87,,2131,3,,,1,87,,2132,3,,,1,47,,2133,3,,,1,87,,2134,3,,,1,87,,2135,3,,,1
900,'81',755,,2136,3,,,1,87,,2137,3,,,1,87,,2138,3,,,1,87,,2139,3,,,1,87,,2140,3,,,1,47,,2141,3,,,1,87,,2142,3,,,1,87,,2143,3,,,1,87,,2144,3,,,1,47,,2145,3,,,1,87,,2146,3,,,1,87,,2147,3,,,1,87,,2148,3,,,1,87,,2149,3,,,1,47,,2150,3,,,1,87,,2151,3,,,1,87,,2152,3,,,1
40100,'24611.1',744,,9203,34,,,1
41100,'24612.1',743,,9217,34,,,1
41600,'24612.1',739,,9231,16,,,1
