8100,'1',517,,29504,7,,,1,31,,29506,7,,,1,71,,29508,7,,,1,33,,29509,7,,,1,74,,29507,7,,,1,74,,29510,7,,,1,46,,29505,7,,,1
9800,'1',606,,31445,7,,,1,35,,31444,7,,,1,73,,31443,7,,,1,35,,31442,7,,,1,75,,31441,7,,,1,35,,31440,7,,,1,98,,31436,7,,,1,98,,31433,7,,,1,94,,31438,7,,,1,98,,31437,7,,,1,80,,31425,7,,,1,76,,31435,7,,,1,40,,31434,7,,,1,80,,31432,7,,,1,80,,31431,7,,,1,40,,31430,7,,,1,86,,31429,7,,,1,80,,31428,7,,,1,96,,31427,7,,,1,51,,31426,7,,,1,90,,31439,7,,,1
9800,'2',607,,31463,7,,,1,46,,31462,7,,,1,84,,31461,7,,,1,94,,31460,7,,,1,91,,31459,7,,,1,90,,31458,7,,,1,94,,31457,7,,,1,98,,31456,7,,,1,98,,31455,7,,,1,55,,31454,7,,,1,98,,31453,7,,,1,98,,31452,7,,,1,102,,31451,7,,,1,102,,31450,7,,,1,89,,31449,7,,,1,93,,31448,7,,,1,89,,31447,7,,,1,85,,31446,7,,,1
9800,'3',752,,31479,7,,,1,88,,31478,7,,,1,88,,31477,7,,,1,90,,31476,7,,,1,93,,31475,7,,,1,89,,31474,7,,,1,53,,31473,7,,,1,93,,31472,7,,,1,93,,31471,7,,,1,93,,31470,7,,,1,93,,31469,7,,,1,98,,31468,7,,,1,88,,31467,7,,,1,92,,31466,7,,,1,47,,31465,7,,,1,88,,31464,7,,,1
9800,'74',607,,31497,7,,,1,46,,31496,7,,,1,84,,31495,7,,,1,94,,31494,7,,,1,91,,31493,7,,,1,90,,31492,7,,,1,94,,31491,7,,,1,98,,31490,7,,,1,98,,31489,7,,,1,55,,31488,7,,,1,98,,31487,7,,,1,98,,31486,7,,,1,102,,31485,7,,,1,102,,31484,7,,,1,89,,31483,7,,,1,93,,31482,7,,,1,89,,31481,7,,,1,85,,31480,7,,,1
9800,'80',752,,31513,7,,,1,88,,31512,7,,,1,88,,31511,7,,,1,90,,31510,7,,,1,93,,31509,7,,,1,89,,31508,7,,,1,53,,31507,7,,,1,93,,31506,7,,,1,93,,31505,7,,,1,93,,31504,7,,,1,93,,31503,7,,,1,98,,31502,7,,,1,88,,31501,7,,,1,92,,31500,7,,,1,47,,31499,7,,,1,88,,31498,7,,,1
989900,'1',2112,,36830,50,,,1,34,,36831,50,,,1,78,,36832,50,,,1,78,,36833,50,,,1,35,,36834,50,,,1,72,,36835,50,,,1,35,,36836,50,,,1,75,,36837,50,,,1,36,,36838,50,0,5 6,1,75,,36839,50,0,5 6,1,79,,36840,50,0,5 6,1
989900,'2',2116,,36841,50,,,1,94,,36842,50,,,1,47,,36843,50,,,1,92,,36844,50,,,1,86,,36845,50,,,1,86,,36846,50,,,1,84,,36847,50,0,5 6,1,46,,36848,50,0,5 6,1,86,,36849,50,0,5 6,1
989900,'3',2133,,36850,50,,,1,90,,36851,50,,,1,85,,36852,50,,,1,50,,36853,50,,,1,80,,36854,50,,,1,83,,36855,50,,,1,79,,36856,50,0,5 6,1,43,,36857,50,0,5 6,1,83,,36858,50,0,5 6,1
989900,'74',2116,,36859,50,,,1,94,,36860,50,,,1,47,,36861,50,,,1,92,,36862,50,,,1,86,,36863,50,,,1,86,,36864,50,,,1,84,,36865,50,0,5 6,1,46,,36866,50,0,5 6,1,86,,36867,50,0,5 6,1
989900,'80',2133,,36868,50,,,1,90,,36869,50,,,1,85,,36870,50,,,1,50,,36871,50,,,1,80,,36872,50,,,1,83,,36873,50,,,1,79,,36874,50,0,5 6,1,43,,36875,50,0,5 6,1,83,,36876,50,0,5 6,1
