8600,'1',554,,29961,12,,,1,75,,29962,12,,,1,25,,29963,12,,,1,70,,29964,12,,,1,20,,29965,12,,,1,67,,29966,12,,,1,38,,29967,12,,,1,83,,29977,12,,,1,79,,29968,12,,,1,94,,29969,12,,,1,54,,29970,12,,,1,87,,29971,12,,,1,96,,29972,12,,,1,78,,29973,12,,,1,106,,29974,12,,,1,90,,29975,12,,,1,28,,29978,12,,,1,84,,29976,12,,,1,73,,29979,12,,,1,27,,29980,12,,,1,19,,29981,12,,,1,82,,29982,12,,,1,88,,29983,12,,,1,40,,29985,12,,,1,81,,29984,12,,,1
8600,'2',754,,29986,12,,,1,86,,29987,12,,,1,86,,29988,12,,,1,86,,29989,12,,,1,46,,29990,12,,,1,86,,29991,12,,,1,88,,29992,12,,,1,86,,29993,12,,,1,86,,29994,12,,,1,44,,29995,12,,,1,86,,29996,12,,,1,86,,29997,12,,,1,86,,29998,12,,,1,45,,29999,12,,,1,86,,30000,12,,,1,86,,30001,12,,,1
8600,'74',754,,30002,12,,,1,86,,30003,12,,,1,86,,30004,12,,,1,86,,30005,12,,,1,46,,30006,12,,,1,86,,30007,12,,,1,88,,30008,12,,,1,86,,30009,12,,,1,86,,30010,12,,,1,44,,30011,12,,,1,86,,30012,12,,,1,86,,30013,12,,,1,86,,30014,12,,,1,45,,30015,12,,,1,86,,30016,12,,,1,86,,30017,12,,,1
9900,'1',348,,31638,10,,,1,80,,31639,10,,,1,72,,31612,30,,,1,41,,31613,30,,,1,80,,31614,30,,,1,83,,31615,30,,,1,55,,31616,30,,,1,75,,31617,30,,,1,78,,31618,30,,,1,31,,31619,30,,,1,75,,31620,30,,,1,35,,31621,30,,,1,98,,31622,30,,,1,94,,31623,30,,,1,94,,31624,30,,,1,94,,31625,30,,,1,76,,31637,30,,,1,31,,31636,30,,,1,69,,31626,30,,,1,30,,31627,30,,,1,70,,31628,30,,,1,30,,31629,30,,,1,70,,31630,30,,,1,26,,31631,30,,,1,70,,31632,30,,,1,24,,31633,30,,,1,30,,31634,30,,,1,68,,31635,30,,,1
9900,'2',508,,31658,10,,,1,37,,31659,10,,,1,73,,31640,30,,,1,39,,31641,30,,,1,78,,31655,30,,,1,90,,31654,30,,,1,87,,31642,30,,,1,47,,31643,30,,,1,87,,31644,30,,,1,89,,31645,30,,,1,106,,31646,30,,,1,95,,31647,30,,,1,95,,31648,30,,,1,97,,31649,30,,,1,95,,31650,30,,,1,93,,31651,30,,,1,95,,31652,30,,,1,95,,31653,30,,,1,46,,31657,30,,,1,90,,31656,30,,,1
9900,'3',510,,31678,10,,,1,38,,31679,10,,,1,79,,31660,30,,,1,78,,31661,30,,,1,38,,31662,30,,,1,78,,31663,30,,,1,93,,31680,30,,,1,89,,31664,30,,,1,49,,31665,30,,,1,89,,31666,30,,,1,92,,31667,30,,,1,89,,31668,30,,,1,89,,31669,30,,,1,89,,31670,30,,,1,49,,31671,30,,,1,89,,31672,30,,,1,89,,31673,30,,,1,87,,31674,30,,,1,89,,31675,30,,,1,49,,31676,30,,,1,83,,31677,30,,,1
9900,'74',508,,31699,10,,,1,37,,31700,10,,,1,73,,31681,30,,,1,39,,31682,30,,,1,78,,31696,30,,,1,90,,31695,30,,,1,87,,31683,30,,,1,47,,31684,30,,,1,87,,31685,30,,,1,89,,31686,30,,,1,106,,31687,30,,,1,95,,31688,30,,,1,95,,31689,30,,,1,97,,31690,30,,,1,95,,31691,30,,,1,93,,31692,30,,,1,95,,31693,30,,,1,95,,31694,30,,,1,46,,31698,30,,,1,90,,31697,30,,,1
9900,'80',510,,31719,10,,,1,38,,31720,10,,,1,79,,31701,30,,,1,78,,31702,30,,,1,38,,31703,30,,,1,78,,31704,30,,,1,93,,31721,30,,,1,89,,31705,30,,,1,49,,31706,30,,,1,89,,31707,30,,,1,92,,31708,30,,,1,89,,31709,30,,,1,89,,31710,30,,,1,89,,31711,30,,,1,49,,31712,30,,,1,89,,31713,30,,,1,89,,31714,30,,,1,87,,31715,30,,,1,89,,31716,30,,,1,49,,31717,30,,,1,83,,31718,30,,,1
989900,'1',2058,,36830,30,,,1,76,,36831,30,,,1,78,,36832,30,,,1,38,,36833,30,,,1,75,,36834,30,,,1,33,,36835,30,,,1,75,,36836,30,,,1,75,,36837,30,,,1,35,,36838,30,0,5 6,1,75,,36839,30,0,5 6,1,41,,36840,30,0,5 6,1
989900,'2',2102,,36841,30,,,1,54,,36842,30,,,1,89,,36843,30,,,1,93,,36844,30,,,1,86,,36845,30,,,1,86,,36846,30,,,1,45,,36847,30,0,5 6,1,86,,36848,30,0,5 6,1,86,,36849,30,0,5 6,1
989900,'3',2119,,36850,30,,,1,90,,36851,30,,,1,47,,36852,30,,,1,90,,36853,30,,,1,82,,36854,30,,,1,83,,36855,30,,,1,40,,36856,30,0,5 6,1,83,,36857,30,0,5 6,1,83,,36858,30,0,5 6,1
989900,'74',2102,,36859,30,,,1,54,,36860,30,,,1,89,,36861,30,,,1,93,,36862,30,,,1,86,,36863,30,,,1,86,,36864,30,,,1,45,,36865,30,0,5 6,1,86,,36866,30,0,5 6,1,86,,36867,30,0,5 6,1
989900,'80',2119,,36868,30,,,1,90,,36869,30,,,1,47,,36870,30,,,1,90,,36871,30,,,1,82,,36872,30,,,1,83,,36873,30,,,1,40,,36874,30,0,5 6,1,83,,36875,30,0,5 6,1,83,,36876,30,0,5 6,1
