100,'1',432,,23457,55,4,,1,78,,23456,55,4,,1,31,,23455,55,4,,1,83,,23483,70,4,,1,78,,23482,70,4,,1,44,,23480,70,4,,1,79,,23481,70,4,,1,32,,23479,70,4,,1,75,,23478,70,4,,1,75,,23477,70,4,,1,106,,23476,70,4,,1,113,,23475,70,4,,1,112,,23474,70,4,,1,116,,23473,70,4,,1,87,,23484,70,4,,1,85,,23472,70,4,,1,31,,23471,70,4,,1,77,,23470,70,4,,1,71,,23469,70,4,,1,34,,23468,70,4,,1,74,,23467,70,4,,1,23,,23466,70,4,,1,23,,23465,70,4,,1,97,,23464,70,4,,1,102,,23463,70,4,,1,100,,23462,70,4,,1,91,,23461,70,4,,1,95,,23460,70,4,,1,89,,23459,70,4,,1,95,,23458,70,4,,1
100,'74',627,,23507,55,4,,1,97,,23485,70,4,,1,103,,23486,70,4,,1,107,,23487,70,4,,1,103,,23488,70,4,,1,112,,23489,70,4,,1,96,,23490,70,4,,1,87,,23491,70,4,,1,103,,23492,70,4,,1,92,,23493,70,4,,1,92,,23494,70,4,,1,92,,23495,70,4,,1,46,,23496,70,4,,1,92,,23497,70,4,,1,92,,23498,70,4,,1,79,,23499,70,4,,1,92,,23500,70,4,,1,90,,23501,70,4,,1,57,,23502,70,4,,1,97,,23503,70,4,,1,94,,23504,70,4,,1,92,,23505,70,4,,1,94,,23506,70,4,,1
100,'80',816,,23523,55,4,,1,92,,23508,70,4,,1,119,,23509,70,4,,1,115,,23510,70,4,,1,116,,23511,70,4,,1,155,,23512,70,4,,1,112,,23513,70,4,,1,107,,23514,70,4,,1,112,,23515,70,4,,1,110,,23516,70,4,,1,147,,23517,70,4,,1,54,,23518,70,4,,1,99,,23519,70,4,,1,99,,23520,70,4,,1,94,,23521,70,4,,1,99,,23522,70,4,,1
100,'35296.2',627,,23546,55,4,,1,97,,23524,70,4,,1,103,,23525,70,4,,1,107,,23526,70,4,,1,103,,23527,70,4,,1,112,,23528,70,4,,1,96,,23529,70,4,,1,87,,23530,70,4,,1,103,,23531,70,4,,1,92,,23532,70,4,,1,92,,23533,70,4,,1,92,,23534,70,4,,1,46,,23535,70,4,,1,92,,23536,70,4,,1,92,,23537,70,4,,1,79,,23538,70,4,,1,92,,23539,70,4,,1,90,,23540,70,4,,1,57,,23541,70,4,,1,97,,23542,70,4,,1,94,,23543,70,4,,1,92,,23544,70,4,,1,94,,23545,70,4,,1
100,'35296.3',816,,23562,55,4,,1,92,,23547,70,4,,1,119,,23548,70,4,,1,115,,23549,70,4,,1,116,,23550,70,4,,1,155,,23551,70,4,,1,112,,23552,70,4,,1,107,,23553,70,4,,1,112,,23554,70,4,,1,110,,23555,70,4,,1,147,,23556,70,4,,1,54,,23557,70,4,,1,99,,23558,70,4,,1,99,,23559,70,4,,1,94,,23560,70,4,,1,99,,23561,70,4,,1
100,'35298.2',627,,23615,55,4,,1,97,,23614,70,4,,1,77,,23563,70,4,,1,17,,23564,70,4,,1,21,,23565,70,4,,1,17,,23566,70,4,,1,57,,23567,70,4,,1,17,,23568,70,4,,1,17,,23569,70,4,,1,57,,23570,70,4,,1,17,,23571,70,4,,1,17,,23572,70,4,,1,17,,23573,70,4,,1,66,,23574,70,4,,1,17,,23575,70,4,,1,17,,23576,70,4,,1,57,,23577,70,4,,1,21,,23578,70,4,,1,17,,23579,70,4,,1,57,,23580,70,4,,1,17,,23581,70,4,,1,23,,23582,70,4,,1,57,,23583,70,4,,1,17,,23584,70,4,,1,17,,23585,70,4,,1,17,,23586,70,4,,1,57,,23587,70,4,,1,17,,23588,70,4,,1,17,,23589,70,4,,1,57,,23590,70,4,,1,17,,23591,70,4,,1,17,,23592,70,4,,1,17,,23593,70,4,,1,57,,23594,70,4,,1,11,,23595,70,4,,1,17,,23596,70,4,,1,17,,23597,70,4,,1,57,,23598,70,4,,1,17,,23599,70,4,,1,17,,23600,70,4,,1,57,,23601,70,4,,1,17,,23602,70,4,,1,17,,23603,70,4,,1,17,,23604,70,4,,1,57,,23605,70,4,,1,8,,23606,70,4,,1,92,,23607,70,4,,1,90,,23608,70,4,,1,57,,23609,70,4,,1,97,,23610,70,4,,1,94,,23611,70,4,,1,92,,23612,70,4,,1,94,,23613,70,4,,1
100,'35298.3',758,,23616,70,4,,1,57,,23617,70,4,,1,17,,23618,70,4,,1,17,,23619,70,4,,1,57,,23620,70,4,,1,17,,23621,70,4,,1,17,,23622,70,4,,1,64,,23623,70,4,,1,17,,23624,70,4,,1,17,,23625,70,4,,1,17,,23626,70,4,,1,60,,23627,70,4,,1,17,,23628,70,4,,1,17,,23629,70,4,,1,57,,23630,70,4,,1,21,,23631,70,4,,1,17,,23632,70,4,,1,57,,23633,70,4,,1,17,,23634,70,4,,1,17,,23635,70,4,,1,20,,23636,70,4,,1,57,,23637,70,4,,1,17,,23638,70,4,,1,17,,23639,70,4,,1,57,,23640,70,4,,1,17,,23641,70,4,,1,17,,23642,70,4,,1,17,,23643,70,4,,1,57,,23644,70,4,,1,12,,23645,70,4,,1,17,,23646,70,4,,1,17,,23647,70,4,,1,57,,23648,70,4,,1,17,,23649,70,4,,1,17,,23650,70,4,,1,57,,23651,70,4,,1,17,,23652,70,4,,1,17,,23653,70,4,,1,15,,23654,70,4,,1,57,,23655,70,4,,1,17,,23656,70,4,,1,17,,23657,70,4,,1,12,,23658,70,4,,1,98,,23659,70,4,,1,99,,23660,70,4,,1,99,,23661,70,4,,1,94,,23662,70,4,,1,99,,23663,70,4,,1
101,'1',437,,23682,1,,,1,78,,23683,1,,,1,31,,23684,1,,,1,84,,23690,1,,,1,78,,23692,1,,,1,29,,23685,1,,,1,16,,23691,1,,,1,85,,23689,1,,,1,72,,23688,1,,,1,32,,23687,1,,,1,70,,23686,1,,,1,109,,23681,1,,,1,113,,23680,1,,,1,113,,23679,1,,,1,76,,23693,1,,,1,77,,23678,1,,,1,23,,23670,1,,,1,35,,23671,1,,,1,74,,23672,1,,,1,74,,23677,1,,,1,34,,23676,1,,,1,74,,23675,1,,,1,34,,23674,1,,,1,74,,23673,1,,,1,82,,23666,1,,,1,99,,23669,1,,,1,104,,23668,1,,,1,101,,23667,1,,,1,49,,23665,1,,,1,95,,23664,1,,,1
101,'74',632,,23715,1,,,1,103,,23694,1,,,1,103,,23695,1,,,1,103,,23696,1,,,1,108,,23697,1,,,1,109,,23708,1,,,1,142,,23698,1,,,1,52,,23699,1,,,1,92,,23700,1,,,1,92,,23701,1,,,1,92,,23702,1,,,1,92,,23703,1,,,1,92,,23704,1,,,1,92,,23705,1,,,1,52,,23706,1,,,1,92,,23707,1,,,1,161,,23709,1,,,1,97,,23710,1,,,1,97,,23711,1,,,1,97,,23712,1,,,1,57,,23713,1,,,1
101,'80',821,,23730,1,,,1,112,,23729,1,,,1,112,,23716,1,,,1,112,,23717,1,,,1,152,,23718,1,,,1,112,,23719,1,,,1,112,,23720,1,,,1,112,,23721,1,,,1,112,,23722,1,,,1,152,,23723,1,,,1,98,,23728,1,,,1,99,,23724,1,,,1,99,,23725,1,,,1,99,,23726,1,,,1,99,,23727,1,,,1
101,'35296.2',632,,23744,1,,,1,103,,23732,1,,,1,103,,23733,1,,,1,103,,23734,1,,,1,108,,23735,1,,,1,109,,23742,1,,,1,142,,23736,1,,,1,52,,23737,1,,,1,92,,23738,1,,,1,92,,23739,1,,,1,92,,23740,1,,,1,92,,23741,1,,,1,92,,23745,1,,,1,92,,23746,1,,,1,52,,23747,1,,,1,92,,23748,1,,,1,161,,23749,1,,,1,97,,23750,1,,,1,97,,23751,1,,,1,97,,23752,1,,,1,57,,23753,1,,,1
101,'35296.3',821,,23757,1,,,1,112,,23756,1,,,1,112,,23754,1,,,1,112,,23755,1,,,1,152,,23759,1,,,1,112,,23760,1,,,1,112,,23761,1,,,1,112,,23762,1,,,1,112,,23763,1,,,1,152,,23764,1,,,1,98,,23769,1,,,1,99,,23765,1,,,1,99,,23766,1,,,1,99,,23767,1,,,1,99,,23768,1,,,1
101,'35298.2',632,,23808,1,,,1,75,,23804,1,,,1,17,,23805,1,,,1,17,,23806,1,,,1,17,,23807,1,,,1,57,,23770,1,,,1,17,,23771,1,,,1,17,,23772,1,,,1,57,,23773,1,,,1,17,,23774,1,,,1,17,,23775,1,,,1,17,,23776,1,,,1,57,,23777,1,,,1,17,,23778,1,,,1,17,,23779,1,,,1,57,,23780,1,,,1,17,,23781,1,,,1,17,,23782,1,,,1,17,,23783,1,,,1,57,,23784,1,,,1,17,,23785,1,,,1,17,,23786,1,,,1,57,,23787,1,,,1,17,,23788,1,,,1,17,,23789,1,,,1,17,,23790,1,,,1,57,,23791,1,,,1,17,,23792,1,,,1,17,,23793,1,,,1,57,,23794,1,,,1,17,,23795,1,,,1,17,,23796,1,,,1,17,,23797,1,,,1,57,,23798,1,,,1,17,,23799,1,,,1,17,,23800,1,,,1,57,,23801,1,,,1,17,,23802,1,,,1,17,,23803,1,,,1,17,,23810,1,,,1,57,,23811,1,,,1,17,,23812,1,,,1,17,,23813,1,,,1,60,,23814,1,,,1,52,,23815,1,,,1,92,,23816,1,,,1,161,,23817,1,,,1,97,,23818,1,,,1,97,,23819,1,,,1,97,,23820,1,,,1,57,,23821,1,,,1
101,'35298.3',702,,23822,1,,,1,17,,23823,1,,,1,17,,23824,1,,,1,17,,23825,1,,,1,57,,23826,1,,,1,17,,23827,1,,,1,17,,23828,1,,,1,57,,23829,1,,,1,17,,23830,1,,,1,17,,23831,1,,,1,17,,23832,1,,,1,57,,23833,1,,,1,17,,23834,1,,,1,17,,23835,1,,,1,57,,23836,1,,,1,17,,23837,1,,,1,17,,23838,1,,,1,17,,23839,1,,,1,57,,23840,1,,,1,17,,23841,1,,,1,17,,23842,1,,,1,17,,23843,1,,,1,57,,23844,1,,,1,17,,23845,1,,,1,17,,23846,1,,,1,57,,23847,1,,,1,17,,23848,1,,,1,17,,23849,1,,,1,17,,23850,1,,,1,57,,23851,1,,,1,17,,23852,1,,,1,17,,23853,1,,,1,57,,23854,1,,,1,17,,23855,1,,,1,17,,23856,1,,,1,17,,23857,1,,,1,57,,23858,1,,,1,17,,23859,1,,,1,17,,23860,1,,,1,57,,23861,1,,,1,17,,23862,1,,,1,17,,23863,1,,,1,17,,23864,1,,,1,57,,23865,1,,,1,94,,23866,1,,,1,99,,23867,1,,,1,99,,23868,1,,,1,99,,23869,1,,,1,99,,23870,1,,,1
