201,'1',519,,12827,14,,,1,21,,12828,14,,,1,61,,12829,14,,,1,21,,12830,14,,,1,3,,12797,65,,,1,21,,12798,65,,,1,65,,12799,65,,,1,22,,12800,65,,,1,21,,12801,65,,,1,69,,12802,73,,,1,20,,12803,65,,,1,61,,12804,65,,,1,21,,12805,65,,,1,14,,12806,65,,,1,72,,12807,65,,,1,35,,12808,65,,,1,75,,12809,65,,,1,34,,12810,65,,,1,75,,12811,65,,,1,75,,12812,65,,,1,35,,12813,65,,,1,75,,12814,65,,,1,43,,12815,65,,,1,63,,12816,65,,,1,23,,12817,65,,,1,63,,12818,65,,,1,21,,12819,65,,,1,27,,12820,65,,,1,65,,12821,65,,,1,23,,12822,65,,,1,63,,12823,65,,,1,17,,12824,65,,,1,23,,12825,65,,,1,61,,12826,65,,,1,23,,12831,65,,,1,18,,12832,65,,,1,80,,12833,65,,,1,80,,12834,65,,,1,36,,12835,65,,,1,80,,12836,65,,,1,80,,12837,65,,,1,36,,12838,65,,,1
201,'2',850,,12841,81,,,1,80,,12842,81,,,1,83,,12843,81,,,1,40,,12844,81,,,1,81,,12845,81,,,1,80,,12846,81,,,1,40,,12847,81,,,1,80,,12848,81,,,1,80,,12849,81,,,1,40,,12850,81,,,1,77,,12851,81,,,1,80,,12852,81,,,1,40,,12853,81,,,1,81,,12854,81,,,1,80,,12855,81,,,1,40,,12856,81,,,1,76,,12857,81,,,1,80,,12858,81,,,1,40,,12859,81,,,1,80,,12860,81,,,1,76,,12861,81,,,1,33,,12862,81,,,1,73,,12863,81,,,1,33,,12864,81,,,1,69,,12865,81,,,1,33,,12866,81,,,1
201,'3',942,,12877,81,,,1,112,,12867,81,,,1,157,,12868,81,,,1,119,,12869,81,,,1,117,,12870,81,,,1,154,,12871,81,,,1,117,,12872,81,,,1,117,,12873,81,,,1,117,,12874,81,,,1,153,,12875,81,,,1,112,,12876,81,,,1,105,,12878,81,,,1,108,,12879,81,,,1
201,'80',942,,12890,81,,,1,112,,12880,81,,,1,157,,12881,81,,,1,119,,12882,81,,,1,117,,12883,81,,,1,154,,12884,81,,,1,117,,12885,81,,,1,117,,12886,81,,,1,117,,12887,81,,,1,153,,12888,81,,,1,112,,12889,81,,,1,105,,12891,81,,,1,108,,12892,81,,,1
300,'1',453,,12917,46,0,21 22 23 3 24,1,70,,12918,46,0,21 22 23 3 24,1,87,,12893,46,0,21 22 23 3 24,1,32,,12894,46,0,21 22 23 3 24,1,74,,12895,46,0,21 22 23 3 24,1,37,,12896,46,0,21 22 23 3 24,1,72,,12897,46,0,21 22 23 3 24,1,77,,12898,46,0,21 22 23 3 24,1,26,,12899,46,0,21 22 23 3 24,1,72,,12900,46,0,21 22 23 3 24,1,26,,12901,46,0,21 22 23 3 24,1,88,,12902,46,0,21 22 23 3 24,1,86,,12903,46,0,21 22 23 3 24,1,46,,12904,46,0,21 22 23 3 24,1,86,,12905,46,0,21 22 23 3 24,1,86,,12906,46,0,21 22 23 3 24,1,88,,12907,46,0,21 22 23 3 24,1,39,,12908,46,0,21 22 23 3 24,1,72,,12909,46,0,21 22 23 3 24,1,32,,12910,46,0,21 22 23 3 24,1,72,,12911,46,0,21 22 23 3 24,1,32,,12912,46,0,21 22 23 3 24,1,72,,12913,46,0,21 22 23 3 24,1,27,,12914,46,0,21 22 23 3 24,1,72,,12915,46,0,21 22 23 3 24,1,28,,12916,46,0,21 22 23 3 24,1,72,,12919,46,0,21 22 23 3 24,1,83,,12920,46,0,21 22 23 3 24,1,41,,12921,46,0,21 22 23 3 24,1
300,'2',830,,12927,46,0,21 22 23 3 24,1,103,,12926,46,0,21 22 23 3 24,1,105,,12928,46,0,21 22 23 3 24,1,105,,12929,46,0,21 22 23 3 24,1,105,,12930,46,0,21 22 23 3 24,1,105,,12931,46,0,21 22 23 3 24,1,147,,12932,46,0,21 22 23 3 24,1,105,,12933,46,0,21 22 23 3 24,1,106,,12934,46,0,21 22 23 3 24,1,106,,12935,46,0,21 22 23 3 24,1,103,,12936,46,0,21 22 23 3 24,1,102,,12937,46,0,21 22 23 3 24,1,99,,12938,46,0,21 22 23 3 24,1,102,,12925,46,0,21 22 23 3 24,1
300,'3',951,,12940,46,0,21 22 23 3 24,1,100,,12952,46,0,21 22 23 3 24,1,104,,12951,46,0,21 22 23 3 24,1,102,,12950,46,0,21 22 23 3 24,1,102,,12949,46,0,21 22 23 3 24,1,99,,12948,46,0,21 22 23 3 24,1,142,,12947,46,0,21 22 23 3 24,1,102,,12946,46,0,21 22 23 3 24,1,102,,12945,46,0,21 22 23 3 24,1,102,,12944,46,0,21 22 23 3 24,1,100,,12943,46,0,21 22 23 3 24,1,99,,12942,46,0,21 22 23 3 24,1,98,,12941,46,0,21 22 23 3 24,1
300,'80',951,,12954,46,0,21 22 23 3 24,1,100,,12966,46,0,21 22 23 3 24,1,104,,12965,46,0,21 22 23 3 24,1,102,,12964,46,0,21 22 23 3 24,1,102,,12963,46,0,21 22 23 3 24,1,99,,12962,46,0,21 22 23 3 24,1,142,,12961,46,0,21 22 23 3 24,1,102,,12960,46,0,21 22 23 3 24,1,102,,12959,46,0,21 22 23 3 24,1,102,,12958,46,0,21 22 23 3 24,1,100,,12957,46,0,21 22 23 3 24,1,99,,12956,46,0,21 22 23 3 24,1,98,,12955,46,0,21 22 23 3 24,1
301,'1',535,,12968,32,,,1,72,,12969,32,,,1,34,,12970,32,,,1,73,,12971,32,,,1,32,,12972,32,,,1,77,,12973,32,,,1,32,,12974,32,,,1,67,,12975,32,,,1,32,,12967,32,,,1,77,,12991,32,,,1,86,,12976,32,,,1,86,,12977,32,,,1,46,,12978,32,,,1,86,,12979,32,,,1,86,,12980,32,,,1,89,,12981,32,,,1,27,,12982,32,,,1,72,,12983,32,,,1,32,,12984,32,,,1,72,,12985,32,,,1,32,,12986,32,,,1,72,,12987,32,,,1,28,,12988,32,,,1,72,,12989,32,,,1,26,,12990,32,,,1,69,,12996,32,,,1,26,,12993,32,,,1,83,,12994,32,,,1,79,,12995,32,0,25 26,1
301,'2',814,,12999,32,,,1,103,,12998,32,,,1,104,,13003,32,,,1,105,,13000,32,,,1,105,,13001,32,,,1,105,,13002,32,,,1,105,,13004,32,,,1,106,,13005,32,,,1,106,,13006,32,,,1,106,,13007,32,,,1,145,,13008,32,,,1,102,,13009,32,,,1,102,,13010,32,,,1,102,,12997,32,0,25 26,1
301,'3',934,,13018,32,,,1,102,,13017,32,,,1,102,,13016,32,,,1,102,,13015,32,,,1,102,,13014,32,,,1,102,,13013,32,,,1,102,,13012,32,,,1,102,,13011,32,,,1,102,,13023,32,,,1,102,,13022,32,,,1,100,,13021,32,,,1,98,,13020,32,,,1,96,,13019,32,0,25 26,1
301,'80',934,,13031,32,,,1,102,,13030,32,,,1,102,,13029,32,,,1,102,,13028,32,,,1,102,,13027,32,,,1,102,,13026,32,,,1,102,,13025,32,,,1,102,,13024,32,,,1,102,,13036,32,,,1,102,,13035,32,,,1,100,,13034,32,,,1,98,,13033,32,,,1,96,,13032,32,0,25 26,1
41300,'24611.1',752,,20671,20,,,1
