60301,'1',601,,10162,15,,,1,20,,10163,15,,,1,16,,10164,15,,,1,18,,10165,15,,,1,58,,10166,15,,,1,21,,10167,15,,,1,18,,10168,15,,,1,60,,10169,15,,,1,23,,10170,15,,,1,18,,10171,15,,,1,58,,10172,15,,,1,13,,10173,15,,,1,19,,10174,15,,,1,62,,10175,15,,,1,22,,10176,15,,,1,22,,10177,15,,,1,64,,10178,15,,,1,22,,10179,15,,,1,22,,10180,15,,,1,62,,10181,15,,,1,22,,10182,15,,,1,62,,10183,15,,,1,22,,10184,15,,,1,22,,10185,15,,,1,62,,10186,15,,,1,22,,10187,15,,,1,22,,10188,15,,,1,63,,10189,15,,,1,16,,10190,15,,,1,16,,10191,15,,,1,56,,10192,15,,,1,16,,10193,15,,,1,16,,10194,15,,,1,16,,10195,15,,,1,56,,10196,15,,,1,16,,10197,15,,,1,16,,10198,15,,,1,16,,10199,15,,,1,56,,10200,15,,,1,16,,10201,15,,,1,12,,10202,15,,,1,16,,10203,15,,,1,56,,10204,15,,,1,16,,10205,15,,,1,26,,10206,15,,,1,67,,10207,15,,,1,30,,10208,15,,,1,70,,10209,15,,,1,30,,10210,15,,,1,70,,10211,15,,,1,34,,10212,15,,,1,82,,10213,15,,,1,77,,10214,15,,,1
60301,'2',608,,10217,15,,,1,40,,10218,15,,,1,84,,10219,15,,,1,80,,10220,15,,,1,38,,10221,15,,,1,84,,10222,15,,,1,80,,10223,15,,,1,38,,10224,15,,,1,88,,10225,15,,,1,77,,10226,15,,,1,38,,10227,15,,,1,79,,10228,15,,,1,78,,10229,15,,,1,37,,10230,15,,,1,81,,10231,15,,,1,77,,10232,15,,,1,38,,10233,15,,,1,76,,10234,15,,,1,38,,10235,15,,,1,76,,10236,15,,,1,78,,10237,15,,,1,36,,10238,15,,,1,91,,10239,15,,,1,78,,10240,15,,,1,38,,10241,15,,,1,80,,10242,15,,,1,96,,10243,15,,,1,92,,10244,15,,,1,92,,10245,15,,,1
60301,'3',822,,10249,15,,,1,80,,10250,15,,,1,36,,10251,15,,,1,89,,10252,15,,,1,81,,10253,15,,,1,42,,10254,15,,,1,81,,10255,15,,,1,85,,10256,15,,,1,42,,10257,15,,,1,82,,10258,15,,,1,82,,10259,15,,,1,81,,10260,15,,,1,39,,10261,15,,,1,76,,10262,15,,,1,37,,10263,15,,,1,75,,10264,15,,,1,73,,10265,15,,,1,36,,10266,15,,,1,75,,10267,15,,,1,35,,10268,15,,,1,76,,10269,15,,,1,80,,10270,15,,,1,103,,10271,15,,,1,103,,10272,15,,,1,106,,10273,15,,,1
60301,'80',822,,10277,15,,,1,80,,10278,15,,,1,36,,10279,15,,,1,89,,10280,15,,,1,81,,10281,15,,,1,42,,10282,15,,,1,81,,10283,15,,,1,85,,10284,15,,,1,42,,10285,15,,,1,82,,10286,15,,,1,82,,10287,15,,,1,81,,10288,15,,,1,39,,10289,15,,,1,76,,10290,15,,,1,37,,10291,15,,,1,75,,10292,15,,,1,73,,10293,15,,,1,36,,10294,15,,,1,75,,10295,15,,,1,35,,10296,15,,,1,76,,10297,15,,,1,80,,10298,15,,,1,103,,10299,15,,,1,103,,10300,15,,,1,106,,10301,15,,,1
60301,'81',822,,10305,15,,,1,80,,10306,15,,,1,36,,10307,15,,,1,89,,10308,15,,,1,81,,10309,15,,,1,42,,10310,15,,,1,81,,10311,15,,,1,85,,10312,15,,,1,42,,10313,15,,,1,82,,10314,15,,,1,82,,10315,15,,,1,81,,10316,15,,,1,39,,10317,15,,,1,76,,10318,15,,,1,37,,10319,15,,,1,75,,10320,15,,,1,73,,10321,15,,,1,36,,10322,15,,,1,75,,10323,15,,,1,35,,10324,15,,,1,76,,10325,15,,,1,80,,10326,15,,,1,103,,10327,15,,,1,103,,10328,15,,,1,106,,10329,15,,,1
6030101,'1',618,,12362,15,,,1,17,,12363,15,,,1,18,,12364,15,,,1,58,,12365,15,,,1,18,,12366,15,,,1,22,,12367,15,,,1,58,,12368,15,,,1,23,,12369,15,,,1,18,,12370,15,,,1,58,,12371,15,,,1,13,,12372,15,,,1,18,,12373,15,,,1,61,,12374,15,,,1,22,,12375,15,,,1,22,,12376,15,,,1,64,,12377,15,,,1,22,,12378,15,,,1,22,,12379,15,,,1,62,,12380,15,,,1,22,,12381,15,,,1,22,,12382,15,,,1,62,,12383,15,,,1,23,,12384,15,,,1,62,,12385,15,,,1,22,,12386,15,,,1,22,,12387,15,,,1,62,,12388,15,,,1,19,,12389,15,,,1,16,,12390,15,,,1,56,,12391,15,,,1,16,,12392,15,,,1,16,,12393,15,,,1,16,,12394,15,,,1,56,,12395,15,,,1,16,,12396,15,,,1,16,,12397,15,,,1,16,,12398,15,,,1,56,,12399,15,,,1,16,,12400,15,,,1,12,,12401,15,,,1,16,,12402,15,,,1,56,,12403,15,,,1,16,,12404,15,,,1,19,,12405,15,,,1,70,,12406,15,,,1,28,,12407,15,,,1,70,,12408,15,,,1,30,,12409,15,,,1,70,,12410,15,,,1,29,,12411,15,,,1,80,,12412,15,,,1,80,,12413,15,,,1,38,,12414,15,,,1
6030101,'2',633,,12415,15,,,1,80,,12416,15,,,1,41,,12417,15,,,1,80,,12418,15,,,1,81,,12419,15,,,1,44,,12420,15,,,1,78,,12421,15,,,1,88,,12435,15,,,1,78,,12434,15,,,1,41,,12422,15,,,1,78,,12423,15,,,1,78,,12424,15,,,1,38,,12425,15,,,1,78,,12426,15,,,1,42,,12427,15,,,1,78,,12428,15,,,1,78,,12429,15,,,1,33,,12430,15,,,1,84,,12431,15,,,1,71,,12432,15,,,1,36,,12433,15,,,1,90,,12437,15,,,1,76,,12436,15,,,1,40,,12441,15,,,1,82,,12442,15,,,1,90,,12446,15,,,1,88,,12443,15,,,1,52,,12444,15,,,1,92,,12445,15,,,1
6030101,'3',809,,12447,15,,,1,36,,12448,15,,,1,79,,12449,15,,,1,83,,12458,15,,,1,44,,12450,15,,,1,84,,12451,15,,,1,82,,12452,15,,,1,41,,12453,15,,,1,86,,12454,15,,,1,82,,12455,15,,,1,79,,12456,15,,,1,42,,12457,15,,,1,82,,12468,15,,,1,78,,12459,15,,,1,37,,12460,15,,,1,76,,12461,15,,,1,33,,12462,15,,,1,76,,12463,15,,,1,76,,12464,15,,,1,31,,12465,15,,,1,78,,12466,15,,,1,33,,12467,15,,,1,94,,12469,15,,,1,106,,12470,15,,,1,105,,12471,15,,,1,106,,12475,15,,,1
6030101,'80',809,,12476,15,,,1,36,,12477,15,,,1,79,,12478,15,,,1,83,,12487,15,,,1,44,,12479,15,,,1,84,,12480,15,,,1,82,,12481,15,,,1,41,,12482,15,,,1,86,,12483,15,,,1,82,,12484,15,,,1,79,,12485,15,,,1,42,,12486,15,,,1,82,,12497,15,,,1,78,,12488,15,,,1,37,,12489,15,,,1,76,,12490,15,,,1,33,,12491,15,,,1,76,,12492,15,,,1,76,,12493,15,,,1,31,,12494,15,,,1,78,,12495,15,,,1,33,,12496,15,,,1,94,,12498,15,,,1,106,,12499,15,,,1,105,,12500,15,,,1,106,,12504,15,,,1
6030101,'81',809,,12505,15,,,1,36,,12506,15,,,1,79,,12507,15,,,1,83,,12516,15,,,1,44,,12508,15,,,1,84,,12509,15,,,1,82,,12510,15,,,1,41,,12511,15,,,1,86,,12512,15,,,1,82,,12513,15,,,1,79,,12514,15,,,1,42,,12515,15,,,1,82,,12526,15,,,1,78,,12517,15,,,1,37,,12518,15,,,1,76,,12519,15,,,1,33,,12520,15,,,1,76,,12521,15,,,1,76,,12522,15,,,1,31,,12523,15,,,1,78,,12524,15,,,1,33,,12525,15,,,1,94,,12527,15,,,1,106,,12528,15,,,1,105,,12529,15,,,1,106,,12533,15,,,1
