1601,'1',521,,2587,12,,,1,22,,2588,12,,,1,62,,2589,12,,,1,21,,2590,12,,,1,5,,2555,52,,,1,27,,2554,52,,,1,62,,2546,52,,,1,22,,2547,52,,,1,69,,2548,52,,,1,22,,2549,52,,,1,22,,2550,52,,,1,62,,2551,52,,,1,9,,2552,52,,,1,26,,2553,52,,,1,61,,2566,52,,,1,24,,2565,52,,,1,68,,2556,52,,,1,32,,2557,52,,,1,71,,2558,52,,,1,29,,2559,52,,,1,71,,2560,52,,,1,31,,2561,52,,,1,69,,2562,52,,,1,24,,2591,12,,,1,13,,2563,52,,,1,70,,2564,52,,,1,21,,2583,52,,,1,23,,2582,52,,,1,63,,2567,52,,,1,17,,2568,52,,,1,69,,2569,52,,,1,24,,2570,52,,,1,23,,2571,52,,,1,63,,2572,52,,,1,21,,2573,52,,,1,63,,2574,52,,,1,15,,2575,52,,,1,23,,2576,52,,,1,63,,2577,52,,,1,23,,2578,52,,,1,23,,2579,52,,,1,63,,2580,52,,,1,19,,2581,52,,,1,28,,2586,52,,,1,74,,2584,52,,,1,70,,2585,52,,,1,34,,2592,52,,,1
1601,'2',629,,2597,12,,,1,78,,2598,12,,,1,30,,2596,52,,,1,80,,2593,52,,,1,38,,2594,52,,,1,79,,2595,52,,,1,78,,2599,52,,,1,38,,2600,52,,,1,78,,2601,52,,,1,80,,2602,52,,,1,38,,2603,52,,,1,78,,2604,52,,,1,83,,2613,52,,,1,42,,2605,52,,,1,81,,2606,52,,,1,81,,2607,52,,,1,39,,2608,52,,,1,81,,2609,52,,,1,81,,2610,52,,,1,41,,2611,52,,,1,77,,2612,52,,,1,80,,2620,52,,,1,32,,2614,52,,,1,76,,2615,52,,,1,38,,2616,52,,,1,71,,2617,52,,,1,76,,2618,52,,,1,33,,2619,52,,,1
1601,'3',818,,2621,52,,,1,95,,2622,52,,,1,97,,2623,52,,,1,95,,2624,52,,,1,95,,2625,52,,,1,55,,2626,52,,,1,99,,2627,52,,,1,95,,2628,52,,,1,98,,2629,52,,,1,98,,2630,52,,,1,97,,2631,52,,,1,92,,2632,52,,,1,90,,2633,52,,,1,92,,2634,52,,,1,92,,2635,52,,,1,49,,2636,52,,,1
1601,'80',818,,2637,52,,,1,95,,2638,52,,,1,97,,2639,52,,,1,95,,2640,52,,,1,95,,2641,52,,,1,55,,2642,52,,,1,99,,2643,52,,,1,95,,2644,52,,,1,98,,2645,52,,,1,98,,2646,52,,,1,97,,2647,52,,,1,92,,2648,52,,,1,90,,2649,52,,,1,92,,2650,52,,,1,92,,2651,52,,,1,49,,2652,52,,,1
1601,'81',818,,2653,52,,,1,95,,2654,52,,,1,97,,2655,52,,,1,95,,2656,52,,,1,95,,2657,52,,,1,55,,2658,52,,,1,99,,2659,52,,,1,95,,2660,52,,,1,98,,2661,52,,,1,98,,2662,52,,,1,97,,2663,52,,,1,92,,2664,52,,,1,90,,2665,52,,,1,92,,2666,52,,,1,92,,2667,52,,,1,49,,2668,52,,,1
8501,'1',517,,5559,12,,,1,16,,5558,12,,,1,16,,5557,12,,,1,56,,5556,12,,,1,16,,5555,12,,,1,16,,5554,12,,,1,16,,5553,12,,,1,56,,5545,12,,,1,16,,5546,12,,,1,16,,5547,12,,,1,16,,5548,12,,,1,56,,5549,12,,,1,16,,5550,12,,,1,16,,5551,12,,,1,55,,5552,12,,,1,26,,5569,12,,,1,25,,5568,12,,,1,64,,5567,12,,,1,25,,5560,12,,,1,65,,5561,12,,,1,25,,5562,12,,,1,25,,5563,12,,,1,64,,5564,12,,,1,25,,5565,12,,,1,65,,5566,12,,,1,25,,5570,12,,,1,25,,5571,12,,,1,61,,5572,12,,,1,16,,5599,12,,,1,16,,5600,12,,,1,56,,5589,12,,,1,15,,5588,12,,,1,16,,5587,12,,,1,20,,5586,12,,,1,57,,5585,12,,,1,16,,5573,12,,,1,19,,5574,12,,,1,53,,5575,12,,,1,19,,5576,12,,,1,16,,5577,12,,,1,11,,5578,12,,,1,59,,5579,12,,,1,13,,5580,12,,,1,16,,5581,12,,,1,16,,5582,12,,,1,58,,5583,12,,,1,19,,5584,12,,,1,72,,5592,12,,,1,29,,5591,12,,,1,25,,5590,12,,,1,62,,5596,12,,,1,29,,5595,12,,,1,71,,5593,12,,,1,32,,5594,12,,,1
8501,'2',639,,5629,12,,,1,70,,5630,12,,,1,30,,5631,12,,,1,71,,5632,12,,,1,30,,5633,12,,,1,70,,5634,12,,,1,30,,5635,12,,,1,70,,5636,12,,,1,30,,5637,12,,,1,70,,5601,12,,,1,23,,5602,12,,,1,25,,5603,12,,,1,63,,5604,12,,,1,23,,5605,12,,,1,63,,5606,12,,,1,23,,5607,12,,,1,23,,5608,12,,,1,63,,5609,12,,,1,23,,5610,12,,,1,63,,5611,12,,,1,23,,5612,12,,,1,23,,5613,12,,,1,63,,5614,12,,,1,21,,5615,12,,,1,21,,5616,12,,,1,62,,5617,12,,,1,23,,5618,12,,,1,21,,5619,12,,,1,61,,5620,12,,,1,18,,5621,12,,,1,21,,5622,12,,,1,61,,5623,12,,,1,21,,5624,12,,,1,61,,5625,12,,,1,21,,5626,12,,,1,21,,5627,12,,,1,61,,5628,12,,,1,30,,5638,12,,,1,70,,5639,12,,,1,30,,5640,12,,,1
8501,'3',832,,5643,12,,,1,81,,5644,12,,,1,40,,5645,12,,,1,80,,5646,12,,,1,83,,5647,12,,,1,43,,5648,12,,,1,83,,5649,12,,,1,83,,5650,12,,,1,83,,5651,12,,,1,43,,5652,12,,,1,83,,5653,12,,,1,80,,5654,12,,,1,42,,5655,12,,,1,84,,5656,12,,,1,76,,5657,12,,,1,41,,5658,12,,,1,83,,5659,12,,,1,79,,5641,12,,,1,81,,5642,12,,,1
8501,'80',832,,5662,12,,,1,81,,5663,12,,,1,40,,5664,12,,,1,80,,5665,12,,,1,83,,5666,12,,,1,43,,5667,12,,,1,83,,5668,12,,,1,83,,5669,12,,,1,83,,5670,12,,,1,43,,5671,12,,,1,83,,5672,12,,,1,80,,5673,12,,,1,42,,5674,12,,,1,84,,5675,12,,,1,76,,5676,12,,,1,41,,5677,12,,,1,83,,5678,12,,,1,79,,5660,12,,,1,81,,5661,12,,,1
8501,'81',832,,5681,12,,,1,81,,5682,12,,,1,40,,5683,12,,,1,80,,5684,12,,,1,83,,5685,12,,,1,43,,5686,12,,,1,83,,5687,12,,,1,83,,5688,12,,,1,83,,5689,12,,,1,43,,5690,12,,,1,83,,5691,12,,,1,80,,5692,12,,,1,42,,5693,12,,,1,84,,5694,12,,,1,76,,5695,12,,,1,41,,5696,12,,,1,83,,5697,12,,,1,79,,5679,12,,,1,81,,5680,12,,,1
