200,'1',539,,23881,3,0,12 13,1,61,,23880,3,0,12 13,1,21,,23879,3,0,12 13,1,21,,23878,3,0,12 13,1,61,,23871,3,0,12 13,1,21,,23872,3,0,12 13,1,22,,23873,3,0,12 13,1,61,,23874,3,0,12 13,1,21,,23875,3,0,12 13,1,20,,23876,3,0,12 13,1,61,,23877,3,0,12 13,1,21,,23882,3,0,12 13,1,77,,23890,3,0,12 13,1,35,,23883,3,0,12 13,1,76,,23884,3,0,12 13,1,35,,23885,3,0,12 13,1,75,,23886,3,0,12 13,1,75,,23887,3,0,12 13,1,35,,23888,3,0,12 13,1,72,,23889,3,0,12 13,1,34,,23903,3,0,12 13,1,63,,23902,3,0,12 13,1,23,,23901,3,0,12 13,1,23,,23891,3,0,12 13,1,63,,23892,3,0,12 13,1,23,,23893,3,0,12 13,1,18,,23894,3,0,12 13,1,68,,23895,3,0,12 13,1,23,,23896,3,0,12 13,1,62,,23897,3,0,12 13,1,23,,23898,3,0,12 13,1,24,,23899,3,0,12 13,1,63,,23900,3,0,12 13,1,90,,23909,3,0,12 13,1,39,,23904,3,0,12 13,1,80,,23905,3,0,12 13,1,80,,23906,3,0,12 13,1,40,,23907,3,0,12 13,1,80,,23908,3,0,12 13,1
200,'2',758,,23938,3,,,1,80,,23937,3,,,1,80,,23913,3,,,1,40,,23914,3,,,1,80,,23915,3,,,1,80,,23916,3,,,1,40,,23917,3,,,1,80,,23918,3,,,1,80,,23919,3,,,1,40,,23920,3,,,1,80,,23921,3,,,1,80,,23922,3,,,1,40,,23923,3,,,1,80,,23924,3,,,1,80,,23925,3,,,1,40,,23926,3,,,1,80,,23927,3,,,1,80,,23928,3,,,1,40,,23929,3,,,1,80,,23930,3,,,1,80,,23931,3,,,1,32,,23936,3,,,1,73,,23935,3,,,1,33,,23932,3,,,1,73,,23933,3,,,1,73,,23934,3,,,1
200,'3',846,,23939,3,,,1,157,,23940,3,,,1,117,,23941,3,,,1,117,,23942,3,,,1,117,,23943,3,,,1,157,,23944,3,,,1,117,,23945,3,,,1,117,,23946,3,,,1,157,,23947,3,,,1,117,,23948,3,,,1,108,,23949,3,,,1,108,,23950,3,,,1,108,,23951,3,,,1
200,'74',758,,23977,3,,,1,80,,23976,3,,,1,80,,23952,3,,,1,40,,23953,3,,,1,80,,23954,3,,,1,80,,23955,3,,,1,40,,23956,3,,,1,80,,23957,3,,,1,80,,23958,3,,,1,40,,23959,3,,,1,80,,23960,3,,,1,80,,23961,3,,,1,40,,23962,3,,,1,80,,23963,3,,,1,80,,23964,3,,,1,40,,23965,3,,,1,80,,23966,3,,,1,80,,23967,3,,,1,40,,23968,3,,,1,80,,23969,3,,,1,80,,23970,3,,,1,32,,23975,3,,,1,73,,23974,3,,,1,33,,23971,3,,,1,73,,23972,3,,,1,73,,23973,3,,,1
200,'80',846,,23978,3,,,1,157,,23979,3,,,1,117,,23980,3,,,1,117,,23981,3,,,1,117,,23982,3,,,1,157,,23983,3,,,1,117,,23984,3,,,1,117,,23985,3,,,1,157,,23986,3,,,1,117,,23987,3,,,1,108,,23988,3,,,1,108,,23989,3,,,1,108,,23990,3,,,1
501,'1',549,,24862,3,,,1,62,,24861,3,,,1,22,,24860,3,,,1,22,,24859,3,,,1,62,,24858,3,,,1,22,,24857,3,,,1,62,,24856,3,,,1,22,,24855,3,,,1,22,,24854,3,,,1,62,,24853,3,,,1,41,,24842,3,,,1,72,,24852,3,,,1,32,,24851,3,,,1,72,,24850,3,,,1,32,,24849,3,,,1,72,,24848,3,,,1,72,,24847,3,,,1,32,,24846,3,,,1,72,,24845,3,,,1,37,,24844,3,,,1,67,,24843,3,,,1,27,,24841,3,,,1,23,,24840,3,,,1,63,,24839,3,,,1,23,,24838,3,,,1,62,,24864,3,,,1,23,,24877,3,,,1,23,,24876,3,,,1,63,,24875,3,,,1,26,,24874,3,,,1,63,,24873,3,,,1,23,,24872,3,,,1,23,,24871,3,,,1,59,,24870,3,,,1,28,,24869,3,,,1,68,,24868,3,,,1,28,,24867,3,,,1,26,,24866,3,,,1,70,,24865,3,,,1,21,,24863,3,,,1
501,'2',651,,24894,3,,,1,68,,24895,3,,,1,28,,24896,3,,,1,68,,24897,3,,,1,28,,24898,3,,,1,68,,24904,3,,,1,28,,24899,3,,,1,68,,24900,3,,,1,28,,24901,3,,,1,68,,24902,3,,,1,28,,24903,3,,,1,28,,24878,3,,,1,68,,24879,3,,,1,28,,24880,3,,,1,69,,24881,3,,,1,29,,24882,3,,,1,69,,24883,3,,,1,29,,24884,3,,,1,69,,24885,3,,,1,29,,24886,3,,,1,69,,24887,3,,,1,29,,24888,3,,,1,69,,24889,3,,,1,29,,24905,3,,,1,67,,24890,3,,,1,27,,24891,3,,,1,67,,24892,3,,,1,26,,24893,3,,,1
501,'74',651,,24910,3,,,1,68,,24911,3,,,1,28,,24912,3,,,1,68,,24913,3,,,1,28,,24914,3,,,1,68,,24920,3,,,1,28,,24915,3,,,1,68,,24916,3,,,1,28,,24917,3,,,1,68,,24918,3,,,1,28,,24919,3,,,1,28,,24906,3,,,1,68,,24907,3,,,1,28,,24908,3,,,1,69,,24909,3,,,1,29,,24921,3,,,1,69,,24922,3,,,1,29,,24923,3,,,1,69,,24924,3,,,1,29,,24925,3,,,1,69,,24926,3,,,1,29,,24927,3,,,1,69,,24928,3,,,1,29,,24933,3,,,1,67,,24929,3,,,1,27,,24930,3,,,1,67,,24931,3,,,1,26,,24932,3,,,1
2300,'1',628,,27566,3,,,1,106,,27565,3,,,1,106,,27564,3,,,1,763,,27563,3,,,1,50,,27562,3,,,1,90,,27561,3,,,1,90,,27569,3,,,1,90,,27568,3,,,1
7701,'1',431,,29118,3,,,1,17,,29119,3,,,1,53,,29120,3,,,1,15,,29121,3,,,1,15,,29122,3,,,1,15,,29123,3,,,1,55,,29124,3,,,1,16,,29125,3,,,1,16,,29126,3,,,1,16,,29127,3,,,1,57,,29128,3,,,1,16,,29129,3,,,1,16,,29130,3,,,1,16,,29131,3,,,1,56,,29132,3,,,1,16,,29133,3,,,1,16,,29134,3,,,1,16,,29135,3,,,1,56,,29136,3,,,1,16,,29137,3,,,1,16,,29138,3,,,1,56,,29139,3,,,1,30,,29140,3,,,1,70,,29141,3,,,1,30,,29142,3,,,1,70,,29143,3,,,1,30,,29144,3,,,1,70,,29145,3,,,1,30,,29146,3,,,1,70,,29147,3,,,1,19,,29148,3,,,1,19,,29149,3,,,1,19,,29150,3,,,1,59,,29151,3,,,1,19,,29152,3,,,1,19,,29153,3,,,1,59,,29154,3,,,1,19,,29155,3,,,1,19,,29156,3,,,1,59,,29157,3,,,1,19,,29158,3,,,1,19,,29159,3,,,1,59,,29160,3,,,1,19,,29161,3,,,1,19,,29162,3,,,1,58,,29163,3,,,1,19,,29164,3,,,1,19,,29165,3,,,1,67,,29166,3,,,1,27,,29167,3,,,1,67,,29168,3,,,1,27,,29169,3,,,1,27,,29170,3,,,1,73,,29171,3,,,1,73,,29172,3,,,1,33,,29173,3,,,1,73,,29174,3,,,1,33,,29175,3,,,1,73,,29176,3,,,1,33,,29177,3,,,1,75,,29178,3,,,1
7701,'2',512,,29187,3,,,1,35,,29188,3,,,1,75,,29189,3,,,1,35,,29190,3,,,1,75,,29191,3,,,1,75,,29192,3,,,1,35,,29193,3,,,1,75,,29194,3,,,1,86,,29195,3,,,1,42,,29196,3,,,1,81,,29197,3,,,1,81,,29198,3,,,1,41,,29199,3,,,1,81,,29200,3,,,1,81,,29201,3,,,1,42,,29220,3,,,1,73,,29202,3,,,1,33,,29203,3,,,1,73,,29204,3,,,1,73,,29205,3,,,1,32,,29206,3,,,1,73,,29207,3,,,1,30,,29208,3,,,1,70,,29209,3,,,1,30,,29210,3,,,1,70,,29211,3,,,1,30,,29212,3,,,1,70,,29213,3,,,1,30,,29214,3,,,1,70,,29215,3,,,1,30,,29216,3,,,1,70,,29217,3,,,1,30,,29218,3,,,1,76,,29219,3,,,1,36,,29221,3,,,1,70,,29222,3,,,1,33,,29223,3,,,1,73,,29224,3,,,1
7701,'3',911,,29225,3,,,1,92,,29226,3,,,1,52,,29227,3,,,1,93,,29228,3,,,1,92,,29229,3,,,1,92,,29230,3,,,1,92,,29231,3,,,1,91,,29232,3,,,1,92,,29233,3,,,1,52,,29234,3,,,1,93,,29235,3,,,1,92,,29236,3,,,1,92,,29237,3,,,1,86,,29238,3,,,1,89,,29243,3,,,1,44,,29239,3,,,1,88,,29240,3,,,1,88,,29241,3,,,1,83,,29242,3,,,1,87,,29246,3,,,1,40,,29244,3,,,1,80,,29245,3,,,1
7701,'74',512,,29253,3,,,1,35,,29254,3,,,1,75,,29255,3,,,1,35,,29256,3,,,1,75,,29257,3,,,1,75,,29258,3,,,1,35,,29259,3,,,1,75,,29260,3,,,1,86,,29261,3,,,1,42,,29262,3,,,1,81,,29263,3,,,1,81,,29264,3,,,1,41,,29265,3,,,1,81,,29266,3,,,1,81,,29267,3,,,1,42,,29286,3,,,1,73,,29268,3,,,1,33,,29269,3,,,1,73,,29270,3,,,1,73,,29271,3,,,1,32,,29272,3,,,1,73,,29273,3,,,1,30,,29274,3,,,1,70,,29275,3,,,1,30,,29276,3,,,1,70,,29277,3,,,1,30,,29278,3,,,1,70,,29279,3,,,1,30,,29280,3,,,1,70,,29281,3,,,1,30,,29282,3,,,1,70,,29283,3,,,1,30,,29284,3,,,1,76,,29285,3,,,1,36,,29287,3,,,1,70,,29288,3,,,1,33,,29289,3,,,1,73,,29290,3,,,1
7701,'80',911,,29291,3,,,1,92,,29292,3,,,1,52,,29293,3,,,1,93,,29294,3,,,1,92,,29295,3,,,1,92,,29296,3,,,1,92,,29297,3,,,1,91,,29298,3,,,1,92,,29299,3,,,1,52,,29300,3,,,1,93,,29301,3,,,1,92,,29302,3,,,1,92,,29303,3,,,1,86,,29304,3,,,1,89,,29309,3,,,1,44,,29305,3,,,1,88,,29306,3,,,1,88,,29307,3,,,1,83,,29308,3,,,1,87,,29312,3,,,1,40,,29310,3,,,1,80,,29311,3,,,1
8800,'1',546,,30108,3,,,1,55,,30109,3,,,1,15,,30110,3,,,1,15,,30111,3,,,1,15,,30112,3,,,1,55,,30113,3,,,1,11,,30114,3,,,1,18,,30115,3,,,1,7,,30167,3,,,1,7,,30116,3,,,1,14,,30117,3,,,1,54,,30118,3,,,1,14,,30119,3,,,1,14,,30120,3,,,1,14,,30121,3,,,1,53,,30122,3,,,1,14,,30123,3,,,1,14,,30124,3,,,1,14,,30125,3,,,1,54,,30126,3,,,1,14,,30127,3,,,1,14,,30128,3,,,1,70,,30129,3,,,1,30,,30130,3,,,1,70,,30131,3,,,1,31,,30132,3,,,1,70,,30133,3,,,1,40,,30134,3,,,1,10,,30135,3,,,1,70,,30136,3,,,1,15,,30137,3,,,1,15,,30138,3,,,1,56,,30139,3,,,1,15,,30140,3,,,1,15,,30141,3,,,1,15,,30142,3,,,1,57,,30143,3,,,1,13,,30144,3,,,1,15,,30145,3,,,1,15,,30146,3,,,1,55,,30147,3,,,1,15,,30148,3,,,1,14,,30149,3,,,1,15,,30150,3,,,1,55,,30151,3,,,1,14,,30152,3,,,1,14,,30153,3,,,1,14,,30154,3,,,1,54,,30155,3,,,1,14,,30156,3,,,1,14,,30157,3,,,1,14,,30158,3,,,1,14,,30159,3,,,1,81,,30160,3,,,1,80,,30161,3,,,1,81,,30162,3,,,1,41,,30163,3,,,1,72,,30168,3,,,1
8800,'2',646,,30169,3,,,1,69,,30170,3,,,1,35,,30176,3,,,1,74,,30175,3,,,1,34,,30171,3,,,1,72,,30172,3,,,1,77,,30173,3,,,1,34,,30174,3,,,1,79,,30192,3,,,1,29,,30177,3,,,1,69,,30178,3,,,1,29,,30179,3,,,1,69,,30180,3,,,1,29,,30181,3,,,1,69,,30182,3,,,1,29,,30183,3,,,1,69,,30184,3,,,1,29,,30185,3,,,1,69,,30186,3,,,1,29,,30187,3,,,1,69,,30188,3,,,1,29,,30189,3,,,1,69,,30190,3,,,1,29,,30191,3,,,1,65,,30202,3,,,1,26,,30201,3,,,1,27,,30200,3,,,1,64,,30193,3,,,1,27,,30194,3,,,1,65,,30195,3,,,1,26,,30196,3,,,1,66,,30197,3,,,1,26,,30198,3,,,1,26,,30199,3,,,1
8800,'3',815,,30209,3,,,1,31,,30207,3,,,1,71,,30208,3,,,1,37,,30214,3,,,1,75,,30213,3,,,1,75,,30210,3,,,1,35,,30211,3,,,1,75,,30212,3,,,1,35,,30228,3,,,1,69,,30218,3,,,1,30,,30219,3,,,1,69,,30220,3,,,1,29,,30221,3,,,1,69,,30222,3,,,1,29,,30223,3,,,1,69,,30224,3,,,1,29,,30225,3,,,1,68,,30226,3,,,1,27,,30227,3,,,1,69,,30237,3,,,1,26,,30236,3,,,1,23,,30235,3,,,1,65,,30229,3,,,1,25,,30230,3,,,1,65,,30231,3,,,1,25,,30232,3,,,1,65,,30233,3,,,1,25,,30234,3,,,1
8800,'74',646,,30238,3,,,1,69,,30239,3,,,1,35,,30245,3,,,1,74,,30244,3,,,1,34,,30240,3,,,1,72,,30241,3,,,1,77,,30242,3,,,1,34,,30243,3,,,1,79,,30261,3,,,1,29,,30246,3,,,1,69,,30247,3,,,1,29,,30248,3,,,1,69,,30249,3,,,1,29,,30250,3,,,1,69,,30251,3,,,1,29,,30252,3,,,1,69,,30253,3,,,1,29,,30254,3,,,1,69,,30255,3,,,1,29,,30256,3,,,1,69,,30257,3,,,1,29,,30258,3,,,1,69,,30259,3,,,1,29,,30260,3,,,1,65,,30271,3,,,1,26,,30270,3,,,1,27,,30269,3,,,1,64,,30262,3,,,1,27,,30263,3,,,1,65,,30264,3,,,1,26,,30265,3,,,1,66,,30266,3,,,1,26,,30267,3,,,1,26,,30268,3,,,1
8800,'80',815,,30278,3,,,1,31,,30276,3,,,1,71,,30277,3,,,1,37,,30283,3,,,1,75,,30282,3,,,1,75,,30279,3,,,1,35,,30280,3,,,1,75,,30281,3,,,1,35,,30294,3,,,1,69,,30284,3,,,1,30,,30285,3,,,1,69,,30286,3,,,1,29,,30287,3,,,1,69,,30288,3,,,1,29,,30289,3,,,1,69,,30290,3,,,1,29,,30291,3,,,1,68,,30292,3,,,1,27,,30293,3,,,1,69,,30303,3,,,1,26,,30302,3,,,1,23,,30301,3,,,1,65,,30295,3,,,1,25,,30296,3,,,1,65,,30297,3,,,1,25,,30298,3,,,1,65,,30299,3,,,1,25,,30300,3,,,1
9100,'1',547,,30826,3,,,1,11,,30827,3,,,1,51,,30828,3,,,1,11,,30829,3,,,1,11,,30837,3,,,1,11,,30838,3,,,1,11,,30839,3,,,1,52,,30840,3,,,1,12,,30841,3,,,1,12,,30842,3,,,1,12,,30843,3,,,1,12,,30844,3,,,1,52,,30845,3,,,1,12,,30846,3,,,1,12,,30847,3,,,1,12,,30848,3,,,1,12,,30849,3,,,1,52,,30850,3,,,1,12,,30851,3,,,1,12,,30852,3,,,1,12,,30853,3,,,1,12,,30854,3,,,1,65,,30855,3,,,1,25,,30856,3,,,1,65,,30857,3,,,1,25,,30858,3,,,1,25,,30859,3,,,1,65,,30860,3,,,1,25,,30861,3,,,1,65,,30862,3,,,1,13,,30863,3,,,1,13,,30864,3,,,1,13,,30865,3,,,1,53,,30866,3,,,1,13,,30867,3,,,1,13,,30868,3,,,1,13,,30869,3,,,1,13,,30870,3,,,1,53,,30871,3,,,1,13,,30872,3,,,1,13,,30873,3,,,1,13,,30874,3,,,1,53,,30875,3,,,1,14,,30876,3,,,1,14,,30877,3,,,1,14,,30878,3,,,1,14,,30879,3,,,1,54,,30880,3,,,1,14,,30881,3,,,1,14,,30882,3,,,1,14,,30883,3,,,1,54,,30884,3,,,1,14,,30885,3,,,1,14,,30886,3,,,1,14,,30887,3,,,1,54,,30888,3,,,1,23,,30889,3,,,1,23,,30890,3,,,1,63,,30891,3,,,1,23,,30892,3,,,1,23,,30893,3,,,1,63,,30894,3,,,1,22,,30895,3,,,1,63,,30896,3,,,1,23,,30897,3,,,1,23,,30898,3,,,1,63,,30899,3,,,1,23,,30900,3,,,1,63,,30901,3,,,1,23,,30902,3,,,1,23,,30903,3,,,1
9100,'2',646,,30906,3,,,1,62,,30907,3,,,1,22,,30908,3,,,1,22,,30909,3,,,1,62,,30910,3,,,1,22,,30911,3,,,1,22,,30912,3,,,1,62,,30913,3,,,1,22,,30914,3,,,1,65,,30915,3,,,1,25,,30916,3,,,1,25,,30917,3,,,1,66,,30918,3,,,1,25,,30919,3,,,1,65,,30920,3,,,1,25,,30921,3,,,1,65,,30922,3,,,1,25,,30923,3,,,1,25,,30924,3,,,1,65,,30925,3,,,1,25,,30926,3,,,1,65,,30927,3,,,1,25,,30928,3,,,1,25,,30929,3,,,1,65,,30930,3,,,1,25,,30931,3,,,1,65,,30932,3,,,1,25,,30933,3,,,1,65,,30934,3,,,1,25,,30935,3,,,1,25,,30936,3,,,1,65,,30937,3,,,1,25,,30938,3,,,1,69,,30939,3,,,1,29,,30940,3,,,1,69,,30941,3,,,1,29,,30942,3,,,1,69,,30943,3,,,1,28,,30944,3,,,1,69,,30945,3,,,1
9100,'3',649,,30946,3,,,1,156,,30947,3,,,1,47,,30948,3,,,1,77,,30949,3,,,1,27,,30950,3,,,1,72,,30951,3,,,1,72,,30952,3,,,1,32,,30953,3,,,1,72,,30954,3,,,1,32,,30955,3,,,1,72,,30956,3,,,1,32,,30957,3,,,1,72,,30958,3,,,1,32,,30959,3,,,1,72,,30960,3,,,1,32,,30961,3,,,1,72,,30962,3,,,1,32,,30963,3,,,1,72,,30964,3,,,1,32,,30965,3,,,1,72,,30966,3,,,1,72,,30967,3,,,1,42,,30968,3,,,1,82,,30969,3,,,1,82,,30970,3,,,1,41,,30971,3,,,1,82,,30972,3,,,1,78,,30973,3,,,1,35,,30974,3,,,1,76,,30975,3,,,1
9100,'74',646,,30976,3,,,1,62,,30977,3,,,1,22,,30978,3,,,1,22,,30979,3,,,1,62,,30980,3,,,1,22,,30981,3,,,1,22,,30982,3,,,1,62,,30983,3,,,1,22,,30984,3,,,1,65,,30985,3,,,1,25,,30986,3,,,1,25,,30987,3,,,1,66,,30988,3,,,1,25,,30989,3,,,1,65,,30990,3,,,1,25,,30991,3,,,1,65,,30992,3,,,1,25,,30993,3,,,1,25,,30994,3,,,1,65,,30995,3,,,1,25,,30996,3,,,1,65,,30997,3,,,1,25,,30998,3,,,1,25,,30999,3,,,1,65,,31000,3,,,1,25,,31001,3,,,1,65,,31002,3,,,1,25,,31003,3,,,1,65,,31004,3,,,1,25,,31005,3,,,1,25,,31006,3,,,1,65,,31007,3,,,1,25,,31008,3,,,1,69,,31009,3,,,1,29,,31010,3,,,1,69,,31011,3,,,1,29,,31012,3,,,1,69,,31013,3,,,1,28,,31014,3,,,1,69,,31015,3,,,1
9100,'80',649,,31016,3,,,1,156,,31017,3,,,1,47,,31018,3,,,1,77,,31019,3,,,1,27,,31020,3,,,1,72,,31021,3,,,1,72,,31022,3,,,1,32,,31023,3,,,1,72,,31024,3,,,1,32,,31025,3,,,1,72,,31026,3,,,1,32,,31027,3,,,1,72,,31028,3,,,1,32,,31029,3,,,1,72,,31030,3,,,1,32,,31031,3,,,1,72,,31032,3,,,1,32,,31033,3,,,1,72,,31034,3,,,1,32,,31035,3,,,1,72,,31036,3,,,1,72,,31037,3,,,1,42,,31038,3,,,1,82,,31039,3,,,1,82,,31040,3,,,1,41,,31041,3,,,1,82,,31042,3,,,1,78,,31043,3,,,1,35,,31044,3,,,1,76,,31045,3,,,1
9900,'1',441,,31612,3,,,1,80,,31613,3,,,1,80,,31614,3,,,1,40,,31615,3,,,1,90,,31616,3,,,1,75,,31617,3,,,1,35,,31618,3,,,1,75,,31619,3,,,1,35,,31620,3,,,1,75,,31621,3,,,1,96,,31622,3,,,1,94,,31623,3,,,1,94,,31624,3,,,1,94,,31625,3,,,1,28,,31637,3,,,1,71,,31636,3,,,1,29,,31626,3,,,1,70,,31627,3,,,1,30,,31628,3,,,1,70,,31629,3,,,1,30,,31630,3,,,1,70,,31631,3,,,1,30,,31632,3,,,1,70,,31633,3,,,1,30,,31634,3,,,1,70,,31635,3,,,1
9900,'2',559,,31640,3,,,1,78,,31641,3,,,1,78,,31655,3,,,1,87,,31654,3,,,1,47,,31642,3,,,1,87,,31643,3,,,1,87,,31644,3,,,1,87,,31645,3,,,1,104,,31646,3,,,1,95,,31647,3,,,1,95,,31648,3,,,1,55,,31649,3,,,1,95,,31650,3,,,1,95,,31651,3,,,1,95,,31652,3,,,1,95,,31653,3,,,1,89,,31657,3,,,1,90,,31656,3,,,1
9900,'3',606,,31660,3,,,1,38,,31661,3,,,1,78,,31662,3,,,1,78,,31663,3,,,1,50,,31680,3,,,1,89,,31664,3,,,1,89,,31665,3,,,1,89,,31666,3,,,1,89,,31667,3,,,1,49,,31668,3,,,1,89,,31669,3,,,1,89,,31670,3,,,1,89,,31671,3,,,1,89,,31672,3,,,1,89,,31673,3,,,1,49,,31674,3,,,1,89,,31675,3,,,1,89,,31676,3,,,1,88,,31677,3,,,1
9900,'74',559,,31681,3,,,1,78,,31682,3,,,1,78,,31696,3,,,1,87,,31695,3,,,1,47,,31683,3,,,1,87,,31684,3,,,1,87,,31685,3,,,1,87,,31686,3,,,1,104,,31687,3,,,1,95,,31688,3,,,1,95,,31689,3,,,1,55,,31690,3,,,1,95,,31691,3,,,1,95,,31692,3,,,1,95,,31693,3,,,1,95,,31694,3,,,1,89,,31698,3,,,1,90,,31697,3,,,1
9900,'80',606,,31701,3,,,1,38,,31702,3,,,1,78,,31703,3,,,1,78,,31704,3,,,1,50,,31721,3,,,1,89,,31705,3,,,1,89,,31706,3,,,1,89,,31707,3,,,1,89,,31708,3,,,1,49,,31709,3,,,1,89,,31710,3,,,1,89,,31711,3,,,1,89,,31712,3,,,1,89,,31713,3,,,1,89,,31714,3,,,1,49,,31715,3,,,1,89,,31716,3,,,1,89,,31717,3,,,1,88,,31718,3,,,1
36000,'1',832,,33649,3,,,1,69,,33650,3,,,1,29,,33651,3,,,1,29,,33652,3,,,1,68,,33653,3,,,1,30,,33654,3,,,1,84,,33655,3,,,1,84,,33656,3,,,1,84,,33657,3,,,1,44,,33658,3,,,1,84,,33659,3,,,1,84,,33660,3,,,1,84,,33661,3,,,1,44,,33662,3,,,1,84,,33663,3,,,1,84,,33664,3,,,1,83,,33665,3,,,1,44,,33666,3,,,1,84,,33667,3,,,1,26,,33668,3,,,1,66,,33669,3,,,1,26,,33670,3,,,1,66,,33671,3,,,1
36000,'2',831,,33672,3,,,1,23,,33673,3,,,1,63,,33674,3,,,1,23,,33675,3,,,1,63,,33676,3,,,1,23,,33677,3,,,1,23,,33678,3,,,1,64,,33679,3,,,1,23,,33680,3,,,1,23,,33681,3,,,1,63,,33682,3,,,1,23,,33683,3,,,1,63,,33684,3,,,1,23,,33685,3,,,1,22,,33686,3,,,1,63,,33687,3,,,1,24,,33688,3,,,1,63,,33689,3,,,1,23,,33690,3,,,1,23,,33691,3,,,1,62,,33692,3,,,1,23,,33693,3,,,1,23,,33694,3,,,1,63,,33695,3,,,1,24,,33696,3,,,1,63,,33697,3,,,1,24,,33698,3,,,1,24,,33699,3,,,1,64,,33700,3,,,1,24,,33701,3,,,1,64,,33702,3,,,1,24,,33703,3,,,1,24,,33704,3,,,1,64,,33705,3,,,1,24,,33706,3,,,1,64,,33707,3,,,1
36000,'3',831,,33708,3,,,1,22,,33709,3,,,1,62,,33710,3,,,1,22,,33711,3,,,1,22,,33712,3,,,1,62,,33713,3,,,1,22,,33714,3,,,1,62,,33715,3,,,1,22,,33716,3,,,1,22,,33717,3,,,1,62,,33718,3,,,1,22,,33719,3,,,1,22,,33720,3,,,1,62,,33721,3,,,1,22,,33722,3,,,1,62,,33723,3,,,1,22,,33724,3,,,1,22,,33725,3,,,1,62,,33726,3,,,1,22,,33727,3,,,1,22,,33728,3,,,1,62,,33729,3,,,1,22,,33730,3,,,1,22,,33731,3,,,1,62,,33732,3,,,1,22,,33733,3,,,1,62,,33734,3,,,1,22,,33735,3,,,1,23,,33736,3,,,1,63,,33737,3,,,1,23,,33738,3,,,1,23,,33739,3,,,1,63,,33740,3,,,1,23,,33741,3,,,1,63,,33742,3,,,1,23,,33743,3,,,1,23,,33744,3,,,1,63,,33745,3,,,1
36000,'74',831,,33746,3,,,1,23,,33747,3,,,1,63,,33748,3,,,1,23,,33749,3,,,1,63,,33750,3,,,1,23,,33751,3,,,1,23,,33752,3,,,1,64,,33753,3,,,1,23,,33754,3,,,1,23,,33755,3,,,1,63,,33756,3,,,1,23,,33757,3,,,1,63,,33758,3,,,1,23,,33759,3,,,1,22,,33760,3,,,1,63,,33761,3,,,1,24,,33762,3,,,1,63,,33763,3,,,1,23,,33764,3,,,1,23,,33765,3,,,1,62,,33766,3,,,1,23,,33767,3,,,1,23,,33768,3,,,1,63,,33769,3,,,1,24,,33770,3,,,1,63,,33771,3,,,1,24,,33772,3,,,1,24,,33773,3,,,1,64,,33774,3,,,1,24,,33775,3,,,1,64,,33776,3,,,1,24,,33777,3,,,1,24,,33778,3,,,1,64,,33779,3,,,1,24,,33780,3,,,1,64,,33781,3,,,1,24,,33782,3,,,1
36000,'80',831,,33783,3,,,1,22,,33784,3,,,1,62,,33785,3,,,1,22,,33786,3,,,1,22,,33787,3,,,1,62,,33788,3,,,1,22,,33789,3,,,1,62,,33790,3,,,1,22,,33791,3,,,1,22,,33792,3,,,1,62,,33793,3,,,1,22,,33794,3,,,1,22,,33795,3,,,1,62,,33796,3,,,1,22,,33797,3,,,1,62,,33798,3,,,1,22,,33799,3,,,1,22,,33800,3,,,1,62,,33801,3,,,1,22,,33802,3,,,1,22,,33803,3,,,1,62,,33804,3,,,1,22,,33805,3,,,1,22,,33806,3,,,1,62,,33807,3,,,1,22,,33808,3,,,1,62,,33809,3,,,1,22,,33810,3,,,1,23,,33811,3,,,1,63,,33812,3,,,1,23,,33813,3,,,1,23,,33814,3,,,1,63,,33815,3,,,1,23,,33816,3,,,1,63,,33817,3,,,1,23,,33818,3,,,1,23,,33819,3,,,1,63,,33820,3,,,1
989900,'1',2036,,36830,3,,,1,78,,36831,3,,,1,38,,36832,3,,,1,78,,36833,3,,,1,75,,36834,3,,,1,34,,36835,3,,,1,75,,36836,3,,,1,35,,36837,3,,,1,75,,36838,3,0,5 6,1,35,,36839,3,0,5 6,1,82,,36840,3,0,5 6,1
989900,'2',2038,,36841,3,,,1,94,,36842,3,,,1,93,,36843,3,,,1,94,,36844,3,,,1,86,,36845,3,,,1,46,,36846,3,,,1,86,,36847,3,0,5 6,1,86,,36848,3,0,5 6,1,86,,36849,3,0,5 6,1
989900,'3',2056,,36850,3,,,1,90,,36851,3,,,1,91,,36852,3,,,1,90,,36853,3,,,1,82,,36854,3,,,1,43,,36855,3,,,1,83,,36856,3,0,5 6,1,83,,36857,3,0,5 6,1,83,,36858,3,0,5 6,1
989900,'74',2038,,36859,3,,,1,94,,36860,3,,,1,93,,36861,3,,,1,94,,36862,3,,,1,86,,36863,3,,,1,46,,36864,3,,,1,86,,36865,3,0,5 6,1,86,,36866,3,0,5 6,1,86,,36867,3,0,5 6,1
989900,'80',2056,,36868,3,,,1,90,,36869,3,,,1,91,,36870,3,,,1,90,,36871,3,,,1,82,,36872,3,,,1,43,,36873,3,,,1,83,,36874,3,0,5 6,1,83,,36875,3,0,5 6,1,83,,36876,3,0,5 6,1
