9600,'1',701,,31260,73,,,1,46,,31259,73,,,1,71,,31258,73,,,1,37,,31257,73,,,1,67,,31256,73,,,1,34,,31253,73,,,1,74,,31254,73,,,1,70,,31255,73,,,1,32,,31268,73,,,1,27,,31267,69,,,1,79,,31261,69,,,1,79,,31262,69,,,1,39,,31263,69,,,1,85,,31264,69,,,1,65,,31265,69,,,1,53,,31266,73,,,1,83,,31274,73,,,1,67,,31273,73,,,1,31,,31272,73,,,1,64,,31269,73,,,1,27,,31270,73,,,1,21,,31271,73,,,1,67,,31277,73,,,1,19,,31278,73,,,1,13,,31288,73,,,1,51,,31276,73,,,1,25,,31275,73,,,1,30,,31285,69,,,1,70,,31284,69,,,1,15,,31287,69,,,1,12,,31279,69,,,1,70,,31280,69,,,1,30,,31281,69,,,1,68,,31282,69,,,1,30,,31283,69,,,1,57,,31286,69,,,1
9600,'2',1022,,31289,69,,,1,100,,31290,69,,,1,99,,31291,69,,,1,97,,31292,69,,,1,99,,31293,69,,,1,99,,31294,69,,,1,99,,31295,69,,,1,99,,31296,69,,,1,94,,31297,69,,,1,97,,31298,69,,,1,47,,31299,69,,,1,83,,31300,69,,,1,97,,31301,69,,,1
9600,'3',1113,,31302,69,,,1,94,,31303,69,,,1,94,,31304,69,,,1,54,,31305,69,,,1,94,,31306,69,,,1,94,,31307,69,,,1,94,,31308,69,,,1,94,,31309,69,,,1,91,,31310,69,,,1,94,,31311,69,,,1,94,,31312,69,,,1,91,,31313,69,,,1
9600,'74',1022,,31314,69,,,1,100,,31315,69,,,1,99,,31316,69,,,1,97,,31317,69,,,1,99,,31318,69,,,1,99,,31319,69,,,1,99,,31320,69,,,1,99,,31321,69,,,1,94,,31322,69,,,1,97,,31323,69,,,1,47,,31324,69,,,1,83,,31325,69,,,1,97,,31326,69,,,1
9600,'80',1113,,31327,69,,,1,94,,31328,69,,,1,94,,31329,69,,,1,54,,31330,69,,,1,94,,31331,69,,,1,94,,31332,69,,,1,94,,31333,69,,,1,94,,31334,69,,,1,91,,31335,69,,,1,94,,31336,69,,,1,94,,31337,69,,,1,91,,31338,69,,,1
9800,'1',618,,31445,25,,,1,35,,31444,25,,,1,73,,31443,25,,,1,75,,31442,25,,,1,35,,31441,25,,,1,75,,31440,25,,,1,98,,31436,25,,,1,98,,31433,25,,,1,95,,31438,25,,,1,98,,31437,25,,,1,40,,31425,25,,,1,78,,31435,25,,,1,40,,31434,25,,,1,80,,31432,25,,,1,80,,31431,25,,,1,40,,31430,25,,,1,85,,31429,25,,,1,80,,31428,25,,,1,94,,31427,25,,,1,91,,31426,25,,,1,49,,31439,25,,,1
9800,'2',617,,31463,25,,,1,86,,31462,25,,,1,44,,31461,25,,,1,94,,31460,25,,,1,93,,31459,25,,,1,90,,31458,25,,,1,94,,31457,25,,,1,98,,31456,25,,,1,98,,31455,25,,,1,96,,31454,25,,,1,98,,31453,25,,,1,98,,31452,25,,,1,100,,31451,25,,,1,102,,31450,25,,,1,49,,31449,25,,,1,93,,31448,25,,,1,89,,31447,25,,,1,85,,31446,25,,,1
9800,'3',802,,31479,25,,,1,48,,31478,25,,,1,88,,31477,25,,,1,91,,31476,25,,,1,93,,31475,25,,,1,90,,31474,25,,,1,93,,31473,25,,,1,53,,31472,25,,,1,93,,31471,25,,,1,93,,31470,25,,,1,93,,31469,25,,,1,97,,31468,25,,,1,88,,31467,25,,,1,91,,31466,25,,,1,87,,31465,25,,,1,48,,31464,25,,,1
9800,'74',617,,31497,25,,,1,86,,31496,25,,,1,44,,31495,25,,,1,94,,31494,25,,,1,93,,31493,25,,,1,90,,31492,25,,,1,94,,31491,25,,,1,98,,31490,25,,,1,98,,31489,25,,,1,96,,31488,25,,,1,98,,31487,25,,,1,98,,31486,25,,,1,100,,31485,25,,,1,102,,31484,25,,,1,49,,31483,25,,,1,93,,31482,25,,,1,89,,31481,25,,,1,85,,31480,25,,,1
9800,'80',802,,31513,25,,,1,48,,31512,25,,,1,88,,31511,25,,,1,91,,31510,25,,,1,93,,31509,25,,,1,90,,31508,25,,,1,93,,31507,25,,,1,53,,31506,25,,,1,93,,31505,25,,,1,93,,31504,25,,,1,93,,31503,25,,,1,97,,31502,25,,,1,88,,31501,25,,,1,91,,31500,25,,,1,87,,31499,25,,,1,48,,31498,25,,,1
989900,'1',2122,,36830,68,,,1,34,,36831,68,,,1,78,,36832,68,,,1,78,,36833,68,,,1,35,,36834,68,,,1,71,,36835,68,,,1,35,,36836,68,,,1,75,,36837,68,,,1,76,,36838,68,0,5 6,1,35,,36839,68,0,5 6,1,79,,36840,68,0,5 6,1
989900,'2',2126,,36841,68,,,1,94,,36842,68,,,1,86,,36843,68,,,1,52,,36844,68,,,1,86,,36845,68,,,1,86,,36846,68,,,1,84,,36847,68,0,5 6,1,86,,36848,68,0,5 6,1,46,,36849,68,0,5 6,1
989900,'3',2142,,36850,68,,,1,90,,36851,68,,,1,85,,36852,68,,,1,90,,36853,68,,,1,40,,36854,68,,,1,83,,36855,68,,,1,79,,36856,68,0,5 6,1,43,,36857,68,0,5 6,1,83,,36858,68,0,5 6,1
989900,'74',2126,,36859,68,,,1,94,,36860,68,,,1,86,,36861,68,,,1,52,,36862,68,,,1,86,,36863,68,,,1,86,,36864,68,,,1,84,,36865,68,0,5 6,1,86,,36866,68,0,5 6,1,46,,36867,68,0,5 6,1
989900,'80',2142,,36868,68,,,1,90,,36869,68,,,1,85,,36870,68,,,1,90,,36871,68,,,1,40,,36872,68,,,1,83,,36873,68,,,1,79,,36874,68,0,5 6,1,43,,36875,68,0,5 6,1,83,,36876,68,0,5 6,1
