100,'1',423,,23457,47,,,1,78,,23456,47,,,1,31,,23455,47,,,1,82,,23483,62,,,1,38,,23482,62,,,1,84,,23480,62,,,1,79,,23481,62,,,1,32,,23479,62,,,1,75,,23478,62,,,1,35,,23477,62,,,1,146,,23476,62,,,1,113,,23475,62,,,1,112,,23474,62,,,1,116,,23473,62,,,1,87,,23484,62,,,1,85,,23472,62,,,1,31,,23471,62,,,1,77,,23470,62,,,1,31,,23469,62,,,1,74,,23468,62,,,1,74,,23467,62,,,1,24,,23466,62,,,1,23,,23465,62,,,1,97,,23464,62,,,1,102,,23463,62,,,1,100,,23462,62,,,1,91,,23461,62,,,1,95,,23460,62,,,1,89,,23459,62,,,1,95,,23458,62,,,1
100,'74',620,,23507,47,,,1,97,,23485,62,,,1,103,,23486,62,,,1,107,,23487,62,,,1,103,,23488,62,,,1,112,,23489,62,,,1,95,,23490,62,,,1,87,,23491,62,,,1,103,,23492,62,,,1,92,,23493,62,,,1,92,,23494,62,,,1,92,,23495,62,,,1,46,,23496,62,,,1,92,,23497,62,,,1,91,,23498,62,,,1,81,,23499,62,,,1,92,,23500,62,,,1,50,,23501,62,,,1,97,,23502,62,,,1,97,,23503,62,,,1,94,,23504,62,,,1,92,,23505,62,,,1,95,,23506,62,,,1
100,'80',810,,23523,47,,,1,91,,23508,62,,,1,119,,23509,62,,,1,115,,23510,62,,,1,116,,23511,62,,,1,155,,23512,62,,,1,112,,23513,62,,,1,107,,23514,62,,,1,112,,23515,62,,,1,110,,23516,62,,,1,107,,23517,62,,,1,95,,23518,62,,,1,99,,23519,62,,,1,99,,23520,62,,,1,94,,23521,62,,,1,99,,23522,62,,,1
100,'35296.2',620,,23546,47,,,1,97,,23524,62,,,1,103,,23525,62,,,1,107,,23526,62,,,1,103,,23527,62,,,1,112,,23528,62,,,1,95,,23529,62,,,1,87,,23530,62,,,1,103,,23531,62,,,1,92,,23532,62,,,1,92,,23533,62,,,1,92,,23534,62,,,1,46,,23535,62,,,1,92,,23536,62,,,1,91,,23537,62,,,1,81,,23538,62,,,1,92,,23539,62,,,1,50,,23540,62,,,1,97,,23541,62,,,1,97,,23542,62,,,1,94,,23543,62,,,1,92,,23544,62,,,1,95,,23545,62,,,1
100,'35296.3',810,,23562,47,,,1,91,,23547,62,,,1,119,,23548,62,,,1,115,,23549,62,,,1,116,,23550,62,,,1,155,,23551,62,,,1,112,,23552,62,,,1,107,,23553,62,,,1,112,,23554,62,,,1,110,,23555,62,,,1,107,,23556,62,,,1,95,,23557,62,,,1,99,,23558,62,,,1,99,,23559,62,,,1,94,,23560,62,,,1,99,,23561,62,,,1
100,'35298.2',620,,23615,47,,,1,97,,23614,62,,,1,37,,23563,62,,,1,57,,23564,62,,,1,21,,23565,62,,,1,17,,23566,62,,,1,57,,23567,62,,,1,17,,23568,62,,,1,17,,23569,62,,,1,17,,23570,62,,,1,57,,23571,62,,,1,17,,23572,62,,,1,17,,23573,62,,,1,66,,23574,62,,,1,17,,23575,62,,,1,17,,23576,62,,,1,57,,23577,62,,,1,20,,23578,62,,,1,17,,23579,62,,,1,17,,23580,62,,,1,57,,23581,62,,,1,23,,23582,62,,,1,17,,23583,62,,,1,57,,23584,62,,,1,17,,23585,62,,,1,17,,23586,62,,,1,57,,23587,62,,,1,17,,23588,62,,,1,17,,23589,62,,,1,17,,23590,62,,,1,57,,23591,62,,,1,17,,23592,62,,,1,17,,23593,62,,,1,57,,23594,62,,,1,11,,23595,62,,,1,17,,23596,62,,,1,17,,23597,62,,,1,57,,23598,62,,,1,17,,23599,62,,,1,17,,23600,62,,,1,17,,23601,62,,,1,56,,23602,62,,,1,17,,23603,62,,,1,17,,23604,62,,,1,57,,23605,62,,,1,10,,23606,62,,,1,92,,23607,62,,,1,50,,23608,62,,,1,97,,23609,62,,,1,97,,23610,62,,,1,94,,23611,62,,,1,92,,23612,62,,,1,95,,23613,62,,,1
100,'35298.3',751,,23616,62,,,1,57,,23617,62,,,1,17,,23618,62,,,1,17,,23619,62,,,1,17,,23620,62,,,1,57,,23621,62,,,1,17,,23622,62,,,1,24,,23623,62,,,1,57,,23624,62,,,1,17,,23625,62,,,1,17,,23626,62,,,1,60,,23627,62,,,1,17,,23628,62,,,1,17,,23629,62,,,1,17,,23630,62,,,1,61,,23631,62,,,1,17,,23632,62,,,1,17,,23633,62,,,1,57,,23634,62,,,1,17,,23635,62,,,1,20,,23636,62,,,1,57,,23637,62,,,1,17,,23638,62,,,1,17,,23639,62,,,1,17,,23640,62,,,1,57,,23641,62,,,1,17,,23642,62,,,1,17,,23643,62,,,1,57,,23644,62,,,1,12,,23645,62,,,1,17,,23646,62,,,1,17,,23647,62,,,1,57,,23648,62,,,1,17,,23649,62,,,1,17,,23650,62,,,1,17,,23651,62,,,1,57,,23652,62,,,1,17,,23653,62,,,1,15,,23654,62,,,1,57,,23655,62,,,1,17,,23656,62,,,1,17,,23657,62,,,1,12,,23658,62,,,1,99,,23659,62,,,1,99,,23660,62,,,1,99,,23661,62,,,1,94,,23662,62,,,1,99,,23663,62,,,1
900,'1',541,,26052,5,,,1,66,,26053,5,,,1,41,,26054,5,,,1,73,,26055,5,,,1,33,,26056,5,,,1,73,,26057,5,,,1,73,,26058,5,,,1,33,,26059,5,,,1,84,,26060,5,,,1,84,,26061,5,,,1,44,,26062,5,,,1,84,,26063,5,,,1,83,,26064,5,,,1,44,,26065,5,,,1,82,,26066,5,,,1,75,,26067,5,,,1,34,,26068,5,,,1,81,,26069,5,,,1,82,,26070,5,,,1,34,,26071,5,,,1,78,,26072,5,,,1,78,,26073,5,,,1,38,,26074,5,,,1,78,,26075,5,,,1
900,'2',656,,26096,5,,,1,79,,26097,5,,,1,79,,26076,5,,,1,39,,26077,5,,,1,79,,26078,5,,,1,79,,26079,5,,,1,39,,26080,5,,,1,79,,26081,5,,,1,79,,26082,5,,,1,39,,26083,5,,,1,84,,26084,5,,,1,81,,26085,5,,,1,41,,26086,5,,,1,81,,26087,5,,,1,81,,26088,5,,,1,41,,26089,5,,,1,85,,26090,5,,,1,82,,26091,5,,,1,80,,26092,5,,,1,42,,26093,5,,,1,82,,26094,5,,,1,82,,26095,5,,,1
900,'3',758,,26116,5,,,1,81,,26117,5,,,1,81,,26098,5,,,1,81,,26099,5,,,1,41,,26100,5,,,1,81,,26101,5,,,1,81,,26102,5,,,1,41,,26103,5,,,1,81,,26104,5,,,1,81,,26105,5,,,1,41,,26106,5,,,1,81,,26107,5,,,1,81,,26108,5,,,1,41,,26109,5,,,1,78,,26110,5,,,1,81,,26111,5,,,1,41,,26112,5,,,1,80,,26113,5,,,1,80,,26114,5,,,1,40,,26115,5,,,1
900,'74',656,,26138,5,,,1,79,,26139,5,,,1,79,,26118,5,,,1,39,,26119,5,,,1,79,,26120,5,,,1,79,,26121,5,,,1,39,,26122,5,,,1,79,,26123,5,,,1,79,,26124,5,,,1,39,,26125,5,,,1,84,,26126,5,,,1,81,,26127,5,,,1,41,,26128,5,,,1,81,,26129,5,,,1,81,,26130,5,,,1,41,,26131,5,,,1,85,,26132,5,,,1,82,,26133,5,,,1,80,,26134,5,,,1,42,,26135,5,,,1,82,,26136,5,,,1,82,,26137,5,,,1
900,'80',758,,26158,5,,,1,81,,26159,5,,,1,81,,26140,5,,,1,81,,26141,5,,,1,41,,26142,5,,,1,81,,26143,5,,,1,81,,26144,5,,,1,41,,26145,5,,,1,81,,26146,5,,,1,81,,26147,5,,,1,41,,26148,5,,,1,81,,26149,5,,,1,81,,26150,5,,,1,41,,26151,5,,,1,78,,26152,5,,,1,81,,26153,5,,,1,41,,26154,5,,,1,80,,26155,5,,,1,80,,26156,5,,,1,40,,26157,5,,,1
1400,'1',550,,26392,60,,,1,67,,26391,60,,,1,29,,26390,60,,,1,73,,26388,60,,,1,30,,26389,60,,,1,72,,26414,60,,,1,22,,26413,60,,,1,77,,26412,60,,,1,28,,26411,57,,,1,74,,26410,57,,,1,34,,26404,57,,,1,75,,26394,57,,,1,74,,26409,57,,,1,33,,26408,57,,,1,73,,26407,57,,,1,33,,26406,57,,,1,73,,26405,57,,,1,38,,26403,60,,,1,72,,26402,60,,,1,76,,26401,60,,,1,31,,26400,60,,,1,77,,26399,60,,,1,32,,26398,60,,,1,75,,26397,60,,,1,35,,26396,60,,,1,66,,26395,60,,,1,26,,26393,57,,,1,76,,26415,57,,,1,81,,26416,57,,,1
30301,'1',1625,,32980,2,,,1,31,,32977,2,,,1,60,,32978,2,,,1,10,,32979,2,,,1,17,,32981,2,,,1,10,,32976,2,,,1,53,,32982,2,,,1,12,,32983,2,,,1,15,,32975,2,,,1
