10700,'1',440,,7861,1,,,1,64,,7860,1,,,1,24,,7859,1,,,1,24,,7858,1,,,1,56,,7857,1,,,1,16,,7856,1,,,1,21,,7855,1,,,1,11,,7854,1,,,1,53,,7853,1,,,1,19,,7852,1,,,1,16,,7851,1,,,1,12,,7850,1,,,1,60,,7849,1,,,1,16,,7848,1,,,1,15,,7847,1,,,1,83,,7846,1,,,1,82,,7845,1,,,1,42,,7844,1,,,1,82,,7843,1,,,1,82,,7842,1,,,1,82,,7841,1,,,1,42,,7840,1,,,1,58,,7839,1,,,1,18,,7838,1,,,1,18,,7889,1,,,1,19,,7888,1,,,1,57,,7887,1,,,1,18,,7886,1,,,1,18,,7885,1,,,1,60,,7884,1,,,1,16,,7883,1,,,1,18,,7882,1,,,1,58,,7881,1,,,1,20,,7880,1,,,1,16,,7879,1,,,1,18,,7878,1,,,1,58,,7877,1,,,1,18,,7876,1,,,1,81,,7875,1,,,1,41,,7874,1,,,1,81,,7873,1,,,1,81,,7872,1,,,1,34,,7871,1,,,1,74,,7870,1,,,1,34,,7869,1,,,1,74,,7868,1,,,1,74,,7867,1,,,1,34,,7866,1,,,1,74,,7865,1,,,1,34,,7864,1,,,1,74,,7863,1,,,1,34,,7862,1,,,1
10700,'2',615,,7892,1,,,1,37,,7891,1,,,1,77,,7890,1,,,1,77,,7893,1,,,1,37,,7894,1,,,1,77,,7895,1,,,1,37,,7896,1,,,1,77,,7897,1,,,1,77,,7898,1,,,1,37,,7899,1,,,1,77,,7900,1,,,1,77,,7901,1,,,1,37,,7902,1,,,1,77,,7903,1,,,1,37,,7904,1,,,1,77,,7905,1,,,1,77,,7906,1,,,1,37,,7907,1,,,1,77,,7908,1,,,1,37,,7909,1,,,1,77,,7910,1,,,1,77,,7911,1,,,1,37,,7912,1,,,1,77,,7913,1,,,1,77,,7914,1,,,1,37,,7915,1,,,1,77,,7916,1,,,1,37,,7917,1,,,1,77,,7918,1,,,1,77,,7919,1,,,1,37,,7920,1,,,1,77,,7921,1,,,1,37,,7923,1,,,1,77,,7922,1,,,1
10700,'3',806,,7937,1,,,1,37,,7938,1,,,1,77,,7939,1,,,1,37,,7940,1,,,1,77,,7941,1,,,1,77,,7942,1,,,1,37,,7943,1,,,1,77,,7944,1,,,1,77,,7945,1,,,1,37,,7946,1,,,1,77,,7947,1,,,1,37,,7948,1,,,1,77,,7952,1,,,1,77,,7951,1,,,1,37,,7953,1,,,1,77,,7954,1,,,1,37,,7955,1,,,1,77,,7956,1,,,1,77,,7924,1,,,1,37,,7925,1,,,1,77,,7926,1,,,1,77,,7949,1,,,1,37,,7927,1,,,1,77,,7928,1,,,1,37,,7929,1,,,1,77,,7930,1,,,1,77,,7931,1,,,1,37,,7932,1,,,1,77,,7933,1,,,1,37,,7950,1,,,1,77,,7934,1,,,1
10700,'80',806,,7970,1,,,1,37,,7971,1,,,1,77,,7972,1,,,1,37,,7973,1,,,1,77,,7974,1,,,1,77,,7975,1,,,1,37,,7976,1,,,1,77,,7977,1,,,1,77,,7978,1,,,1,37,,7979,1,,,1,77,,7980,1,,,1,37,,7981,1,,,1,77,,7985,1,,,1,77,,7984,1,,,1,37,,7986,1,,,1,77,,7987,1,,,1,37,,7988,1,,,1,77,,7989,1,,,1,77,,7957,1,,,1,37,,7958,1,,,1,77,,7959,1,,,1,77,,7982,1,,,1,37,,7960,1,,,1,77,,7961,1,,,1,37,,7962,1,,,1,77,,7963,1,,,1,77,,7964,1,,,1,37,,7965,1,,,1,77,,7966,1,,,1,37,,7983,1,,,1,77,,7967,1,,,1
10700,'81',806,,7995,1,,,1,37,,7996,1,,,1,77,,7997,1,,,1,37,,7998,1,,,1,77,,7999,1,,,1,77,,8000,1,,,1,37,,8001,1,,,1,77,,8002,1,,,1,77,,8003,1,,,1,37,,8004,1,,,1,77,,8005,1,,,1,37,,8006,1,,,1,77,,8009,1,,,1,77,,8008,1,,,1,37,,8010,1,,,1,77,,8011,1,,,1,37,,8012,1,,,1,77,,8013,1,,,1,77,,7990,1,,,1,37,,7991,1,,,1,77,,7992,1,,,1,77,,8007,1,,,1,37,,8014,1,,,1,77,,8015,1,,,1,37,,8016,1,,,1,77,,8017,1,,,1,77,,8018,1,,,1,37,,8019,1,,,1,77,,8020,1,,,1,37,,8022,1,,,1,77,,8021,1,,,1
10701,'1',545,,8063,37,4,,1,64,,8062,37,4,,1,31,,8061,37,4,,1,64,,8060,37,4,,1,24,,8059,37,4,,1,21,,8058,37,4,,1,60,,8057,37,4,,1,12,,8056,37,4,,1,19,,8055,37,4,,1,16,,8054,37,4,,1,56,,8053,37,4,,1,10,,8052,37,4,,1,80,,8039,37,4,,1,40,,8047,37,4,,1,82,,8045,37,4,,1,82,,8044,37,4,,1,42,,8043,37,4,,1,89,,8042,37,4,,1,82,,8041,37,4,,1,28,,8051,37,4,,1,54,,8040,37,4,,1,23,,8038,37,4,,1,24,,8037,37,4,,1,58,,8036,37,4,,1,18,,8035,37,4,,1,22,,8034,37,4,,1,58,,8033,37,4,,1,18,,8032,37,4,,1,20,,8031,37,4,,1,58,,8030,37,4,,1,18,,8029,37,4,,1,15,,8028,37,4,,1,12,,8027,37,4,,1,58,,8026,37,4,,1,26,,8025,37,4,,1,18,,8023,37,4,,1,78,,8046,37,4,,1,81,,8024,37,4,,1,33,,8073,37,4,,1,78,,8072,37,4,,1,31,,8071,37,4,,1,74,,8070,37,4,,1,34,,8069,37,4,,1,74,,8068,37,4,,1,74,,8067,37,4,,1,34,,8066,37,4,,1,74,,8065,37,4,,1,34,,8064,37,4,,1
10701,'2',718,,8100,37,4,,1,39,,8101,37,4,,1,77,,8102,37,4,,1,77,,8103,37,4,,1,37,,8104,37,4,,1,77,,8105,37,4,,1,77,,8106,37,4,,1,37,,8107,37,4,,1,77,,8108,37,4,,1,37,,8109,37,4,,1,76,,8077,37,4,,1,77,,8078,37,4,,1,35,,8080,37,4,,1,77,,8081,37,4,,1,37,,8082,37,4,,1,77,,8083,37,4,,1,75,,8084,37,4,,1,37,,8085,37,4,,1,77,,8086,37,4,,1,37,,8087,37,4,,1,77,,8088,37,4,,1,77,,8089,37,4,,1,37,,8090,37,4,,1,77,,8091,37,4,,1,77,,8092,37,4,,1,37,,8079,37,4,,1,77,,8093,37,4,,1,37,,8094,37,4,,1,77,,8095,37,4,,1,77,,8096,37,4,,1,35,,8076,37,4,,1,75,,8097,37,4,,1
10701,'3',756,,8122,37,4,,1,77,,8123,37,4,,1,74,,8124,37,4,,1,37,,8125,37,4,,1,78,,8126,37,4,,1,37,,8127,37,4,,1,77,,8121,37,4,,1,77,,8128,37,4,,1,37,,8129,37,4,,1,77,,8130,37,4,,1,77,,8131,37,4,,1,36,,8132,37,4,,1,75,,8133,37,4,,1,37,,8134,37,4,,1,77,,8135,37,4,,1,77,,8137,37,4,,1,37,,8138,37,4,,1,77,,8136,37,4,,1,37,,8118,37,4,,1,77,,8139,37,4,,1,77,,8140,37,4,,1,37,,8141,37,4,,1,77,,8142,37,4,,1,77,,8110,37,4,,1,37,,8111,37,4,,1,77,,8112,37,4,,1,37,,8113,37,4,,1,77,,8114,37,4,,1,76,,8115,37,4,,1,37,,8116,37,4,,1,77,,8117,37,4,,1
10701,'80',756,,8155,37,4,,1,77,,8156,37,4,,1,74,,8157,37,4,,1,37,,8158,37,4,,1,78,,8159,37,4,,1,37,,8160,37,4,,1,77,,8154,37,4,,1,77,,8161,37,4,,1,37,,8162,37,4,,1,77,,8163,37,4,,1,77,,8164,37,4,,1,36,,8165,37,4,,1,75,,8166,37,4,,1,37,,8167,37,4,,1,77,,8168,37,4,,1,77,,8170,37,4,,1,37,,8171,37,4,,1,77,,8169,37,4,,1,37,,8151,37,4,,1,77,,8172,37,4,,1,77,,8173,37,4,,1,37,,8174,37,4,,1,77,,8175,37,4,,1,77,,8143,37,4,,1,37,,8144,37,4,,1,77,,8145,37,4,,1,37,,8146,37,4,,1,77,,8147,37,4,,1,76,,8148,37,4,,1,37,,8149,37,4,,1,77,,8150,37,4,,1
10701,'81',756,,8188,37,4,,1,77,,8189,37,4,,1,74,,8190,37,4,,1,37,,8191,37,4,,1,78,,8192,37,4,,1,37,,8193,37,4,,1,77,,8187,37,4,,1,77,,8194,37,4,,1,37,,8195,37,4,,1,77,,8196,37,4,,1,77,,8197,37,4,,1,36,,8198,37,4,,1,75,,8199,37,4,,1,37,,8200,37,4,,1,77,,8201,37,4,,1,77,,8203,37,4,,1,37,,8204,37,4,,1,77,,8202,37,4,,1,37,,8184,37,4,,1,77,,8205,37,4,,1,77,,8206,37,4,,1,37,,8207,37,4,,1,77,,8208,37,4,,1,77,,8176,37,4,,1,37,,8177,37,4,,1,77,,8178,37,4,,1,37,,8179,37,4,,1,77,,8180,37,4,,1,76,,8181,37,4,,1,37,,8182,37,4,,1,77,,8183,37,4,,1
1070200,'1',500,,11676,1,,,1,12,,11675,1,,,1,12,,11674,1,,,1,12,,11673,1,,,1,12,,11672,1,,,1,52,,11671,1,,,1,12,,11670,1,,,1,16,,11669,1,,,1,8,,11668,1,,,1,13,,11667,1,,,1,51,,11666,1,,,1,12,,11665,1,,,1,12,,11664,1,,,1,12,,11663,1,,,1,12,,11662,1,,,1,52,,11661,1,,,1,12,,11660,1,,,1,12,,11659,1,,,1,27,,11688,1,,,1,65,,11687,1,,,1,26,,11686,1,,,1,66,,11685,1,,,1,26,,11684,1,,,1,66,,11683,1,,,1,26,,11682,1,,,1,26,,11681,1,,,1,70,,11680,1,,,1,22,,11679,1,,,1,66,,11678,1,,,1,26,,11677,1,,,1,65,,11689,1,,,1,16,,11690,1,,,1,16,,11691,1,,,1,16,,11692,1,,,1,56,,11693,1,,,1,16,,11694,1,,,1,16,,11695,1,,,1,16,,11696,1,,,1,58,,11697,1,,,1,19,,11698,1,,,1,19,,11699,1,,,1,58,,11700,1,,,1,19,,11701,1,,,1,19,,11702,1,,,1,72,,11703,1,,,1,22,,11704,1,,,1
1070201,'1',606,,11731,30,4,,1,12,,11730,30,4,,1,12,,11729,30,4,,1,12,,11728,30,4,,1,12,,11727,30,4,,1,52,,11726,30,4,,1,12,,11725,30,4,,1,24,,11724,30,4,,1,12,,11723,30,4,,1,52,,11722,30,4,,1,12,,11721,30,4,,1,12,,11720,30,4,,1,9,,11719,30,4,,1,12,,11718,30,4,,1,52,,11717,30,4,,1,31,,11705,30,4,,1,66,,11714,30,4,,1,26,,11716,30,4,,1,21,,11715,30,4,,1,66,,11713,30,4,,1,26,,11712,30,4,,1,66,,11711,30,4,,1,27,,11710,30,4,,1,26,,11709,30,4,,1,66,,11708,30,4,,1,27,,11707,30,4,,1,66,,11706,30,4,,1,24,,11747,30,4,,1,16,,11746,30,4,,1,56,,11732,30,4,,1,18,,11733,30,4,,1,16,,11734,30,4,,1,56,,11735,30,4,,1,16,,11736,30,4,,1,25,,11737,30,4,,1,56,,11738,30,4,,1,16,,11739,30,4,,1,23,,11740,30,4,,1,14,,11741,30,4,,1,59,,11742,30,4,,1,19,,11743,30,4,,1,10,,11744,30,4,,1,78,,11745,30,4,,1
