5000,'1',618,,4159,54,,,1,34,,4158,54,,,1,67,,4157,54,,,1,31,,4156,54,,,1,65,,4155,54,,,1,29,,4154,54,,,1,66,,4150,54,,,1,27,,4151,54,,,1,67,,4152,54,,,1,28,,4153,54,,,1,82,,4168,54,,,1,31,,4167,54,,,1,69,,4166,54,,,1,31,,4160,54,,,1,70,,4161,54,,,1,28,,4162,54,,,1,69,,4163,54,,,1,32,,4164,54,,,1,67,,4165,54,,,1,21,,4179,54,,,1,69,,4178,54,,,1,28,,4177,54,,,1,19,,4176,54,,,1,76,,4169,54,,,1,26,,4170,54,,,1,68,,4171,54,,,1,28,,4172,54,,,1,64,,4173,54,,,1,35,,4174,54,,,1,59,,4175,54,,,1,25,,4185,54,,,1,77,,4184,54,,,1,37,,4180,54,,,1,74,,4181,54,,,1,37,,4182,54,,,1,77,,4183,54,,,1
5000,'2',647,,4186,54,,,1,77,,4187,54,,,1,81,,4188,54,,,1,37,,4189,54,,,1,77,,4190,54,,,1,40,,4191,54,,,1,80,,4192,54,,,1,80,,4193,54,,,1,40,,4194,54,,,1,80,,4195,54,,,1,82,,4196,54,,,1,80,,4197,54,,,1,40,,4198,54,,,1,80,,4199,54,,,1,79,,4200,54,,,1,40,,4201,54,,,1,78,,4202,54,,,1,41,,4203,54,,,1,76,,4204,54,,,1,76,,4205,54,,,1,36,,4206,54,,,1,76,,4207,54,,,1,36,,4208,54,,,1,76,,4209,54,,,1,76,,4210,54,,,1,34,,4211,54,,,1,76,,4212,54,,,1
5000,'3',649,,4213,54,,,1,88,,4214,54,,,1,88,,4215,54,,,1,88,,4216,54,,,1,88,,4217,54,,,1,48,,4218,54,,,1,91,,4219,54,,,1,90,,4220,54,,,1,92,,4221,54,,,1,90,,4222,54,,,1,90,,4223,54,,,1,49,,4224,54,,,1,90,,4225,54,,,1,87,,4226,54,,,1,87,,4227,54,,,1,87,,4228,54,,,1,47,,4229,54,,,1,84,,4230,54,,,1,82,,4231,54,,,1,43,,4232,54,,,1,83,,4233,54,,,1,83,,4234,54,,,1
5000,'80',649,,4235,54,,,1,88,,4236,54,,,1,88,,4237,54,,,1,88,,4238,54,,,1,88,,4239,54,,,1,48,,4240,54,,,1,91,,4241,54,,,1,90,,4242,54,,,1,92,,4243,54,,,1,90,,4244,54,,,1,90,,4245,54,,,1,49,,4246,54,,,1,90,,4247,54,,,1,87,,4248,54,,,1,87,,4249,54,,,1,87,,4250,54,,,1,47,,4251,54,,,1,84,,4252,54,,,1,82,,4253,54,,,1,43,,4254,54,,,1,83,,4255,54,,,1,83,,4256,54,,,1
5000,'81',649,,4257,54,,,1,88,,4258,54,,,1,88,,4259,54,,,1,88,,4260,54,,,1,88,,4261,54,,,1,48,,4262,54,,,1,91,,4263,54,,,1,90,,4264,54,,,1,92,,4265,54,,,1,90,,4266,54,,,1,90,,4267,54,,,1,49,,4268,54,,,1,90,,4269,54,,,1,87,,4270,54,,,1,87,,4271,54,,,1,87,,4272,54,,,1,47,,4273,54,,,1,84,,4274,54,,,1,82,,4275,54,,,1,43,,4276,54,,,1,83,,4277,54,,,1,83,,4278,54,,,1
5001,'1',433,,4279,57,,,1,83,,4280,57,,,1,41,,4281,57,,,1,78,,4282,57,,,1,69,,4283,57,,,1,27,,4284,57,,,1,73,,4285,57,,,1,21,,4286,57,,,1,31,,4287,57,,,1,65,,4288,57,,,1,23,,4289,57,,,1,69,,4290,57,,,1,30,,4291,57,,,1,70,,4292,57,,,1,28,,4293,57,,,1,70,,4294,57,,,1,32,,4295,57,,,1,67,,4296,57,,,1,32,,4297,57,,,1,70,,4298,57,,,1,30,,4299,57,,,1,71,,4300,57,,,1,25,,4301,57,,,1,72,,4302,57,,,1,29,,4303,57,,,1,62,,4304,57,,,1,27,,4305,57,,,1,28,,4306,57,,,1,68,,4307,57,,,1,28,,4308,57,,,1,64,,4309,57,,,1,38,,4310,57,,,1,77,,4311,57,,,1,77,,4312,57,,,1,36,,4313,57,,,1,77,,4314,57,,,1,37,,4315,57,,,1
5001,'2',655,,4339,57,,,1,77,,4332,57,,,1,77,,4316,57,,,1,37,,4317,57,,,1,77,,4318,57,,,1,81,,4331,57,,,1,40,,4330,57,,,1,80,,4319,57,,,1,80,,4320,57,,,1,40,,4321,57,,,1,80,,4322,57,,,1,78,,4323,57,,,1,40,,4324,57,,,1,80,,4325,57,,,1,80,,4326,57,,,1,39,,4327,57,,,1,80,,4328,57,,,1,80,,4329,57,,,1,37,,4338,57,,,1,76,,4337,57,,,1,36,,4333,57,,,1,76,,4334,57,,,1,76,,4335,57,,,1,33,,4336,57,,,1,76,,4340,57,,,1,36,,4341,57,,,1,76,,4342,57,,,1
5001,'3',720,,4347,57,,,1,88,,4343,57,,,1,48,,4344,57,,,1,89,,4345,57,,,1,88,,4346,57,,,1,92,,4354,57,,,1,90,,4353,57,,,1,91,,4348,57,,,1,50,,4349,57,,,1,90,,4350,57,,,1,90,,4351,57,,,1,92,,4352,57,,,1,84,,4359,57,,,1,47,,4358,57,,,1,86,,4355,57,,,1,87,,4356,57,,,1,86,,4357,57,,,1,84,,4363,57,,,1,44,,4362,57,,,1,82,,4360,57,,,1,83,,4361,57,,,1
5001,'80',720,,4368,57,,,1,88,,4364,57,,,1,48,,4365,57,,,1,89,,4366,57,,,1,88,,4367,57,,,1,92,,4375,57,,,1,90,,4374,57,,,1,91,,4369,57,,,1,50,,4370,57,,,1,90,,4371,57,,,1,90,,4372,57,,,1,92,,4373,57,,,1,84,,4380,57,,,1,47,,4379,57,,,1,86,,4376,57,,,1,87,,4377,57,,,1,86,,4378,57,,,1,84,,4384,57,,,1,44,,4383,57,,,1,82,,4381,57,,,1,83,,4382,57,,,1
5001,'81',720,,4389,57,,,1,88,,4385,57,,,1,48,,4386,57,,,1,89,,4387,57,,,1,88,,4388,57,,,1,92,,4396,57,,,1,90,,4395,57,,,1,91,,4390,57,,,1,50,,4391,57,,,1,90,,4392,57,,,1,90,,4393,57,,,1,92,,4394,57,,,1,84,,4401,57,,,1,47,,4400,57,,,1,86,,4397,57,,,1,87,,4398,57,,,1,86,,4399,57,,,1,84,,4405,57,,,1,44,,4404,57,,,1,82,,4402,57,,,1,83,,4403,57,,,1
