5000,'152.0.1',537,,4159,,,1,72,,4158,,,1,27,,4157,,,1,69,,4156,,,1,25,,4155,,,1,29,,4154,,,1,67,,4150,,,1,26,,4151,,,1,67,,4152,,,1,28,,4153,,,1,82,,4168,,,1,71,,4167,,,1,29,,4166,,,1,72,,4160,,,1,30,,4161,,,1,28,,4162,,,1,69,,4163,,,1,72,,4164,,,1,27,,4165,,,1,18,,4179,,,1,69,,4178,,,1,28,,4177,,,1,60,,4176,,,1,36,,4169,,,1,68,,4170,,,1,28,,4171,,,1,68,,4172,,,1,24,,4173,,,1,77,,4174,,,1,19,,4175,,,1,25,,4185,,,1,77,,4184,,,1,77,,4180,,,1,37,,4181,,,1,77,,4182,,,1,37,,4183,,,1
5000,'152.0.2',609,,4186,,,1,37,,4187,,,1,78,,4188,,,1,77,,4189,,,1,37,,4190,,,1,80,,4191,,,1,40,,4192,,,1,80,,4193,,,1,80,,4194,,,1,40,,4195,,,1,81,,4196,,,1,80,,4197,,,1,40,,4198,,,1,80,,4199,,,1,80,,4200,,,1,40,,4201,,,1,77,,4202,,,1,82,,4203,,,1,36,,4204,,,1,76,,4205,,,1,76,,4206,,,1,36,,4207,,,1,76,,4208,,,1,36,,4209,,,1,76,,4210,,,1,75,,4211,,,1,36,,4212,,,1
5000,'152.0.3',609,,4213,,,1,48,,4214,,,1,88,,4215,,,1,88,,4216,,,1,88,,4217,,,1,88,,4218,,,1,91,,4219,,,1,50,,4220,,,1,90,,4221,,,1,90,,4222,,,1,90,,4223,,,1,90,,4224,,,1,90,,4225,,,1,47,,4226,,,1,87,,4227,,,1,87,,4228,,,1,87,,4229,,,1,44,,4230,,,1,84,,4231,,,1,83,,4232,,,1,83,,4233,,,1,43,,4234,,,1
5000,'152.0.80',609,,4235,,,1,48,,4236,,,1,88,,4237,,,1,88,,4238,,,1,88,,4239,,,1,88,,4240,,,1,91,,4241,,,1,50,,4242,,,1,90,,4243,,,1,90,,4244,,,1,90,,4245,,,1,90,,4246,,,1,90,,4247,,,1,47,,4248,,,1,87,,4249,,,1,87,,4250,,,1,87,,4251,,,1,44,,4252,,,1,84,,4253,,,1,83,,4254,,,1,83,,4255,,,1,43,,4256,,,1
5000,'152.0.81',609,,4257,,,1,48,,4258,,,1,88,,4259,,,1,88,,4260,,,1,88,,4261,,,1,88,,4262,,,1,91,,4263,,,1,50,,4264,,,1,90,,4265,,,1,90,,4266,,,1,90,,4267,,,1,90,,4268,,,1,90,,4269,,,1,47,,4270,,,1,87,,4271,,,1,87,,4272,,,1,87,,4273,,,1,44,,4274,,,1,84,,4275,,,1,83,,4276,,,1,83,,4277,,,1,43,,4278,,,1
60700,'152.0.1',413,,10887,,,1,12,,10888,,,1,12,,10889,,,1,12,,10890,,,1,52,,10891,,,1,12,,10892,,,1,12,,10893,,,1,13,,10894,,,1,12,,10895,,,1,52,,10896,,,1,12,,10897,,,1,12,,10898,,,1,12,,10899,,,1,12,,10900,,,1,52,,10901,,,1,12,,10902,,,1,12,,10903,,,1,12,,10904,,,1,12,,10905,,,1,52,,10906,,,1,13,,10907,,,1,13,,10908,,,1,13,,10909,,,1,13,,10910,,,1,53,,10911,,,1,13,,10912,,,1,13,,10913,,,1,13,,10914,,,1,13,,10915,,,1,53,,10916,,,1,13,,10917,,,1,13,,10918,,,1,13,,10919,,,1,53,,10920,,,1,13,,10921,,,1,13,,10922,,,1,13,,10923,,,1,13,,10924,,,1,53,,10925,,,1,13,,10926,,,1,13,,10927,,,1,13,,10928,,,1,53,,10929,,,1,13,,10930,,,1,13,,10931,,,1,13,,10932,,,1,13,,10933,,,1,53,,10934,,,1,13,,10935,,,1,15,,10936,,,1,14,,10937,,,1,54,,10938,,,1,14,,10939,,,1,14,,10940,,,1,14,,10941,,,1,14,,10942,,,1,54,,10943,,,1,14,,10944,,,1,14,,10945,,,1,14,,10946,,,1,54,,10947,,,1,14,,10948,,,1,14,,10949,,,1,14,,10950,,,1,52,,10951,,,1,14,,10952,,,1,14,,10953,,,1,14,,10954,,,1,14,,10955,,,1,54,,10956,,,1,14,,10957,,,1,14,,10958,,,1,13,,10959,,,1,54,,10960,,,1,20,,10961,,,1,17,,10962,,,1,57,,10963,,,1,17,,10964,,,1,17,,10965,,,1,17,,10966,,,1,57,,10967,,,1,17,,10968,,,1,17,,10969,,,1,57,,10970,,,1,17,,10971,,,1
60700,'152.0.2',524,,10972,,,1,18,,10973,,,1,58,,10974,,,1,18,,10975,,,1,18,,10976,,,1,18,,10977,,,1,58,,10978,,,1,18,,10979,,,1,19,,10980,,,1,58,,10981,,,1,18,,10982,,,1,18,,10983,,,1,58,,10984,,,1,18,,10985,,,1,21,,10986,,,1,60,,10987,,,1,20,,10988,,,1,20,,10989,,,1,60,,10990,,,1,20,,10991,,,1,20,,10992,,,1,60,,10993,,,1,20,,10994,,,1,21,,10995,,,1,60,,10996,,,1,20,,10997,,,1,20,,10998,,,1,60,,10999,,,1,20,,11000,,,1,20,,11001,,,1,60,,11002,,,1,20,,11003,,,1,20,,11004,,,1,60,,11005,,,1,20,,11006,,,1,20,,11007,,,1,59,,11008,,,1,20,,11009,,,1,20,,11010,,,1,60,,11011,,,1,20,,11012,,,1,20,,11013,,,1,60,,11014,,,1,20,,11015,,,1,20,,11016,,,1,19,,11017,,,1,60,,11018,,,1,20,,11019,,,1,20,,11020,,,1,60,,11021,,,1,20,,11022,,,1,20,,11023,,,1,74,,11024,,,1,74,,11025,,,1
60700,'152.0.3',638,,11026,,,1,17,,11027,,,1,57,,11028,,,1,18,,11029,,,1,17,,11030,,,1,57,,11031,,,1,17,,11032,,,1,17,,11033,,,1,17,,11034,,,1,57,,11035,,,1,17,,11036,,,1,17,,11037,,,1,57,,11038,,,1,17,,11039,,,1,17,,11040,,,1,17,,11041,,,1,57,,11042,,,1,19,,11043,,,1,19,,11044,,,1,60,,11045,,,1,19,,11046,,,1,19,,11047,,,1,59,,11048,,,1,19,,11049,,,1,19,,11050,,,1,59,,11051,,,1,19,,11052,,,1,19,,11053,,,1,59,,11054,,,1,19,,11055,,,1,19,,11056,,,1,19,,11057,,,1,59,,11058,,,1,19,,11059,,,1,19,,11060,,,1,59,,11061,,,1,18,,11062,,,1,19,,11063,,,1,59,,11064,,,1,19,,11065,,,1,19,,11066,,,1,59,,11067,,,1,19,,11068,,,1,19,,11069,,,1,59,,11070,,,1,19,,11071,,,1,19,,11072,,,1,59,,11073,,,1,19,,11074,,,1,19,,11075,,,1,74,,11076,,,1,34,,11077,,,1
60700,'152.0.80',638,,11078,,,1,17,,11079,,,1,57,,11080,,,1,18,,11081,,,1,17,,11082,,,1,57,,11083,,,1,17,,11084,,,1,17,,11085,,,1,17,,11086,,,1,57,,11087,,,1,17,,11088,,,1,17,,11089,,,1,57,,11090,,,1,17,,11091,,,1,17,,11092,,,1,17,,11093,,,1,57,,11094,,,1,19,,11095,,,1,19,,11096,,,1,60,,11097,,,1,19,,11098,,,1,19,,11099,,,1,59,,11100,,,1,19,,11101,,,1,19,,11102,,,1,59,,11103,,,1,19,,11104,,,1,19,,11105,,,1,59,,11106,,,1,19,,11107,,,1,19,,11108,,,1,19,,11109,,,1,59,,11110,,,1,19,,11111,,,1,19,,11112,,,1,59,,11113,,,1,18,,11114,,,1,19,,11115,,,1,59,,11116,,,1,19,,11117,,,1,19,,11118,,,1,59,,11119,,,1,19,,11120,,,1,19,,11121,,,1,59,,11122,,,1,19,,11123,,,1,19,,11124,,,1,59,,11125,,,1,19,,11126,,,1,19,,11127,,,1,74,,11128,,,1,34,,11129,,,1
60700,'152.0.81',638,,11130,,,1,17,,11131,,,1,57,,11132,,,1,18,,11133,,,1,17,,11134,,,1,57,,11135,,,1,17,,11136,,,1,17,,11137,,,1,17,,11138,,,1,57,,11139,,,1,17,,11140,,,1,17,,11141,,,1,57,,11142,,,1,17,,11143,,,1,17,,11144,,,1,17,,11145,,,1,57,,11146,,,1,19,,11147,,,1,19,,11148,,,1,60,,11149,,,1,19,,11150,,,1,19,,11151,,,1,59,,11152,,,1,19,,11153,,,1,19,,11154,,,1,59,,11155,,,1,19,,11156,,,1,19,,11157,,,1,59,,11158,,,1,19,,11159,,,1,19,,11160,,,1,19,,11161,,,1,59,,11162,,,1,19,,11163,,,1,19,,11164,,,1,59,,11165,,,1,18,,11166,,,1,19,,11167,,,1,59,,11168,,,1,19,,11169,,,1,19,,11170,,,1,59,,11171,,,1,19,,11172,,,1,19,,11173,,,1,59,,11174,,,1,19,,11175,,,1,19,,11176,,,1,59,,11177,,,1,19,,11178,,,1,19,,11179,,,1,74,,11180,,,1,34,,11181,,,1
