300,'1',1022,,24142,5,4,,1,1187,,24143,5,4,,1
300,'2',2245,,24144,5,4,,1
300,'3',2223,,24159,5,4,,1
300,'74',2245,,24173,5,4,,1
300,'80',2223,,24188,5,4,,1
301,'1',517,,24203,7,,,1,32,,24204,7,,,1,72,,24205,7,,,1,32,,24206,7,,,1,72,,24207,7,,,1,33,,24208,7,,,1,72,,24209,7,,,1,72,,24210,7,,,1,32,,24202,7,,,1,77,,24226,7,,,1,46,,24211,7,,,1,86,,24212,7,,,1,86,,24213,7,,,1,86,,24214,7,,,1,86,,24215,7,,,1,46,,24216,7,,,1,67,,24217,7,,,1,32,,24218,7,,,1,72,,24219,7,,,1,32,,24220,7,,,1,72,,24221,7,,,1,32,,24222,7,,,1,71,,24223,7,,,1,32,,24224,7,,,1,66,,24225,7,,,1,29,,24231,7,,,1,66,,24228,7,,,1,83,,24229,7,,,1,40,,24230,7,0,25 26,1
301,'2',755,,24234,7,,,1,103,,24233,7,,,1,143,,24238,7,,,1,105,,24235,7,,,1,105,,24236,7,,,1,105,,24237,7,,,1,105,,24239,7,,,1,106,,24240,7,,,1,106,,24241,7,,,1,106,,24242,7,,,1,106,,24243,7,,,1,102,,24244,7,,,1,102,,24245,7,,,1,102,,24232,7,0,25 26,1
301,'3',915,,24253,7,,,1,102,,24252,7,,,1,102,,24251,7,,,1,102,,24250,7,,,1,102,,24249,7,,,1,102,,24248,7,,,1,102,,24247,7,,,1,102,,24246,7,,,1,102,,24258,7,,,1,102,,24257,7,,,1,102,,24256,7,,,1,98,,24255,7,,,1,97,,24254,7,0,25 26,1
301,'74',755,,24261,7,,,1,103,,24260,7,,,1,143,,24265,7,,,1,105,,24262,7,,,1,105,,24263,7,,,1,105,,24264,7,,,1,105,,24266,7,,,1,106,,24267,7,,,1,106,,24268,7,,,1,106,,24269,7,,,1,106,,24270,7,,,1,102,,24271,7,,,1,102,,24272,7,,,1,102,,24259,7,0,25 26,1
301,'80',915,,24276,7,,,1,102,,24275,7,,,1,102,,24274,7,,,1,102,,24273,7,,,1,102,,24280,7,,,1,102,,24279,7,,,1,102,,24278,7,,,1,102,,24277,7,,,1,102,,24285,7,,,1,102,,24284,7,,,1,102,,24283,7,,,1,98,,24282,7,,,1,97,,24281,7,0,25 26,1
