600,'1',422,,24934,10,,,1,30,,24935,10,,,1,62,,24936,10,,,1,22,,24937,10,,,1,22,,24938,10,,,1,62,,24939,10,,,1,22,,24940,10,,,1,68,,24941,10,,,1,23,,24942,10,,,1,71,,24943,10,,,1,26,,24944,10,,,1,27,,24945,10,,,1,67,,24946,10,,,1,76,,24947,10,,,1,36,,24948,10,,,1,76,,24949,10,,,1,36,,24950,10,,,1,76,,24951,10,,,1,76,,24952,10,,,1,36,,24953,10,,,1,67,,24954,10,,,1,27,,24955,10,,,1,28,,24956,10,,,1,67,,24957,10,,,1,27,,24958,10,,,1,67,,24959,10,,,1,27,,24960,10,,,1,67,,24961,10,,,1,27,,24962,10,,,1,67,,24963,10,,,1,27,,24964,10,,,1,67,,24965,10,,,1,26,,24966,10,,,1,74,,24967,10,,,1,34,,24968,10,,,1,74,,24969,10,,,1,34,,24970,10,,,1,103,,24971,10,,,1,103,,24972,10,,,1,103,,24973,10,,,1
600,'2',547,,24974,10,,,1,70,,24975,10,,,1,26,,24976,10,,,1,70,,24977,10,,,1,33,,24978,10,,,1,82,,24979,10,,,1,75,,24980,10,,,1,32,,24981,10,,,1,72,,24982,10,,,1,32,,24983,10,,,1,72,,24984,10,,,1,32,,24985,10,,,1,72,,24986,10,,,1,32,,24987,10,,,1,72,,24988,10,,,1,32,,24989,10,,,1,78,,24990,10,,,1,77,,24991,10,,,1,36,,24992,10,,,1,78,,24993,10,,,1,36,,24994,10,,,1,78,,24995,10,,,1,75,,24996,10,,,1,35,,24997,10,,,1,71,,24998,10,,,1,33,,24999,10,,,1,99,,25000,10,,,1,95,,25001,10,,,1,95,,25002,10,,,1,95,,25003,10,,,1
600,'3',602,,25004,10,,,1,27,,25005,10,,,1,29,,25006,10,,,1,74,,25007,10,,,1,69,,25008,10,,,1,42,,25009,10,,,1,75,,25010,10,,,1,32,,25011,10,,,1,72,,25012,10,,,1,32,,25013,10,,,1,72,,25014,10,,,1,32,,25015,10,,,1,72,,25016,10,,,1,72,,25017,10,,,1,32,,25018,10,,,1,73,,25019,10,,,1,39,,25020,10,,,1,75,,25021,10,,,1,37,,25022,10,,,1,77,,25023,10,,,1,77,,25024,10,,,1,37,,25025,10,,,1,73,,25026,10,,,1,37,,25027,10,,,1,71,,25028,10,,,1,100,,25029,10,,,1,97,,25030,10,,,1,98,,25031,10,,,1,98,,25032,10,,,1
600,'74',547,,25033,10,,,1,70,,25034,10,,,1,26,,25035,10,,,1,70,,25036,10,,,1,33,,25037,10,,,1,82,,25038,10,,,1,75,,25039,10,,,1,32,,25040,10,,,1,72,,25041,10,,,1,32,,25042,10,,,1,72,,25043,10,,,1,32,,25044,10,,,1,72,,25045,10,,,1,32,,25046,10,,,1,72,,25047,10,,,1,32,,25048,10,,,1,78,,25049,10,,,1,77,,25050,10,,,1,36,,25051,10,,,1,78,,25052,10,,,1,36,,25053,10,,,1,78,,25054,10,,,1,75,,25055,10,,,1,35,,25056,10,,,1,71,,25057,10,,,1,33,,25058,10,,,1,99,,25059,10,,,1,95,,25060,10,,,1,95,,25061,10,,,1,95,,25062,10,,,1
600,'80',602,,25063,10,,,1,27,,25064,10,,,1,29,,25065,10,,,1,74,,25066,10,,,1,69,,25067,10,,,1,42,,25068,10,,,1,75,,25069,10,,,1,32,,25070,10,,,1,72,,25071,10,,,1,32,,25072,10,,,1,72,,25073,10,,,1,32,,25074,10,,,1,72,,25075,10,,,1,72,,25076,10,,,1,32,,25077,10,,,1,73,,25078,10,,,1,39,,25079,10,,,1,75,,25080,10,,,1,37,,25081,10,,,1,77,,25082,10,,,1,77,,25083,10,,,1,37,,25084,10,,,1,73,,25085,10,,,1,37,,25086,10,,,1,71,,25087,10,,,1,100,,25088,10,,,1,97,,25089,10,,,1,98,,25090,10,,,1,98,,25091,10,,,1
601,'1',2209,,25124,21,4,,1,347,,25129,21,4,,1
601,'2',2012,,25153,21,4,,1,413,,25159,21,4,,1
601,'3',2000,,25183,21,4,,1,419,,25189,21,4,,1
601,'74',2012,,25213,21,4,,1,413,,25219,21,4,,1
601,'80',2000,,25243,21,4,,1,419,,25249,21,4,,1
36101,'1',602,,34011,10,,,1,24,,34012,10,,,1,32,,34013,10,,,1,63,,34014,10,,,1,26,,34015,10,,,1,66,,34016,10,,,1,25,,34017,10,,,1,20,,34018,10,,,1,66,,34019,10,,,1,580,,34020,10,,,1,25,,34021,10,,,1,25,,34022,10,,,1,67,,34023,10,,,1,24,,34024,10,,,1,69,,34025,10,,,1,23,,34026,10,,,1,65,,34027,10,,,1,23,,34028,10,,,1
