9900,'1',346,,31638,6,,,1,80,,31639,6,,,1,32,,31612,26,,,1,81,,31613,26,,,1,80,,31614,26,,,1,83,,31615,26,,,1,54,,31616,26,,,1,75,,31617,26,,,1,78,,31618,26,,,1,31,,31619,26,,,1,75,,31620,26,,,1,35,,31621,26,,,1,98,,31622,26,,,1,94,,31623,26,,,1,94,,31624,26,,,1,94,,31625,26,,,1,74,,31637,26,,,1,31,,31636,26,,,1,69,,31626,26,,,1,30,,31627,26,,,1,70,,31628,26,,,1,30,,31629,26,,,1,70,,31630,26,,,1,27,,31631,26,,,1,70,,31632,26,,,1,25,,31633,26,,,1,30,,31634,26,,,1,68,,31635,26,,,1
9900,'2',506,,31658,6,,,1,37,,31659,6,,,1,73,,31640,26,,,1,39,,31641,26,,,1,78,,31655,26,,,1,90,,31654,26,,,1,87,,31642,26,,,1,47,,31643,26,,,1,87,,31644,26,,,1,88,,31645,26,,,1,106,,31646,26,,,1,95,,31647,26,,,1,95,,31648,26,,,1,95,,31649,26,,,1,95,,31650,26,,,1,95,,31651,26,,,1,95,,31652,26,,,1,95,,31653,26,,,1,46,,31657,26,,,1,90,,31656,26,,,1
9900,'3',508,,31678,6,,,1,38,,31679,6,,,1,79,,31660,26,,,1,78,,31661,26,,,1,38,,31662,26,,,1,78,,31663,26,,,1,92,,31680,26,,,1,89,,31664,26,,,1,49,,31665,26,,,1,89,,31666,26,,,1,92,,31667,26,,,1,89,,31668,26,,,1,89,,31669,26,,,1,49,,31670,26,,,1,89,,31671,26,,,1,89,,31672,26,,,1,89,,31673,26,,,1,87,,31674,26,,,1,89,,31675,26,,,1,49,,31676,26,,,1,84,,31677,26,,,1
9900,'74',506,,31699,6,,,1,37,,31700,6,,,1,73,,31681,26,,,1,39,,31682,26,,,1,78,,31696,26,,,1,90,,31695,26,,,1,87,,31683,26,,,1,47,,31684,26,,,1,87,,31685,26,,,1,88,,31686,26,,,1,106,,31687,26,,,1,95,,31688,26,,,1,95,,31689,26,,,1,95,,31690,26,,,1,95,,31691,26,,,1,95,,31692,26,,,1,95,,31693,26,,,1,95,,31694,26,,,1,46,,31698,26,,,1,90,,31697,26,,,1
9900,'80',508,,31719,6,,,1,38,,31720,6,,,1,79,,31701,26,,,1,78,,31702,26,,,1,38,,31703,26,,,1,78,,31704,26,,,1,92,,31721,26,,,1,89,,31705,26,,,1,49,,31706,26,,,1,89,,31707,26,,,1,92,,31708,26,,,1,89,,31709,26,,,1,89,,31710,26,,,1,49,,31711,26,,,1,89,,31712,26,,,1,89,,31713,26,,,1,89,,31714,26,,,1,87,,31715,26,,,1,89,,31716,26,,,1,49,,31717,26,,,1,84,,31718,26,,,1
989900,'1',2056,,36830,26,,,1,76,,36831,26,,,1,78,,36832,26,,,1,38,,36833,26,,,1,75,,36834,26,,,1,33,,36835,26,,,1,75,,36836,26,,,1,75,,36837,26,,,1,35,,36838,26,0,5 6,1,75,,36839,26,0,5 6,1,41,,36840,26,0,5 6,1
989900,'2',2059,,36841,26,,,1,94,,36842,26,,,1,90,,36843,26,,,1,93,,36844,26,,,1,86,,36845,26,,,1,86,,36846,26,,,1,45,,36847,26,0,5 6,1,86,,36848,26,0,5 6,1,86,,36849,26,0,5 6,1
989900,'3',2116,,36850,26,,,1,90,,36851,26,,,1,48,,36852,26,,,1,90,,36853,26,,,1,82,,36854,26,,,1,83,,36855,26,,,1,40,,36856,26,0,5 6,1,83,,36857,26,0,5 6,1,83,,36858,26,0,5 6,1
989900,'74',2059,,36859,26,,,1,94,,36860,26,,,1,90,,36861,26,,,1,93,,36862,26,,,1,86,,36863,26,,,1,86,,36864,26,,,1,45,,36865,26,0,5 6,1,86,,36866,26,0,5 6,1,86,,36867,26,0,5 6,1
989900,'80',2116,,36868,26,,,1,90,,36869,26,,,1,48,,36870,26,,,1,90,,36871,26,,,1,82,,36872,26,,,1,83,,36873,26,,,1,40,,36874,26,0,5 6,1,83,,36875,26,0,5 6,1,83,,36876,26,0,5 6,1
