5200,'1',702,,28575,2,,,1,100,,28578,2,,,1,104,,28577,4,,,1,500,,28583,4,,,1,100,,28582,4,,,1,100,,28581,4,,,1,100,,28580,4,,,1,100,,28579,4,,,1
9800,'1',642,,31445,52,,,1,75,,31444,52,,,1,35,,31443,52,,,1,75,,31442,52,,,1,75,,31441,52,,,1,35,,31440,52,,,1,98,,31436,52,,,1,98,,31433,52,,,1,96,,31438,52,,,1,98,,31437,52,,,1,80,,31425,52,,,1,40,,31435,52,,,1,80,,31434,52,,,1,80,,31432,52,,,1,40,,31431,52,,,1,80,,31430,52,,,1,82,,31429,52,,,1,40,,31428,52,,,1,91,,31427,52,,,1,91,,31426,52,,,1,88,,31439,52,,,1
9800,'2',640,,31463,52,,,1,86,,31462,52,,,1,85,,31461,52,,,1,94,,31460,52,,,1,54,,31459,52,,,1,92,,31458,52,,,1,94,,31457,52,,,1,98,,31456,52,,,1,98,,31455,52,,,1,98,,31454,52,,,1,98,,31453,52,,,1,98,,31452,52,,,1,98,,31451,52,,,1,100,,31450,52,,,1,89,,31449,52,,,1,90,,31448,52,,,1,89,,31447,52,,,1,45,,31446,52,,,1
9800,'3',824,,31479,52,,,1,88,,31478,52,,,1,88,,31477,52,,,1,53,,31476,52,,,1,93,,31475,52,,,1,92,,31474,52,,,1,93,,31473,52,,,1,93,,31472,52,,,1,93,,31471,52,,,1,93,,31470,52,,,1,93,,31469,52,,,1,54,,31468,52,,,1,88,,31467,52,,,1,90,,31466,52,,,1,87,,31465,52,,,1,88,,31464,52,,,1
9800,'74',640,,31497,52,,,1,86,,31496,52,,,1,85,,31495,52,,,1,94,,31494,52,,,1,54,,31493,52,,,1,92,,31492,52,,,1,94,,31491,52,,,1,98,,31490,52,,,1,98,,31489,52,,,1,98,,31488,52,,,1,98,,31487,52,,,1,98,,31486,52,,,1,98,,31485,52,,,1,100,,31484,52,,,1,89,,31483,52,,,1,90,,31482,52,,,1,89,,31481,52,,,1,45,,31480,52,,,1
9800,'80',824,,31513,52,,,1,88,,31512,52,,,1,88,,31511,52,,,1,53,,31510,52,,,1,93,,31509,52,,,1,92,,31508,52,,,1,93,,31507,52,,,1,93,,31506,52,,,1,93,,31505,52,,,1,93,,31504,52,,,1,93,,31503,52,,,1,54,,31502,52,,,1,88,,31501,52,,,1,90,,31500,52,,,1,87,,31499,52,,,1,88,,31498,52,,,1
989900,'1',2142,,36830,95,,,1,73,,36831,95,,,1,38,,36832,95,,,1,78,,36833,95,,,1,75,,36834,95,,,1,32,,36835,95,,,1,75,,36836,95,,,1,35,,36837,95,,,1
989900,'2',2147,,36841,95,,,1,94,,36842,95,,,1,85,,36843,95,,,1,91,,36844,95,,,1,86,,36845,95,,,1,46,,36846,95,,,1
989900,'3',2201,,36850,95,,,1,50,,36851,95,,,1,84,,36852,95,,,1,90,,36853,95,,,1,79,,36854,95,,,1,43,,36855,95,,,1
989900,'74',2147,,36859,95,,,1,94,,36860,95,,,1,85,,36861,95,,,1,91,,36862,95,,,1,86,,36863,95,,,1,46,,36864,95,,,1
989900,'80',2201,,36868,95,,,1,50,,36869,95,,,1,84,,36870,95,,,1,90,,36871,95,,,1,79,,36872,95,,,1,43,,36873,95,,,1
