300,'1',452,,442,27,0,21 22 23 3 24,1,71,,443,27,0,21 22 23 3 24,1,86,,418,45,0,21 22 23 3 24,1,32,,419,45,0,21 22 23 3 24,1,74,,420,45,0,21 22 23 3 24,1,36,,421,45,0,21 22 23 3 24,1,72,,422,45,0,21 22 23 3 24,1,77,,423,45,0,21 22 23 3 24,1,26,,424,45,0,21 22 23 3 24,1,32,,425,45,0,21 22 23 3 24,1,67,,426,45,0,21 22 23 3 24,1,88,,427,45,0,21 22 23 3 24,1,46,,428,45,0,21 22 23 3 24,1,86,,429,45,0,21 22 23 3 24,1,86,,430,45,0,21 22 23 3 24,1,86,,431,45,0,21 22 23 3 24,1,88,,432,45,0,21 22 23 3 24,1,38,,433,45,0,21 22 23 3 24,1,72,,434,45,0,21 22 23 3 24,1,32,,435,45,0,21 22 23 3 24,1,72,,436,45,0,21 22 23 3 24,1,32,,437,45,0,21 22 23 3 24,1,72,,438,45,0,21 22 23 3 24,1,28,,439,45,0,21 22 23 3 24,1,72,,440,45,0,21 22 23 3 24,1,28,,441,45,0,21 22 23 3 24,1,72,,444,45,0,21 22 23 3 24,1,83,,445,45,0,21 22 23 3 24,1,41,,446,45,0,21 22 23 3 24,1
300,'2',832,,452,10,0,21 22 23 3 24,1,100,,451,45,0,21 22 23 3 24,1,105,,453,45,0,21 22 23 3 24,1,105,,454,45,0,21 22 23 3 24,1,105,,455,45,0,21 22 23 3 24,1,105,,456,45,0,21 22 23 3 24,1,107,,457,45,0,21 22 23 3 24,1,145,,458,45,0,21 22 23 3 24,1,106,,459,45,0,21 22 23 3 24,1,106,,460,45,0,21 22 23 3 24,1,103,,461,45,0,21 22 23 3 24,1,102,,462,45,0,21 22 23 3 24,1,99,,463,45,0,21 22 23 3 24,1,102,,450,45,0,21 22 23 3 24,1
300,'3',950,,465,10,0,21 22 23 3 24,1,100,,477,45,0,21 22 23 3 24,1,104,,476,45,0,21 22 23 3 24,1,102,,475,45,0,21 22 23 3 24,1,102,,474,45,0,21 22 23 3 24,1,99,,473,45,0,21 22 23 3 24,1,102,,472,45,0,21 22 23 3 24,1,142,,471,45,0,21 22 23 3 24,1,102,,470,45,0,21 22 23 3 24,1,102,,469,45,0,21 22 23 3 24,1,100,,468,45,0,21 22 23 3 24,1,99,,467,45,0,21 22 23 3 24,1,98,,466,45,0,21 22 23 3 24,1
300,'80',950,,479,10,0,21 22 23 3 24,1,100,,491,45,0,21 22 23 3 24,1,104,,490,45,0,21 22 23 3 24,1,102,,489,45,0,21 22 23 3 24,1,102,,488,45,0,21 22 23 3 24,1,99,,487,45,0,21 22 23 3 24,1,102,,486,45,0,21 22 23 3 24,1,142,,485,45,0,21 22 23 3 24,1,102,,484,45,0,21 22 23 3 24,1,102,,483,45,0,21 22 23 3 24,1,100,,482,45,0,21 22 23 3 24,1,99,,481,45,0,21 22 23 3 24,1,98,,480,45,0,21 22 23 3 24,1
300,'81',950,,493,10,0,21 22 23 3 24,1,100,,505,45,0,21 22 23 3 24,1,104,,504,45,0,21 22 23 3 24,1,102,,503,45,0,21 22 23 3 24,1,102,,502,45,0,21 22 23 3 24,1,99,,501,45,0,21 22 23 3 24,1,102,,500,45,0,21 22 23 3 24,1,142,,499,45,0,21 22 23 3 24,1,102,,498,45,0,21 22 23 3 24,1,102,,497,45,0,21 22 23 3 24,1,100,,496,45,0,21 22 23 3 24,1,99,,495,45,0,21 22 23 3 24,1,98,,494,45,0,21 22 23 3 24,1
301,'1',534,,507,31,,,1,72,,508,31,,,1,34,,509,31,,,1,73,,510,31,,,1,32,,511,31,,,1,77,,512,31,,,1,32,,513,31,,,1,67,,514,31,,,1,32,,506,31,,,1,77,,530,31,,,1,86,,515,31,,,1,86,,516,31,,,1,46,,517,31,,,1,86,,518,31,,,1,86,,519,31,,,1,89,,520,31,,,1,27,,521,31,,,1,72,,522,31,,,1,32,,523,31,,,1,72,,524,31,,,1,32,,525,31,,,1,72,,526,31,,,1,28,,527,31,,,1,72,,528,31,,,1,26,,529,31,,,1,69,,535,31,,,1,26,,532,31,,,1,83,,533,31,,,1,39,,534,31,0,25 26,1
301,'2',813,,538,31,,,1,103,,537,31,,,1,104,,542,31,,,1,105,,539,31,,,1,105,,540,31,,,1,105,,541,31,,,1,105,,543,31,,,1,106,,544,31,,,1,106,,545,31,,,1,106,,546,31,,,1,145,,547,31,,,1,102,,548,31,,,1,102,,549,31,,,1,102,,536,31,0,25 26,1
301,'3',933,,557,31,,,1,102,,556,31,,,1,102,,555,31,,,1,102,,554,31,,,1,102,,553,31,,,1,102,,552,31,,,1,102,,551,31,,,1,102,,550,31,,,1,102,,562,31,,,1,102,,561,31,,,1,100,,560,31,,,1,98,,559,31,,,1,96,,558,31,0,25 26,1
301,'80',933,,570,31,,,1,102,,569,31,,,1,102,,568,31,,,1,102,,567,31,,,1,102,,566,31,,,1,102,,565,31,,,1,102,,564,31,,,1,102,,563,31,,,1,102,,573,31,,,1,102,,572,31,,,1,100,,571,31,,,1,98,,575,31,,,1,96,,574,31,0,25 26,1
301,'81',933,,583,31,,,1,102,,582,31,,,1,102,,581,31,,,1,102,,580,31,,,1,102,,579,31,,,1,102,,578,31,,,1,102,,577,31,,,1,102,,576,31,,,1,102,,588,31,,,1,102,,587,31,,,1,100,,586,31,,,1,98,,585,31,,,1,96,,584,31,0,25 26,1
