60301,'152.0.1',440,,10157,,,1,60,,10158,,,1,20,,10159,,,1,20,,10160,,,1,18,,10161,,,1,47,,10162,,,1,20,,10163,,,1,17,,10164,,,1,58,,10165,,,1,18,,10166,,,1,21,,10167,,,1,18,,10168,,,1,60,,10169,,,1,24,,10170,,,1,18,,10171,,,1,58,,10172,,,1,13,,10173,,,1,19,,10174,,,1,62,,10175,,,1,22,,10176,,,1,22,,10177,,,1,65,,10178,,,1,22,,10179,,,1,62,,10180,,,1,22,,10181,,,1,22,,10182,,,1,62,,10183,,,1,22,,10184,,,1,23,,10185,,,1,62,,10186,,,1,22,,10187,,,1,62,,10188,,,1,23,,10189,,,1,16,,10190,,,1,16,,10191,,,1,56,,10192,,,1,16,,10193,,,1,16,,10194,,,1,56,,10195,,,1,16,,10196,,,1,16,,10197,,,1,16,,10198,,,1,56,,10199,,,1,16,,10200,,,1,16,,10201,,,1,11,,10202,,,1,56,,10203,,,1,16,,10204,,,1,16,,10205,,,1,66,,10206,,,1,25,,10207,,,1,30,,10208,,,1,70,,10209,,,1,30,,10210,,,1,69,,10211,,,1,34,,10212,,,1,82,,10213,,,1,77,,10214,,,1
60301,'152.0.2',511,,10215,,,1,40,,10216,,,1,61,,10217,,,1,40,,10218,,,1,84,,10219,,,1,80,,10220,,,1,39,,10221,,,1,84,,10222,,,1,80,,10223,,,1,38,,10224,,,1,89,,10225,,,1,78,,10226,,,1,78,,10227,,,1,39,,10228,,,1,78,,10229,,,1,37,,10230,,,1,81,,10231,,,1,77,,10232,,,1,38,,10233,,,1,77,,10234,,,1,78,,10235,,,1,35,,10236,,,1,78,,10237,,,1,35,,10238,,,1,91,,10239,,,1,77,,10240,,,1,78,,10241,,,1,39,,10242,,,1,96,,10243,,,1,92,,10244,,,1,92,,10245,,,1
60301,'152.0.3',653,,10246,,,1,76,,10247,,,1,75,,10248,,,1,23,,10249,,,1,80,,10250,,,1,36,,10251,,,1,89,,10252,,,1,81,,10253,,,1,42,,10254,,,1,81,,10255,,,1,85,,10256,,,1,83,,10257,,,1,42,,10258,,,1,82,,10259,,,1,82,,10260,,,1,40,,10261,,,1,76,,10262,,,1,75,,10263,,,1,34,,10264,,,1,73,,10265,,,1,36,,10266,,,1,75,,10267,,,1,35,,10268,,,1,76,,10269,,,1,80,,10270,,,1,102,,10271,,,1,103,,10272,,,1,106,,10273,,,1
60301,'152.0.80',653,,10274,,,1,76,,10275,,,1,75,,10276,,,1,23,,10277,,,1,80,,10278,,,1,36,,10279,,,1,89,,10280,,,1,81,,10281,,,1,42,,10282,,,1,81,,10283,,,1,85,,10284,,,1,83,,10285,,,1,42,,10286,,,1,82,,10287,,,1,82,,10288,,,1,40,,10289,,,1,76,,10290,,,1,75,,10291,,,1,34,,10292,,,1,73,,10293,,,1,36,,10294,,,1,75,,10295,,,1,35,,10296,,,1,76,,10297,,,1,80,,10298,,,1,102,,10299,,,1,103,,10300,,,1,106,,10301,,,1
60301,'152.0.81',653,,10302,,,1,76,,10303,,,1,75,,10304,,,1,23,,10305,,,1,80,,10306,,,1,36,,10307,,,1,89,,10308,,,1,81,,10309,,,1,42,,10310,,,1,81,,10311,,,1,85,,10312,,,1,83,,10313,,,1,42,,10314,,,1,82,,10315,,,1,82,,10316,,,1,40,,10317,,,1,76,,10318,,,1,75,,10319,,,1,34,,10320,,,1,73,,10321,,,1,36,,10322,,,1,75,,10323,,,1,35,,10324,,,1,76,,10325,,,1,80,,10326,,,1,102,,10327,,,1,103,,10328,,,1,106,,10329,,,1
6030101,'152.0.1',450,,12357,,,1,60,,12358,,,1,20,,12359,,,1,19,,12360,,,1,57,,12361,,,1,16,,12362,,,1,18,,12363,,,1,18,,12364,,,1,58,,12365,,,1,18,,12366,,,1,22,,12367,,,1,58,,12368,,,1,24,,12369,,,1,18,,12370,,,1,58,,12371,,,1,13,,12372,,,1,18,,12373,,,1,61,,12374,,,1,22,,12375,,,1,22,,12376,,,1,65,,12377,,,1,22,,12378,,,1,22,,12379,,,1,62,,12380,,,1,22,,12381,,,1,62,,12382,,,1,22,,12383,,,1,24,,12384,,,1,62,,12385,,,1,22,,12386,,,1,22,,12387,,,1,62,,12388,,,1,19,,12389,,,1,16,,12390,,,1,56,,12391,,,1,16,,12392,,,1,16,,12393,,,1,16,,12394,,,1,56,,12395,,,1,16,,12396,,,1,16,,12397,,,1,56,,12398,,,1,16,,12399,,,1,16,,12400,,,1,11,,12401,,,1,56,,12402,,,1,16,,12403,,,1,16,,12404,,,1,19,,12405,,,1,70,,12406,,,1,26,,12407,,,1,70,,12408,,,1,30,,12409,,,1,70,,12410,,,1,28,,12411,,,1,80,,12412,,,1,80,,12413,,,1,38,,12414,,,1
6030101,'152.0.2',451,,12438,,,1,80,,12439,,,1,80,,12440,,,1,26,,12415,,,1,80,,12416,,,1,41,,12417,,,1,80,,12418,,,1,82,,12419,,,1,84,,12420,,,1,38,,12421,,,1,89,,12435,,,1,78,,12434,,,1,42,,12422,,,1,78,,12423,,,1,78,,12424,,,1,38,,12425,,,1,78,,12426,,,1,82,,12427,,,1,38,,12428,,,1,78,,12429,,,1,34,,12430,,,1,83,,12431,,,1,71,,12432,,,1,35,,12433,,,1,90,,12437,,,1,75,,12436,,,1,40,,12441,,,1,82,,12442,,,1,89,,12446,,,1,88,,12443,,,1,92,,12444,,,1,52,,12445,,,1
6030101,'152.0.3',635,,12472,,,1,76,,12473,,,1,35,,12474,,,1,68,,12447,,,1,36,,12448,,,1,79,,12449,,,1,83,,12458,,,1,44,,12450,,,1,84,,12451,,,1,82,,12452,,,1,81,,12453,,,1,46,,12454,,,1,83,,12455,,,1,78,,12456,,,1,42,,12457,,,1,84,,12468,,,1,79,,12459,,,1,35,,12460,,,1,76,,12461,,,1,32,,12462,,,1,76,,12463,,,1,76,,12464,,,1,31,,12465,,,1,78,,12466,,,1,33,,12467,,,1,93,,12469,,,1,106,,12470,,,1,105,,12471,,,1,146,,12475,,,1
6030101,'152.0.80',635,,12501,,,1,76,,12502,,,1,35,,12503,,,1,68,,12476,,,1,36,,12477,,,1,79,,12478,,,1,83,,12487,,,1,44,,12479,,,1,84,,12480,,,1,82,,12481,,,1,81,,12482,,,1,46,,12483,,,1,83,,12484,,,1,78,,12485,,,1,42,,12486,,,1,84,,12497,,,1,79,,12488,,,1,35,,12489,,,1,76,,12490,,,1,32,,12491,,,1,76,,12492,,,1,76,,12493,,,1,31,,12494,,,1,78,,12495,,,1,33,,12496,,,1,93,,12498,,,1,106,,12499,,,1,105,,12500,,,1,146,,12504,,,1
6030101,'152.0.81',635,,12530,,,1,76,,12531,,,1,35,,12532,,,1,68,,12505,,,1,36,,12506,,,1,79,,12507,,,1,83,,12516,,,1,44,,12508,,,1,84,,12509,,,1,82,,12510,,,1,81,,12511,,,1,46,,12512,,,1,83,,12513,,,1,78,,12514,,,1,42,,12515,,,1,84,,12526,,,1,79,,12517,,,1,35,,12518,,,1,76,,12519,,,1,32,,12520,,,1,76,,12521,,,1,76,,12522,,,1,31,,12523,,,1,78,,12524,,,1,33,,12525,,,1,93,,12527,,,1,106,,12528,,,1,105,,12529,,,1,146,,12533,,,1
