'146.0.1',9100,51900,4,'',1,2400,4,'',1,6400,4,'',1,2400,4,'',1,2800,4,'',1,6100,4,'',1,2700,4,'',1,7000,4,'',1,2500,4,'',1,6400,4,'',1,2000,4,'',1,2200,4,'',1,6400,4,'',1,2400,4,'',1,7600,4,'',1,4700,4,'',1,8600,4,'',1,8600,4,'',1,8600,4,'',1,1400,4,'',1,2200,4,'',1,8000,4,'',1,1900,4,'',1,6600,4,'',1,2600,4,'',1,7500,4,'',1,2600,4,'',1,6600,4,'',1,2200,4,'',1,2400,4,'',1,5800,4,'',1,2600,4,'',1,7100,4,'',1,3700,4,'',1,8100,4,'',1,8100,4,'',1,4200,4,'',1,8100,4,'',1,8200,4,'',1,4200,4,'',1
'146.0.1',9101,52200,,'',1,2400,,'',1,6400,,'',1,2400,,'',1,6800,,'',1,2100,,'',1,2700,,'',1,7100,,'',1,2400,,'',1,6400,,'',1,2000,,'',1,2200,,'',1,6400,,'',1,2400,,'',1,7600,,'',1,8700,,'',1,4600,,'',1,8600,,'',1,8600,,'',1,1400,,'',1,2200,,'',1,8000,,'',1,1900,,'',1,6600,,'',1,2600,,'',1,7500,,'',1,2600,,'',1,6600,,'',1,2200,,'',1,6400,,'',1,1800,,'',1,2600,,'',1,7100,,'',1,3700,,'',1,8100,,'',1,8100,,'',1,4200,,'',1,8100,,'',1
'146.0.2',9100,71700,4,'',1,9600,4,'',1,10100,4,'',1,9600,4,'',1,9600,4,'',1,10700,4,'',1,10200,4,'',1,10200,4,'',1,10200,4,'',1,10200,4,'',1,10200,4,'',1,10200,4,'',1,10200,4,'',1,9700,4,'',1,9000,4,'',1,9000,4,'',1,4400,4,'',1,9000,4,'',1
'146.0.2',9101,72500,,'',1,9600,,'',1,9600,,'',1,9600,,'',1,9600,,'',1,10700,,'',1,10200,,'',1,10200,,'',1,10200,,'',1,10200,,'',1,10200,,'',1,10200,,'',1,10200,,'',1,9700,,'',1,9000,,'',1,9000,,'',1,5000,,'',1,8400,,'',1
'146.0.3',9100,71900,4,'',1,10900,4,'',1,9000,4,'',1,8300,4,'',1,4300,4,'',1,8600,4,'',1,8300,4,'',1,4500,4,'',1,8300,4,'',1,8300,4,'',1,8300,4,'',1,4300,4,'',1,8300,4,'',1,8300,4,'',1,4300,4,'',1,8300,4,'',1,7700,4,'',1,3700,4,'',1,7500,4,'',1,7700,4,'',1,3700,4,'',1,7600,4,'',1,3700,4,'',1,9500,4,'',1,9600,4,'',1
'146.0.3',9101,72300,,'',1,10900,,'',1,9000,,'',1,8300,,'',1,4300,,'',1,8600,,'',1,8300,,'',1,8500,,'',1,4300,,'',1,8300,,'',1,8300,,'',1,4300,,'',1,8300,,'',1,8300,,'',1,8300,,'',1,4300,,'',1,7700,,'',1,7700,,'',1,3500,,'',1,7700,,'',1,3700,,'',1,7600,,'',1,7700,,'',1,5500,,'',1,9600,,'',1
'146.0.80',9100,71900,4,'',1,10900,4,'',1,9000,4,'',1,8300,4,'',1,4300,4,'',1,8600,4,'',1,8300,4,'',1,4500,4,'',1,8300,4,'',1,8300,4,'',1,8300,4,'',1,4300,4,'',1,8300,4,'',1,8300,4,'',1,4300,4,'',1,8300,4,'',1,7700,4,'',1,3700,4,'',1,7500,4,'',1,7700,4,'',1,3700,4,'',1,7600,4,'',1,3700,4,'',1,9500,4,'',1,9600,4,'',1
'146.0.80',9101,72300,,'',1,10900,,'',1,9000,,'',1,8300,,'',1,4300,,'',1,8600,,'',1,8300,,'',1,8500,,'',1,4300,,'',1,8300,,'',1,8300,,'',1,4300,,'',1,8300,,'',1,8300,,'',1,8300,,'',1,4300,,'',1,7700,,'',1,7700,,'',1,3500,,'',1,7700,,'',1,3700,,'',1,7600,,'',1,7700,,'',1,5500,,'',1,9600,,'',1
'146.0.81',9100,71900,4,'',1,10900,4,'',1,9000,4,'',1,8300,4,'',1,4300,4,'',1,8600,4,'',1,8300,4,'',1,4500,4,'',1,8300,4,'',1,8300,4,'',1,8300,4,'',1,4300,4,'',1,8300,4,'',1,8300,4,'',1,4300,4,'',1,8300,4,'',1,7700,4,'',1,3700,4,'',1,7500,4,'',1,7700,4,'',1,3700,4,'',1,7600,4,'',1,3700,4,'',1,9500,4,'',1,9600,4,'',1
'146.0.81',9101,72300,,'',1,10900,,'',1,9000,,'',1,8300,,'',1,4300,,'',1,8600,,'',1,8300,,'',1,8500,,'',1,4300,,'',1,8300,,'',1,8300,,'',1,4300,,'',1,8300,,'',1,8300,,'',1,8300,,'',1,4300,,'',1,7700,,'',1,7700,,'',1,3500,,'',1,7700,,'',1,3700,,'',1,7600,,'',1,7700,,'',1,5500,,'',1,9600,,'',1
'146.0.1',39101,70600,,'',1,2100,,'',1,2000,,'',1
'146.0.1',910101,62700,,'',1,2800,,'',1,6100,,'',1,2500,,'',1,6000,,'',1,3700,,'',1,6400,,'',1,2000,,'',1,2500,,'',1,6200,,'',1,2300,,'',1,2500,,'',1,8800,,'',1,8800,,'',1,8500,,'',1,8900,,'',1,4200,,'',1,6300,,'',1,4100,,'',1,6200,,'',1,2600,,'',1,6900,,'',1,2700,,'',1,6900,,'',1,2200,,'',1,2300,,'',1,6600,,'',1,2000,,'',1,6400,,'',1,3700,,'',1,8200,,'',1,3800,,'',1,7900,,'',1,8100,,'',1,8200,,'',1
'146.0.2',910101,84900,,'',1,10300,,'',1,9600,,'',1,9700,,'',1,10400,,'',1,10200,,'',1,10200,,'',1,10200,,'',1,10200,,'',1,10200,,'',1,14200,,'',1,10100,,'',1,5500,,'',1,8400,,'',1,9000,,'',1
'146.0.1',910201,65400,,'',1,8500,,'',1,8600,,'',1,8500,,'',1,71700,,'',1,8800,,'',1,8500,,'',1,4400,,'',1,8500,,'',1
