9601,'1',530,,31339,70,,,1,72,,31340,70,,,1,29,,31341,70,,,1,70,,31342,70,,,1,42,,31343,70,,,1,76,,31344,70,,,1,38,,31345,70,,,1,67,,31346,70,,,1,32,,31347,70,,,1,71,,31348,70,,,1,79,,31349,70,,,1,38,,31350,66,,,1,83,,31351,66,,,1,75,,31352,66,,,1,32,,31353,66,,,1,86,,31354,66,,,1,82,,31355,66,,,1,21,,31374,66,,,1,18,,31356,66,,,1,71,,31357,66,,,1,27,,31358,66,,,1,71,,31359,70,,,1,27,,31360,70,,,1,65,,31361,70,,,1,23,,31362,70,,,1,17,,31363,70,,,1,65,,31364,70,,,1,25,,31365,70,,,1,25,,31366,70,,,1,61,,31367,66,,,1,25,,31368,66,,,1,67,,31369,66,,,1,30,,31370,66,,,1,70,,31371,66,,,1,30,,31372,66,,,1,64,,31373,66,,,1
9601,'2',856,,31375,66,,,1,99,,31376,66,,,1,101,,31377,66,,,1,99,,31378,66,,,1,99,,31379,66,,,1,97,,31380,66,,,1,99,,31381,66,,,1,99,,31382,66,,,1,99,,31383,66,,,1,99,,31384,66,,,1,88,,31385,66,,,1,90,,31386,66,,,1,97,,31387,66,,,1
9601,'3',955,,31388,66,,,1,94,,31389,66,,,1,94,,31390,66,,,1,94,,31391,66,,,1,94,,31392,66,,,1,94,,31393,66,,,1,96,,31394,66,,,1,94,,31395,66,,,1,89,,31396,66,,,1,54,,31397,66,,,1,92,,31398,66,,,1,94,,31399,66,,,1
9601,'74',856,,31400,66,,,1,99,,31401,66,,,1,101,,31402,66,,,1,99,,31403,66,,,1,99,,31404,66,,,1,97,,31405,66,,,1,99,,31406,66,,,1,99,,31407,66,,,1,99,,31408,66,,,1,99,,31409,66,,,1,88,,31410,66,,,1,90,,31411,66,,,1,97,,31412,66,,,1
9601,'80',955,,31413,66,,,1,94,,31414,66,,,1,94,,31415,66,,,1,94,,31416,66,,,1,94,,31417,66,,,1,94,,31418,66,,,1,96,,31419,66,,,1,94,,31420,66,,,1,89,,31421,66,,,1,54,,31422,66,,,1,92,,31423,66,,,1,94,,31424,66,,,1
10701,'1',524,,32420,13,,,1,24,,32419,13,,,1,67,,32418,13,,,1,24,,32417,13,,,1,64,,32416,13,,,1,17,,32415,13,,,1,20,,32414,13,,,1,12,,32413,13,,,1,61,,32412,13,,,1,16,,32411,13,,,1,16,,32410,13,,,1,10,,32409,13,,,1,85,,32398,13,,,1,80,,32405,13,,,1,82,,32404,13,,,1,42,,32403,13,,,1,82,,32402,13,,,1,87,,32401,13,,,1,42,,32400,13,,,1,68,,32408,13,,,1,14,,32399,13,,,1,63,,32397,13,,,1,18,,32396,13,,,1,18,,32395,13,,,1,18,,32394,13,,,1,62,,32393,13,,,1,18,,32392,13,,,1,18,,32391,13,,,1,63,,32390,13,,,1,18,,32389,13,,,1,18,,32388,13,,,1,55,,32387,13,,,1,17,,32386,13,,,1,18,,32434,13,,,1,66,,32433,13,,,1,18,,32421,13,,,1,78,,32435,13,,,1,41,,32432,13,,,1,76,,32431,13,,,1,38,,32430,13,,,1,73,,32429,13,,,1,74,,32428,13,,,1,34,,32427,13,,,1,74,,32426,13,,,1,34,,32425,13,,,1,74,,32424,13,,,1,34,,32423,13,,,1,74,,32422,13,,,1
10701,'2',659,,32463,13,,,1,79,,32464,13,,,1,77,,32465,13,,,1,37,,32466,13,,,1,77,,32467,13,,,1,77,,32468,13,,,1,37,,32469,13,,,1,77,,32470,13,,,1,37,,32471,13,,,1,77,,32472,13,,,1,76,,32440,13,,,1,37,,32441,13,,,1,76,,32443,13,,,1,77,,32444,13,,,1,37,,32445,13,,,1,77,,32446,13,,,1,35,,32447,13,,,1,77,,32448,13,,,1,77,,32449,13,,,1,37,,32450,13,,,1,77,,32451,13,,,1,37,,32452,13,,,1,77,,32453,13,,,1,77,,32454,13,,,1,37,,32455,13,,,1,77,,32442,13,,,1,37,,32456,13,,,1,77,,32457,13,,,1,77,,32458,13,,,1,37,,32459,13,,,1,76,,32439,13,,,1,75,,32460,13,,,1
10701,'3',738,,32485,13,,,1,77,,32486,13,,,1,34,,32487,13,,,1,77,,32488,13,,,1,78,,32489,13,,,1,37,,32490,13,,,1,77,,32484,13,,,1,37,,32491,13,,,1,77,,32492,13,,,1,77,,32493,13,,,1,37,,32494,13,,,1,77,,32495,13,,,1,35,,32496,13,,,1,77,,32497,13,,,1,77,,32498,13,,,1,37,,32500,13,,,1,77,,32501,13,,,1,77,,32499,13,,,1,37,,32481,13,,,1,77,,32502,13,,,1,37,,32503,13,,,1,77,,32504,13,,,1,77,,32505,13,,,1,37,,32473,13,,,1,77,,32474,13,,,1,37,,32475,13,,,1,77,,32476,13,,,1,77,,32477,13,,,1,36,,32478,13,,,1,77,,32479,13,,,1,77,,32480,13,,,1
10701,'74',659,,32530,13,,,1,79,,32531,13,,,1,77,,32532,13,,,1,37,,32533,13,,,1,77,,32534,13,,,1,77,,32535,13,,,1,37,,32536,13,,,1,77,,32537,13,,,1,37,,32538,13,,,1,77,,32539,13,,,1,76,,32507,13,,,1,37,,32508,13,,,1,76,,32510,13,,,1,77,,32511,13,,,1,37,,32512,13,,,1,77,,32513,13,,,1,35,,32514,13,,,1,77,,32515,13,,,1,77,,32516,13,,,1,37,,32517,13,,,1,77,,32518,13,,,1,37,,32519,13,,,1,77,,32520,13,,,1,77,,32521,13,,,1,37,,32522,13,,,1,77,,32509,13,,,1,37,,32523,13,,,1,77,,32524,13,,,1,77,,32525,13,,,1,37,,32526,13,,,1,76,,32506,13,,,1,75,,32527,13,,,1
10701,'80',738,,32552,13,,,1,77,,32553,13,,,1,34,,32554,13,,,1,77,,32555,13,,,1,78,,32556,13,,,1,37,,32557,13,,,1,77,,32551,13,,,1,37,,32558,13,,,1,77,,32559,13,,,1,77,,32560,13,,,1,37,,32561,13,,,1,77,,32562,13,,,1,35,,32563,13,,,1,77,,32564,13,,,1,77,,32565,13,,,1,37,,32567,13,,,1,77,,32568,13,,,1,77,,32566,13,,,1,37,,32548,13,,,1,77,,32569,13,,,1,37,,32570,13,,,1,77,,32571,13,,,1,77,,32572,13,,,1,37,,32540,13,,,1,77,,32541,13,,,1,37,,32542,13,,,1,77,,32543,13,,,1,77,,32544,13,,,1,36,,32545,13,,,1,77,,32546,13,,,1,77,,32547,13,,,1
46201,'35294.1',1605,,34037,32,,,1,5,,34038,32,,,1
